0.010000 0 0
0.010000 1 0
0.010000 2 0
0.010000 3 0
0.010000 4 0
0.010000 5 0
0.010000 6 0
0.010000 7 0
0.010000 8 0
0.010000 9 0
0.010000 10 0
0.010000 11 0
0.010000 12 0
0.010000 13 0
0.010000 14 0
0.010000 15 0
0.010000 16 0
0.010000 17 0
0.010000 18 0
0.010000 19 0
1.010000 0 0
1.010000 1 0
1.010000 2 0
1.010000 3 0
1.010000 4 0
1.010000 5 0
1.010000 6 0
1.010000 7 0
1.010000 8 0
1.010000 9 0
1.010000 10 0
1.010000 11 0
1.010000 12 0
1.010000 13 0
1.010000 14 0
1.010000 15 0
1.010000 16 0
1.010000 17 0
1.010000 18 0
1.010000 19 0
2.010000 0 0
2.010000 1 0
2.010000 2 0
2.010000 3 0
2.010000 4 0
2.010000 5 0
2.010000 6 0
2.010000 7 0
2.010000 8 0
2.010000 9 0
2.010000 10 0
2.010000 11 0
2.010000 12 0
2.010000 13 0
2.010000 14 0
2.010000 15 0
2.010000 16 0
2.010000 17 0
2.010000 18 0
2.010000 19 0
3.010000 0 0
3.010000 1 0
3.010000 2 0
3.010000 3 0
3.010000 4 0
3.010000 5 0
3.010000 6 0
3.010000 7 0
3.010000 8 0
3.010000 9 0
3.010000 10 0
3.010000 11 0
3.010000 12 0
3.010000 13 0
3.010000 14 0
3.010000 15 0
3.010000 16 0
3.010000 17 0
3.010000 18 0
3.010000 19 0
4.010000 0 0
4.010000 1 0
4.010000 2 0
4.010000 3 0
4.010000 4 0
4.010000 5 0
4.010000 6 0
4.010000 7 0
4.010000 8 0
4.010000 9 0
4.010000 10 0
4.010000 11 0
4.010000 12 0
4.010000 13 0
4.010000 14 0
4.010000 15 0
4.010000 16 0
4.010000 17 0
4.010000 18 0
4.010000 19 0
5.010000 0 0
5.010000 1 0
5.010000 2 0
5.010000 3 0
5.010000 4 0
5.010000 5 0
5.010000 6 0
5.010000 7 0
5.010000 8 0
5.010000 9 0
5.010000 10 0
5.010000 11 0
5.010000 12 0
5.010000 13 0
5.010000 14 0
5.010000 15 0
5.010000 16 0
5.010000 17 0
5.010000 18 0
5.010000 19 0
6.010000 0 0
6.010000 1 0
6.010000 2 0
6.010000 3 0
6.010000 4 0
6.010000 5 0
6.010000 6 0
6.010000 7 0
6.010000 8 0
6.010000 9 0
6.010000 10 0
6.010000 11 0
6.010000 12 0
6.010000 13 0
6.010000 14 0
6.010000 15 0
6.010000 16 0
6.010000 17 0
6.010000 18 0
6.010000 19 0
7.010000 0 0
7.010000 1 0
7.010000 2 0
7.010000 3 0
7.010000 4 0
7.010000 5 0
7.010000 6 0
7.010000 7 0
7.010000 8 0
7.010000 9 0
7.010000 10 0
7.010000 11 0
7.010000 12 0
7.010000 13 0
7.010000 14 0
7.010000 15 0
7.010000 16 0
7.010000 17 0
7.010000 18 0
7.010000 19 0
8.010000 0 0
8.010000 1 0
8.010000 2 0
8.010000 3 0
8.010000 4 0
8.010000 5 0
8.010000 6 0
8.010000 7 0
8.010000 8 0
8.010000 9 0
8.010000 10 0
8.010000 11 0
8.010000 12 0
8.010000 13 0
8.010000 14 0
8.010000 15 0
8.010000 16 0
8.010000 17 0
8.010000 18 0
8.010000 19 0
9.010000 0 0
9.010000 1 0
9.010000 2 0
9.010000 3 0
9.010000 4 0
9.010000 5 0
9.010000 6 0
9.010000 7 0
9.010000 8 0
9.010000 9 0
9.010000 10 0
9.010000 11 0
9.010000 12 0
9.010000 13 0
9.010000 14 0
9.010000 15 0
9.010000 16 0
9.010000 17 0
9.010000 18 0
9.010000 19 0
10.010000 0 0
10.010000 1 0
10.010000 2 0
10.010000 3 0
10.010000 4 0
10.010000 5 0
10.010000 6 0
10.010000 7 0
10.010000 8 0
10.010000 9 0
10.010000 10 0
10.010000 11 0
10.010000 12 0
10.010000 13 0
10.010000 14 0
10.010000 15 0
10.010000 16 0
10.010000 17 0
10.010000 18 0
10.010000 19 0
11.010000 0 0
11.010000 1 0
11.010000 2 0
11.010000 3 0
11.010000 4 0
11.010000 5 0
11.010000 6 0
11.010000 7 0
11.010000 8 0
11.010000 9 0
11.010000 10 0
11.010000 11 0
11.010000 12 0
11.010000 13 0
11.010000 14 0
11.010000 15 0
11.010000 16 0
11.010000 17 0
11.010000 18 0
11.010000 19 0
12.010000 0 0
12.010000 1 0
12.010000 2 0
12.010000 3 0
12.010000 4 0
12.010000 5 0
12.010000 6 0
12.010000 7 0
12.010000 8 0
12.010000 9 0
12.010000 10 0
12.010000 11 0
12.010000 12 0
12.010000 13 0
12.010000 14 0
12.010000 15 0
12.010000 16 0
12.010000 17 0
12.010000 18 0
12.010000 19 0
13.010000 0 0
13.010000 1 0
13.010000 2 0
13.010000 3 0
13.010000 4 0
13.010000 5 0
13.010000 6 0
13.010000 7 0
13.010000 8 0
13.010000 9 0
13.010000 10 0
13.010000 11 0
13.010000 12 0
13.010000 13 0
13.010000 14 0
13.010000 15 0
13.010000 16 0
13.010000 17 0
13.010000 18 0
13.010000 19 0
14.010000 0 0
14.010000 1 0
14.010000 2 0
14.010000 3 0
14.010000 4 0
14.010000 5 0
14.010000 6 0
14.010000 7 0
14.010000 8 0
14.010000 9 0
14.010000 10 0
14.010000 11 0
14.010000 12 0
14.010000 13 0
14.010000 14 0
14.010000 15 0
14.010000 16 0
14.010000 17 0
14.010000 18 0
14.010000 19 0
15.010000 0 0
15.010000 1 1
15.010000 2 1
15.010000 3 1
15.010000 4 1
15.010000 5 1
15.010000 6 1
15.010000 7 1
15.010000 8 1
15.010000 9 1
15.010000 10 1
15.010000 11 1
15.010000 12 1
15.010000 13 1
15.010000 14 1
15.010000 15 1
15.010000 16 1
15.010000 17 1
15.010000 18 1
15.010000 19 1
16.010000 0 531
16.010000 1 686
16.010000 2 682
16.010000 3 686
16.010000 4 686
16.010000 5 686
16.010000 6 686
16.010000 7 686
16.010000 8 682
16.010000 9 685
16.010000 10 686
16.010000 11 372
16.010000 12 686
16.010000 13 682
16.010000 14 681
16.010000 15 686
16.010000 16 682
16.010000 17 674
16.010000 18 526
16.010000 19 682
17.010000 0 489
17.010000 1 655
17.010000 2 655
17.010000 3 655
17.010000 4 655
17.010000 5 655
17.010000 6 655
17.010000 7 655
17.010000 8 655
17.010000 9 655
17.010000 10 655
17.010000 11 327
17.010000 12 655
17.010000 13 655
17.010000 14 655
17.010000 15 655
17.010000 16 655
17.010000 17 655
17.010000 18 494
17.010000 19 655
18.010000 0 476
18.010000 1 641
18.010000 2 641
18.010000 3 641
18.010000 4 641
18.010000 5 641
18.010000 6 641
18.010000 7 641
18.010000 8 641
18.010000 9 641
18.010000 10 641
18.010000 11 321
18.010000 12 641
18.010000 13 641
18.010000 14 641
18.010000 15 641
18.010000 16 641
18.010000 17 641
18.010000 18 485
18.010000 19 641
19.010000 0 512
19.010000 1 682
19.010000 2 682
19.010000 3 682
19.010000 4 682
19.010000 5 682
19.010000 6 682
19.010000 7 682
19.010000 8 682
19.010000 9 682
19.010000 10 682
19.010000 11 341
19.010000 12 682
19.010000 13 682
19.010000 14 682
19.010000 15 682
19.010000 16 682
19.010000 17 682
19.010000 18 511
19.010000 19 682
20.010000 0 480
20.010000 1 644
20.010000 2 644
20.010000 3 644
20.010000 4 644
20.010000 5 644
20.010000 6 644
20.010000 7 644
20.010000 8 644
20.010000 9 644
20.010000 10 644
20.010000 11 322
20.010000 12 644
20.010000 13 644
20.010000 14 644
20.010000 15 644
20.010000 16 644
20.010000 17 644
20.010000 18 486
20.010000 19 644
21.010000 0 490
21.010000 1 652
21.010000 2 652
21.010000 3 652
21.010000 4 652
21.010000 5 652
21.010000 6 652
21.010000 7 652
21.010000 8 652
21.010000 9 652
21.010000 10 652
21.010000 11 325
21.010000 12 652
21.010000 13 652
21.010000 14 652
21.010000 15 652
21.010000 16 652
21.010000 17 652
21.010000 18 489
21.010000 19 652
22.010000 0 508
22.010000 1 674
22.010000 2 674
22.010000 3 674
22.010000 4 674
22.010000 5 674
22.010000 6 674
22.010000 7 674
22.010000 8 674
22.010000 9 674
22.010000 10 674
22.010000 11 337
22.010000 12 674
22.010000 13 674
22.010000 14 674
22.010000 15 674
22.010000 16 674
22.010000 17 674
22.010000 18 503
22.010000 19 674
23.010000 0 493
23.010000 1 648
23.010000 2 648
23.010000 3 648
23.010000 4 648
23.010000 5 648
23.010000 6 648
23.010000 7 648
23.010000 8 648
23.010000 9 648
23.010000 10 648
23.010000 11 325
23.010000 12 648
23.010000 13 648
23.010000 14 648
23.010000 15 648
23.010000 16 648
23.010000 17 648
23.010000 18 478
23.010000 19 648
24.010000 0 484
24.010000 1 656
24.010000 2 656
24.010000 3 656
24.010000 4 656
24.010000 5 656
24.010000 6 656
24.010000 7 656
24.010000 8 656
24.010000 9 656
24.010000 10 656
24.010000 11 328
24.010000 12 656
24.010000 13 656
24.010000 14 656
24.010000 15 656
24.010000 16 656
24.010000 17 656
24.010000 18 500
24.010000 19 656
25.010000 0 487
25.010000 1 651
25.010000 2 651
25.010000 3 651
25.010000 4 651
25.010000 5 651
25.010000 6 651
25.010000 7 651
25.010000 8 651
25.010000 9 651
25.010000 10 651
25.010000 11 325
25.010000 12 651
25.010000 13 651
25.010000 14 651
25.010000 15 651
25.010000 16 651
25.010000 17 651
25.010000 18 490
25.010000 19 651
26.010000 0 505
26.010000 1 671
26.010000 2 671
26.010000 3 671
26.010000 4 671
26.010000 5 671
26.010000 6 671
26.010000 7 671
26.010000 8 671
26.010000 9 671
26.010000 10 671
26.010000 11 336
26.010000 12 671
26.010000 13 671
26.010000 14 671
26.010000 15 671
26.010000 16 671
26.010000 17 671
26.010000 18 501
26.010000 19 671
27.010000 0 508
27.010000 1 664
27.010000 2 664
27.010000 3 664
27.010000 4 664
27.010000 5 664
27.010000 6 664
27.010000 7 664
27.010000 8 664
27.010000 9 664
27.010000 10 664
27.010000 11 332
27.010000 12 664
27.010000 13 664
27.010000 14 664
27.010000 15 664
27.010000 16 664
27.010000 17 664
27.010000 18 488
27.010000 19 664
28.010000 0 482
28.010000 1 658
28.010000 2 658
28.010000 3 658
28.010000 4 658
28.010000 5 658
28.010000 6 658
28.010000 7 658
28.010000 8 658
28.010000 9 658
28.010000 10 658
28.010000 11 329
28.010000 12 658
28.010000 13 658
28.010000 14 658
28.010000 15 658
28.010000 16 658
28.010000 17 658
28.010000 18 505
28.010000 19 658
29.010000 0 489
29.010000 1 650
29.010000 2 650
29.010000 3 650
29.010000 4 650
29.010000 5 650
29.010000 6 650
29.010000 7 650
29.010000 8 650
29.010000 9 650
29.010000 10 650
29.010000 11 324
29.010000 12 650
29.010000 13 650
29.010000 14 650
29.010000 15 650
29.010000 16 650
29.010000 17 650
29.010000 18 487
29.010000 19 650
30.010000 0 496
30.010000 1 668
30.010000 2 668
30.010000 3 668
30.010000 4 668
30.010000 5 668
30.010000 6 668
30.010000 7 668
30.010000 8 668
30.010000 9 668
30.010000 10 668
30.010000 11 335
30.010000 12 668
30.010000 13 668
30.010000 14 668
30.010000 15 668
30.010000 16 668
30.010000 17 668
30.010000 18 505
30.010000 19 668
31.010000 0 496
31.010000 1 656
31.010000 2 656
31.010000 3 656
31.010000 4 656
31.010000 5 656
31.010000 6 656
31.010000 7 656
31.010000 8 656
31.010000 9 656
31.010000 10 656
31.010000 11 328
31.010000 12 656
31.010000 13 656
31.010000 14 656
31.010000 15 656
31.010000 16 656
31.010000 17 656
31.010000 18 488
31.010000 19 656
32.010000 0 509
32.010000 1 676
32.010000 2 676
32.010000 3 676
32.010000 4 676
32.010000 5 676
32.010000 6 676
32.010000 7 676
32.010000 8 676
32.010000 9 676
32.010000 10 676
32.010000 11 337
32.010000 12 676
32.010000 13 676
32.010000 14 676
32.010000 15 676
32.010000 16 676
32.010000 17 676
32.010000 18 506
32.010000 19 676
33.010000 0 490
33.010000 1 654
33.010000 2 654
33.010000 3 654
33.010000 4 654
33.010000 5 654
33.010000 6 654
33.010000 7 654
33.010000 8 654
33.010000 9 654
33.010000 10 654
33.010000 11 328
33.010000 12 654
33.010000 13 654
33.010000 14 654
33.010000 15 654
33.010000 16 654
33.010000 17 654
33.010000 18 490
33.010000 19 654
34.010000 0 494
34.010000 1 658
34.010000 2 658
34.010000 3 658
34.010000 4 658
34.010000 5 658
34.010000 6 658
34.010000 7 658
34.010000 8 658
34.010000 9 658
34.010000 10 658
34.010000 11 328
34.010000 12 658
34.010000 13 658
34.010000 14 658
34.010000 15 658
34.010000 16 658
34.010000 17 658
34.010000 18 494
34.010000 19 658
35.010000 0 497
35.010000 1 658
35.010000 2 658
35.010000 3 658
35.010000 4 658
35.010000 5 658
35.010000 6 658
35.010000 7 658
35.010000 8 658
35.010000 9 658
35.010000 10 658
35.010000 11 329
35.010000 12 658
35.010000 13 658
35.010000 14 658
35.010000 15 658
35.010000 16 658
35.010000 17 658
35.010000 18 490
35.010000 19 658
36.010000 0 493
36.010000 1 660
36.010000 2 660
36.010000 3 660
36.010000 4 660
36.010000 5 660
36.010000 6 660
36.010000 7 660
36.010000 8 660
36.010000 9 660
36.010000 10 660
36.010000 11 330
36.010000 12 660
36.010000 13 660
36.010000 14 660
36.010000 15 660
36.010000 16 660
36.010000 17 660
36.010000 18 497
36.010000 19 660
37.010000 0 492
37.010000 1 656
37.010000 2 656
37.010000 3 656
37.010000 4 656
37.010000 5 656
37.010000 6 656
37.010000 7 656
37.010000 8 656
37.010000 9 656
37.010000 10 656
37.010000 11 328
37.010000 12 656
37.010000 13 656
37.010000 14 656
37.010000 15 656
37.010000 16 656
37.010000 17 656
37.010000 18 492
37.010000 19 656
38.010000 0 490
38.010000 1 662
38.010000 2 662
38.010000 3 662
38.010000 4 662
38.010000 5 662
38.010000 6 662
38.010000 7 662
38.010000 8 662
38.010000 9 662
38.010000 10 662
38.010000 11 332
38.010000 12 662
38.010000 13 662
38.010000 14 662
38.010000 15 662
38.010000 16 662
38.010000 17 662
38.010000 18 502
38.010000 19 662
39.010000 0 475
39.010000 1 622
39.010000 2 622
39.010000 3 622
39.010000 4 622
39.010000 5 622
39.010000 6 622
39.010000 7 622
39.010000 8 622
39.010000 9 622
39.010000 10 622
39.010000 11 310
39.010000 12 622
39.010000 13 622
39.010000 14 622
39.010000 15 622
39.010000 16 622
39.010000 17 622
39.010000 18 459
39.010000 19 622
40.010000 0 518
40.010000 1 700
40.010000 2 700
40.010000 3 700
40.010000 4 700
40.010000 5 700
40.010000 6 700
40.010000 7 700
40.010000 8 700
40.010000 9 700
40.010000 10 700
40.010000 11 350
40.010000 12 700
40.010000 13 700
40.010000 14 700
40.010000 15 700
40.010000 16 700
40.010000 17 700
40.010000 18 532
40.010000 19 700
41.010000 0 492
41.010000 1 654
41.010000 2 654
41.010000 3 654
41.010000 4 654
41.010000 5 654
41.010000 6 654
41.010000 7 654
41.010000 8 654
41.010000 9 654
41.010000 10 654
41.010000 11 328
41.010000 12 654
41.010000 13 654
41.010000 14 654
41.010000 15 654
41.010000 16 654
41.010000 17 654
41.010000 18 488
41.010000 19 654
42.010000 0 497
42.010000 1 664
42.010000 2 664
42.010000 3 664
42.010000 4 664
42.010000 5 664
42.010000 6 664
42.010000 7 664
42.010000 8 664
42.010000 9 664
42.010000 10 664
42.010000 11 331
42.010000 12 664
42.010000 13 664
42.010000 14 664
42.010000 15 664
42.010000 16 664
42.010000 17 664
42.010000 18 500
42.010000 19 664
43.010000 0 503
43.010000 1 664
43.010000 2 664
43.010000 3 664
43.010000 4 664
43.010000 5 664
43.010000 6 664
43.010000 7 664
43.010000 8 664
43.010000 9 664
43.010000 10 664
43.010000 11 332
43.010000 12 664
43.010000 13 664
43.010000 14 664
43.010000 15 664
43.010000 16 664
43.010000 17 664
43.010000 18 493
43.010000 19 664
44.010000 0 497
44.010000 1 668
44.010000 2 668
44.010000 3 668
44.010000 4 668
44.010000 5 668
44.010000 6 668
44.010000 7 668
44.010000 8 668
44.010000 9 668
44.010000 10 668
44.010000 11 335
44.010000 12 668
44.010000 13 668
44.010000 14 668
44.010000 15 668
44.010000 16 668
44.010000 17 668
44.010000 18 504
44.010000 19 668
45.010000 0 496
45.010000 1 664
45.010000 2 664
45.010000 3 664
45.010000 4 664
45.010000 5 664
45.010000 6 664
45.010000 7 664
45.010000 8 664
45.010000 9 664
45.010000 10 664
45.010000 11 332
45.010000 12 664
45.010000 13 664
45.010000 14 664
45.010000 15 664
45.010000 16 664
45.010000 17 664
45.010000 18 500
45.010000 19 664
46.010000 0 498
46.010000 1 654
46.010000 2 654
46.010000 3 654
46.010000 4 654
46.010000 5 654
46.010000 6 654
46.010000 7 654
46.010000 8 654
46.010000 9 654
46.010000 10 654
46.010000 11 327
46.010000 12 654
46.010000 13 654
46.010000 14 654
46.010000 15 654
46.010000 16 654
46.010000 17 654
46.010000 18 483
46.010000 19 654
47.010000 0 495
47.010000 1 662
47.010000 2 662
47.010000 3 662
47.010000 4 662
47.010000 5 662
47.010000 6 662
47.010000 7 662
47.010000 8 662
47.010000 9 662
47.010000 10 662
47.010000 11 331
47.010000 12 662
47.010000 13 662
47.010000 14 662
47.010000 15 662
47.010000 16 662
47.010000 17 662
47.010000 18 498
47.010000 19 662
48.010000 0 492
48.010000 1 660
48.010000 2 660
48.010000 3 660
48.010000 4 660
48.010000 5 660
48.010000 6 660
48.010000 7 660
48.010000 8 660
48.010000 9 660
48.010000 10 660
48.010000 11 330
48.010000 12 660
48.010000 13 660
48.010000 14 660
48.010000 15 660
48.010000 16 660
48.010000 17 660
48.010000 18 498
48.010000 19 660
49.010000 0 496
49.010000 1 662
49.010000 2 662
49.010000 3 662
49.010000 4 662
49.010000 5 662
49.010000 6 662
49.010000 7 662
49.010000 8 662
49.010000 9 662
49.010000 10 662
49.010000 11 331
49.010000 12 662
49.010000 13 662
49.010000 14 662
49.010000 15 662
49.010000 16 662
49.010000 17 662
49.010000 18 497
49.010000 19 662
50.010000 0 508
50.010000 1 666
50.010000 2 666
50.010000 3 666
50.010000 4 666
50.010000 5 666
50.010000 6 666
50.010000 7 666
50.010000 8 666
50.010000 9 666
50.010000 10 666
50.010000 11 332
50.010000 12 666
50.010000 13 666
50.010000 14 666
50.010000 15 666
50.010000 16 666
50.010000 17 666
50.010000 18 492
50.010000 19 666
51.010000 0 493
51.010000 1 664
51.010000 2 664
51.010000 3 664
51.010000 4 664
51.010000 5 664
51.010000 6 664
51.010000 7 664
51.010000 8 664
51.010000 9 664
51.010000 10 664
51.010000 11 333
51.010000 12 664
51.010000 13 664
51.010000 14 664
51.010000 15 664
51.010000 16 664
51.010000 17 664
51.010000 18 502
51.010000 19 664
52.010000 0 498
52.010000 1 662
52.010000 2 662
52.010000 3 662
52.010000 4 662
52.010000 5 662
52.010000 6 662
52.010000 7 662
52.010000 8 662
52.010000 9 662
52.010000 10 662
52.010000 11 330
52.010000 12 662
52.010000 13 662
52.010000 14 662
52.010000 15 662
52.010000 16 662
52.010000 17 662
52.010000 18 496
52.010000 19 662
53.010000 0 489
53.010000 1 658
53.010000 2 658
53.010000 3 658
53.010000 4 658
53.010000 5 658
53.010000 6 658
53.010000 7 658
53.010000 8 658
53.010000 9 658
53.010000 10 658
53.010000 11 329
53.010000 12 658
53.010000 13 658
53.010000 14 658
53.010000 15 658
53.010000 16 658
53.010000 17 658
53.010000 18 498
53.010000 19 658
54.010000 0 524
54.010000 1 689
54.010000 2 689
54.010000 3 689
54.010000 4 689
54.010000 5 689
54.010000 6 689
54.010000 7 689
54.010000 8 689
54.010000 9 689
54.010000 10 689
54.010000 11 345
54.010000 12 689
54.010000 13 689
54.010000 14 689
54.010000 15 689
54.010000 16 689
54.010000 17 689
54.010000 18 509
54.010000 19 689
55.010000 0 460
55.010000 1 627
55.010000 2 627
55.010000 3 627
55.010000 4 627
55.010000 5 627
55.010000 6 627
55.010000 7 627
55.010000 8 627
55.010000 9 627
55.010000 10 627
55.010000 11 314
55.010000 12 627
55.010000 13 627
55.010000 14 627
55.010000 15 627
55.010000 16 627
55.010000 17 627
55.010000 18 480
55.010000 19 627
56.010000 0 512
56.010000 1 682
56.010000 2 682
56.010000 3 682
56.010000 4 682
56.010000 5 682
56.010000 6 682
56.010000 7 682
56.010000 8 682
56.010000 9 682
56.010000 10 682
56.010000 11 341
56.010000 12 682
56.010000 13 682
56.010000 14 682
56.010000 15 682
56.010000 16 682
56.010000 17 682
56.010000 18 511
56.010000 19 682
57.010000 0 484
57.010000 1 650
57.010000 2 650
57.010000 3 650
57.010000 4 650
57.010000 5 650
57.010000 6 650
57.010000 7 650
57.010000 8 650
57.010000 9 650
57.010000 10 650
57.010000 11 324
57.010000 12 650
57.010000 13 650
57.010000 14 650
57.010000 15 650
57.010000 16 650
57.010000 17 650
57.010000 18 492
57.010000 19 650
58.010000 0 511
58.010000 1 670
58.010000 2 670
58.010000 3 670
58.010000 4 670
58.010000 5 670
58.010000 6 670
58.010000 7 670
58.010000 8 670
58.010000 9 670
58.010000 10 670
58.010000 11 336
58.010000 12 670
58.010000 13 670
58.010000 14 670
58.010000 15 670
58.010000 16 670
58.010000 17 670
58.010000 18 493
58.010000 19 670
59.010000 0 498
59.010000 1 650
59.010000 2 650
59.010000 3 650
59.010000 4 650
59.010000 5 650
59.010000 6 650
59.010000 7 650
59.010000 8 650
59.010000 9 650
59.010000 10 650
59.010000 11 324
59.010000 12 650
59.010000 13 650
59.010000 14 650
59.010000 15 650
59.010000 16 650
59.010000 17 650
59.010000 18 478
59.010000 19 650
60.010000 0 497
60.010000 1 676
60.010000 2 676
60.010000 3 676
60.010000 4 676
60.010000 5 676
60.010000 6 676
60.010000 7 676
60.010000 8 676
60.010000 9 676
60.010000 10 676
60.010000 11 339
60.010000 12 676
60.010000 13 676
60.010000 14 676
60.010000 15 676
60.010000 16 676
60.010000 17 676
60.010000 18 516
60.010000 19 676
61.010000 0 489
61.010000 1 646
61.010000 2 646
61.010000 3 646
61.010000 4 646
61.010000 5 646
61.010000 6 646
61.010000 7 646
61.010000 8 646
61.010000 9 646
61.010000 10 646
61.010000 11 323
61.010000 12 646
61.010000 13 646
61.010000 14 646
61.010000 15 646
61.010000 16 646
61.010000 17 646
61.010000 18 480
61.010000 19 646
62.010000 0 494
62.010000 1 662
62.010000 2 662
62.010000 3 662
62.010000 4 662
62.010000 5 662
62.010000 6 662
62.010000 7 662
62.010000 8 662
62.010000 9 662
62.010000 10 662
62.010000 11 331
62.010000 12 662
62.010000 13 662
62.010000 14 662
62.010000 15 662
62.010000 16 662
62.010000 17 662
62.010000 18 499
62.010000 19 662
63.010000 0 486
63.010000 1 658
63.010000 2 658
63.010000 3 658
63.010000 4 658
63.010000 5 658
63.010000 6 658
63.010000 7 658
63.010000 8 658
63.010000 9 658
63.010000 10 658
63.010000 11 328
63.010000 12 658
63.010000 13 658
63.010000 14 658
63.010000 15 658
63.010000 16 658
63.010000 17 658
63.010000 18 502
63.010000 19 658
64.010000 0 509
64.010000 1 674
64.010000 2 674
64.010000 3 674
64.010000 4 674
64.010000 5 674
64.010000 6 674
64.010000 7 674
64.010000 8 674
64.010000 9 674
64.010000 10 674
64.010000 11 338
64.010000 12 674
64.010000 13 674
64.010000 14 674
64.010000 15 674
64.010000 16 674
64.010000 17 674
64.010000 18 501
64.010000 19 674
65.010000 0 482
65.010000 1 644
65.010000 2 644
65.010000 3 644
65.010000 4 644
65.010000 5 644
65.010000 6 644
65.010000 7 644
65.010000 8 644
65.010000 9 644
65.010000 10 644
65.010000 11 321
65.010000 12 644
65.010000 13 644
65.010000 14 644
65.010000 15 644
65.010000 16 644
65.010000 17 644
65.010000 18 485
65.010000 19 644
66.010000 0 493
66.010000 1 662
66.010000 2 662
66.010000 3 662
66.010000 4 662
66.010000 5 662
66.010000 6 662
66.010000 7 662
66.010000 8 662
66.010000 9 662
66.010000 10 662
66.010000 11 331
66.010000 12 662
66.010000 13 662
66.010000 14 662
66.010000 15 662
66.010000 16 662
66.010000 17 662
66.010000 18 500
66.010000 19 662
67.010000 0 503
67.010000 1 657
67.010000 2 657
67.010000 3 657
67.010000 4 657
67.010000 5 657
67.010000 6 657
67.010000 7 657
67.010000 8 657
67.010000 9 657
67.010000 10 657
67.010000 11 329
67.010000 12 657
67.010000 13 657
67.010000 14 657
67.010000 15 657
67.010000 16 657
67.010000 17 657
67.010000 18 482
67.010000 19 657
68.010000 0 485
68.010000 1 658
68.010000 2 658
68.010000 3 658
68.010000 4 658
68.010000 5 658
68.010000 6 658
68.010000 7 658
68.010000 8 658
68.010000 9 658
68.010000 10 658
68.010000 11 329
68.010000 12 658
68.010000 13 658
68.010000 14 658
68.010000 15 658
68.010000 16 658
68.010000 17 658
68.010000 18 502
68.010000 19 658
69.010000 0 497
69.010000 1 665
69.010000 2 665
69.010000 3 665
69.010000 4 665
69.010000 5 665
69.010000 6 665
69.010000 7 665
69.010000 8 665
69.010000 9 665
69.010000 10 665
69.010000 11 332
69.010000 12 665
69.010000 13 665
69.010000 14 665
69.010000 15 665
69.010000 16 665
69.010000 17 665
69.010000 18 501
69.010000 19 665
70.010000 0 516
70.010000 1 670
70.010000 2 670
70.010000 3 670
70.010000 4 670
70.010000 5 670
70.010000 6 670
70.010000 7 670
70.010000 8 670
70.010000 9 670
70.010000 10 670
70.010000 11 336
70.010000 12 670
70.010000 13 670
70.010000 14 670
70.010000 15 670
70.010000 16 670
70.010000 17 670
70.010000 18 488
70.010000 19 670
71.010000 0 467
71.010000 1 638
71.010000 2 638
71.010000 3 638
71.010000 4 638
71.010000 5 638
71.010000 6 638
71.010000 7 638
71.010000 8 638
71.010000 9 638
71.010000 10 638
71.010000 11 318
71.010000 12 638
71.010000 13 638
71.010000 14 638
71.010000 15 638
71.010000 16 638
71.010000 17 638
71.010000 18 491
71.010000 19 638
72.010000 0 501
72.010000 1 674
72.010000 2 674
72.010000 3 674
72.010000 4 674
72.010000 5 674
72.010000 6 674
72.010000 7 674
72.010000 8 674
72.010000 9 674
72.010000 10 674
72.010000 11 338
72.010000 12 674
72.010000 13 674
72.010000 14 674
72.010000 15 674
72.010000 16 674
72.010000 17 674
72.010000 18 509
72.010000 19 674
73.010000 0 506
73.010000 1 662
73.010000 2 662
73.010000 3 662
73.010000 4 662
73.010000 5 662
73.010000 6 662
73.010000 7 662
73.010000 8 662
73.010000 9 662
73.010000 10 662
73.010000 11 330
73.010000 12 662
73.010000 13 662
73.010000 14 662
73.010000 15 662
73.010000 16 662
73.010000 17 662
73.010000 18 488
73.010000 19 662
74.010000 0 502
74.010000 1 666
74.010000 2 666
74.010000 3 666
74.010000 4 666
74.010000 5 666
74.010000 6 666
74.010000 7 666
74.010000 8 666
74.010000 9 666
74.010000 10 666
74.010000 11 334
74.010000 12 666
74.010000 13 666
74.010000 14 666
74.010000 15 666
74.010000 16 666
74.010000 17 666
74.010000 18 496
74.010000 19 666
75.010000 0 488
75.010000 1 658
75.010000 2 658
75.010000 3 658
75.010000 4 658
75.010000 5 658
75.010000 6 658
75.010000 7 658
75.010000 8 658
75.010000 9 658
75.010000 10 658
75.010000 11 329
75.010000 12 658
75.010000 13 658
75.010000 14 658
75.010000 15 658
75.010000 16 658
75.010000 17 658
75.010000 18 499
75.010000 19 658
76.010000 0 483
76.010000 1 648
76.010000 2 648
76.010000 3 648
76.010000 4 648
76.010000 5 648
76.010000 6 648
76.010000 7 648
76.010000 8 648
76.010000 9 648
76.010000 10 648
76.010000 11 324
76.010000 12 648
76.010000 13 648
76.010000 14 648
76.010000 15 648
76.010000 16 648
76.010000 17 648
76.010000 18 489
76.010000 19 648
77.010000 0 506
77.010000 1 669
77.010000 2 669
77.010000 3 669
77.010000 4 669
77.010000 5 669
77.010000 6 669
77.010000 7 669
77.010000 8 669
77.010000 9 669
77.010000 10 669
77.010000 11 334
77.010000 12 669
77.010000 13 669
77.010000 14 669
77.010000 15 669
77.010000 16 669
77.010000 17 669
77.010000 18 498
77.010000 19 669
78.010000 0 491
78.010000 1 654
78.010000 2 654
78.010000 3 654
78.010000 4 654
78.010000 5 654
78.010000 6 654
78.010000 7 654
78.010000 8 654
78.010000 9 654
78.010000 10 654
78.010000 11 327
78.010000 12 654
78.010000 13 654
78.010000 14 654
78.010000 15 654
78.010000 16 654
78.010000 17 654
78.010000 18 490
78.010000 19 654
79.010000 0 499
79.010000 1 661
79.010000 2 661
79.010000 3 661
79.010000 4 661
79.010000 5 661
79.010000 6 661
79.010000 7 661
79.010000 8 661
79.010000 9 661
79.010000 10 661
79.010000 11 331
79.010000 12 661
79.010000 13 661
79.010000 14 661
79.010000 15 661
79.010000 16 661
79.010000 17 661
79.010000 18 492
79.010000 19 661
80.010000 0 488
80.010000 1 654
80.010000 2 654
80.010000 3 654
80.010000 4 654
80.010000 5 654
80.010000 6 654
80.010000 7 654
80.010000 8 654
80.010000 9 654
80.010000 10 654
80.010000 11 326
80.010000 12 654
80.010000 13 654
80.010000 14 654
80.010000 15 654
80.010000 16 654
80.010000 17 654
80.010000 18 494
80.010000 19 654
81.010000 0 486
81.010000 1 656
81.010000 2 656
81.010000 3 656
81.010000 4 656
81.010000 5 656
81.010000 6 656
81.010000 7 656
81.010000 8 656
81.010000 9 656
81.010000 10 656
81.010000 11 328
81.010000 12 656
81.010000 13 656
81.010000 14 656
81.010000 15 656
81.010000 16 656
81.010000 17 656
81.010000 18 498
81.010000 19 656
82.010000 0 504
82.010000 1 672
82.010000 2 672
82.010000 3 672
82.010000 4 672
82.010000 5 672
82.010000 6 672
82.010000 7 672
82.010000 8 672
82.010000 9 672
82.010000 10 672
82.010000 11 336
82.010000 12 672
82.010000 13 672
82.010000 14 672
82.010000 15 672
82.010000 16 672
82.010000 17 672
82.010000 18 504
82.010000 19 672
83.010000 0 493
83.010000 1 658
83.010000 2 658
83.010000 3 658
83.010000 4 658
83.010000 5 658
83.010000 6 658
83.010000 7 658
83.010000 8 658
83.010000 9 658
83.010000 10 658
83.010000 11 330
83.010000 12 658
83.010000 13 658
83.010000 14 658
83.010000 15 658
83.010000 16 658
83.010000 17 658
83.010000 18 493
83.010000 19 658
84.010000 0 488
84.010000 1 650
84.010000 2 650
84.010000 3 650
84.010000 4 650
84.010000 5 650
84.010000 6 650
84.010000 7 650
84.010000 8 650
84.010000 9 650
84.010000 10 650
84.010000 11 325
84.010000 12 650
84.010000 13 650
84.010000 14 650
84.010000 15 650
84.010000 16 650
84.010000 17 650
84.010000 18 487
84.010000 19 650
85.010000 0 503
85.010000 1 666
85.010000 2 666
85.010000 3 666
85.010000 4 666
85.010000 5 666
85.010000 6 666
85.010000 7 666
85.010000 8 666
85.010000 9 666
85.010000 10 666
85.010000 11 332
85.010000 12 666
85.010000 13 666
85.010000 14 666
85.010000 15 666
85.010000 16 666
85.010000 17 666
85.010000 18 497
85.010000 19 666
86.010000 0 491
86.010000 1 650
86.010000 2 650
86.010000 3 650
86.010000 4 650
86.010000 5 650
86.010000 6 650
86.010000 7 650
86.010000 8 650
86.010000 9 650
86.010000 10 650
86.010000 11 325
86.010000 12 650
86.010000 13 650
86.010000 14 650
86.010000 15 650
86.010000 16 650
86.010000 17 650
86.010000 18 484
86.010000 19 650
87.010000 0 491
87.010000 1 660
87.010000 2 660
87.010000 3 660
87.010000 4 660
87.010000 5 660
87.010000 6 660
87.010000 7 660
87.010000 8 660
87.010000 9 660
87.010000 10 660
87.010000 11 331
87.010000 12 660
87.010000 13 660
87.010000 14 660
87.010000 15 660
87.010000 16 660
87.010000 17 660
87.010000 18 498
87.010000 19 660
88.010000 0 494
88.010000 1 660
88.010000 2 660
88.010000 3 660
88.010000 4 660
88.010000 5 660
88.010000 6 660
88.010000 7 660
88.010000 8 660
88.010000 9 660
88.010000 10 660
88.010000 11 329
88.010000 12 660
88.010000 13 660
88.010000 14 660
88.010000 15 660
88.010000 16 660
88.010000 17 660
88.010000 18 497
88.010000 19 660
89.010000 0 494
89.010000 1 658
89.010000 2 658
89.010000 3 658
89.010000 4 658
89.010000 5 658
89.010000 6 658
89.010000 7 658
89.010000 8 658
89.010000 9 658
89.010000 10 658
89.010000 11 329
89.010000 12 658
89.010000 13 658
89.010000 14 658
89.010000 15 658
89.010000 16 658
89.010000 17 658
89.010000 18 493
89.010000 19 658
90.010000 0 496
90.010000 1 659
90.010000 2 659
90.010000 3 659
90.010000 4 659
90.010000 5 659
90.010000 6 659
90.010000 7 659
90.010000 8 659
90.010000 9 659
90.010000 10 659
90.010000 11 330
90.010000 12 659
90.010000 13 659
90.010000 14 659
90.010000 15 659
90.010000 16 659
90.010000 17 659
90.010000 18 492
90.010000 19 659
91.010000 0 504
91.010000 1 664
91.010000 2 664
91.010000 3 664
91.010000 4 664
91.010000 5 664
91.010000 6 664
91.010000 7 664
91.010000 8 664
91.010000 9 664
91.010000 10 664
91.010000 11 332
91.010000 12 664
91.010000 13 664
91.010000 14 664
91.010000 15 664
91.010000 16 664
91.010000 17 664
91.010000 18 492
91.010000 19 664
92.010000 0 465
92.010000 1 631
92.010000 2 631
92.010000 3 631
92.010000 4 631
92.010000 5 631
92.010000 6 631
92.010000 7 631
92.010000 8 631
92.010000 9 631
92.010000 10 631
92.010000 11 315
92.010000 12 631
92.010000 13 631
92.010000 14 631
92.010000 15 631
92.010000 16 631
92.010000 17 631
92.010000 18 482
92.010000 19 631
93.010000 0 525
93.010000 1 700
93.010000 2 700
93.010000 3 700
93.010000 4 700
93.010000 5 700
93.010000 6 700
93.010000 7 700
93.010000 8 700
93.010000 9 700
93.010000 10 700
93.010000 11 351
93.010000 12 700
93.010000 13 700
93.010000 14 700
93.010000 15 700
93.010000 16 700
93.010000 17 700
93.010000 18 524
93.010000 19 700
94.010000 0 485
94.010000 1 650
94.010000 2 650
94.010000 3 650
94.010000 4 650
94.010000 5 650
94.010000 6 650
94.010000 7 650
94.010000 8 650
94.010000 9 650
94.010000 10 650
94.010000 11 325
94.010000 12 650
94.010000 13 650
94.010000 14 650
94.010000 15 650
94.010000 16 650
94.010000 17 650
94.010000 18 490
94.010000 19 650
95.010000 0 501
95.010000 1 664
95.010000 2 664
95.010000 3 664
95.010000 4 664
95.010000 5 664
95.010000 6 664
95.010000 7 664
95.010000 8 664
95.010000 9 664
95.010000 10 664
95.010000 11 332
95.010000 12 664
95.010000 13 664
95.010000 14 664
95.010000 15 664
95.010000 16 664
95.010000 17 664
95.010000 18 495
95.010000 19 664
96.010000 0 500
96.010000 1 666
96.010000 2 666
96.010000 3 666
96.010000 4 666
96.010000 5 666
96.010000 6 666
96.010000 7 666
96.010000 8 666
96.010000 9 666
96.010000 10 666
96.010000 11 332
96.010000 12 666
96.010000 13 666
96.010000 14 666
96.010000 15 666
96.010000 16 666
96.010000 17 666
96.010000 18 500
96.010000 19 666
97.010000 0 492
97.010000 1 654
97.010000 2 654
97.010000 3 654
97.010000 4 654
97.010000 5 654
97.010000 6 654
97.010000 7 654
97.010000 8 654
97.010000 9 654
97.010000 10 654
97.010000 11 328
97.010000 12 654
97.010000 13 654
97.010000 14 654
97.010000 15 654
97.010000 16 654
97.010000 17 654
97.010000 18 488
97.010000 19 654
98.010000 0 492
98.010000 1 656
98.010000 2 656
98.010000 3 656
98.010000 4 656
98.010000 5 656
98.010000 6 656
98.010000 7 656
98.010000 8 656
98.010000 9 656
98.010000 10 656
98.010000 11 327
98.010000 12 656
98.010000 13 656
98.010000 14 656
98.010000 15 656
98.010000 16 656
98.010000 17 656
98.010000 18 493
98.010000 19 656
99.010000 0 502
99.010000 1 662
99.010000 2 662
99.010000 3 662
99.010000 4 662
99.010000 5 662
99.010000 6 662
99.010000 7 662
99.010000 8 662
99.010000 9 662
99.010000 10 662
99.010000 11 331
99.010000 12 662
99.010000 13 662
99.010000 14 662
99.010000 15 662
99.010000 16 662
99.010000 17 662
99.010000 18 491
99.010000 19 662
100.010000 0 484
100.010000 1 652
100.010000 2 652
100.010000 3 652
100.010000 4 652
100.010000 5 652
100.010000 6 652
100.010000 7 652
100.010000 8 652
100.010000 9 652
100.010000 10 652
100.010000 11 326
100.010000 12 652
100.010000 13 652
100.010000 14 652
100.010000 15 652
100.010000 16 652
100.010000 17 652
100.010000 18 494
100.010000 19 652
101.010000 0 508
101.010000 1 672
101.010000 2 672
101.010000 3 672
101.010000 4 672
101.010000 5 672
101.010000 6 672
101.010000 7 672
101.010000 8 672
101.010000 9 672
101.010000 10 672
101.010000 11 336
101.010000 12 672
101.010000 13 672
101.010000 14 672
101.010000 15 672
101.010000 16 672
101.010000 17 672
101.010000 18 500
101.010000 19 672
102.010000 0 485
102.010000 1 652
102.010000 2 652
102.010000 3 652
102.010000 4 652
102.010000 5 652
102.010000 6 652
102.010000 7 652
102.010000 8 652
102.010000 9 652
102.010000 10 652
102.010000 11 326
102.010000 12 652
102.010000 13 652
102.010000 14 652
102.010000 15 652
102.010000 16 652
102.010000 17 652
102.010000 18 493
102.010000 19 652
103.010000 0 498
103.010000 1 664
103.010000 2 664
103.010000 3 664
103.010000 4 664
103.010000 5 664
103.010000 6 664
103.010000 7 664
103.010000 8 664
103.010000 9 664
103.010000 10 664
103.010000 11 332
103.010000 12 664
103.010000 13 664
103.010000 14 664
103.010000 15 664
103.010000 16 664
103.010000 17 664
103.010000 18 498
103.010000 19 664
104.010000 0 493
104.010000 1 658
104.010000 2 658
104.010000 3 658
104.010000 4 658
104.010000 5 658
104.010000 6 658
104.010000 7 658
104.010000 8 658
104.010000 9 658
104.010000 10 658
104.010000 11 330
104.010000 12 658
104.010000 13 658
104.010000 14 658
104.010000 15 658
104.010000 16 658
104.010000 17 658
104.010000 18 493
104.010000 19 658
105.010000 0 496
105.010000 1 664
105.010000 2 664
105.010000 3 664
105.010000 4 664
105.010000 5 664
105.010000 6 664
105.010000 7 664
105.010000 8 664
105.010000 9 664
105.010000 10 664
105.010000 11 332
105.010000 12 664
105.010000 13 664
105.010000 14 664
105.010000 15 664
105.010000 16 664
105.010000 17 664
105.010000 18 500
105.010000 19 664
106.010000 0 490
106.010000 1 655
106.010000 2 655
106.010000 3 655
106.010000 4 655
106.010000 5 655
106.010000 6 655
106.010000 7 655
106.010000 8 655
106.010000 9 655
106.010000 10 655
106.010000 11 327
106.010000 12 655
106.010000 13 655
106.010000 14 655
106.010000 15 655
106.010000 16 655
106.010000 17 655
106.010000 18 493
106.010000 19 655
107.010000 0 498
107.010000 1 658
107.010000 2 658
107.010000 3 658
107.010000 4 658
107.010000 5 658
107.010000 6 658
107.010000 7 658
107.010000 8 658
107.010000 9 658
107.010000 10 658
107.010000 11 329
107.010000 12 658
107.010000 13 658
107.010000 14 658
107.010000 15 658
107.010000 16 658
107.010000 17 658
107.010000 18 489
107.010000 19 658
108.010000 0 499
108.010000 1 665
108.010000 2 665
108.010000 3 665
108.010000 4 665
108.010000 5 665
108.010000 6 665
108.010000 7 665
108.010000 8 665
108.010000 9 665
108.010000 10 665
108.010000 11 333
108.010000 12 665
108.010000 13 665
108.010000 14 665
108.010000 15 665
108.010000 16 665
108.010000 17 665
108.010000 18 498
108.010000 19 665
109.010000 0 495
109.010000 1 659
109.010000 2 659
109.010000 3 659
109.010000 4 659
109.010000 5 659
109.010000 6 659
109.010000 7 659
109.010000 8 659
109.010000 9 659
109.010000 10 659
109.010000 11 329
109.010000 12 659
109.010000 13 659
109.010000 14 659
109.010000 15 659
109.010000 16 659
109.010000 17 659
109.010000 18 494
109.010000 19 659
110.010000 0 494
110.010000 1 659
110.010000 2 659
110.010000 3 659
110.010000 4 659
110.010000 5 659
110.010000 6 659
110.010000 7 659
110.010000 8 659
110.010000 9 659
110.010000 10 659
110.010000 11 329
110.010000 12 659
110.010000 13 659
110.010000 14 659
110.010000 15 659
110.010000 16 659
110.010000 17 659
110.010000 18 495
110.010000 19 659
111.010000 0 486
111.010000 1 652
111.010000 2 652
111.010000 3 652
111.010000 4 652
111.010000 5 652
111.010000 6 652
111.010000 7 652
111.010000 8 652
111.010000 9 652
111.010000 10 652
111.010000 11 327
111.010000 12 652
111.010000 13 652
111.010000 14 652
111.010000 15 652
111.010000 16 652
111.010000 17 652
111.010000 18 491
111.010000 19 652
112.010000 0 496
112.010000 1 660
112.010000 2 660
112.010000 3 660
112.010000 4 660
112.010000 5 660
112.010000 6 660
112.010000 7 660
112.010000 8 660
112.010000 9 660
112.010000 10 660
112.010000 11 330
112.010000 12 660
112.010000 13 660
112.010000 14 660
112.010000 15 660
112.010000 16 660
112.010000 17 660
112.010000 18 494
112.010000 19 660
113.010000 0 503
113.010000 1 666
113.010000 2 666
113.010000 3 666
113.010000 4 666
113.010000 5 666
113.010000 6 666
113.010000 7 666
113.010000 8 666
113.010000 9 666
113.010000 10 666
113.010000 11 332
113.010000 12 666
113.010000 13 666
113.010000 14 666
113.010000 15 666
113.010000 16 666
113.010000 17 666
113.010000 18 497
113.010000 19 666
114.010000 0 483
114.010000 1 656
114.010000 2 656
114.010000 3 656
114.010000 4 656
114.010000 5 656
114.010000 6 656
114.010000 7 656
114.010000 8 656
114.010000 9 656
114.010000 10 656
114.010000 11 329
114.010000 12 656
114.010000 13 656
114.010000 14 656
114.010000 15 656
114.010000 16 656
114.010000 17 656
114.010000 18 500
114.010000 19 656
115.010000 0 501
115.010000 1 659
115.010000 2 659
115.010000 3 659
115.010000 4 659
115.010000 5 659
115.010000 6 659
115.010000 7 659
115.010000 8 659
115.010000 9 659
115.010000 10 659
115.010000 11 329
115.010000 12 659
115.010000 13 659
115.010000 14 659
115.010000 15 659
115.010000 16 659
115.010000 17 659
115.010000 18 488
115.010000 19 659
116.010000 0 502
116.010000 1 663
116.010000 2 663
116.010000 3 663
116.010000 4 663
116.010000 5 663
116.010000 6 663
116.010000 7 663
116.010000 8 663
116.010000 9 663
116.010000 10 663
116.010000 11 332
116.010000 12 663
116.010000 13 663
116.010000 14 663
116.010000 15 663
116.010000 16 663
116.010000 17 663
116.010000 18 492
116.010000 19 663
117.010000 0 482
117.010000 1 660
117.010000 2 660
117.010000 3 660
117.010000 4 660
117.010000 5 660
117.010000 6 660
117.010000 7 660
117.010000 8 660
117.010000 9 660
117.010000 10 660
117.010000 11 330
117.010000 12 660
117.010000 13 660
117.010000 14 660
117.010000 15 660
117.010000 16 660
117.010000 17 660
117.010000 18 508
117.010000 19 660
118.010000 0 514
118.010000 1 680
118.010000 2 680
118.010000 3 680
118.010000 4 680
118.010000 5 680
118.010000 6 680
118.010000 7 680
118.010000 8 680
118.010000 9 680
118.010000 10 680
118.010000 11 340
118.010000 12 680
118.010000 13 680
118.010000 14 680
118.010000 15 680
118.010000 16 680
118.010000 17 680
118.010000 18 506
118.010000 19 680
119.010000 0 480
119.010000 1 646
119.010000 2 646
119.010000 3 646
119.010000 4 646
119.010000 5 646
119.010000 6 646
119.010000 7 646
119.010000 8 646
119.010000 9 646
119.010000 10 646
119.010000 11 322
119.010000 12 646
119.010000 13 646
119.010000 14 646
119.010000 15 646
119.010000 16 646
119.010000 17 646
119.010000 18 490
119.010000 19 646
120.010000 0 488
120.010000 1 658
120.010000 2 658
120.010000 3 658
120.010000 4 658
120.010000 5 658
120.010000 6 658
120.010000 7 658
120.010000 8 658
120.010000 9 658
120.010000 10 658
120.010000 11 330
120.010000 12 658
120.010000 13 658
120.010000 14 658
120.010000 15 658
120.010000 16 658
120.010000 17 658
120.010000 18 498
120.010000 19 658
121.010000 0 505
121.010000 1 668
121.010000 2 668
121.010000 3 668
121.010000 4 668
121.010000 5 668
121.010000 6 668
121.010000 7 668
121.010000 8 668
121.010000 9 668
121.010000 10 668
121.010000 11 334
121.010000 12 668
121.010000 13 668
121.010000 14 668
121.010000 15 668
121.010000 16 668
121.010000 17 668
121.010000 18 497
121.010000 19 668
122.010000 0 491
122.010000 1 646
122.010000 2 646
122.010000 3 646
122.010000 4 646
122.010000 5 646
122.010000 6 646
122.010000 7 646
122.010000 8 646
122.010000 9 646
122.010000 10 646
122.010000 11 322
122.010000 12 646
122.010000 13 646
122.010000 14 646
122.010000 15 646
122.010000 16 646
122.010000 17 646
122.010000 18 479
122.010000 19 646
123.010000 0 498
123.010000 1 676
123.010000 2 676
123.010000 3 676
123.010000 4 676
123.010000 5 676
123.010000 6 676
123.010000 7 676
123.010000 8 676
123.010000 9 676
123.010000 10 676
123.010000 11 339
123.010000 12 676
123.010000 13 676
123.010000 14 676
123.010000 15 676
123.010000 16 676
123.010000 17 676
123.010000 18 515
123.010000 19 676
124.010000 0 505
124.010000 1 660
124.010000 2 660
124.010000 3 660
124.010000 4 660
124.010000 5 660
124.010000 6 660
124.010000 7 660
124.010000 8 660
124.010000 9 660
124.010000 10 660
124.010000 11 329
124.010000 12 660
124.010000 13 660
124.010000 14 660
124.010000 15 660
124.010000 16 660
124.010000 17 660
124.010000 18 486
124.010000 19 660
125.010000 0 501
125.010000 1 668
125.010000 2 668
125.010000 3 668
125.010000 4 668
125.010000 5 668
125.010000 6 668
125.010000 7 668
125.010000 8 668
125.010000 9 668
125.010000 10 668
125.010000 11 335
125.010000 12 668
125.010000 13 668
125.010000 14 668
125.010000 15 668
125.010000 16 668
125.010000 17 668
125.010000 18 500
125.010000 19 668
126.010000 0 492
126.010000 1 654
126.010000 2 654
126.010000 3 654
126.010000 4 654
126.010000 5 654
126.010000 6 654
126.010000 7 654
126.010000 8 654
126.010000 9 654
126.010000 10 654
126.010000 11 326
126.010000 12 654
126.010000 13 654
126.010000 14 654
126.010000 15 654
126.010000 16 654
126.010000 17 654
126.010000 18 490
126.010000 19 654
127.010000 0 500
127.010000 1 658
127.010000 2 658
127.010000 3 658
127.010000 4 658
127.010000 5 658
127.010000 6 658
127.010000 7 658
127.010000 8 658
127.010000 9 658
127.010000 10 658
127.010000 11 330
127.010000 12 658
127.010000 13 658
127.010000 14 658
127.010000 15 658
127.010000 16 658
127.010000 17 658
127.010000 18 486
127.010000 19 658
128.010000 0 487
128.010000 1 658
128.010000 2 658
128.010000 3 658
128.010000 4 658
128.010000 5 658
128.010000 6 658
128.010000 7 658
128.010000 8 658
128.010000 9 658
128.010000 10 658
128.010000 11 329
128.010000 12 658
128.010000 13 658
128.010000 14 658
128.010000 15 658
128.010000 16 658
128.010000 17 658
128.010000 18 500
128.010000 19 658
129.010000 0 486
129.010000 1 655
129.010000 2 655
129.010000 3 655
129.010000 4 655
129.010000 5 655
129.010000 6 655
129.010000 7 655
129.010000 8 655
129.010000 9 655
129.010000 10 655
129.010000 11 327
129.010000 12 655
129.010000 13 655
129.010000 14 655
129.010000 15 655
129.010000 16 655
129.010000 17 655
129.010000 18 497
129.010000 19 655
130.010000 0 505
130.010000 1 675
130.010000 2 675
130.010000 3 675
130.010000 4 675
130.010000 5 675
130.010000 6 675
130.010000 7 675
130.010000 8 675
130.010000 9 675
130.010000 10 675
130.010000 11 338
130.010000 12 675
130.010000 13 675
130.010000 14 675
130.010000 15 675
130.010000 16 675
130.010000 17 675
130.010000 18 507
130.010000 19 675
131.010000 0 506
131.010000 1 667
131.010000 2 667
131.010000 3 667
131.010000 4 667
131.010000 5 667
131.010000 6 667
131.010000 7 667
131.010000 8 667
131.010000 9 667
131.010000 10 667
131.010000 11 333
131.010000 12 667
131.010000 13 667
131.010000 14 667
131.010000 15 667
131.010000 16 667
131.010000 17 667
131.010000 18 495
131.010000 19 667
132.010000 0 494
132.010000 1 661
132.010000 2 661
132.010000 3 661
132.010000 4 661
132.010000 5 661
132.010000 6 661
132.010000 7 661
132.010000 8 661
132.010000 9 661
132.010000 10 661
132.010000 11 331
132.010000 12 661
132.010000 13 661
132.010000 14 661
132.010000 15 661
132.010000 16 661
132.010000 17 661
132.010000 18 497
132.010000 19 661
133.010000 0 488
133.010000 1 650
133.010000 2 650
133.010000 3 650
133.010000 4 650
133.010000 5 650
133.010000 6 650
133.010000 7 650
133.010000 8 650
133.010000 9 650
133.010000 10 650
133.010000 11 325
133.010000 12 650
133.010000 13 650
133.010000 14 650
133.010000 15 650
133.010000 16 650
133.010000 17 650
133.010000 18 487
133.010000 19 650
134.010000 0 487
134.010000 1 660
134.010000 2 660
134.010000 3 660
134.010000 4 660
134.010000 5 660
134.010000 6 660
134.010000 7 660
134.010000 8 660
134.010000 9 660
134.010000 10 660
134.010000 11 329
134.010000 12 660
134.010000 13 660
134.010000 14 660
134.010000 15 660
134.010000 16 660
134.010000 17 660
134.010000 18 504
134.010000 19 660
135.010000 0 501
135.010000 1 664
135.010000 2 664
135.010000 3 664
135.010000 4 664
135.010000 5 664
135.010000 6 664
135.010000 7 664
135.010000 8 664
135.010000 9 664
135.010000 10 664
135.010000 11 333
135.010000 12 664
135.010000 13 664
135.010000 14 664
135.010000 15 664
135.010000 16 664
135.010000 17 664
135.010000 18 494
135.010000 19 664
136.010000 0 496
136.010000 1 658
136.010000 2 658
136.010000 3 658
136.010000 4 658
136.010000 5 658
136.010000 6 658
136.010000 7 658
136.010000 8 658
136.010000 9 658
136.010000 10 658
136.010000 11 328
136.010000 12 658
136.010000 13 658
136.010000 14 658
136.010000 15 658
136.010000 16 658
136.010000 17 658
136.010000 18 492
136.010000 19 658
137.010000 0 492
137.010000 1 665
137.010000 2 665
137.010000 3 665
137.010000 4 665
137.010000 5 665
137.010000 6 665
137.010000 7 665
137.010000 8 665
137.010000 9 665
137.010000 10 665
137.010000 11 333
137.010000 12 665
137.010000 13 665
137.010000 14 665
137.010000 15 665
137.010000 16 665
137.010000 17 665
137.010000 18 505
137.010000 19 665
138.010000 0 507
138.010000 1 650
138.010000 2 650
138.010000 3 650
138.010000 4 650
138.010000 5 650
138.010000 6 650
138.010000 7 650
138.010000 8 650
138.010000 9 650
138.010000 10 650
138.010000 11 325
138.010000 12 650
138.010000 13 650
138.010000 14 650
138.010000 15 650
138.010000 16 650
138.010000 17 650
138.010000 18 468
138.010000 19 650
139.010000 0 487
139.010000 1 657
139.010000 2 657
139.010000 3 657
139.010000 4 657
139.010000 5 657
139.010000 6 657
139.010000 7 657
139.010000 8 657
139.010000 9 657
139.010000 10 657
139.010000 11 328
139.010000 12 657
139.010000 13 657
139.010000 14 657
139.010000 15 657
139.010000 16 657
139.010000 17 657
139.010000 18 499
139.010000 19 657
140.010000 0 486
140.010000 1 658
140.010000 2 658
140.010000 3 658
140.010000 4 658
140.010000 5 658
140.010000 6 658
140.010000 7 658
140.010000 8 658
140.010000 9 658
140.010000 10 658
140.010000 11 330
140.010000 12 658
140.010000 13 658
140.010000 14 658
140.010000 15 658
140.010000 16 658
140.010000 17 658
140.010000 18 500
140.010000 19 658
141.010000 0 497
141.010000 1 662
141.010000 2 662
141.010000 3 662
141.010000 4 662
141.010000 5 662
141.010000 6 662
141.010000 7 662
141.010000 8 662
141.010000 9 662
141.010000 10 662
141.010000 11 330
141.010000 12 662
141.010000 13 662
141.010000 14 662
141.010000 15 662
141.010000 16 662
141.010000 17 662
141.010000 18 497
141.010000 19 662
142.010000 0 485
142.010000 1 657
142.010000 2 657
142.010000 3 657
142.010000 4 657
142.010000 5 657
142.010000 6 657
142.010000 7 657
142.010000 8 657
142.010000 9 657
142.010000 10 657
142.010000 11 329
142.010000 12 657
142.010000 13 657
142.010000 14 657
142.010000 15 657
142.010000 16 657
142.010000 17 657
142.010000 18 500
142.010000 19 657
143.010000 0 506
143.010000 1 674
143.010000 2 674
143.010000 3 674
143.010000 4 674
143.010000 5 674
143.010000 6 674
143.010000 7 674
143.010000 8 674
143.010000 9 674
143.010000 10 674
143.010000 11 337
143.010000 12 674
143.010000 13 674
143.010000 14 674
143.010000 15 674
143.010000 16 674
143.010000 17 674
143.010000 18 505
143.010000 19 674
144.010000 0 512
144.010000 1 673
144.010000 2 673
144.010000 3 673
144.010000 4 673
144.010000 5 673
144.010000 6 673
144.010000 7 673
144.010000 8 673
144.010000 9 673
144.010000 10 673
144.010000 11 337
144.010000 12 673
144.010000 13 673
144.010000 14 673
144.010000 15 673
144.010000 16 673
144.010000 17 673
144.010000 18 497
144.010000 19 673
145.010000 0 494
145.010000 1 654
145.010000 2 654
145.010000 3 654
145.010000 4 654
145.010000 5 654
145.010000 6 654
145.010000 7 654
145.010000 8 654
145.010000 9 654
145.010000 10 654
145.010000 11 326
145.010000 12 654
145.010000 13 654
145.010000 14 654
145.010000 15 654
145.010000 16 654
145.010000 17 654
145.010000 18 488
145.010000 19 654
146.010000 0 482
146.010000 1 648
146.010000 2 648
146.010000 3 648
146.010000 4 648
146.010000 5 648
146.010000 6 648
146.010000 7 648
146.010000 8 648
146.010000 9 648
146.010000 10 648
146.010000 11 324
146.010000 12 648
146.010000 13 648
146.010000 14 648
146.010000 15 648
146.010000 16 648
146.010000 17 648
146.010000 18 490
146.010000 19 648
147.010000 0 506
147.010000 1 667
147.010000 2 667
147.010000 3 667
147.010000 4 667
147.010000 5 667
147.010000 6 667
147.010000 7 667
147.010000 8 667
147.010000 9 667
147.010000 10 667
147.010000 11 334
147.010000 12 667
147.010000 13 667
147.010000 14 667
147.010000 15 667
147.010000 16 667
147.010000 17 667
147.010000 18 494
147.010000 19 667
148.010000 0 494
148.010000 1 671
148.010000 2 671
148.010000 3 671
148.010000 4 671
148.010000 5 671
148.010000 6 671
148.010000 7 671
148.010000 8 671
148.010000 9 671
148.010000 10 671
148.010000 11 336
148.010000 12 671
148.010000 13 671
148.010000 14 671
148.010000 15 671
148.010000 16 671
148.010000 17 671
148.010000 18 512
148.010000 19 671
149.010000 0 491
149.010000 1 658
149.010000 2 658
149.010000 3 658
149.010000 4 658
149.010000 5 658
149.010000 6 658
149.010000 7 658
149.010000 8 658
149.010000 9 658
149.010000 10 658
149.010000 11 329
149.010000 12 658
149.010000 13 658
149.010000 14 658
149.010000 15 658
149.010000 16 658
149.010000 17 658
149.010000 18 496
149.010000 19 658
