0.010000 0 15
0.010000 1 17
0.010000 2 12
0.010000 3 16
0.010000 4 14
0.010000 5 14
0.010000 6 12
0.010000 7 14
0.010000 8 15
1.010000 0 107
1.010000 1 112
1.010000 2 113
1.010000 3 114
1.010000 4 112
1.010000 5 120
1.010000 6 113
1.010000 7 120
1.010000 8 107
2.010000 0 89
2.010000 1 92
2.010000 2 84
2.010000 3 100
2.010000 4 95
2.010000 5 91
2.010000 6 84
2.010000 7 97
2.010000 8 89
3.010000 0 89
3.010000 1 93
3.010000 2 89
3.010000 3 93
3.010000 4 90
3.010000 5 94
3.010000 6 89
3.010000 7 94
3.010000 8 89
4.010000 0 92
4.010000 1 100
4.010000 2 98
4.010000 3 96
4.010000 4 95
4.010000 5 100
4.010000 6 98
4.010000 7 103
4.010000 8 92
5.010000 0 107
5.010000 1 111
5.010000 2 108
5.010000 3 111
5.010000 4 99
5.010000 5 110
5.010000 6 108
5.010000 7 110
5.010000 8 107
6.010000 0 59
6.010000 1 64
6.010000 2 59
6.010000 3 71
6.010000 4 69
6.010000 5 64
6.010000 6 59
6.010000 7 64
6.010000 8 59
7.010000 0 117
7.010000 1 122
7.010000 2 117
7.010000 3 114
7.010000 4 109
7.010000 5 122
7.010000 6 117
7.010000 7 121
7.010000 8 117
8.010000 0 79
8.010000 1 87
8.010000 2 85
8.010000 3 92
8.010000 4 80
8.010000 5 87
8.010000 6 85
8.010000 7 78
8.010000 8 79
9.010000 0 89
9.010000 1 94
9.010000 2 89
9.010000 3 94
9.010000 4 90
9.010000 5 93
9.010000 6 89
9.010000 7 93
9.010000 8 89
10.010000 0 76
10.010000 1 79
10.010000 2 76
10.010000 3 79
10.010000 4 77
10.010000 5 79
10.010000 6 76
10.010000 7 86
10.010000 8 76
11.010000 0 85
11.010000 1 87
11.010000 2 80
11.010000 3 86
11.010000 4 81
11.010000 5 85
11.010000 6 80
11.010000 7 84
11.010000 8 85
12.010000 0 91
12.010000 1 99
12.010000 2 96
12.010000 3 99
12.010000 4 97
12.010000 5 101
12.010000 6 96
12.010000 7 101
12.010000 8 91
13.010000 0 100
13.010000 1 109
13.010000 2 100
13.010000 3 109
13.010000 4 103
13.010000 5 102
13.010000 6 100
13.010000 7 109
13.010000 8 100
14.010000 0 83
14.010000 1 85
14.010000 2 78
14.010000 3 85
14.010000 4 79
14.010000 5 83
14.010000 6 78
14.010000 7 83
14.010000 8 83
15.010000 0 99
15.010000 1 105
15.010000 2 102
15.010000 3 103
15.010000 4 97
15.010000 5 107
15.010000 6 102
15.010000 7 107
15.010000 8 99
16.010000 0 724
16.010000 1 734
16.010000 2 728
16.010000 3 438
16.010000 4 437
16.010000 5 741
16.010000 6 728
16.010000 7 734
16.010000 8 724
17.010000 0 653
17.010000 1 663
17.010000 2 646
17.010000 3 402
17.010000 4 407
17.010000 5 675
17.010000 6 646
17.010000 7 658
17.010000 8 653
18.010000 0 651
18.010000 1 650
18.010000 2 644
18.010000 3 422
18.010000 4 425
18.010000 5 683
18.010000 6 644
18.010000 7 659
18.010000 8 651
19.010000 0 673
19.010000 1 682
19.010000 2 697
19.010000 3 474
19.010000 4 468
19.010000 5 723
19.010000 6 697
19.010000 7 699
19.010000 8 673
20.010000 0 654
20.010000 1 630
20.010000 2 603
20.010000 3 471
20.010000 4 429
20.010000 5 671
20.010000 6 603
20.010000 7 610
20.010000 8 654
21.010000 0 637
21.010000 1 691
21.010000 2 682
21.010000 3 442
21.010000 4 496
21.010000 5 723
21.010000 6 682
21.010000 7 709
21.010000 8 637
22.010000 0 695
22.010000 1 676
22.010000 2 665
22.010000 3 513
22.010000 4 450
22.010000 5 717
22.010000 6 665
22.010000 7 640
22.010000 8 695
23.010000 0 698
23.010000 1 730
23.010000 2 730
23.010000 3 490
23.010000 4 510
23.010000 5 774
23.010000 6 730
23.010000 7 742
23.010000 8 698
24.010000 0 640
24.010000 1 656
24.010000 2 645
24.010000 3 456
24.010000 4 465
24.010000 5 702
24.010000 6 645
24.010000 7 678
24.010000 8 640
25.010000 0 680
25.010000 1 685
25.010000 2 686
25.010000 3 489
25.010000 4 474
25.010000 5 728
25.010000 6 686
25.010000 7 680
25.010000 8 680
26.010000 0 658
26.010000 1 685
26.010000 2 675
26.010000 3 481
26.010000 4 476
26.010000 5 717
26.010000 6 675
26.010000 7 664
26.010000 8 658
27.010000 0 739
27.010000 1 764
27.010000 2 761
27.010000 3 540
27.010000 4 552
27.010000 5 815
27.010000 6 761
27.010000 7 761
27.010000 8 739
28.010000 0 632
28.010000 1 649
28.010000 2 627
28.010000 3 444
28.010000 4 449
28.010000 5 675
28.010000 6 627
28.010000 7 628
28.010000 8 632
29.010000 0 778
29.010000 1 753
29.010000 2 702
29.010000 3 590
29.010000 4 566
29.010000 5 777
29.010000 6 702
29.010000 7 766
29.010000 8 778
30.010000 0 656
30.010000 1 649
30.010000 2 646
30.010000 3 481
30.010000 4 468
30.010000 5 697
30.010000 6 646
30.010000 7 663
30.010000 8 656
31.010000 0 648
31.010000 1 669
31.010000 2 666
31.010000 3 447
31.010000 4 446
31.010000 5 700
31.010000 6 666
31.010000 7 666
31.010000 8 648
32.010000 0 696
32.010000 1 706
32.010000 2 695
32.010000 3 493
32.010000 4 500
32.010000 5 751
32.010000 6 695
32.010000 7 719
32.010000 8 696
33.010000 0 655
33.010000 1 653
33.010000 2 632
33.010000 3 454
33.010000 4 444
33.010000 5 685
33.010000 6 632
33.010000 7 641
33.010000 8 655
34.010000 0 647
34.010000 1 649
34.010000 2 674
34.010000 3 480
34.010000 4 452
34.010000 5 705
34.010000 6 674
34.010000 7 665
34.010000 8 647
35.010000 0 693
35.010000 1 705
35.010000 2 696
35.010000 3 473
35.010000 4 482
35.010000 5 746
35.010000 6 696
35.010000 7 711
35.010000 8 693
36.010000 0 663
36.010000 1 670
36.010000 2 638
36.010000 3 455
36.010000 4 458
36.010000 5 693
36.010000 6 638
36.010000 7 659
36.010000 8 663
37.010000 0 659
37.010000 1 674
37.010000 2 711
37.010000 3 484
37.010000 4 467
37.010000 5 729
37.010000 6 711
37.010000 7 698
37.010000 8 659
38.010000 0 681
38.010000 1 683
38.010000 2 649
38.010000 3 462
38.010000 4 439
38.010000 5 703
38.010000 6 649
38.010000 7 643
38.010000 8 681
39.010000 0 613
39.010000 1 642
39.010000 2 661
39.010000 3 467
39.010000 4 481
39.010000 5 688
39.010000 6 661
39.010000 7 690
39.010000 8 613
40.010000 0 735
40.010000 1 769
40.010000 2 718
40.010000 3 523
40.010000 4 540
40.010000 5 787
40.010000 6 718
40.010000 7 722
40.010000 8 735
41.010000 0 657
41.010000 1 653
41.010000 2 663
41.010000 3 476
41.010000 4 434
41.010000 5 693
41.010000 6 663
41.010000 7 648
41.010000 8 657
42.010000 0 696
42.010000 1 711
42.010000 2 691
42.010000 3 476
42.010000 4 496
42.010000 5 748
42.010000 6 691
42.010000 7 712
42.010000 8 696
43.010000 0 654
43.010000 1 666
43.010000 2 645
43.010000 3 466
43.010000 4 488
43.010000 5 704
43.010000 6 645
43.010000 7 679
43.010000 8 654
44.010000 0 720
44.010000 1 696
44.010000 2 705
44.010000 3 521
44.010000 4 457
44.010000 5 745
44.010000 6 705
44.010000 7 680
44.010000 8 720
45.010000 0 625
45.010000 1 654
45.010000 2 643
45.010000 3 437
45.010000 4 483
45.010000 5 690
45.010000 6 643
45.010000 7 674
45.010000 8 625
46.010000 0 702
46.010000 1 693
46.010000 2 694
46.010000 3 504
46.010000 4 462
46.010000 5 735
46.010000 6 694
46.010000 7 674
46.010000 8 702
47.010000 0 613
47.010000 1 618
47.010000 2 629
47.010000 3 448
47.010000 4 419
47.010000 5 664
47.010000 6 629
47.010000 7 623
47.010000 8 613
48.010000 0 717
48.010000 1 736
48.010000 2 704
48.010000 3 507
48.010000 4 537
48.010000 5 778
48.010000 6 704
48.010000 7 743
48.010000 8 717
49.010000 0 640
49.010000 1 677
49.010000 2 669
49.010000 3 478
49.010000 4 498
49.010000 5 719
49.010000 6 669
49.010000 7 687
49.010000 8 640
50.010000 0 722
50.010000 1 729
50.010000 2 724
50.010000 3 527
50.010000 4 480
50.010000 5 756
50.010000 6 724
50.010000 7 688
50.010000 8 722
51.010000 0 634
51.010000 1 642
51.010000 2 657
51.010000 3 473
51.010000 4 470
51.010000 5 697
51.010000 6 657
51.010000 7 675
51.010000 8 634
52.010000 0 690
52.010000 1 729
52.010000 2 668
52.010000 3 488
52.010000 4 517
52.010000 5 739
52.010000 6 668
52.010000 7 693
52.010000 8 690
53.010000 0 682
53.010000 1 676
53.010000 2 714
53.010000 3 508
53.010000 4 488
53.010000 5 740
53.010000 6 714
53.010000 7 716
53.010000 8 682
54.010000 0 686
54.010000 1 699
54.010000 2 654
54.010000 3 467
54.010000 4 474
54.010000 5 713
54.010000 6 654
54.010000 7 663
54.010000 8 686
55.010000 0 670
55.010000 1 686
55.010000 2 702
55.010000 3 507
55.010000 4 503
55.010000 5 741
55.010000 6 702
55.010000 7 715
55.010000 8 670
56.010000 0 692
56.010000 1 691
56.010000 2 662
56.010000 3 483
56.010000 4 474
56.010000 5 722
56.010000 6 662
56.010000 7 674
56.010000 8 692
57.010000 0 651
57.010000 1 659
57.010000 2 672
57.010000 3 468
57.010000 4 460
57.010000 5 705
57.010000 6 672
57.010000 7 669
57.010000 8 651
58.010000 0 690
58.010000 1 675
58.010000 2 670
58.010000 3 509
58.010000 4 492
58.010000 5 731
58.010000 6 670
58.010000 7 685
58.010000 8 690
59.010000 0 635
59.010000 1 673
59.010000 2 652
59.010000 3 471
59.010000 4 506
59.010000 5 705
59.010000 6 652
59.010000 7 666
59.010000 8 635
60.010000 0 660
60.010000 1 661
60.010000 2 670
60.010000 3 510
60.010000 4 470
60.010000 5 715
60.010000 6 670
60.010000 7 646
60.010000 8 660
61.010000 0 648
61.010000 1 669
61.010000 2 644
61.010000 3 465
61.010000 4 475
61.010000 5 696
61.010000 6 644
61.010000 7 651
61.010000 8 648
62.010000 0 660
62.010000 1 662
62.010000 2 677
62.010000 3 488
62.010000 4 470
62.010000 5 719
62.010000 6 677
62.010000 7 680
62.010000 8 660
63.010000 0 650
63.010000 1 660
63.010000 2 645
63.010000 3 461
63.010000 4 462
63.010000 5 694
63.010000 6 645
63.010000 7 646
63.010000 8 650
64.010000 0 655
64.010000 1 662
64.010000 2 662
64.010000 3 470
64.010000 4 466
64.010000 5 712
64.010000 6 662
64.010000 7 663
64.010000 8 655
65.010000 0 664
65.010000 1 680
65.010000 2 669
65.010000 3 481
65.010000 4 476
65.010000 5 720
65.010000 6 669
65.010000 7 666
65.010000 8 664
66.010000 0 652
66.010000 1 671
66.010000 2 674
66.010000 3 500
66.010000 4 499
66.010000 5 730
66.010000 6 674
66.010000 7 678
66.010000 8 652
67.010000 0 725
67.010000 1 711
67.010000 2 665
67.010000 3 574
67.010000 4 561
67.010000 5 748
67.010000 6 665
67.010000 7 738
67.010000 8 725
68.010000 0 636
68.010000 1 714
68.010000 2 673
68.010000 3 492
68.010000 4 507
68.010000 5 716
68.010000 6 673
68.010000 7 636
68.010000 8 636
69.010000 0 701
69.010000 1 713
69.010000 2 718
69.010000 3 491
69.010000 4 493
69.010000 5 761
69.010000 6 718
69.010000 7 719
69.010000 8 701
70.010000 0 691
70.010000 1 683
70.010000 2 702
70.010000 3 531
70.010000 4 502
70.010000 5 745
70.010000 6 702
70.010000 7 706
70.010000 8 691
71.010000 0 653
71.010000 1 699
71.010000 2 635
71.010000 3 457
71.010000 4 509
71.010000 5 713
71.010000 6 635
71.010000 7 666
71.010000 8 653
72.010000 0 670
72.010000 1 654
72.010000 2 697
72.010000 3 503
72.010000 4 449
72.010000 5 718
72.010000 6 697
72.010000 7 671
72.010000 8 670
73.010000 0 652
73.010000 1 666
73.010000 2 636
73.010000 3 463
73.010000 4 476
73.010000 5 693
73.010000 6 636
73.010000 7 650
73.010000 8 652
74.010000 0 655
74.010000 1 652
74.010000 2 662
74.010000 3 474
74.010000 4 454
74.010000 5 705
74.010000 6 662
74.010000 7 658
74.010000 8 655
75.010000 0 691
75.010000 1 711
75.010000 2 680
75.010000 3 479
75.010000 4 497
75.010000 5 738
75.010000 6 680
75.010000 7 698
75.010000 8 691
76.010000 0 666
76.010000 1 677
76.010000 2 684
76.010000 3 508
76.010000 4 488
76.010000 5 729
76.010000 6 684
76.010000 7 694
76.010000 8 666
77.010000 0 644
77.010000 1 671
77.010000 2 637
77.010000 3 452
77.010000 4 464
77.010000 5 691
77.010000 6 637
77.010000 7 641
77.010000 8 644
78.010000 0 699
78.010000 1 707
78.010000 2 717
78.010000 3 506
78.010000 4 486
78.010000 5 743
78.010000 6 717
78.010000 7 708
78.010000 8 699
79.010000 0 637
79.010000 1 658
79.010000 2 629
79.010000 3 428
79.010000 4 472
79.010000 5 693
79.010000 6 629
79.010000 7 659
79.010000 8 637
80.010000 0 708
80.010000 1 672
80.010000 2 699
80.010000 3 523
80.010000 4 444
80.010000 5 728
80.010000 6 699
80.010000 7 672
80.010000 8 708
81.010000 0 702
81.010000 1 705
81.010000 2 683
81.010000 3 458
81.010000 4 504
81.010000 5 745
81.010000 6 683
81.010000 7 739
81.010000 8 702
82.010000 0 720
82.010000 1 694
82.010000 2 677
82.010000 3 500
82.010000 4 483
82.010000 5 746
82.010000 6 677
82.010000 7 722
82.010000 8 720
83.010000 0 706
83.010000 1 678
83.010000 2 691
83.010000 3 499
83.010000 4 477
83.010000 5 739
83.010000 6 691
83.010000 7 728
83.010000 8 706
84.010000 0 674
84.010000 1 664
84.010000 2 618
84.010000 3 434
84.010000 4 454
84.010000 5 698
84.010000 6 618
84.010000 7 664
84.010000 8 674
85.010000 0 722
85.010000 1 705
85.010000 2 723
85.010000 3 532
85.010000 4 513
85.010000 5 767
85.010000 6 723
85.010000 7 754
85.010000 8 722
86.010000 0 699
86.010000 1 694
86.010000 2 658
86.010000 3 479
86.010000 4 472
86.010000 5 721
86.010000 6 658
86.010000 7 681
86.010000 8 699
87.010000 0 631
87.010000 1 617
87.010000 2 631
87.010000 3 449
87.010000 4 437
87.010000 5 675
87.010000 6 631
87.010000 7 658
87.010000 8 631
88.010000 0 703
88.010000 1 694
88.010000 2 676
88.010000 3 485
88.010000 4 493
88.010000 5 739
88.010000 6 676
88.010000 7 710
88.010000 8 703
89.010000 0 667
89.010000 1 663
89.010000 2 650
89.010000 3 455
89.010000 4 455
89.010000 5 701
89.010000 6 650
89.010000 7 669
89.010000 8 667
90.010000 0 692
90.010000 1 674
90.010000 2 683
90.010000 3 497
90.010000 4 477
90.010000 5 727
90.010000 6 683
90.010000 7 702
90.010000 8 692
91.010000 0 666
91.010000 1 673
91.010000 2 642
91.010000 3 456
91.010000 4 479
91.010000 5 706
91.010000 6 642
91.010000 7 674
91.010000 8 666
92.010000 0 672
92.010000 1 660
92.010000 2 673
92.010000 3 482
92.010000 4 448
92.010000 5 711
92.010000 6 673
92.010000 7 674
92.010000 8 672
93.010000 0 699
93.010000 1 724
93.010000 2 699
93.010000 3 494
93.010000 4 514
93.010000 5 762
93.010000 6 699
93.010000 7 722
93.010000 8 699
94.010000 0 637
94.010000 1 627
94.010000 2 637
94.010000 3 457
94.010000 4 433
94.010000 5 677
94.010000 6 637
94.010000 7 648
94.010000 8 637
95.010000 0 699
95.010000 1 690
95.010000 2 686
95.010000 3 489
95.010000 4 475
95.010000 5 742
95.010000 6 686
95.010000 7 701
95.010000 8 699
96.010000 0 638
96.010000 1 652
96.010000 2 625
96.010000 3 444
96.010000 4 480
96.010000 5 694
96.010000 6 625
96.010000 7 667
96.010000 8 638
97.010000 0 708
97.010000 1 725
97.010000 2 732
97.010000 3 534
97.010000 4 507
97.010000 5 764
97.010000 6 732
97.010000 7 722
97.010000 8 708
98.010000 0 654
98.010000 1 681
98.010000 2 659
98.010000 3 475
98.010000 4 491
98.010000 5 719
98.010000 6 659
98.010000 7 689
98.010000 8 654
99.010000 0 694
99.010000 1 689
99.010000 2 696
99.010000 3 496
99.010000 4 465
99.010000 5 734
99.010000 6 696
99.010000 7 684
99.010000 8 694
100.010000 0 617
100.010000 1 640
100.010000 2 625
100.010000 3 443
100.010000 4 464
100.010000 5 678
100.010000 6 625
100.010000 7 649
100.010000 8 617
101.010000 0 731
101.010000 1 725
101.010000 2 723
101.010000 3 533
101.010000 4 510
101.010000 5 773
101.010000 6 723
101.010000 7 721
101.010000 8 731
102.010000 0 662
102.010000 1 659
102.010000 2 650
102.010000 3 479
102.010000 4 473
102.010000 5 702
102.010000 6 650
102.010000 7 671
102.010000 8 662
103.010000 0 685
103.010000 1 712
103.010000 2 675
103.010000 3 493
103.010000 4 507
103.010000 5 734
103.010000 6 675
103.010000 7 700
103.010000 8 685
104.010000 0 674
104.010000 1 670
104.010000 2 679
104.010000 3 489
104.010000 4 468
104.010000 5 720
104.010000 6 679
104.010000 7 680
104.010000 8 674
105.010000 0 670
105.010000 1 678
105.010000 2 667
105.010000 3 469
105.010000 4 474
105.010000 5 717
105.010000 6 667
105.010000 7 669
105.010000 8 670
106.010000 0 671
106.010000 1 673
106.010000 2 673
106.010000 3 479
106.010000 4 476
106.010000 5 718
106.010000 6 673
106.010000 7 684
106.010000 8 671
107.010000 0 720
107.010000 1 723
107.010000 2 699
107.010000 3 514
107.010000 4 512
107.010000 5 757
107.010000 6 699
107.010000 7 719
107.010000 8 720
108.010000 0 652
108.010000 1 645
108.010000 2 654
108.010000 3 468
108.010000 4 461
108.010000 5 696
108.010000 6 654
108.010000 7 666
108.010000 8 652
109.010000 0 674
109.010000 1 674
109.010000 2 647
109.010000 3 467
109.010000 4 454
109.010000 5 699
109.010000 6 647
109.010000 7 645
109.010000 8 674
110.010000 0 629
110.010000 1 645
110.010000 2 656
110.010000 3 446
110.010000 4 474
110.010000 5 697
110.010000 6 656
110.010000 7 677
110.010000 8 629
111.010000 0 718
111.010000 1 713
111.010000 2 692
111.010000 3 503
111.010000 4 464
111.010000 5 742
111.010000 6 692
111.010000 7 674
111.010000 8 718
112.010000 0 613
112.010000 1 645
112.010000 2 663
112.010000 3 454
112.010000 4 487
112.010000 5 698
112.010000 6 663
112.010000 7 676
112.010000 8 613
113.010000 0 729
113.010000 1 714
113.010000 2 672
113.010000 3 535
113.010000 4 506
113.010000 5 745
113.010000 6 672
113.010000 7 695
113.010000 8 729
114.010000 0 759
114.010000 1 763
114.010000 2 754
114.010000 3 523
114.010000 4 520
114.010000 5 801
114.010000 6 754
114.010000 7 764
114.010000 8 759
115.010000 0 686
115.010000 1 682
115.010000 2 693
115.010000 3 429
115.010000 4 423
115.010000 5 712
115.010000 6 693
115.010000 7 713
115.010000 8 686
116.010000 0 682
116.010000 1 691
116.010000 2 672
116.010000 3 454
116.010000 4 456
116.010000 5 717
116.010000 6 672
116.010000 7 696
116.010000 8 682
117.010000 0 701
117.010000 1 705
117.010000 2 693
117.010000 3 483
117.010000 4 484
117.010000 5 740
117.010000 6 693
117.010000 7 712
117.010000 8 701
118.010000 0 696
118.010000 1 704
118.010000 2 681
118.010000 3 482
118.010000 4 464
118.010000 5 730
118.010000 6 681
118.010000 7 677
118.010000 8 696
119.010000 0 639
119.010000 1 630
119.010000 2 650
119.010000 3 448
119.010000 4 425
119.010000 5 675
119.010000 6 650
119.010000 7 649
119.010000 8 639
120.010000 0 672
120.010000 1 676
120.010000 2 665
120.010000 3 450
120.010000 4 466
120.010000 5 715
120.010000 6 665
120.010000 7 688
120.010000 8 672
121.010000 0 692
121.010000 1 738
121.010000 2 701
121.010000 3 469
121.010000 4 500
121.010000 5 749
121.010000 6 701
121.010000 7 705
121.010000 8 692
122.010000 0 693
122.010000 1 680
122.010000 2 706
122.010000 3 518
122.010000 4 457
122.010000 5 734
122.010000 6 706
122.010000 7 682
122.010000 8 693
123.010000 0 660
123.010000 1 680
123.010000 2 660
123.010000 3 445
123.010000 4 461
123.010000 5 704
123.010000 6 660
123.010000 7 668
123.010000 8 660
124.010000 0 621
124.010000 1 624
124.010000 2 628
124.010000 3 415
124.010000 4 420
124.010000 5 660
124.010000 6 628
124.010000 7 634
124.010000 8 621
125.010000 0 693
125.010000 1 691
125.010000 2 703
125.010000 3 499
125.010000 4 483
125.010000 5 748
125.010000 6 703
125.010000 7 713
125.010000 8 693
126.010000 0 651
126.010000 1 669
126.010000 2 632
126.010000 3 453
126.010000 4 452
126.010000 5 689
126.010000 6 632
126.010000 7 642
126.010000 8 651
127.010000 0 719
127.010000 1 729
127.010000 2 708
127.010000 3 512
127.010000 4 536
127.010000 5 769
127.010000 6 708
127.010000 7 755
127.010000 8 719
128.010000 0 658
128.010000 1 643
128.010000 2 643
128.010000 3 505
128.010000 4 440
128.010000 5 677
128.010000 6 643
128.010000 7 634
128.010000 8 658
129.010000 0 721
129.010000 1 757
129.010000 2 721
129.010000 3 510
129.010000 4 543
129.010000 5 794
129.010000 6 721
129.010000 7 748
129.010000 8 721
130.010000 0 651
130.010000 1 660
130.010000 2 656
130.010000 3 458
130.010000 4 456
130.010000 5 702
130.010000 6 656
130.010000 7 671
130.010000 8 651
131.010000 0 680
131.010000 1 709
131.010000 2 700
131.010000 3 485
131.010000 4 484
131.010000 5 745
131.010000 6 700
131.010000 7 697
131.010000 8 680
132.010000 0 659
132.010000 1 650
132.010000 2 658
132.010000 3 470
132.010000 4 431
132.010000 5 694
132.010000 6 658
132.010000 7 644
132.010000 8 659
133.010000 0 724
133.010000 1 744
133.010000 2 708
133.010000 3 484
133.010000 4 509
133.010000 5 772
133.010000 6 708
133.010000 7 733
133.010000 8 724
134.010000 0 632
134.010000 1 640
134.010000 2 672
134.010000 3 459
134.010000 4 455
134.010000 5 701
134.010000 6 672
134.010000 7 689
134.010000 8 632
135.010000 0 647
135.010000 1 646
135.010000 2 611
135.010000 3 461
135.010000 4 438
135.010000 5 674
135.010000 6 611
135.010000 7 609
135.010000 8 647
136.010000 0 705
136.010000 1 741
136.010000 2 750
136.010000 3 502
136.010000 4 529
136.010000 5 791
136.010000 6 750
136.010000 7 770
136.010000 8 705
137.010000 0 656
137.010000 1 641
137.010000 2 626
137.010000 3 464
137.010000 4 438
137.010000 5 682
137.010000 6 626
137.010000 7 627
137.010000 8 656
138.010000 0 747
138.010000 1 738
138.010000 2 719
138.010000 3 573
138.010000 4 560
138.010000 5 777
138.010000 6 719
138.010000 7 758
138.010000 8 747
139.010000 0 622
139.010000 1 647
139.010000 2 636
139.010000 3 474
139.010000 4 489
139.010000 5 692
139.010000 6 636
139.010000 7 646
139.010000 8 622
140.010000 0 681
140.010000 1 715
140.010000 2 691
140.010000 3 504
140.010000 4 523
140.010000 5 758
140.010000 6 691
140.010000 7 706
140.010000 8 681
141.010000 0 686
141.010000 1 657
141.010000 2 672
141.010000 3 540
141.010000 4 481
141.010000 5 724
141.010000 6 672
141.010000 7 662
141.010000 8 686
142.010000 0 700
142.010000 1 700
142.010000 2 691
142.010000 3 516
142.010000 4 520
142.010000 5 757
142.010000 6 691
142.010000 7 712
142.010000 8 700
143.010000 0 601
143.010000 1 621
143.010000 2 617
143.010000 3 460
143.010000 4 460
143.010000 5 669
143.010000 6 617
143.010000 7 628
143.010000 8 601
144.010000 0 704
144.010000 1 703
144.010000 2 711
144.010000 3 535
144.010000 4 517
144.010000 5 770
144.010000 6 711
144.010000 7 722
144.010000 8 704
145.010000 0 622
145.010000 1 661
145.010000 2 623
145.010000 3 458
145.010000 4 478
145.010000 5 680
145.010000 6 623
145.010000 7 630
145.010000 8 622
146.010000 0 690
146.010000 1 684
146.010000 2 692
146.010000 3 518
146.010000 4 505
146.010000 5 741
146.010000 6 692
146.010000 7 706
146.010000 8 690
147.010000 0 632
147.010000 1 650
147.010000 2 641
147.010000 3 479
147.010000 4 475
147.010000 5 696
147.010000 6 641
147.010000 7 651
147.010000 8 632
148.010000 0 706
148.010000 1 715
148.010000 2 700
148.010000 3 518
148.010000 4 511
148.010000 5 757
148.010000 6 700
148.010000 7 701
148.010000 8 706
149.010000 0 651
149.010000 1 661
149.010000 2 656
149.010000 3 480
149.010000 4 479
149.010000 5 706
149.010000 6 656
149.010000 7 669
149.010000 8 651
