0.010000 0 6
0.010000 1 5
0.010000 2 6
0.010000 3 6
0.010000 4 6
0.010000 5 5
0.010000 6 6
0.010000 7 6
0.010000 8 6
0.010000 9 6
0.010000 10 6
0.010000 11 6
0.010000 12 5
0.010000 13 6
0.010000 14 5
0.010000 15 6
0.010000 16 6
0.010000 17 5
0.010000 18 6
0.010000 19 6
0.010000 20 6
0.010000 21 6
0.010000 22 6
0.010000 23 5
0.010000 24 6
1.010000 0 22
1.010000 1 23
1.010000 2 23
1.010000 3 23
1.010000 4 22
1.010000 5 24
1.010000 6 22
1.010000 7 23
1.010000 8 22
1.010000 9 23
1.010000 10 23
1.010000 11 23
1.010000 12 23
1.010000 13 23
1.010000 14 24
1.010000 15 23
1.010000 16 23
1.010000 17 23
1.010000 18 23
1.010000 19 23
1.010000 20 22
1.010000 21 23
1.010000 22 23
1.010000 23 24
1.010000 24 22
2.010000 0 25
2.010000 1 27
2.010000 2 26
2.010000 3 26
2.010000 4 24
2.010000 5 26
2.010000 6 27
2.010000 7 25
2.010000 8 27
2.010000 9 26
2.010000 10 25
2.010000 11 26
2.010000 12 27
2.010000 13 26
2.010000 14 26
2.010000 15 25
2.010000 16 25
2.010000 17 26
2.010000 18 26
2.010000 19 25
2.010000 20 24
2.010000 21 26
2.010000 22 26
2.010000 23 26
2.010000 24 25
3.010000 0 22
3.010000 1 25
3.010000 2 25
3.010000 3 25
3.010000 4 25
3.010000 5 25
3.010000 6 25
3.010000 7 26
3.010000 8 24
3.010000 9 25
3.010000 10 26
3.010000 11 24
3.010000 12 24
3.010000 13 25
3.010000 14 25
3.010000 15 26
3.010000 16 26
3.010000 17 26
3.010000 18 24
3.010000 19 26
3.010000 20 25
3.010000 21 24
3.010000 22 25
3.010000 23 24
3.010000 24 22
4.010000 0 21
4.010000 1 22
4.010000 2 22
4.010000 3 22
4.010000 4 21
4.010000 5 22
4.010000 6 22
4.010000 7 21
4.010000 8 23
4.010000 9 22
4.010000 10 22
4.010000 11 23
4.010000 12 22
4.010000 13 22
4.010000 14 22
4.010000 15 22
4.010000 16 22
4.010000 17 21
4.010000 18 22
4.010000 19 22
4.010000 20 21
4.010000 21 23
4.010000 22 22
4.010000 23 23
4.010000 24 21
5.010000 0 24
5.010000 1 23
5.010000 2 23
5.010000 3 22
5.010000 4 22
5.010000 5 23
5.010000 6 22
5.010000 7 24
5.010000 8 23
5.010000 9 23
5.010000 10 22
5.010000 11 23
5.010000 12 23
5.010000 13 23
5.010000 14 23
5.010000 15 23
5.010000 16 23
5.010000 17 23
5.010000 18 24
5.010000 19 23
5.010000 20 22
5.010000 21 23
5.010000 22 23
5.010000 23 23
5.010000 24 24
6.010000 0 23
6.010000 1 24
6.010000 2 23
6.010000 3 25
6.010000 4 23
6.010000 5 24
6.010000 6 25
6.010000 7 24
6.010000 8 23
6.010000 9 24
6.010000 10 25
6.010000 11 24
6.010000 12 25
6.010000 13 24
6.010000 14 23
6.010000 15 24
6.010000 16 24
6.010000 17 25
6.010000 18 24
6.010000 19 24
6.010000 20 23
6.010000 21 23
6.010000 22 24
6.010000 23 23
6.010000 24 23
7.010000 0 22
7.010000 1 25
7.010000 2 26
7.010000 3 25
7.010000 4 24
7.010000 5 24
7.010000 6 25
7.010000 7 25
7.010000 8 26
7.010000 9 25
7.010000 10 25
7.010000 11 25
7.010000 12 24
7.010000 13 25
7.010000 14 25
7.010000 15 25
7.010000 16 24
7.010000 17 25
7.010000 18 25
7.010000 19 25
7.010000 20 24
7.010000 21 26
7.010000 22 25
7.010000 23 26
7.010000 24 22
8.010000 0 26
8.010000 1 25
8.010000 2 25
8.010000 3 25
8.010000 4 22
8.010000 5 26
8.010000 6 24
8.010000 7 25
8.010000 8 25
8.010000 9 25
8.010000 10 25
8.010000 11 25
8.010000 12 25
8.010000 13 25
8.010000 14 26
8.010000 15 25
8.010000 16 25
8.010000 17 25
8.010000 18 25
8.010000 19 25
8.010000 20 22
8.010000 21 24
8.010000 22 25
8.010000 23 24
8.010000 24 26
9.010000 0 20
9.010000 1 20
9.010000 2 21
9.010000 3 21
9.010000 4 22
9.010000 5 21
9.010000 6 22
9.010000 7 21
9.010000 8 20
9.010000 9 21
9.010000 10 21
9.010000 11 20
9.010000 12 21
9.010000 13 21
9.010000 14 21
9.010000 15 21
9.010000 16 22
9.010000 17 21
9.010000 18 21
9.010000 19 21
9.010000 20 22
9.010000 21 22
9.010000 22 21
9.010000 23 22
9.010000 24 20
10.010000 0 24
10.010000 1 25
10.010000 2 25
10.010000 3 25
10.010000 4 24
10.010000 5 25
10.010000 6 25
10.010000 7 25
10.010000 8 25
10.010000 9 25
10.010000 10 25
10.010000 11 26
10.010000 12 25
10.010000 13 24
10.010000 14 25
10.010000 15 25
10.010000 16 24
10.010000 17 25
10.010000 18 25
10.010000 19 25
10.010000 20 24
10.010000 21 25
10.010000 22 25
10.010000 23 25
10.010000 24 24
11.010000 0 24
11.010000 1 26
11.010000 2 24
11.010000 3 24
11.010000 4 24
11.010000 5 25
11.010000 6 25
11.010000 7 24
11.010000 8 26
11.010000 9 25
11.010000 10 25
11.010000 11 24
11.010000 12 26
11.010000 13 26
11.010000 14 24
11.010000 15 25
11.010000 16 26
11.010000 17 25
11.010000 18 25
11.010000 19 25
11.010000 20 24
11.010000 21 24
11.010000 22 25
11.010000 23 25
11.010000 24 24
12.010000 0 23
12.010000 1 25
12.010000 2 25
12.010000 3 26
12.010000 4 24
12.010000 5 25
12.010000 6 25
12.010000 7 26
12.010000 8 24
12.010000 9 25
12.010000 10 24
12.010000 11 26
12.010000 12 25
12.010000 13 25
12.010000 14 26
12.010000 15 24
12.010000 16 24
12.010000 17 25
12.010000 18 25
12.010000 19 24
12.010000 20 24
12.010000 21 26
12.010000 22 25
12.010000 23 25
12.010000 24 23
13.010000 0 21
13.010000 1 23
13.010000 2 23
13.010000 3 23
13.010000 4 22
13.010000 5 23
13.010000 6 23
13.010000 7 23
13.010000 8 24
13.010000 9 22
13.010000 10 23
13.010000 11 23
13.010000 12 23
13.010000 13 23
13.010000 14 23
13.010000 15 24
13.010000 16 24
13.010000 17 23
13.010000 18 22
13.010000 19 24
13.010000 20 22
13.010000 21 23
13.010000 22 23
13.010000 23 23
13.010000 24 21
14.010000 0 23
14.010000 1 22
14.010000 2 23
14.010000 3 22
14.010000 4 21
14.010000 5 22
14.010000 6 22
14.010000 7 22
14.010000 8 21
14.010000 9 23
14.010000 10 23
14.010000 11 22
14.010000 12 22
14.010000 13 22
14.010000 14 22
14.010000 15 22
14.010000 16 22
14.010000 17 22
14.010000 18 22
14.010000 19 21
14.010000 20 21
14.010000 21 22
14.010000 22 21
14.010000 23 22
14.010000 24 23
15.010000 0 25
15.010000 1 26
15.010000 2 26
15.010000 3 26
15.010000 4 25
15.010000 5 26
15.010000 6 26
15.010000 7 26
15.010000 8 26
15.010000 9 26
15.010000 10 26
15.010000 11 26
15.010000 12 25
15.010000 13 26
15.010000 14 25
15.010000 15 26
15.010000 16 26
15.010000 17 26
15.010000 18 26
15.010000 19 27
15.010000 20 25
15.010000 21 25
15.010000 22 27
15.010000 23 25
15.010000 24 25
16.010000 0 350
16.010000 1 332
16.010000 2 312
16.010000 3 333
16.010000 4 351
16.010000 5 354
16.010000 6 354
16.010000 7 314
16.010000 8 355
16.010000 9 313
16.010000 10 354
16.010000 11 353
16.010000 12 354
16.010000 13 354
16.010000 14 315
16.010000 15 354
16.010000 16 314
16.010000 17 354
16.010000 18 355
16.010000 19 354
16.010000 20 351
16.010000 21 335
16.010000 22 354
16.010000 23 336
16.010000 24 350
17.010000 0 346
17.010000 1 337
17.010000 2 320
17.010000 3 331
17.010000 4 351
17.010000 5 355
17.010000 6 355
17.010000 7 302
17.010000 8 354
17.010000 9 320
17.010000 10 355
17.010000 11 356
17.010000 12 351
17.010000 13 355
17.010000 14 318
17.010000 15 355
17.010000 16 306
17.010000 17 355
17.010000 18 355
17.010000 19 355
17.010000 20 351
17.010000 21 331
17.010000 22 355
17.010000 23 336
17.010000 24 346
