0.010000 0 15
0.010000 1 20
0.010000 2 14
0.010000 3 19
0.010000 4 19
0.010000 5 20
0.010000 6 17
0.010000 7 20
0.010000 8 20
0.010000 9 16
0.010000 10 20
0.010000 11 20
0.010000 12 11
0.010000 13 20
0.010000 14 15
0.010000 15 13
0.010000 16 20
1.010000 0 618
1.010000 1 630
1.010000 2 606
1.010000 3 623
1.010000 4 596
1.010000 5 633
1.010000 6 616
1.010000 7 616
1.010000 8 621
1.010000 9 616
1.010000 10 603
1.010000 11 640
1.010000 12 587
1.010000 13 628
1.010000 14 618
1.010000 15 583
1.010000 16 651
2.010000 0 484
2.010000 1 481
2.010000 2 493
2.010000 3 506
2.010000 4 495
2.010000 5 494
2.010000 6 502
2.010000 7 488
2.010000 8 498
2.010000 9 475
2.010000 10 494
2.010000 11 506
2.010000 12 471
2.010000 13 503
2.010000 14 484
2.010000 15 465
2.010000 16 510
3.010000 0 360
3.010000 1 363
3.010000 2 348
3.010000 3 367
3.010000 4 368
3.010000 5 373
3.010000 6 362
3.010000 7 355
3.010000 8 376
3.010000 9 352
3.010000 10 354
3.010000 11 368
3.010000 12 333
3.010000 13 377
3.010000 14 360
3.010000 15 328
3.010000 16 373
4.010000 0 362
4.010000 1 364
4.010000 2 366
4.010000 3 376
4.010000 4 342
4.010000 5 369
4.010000 6 388
4.010000 7 360
4.010000 8 385
4.010000 9 372
4.010000 10 384
4.010000 11 376
4.010000 12 349
4.010000 13 367
4.010000 14 362
4.010000 15 365
4.010000 16 376
5.010000 0 470
5.010000 1 480
5.010000 2 451
5.010000 3 470
5.010000 4 453
5.010000 5 470
5.010000 6 448
5.010000 7 453
5.010000 8 467
5.010000 9 442
5.010000 10 443
5.010000 11 476
5.010000 12 436
5.010000 13 473
5.010000 14 470
5.010000 15 418
5.010000 16 478
6.010000 0 342
6.010000 1 346
6.010000 2 351
6.010000 3 357
6.010000 4 358
6.010000 5 352
6.010000 6 368
6.010000 7 343
6.010000 8 349
6.010000 9 340
6.010000 10 346
6.010000 11 352
6.010000 12 333
6.010000 13 363
6.010000 14 342
6.010000 15 336
6.010000 16 360
7.010000 0 484
7.010000 1 498
7.010000 2 480
7.010000 3 505
7.010000 4 468
7.010000 5 502
7.010000 6 499
7.010000 7 490
7.010000 8 502
7.010000 9 487
7.010000 10 491
7.010000 11 508
7.010000 12 461
7.010000 13 505
7.010000 14 484
7.010000 15 461
7.010000 16 510
8.010000 0 444
8.010000 1 450
8.010000 2 451
8.010000 3 454
8.010000 4 442
8.010000 5 453
8.010000 6 456
8.010000 7 442
8.010000 8 454
8.010000 9 443
8.010000 10 447
8.010000 11 447
8.010000 12 432
8.010000 13 460
8.010000 14 444
8.010000 15 435
8.010000 16 462
9.010000 0 436
9.010000 1 443
9.010000 2 423
9.010000 3 453
9.010000 4 433
9.010000 5 444
9.010000 6 445
9.010000 7 430
9.010000 8 445
9.010000 9 429
9.010000 10 433
9.010000 11 449
9.010000 12 406
9.010000 13 446
9.010000 14 436
9.010000 15 403
9.010000 16 453
10.010000 0 512
10.010000 1 501
10.010000 2 505
10.010000 3 520
10.010000 4 506
10.010000 5 519
10.010000 6 519
10.010000 7 488
10.010000 8 522
10.010000 9 506
10.010000 10 512
10.010000 11 524
10.010000 12 485
10.010000 13 525
10.010000 14 512
10.010000 15 488
10.010000 16 530
11.010000 0 315
11.010000 1 332
11.010000 2 314
11.010000 3 323
11.010000 4 308
11.010000 5 319
11.010000 6 317
11.010000 7 324
11.010000 8 317
11.010000 9 305
11.010000 10 307
11.010000 11 319
11.010000 12 301
11.010000 13 319
11.010000 14 315
11.010000 15 288
11.010000 16 327
12.010000 0 481
12.010000 1 485
12.010000 2 467
12.010000 3 483
12.010000 4 476
12.010000 5 491
12.010000 6 491
12.010000 7 479
12.010000 8 491
12.010000 9 475
12.010000 10 486
12.010000 11 497
12.010000 12 447
12.010000 13 498
12.010000 14 481
12.010000 15 457
12.010000 16 499
13.010000 0 423
13.010000 1 422
13.010000 2 429
13.010000 3 432
13.010000 4 416
13.010000 5 428
13.010000 6 431
13.010000 7 398
13.010000 8 431
13.010000 9 419
13.010000 10 442
13.010000 11 434
13.010000 12 411
13.010000 13 437
13.010000 14 423
13.010000 15 413
13.010000 16 438
14.010000 0 442
14.010000 1 460
14.010000 2 441
14.010000 3 465
14.010000 4 446
14.010000 5 461
14.010000 6 459
14.010000 7 464
14.010000 8 443
14.010000 9 455
14.010000 10 431
14.010000 11 461
14.010000 12 433
14.010000 13 460
14.010000 14 442
14.010000 15 434
14.010000 16 469
15.010000 0 450
15.010000 1 454
15.010000 2 445
15.010000 3 464
15.010000 4 448
15.010000 5 457
15.010000 6 459
15.010000 7 447
15.010000 8 460
15.010000 9 439
15.010000 10 452
15.010000 11 464
15.010000 12 419
15.010000 13 464
15.010000 14 450
15.010000 15 421
15.010000 16 467
16.010000 0 564
16.010000 1 530
16.010000 2 596
16.010000 3 623
16.010000 4 600
16.010000 5 621
16.010000 6 611
16.010000 7 512
16.010000 8 608
16.010000 9 605
16.010000 10 597
16.010000 11 612
16.010000 12 589
16.010000 13 571
16.010000 14 564
16.010000 15 587
16.010000 16 618
17.010000 0 655
17.010000 1 615
17.010000 2 695
17.010000 3 711
17.010000 4 695
17.010000 5 707
17.010000 6 707
17.010000 7 606
17.010000 8 705
17.010000 9 694
17.010000 10 699
17.010000 11 711
17.010000 12 678
17.010000 13 665
17.010000 14 655
17.010000 15 677
17.010000 16 716
18.010000 0 624
18.010000 1 582
18.010000 2 658
18.010000 3 675
18.010000 4 661
18.010000 5 670
18.010000 6 671
18.010000 7 579
18.010000 8 687
18.010000 9 648
18.010000 10 666
18.010000 11 678
18.010000 12 631
18.010000 13 636
18.010000 14 624
18.010000 15 631
18.010000 16 678
19.010000 0 574
19.010000 1 537
19.010000 2 601
19.010000 3 616
19.010000 4 602
19.010000 5 614
19.010000 6 609
19.010000 7 526
19.010000 8 620
19.010000 9 608
19.010000 10 607
19.010000 11 618
19.010000 12 593
19.010000 13 580
19.010000 14 574
19.010000 15 591
19.010000 16 621
20.010000 0 652
20.010000 1 619
20.010000 2 687
20.010000 3 708
20.010000 4 690
20.010000 5 702
20.010000 6 704
20.010000 7 610
20.010000 8 688
20.010000 9 691
20.010000 10 694
20.010000 11 706
20.010000 12 670
20.010000 13 667
20.010000 14 652
20.010000 15 674
20.010000 16 711
21.010000 0 610
21.010000 1 572
21.010000 2 633
21.010000 3 656
21.010000 4 638
21.010000 5 651
21.010000 6 651
21.010000 7 567
21.010000 8 654
21.010000 9 636
21.010000 10 644
21.010000 11 658
21.010000 12 613
21.010000 13 623
21.010000 14 610
21.010000 15 616
21.010000 16 660
22.010000 0 638
22.010000 1 595
22.010000 2 673
22.010000 3 690
22.010000 4 674
22.010000 5 684
22.010000 6 685
22.010000 7 588
22.010000 8 687
22.010000 9 671
22.010000 10 679
22.010000 11 690
22.010000 12 656
22.010000 13 648
22.010000 14 638
22.010000 15 654
22.010000 16 693
23.010000 0 629
23.010000 1 597
23.010000 2 667
23.010000 3 685
23.010000 4 669
23.010000 5 679
23.010000 6 681
23.010000 7 588
23.010000 8 681
23.010000 9 666
23.010000 10 672
23.010000 11 685
23.010000 12 648
23.010000 13 643
23.010000 14 629
23.010000 15 649
23.010000 16 688
24.010000 0 592
24.010000 1 574
24.010000 2 621
24.010000 3 641
24.010000 4 627
24.010000 5 637
24.010000 6 635
24.010000 7 547
24.010000 8 635
24.010000 9 610
24.010000 10 626
24.010000 11 641
24.010000 12 606
24.010000 13 599
24.010000 14 592
24.010000 15 590
24.010000 16 647
25.010000 0 586
25.010000 1 534
25.010000 2 608
25.010000 3 634
25.010000 4 642
25.010000 5 635
25.010000 6 630
25.010000 7 543
25.010000 8 645
25.010000 9 612
25.010000 10 622
25.010000 11 632
25.010000 12 589
25.010000 13 592
25.010000 14 586
25.010000 15 586
25.010000 16 639
26.010000 0 546
26.010000 1 514
26.010000 2 595
26.010000 3 596
26.010000 4 585
26.010000 5 594
26.010000 6 596
26.010000 7 514
26.010000 8 595
26.010000 9 571
26.010000 10 607
26.010000 11 599
26.010000 12 567
26.010000 13 561
26.010000 14 546
26.010000 15 562
26.010000 16 600
27.010000 0 630
27.010000 1 599
27.010000 2 661
27.010000 3 683
27.010000 4 669
27.010000 5 682
27.010000 6 679
27.010000 7 590
27.010000 8 681
27.010000 9 675
27.010000 10 672
27.010000 11 685
27.010000 12 652
27.010000 13 646
27.010000 14 630
27.010000 15 649
27.010000 16 691
28.010000 0 677
28.010000 1 623
28.010000 2 703
28.010000 3 725
28.010000 4 705
28.010000 5 717
28.010000 6 721
28.010000 7 617
28.010000 8 721
28.010000 9 694
28.010000 10 714
28.010000 11 726
28.010000 12 675
28.010000 13 681
28.010000 14 677
28.010000 15 676
28.010000 16 726
29.010000 0 601
29.010000 1 591
29.010000 2 644
29.010000 3 665
29.010000 4 649
29.010000 5 662
29.010000 6 659
29.010000 7 567
29.010000 8 658
29.010000 9 659
29.010000 10 649
29.010000 11 662
29.010000 12 637
29.010000 13 619
29.010000 14 601
29.010000 15 639
29.010000 16 672
30.010000 0 688
30.010000 1 644
30.010000 2 715
30.010000 3 735
30.010000 4 717
30.010000 5 730
30.010000 6 731
30.010000 7 617
30.010000 8 732
30.010000 9 715
30.010000 10 721
30.010000 11 736
30.010000 12 695
30.010000 13 696
30.010000 14 688
30.010000 15 697
30.010000 16 729
31.010000 0 593
31.010000 1 561
31.010000 2 634
31.010000 3 648
31.010000 4 632
31.010000 5 645
31.010000 6 643
31.010000 7 550
31.010000 8 643
31.010000 9 641
31.010000 10 638
31.010000 11 649
31.010000 12 626
31.010000 13 618
31.010000 14 593
31.010000 15 626
31.010000 16 654
32.010000 0 634
32.010000 1 609
32.010000 2 668
32.010000 3 688
32.010000 4 670
32.010000 5 683
32.010000 6 684
32.010000 7 600
32.010000 8 670
32.010000 9 669
32.010000 10 673
32.010000 11 687
32.010000 12 650
32.010000 13 654
32.010000 14 634
32.010000 15 651
32.010000 16 693
33.010000 0 600
33.010000 1 572
33.010000 2 651
33.010000 3 659
33.010000 4 647
33.010000 5 659
33.010000 6 657
33.010000 7 562
33.010000 8 670
33.010000 9 645
33.010000 10 651
33.010000 11 661
33.010000 12 634
33.010000 13 619
33.010000 14 600
33.010000 15 633
33.010000 16 665
34.010000 0 609
34.010000 1 574
34.010000 2 620
34.010000 3 656
34.010000 4 640
34.010000 5 650
34.010000 6 654
34.010000 7 569
34.010000 8 651
34.010000 9 636
34.010000 10 661
34.010000 11 657
34.010000 12 601
34.010000 13 619
34.010000 14 609
34.010000 15 615
34.010000 16 657
35.010000 0 666
35.010000 1 638
35.010000 2 707
35.010000 3 722
35.010000 4 705
35.010000 5 717
35.010000 6 717
35.010000 7 626
35.010000 8 703
35.010000 9 703
35.010000 10 689
35.010000 11 719
35.010000 12 690
35.010000 13 683
35.010000 14 666
35.010000 15 683
35.010000 16 729
36.010000 0 604
36.010000 1 565
36.010000 2 631
36.010000 3 649
36.010000 4 635
36.010000 5 645
36.010000 6 647
36.010000 7 556
36.010000 8 647
36.010000 9 631
36.010000 10 641
36.010000 11 649
36.010000 12 613
36.010000 13 609
36.010000 14 604
36.010000 15 614
36.010000 16 653
37.010000 0 535
37.010000 1 497
37.010000 2 578
37.010000 3 584
37.010000 4 573
37.010000 5 579
37.010000 6 582
37.010000 7 505
37.010000 8 585
37.010000 9 571
37.010000 10 590
37.010000 11 589
37.010000 12 563
37.010000 13 547
37.010000 14 535
37.010000 15 556
37.010000 16 589
38.010000 0 683
38.010000 1 632
38.010000 2 718
38.010000 3 750
38.010000 4 736
38.010000 5 739
38.010000 6 743
38.010000 7 631
38.010000 8 737
38.010000 9 731
38.010000 10 732
38.010000 11 744
38.010000 12 697
38.010000 13 699
38.010000 14 683
38.010000 15 714
38.010000 16 748
39.010000 0 591
39.010000 1 568
39.010000 2 644
39.010000 3 656
39.010000 4 640
39.010000 5 651
39.010000 6 652
39.010000 7 566
39.010000 8 660
39.010000 9 641
39.010000 10 647
39.010000 11 658
39.010000 12 627
39.010000 13 619
39.010000 14 591
39.010000 15 631
39.010000 16 660
40.010000 0 637
40.010000 1 606
40.010000 2 664
40.010000 3 689
40.010000 4 673
40.010000 5 686
40.010000 6 680
40.010000 7 580
40.010000 8 684
40.010000 9 670
40.010000 10 676
40.010000 11 688
40.010000 12 649
40.010000 13 643
40.010000 14 637
40.010000 15 644
40.010000 16 693
41.010000 0 637
41.010000 1 601
41.010000 2 673
41.010000 3 707
41.010000 4 677
41.010000 5 690
41.010000 6 692
41.010000 7 595
41.010000 8 689
41.010000 9 675
41.010000 10 680
41.010000 11 693
41.010000 12 652
41.010000 13 652
41.010000 14 637
41.010000 15 658
41.010000 16 686
42.010000 0 587
42.010000 1 542
42.010000 2 622
42.010000 3 625
42.010000 4 643
42.010000 5 637
42.010000 6 632
42.010000 7 531
42.010000 8 652
42.010000 9 618
42.010000 10 630
42.010000 11 640
42.010000 12 607
42.010000 13 593
42.010000 14 587
42.010000 15 597
42.010000 16 654
43.010000 0 686
43.010000 1 656
43.010000 2 726
43.010000 3 744
43.010000 4 726
43.010000 5 740
43.010000 6 742
43.010000 7 644
43.010000 8 728
43.010000 9 724
43.010000 10 731
43.010000 11 743
43.010000 12 705
43.010000 13 707
43.010000 14 686
43.010000 15 707
43.010000 16 739
44.010000 0 636
44.010000 1 614
44.010000 2 684
44.010000 3 708
44.010000 4 682
44.010000 5 697
44.010000 6 692
44.010000 7 599
44.010000 8 696
44.010000 9 689
44.010000 10 668
44.010000 11 698
44.010000 12 674
44.010000 13 658
44.010000 14 636
44.010000 15 670
44.010000 16 704
45.010000 0 578
45.010000 1 532
45.010000 2 605
45.010000 3 614
45.010000 4 600
45.010000 5 610
45.010000 6 609
45.010000 7 519
45.010000 8 609
45.010000 9 595
45.010000 10 601
45.010000 11 614
45.010000 12 588
45.010000 13 575
45.010000 14 578
45.010000 15 578
45.010000 16 620
46.010000 0 604
46.010000 1 567
46.010000 2 646
46.010000 3 659
46.010000 4 645
46.010000 5 659
46.010000 6 654
46.010000 7 565
46.010000 8 673
46.010000 9 644
46.010000 10 651
46.010000 11 665
46.010000 12 629
46.010000 13 623
46.010000 14 604
46.010000 15 627
46.010000 16 663
47.010000 0 590
47.010000 1 561
47.010000 2 642
47.010000 3 650
47.010000 4 634
47.010000 5 649
47.010000 6 651
47.010000 7 569
47.010000 8 649
47.010000 9 636
47.010000 10 640
47.010000 11 652
47.010000 12 624
47.010000 13 611
47.010000 14 590
47.010000 15 628
47.010000 16 654
48.010000 0 695
48.010000 1 653
48.010000 2 724
48.010000 3 735
48.010000 4 736
48.010000 5 740
48.010000 6 738
48.010000 7 625
48.010000 8 742
48.010000 9 725
48.010000 10 730
48.010000 11 746
48.010000 12 709
48.010000 13 697
48.010000 14 695
48.010000 15 699
48.010000 16 763
49.010000 0 632
49.010000 1 603
49.010000 2 670
49.010000 3 704
49.010000 4 657
49.010000 5 682
49.010000 6 701
49.010000 7 597
49.010000 8 676
49.010000 9 676
49.010000 10 677
49.010000 11 689
49.010000 12 652
49.010000 13 651
49.010000 14 632
49.010000 15 660
49.010000 16 693
50.010000 0 611
50.010000 1 583
50.010000 2 649
50.010000 3 652
50.010000 4 647
50.010000 5 662
50.010000 6 656
50.010000 7 579
50.010000 8 670
50.010000 9 644
50.010000 10 653
50.010000 11 666
50.010000 12 632
50.010000 13 631
50.010000 14 611
50.010000 15 627
50.010000 16 667
51.010000 0 612
51.010000 1 568
51.010000 2 633
51.010000 3 665
51.010000 4 640
51.010000 5 646
51.010000 6 650
51.010000 7 554
51.010000 8 635
51.010000 9 625
51.010000 10 654
51.010000 11 650
51.010000 12 616
51.010000 13 611
51.010000 14 612
51.010000 15 608
51.010000 16 658
52.010000 0 656
52.010000 1 622
52.010000 2 700
52.010000 3 709
52.010000 4 693
52.010000 5 707
52.010000 6 706
52.010000 7 611
52.010000 8 706
52.010000 9 694
52.010000 10 682
52.010000 11 710
52.010000 12 683
52.010000 13 670
52.010000 14 656
52.010000 15 683
52.010000 16 715
53.010000 0 643
53.010000 1 609
53.010000 2 685
53.010000 3 700
53.010000 4 684
53.010000 5 696
53.010000 6 697
53.010000 7 601
53.010000 8 697
53.010000 9 684
53.010000 10 689
53.010000 11 702
53.010000 12 667
53.010000 13 661
53.010000 14 643
53.010000 15 667
53.010000 16 703
54.010000 0 604
54.010000 1 566
54.010000 2 641
54.010000 3 658
54.010000 4 655
54.010000 5 654
54.010000 6 652
54.010000 7 555
54.010000 8 653
54.010000 9 638
54.010000 10 646
54.010000 11 655
54.010000 12 624
54.010000 13 614
54.010000 14 604
54.010000 15 621
54.010000 16 662
55.010000 0 606
55.010000 1 560
55.010000 2 636
55.010000 3 653
55.010000 4 638
55.010000 5 651
55.010000 6 647
55.010000 7 554
55.010000 8 666
55.010000 9 635
55.010000 10 644
55.010000 11 657
55.010000 12 618
55.010000 13 610
55.010000 14 606
55.010000 15 616
55.010000 16 657
56.010000 0 637
56.010000 1 602
56.010000 2 675
56.010000 3 691
56.010000 4 677
56.010000 5 688
56.010000 6 688
56.010000 7 592
56.010000 8 687
56.010000 9 676
56.010000 10 681
56.010000 11 692
56.010000 12 658
56.010000 13 651
56.010000 14 637
56.010000 15 659
56.010000 16 697
57.010000 0 556
57.010000 1 526
57.010000 2 593
57.010000 3 608
57.010000 4 606
57.010000 5 607
57.010000 6 592
57.010000 7 537
57.010000 8 600
57.010000 9 592
57.010000 10 598
57.010000 11 611
57.010000 12 576
57.010000 13 577
57.010000 14 556
57.010000 15 581
57.010000 16 613
58.010000 0 680
58.010000 1 631
58.010000 2 727
58.010000 3 731
58.010000 4 717
58.010000 5 728
58.010000 6 730
58.010000 7 618
58.010000 8 738
58.010000 9 712
58.010000 10 726
58.010000 11 734
58.010000 12 705
58.010000 13 694
58.010000 14 680
58.010000 15 704
58.010000 16 727
59.010000 0 562
59.010000 1 538
59.010000 2 592
59.010000 3 609
59.010000 4 592
59.010000 5 602
59.010000 6 605
59.010000 7 522
59.010000 8 602
59.010000 9 584
59.010000 10 614
59.010000 11 610
59.010000 12 566
59.010000 13 573
59.010000 14 562
59.010000 15 569
59.010000 16 611
60.010000 0 664
60.010000 1 625
60.010000 2 699
60.010000 3 720
60.010000 4 702
60.010000 5 711
60.010000 6 727
60.010000 7 611
60.010000 8 699
60.010000 9 701
60.010000 10 689
60.010000 11 715
60.010000 12 682
60.010000 13 674
60.010000 14 664
60.010000 15 684
60.010000 16 722
61.010000 0 659
61.010000 1 613
61.010000 2 697
61.010000 3 714
61.010000 4 699
61.010000 5 712
61.010000 6 713
61.010000 7 621
61.010000 8 713
61.010000 9 699
61.010000 10 704
61.010000 11 716
61.010000 12 678
61.010000 13 679
61.010000 14 659
61.010000 15 680
61.010000 16 720
62.010000 0 577
62.010000 1 554
62.010000 2 614
62.010000 3 631
62.010000 4 616
62.010000 5 627
62.010000 6 626
62.010000 7 528
62.010000 8 626
62.010000 9 616
62.010000 10 635
62.010000 11 631
62.010000 12 599
62.010000 13 587
62.010000 14 577
62.010000 15 600
62.010000 16 634
63.010000 0 603
63.010000 1 552
63.010000 2 632
63.010000 3 652
63.010000 4 635
63.010000 5 648
63.010000 6 649
63.010000 7 577
63.010000 8 652
63.010000 9 633
63.010000 10 643
63.010000 11 653
63.010000 12 613
63.010000 13 619
63.010000 14 603
63.010000 15 615
63.010000 16 653
64.010000 0 624
64.010000 1 614
64.010000 2 670
64.010000 3 672
64.010000 4 666
64.010000 5 687
64.010000 6 664
64.010000 7 593
64.010000 8 685
64.010000 9 667
64.010000 10 674
64.010000 11 700
64.010000 12 655
64.010000 13 649
64.010000 14 624
64.010000 15 648
64.010000 16 691
65.010000 0 615
65.010000 1 571
65.010000 2 647
65.010000 3 678
65.010000 4 652
65.010000 5 663
65.010000 6 665
65.010000 7 575
65.010000 8 662
65.010000 9 650
65.010000 10 655
65.010000 11 666
65.010000 12 628
65.010000 13 629
65.010000 14 615
65.010000 15 633
65.010000 16 668
66.010000 0 650
66.010000 1 612
66.010000 2 687
66.010000 3 706
66.010000 4 683
66.010000 5 693
66.010000 6 699
66.010000 7 609
66.010000 8 695
66.010000 9 695
66.010000 10 677
66.010000 11 687
66.010000 12 670
66.010000 13 676
66.010000 14 650
66.010000 15 678
66.010000 16 708
67.010000 0 538
67.010000 1 527
67.010000 2 587
67.010000 3 594
67.010000 4 583
67.010000 5 594
67.010000 6 589
67.010000 7 506
67.010000 8 591
67.010000 9 585
67.010000 10 599
67.010000 11 594
67.010000 12 578
67.010000 13 556
67.010000 14 538
67.010000 15 570
67.010000 16 604
68.010000 0 643
68.010000 1 605
68.010000 2 681
68.010000 3 701
68.010000 4 685
68.010000 5 697
68.010000 6 695
68.010000 7 601
68.010000 8 696
68.010000 9 682
68.010000 10 688
68.010000 11 701
68.010000 12 664
68.010000 13 659
68.010000 14 643
68.010000 15 663
68.010000 16 704
69.010000 0 637
69.010000 1 596
69.010000 2 663
69.010000 3 683
69.010000 4 668
69.010000 5 682
69.010000 6 680
69.010000 7 585
69.010000 8 683
69.010000 9 668
69.010000 10 673
69.010000 11 687
69.010000 12 646
69.010000 13 648
69.010000 14 637
69.010000 15 649
69.010000 16 690
70.010000 0 599
70.010000 1 558
70.010000 2 622
70.010000 3 641
70.010000 4 625
70.010000 5 635
70.010000 6 637
70.010000 7 547
70.010000 8 635
70.010000 9 622
70.010000 10 627
70.010000 11 639
70.010000 12 605
70.010000 13 601
70.010000 14 599
70.010000 15 605
70.010000 16 644
71.010000 0 617
71.010000 1 578
71.010000 2 648
71.010000 3 666
71.010000 4 651
71.010000 5 662
71.010000 6 661
71.010000 7 572
71.010000 8 661
71.010000 9 648
71.010000 10 654
71.010000 11 666
71.010000 12 631
71.010000 13 628
71.010000 14 617
71.010000 15 631
71.010000 16 671
72.010000 0 630
72.010000 1 592
72.010000 2 664
72.010000 3 672
72.010000 4 654
72.010000 5 668
72.010000 6 669
72.010000 7 579
72.010000 8 669
72.010000 9 656
72.010000 10 647
72.010000 11 672
72.010000 12 647
72.010000 13 639
72.010000 14 630
72.010000 15 646
72.010000 16 676
73.010000 0 678
73.010000 1 630
73.010000 2 719
73.010000 3 737
73.010000 4 719
73.010000 5 731
73.010000 6 736
73.010000 7 635
73.010000 8 736
73.010000 9 721
73.010000 10 727
73.010000 11 740
73.010000 12 700
73.010000 13 695
73.010000 14 678
73.010000 15 704
73.010000 16 741
74.010000 0 613
74.010000 1 581
74.010000 2 650
74.010000 3 664
74.010000 4 652
74.010000 5 662
74.010000 6 662
74.010000 7 573
74.010000 8 667
74.010000 9 648
74.010000 10 653
74.010000 11 669
74.010000 12 631
74.010000 13 631
74.010000 14 613
74.010000 15 626
74.010000 16 671
75.010000 0 652
75.010000 1 614
75.010000 2 675
75.010000 3 705
75.010000 4 689
75.010000 5 699
75.010000 6 697
75.010000 7 606
75.010000 8 700
75.010000 9 685
75.010000 10 689
75.010000 11 706
75.010000 12 657
75.010000 13 665
75.010000 14 652
75.010000 15 658
75.010000 16 708
76.010000 0 630
76.010000 1 594
76.010000 2 677
76.010000 3 689
76.010000 4 671
76.010000 5 683
76.010000 6 685
76.010000 7 588
76.010000 8 685
76.010000 9 671
76.010000 10 678
76.010000 11 689
76.010000 12 660
76.010000 13 649
76.010000 14 630
76.010000 15 660
76.010000 16 693
77.010000 0 631
77.010000 1 596
77.010000 2 661
77.010000 3 684
77.010000 4 647
77.010000 5 675
77.010000 6 678
77.010000 7 604
77.010000 8 674
77.010000 9 667
77.010000 10 668
77.010000 11 680
77.010000 12 644
77.010000 13 642
77.010000 14 631
77.010000 15 649
77.010000 16 684
78.010000 0 566
78.010000 1 541
78.010000 2 603
78.010000 3 620
78.010000 4 622
78.010000 5 618
78.010000 6 615
78.010000 7 534
78.010000 8 614
78.010000 9 600
78.010000 10 608
78.010000 11 613
78.010000 12 586
78.010000 13 581
78.010000 14 566
78.010000 15 583
78.010000 16 624
79.010000 0 678
79.010000 1 637
79.010000 2 713
79.010000 3 728
79.010000 4 694
79.010000 5 724
79.010000 6 736
79.010000 7 613
79.010000 8 726
79.010000 9 715
79.010000 10 718
79.010000 11 736
79.010000 12 696
79.010000 13 692
79.010000 14 678
79.010000 15 700
79.010000 16 731
80.010000 0 617
80.010000 1 579
80.010000 2 657
80.010000 3 675
80.010000 4 675
80.010000 5 671
80.010000 6 673
80.010000 7 577
80.010000 8 673
80.010000 9 654
80.010000 10 661
80.010000 11 673
80.010000 12 640
80.010000 13 623
80.010000 14 617
80.010000 15 635
80.010000 16 679
81.010000 0 576
81.010000 1 540
81.010000 2 615
81.010000 3 633
81.010000 4 619
81.010000 5 629
81.010000 6 627
81.010000 7 551
81.010000 8 629
81.010000 9 618
81.010000 10 620
81.010000 11 634
81.010000 12 598
81.010000 13 602
81.010000 14 576
81.010000 15 602
81.010000 16 635
82.010000 0 576
82.010000 1 540
82.010000 2 600
82.010000 3 635
82.010000 4 604
82.010000 5 622
82.010000 6 622
82.010000 7 542
82.010000 8 622
82.010000 9 612
82.010000 10 610
82.010000 11 624
82.010000 12 588
82.010000 13 574
82.010000 14 576
82.010000 15 590
82.010000 16 628
83.010000 0 585
83.010000 1 558
83.010000 2 626
83.010000 3 641
83.010000 4 631
83.010000 5 634
83.010000 6 634
83.010000 7 544
83.010000 8 637
83.010000 9 630
83.010000 10 627
83.010000 11 639
83.010000 12 618
83.010000 13 599
83.010000 14 585
83.010000 15 613
83.010000 16 647
84.010000 0 615
84.010000 1 581
84.010000 2 645
84.010000 3 664
84.010000 4 649
84.010000 5 660
84.010000 6 662
84.010000 7 561
84.010000 8 660
84.010000 9 652
84.010000 10 655
84.010000 11 664
84.010000 12 626
84.010000 13 632
84.010000 14 615
84.010000 15 635
84.010000 16 657
85.010000 0 618
85.010000 1 584
85.010000 2 655
85.010000 3 659
85.010000 4 637
85.010000 5 666
85.010000 6 666
85.010000 7 596
85.010000 8 666
85.010000 9 657
85.010000 10 662
85.010000 11 674
85.010000 12 640
85.010000 13 636
85.010000 14 618
85.010000 15 640
85.010000 16 685
86.010000 0 607
86.010000 1 586
86.010000 2 661
86.010000 3 670
86.010000 4 653
86.010000 5 667
86.010000 6 666
86.010000 7 580
86.010000 8 667
86.010000 9 653
86.010000 10 653
86.010000 11 668
86.010000 12 644
86.010000 13 628
86.010000 14 607
86.010000 15 634
86.010000 16 663
87.010000 0 644
87.010000 1 615
87.010000 2 671
87.010000 3 695
87.010000 4 676
87.010000 5 688
87.010000 6 691
87.010000 7 606
87.010000 8 687
87.010000 9 673
87.010000 10 665
87.010000 11 694
87.010000 12 651
87.010000 13 659
87.010000 14 644
87.010000 15 660
87.010000 16 709
88.010000 0 565
88.010000 1 546
88.010000 2 628
88.010000 3 632
88.010000 4 620
88.010000 5 645
88.010000 6 629
88.010000 7 540
88.010000 8 631
88.010000 9 618
88.010000 10 636
88.010000 11 633
88.010000 12 613
88.010000 13 592
88.010000 14 565
88.010000 15 601
88.010000 16 626
89.010000 0 625
89.010000 1 587
89.010000 2 642
89.010000 3 679
89.010000 4 655
89.010000 5 664
89.010000 6 662
89.010000 7 578
89.010000 8 662
89.010000 9 651
89.010000 10 637
89.010000 11 668
89.010000 12 626
89.010000 13 630
89.010000 14 625
89.010000 15 622
89.010000 16 682
90.010000 0 628
90.010000 1 585
90.010000 2 668
90.010000 3 675
90.010000 4 667
90.010000 5 680
90.010000 6 680
90.010000 7 575
90.010000 8 681
90.010000 9 672
90.010000 10 691
90.010000 11 686
90.010000 12 650
90.010000 13 642
90.010000 14 628
90.010000 15 657
90.010000 16 687
91.010000 0 595
91.010000 1 563
91.010000 2 627
91.010000 3 656
91.010000 4 627
91.010000 5 639
91.010000 6 640
91.010000 7 556
91.010000 8 639
91.010000 9 627
91.010000 10 631
91.010000 11 643
91.010000 12 609
91.010000 13 606
91.010000 14 595
91.010000 15 610
91.010000 16 648
92.010000 0 627
92.010000 1 593
92.010000 2 660
92.010000 3 678
92.010000 4 662
92.010000 5 674
92.010000 6 675
92.010000 7 582
92.010000 8 675
92.010000 9 661
92.010000 10 666
92.010000 11 678
92.010000 12 642
92.010000 13 639
92.010000 14 627
92.010000 15 644
92.010000 16 682
93.010000 0 645
93.010000 1 596
93.010000 2 680
93.010000 3 697
93.010000 4 680
93.010000 5 692
93.010000 6 693
93.010000 7 589
93.010000 8 694
93.010000 9 679
93.010000 10 687
93.010000 11 699
93.010000 12 662
93.010000 13 654
93.010000 14 645
93.010000 15 662
93.010000 16 701
94.010000 0 611
94.010000 1 573
94.010000 2 638
94.010000 3 658
94.010000 4 641
94.010000 5 650
94.010000 6 653
94.010000 7 563
94.010000 8 651
94.010000 9 637
94.010000 10 644
94.010000 11 655
94.010000 12 620
94.010000 13 617
94.010000 14 611
94.010000 15 620
94.010000 16 662
95.010000 0 668
95.010000 1 635
95.010000 2 705
95.010000 3 722
95.010000 4 705
95.010000 5 717
95.010000 6 718
95.010000 7 606
95.010000 8 717
95.010000 9 703
95.010000 10 710
95.010000 11 722
95.010000 12 687
95.010000 13 682
95.010000 14 668
95.010000 15 686
95.010000 16 727
96.010000 0 654
96.010000 1 633
96.010000 2 710
96.010000 3 725
96.010000 4 708
96.010000 5 723
96.010000 6 722
96.010000 7 625
96.010000 8 722
96.010000 9 710
96.010000 10 717
96.010000 11 726
96.010000 12 693
96.010000 13 686
96.010000 14 654
96.010000 15 693
96.010000 16 728
97.010000 0 618
97.010000 1 586
97.010000 2 653
97.010000 3 668
97.010000 4 653
97.010000 5 665
97.010000 6 666
97.010000 7 578
97.010000 8 665
97.010000 9 651
97.010000 10 658
97.010000 11 670
97.010000 12 635
97.010000 13 632
97.010000 14 618
97.010000 15 634
97.010000 16 672
98.010000 0 631
98.010000 1 603
98.010000 2 673
98.010000 3 691
98.010000 4 673
98.010000 5 686
98.010000 6 688
98.010000 7 595
98.010000 8 688
98.010000 9 675
98.010000 10 678
98.010000 11 692
98.010000 12 656
98.010000 13 652
98.010000 14 631
98.010000 15 658
98.010000 16 696
99.010000 0 539
99.010000 1 500
99.010000 2 574
99.010000 3 595
99.010000 4 571
99.010000 5 581
99.010000 6 586
99.010000 7 510
99.010000 8 581
99.010000 9 570
99.010000 10 577
99.010000 11 585
99.010000 12 557
99.010000 13 547
99.010000 14 539
99.010000 15 561
99.010000 16 588
100.010000 0 662
100.010000 1 627
100.010000 2 710
100.010000 3 720
100.010000 4 708
100.010000 5 725
100.010000 6 722
100.010000 7 630
100.010000 8 726
100.010000 9 717
100.010000 10 717
100.010000 11 729
100.010000 12 697
100.010000 13 690
100.010000 14 662
100.010000 15 699
100.010000 16 732
101.010000 0 657
101.010000 1 613
101.010000 2 689
101.010000 3 703
101.010000 4 689
101.010000 5 699
101.010000 6 694
101.010000 7 586
101.010000 8 699
101.010000 9 684
101.010000 10 689
101.010000 11 704
101.010000 12 672
101.010000 13 673
101.010000 14 657
101.010000 15 668
101.010000 16 711
102.010000 0 566
102.010000 1 535
102.010000 2 600
102.010000 3 625
102.010000 4 607
102.010000 5 609
102.010000 6 632
102.010000 7 546
102.010000 8 615
102.010000 9 604
102.010000 10 610
102.010000 11 621
102.010000 12 583
102.010000 13 579
102.010000 14 566
102.010000 15 587
102.010000 16 623
103.010000 0 651
103.010000 1 638
103.010000 2 708
103.010000 3 721
103.010000 4 731
103.010000 5 734
103.010000 6 711
103.010000 7 635
103.010000 8 737
103.010000 9 707
103.010000 10 718
103.010000 11 726
103.010000 12 691
103.010000 13 676
103.010000 14 651
103.010000 15 683
103.010000 16 735
104.010000 0 620
104.010000 1 575
104.010000 2 640
104.010000 3 661
104.010000 4 644
104.010000 5 655
104.010000 6 658
104.010000 7 562
104.010000 8 655
104.010000 9 643
104.010000 10 648
104.010000 11 658
104.010000 12 623
104.010000 13 620
104.010000 14 620
104.010000 15 625
104.010000 16 666
105.010000 0 632
105.010000 1 603
105.010000 2 674
105.010000 3 692
105.010000 4 673
105.010000 5 687
105.010000 6 688
105.010000 7 596
105.010000 8 686
105.010000 9 672
105.010000 10 679
105.010000 11 692
105.010000 12 655
105.010000 13 651
105.010000 14 632
105.010000 15 655
105.010000 16 696
106.010000 0 701
106.010000 1 658
106.010000 2 739
106.010000 3 757
106.010000 4 722
106.010000 5 737
106.010000 6 752
106.010000 7 648
106.010000 8 759
106.010000 9 740
106.010000 10 747
106.010000 11 757
106.010000 12 720
106.010000 13 714
106.010000 14 701
106.010000 15 723
106.010000 16 761
107.010000 0 557
107.010000 1 523
107.010000 2 603
107.010000 3 604
107.010000 4 593
107.010000 5 606
107.010000 6 600
107.010000 7 514
107.010000 8 617
107.010000 9 593
107.010000 10 595
107.010000 11 610
107.010000 12 588
107.010000 13 578
107.010000 14 557
107.010000 15 577
107.010000 16 610
108.010000 0 648
108.010000 1 613
108.010000 2 692
108.010000 3 695
108.010000 4 711
108.010000 5 718
108.010000 6 704
108.010000 7 605
108.010000 8 694
108.010000 9 682
108.010000 10 694
108.010000 11 709
108.010000 12 668
108.010000 13 664
108.010000 14 648
108.010000 15 665
108.010000 16 713
109.010000 0 612
109.010000 1 595
109.010000 2 646
109.010000 3 676
109.010000 4 632
109.010000 5 660
109.010000 6 660
109.010000 7 568
109.010000 8 658
109.010000 9 650
109.010000 10 647
109.010000 11 662
109.010000 12 632
109.010000 13 612
109.010000 14 612
109.010000 15 630
109.010000 16 679
110.010000 0 710
110.010000 1 670
110.010000 2 737
110.010000 3 764
110.010000 4 747
110.010000 5 758
110.010000 6 761
110.010000 7 645
110.010000 8 759
110.010000 9 744
110.010000 10 755
110.010000 11 765
110.010000 12 718
110.010000 13 724
110.010000 14 710
110.010000 15 728
110.010000 16 770
111.010000 0 637
111.010000 1 604
111.010000 2 695
111.010000 3 703
111.010000 4 689
111.010000 5 703
111.010000 6 698
111.010000 7 607
111.010000 8 701
111.010000 9 688
111.010000 10 673
111.010000 11 703
111.010000 12 680
111.010000 13 655
111.010000 14 637
111.010000 15 668
111.010000 16 708
112.010000 0 624
112.010000 1 585
112.010000 2 646
112.010000 3 677
112.010000 4 657
112.010000 5 669
112.010000 6 686
112.010000 7 580
112.010000 8 669
112.010000 9 656
112.010000 10 663
112.010000 11 675
112.010000 12 626
112.010000 13 636
112.010000 14 624
112.010000 15 641
112.010000 16 677
113.010000 0 638
113.010000 1 589
113.010000 2 667
113.010000 3 684
113.010000 4 669
113.010000 5 667
113.010000 6 687
113.010000 7 597
113.010000 8 684
113.010000 9 670
113.010000 10 698
113.010000 11 688
113.010000 12 646
113.010000 13 653
113.010000 14 638
113.010000 15 654
113.010000 16 691
114.010000 0 633
114.010000 1 605
114.010000 2 681
114.010000 3 696
114.010000 4 681
114.010000 5 692
114.010000 6 693
114.010000 7 601
114.010000 8 693
114.010000 9 681
114.010000 10 686
114.010000 11 698
114.010000 12 664
114.010000 13 657
114.010000 14 633
114.010000 15 664
114.010000 16 702
115.010000 0 640
115.010000 1 636
115.010000 2 682
115.010000 3 692
115.010000 4 679
115.010000 5 692
115.010000 6 691
115.010000 7 593
115.010000 8 678
115.010000 9 682
115.010000 10 685
115.010000 11 694
115.010000 12 667
115.010000 13 663
115.010000 14 640
115.010000 15 665
115.010000 16 705
116.010000 0 675
116.010000 1 632
116.010000 2 718
116.010000 3 740
116.010000 4 719
116.010000 5 727
116.010000 6 733
116.010000 7 631
116.010000 8 728
116.010000 9 718
116.010000 10 722
116.010000 11 720
116.010000 12 703
116.010000 13 690
116.010000 14 675
116.010000 15 700
116.010000 16 740
117.010000 0 598
117.010000 1 560
117.010000 2 624
117.010000 3 629
117.010000 4 622
117.010000 5 639
117.010000 6 636
117.010000 7 554
117.010000 8 642
117.010000 9 621
117.010000 10 633
117.010000 11 657
117.010000 12 607
117.010000 13 610
117.010000 14 598
117.010000 15 603
117.010000 16 646
118.010000 0 646
118.010000 1 607
118.010000 2 670
118.010000 3 691
118.010000 4 674
118.010000 5 684
118.010000 6 686
118.010000 7 595
118.010000 8 687
118.010000 9 673
118.010000 10 680
118.010000 11 680
118.010000 12 652
118.010000 13 652
118.010000 14 646
118.010000 15 655
118.010000 16 696
119.010000 0 597
119.010000 1 566
119.010000 2 630
119.010000 3 660
119.010000 4 633
119.010000 5 642
119.010000 6 645
119.010000 7 558
119.010000 8 642
119.010000 9 632
119.010000 10 635
119.010000 11 647
119.010000 12 612
119.010000 13 611
119.010000 14 597
119.010000 15 615
119.010000 16 651
120.010000 0 606
120.010000 1 573
120.010000 2 645
120.010000 3 646
120.010000 4 643
120.010000 5 658
120.010000 6 654
120.010000 7 564
120.010000 8 670
120.010000 9 648
120.010000 10 652
120.010000 11 661
120.010000 12 625
120.010000 13 621
120.010000 14 606
120.010000 15 631
120.010000 16 664
121.010000 0 632
121.010000 1 584
121.010000 2 665
121.010000 3 684
121.010000 4 667
121.010000 5 680
121.010000 6 679
121.010000 7 581
121.010000 8 684
121.010000 9 657
121.010000 10 676
121.010000 11 698
121.010000 12 639
121.010000 13 644
121.010000 14 632
121.010000 15 640
121.010000 16 686
122.010000 0 672
122.010000 1 636
122.010000 2 716
122.010000 3 734
122.010000 4 718
122.010000 5 726
122.010000 6 730
122.010000 7 628
122.010000 8 728
122.010000 9 716
122.010000 10 718
122.010000 11 721
122.010000 12 698
122.010000 13 687
122.010000 14 672
122.010000 15 699
122.010000 16 737
123.010000 0 665
123.010000 1 632
123.010000 2 725
123.010000 3 734
123.010000 4 719
123.010000 5 732
123.010000 6 730
123.010000 7 627
123.010000 8 735
123.010000 9 717
123.010000 10 723
123.010000 11 736
123.010000 12 708
123.010000 13 691
123.010000 14 665
123.010000 15 700
123.010000 16 740
124.010000 0 624
124.010000 1 592
124.010000 2 679
124.010000 3 680
124.010000 4 665
124.010000 5 670
124.010000 6 675
124.010000 7 583
124.010000 8 676
124.010000 9 661
124.010000 10 669
124.010000 11 678
124.010000 12 663
124.010000 13 642
124.010000 14 624
124.010000 15 649
124.010000 16 684
125.010000 0 605
125.010000 1 574
125.010000 2 642
125.010000 3 655
125.010000 4 638
125.010000 5 651
125.010000 6 651
125.010000 7 567
125.010000 8 651
125.010000 9 638
125.010000 10 645
125.010000 11 655
125.010000 12 625
125.010000 13 622
125.010000 14 605
125.010000 15 626
125.010000 16 659
126.010000 0 634
126.010000 1 605
126.010000 2 666
126.010000 3 686
126.010000 4 666
126.010000 5 681
126.010000 6 680
126.010000 7 602
126.010000 8 681
126.010000 9 666
126.010000 10 655
126.010000 11 684
126.010000 12 649
126.010000 13 647
126.010000 14 634
126.010000 15 647
126.010000 16 690
127.010000 0 610
127.010000 1 576
127.010000 2 651
127.010000 3 672
127.010000 4 657
127.010000 5 667
127.010000 6 671
127.010000 7 581
127.010000 8 653
127.010000 9 658
127.010000 10 676
127.010000 11 671
127.010000 12 634
127.010000 13 631
127.010000 14 610
127.010000 15 642
127.010000 16 674
128.010000 0 576
128.010000 1 551
128.010000 2 612
128.010000 3 632
128.010000 4 612
128.010000 5 628
128.010000 6 628
128.010000 7 556
128.010000 8 628
128.010000 9 614
128.010000 10 617
128.010000 11 631
128.010000 12 594
128.010000 13 596
128.010000 14 576
128.010000 15 597
128.010000 16 634
129.010000 0 620
129.010000 1 562
129.010000 2 664
129.010000 3 677
129.010000 4 664
129.010000 5 673
129.010000 6 680
129.010000 7 592
129.010000 8 694
129.010000 9 653
129.010000 10 684
129.010000 11 685
129.010000 12 632
129.010000 13 640
129.010000 14 620
129.010000 15 645
129.010000 16 664
130.010000 0 652
130.010000 1 624
130.010000 2 693
130.010000 3 709
130.010000 4 692
130.010000 5 706
130.010000 6 706
130.010000 7 609
130.010000 8 689
130.010000 9 702
130.010000 10 694
130.010000 11 708
130.010000 12 685
130.010000 13 668
130.010000 14 652
130.010000 15 684
130.010000 16 716
131.010000 0 636
131.010000 1 609
131.010000 2 687
131.010000 3 699
131.010000 4 671
131.010000 5 695
131.010000 6 691
131.010000 7 596
131.010000 8 692
131.010000 9 694
131.010000 10 665
131.010000 11 695
131.010000 12 672
131.010000 13 656
131.010000 14 636
131.010000 15 674
131.010000 16 713
132.010000 0 631
132.010000 1 600
132.010000 2 670
132.010000 3 686
132.010000 4 685
132.010000 5 692
132.010000 6 672
132.010000 7 591
132.010000 8 688
132.010000 9 670
132.010000 10 678
132.010000 11 689
132.010000 12 653
132.010000 13 648
132.010000 14 631
132.010000 15 649
132.010000 16 695
133.010000 0 574
133.010000 1 536
133.010000 2 602
133.010000 3 620
133.010000 4 607
133.010000 5 616
133.010000 6 618
133.010000 7 535
133.010000 8 620
133.010000 9 594
133.010000 10 630
133.010000 11 635
133.010000 12 573
133.010000 13 589
133.010000 14 574
133.010000 15 579
133.010000 16 622
134.010000 0 548
134.010000 1 532
134.010000 2 580
134.010000 3 596
134.010000 4 582
134.010000 5 607
134.010000 6 588
134.010000 7 509
134.010000 8 590
134.010000 9 580
134.010000 10 583
134.010000 11 596
134.010000 12 567
134.010000 13 556
134.010000 14 548
134.010000 15 562
134.010000 16 600
135.010000 0 706
135.010000 1 667
135.010000 2 736
135.010000 3 760
135.010000 4 739
135.010000 5 752
135.010000 6 757
135.010000 7 642
135.010000 8 739
135.010000 9 743
135.010000 10 749
135.010000 11 761
135.010000 12 716
135.010000 13 731
135.010000 14 706
135.010000 15 732
135.010000 16 762
136.010000 0 632
136.010000 1 581
136.010000 2 677
136.010000 3 687
136.010000 4 673
136.010000 5 685
136.010000 6 687
136.010000 7 592
136.010000 8 700
136.010000 9 666
136.010000 10 680
136.010000 11 691
136.010000 12 654
136.010000 13 652
136.010000 14 632
136.010000 15 654
136.010000 16 692
137.010000 0 601
137.010000 1 567
137.010000 2 640
137.010000 3 657
137.010000 4 639
137.010000 5 650
137.010000 6 664
137.010000 7 559
137.010000 8 649
137.010000 9 640
137.010000 10 645
137.010000 11 655
137.010000 12 623
137.010000 13 615
137.010000 14 601
137.010000 15 625
137.010000 16 659
138.010000 0 693
138.010000 1 663
138.010000 2 729
138.010000 3 746
138.010000 4 710
138.010000 5 743
138.010000 6 741
138.010000 7 654
138.010000 8 740
138.010000 9 731
138.010000 10 716
138.010000 11 746
138.010000 12 712
138.010000 13 712
138.010000 14 693
138.010000 15 712
138.010000 16 751
139.010000 0 623
139.010000 1 589
139.010000 2 662
139.010000 3 680
139.010000 4 682
139.010000 5 675
139.010000 6 677
139.010000 7 575
139.010000 8 661
139.010000 9 661
139.010000 10 670
139.010000 11 677
139.010000 12 645
139.010000 13 635
139.010000 14 623
139.010000 15 645
139.010000 16 685
140.010000 0 641
140.010000 1 615
140.010000 2 684
140.010000 3 704
140.010000 4 687
140.010000 5 699
140.010000 6 698
140.010000 7 607
140.010000 8 697
140.010000 9 687
140.010000 10 688
140.010000 11 701
140.010000 12 667
140.010000 13 661
140.010000 14 641
140.010000 15 668
140.010000 16 708
141.010000 0 716
141.010000 1 685
141.010000 2 756
141.010000 3 773
141.010000 4 737
141.010000 5 774
141.010000 6 759
141.010000 7 677
141.010000 8 773
141.010000 9 758
141.010000 10 760
141.010000 11 777
141.010000 12 739
141.010000 13 739
141.010000 14 716
141.010000 15 739
141.010000 16 781
142.010000 0 622
142.010000 1 585
142.010000 2 666
142.010000 3 685
142.010000 4 668
142.010000 5 678
142.010000 6 694
142.010000 7 579
142.010000 8 678
142.010000 9 668
142.010000 10 673
142.010000 11 683
142.010000 12 649
142.010000 13 638
142.010000 14 622
142.010000 15 652
142.010000 16 687
143.010000 0 624
143.010000 1 589
143.010000 2 662
143.010000 3 683
143.010000 4 664
143.010000 5 676
143.010000 6 678
143.010000 7 579
143.010000 8 675
143.010000 9 674
143.010000 10 670
143.010000 11 681
143.010000 12 645
143.010000 13 638
143.010000 14 624
143.010000 15 657
143.010000 16 685
144.010000 0 668
144.010000 1 617
144.010000 2 703
144.010000 3 717
144.010000 4 703
144.010000 5 714
144.010000 6 713
144.010000 7 591
144.010000 8 729
144.010000 9 695
144.010000 10 707
144.010000 11 719
144.010000 12 684
144.010000 13 673
144.010000 14 668
144.010000 15 678
144.010000 16 723
145.010000 0 634
145.010000 1 595
145.010000 2 678
145.010000 3 684
145.010000 4 668
145.010000 5 681
145.010000 6 682
145.010000 7 582
145.010000 8 669
145.010000 9 667
145.010000 10 671
145.010000 11 685
145.010000 12 660
145.010000 13 644
145.010000 14 634
145.010000 15 654
145.010000 16 690
146.010000 0 605
146.010000 1 573
146.010000 2 652
146.010000 3 667
146.010000 4 653
146.010000 5 677
146.010000 6 663
146.010000 7 568
146.010000 8 665
146.010000 9 651
146.010000 10 655
146.010000 11 669
146.010000 12 637
146.010000 13 625
146.010000 14 605
146.010000 15 634
146.010000 16 673
147.010000 0 562
147.010000 1 520
147.010000 2 602
147.010000 3 609
147.010000 4 595
147.010000 5 606
147.010000 6 605
147.010000 7 527
147.010000 8 604
147.010000 9 592
147.010000 10 595
147.010000 11 608
147.010000 12 586
147.010000 13 566
147.010000 14 562
147.010000 15 575
147.010000 16 612
148.010000 0 619
148.010000 1 592
148.010000 2 654
148.010000 3 677
148.010000 4 656
148.010000 5 653
148.010000 6 675
148.010000 7 575
148.010000 8 663
148.010000 9 652
148.010000 10 660
148.010000 11 668
148.010000 12 635
148.010000 13 628
148.010000 14 619
148.010000 15 635
148.010000 16 676
149.010000 0 643
149.010000 1 597
149.010000 2 681
149.010000 3 709
149.010000 4 681
149.010000 5 694
149.010000 6 697
149.010000 7 599
149.010000 8 695
149.010000 9 685
149.010000 10 687
149.010000 11 699
149.010000 12 664
149.010000 13 657
149.010000 14 643
149.010000 15 668
149.010000 16 701
