0.010000 0 21
0.010000 1 21
0.010000 2 6
0.010000 3 21
0.010000 4 21
0.010000 5 11
0.010000 6 21
0.010000 7 21
0.010000 8 21
0.010000 9 19
0.010000 10 21
0.010000 11 21
0.010000 12 13
0.010000 13 21
0.010000 14 21
0.010000 15 8
0.010000 16 21
0.010000 17 21
0.010000 18 21
0.010000 19 18
0.010000 20 21
0.010000 21 21
0.010000 22 21
0.010000 23 21
0.010000 24 21
0.010000 25 20
1.010000 0 1255
1.010000 1 1365
1.010000 2 1217
1.010000 3 1325
1.010000 4 1340
1.010000 5 1336
1.010000 6 1356
1.010000 7 1331
1.010000 8 1349
1.010000 9 1346
1.010000 10 1326
1.010000 11 1353
1.010000 12 1316
1.010000 13 1299
1.010000 14 1321
1.010000 15 1310
1.010000 16 1364
1.010000 17 1280
1.010000 18 1318
1.010000 19 1310
1.010000 20 1345
1.010000 21 1358
1.010000 22 1316
1.010000 23 1350
1.010000 24 1338
1.010000 25 1330
2.010000 0 812
2.010000 1 890
2.010000 2 845
2.010000 3 877
2.010000 4 894
2.010000 5 881
2.010000 6 889
2.010000 7 860
2.010000 8 883
2.010000 9 891
2.010000 10 883
2.010000 11 878
2.010000 12 883
2.010000 13 885
2.010000 14 885
2.010000 15 861
2.010000 16 879
2.010000 17 861
2.010000 18 865
2.010000 19 869
2.010000 20 862
2.010000 21 838
2.010000 22 852
2.010000 23 887
2.010000 24 873
2.010000 25 880
3.010000 0 1093
3.010000 1 1194
3.010000 2 1073
3.010000 3 1172
3.010000 4 1176
3.010000 5 1158
3.010000 6 1180
3.010000 7 1166
3.010000 8 1187
3.010000 9 1168
3.010000 10 1149
3.010000 11 1183
3.010000 12 1157
3.010000 13 1141
3.010000 14 1154
3.010000 15 1143
3.010000 16 1155
3.010000 17 1145
3.010000 18 1154
3.010000 19 1167
3.010000 20 1167
3.010000 21 1187
3.010000 22 1191
3.010000 23 1158
3.010000 24 1171
3.010000 25 1169
4.010000 0 1201
4.010000 1 1282
4.010000 2 1188
4.010000 3 1249
4.010000 4 1273
4.010000 5 1265
4.010000 6 1288
4.010000 7 1257
4.010000 8 1292
4.010000 9 1280
4.010000 10 1257
4.010000 11 1290
4.010000 12 1268
4.010000 13 1242
4.010000 14 1275
4.010000 15 1240
4.010000 16 1305
4.010000 17 1231
4.010000 18 1275
4.010000 19 1263
4.010000 20 1274
4.010000 21 1272
4.010000 22 1271
4.010000 23 1239
4.010000 24 1283
4.010000 25 1271
5.010000 0 1198
5.010000 1 1294
5.010000 2 1174
5.010000 3 1268
5.010000 4 1267
5.010000 5 1239
5.010000 6 1283
5.010000 7 1258
5.010000 8 1286
5.010000 9 1277
5.010000 10 1246
5.010000 11 1260
5.010000 12 1270
5.010000 13 1246
5.010000 14 1275
5.010000 15 1228
5.010000 16 1248
5.010000 17 1245
5.010000 18 1258
5.010000 19 1270
5.010000 20 1261
5.010000 21 1278
5.010000 22 1257
5.010000 23 1247
5.010000 24 1270
5.010000 25 1254
6.010000 0 917
6.010000 1 1013
6.010000 2 920
6.010000 3 1000
6.010000 4 995
6.010000 5 979
6.010000 6 1007
6.010000 7 984
6.010000 8 998
6.010000 9 1002
6.010000 10 1004
6.010000 11 998
6.010000 12 984
6.010000 13 991
6.010000 14 983
6.010000 15 957
6.010000 16 1020
6.010000 17 982
6.010000 18 985
6.010000 19 983
6.010000 20 986
6.010000 21 987
6.010000 22 977
6.010000 23 983
6.010000 24 987
6.010000 25 1017
7.010000 0 1027
7.010000 1 1127
7.010000 2 1044
7.010000 3 1103
7.010000 4 1107
7.010000 5 1118
7.010000 6 1138
7.010000 7 1095
7.010000 8 1123
7.010000 9 1121
7.010000 10 1089
7.010000 11 1118
7.010000 12 1104
7.010000 13 1110
7.010000 14 1100
7.010000 15 1096
7.010000 16 1113
7.010000 17 1082
7.010000 18 1098
7.010000 19 1098
7.010000 20 1104
7.010000 21 1109
7.010000 22 1096
7.010000 23 1097
7.010000 24 1105
7.010000 25 1107
8.010000 0 1105
8.010000 1 1214
8.010000 2 1103
8.010000 3 1182
8.010000 4 1192
8.010000 5 1180
8.010000 6 1185
8.010000 7 1182
8.010000 8 1207
8.010000 9 1207
8.010000 10 1173
8.010000 11 1201
8.010000 12 1185
8.010000 13 1177
8.010000 14 1179
8.010000 15 1169
8.010000 16 1198
8.010000 17 1156
8.010000 18 1178
8.010000 19 1189
8.010000 20 1190
8.010000 21 1182
8.010000 22 1182
8.010000 23 1179
8.010000 24 1201
8.010000 25 1187
9.010000 0 1029
9.010000 1 1123
9.010000 2 1035
9.010000 3 1084
9.010000 4 1097
9.010000 5 1100
9.010000 6 1113
9.010000 7 1085
9.010000 8 1109
9.010000 9 1109
9.010000 10 1081
9.010000 11 1107
9.010000 12 1098
9.010000 13 1084
9.010000 14 1102
9.010000 15 1073
9.010000 16 1107
9.010000 17 1058
9.010000 18 1085
9.010000 19 1080
9.010000 20 1099
9.010000 21 1110
9.010000 22 1091
9.010000 23 1087
9.010000 24 1093
9.010000 25 1095
10.010000 0 1101
10.010000 1 1195
10.010000 2 1082
10.010000 3 1178
10.010000 4 1182
10.010000 5 1140
10.010000 6 1197
10.010000 7 1167
10.010000 8 1191
10.010000 9 1187
10.010000 10 1160
10.010000 11 1213
10.010000 12 1168
10.010000 13 1168
10.010000 14 1169
10.010000 15 1113
10.010000 16 1187
10.010000 17 1153
10.010000 18 1172
10.010000 19 1169
10.010000 20 1181
10.010000 21 1176
10.010000 22 1170
10.010000 23 1194
10.010000 24 1181
10.010000 25 1180
11.010000 0 1002
11.010000 1 1114
11.010000 2 1058
11.010000 3 1081
11.010000 4 1102
11.010000 5 1103
11.010000 6 1127
11.010000 7 1082
11.010000 8 1125
11.010000 9 1107
11.010000 10 1075
11.010000 11 1079
11.010000 12 1107
11.010000 13 1077
11.010000 14 1084
11.010000 15 1081
11.010000 16 1101
11.010000 17 1061
11.010000 18 1081
11.010000 19 1088
11.010000 20 1086
11.010000 21 1089
11.010000 22 1076
11.010000 23 1085
11.010000 24 1085
11.010000 25 1091
12.010000 0 1132
12.010000 1 1231
12.010000 2 1124
12.010000 3 1206
12.010000 4 1216
12.010000 5 1200
12.010000 6 1220
12.010000 7 1200
12.010000 8 1223
12.010000 9 1216
12.010000 10 1189
12.010000 11 1241
12.010000 12 1202
12.010000 13 1194
12.010000 14 1205
12.010000 15 1179
12.010000 16 1210
12.010000 17 1187
12.010000 18 1203
12.010000 19 1199
12.010000 20 1204
12.010000 21 1177
12.010000 22 1198
12.010000 23 1198
12.010000 24 1208
12.010000 25 1206
13.010000 0 983
13.010000 1 1089
13.010000 2 982
13.010000 3 1055
13.010000 4 1080
13.010000 5 1044
13.010000 6 1071
13.010000 7 1038
13.010000 8 1062
13.010000 9 1054
13.010000 10 1031
13.010000 11 1057
13.010000 12 1056
13.010000 13 1028
13.010000 14 1039
13.010000 15 1037
13.010000 16 1053
13.010000 17 1034
13.010000 18 1042
13.010000 19 1051
13.010000 20 1045
13.010000 21 1046
13.010000 22 1037
13.010000 23 1039
13.010000 24 1049
13.010000 25 1048
14.010000 0 1056
14.010000 1 1136
14.010000 2 1048
14.010000 3 1106
14.010000 4 1114
14.010000 5 1106
14.010000 6 1125
14.010000 7 1100
14.010000 8 1141
14.010000 9 1120
14.010000 10 1076
14.010000 11 1102
14.010000 12 1117
14.010000 13 1126
14.010000 14 1107
14.010000 15 1096
14.010000 16 1134
14.010000 17 1083
14.010000 18 1120
14.010000 19 1116
14.010000 20 1112
14.010000 21 1114
14.010000 22 1101
14.010000 23 1103
14.010000 24 1113
14.010000 25 1106
15.010000 0 1127
15.010000 1 1253
15.010000 2 1153
15.010000 3 1227
15.010000 4 1236
15.010000 5 1225
15.010000 6 1247
15.010000 7 1218
15.010000 8 1243
15.010000 9 1243
15.010000 10 1195
15.010000 11 1235
15.010000 12 1227
15.010000 13 1218
15.010000 14 1222
15.010000 15 1204
15.010000 16 1232
15.010000 17 1205
15.010000 18 1201
15.010000 19 1224
15.010000 20 1225
15.010000 21 1230
15.010000 22 1220
15.010000 23 1246
15.010000 24 1230
15.010000 25 1229
16.010000 0 1372
16.010000 1 1538
16.010000 2 1410
16.010000 3 1507
16.010000 4 1497
16.010000 5 1516
16.010000 6 1493
16.010000 7 1530
16.010000 8 1539
16.010000 9 1533
16.010000 10 1466
16.010000 11 1536
16.010000 12 1516
16.010000 13 1524
16.010000 14 1454
16.010000 15 1497
16.010000 16 1530
16.010000 17 1418
16.010000 18 1452
16.010000 19 1496
16.010000 20 1514
16.010000 21 1507
16.010000 22 1515
16.010000 23 1512
16.010000 24 1500
16.010000 25 1502
17.010000 0 1207
17.010000 1 1348
17.010000 2 1287
17.010000 3 1355
17.010000 4 1299
17.010000 5 1358
17.010000 6 1329
17.010000 7 1339
17.010000 8 1352
17.010000 9 1364
17.010000 10 1277
17.010000 11 1384
17.010000 12 1344
17.010000 13 1343
17.010000 14 1252
17.010000 15 1336
17.010000 16 1360
17.010000 17 1260
17.010000 18 1282
17.010000 19 1338
17.010000 20 1351
17.010000 21 1327
17.010000 22 1339
17.010000 23 1347
17.010000 24 1350
17.010000 25 1329
18.010000 0 1315
18.010000 1 1475
18.010000 2 1383
18.010000 3 1469
18.010000 4 1433
18.010000 5 1485
18.010000 6 1425
18.010000 7 1460
18.010000 8 1492
18.010000 9 1481
18.010000 10 1422
18.010000 11 1470
18.010000 12 1459
18.010000 13 1458
18.010000 14 1372
18.010000 15 1463
18.010000 16 1488
18.010000 17 1364
18.010000 18 1388
18.010000 19 1451
18.010000 20 1476
18.010000 21 1460
18.010000 22 1466
18.010000 23 1461
18.010000 24 1446
18.010000 25 1445
19.010000 0 1261
19.010000 1 1404
19.010000 2 1289
19.010000 3 1395
19.010000 4 1349
19.010000 5 1379
19.010000 6 1374
19.010000 7 1381
19.010000 8 1409
19.010000 9 1402
19.010000 10 1323
19.010000 11 1407
19.010000 12 1392
19.010000 13 1379
19.010000 14 1324
19.010000 15 1368
19.010000 16 1394
19.010000 17 1314
19.010000 18 1341
19.010000 19 1386
19.010000 20 1389
19.010000 21 1390
19.010000 22 1385
19.010000 23 1384
19.010000 24 1373
19.010000 25 1377
20.010000 0 1274
20.010000 1 1410
20.010000 2 1289
20.010000 3 1402
20.010000 4 1371
20.010000 5 1409
20.010000 6 1379
20.010000 7 1400
20.010000 8 1424
20.010000 9 1414
20.010000 10 1376
20.010000 11 1424
20.010000 12 1401
20.010000 13 1391
20.010000 14 1329
20.010000 15 1388
20.010000 16 1412
20.010000 17 1313
20.010000 18 1349
20.010000 19 1362
20.010000 20 1406
20.010000 21 1383
20.010000 22 1400
20.010000 23 1393
20.010000 24 1387
20.010000 25 1391
21.010000 0 1166
21.010000 1 1282
21.010000 2 1215
21.010000 3 1279
21.010000 4 1240
21.010000 5 1276
21.010000 6 1276
21.010000 7 1273
21.010000 8 1290
21.010000 9 1305
21.010000 10 1218
21.010000 11 1286
21.010000 12 1277
21.010000 13 1271
21.010000 14 1217
21.010000 15 1255
21.010000 16 1290
21.010000 17 1203
21.010000 18 1232
21.010000 19 1275
21.010000 20 1276
21.010000 21 1269
21.010000 22 1269
21.010000 23 1302
21.010000 24 1254
21.010000 25 1260
22.010000 0 1270
22.010000 1 1401
22.010000 2 1299
22.010000 3 1394
22.010000 4 1335
22.010000 5 1389
22.010000 6 1374
22.010000 7 1381
22.010000 8 1407
22.010000 9 1401
22.010000 10 1339
22.010000 11 1409
22.010000 12 1390
22.010000 13 1381
22.010000 14 1333
22.010000 15 1375
22.010000 16 1402
22.010000 17 1300
22.010000 18 1313
22.010000 19 1376
22.010000 20 1401
22.010000 21 1398
22.010000 22 1388
22.010000 23 1385
22.010000 24 1392
22.010000 25 1374
23.010000 0 1395
23.010000 1 1520
23.010000 2 1397
23.010000 3 1522
23.010000 4 1497
23.010000 5 1502
23.010000 6 1504
23.010000 7 1503
23.010000 8 1531
23.010000 9 1523
23.010000 10 1458
23.010000 11 1532
23.010000 12 1501
23.010000 13 1501
23.010000 14 1447
23.010000 15 1476
23.010000 16 1527
23.010000 17 1432
23.010000 18 1450
23.010000 19 1481
23.010000 20 1514
23.010000 21 1489
23.010000 22 1507
23.010000 23 1474
23.010000 24 1466
23.010000 25 1489
24.010000 0 1325
24.010000 1 1461
24.010000 2 1362
24.010000 3 1467
24.010000 4 1417
24.010000 5 1457
24.010000 6 1429
24.010000 7 1451
24.010000 8 1481
24.010000 9 1472
24.010000 10 1419
24.010000 11 1479
24.010000 12 1459
24.010000 13 1448
24.010000 14 1381
24.010000 15 1436
24.010000 16 1476
24.010000 17 1371
24.010000 18 1384
24.010000 19 1429
24.010000 20 1473
24.010000 21 1419
24.010000 22 1448
24.010000 23 1456
24.010000 24 1437
24.010000 25 1439
25.010000 0 1303
25.010000 1 1478
25.010000 2 1371
25.010000 3 1479
25.010000 4 1435
25.010000 5 1467
25.010000 6 1457
25.010000 7 1474
25.010000 8 1492
25.010000 9 1487
25.010000 10 1427
25.010000 11 1493
25.010000 12 1473
25.010000 13 1469
25.010000 14 1370
25.010000 15 1445
25.010000 16 1487
25.010000 17 1367
25.010000 18 1378
25.010000 19 1452
25.010000 20 1482
25.010000 21 1463
25.010000 22 1490
25.010000 23 1470
25.010000 24 1457
25.010000 25 1463
26.010000 0 1308
26.010000 1 1486
26.010000 2 1386
26.010000 3 1466
26.010000 4 1425
26.010000 5 1502
26.010000 6 1450
26.010000 7 1478
26.010000 8 1507
26.010000 9 1498
26.010000 10 1427
26.010000 11 1503
26.010000 12 1469
26.010000 13 1482
26.010000 14 1399
26.010000 15 1471
26.010000 16 1491
26.010000 17 1355
26.010000 18 1380
26.010000 19 1450
26.010000 20 1510
26.010000 21 1466
26.010000 22 1481
26.010000 23 1479
26.010000 24 1467
26.010000 25 1466
27.010000 0 1222
27.010000 1 1358
27.010000 2 1300
27.010000 3 1357
27.010000 4 1323
27.010000 5 1352
27.010000 6 1342
27.010000 7 1364
27.010000 8 1372
27.010000 9 1370
27.010000 10 1304
27.010000 11 1373
27.010000 12 1378
27.010000 13 1341
27.010000 14 1297
27.010000 15 1338
27.010000 16 1364
27.010000 17 1274
27.010000 18 1281
27.010000 19 1356
27.010000 20 1329
27.010000 21 1338
27.010000 22 1348
27.010000 23 1342
27.010000 24 1334
27.010000 25 1332
28.010000 0 1289
28.010000 1 1413
28.010000 2 1288
28.010000 3 1411
28.010000 4 1375
28.010000 5 1397
28.010000 6 1376
28.010000 7 1395
28.010000 8 1406
28.010000 9 1408
28.010000 10 1342
28.010000 11 1426
28.010000 12 1370
28.010000 13 1392
28.010000 14 1348
28.010000 15 1373
28.010000 16 1418
28.010000 17 1330
28.010000 18 1337
28.010000 19 1385
28.010000 20 1419
28.010000 21 1378
28.010000 22 1401
28.010000 23 1394
28.010000 24 1382
28.010000 25 1382
29.010000 0 1334
29.010000 1 1481
29.010000 2 1389
29.010000 3 1481
29.010000 4 1449
29.010000 5 1483
29.010000 6 1457
29.010000 7 1468
29.010000 8 1496
29.010000 9 1495
29.010000 10 1429
29.010000 11 1492
29.010000 12 1469
29.010000 13 1476
29.010000 14 1404
29.010000 15 1454
29.010000 16 1509
29.010000 17 1382
29.010000 18 1398
29.010000 19 1450
29.010000 20 1469
29.010000 21 1465
29.010000 22 1477
29.010000 23 1474
29.010000 24 1452
29.010000 25 1459
30.010000 0 1213
30.010000 1 1365
30.010000 2 1276
30.010000 3 1350
30.010000 4 1323
30.010000 5 1355
30.010000 6 1332
30.010000 7 1352
30.010000 8 1376
30.010000 9 1373
30.010000 10 1302
30.010000 11 1375
30.010000 12 1350
30.010000 13 1367
30.010000 14 1290
30.010000 15 1329
30.010000 16 1372
30.010000 17 1256
30.010000 18 1280
30.010000 19 1344
30.010000 20 1366
30.010000 21 1338
30.010000 22 1355
30.010000 23 1386
30.010000 24 1345
30.010000 25 1341
31.010000 0 1349
31.010000 1 1483
31.010000 2 1385
31.010000 3 1485
31.010000 4 1446
31.010000 5 1471
31.010000 6 1481
31.010000 7 1478
31.010000 8 1503
31.010000 9 1502
31.010000 10 1436
31.010000 11 1503
31.010000 12 1478
31.010000 13 1477
31.010000 14 1407
31.010000 15 1449
31.010000 16 1502
31.010000 17 1379
31.010000 18 1410
31.010000 19 1467
31.010000 20 1489
31.010000 21 1470
31.010000 22 1453
31.010000 23 1477
31.010000 24 1464
31.010000 25 1477
32.010000 0 1129
32.010000 1 1293
32.010000 2 1205
32.010000 3 1295
32.010000 4 1258
32.010000 5 1298
32.010000 6 1256
32.010000 7 1286
32.010000 8 1305
32.010000 9 1304
32.010000 10 1220
32.010000 11 1299
32.010000 12 1278
32.010000 13 1312
32.010000 14 1201
32.010000 15 1274
32.010000 16 1300
32.010000 17 1194
32.010000 18 1196
32.010000 19 1258
32.010000 20 1288
32.010000 21 1294
32.010000 22 1314
32.010000 23 1284
32.010000 24 1272
32.010000 25 1267
33.010000 0 1369
33.010000 1 1519
33.010000 2 1408
33.010000 3 1518
33.010000 4 1481
33.010000 5 1500
33.010000 6 1509
33.010000 7 1502
33.010000 8 1526
33.010000 9 1522
33.010000 10 1464
33.010000 11 1523
33.010000 12 1502
33.010000 13 1480
33.010000 14 1443
33.010000 15 1473
33.010000 16 1517
33.010000 17 1430
33.010000 18 1430
33.010000 19 1481
33.010000 20 1505
33.010000 21 1465
33.010000 22 1487
33.010000 23 1503
33.010000 24 1487
33.010000 25 1512
34.010000 0 1269
34.010000 1 1432
34.010000 2 1327
34.010000 3 1411
34.010000 4 1385
34.010000 5 1436
34.010000 6 1396
34.010000 7 1424
34.010000 8 1454
34.010000 9 1436
34.010000 10 1371
34.010000 11 1449
34.010000 12 1426
34.010000 13 1453
34.010000 14 1335
34.010000 15 1414
34.010000 16 1445
34.010000 17 1292
34.010000 18 1329
34.010000 19 1401
34.010000 20 1464
34.010000 21 1409
34.010000 22 1446
34.010000 23 1418
34.010000 24 1422
34.010000 25 1386
35.010000 0 1301
35.010000 1 1464
35.010000 2 1359
35.010000 3 1463
35.010000 4 1421
35.010000 5 1459
35.010000 6 1437
35.010000 7 1449
35.010000 8 1474
35.010000 9 1467
35.010000 10 1402
35.010000 11 1470
35.010000 12 1450
35.010000 13 1435
35.010000 14 1376
35.010000 15 1438
35.010000 16 1462
35.010000 17 1381
35.010000 18 1388
35.010000 19 1435
35.010000 20 1452
35.010000 21 1435
35.010000 22 1442
35.010000 23 1445
35.010000 24 1431
35.010000 25 1434
36.010000 0 1152
36.010000 1 1281
36.010000 2 1155
36.010000 3 1263
36.010000 4 1238
36.010000 5 1272
36.010000 6 1247
36.010000 7 1275
36.010000 8 1300
36.010000 9 1285
36.010000 10 1238
36.010000 11 1314
36.010000 12 1270
36.010000 13 1276
36.010000 14 1204
36.010000 15 1252
36.010000 16 1292
36.010000 17 1161
36.010000 18 1196
36.010000 19 1230
36.010000 20 1312
36.010000 21 1283
36.010000 22 1280
36.010000 23 1268
36.010000 24 1281
36.010000 25 1287
37.010000 0 1359
37.010000 1 1537
37.010000 2 1411
37.010000 3 1530
37.010000 4 1509
37.010000 5 1505
37.010000 6 1513
37.010000 7 1518
37.010000 8 1566
37.010000 9 1540
37.010000 10 1473
37.010000 11 1544
37.010000 12 1528
37.010000 13 1519
37.010000 14 1450
37.010000 15 1493
37.010000 16 1531
37.010000 17 1441
37.010000 18 1446
37.010000 19 1513
37.010000 20 1507
37.010000 21 1511
37.010000 22 1522
37.010000 23 1513
37.010000 24 1509
37.010000 25 1505
38.010000 0 1288
38.010000 1 1403
38.010000 2 1292
38.010000 3 1410
38.010000 4 1354
38.010000 5 1391
38.010000 6 1360
38.010000 7 1384
38.010000 8 1418
38.010000 9 1409
38.010000 10 1343
38.010000 11 1415
38.010000 12 1388
38.010000 13 1382
38.010000 14 1343
38.010000 15 1372
38.010000 16 1408
38.010000 17 1323
38.010000 18 1327
38.010000 19 1368
38.010000 20 1425
38.010000 21 1352
38.010000 22 1390
38.010000 23 1393
38.010000 24 1376
38.010000 25 1389
39.010000 0 1290
39.010000 1 1426
39.010000 2 1372
39.010000 3 1428
39.010000 4 1395
39.010000 5 1435
39.010000 6 1393
39.010000 7 1420
39.010000 8 1449
39.010000 9 1447
39.010000 10 1402
39.010000 11 1447
39.010000 12 1430
39.010000 13 1423
39.010000 14 1359
39.010000 15 1413
39.010000 16 1451
39.010000 17 1323
39.010000 18 1339
39.010000 19 1428
39.010000 20 1424
39.010000 21 1406
39.010000 22 1427
39.010000 23 1421
39.010000 24 1406
39.010000 25 1407
40.010000 0 1339
40.010000 1 1467
40.010000 2 1317
40.010000 3 1478
40.010000 4 1427
40.010000 5 1453
40.010000 6 1434
40.010000 7 1457
40.010000 8 1480
40.010000 9 1469
40.010000 10 1406
40.010000 11 1477
40.010000 12 1429
40.010000 13 1453
40.010000 14 1402
40.010000 15 1427
40.010000 16 1494
40.010000 17 1386
40.010000 18 1390
40.010000 19 1416
40.010000 20 1491
40.010000 21 1440
40.010000 22 1461
40.010000 23 1451
40.010000 24 1441
40.010000 25 1407
41.010000 0 1268
41.010000 1 1454
41.010000 2 1371
41.010000 3 1446
41.010000 4 1410
41.010000 5 1443
41.010000 6 1435
41.010000 7 1441
41.010000 8 1469
41.010000 9 1488
41.010000 10 1398
41.010000 11 1463
41.010000 12 1465
41.010000 13 1441
41.010000 14 1355
41.010000 15 1421
41.010000 16 1430
41.010000 17 1339
41.010000 18 1347
41.010000 19 1426
41.010000 20 1445
41.010000 21 1432
41.010000 22 1434
41.010000 23 1443
41.010000 24 1432
41.010000 25 1463
42.010000 0 1380
42.010000 1 1507
42.010000 2 1399
42.010000 3 1507
42.010000 4 1471
42.010000 5 1500
42.010000 6 1477
42.010000 7 1493
42.010000 8 1525
42.010000 9 1496
42.010000 10 1443
42.010000 11 1522
42.010000 12 1501
42.010000 13 1488
42.010000 14 1442
42.010000 15 1480
42.010000 16 1518
42.010000 17 1410
42.010000 18 1426
42.010000 19 1478
42.010000 20 1506
42.010000 21 1478
42.010000 22 1501
42.010000 23 1492
42.010000 24 1491
42.010000 25 1486
43.010000 0 1315
43.010000 1 1493
43.010000 2 1411
43.010000 3 1492
43.010000 4 1464
43.010000 5 1481
43.010000 6 1467
43.010000 7 1485
43.010000 8 1508
43.010000 9 1531
43.010000 10 1441
43.010000 11 1504
43.010000 12 1482
43.010000 13 1485
43.010000 14 1403
43.010000 15 1454
43.010000 16 1499
43.010000 17 1395
43.010000 18 1407
43.010000 19 1482
43.010000 20 1467
43.010000 21 1473
43.010000 22 1478
43.010000 23 1486
43.010000 24 1469
43.010000 25 1471
44.010000 0 1374
44.010000 1 1538
44.010000 2 1408
44.010000 3 1540
44.010000 4 1489
44.010000 5 1517
44.010000 6 1511
44.010000 7 1522
44.010000 8 1546
44.010000 9 1520
44.010000 10 1460
44.010000 11 1545
44.010000 12 1527
44.010000 13 1516
44.010000 14 1437
44.010000 15 1505
44.010000 16 1538
44.010000 17 1440
44.010000 18 1448
44.010000 19 1493
44.010000 20 1532
44.010000 21 1511
44.010000 22 1522
44.010000 23 1515
44.010000 24 1507
44.010000 25 1502
45.010000 0 1286
45.010000 1 1473
45.010000 2 1394
45.010000 3 1443
45.010000 4 1399
45.010000 5 1458
45.010000 6 1426
45.010000 7 1412
45.010000 8 1464
45.010000 9 1462
45.010000 10 1395
45.010000 11 1459
45.010000 12 1449
45.010000 13 1439
45.010000 14 1360
45.010000 15 1437
45.010000 16 1487
45.010000 17 1342
45.010000 18 1369
45.010000 19 1449
45.010000 20 1444
45.010000 21 1432
45.010000 22 1443
45.010000 23 1447
45.010000 24 1429
45.010000 25 1428
46.010000 0 1235
46.010000 1 1386
46.010000 2 1284
46.010000 3 1375
46.010000 4 1342
46.010000 5 1400
46.010000 6 1335
46.010000 7 1405
46.010000 8 1405
46.010000 9 1393
46.010000 10 1313
46.010000 11 1419
46.010000 12 1383
46.010000 13 1375
46.010000 14 1304
46.010000 15 1390
46.010000 16 1365
46.010000 17 1263
46.010000 18 1284
46.010000 19 1350
46.010000 20 1385
46.010000 21 1350
46.010000 22 1395
46.010000 23 1338
46.010000 24 1388
46.010000 25 1365
47.010000 0 1135
47.010000 1 1266
47.010000 2 1150
47.010000 3 1244
47.010000 4 1215
47.010000 5 1242
47.010000 6 1240
47.010000 7 1249
47.010000 8 1263
47.010000 9 1265
47.010000 10 1198
47.010000 11 1262
47.010000 12 1242
47.010000 13 1250
47.010000 14 1193
47.010000 15 1214
47.010000 16 1284
47.010000 17 1156
47.010000 18 1194
47.010000 19 1218
47.010000 20 1258
47.010000 21 1240
47.010000 22 1250
47.010000 23 1273
47.010000 24 1253
47.010000 25 1253
48.010000 0 1288
48.010000 1 1470
48.010000 2 1331
48.010000 3 1440
48.010000 4 1433
48.010000 5 1444
48.010000 6 1435
48.010000 7 1443
48.010000 8 1471
48.010000 9 1481
48.010000 10 1402
48.010000 11 1483
48.010000 12 1445
48.010000 13 1442
48.010000 14 1371
48.010000 15 1423
48.010000 16 1440
48.010000 17 1347
48.010000 18 1383
48.010000 19 1412
48.010000 20 1456
48.010000 21 1431
48.010000 22 1449
48.010000 23 1444
48.010000 24 1447
48.010000 25 1437
49.010000 0 1257
49.010000 1 1413
49.010000 2 1303
49.010000 3 1378
49.010000 4 1337
49.010000 5 1396
49.010000 6 1374
49.010000 7 1423
49.010000 8 1417
49.010000 9 1399
49.010000 10 1374
49.010000 11 1424
49.010000 12 1383
49.010000 13 1393
49.010000 14 1330
49.010000 15 1367
49.010000 16 1416
49.010000 17 1276
49.010000 18 1329
49.010000 19 1385
49.010000 20 1413
49.010000 21 1381
49.010000 22 1404
49.010000 23 1395
49.010000 24 1385
49.010000 25 1380
50.010000 0 1234
50.010000 1 1379
50.010000 2 1290
50.010000 3 1354
50.010000 4 1358
50.010000 5 1378
50.010000 6 1347
50.010000 7 1355
50.010000 8 1397
50.010000 9 1380
50.010000 10 1316
50.010000 11 1387
50.010000 12 1386
50.010000 13 1387
50.010000 14 1312
50.010000 15 1368
50.010000 16 1381
50.010000 17 1265
50.010000 18 1295
50.010000 19 1339
50.010000 20 1371
50.010000 21 1349
50.010000 22 1362
50.010000 23 1331
50.010000 24 1355
50.010000 25 1349
51.010000 0 1321
51.010000 1 1492
51.010000 2 1378
51.010000 3 1478
51.010000 4 1426
51.010000 5 1482
51.010000 6 1451
51.010000 7 1481
51.010000 8 1494
51.010000 9 1506
51.010000 10 1422
51.010000 11 1491
51.010000 12 1469
51.010000 13 1467
51.010000 14 1392
51.010000 15 1455
51.010000 16 1491
51.010000 17 1386
51.010000 18 1405
51.010000 19 1451
51.010000 20 1481
51.010000 21 1465
51.010000 22 1473
51.010000 23 1472
51.010000 24 1454
51.010000 25 1457
52.010000 0 1215
52.010000 1 1391
52.010000 2 1280
52.010000 3 1384
52.010000 4 1356
52.010000 5 1392
52.010000 6 1363
52.010000 7 1379
52.010000 8 1425
52.010000 9 1393
52.010000 10 1325
52.010000 11 1419
52.010000 12 1373
52.010000 13 1375
52.010000 14 1301
52.010000 15 1367
52.010000 16 1398
52.010000 17 1270
52.010000 18 1281
52.010000 19 1351
52.010000 20 1392
52.010000 21 1366
52.010000 22 1392
52.010000 23 1378
52.010000 24 1361
52.010000 25 1369
53.010000 0 1096
53.010000 1 1217
53.010000 2 1136
53.010000 3 1205
53.010000 4 1183
53.010000 5 1219
53.010000 6 1189
53.010000 7 1204
53.010000 8 1226
53.010000 9 1223
53.010000 10 1192
53.010000 11 1225
53.010000 12 1203
53.010000 13 1208
53.010000 14 1146
53.010000 15 1195
53.010000 16 1245
53.010000 17 1121
53.010000 18 1157
53.010000 19 1187
53.010000 20 1208
53.010000 21 1200
53.010000 22 1232
53.010000 23 1204
53.010000 24 1186
53.010000 25 1198
54.010000 0 1243
54.010000 1 1394
54.010000 2 1298
54.010000 3 1365
54.010000 4 1356
54.010000 5 1379
54.010000 6 1347
54.010000 7 1364
54.010000 8 1394
54.010000 9 1384
54.010000 10 1320
54.010000 11 1387
54.010000 12 1377
54.010000 13 1362
54.010000 14 1308
54.010000 15 1371
54.010000 16 1360
54.010000 17 1273
54.010000 18 1306
54.010000 19 1365
54.010000 20 1369
54.010000 21 1348
54.010000 22 1367
54.010000 23 1364
54.010000 24 1361
54.010000 25 1353
55.010000 0 1255
55.010000 1 1389
55.010000 2 1301
55.010000 3 1393
55.010000 4 1349
55.010000 5 1397
55.010000 6 1355
55.010000 7 1379
55.010000 8 1408
55.010000 9 1386
55.010000 10 1334
55.010000 11 1423
55.010000 12 1391
55.010000 13 1375
55.010000 14 1308
55.010000 15 1385
55.010000 16 1419
55.010000 17 1295
55.010000 18 1309
55.010000 19 1376
55.010000 20 1390
55.010000 21 1363
55.010000 22 1383
55.010000 23 1375
55.010000 24 1369
55.010000 25 1364
56.010000 0 1236
56.010000 1 1419
56.010000 2 1305
56.010000 3 1388
56.010000 4 1377
56.010000 5 1406
56.010000 6 1367
56.010000 7 1397
56.010000 8 1423
56.010000 9 1430
56.010000 10 1363
56.010000 11 1433
56.010000 12 1414
56.010000 13 1400
56.010000 14 1326
56.010000 15 1400
56.010000 16 1393
56.010000 17 1286
56.010000 18 1309
56.010000 19 1378
56.010000 20 1407
56.010000 21 1381
56.010000 22 1396
56.010000 23 1391
56.010000 24 1395
56.010000 25 1401
57.010000 0 1339
57.010000 1 1461
57.010000 2 1377
57.010000 3 1460
57.010000 4 1425
57.010000 5 1471
57.010000 6 1443
57.010000 7 1455
57.010000 8 1477
57.010000 9 1480
57.010000 10 1405
57.010000 11 1482
57.010000 12 1436
57.010000 13 1455
57.010000 14 1391
57.010000 15 1423
57.010000 16 1482
57.010000 17 1367
57.010000 18 1409
57.010000 19 1435
57.010000 20 1469
57.010000 21 1449
57.010000 22 1462
57.010000 23 1455
57.010000 24 1440
57.010000 25 1442
58.010000 0 1232
58.010000 1 1405
58.010000 2 1328
58.010000 3 1419
58.010000 4 1363
58.010000 5 1421
58.010000 6 1394
58.010000 7 1429
58.010000 8 1432
58.010000 9 1424
58.010000 10 1346
58.010000 11 1445
58.010000 12 1414
58.010000 13 1409
58.010000 14 1321
58.010000 15 1405
58.010000 16 1445
58.010000 17 1318
58.010000 18 1298
58.010000 19 1386
58.010000 20 1417
58.010000 21 1395
58.010000 22 1409
58.010000 23 1403
58.010000 24 1393
58.010000 25 1385
59.010000 0 1268
59.010000 1 1393
59.010000 2 1292
59.010000 3 1393
59.010000 4 1357
59.010000 5 1388
59.010000 6 1361
59.010000 7 1379
59.010000 8 1408
59.010000 9 1402
59.010000 10 1363
59.010000 11 1406
59.010000 12 1380
59.010000 13 1374
59.010000 14 1319
59.010000 15 1363
59.010000 16 1399
59.010000 17 1309
59.010000 18 1341
59.010000 19 1365
59.010000 20 1391
59.010000 21 1390
59.010000 22 1384
59.010000 23 1377
59.010000 24 1345
59.010000 25 1342
60.010000 0 1264
60.010000 1 1382
60.010000 2 1293
60.010000 3 1387
60.010000 4 1342
60.010000 5 1373
60.010000 6 1359
60.010000 7 1370
60.010000 8 1393
60.010000 9 1392
60.010000 10 1325
60.010000 11 1389
60.010000 12 1383
60.010000 13 1371
60.010000 14 1323
60.010000 15 1361
60.010000 16 1406
60.010000 17 1298
60.010000 18 1305
60.010000 19 1363
60.010000 20 1382
60.010000 21 1361
60.010000 22 1374
60.010000 23 1367
60.010000 24 1348
60.010000 25 1381
61.010000 0 1172
61.010000 1 1277
61.010000 2 1197
61.010000 3 1295
61.010000 4 1233
61.010000 5 1271
61.010000 6 1246
61.010000 7 1275
61.010000 8 1292
61.010000 9 1294
61.010000 10 1256
61.010000 11 1299
61.010000 12 1262
61.010000 13 1281
61.010000 14 1214
61.010000 15 1239
61.010000 16 1288
61.010000 17 1211
61.010000 18 1229
61.010000 19 1268
61.010000 20 1317
61.010000 21 1258
61.010000 22 1274
61.010000 23 1274
61.010000 24 1281
61.010000 25 1277
62.010000 0 1226
62.010000 1 1392
62.010000 2 1299
62.010000 3 1365
62.010000 4 1330
62.010000 5 1356
62.010000 6 1347
62.010000 7 1330
62.010000 8 1388
62.010000 9 1376
62.010000 10 1303
62.010000 11 1378
62.010000 12 1393
62.010000 13 1350
62.010000 14 1303
62.010000 15 1349
62.010000 16 1380
62.010000 17 1273
62.010000 18 1294
62.010000 19 1357
62.010000 20 1382
62.010000 21 1353
62.010000 22 1362
62.010000 23 1361
62.010000 24 1358
62.010000 25 1368
63.010000 0 1312
63.010000 1 1479
63.010000 2 1377
63.010000 3 1476
63.010000 4 1448
63.010000 5 1470
63.010000 6 1462
63.010000 7 1497
63.010000 8 1499
63.010000 9 1493
63.010000 10 1422
63.010000 11 1497
63.010000 12 1472
63.010000 13 1473
63.010000 14 1386
63.010000 15 1449
63.010000 16 1486
63.010000 17 1374
63.010000 18 1386
63.010000 19 1454
63.010000 20 1457
63.010000 21 1457
63.010000 22 1472
63.010000 23 1468
63.010000 24 1462
63.010000 25 1459
64.010000 0 1192
64.010000 1 1356
64.010000 2 1238
64.010000 3 1333
64.010000 4 1295
64.010000 5 1337
64.010000 6 1326
64.010000 7 1326
64.010000 8 1326
64.010000 9 1349
64.010000 10 1277
64.010000 11 1346
64.010000 12 1333
64.010000 13 1353
64.010000 14 1253
64.010000 15 1321
64.010000 16 1343
64.010000 17 1244
64.010000 18 1267
64.010000 19 1298
64.010000 20 1360
64.010000 21 1318
64.010000 22 1322
64.010000 23 1329
64.010000 24 1318
64.010000 25 1320
65.010000 0 1259
65.010000 1 1418
65.010000 2 1321
65.010000 3 1416
65.010000 4 1403
65.010000 5 1418
65.010000 6 1389
65.010000 7 1408
65.010000 8 1449
65.010000 9 1446
65.010000 10 1355
65.010000 11 1427
65.010000 12 1405
65.010000 13 1369
65.010000 14 1331
65.010000 15 1397
65.010000 16 1419
65.010000 17 1322
65.010000 18 1341
65.010000 19 1390
65.010000 20 1409
65.010000 21 1392
65.010000 22 1420
65.010000 23 1381
65.010000 24 1392
65.010000 25 1398
66.010000 0 1173
66.010000 1 1342
66.010000 2 1268
66.010000 3 1323
66.010000 4 1298
66.010000 5 1337
66.010000 6 1306
66.010000 7 1326
66.010000 8 1326
66.010000 9 1351
66.010000 10 1272
66.010000 11 1342
66.010000 12 1360
66.010000 13 1354
66.010000 14 1251
66.010000 15 1326
66.010000 16 1323
66.010000 17 1230
66.010000 18 1250
66.010000 19 1312
66.010000 20 1315
66.010000 21 1313
66.010000 22 1336
66.010000 23 1352
66.010000 24 1340
66.010000 25 1336
67.010000 0 1346
67.010000 1 1473
67.010000 2 1343
67.010000 3 1470
67.010000 4 1435
67.010000 5 1462
67.010000 6 1443
67.010000 7 1480
67.010000 8 1510
67.010000 9 1478
67.010000 10 1421
67.010000 11 1487
67.010000 12 1448
67.010000 13 1441
67.010000 14 1408
67.010000 15 1435
67.010000 16 1495
67.010000 17 1378
67.010000 18 1394
67.010000 19 1432
67.010000 20 1463
67.010000 21 1451
67.010000 22 1468
67.010000 23 1430
67.010000 24 1445
67.010000 25 1456
68.010000 0 1143
68.010000 1 1317
68.010000 2 1265
68.010000 3 1305
68.010000 4 1247
68.010000 5 1319
68.010000 6 1287
68.010000 7 1304
68.010000 8 1306
68.010000 9 1325
68.010000 10 1254
68.010000 11 1320
68.010000 12 1335
68.010000 13 1330
68.010000 14 1232
68.010000 15 1301
68.010000 16 1344
68.010000 17 1216
68.010000 18 1216
68.010000 19 1290
68.010000 20 1312
68.010000 21 1297
68.010000 22 1329
68.010000 23 1338
68.010000 24 1284
68.010000 25 1309
69.010000 0 1357
69.010000 1 1492
69.010000 2 1368
69.010000 3 1487
69.010000 4 1449
69.010000 5 1480
69.010000 6 1476
69.010000 7 1477
69.010000 8 1504
69.010000 9 1519
69.010000 10 1439
69.010000 11 1498
69.010000 12 1461
69.010000 13 1475
69.010000 14 1416
69.010000 15 1455
69.010000 16 1495
69.010000 17 1397
69.010000 18 1431
69.010000 19 1461
69.010000 20 1478
69.010000 21 1475
69.010000 22 1457
69.010000 23 1482
69.010000 24 1470
69.010000 25 1471
70.010000 0 1271
70.010000 1 1408
70.010000 2 1330
70.010000 3 1395
70.010000 4 1378
70.010000 5 1401
70.010000 6 1369
70.010000 7 1394
70.010000 8 1428
70.010000 9 1393
70.010000 10 1374
70.010000 11 1426
70.010000 12 1418
70.010000 13 1396
70.010000 14 1324
70.010000 15 1386
70.010000 16 1402
70.010000 17 1287
70.010000 18 1334
70.010000 19 1396
70.010000 20 1414
70.010000 21 1384
70.010000 22 1432
70.010000 23 1399
70.010000 24 1390
70.010000 25 1387
71.010000 0 1291
71.010000 1 1390
71.010000 2 1318
71.010000 3 1390
71.010000 4 1346
71.010000 5 1384
71.010000 6 1363
71.010000 7 1376
71.010000 8 1407
71.010000 9 1400
71.010000 10 1338
71.010000 11 1405
71.010000 12 1383
71.010000 13 1382
71.010000 14 1329
71.010000 15 1362
71.010000 16 1428
71.010000 17 1296
71.010000 18 1332
71.010000 19 1387
71.010000 20 1398
71.010000 21 1375
71.010000 22 1386
71.010000 23 1378
71.010000 24 1362
71.010000 25 1332
72.010000 0 1270
72.010000 1 1411
72.010000 2 1321
72.010000 3 1404
72.010000 4 1374
72.010000 5 1399
72.010000 6 1387
72.010000 7 1404
72.010000 8 1428
72.010000 9 1421
72.010000 10 1362
72.010000 11 1448
72.010000 12 1402
72.010000 13 1409
72.010000 14 1337
72.010000 15 1375
72.010000 16 1403
72.010000 17 1307
72.010000 18 1337
72.010000 19 1398
72.010000 20 1416
72.010000 21 1391
72.010000 22 1405
72.010000 23 1404
72.010000 24 1396
72.010000 25 1392
73.010000 0 1322
73.010000 1 1510
73.010000 2 1369
73.010000 3 1492
73.010000 4 1488
73.010000 5 1490
73.010000 6 1505
73.010000 7 1496
73.010000 8 1516
73.010000 9 1507
73.010000 10 1445
73.010000 11 1529
73.010000 12 1491
73.010000 13 1452
73.010000 14 1416
73.010000 15 1470
73.010000 16 1498
73.010000 17 1398
73.010000 18 1408
73.010000 19 1455
73.010000 20 1500
73.010000 21 1475
73.010000 22 1486
73.010000 23 1488
73.010000 24 1498
73.010000 25 1480
74.010000 0 1342
74.010000 1 1492
74.010000 2 1361
74.010000 3 1480
74.010000 4 1448
74.010000 5 1469
74.010000 6 1444
74.010000 7 1465
74.010000 8 1493
74.010000 9 1482
74.010000 10 1383
74.010000 11 1487
74.010000 12 1461
74.010000 13 1473
74.010000 14 1411
74.010000 15 1446
74.010000 16 1480
74.010000 17 1392
74.010000 18 1398
74.010000 19 1439
74.010000 20 1467
74.010000 21 1446
74.010000 22 1467
74.010000 23 1460
74.010000 24 1456
74.010000 25 1460
75.010000 0 1283
75.010000 1 1451
75.010000 2 1345
75.010000 3 1434
75.010000 4 1401
75.010000 5 1447
75.010000 6 1426
75.010000 7 1438
75.010000 8 1484
75.010000 9 1457
75.010000 10 1396
75.010000 11 1462
75.010000 12 1426
75.010000 13 1434
75.010000 14 1362
75.010000 15 1411
75.010000 16 1456
75.010000 17 1331
75.010000 18 1360
75.010000 19 1422
75.010000 20 1454
75.010000 21 1428
75.010000 22 1444
75.010000 23 1437
75.010000 24 1426
75.010000 25 1421
76.010000 0 1251
76.010000 1 1424
76.010000 2 1324
76.010000 3 1422
76.010000 4 1377
76.010000 5 1411
76.010000 6 1394
76.010000 7 1412
76.010000 8 1436
76.010000 9 1457
76.010000 10 1355
76.010000 11 1451
76.010000 12 1423
76.010000 13 1414
76.010000 14 1317
76.010000 15 1399
76.010000 16 1431
76.010000 17 1307
76.010000 18 1317
76.010000 19 1397
76.010000 20 1421
76.010000 21 1418
76.010000 22 1403
76.010000 23 1415
76.010000 24 1397
76.010000 25 1398
77.010000 0 1234
77.010000 1 1396
77.010000 2 1281
77.010000 3 1366
77.010000 4 1338
77.010000 5 1377
77.010000 6 1345
77.010000 7 1371
77.010000 8 1394
77.010000 9 1354
77.010000 10 1341
77.010000 11 1399
77.010000 12 1373
77.010000 13 1394
77.010000 14 1309
77.010000 15 1364
77.010000 16 1384
77.010000 17 1275
77.010000 18 1296
77.010000 19 1352
77.010000 20 1374
77.010000 21 1348
77.010000 22 1353
77.010000 23 1364
77.010000 24 1364
77.010000 25 1355
78.010000 0 1333
78.010000 1 1503
78.010000 2 1391
78.010000 3 1505
78.010000 4 1472
78.010000 5 1486
78.010000 6 1496
78.010000 7 1494
78.010000 8 1519
78.010000 9 1515
78.010000 10 1455
78.010000 11 1513
78.010000 12 1474
78.010000 13 1458
78.010000 14 1412
78.010000 15 1447
78.010000 16 1511
78.010000 17 1413
78.010000 18 1423
78.010000 19 1472
78.010000 20 1499
78.010000 21 1491
78.010000 22 1488
78.010000 23 1493
78.010000 24 1472
78.010000 25 1478
79.010000 0 1260
79.010000 1 1427
79.010000 2 1297
79.010000 3 1389
79.010000 4 1355
79.010000 5 1408
79.010000 6 1365
79.010000 7 1393
79.010000 8 1415
79.010000 9 1405
79.010000 10 1330
79.010000 11 1411
79.010000 12 1397
79.010000 13 1414
79.010000 14 1332
79.010000 15 1397
79.010000 16 1401
79.010000 17 1305
79.010000 18 1330
79.010000 19 1376
79.010000 20 1396
79.010000 21 1370
79.010000 22 1388
79.010000 23 1381
79.010000 24 1380
79.010000 25 1376
80.010000 0 1358
80.010000 1 1520
80.010000 2 1409
80.010000 3 1513
80.010000 4 1490
80.010000 5 1525
80.010000 6 1494
80.010000 7 1507
80.010000 8 1532
80.010000 9 1520
80.010000 10 1463
80.010000 11 1524
80.010000 12 1506
80.010000 13 1465
80.010000 14 1426
80.010000 15 1507
80.010000 16 1521
80.010000 17 1414
80.010000 18 1430
80.010000 19 1492
80.010000 20 1513
80.010000 21 1497
80.010000 22 1508
80.010000 23 1504
80.010000 24 1476
80.010000 25 1490
81.010000 0 1218
81.010000 1 1366
81.010000 2 1294
81.010000 3 1374
81.010000 4 1318
81.010000 5 1345
81.010000 6 1332
81.010000 7 1349
81.010000 8 1372
81.010000 9 1378
81.010000 10 1308
81.010000 11 1372
81.010000 12 1349
81.010000 13 1357
81.010000 14 1279
81.010000 15 1316
81.010000 16 1399
81.010000 17 1282
81.010000 18 1284
81.010000 19 1347
81.010000 20 1365
81.010000 21 1344
81.010000 22 1350
81.010000 23 1383
81.010000 24 1354
81.010000 25 1332
82.010000 0 1188
82.010000 1 1342
82.010000 2 1261
82.010000 3 1348
82.010000 4 1294
82.010000 5 1350
82.010000 6 1322
82.010000 7 1335
82.010000 8 1357
82.010000 9 1356
82.010000 10 1285
82.010000 11 1353
82.010000 12 1337
82.010000 13 1334
82.010000 14 1260
82.010000 15 1329
82.010000 16 1369
82.010000 17 1248
82.010000 18 1254
82.010000 19 1314
82.010000 20 1342
82.010000 21 1351
82.010000 22 1339
82.010000 23 1335
82.010000 24 1316
82.010000 25 1323
83.010000 0 1330
83.010000 1 1452
83.010000 2 1385
83.010000 3 1465
83.010000 4 1440
83.010000 5 1473
83.010000 6 1433
83.010000 7 1460
83.010000 8 1480
83.010000 9 1481
83.010000 10 1417
83.010000 11 1480
83.010000 12 1475
83.010000 13 1455
83.010000 14 1404
83.010000 15 1453
83.010000 16 1481
83.010000 17 1371
83.010000 18 1387
83.010000 19 1449
83.010000 20 1480
83.010000 21 1442
83.010000 22 1464
83.010000 23 1457
83.010000 24 1452
83.010000 25 1447
84.010000 0 1333
84.010000 1 1459
84.010000 2 1350
84.010000 3 1441
84.010000 4 1428
84.010000 5 1451
84.010000 6 1438
84.010000 7 1449
84.010000 8 1490
84.010000 9 1463
84.010000 10 1410
84.010000 11 1473
84.010000 12 1435
84.010000 13 1442
84.010000 14 1394
84.010000 15 1420
84.010000 16 1466
84.010000 17 1365
84.010000 18 1412
84.010000 19 1429
84.010000 20 1459
84.010000 21 1436
84.010000 22 1448
84.010000 23 1441
84.010000 24 1421
84.010000 25 1402
85.010000 0 1153
85.010000 1 1355
85.010000 2 1258
85.010000 3 1322
85.010000 4 1296
85.010000 5 1341
85.010000 6 1301
85.010000 7 1356
85.010000 8 1347
85.010000 9 1344
85.010000 10 1272
85.010000 11 1343
85.010000 12 1349
85.010000 13 1320
85.010000 14 1242
85.010000 15 1322
85.010000 16 1337
85.010000 17 1220
85.010000 18 1234
85.010000 19 1308
85.010000 20 1329
85.010000 21 1307
85.010000 22 1324
85.010000 23 1324
85.010000 24 1314
85.010000 25 1341
86.010000 0 1285
86.010000 1 1421
86.010000 2 1316
86.010000 3 1407
86.010000 4 1374
86.010000 5 1417
86.010000 6 1397
86.010000 7 1403
86.010000 8 1437
86.010000 9 1422
86.010000 10 1357
86.010000 11 1430
86.010000 12 1413
86.010000 13 1404
86.010000 14 1341
86.010000 15 1402
86.010000 16 1428
86.010000 17 1307
86.010000 18 1344
86.010000 19 1395
86.010000 20 1420
86.010000 21 1396
86.010000 22 1406
86.010000 23 1401
86.010000 24 1397
86.010000 25 1387
87.010000 0 1182
87.010000 1 1309
87.010000 2 1205
87.010000 3 1314
87.010000 4 1255
87.010000 5 1317
87.010000 6 1271
87.010000 7 1301
87.010000 8 1318
87.010000 9 1312
87.010000 10 1239
87.010000 11 1334
87.010000 12 1292
87.010000 13 1292
87.010000 14 1215
87.010000 15 1293
87.010000 16 1313
87.010000 17 1216
87.010000 18 1240
87.010000 19 1267
87.010000 20 1303
87.010000 21 1283
87.010000 22 1326
87.010000 23 1295
87.010000 24 1274
87.010000 25 1305
88.010000 0 1263
88.010000 1 1419
88.010000 2 1340
88.010000 3 1412
88.010000 4 1396
88.010000 5 1423
88.010000 6 1407
88.010000 7 1412
88.010000 8 1441
88.010000 9 1436
88.010000 10 1400
88.010000 11 1438
88.010000 12 1420
88.010000 13 1415
88.010000 14 1342
88.010000 15 1400
88.010000 16 1438
88.010000 17 1316
88.010000 18 1337
88.010000 19 1405
88.010000 20 1428
88.010000 21 1408
88.010000 22 1412
88.010000 23 1455
88.010000 24 1399
88.010000 25 1381
89.010000 0 1374
89.010000 1 1499
89.010000 2 1378
89.010000 3 1497
89.010000 4 1483
89.010000 5 1493
89.010000 6 1467
89.010000 7 1486
89.010000 8 1517
89.010000 9 1507
89.010000 10 1433
89.010000 11 1517
89.010000 12 1486
89.010000 13 1490
89.010000 14 1419
89.010000 15 1475
89.010000 16 1508
89.010000 17 1403
89.010000 18 1438
89.010000 19 1461
89.010000 20 1495
89.010000 21 1457
89.010000 22 1492
89.010000 23 1444
89.010000 24 1482
89.010000 25 1493
90.010000 0 1172
90.010000 1 1337
90.010000 2 1263
90.010000 3 1333
90.010000 4 1307
90.010000 5 1357
90.010000 6 1306
90.010000 7 1330
90.010000 8 1361
90.010000 9 1353
90.010000 10 1308
90.010000 11 1352
90.010000 12 1329
90.010000 13 1320
90.010000 14 1248
90.010000 15 1331
90.010000 16 1349
90.010000 17 1225
90.010000 18 1247
90.010000 19 1319
90.010000 20 1341
90.010000 21 1311
90.010000 22 1363
90.010000 23 1334
90.010000 24 1313
90.010000 25 1322
91.010000 0 1257
91.010000 1 1404
91.010000 2 1318
91.010000 3 1401
91.010000 4 1371
91.010000 5 1413
91.010000 6 1380
91.010000 7 1392
91.010000 8 1416
91.010000 9 1412
91.010000 10 1353
91.010000 11 1414
91.010000 12 1391
91.010000 13 1391
91.010000 14 1343
91.010000 15 1389
91.010000 16 1410
91.010000 17 1327
91.010000 18 1324
91.010000 19 1373
91.010000 20 1400
91.010000 21 1384
91.010000 22 1400
91.010000 23 1388
91.010000 24 1380
91.010000 25 1380
92.010000 0 1348
92.010000 1 1482
92.010000 2 1397
92.010000 3 1483
92.010000 4 1439
92.010000 5 1460
92.010000 6 1464
92.010000 7 1469
92.010000 8 1495
92.010000 9 1494
92.010000 10 1427
92.010000 11 1492
92.010000 12 1492
92.010000 13 1465
92.010000 14 1419
92.010000 15 1440
92.010000 16 1495
92.010000 17 1388
92.010000 18 1397
92.010000 19 1462
92.010000 20 1485
92.010000 21 1471
92.010000 22 1449
92.010000 23 1465
92.010000 24 1459
92.010000 25 1461
93.010000 0 1266
93.010000 1 1390
93.010000 2 1285
93.010000 3 1370
93.010000 4 1344
93.010000 5 1380
93.010000 6 1357
93.010000 7 1375
93.010000 8 1407
93.010000 9 1396
93.010000 10 1327
93.010000 11 1400
93.010000 12 1376
93.010000 13 1376
93.010000 14 1321
93.010000 15 1357
93.010000 16 1395
93.010000 17 1274
93.010000 18 1324
93.010000 19 1359
93.010000 20 1411
93.010000 21 1366
93.010000 22 1380
93.010000 23 1375
93.010000 24 1370
93.010000 25 1364
94.010000 0 1307
94.010000 1 1460
94.010000 2 1353
94.010000 3 1459
94.010000 4 1424
94.010000 5 1442
94.010000 6 1430
94.010000 7 1454
94.010000 8 1486
94.010000 9 1466
94.010000 10 1407
94.010000 11 1478
94.010000 12 1445
94.010000 13 1446
94.010000 14 1372
94.010000 15 1419
94.010000 16 1464
94.010000 17 1363
94.010000 18 1375
94.010000 19 1431
94.010000 20 1464
94.010000 21 1433
94.010000 22 1452
94.010000 23 1445
94.010000 24 1429
94.010000 25 1434
95.010000 0 1188
95.010000 1 1320
95.010000 2 1219
95.010000 3 1319
95.010000 4 1303
95.010000 5 1306
95.010000 6 1320
95.010000 7 1305
95.010000 8 1334
95.010000 9 1327
95.010000 10 1261
95.010000 11 1320
95.010000 12 1312
95.010000 13 1304
95.010000 14 1257
95.010000 15 1287
95.010000 16 1348
95.010000 17 1246
95.010000 18 1258
95.010000 19 1297
95.010000 20 1311
95.010000 21 1302
95.010000 22 1338
95.010000 23 1330
95.010000 24 1292
95.010000 25 1298
96.010000 0 1265
96.010000 1 1414
96.010000 2 1300
96.010000 3 1407
96.010000 4 1374
96.010000 5 1414
96.010000 6 1376
96.010000 7 1411
96.010000 8 1428
96.010000 9 1418
96.010000 10 1346
96.010000 11 1443
96.010000 12 1409
96.010000 13 1405
96.010000 14 1334
96.010000 15 1401
96.010000 16 1428
96.010000 17 1317
96.010000 18 1330
96.010000 19 1367
96.010000 20 1409
96.010000 21 1381
96.010000 22 1401
96.010000 23 1397
96.010000 24 1385
96.010000 25 1385
97.010000 0 1279
97.010000 1 1448
97.010000 2 1355
97.010000 3 1434
97.010000 4 1407
97.010000 5 1429
97.010000 6 1425
97.010000 7 1432
97.010000 8 1457
97.010000 9 1458
97.010000 10 1389
97.010000 11 1438
97.010000 12 1453
97.010000 13 1455
97.010000 14 1369
97.010000 15 1407
97.010000 16 1442
97.010000 17 1345
97.010000 18 1357
97.010000 19 1416
97.010000 20 1442
97.010000 21 1426
97.010000 22 1433
97.010000 23 1437
97.010000 24 1422
97.010000 25 1441
98.010000 0 1269
98.010000 1 1424
98.010000 2 1335
98.010000 3 1425
98.010000 4 1399
98.010000 5 1417
98.010000 6 1389
98.010000 7 1416
98.010000 8 1441
98.010000 9 1421
98.010000 10 1376
98.010000 11 1451
98.010000 12 1415
98.010000 13 1415
98.010000 14 1327
98.010000 15 1396
98.010000 16 1436
98.010000 17 1322
98.010000 18 1349
98.010000 19 1413
98.010000 20 1429
98.010000 21 1402
98.010000 22 1425
98.010000 23 1420
98.010000 24 1414
98.010000 25 1394
99.010000 0 1244
99.010000 1 1439
99.010000 2 1336
99.010000 3 1418
99.010000 4 1386
99.010000 5 1434
99.010000 6 1399
99.010000 7 1421
99.010000 8 1457
99.010000 9 1438
99.010000 10 1370
99.010000 11 1459
99.010000 12 1417
99.010000 13 1415
99.010000 14 1326
99.010000 15 1408
99.010000 16 1435
99.010000 17 1314
99.010000 18 1333
99.010000 19 1396
99.010000 20 1429
99.010000 21 1402
99.010000 22 1422
99.010000 23 1418
99.010000 24 1410
99.010000 25 1410
100.010000 0 1261
100.010000 1 1458
100.010000 2 1365
100.010000 3 1432
100.010000 4 1403
100.010000 5 1445
100.010000 6 1422
100.010000 7 1436
100.010000 8 1443
100.010000 9 1469
100.010000 10 1384
100.010000 11 1431
100.010000 12 1441
100.010000 13 1464
100.010000 14 1355
100.010000 15 1423
100.010000 16 1473
100.010000 17 1329
100.010000 18 1338
100.010000 19 1421
100.010000 20 1445
100.010000 21 1426
100.010000 22 1431
100.010000 23 1435
100.010000 24 1421
100.010000 25 1423
101.010000 0 1254
101.010000 1 1403
101.010000 2 1307
101.010000 3 1406
101.010000 4 1364
101.010000 5 1402
101.010000 6 1368
101.010000 7 1400
101.010000 8 1426
101.010000 9 1418
101.010000 10 1350
101.010000 11 1442
101.010000 12 1400
101.010000 13 1395
101.010000 14 1317
101.010000 15 1381
101.010000 16 1398
101.010000 17 1294
101.010000 18 1308
101.010000 19 1377
101.010000 20 1408
101.010000 21 1402
101.010000 22 1412
101.010000 23 1397
101.010000 24 1388
101.010000 25 1388
102.010000 0 1386
102.010000 1 1540
102.010000 2 1433
102.010000 3 1521
102.010000 4 1498
102.010000 5 1529
102.010000 6 1519
102.010000 7 1529
102.010000 8 1565
102.010000 9 1547
102.010000 10 1487
102.010000 11 1551
102.010000 12 1524
102.010000 13 1520
102.010000 14 1462
102.010000 15 1506
102.010000 16 1544
102.010000 17 1431
102.010000 18 1466
102.010000 19 1512
102.010000 20 1545
102.010000 21 1493
102.010000 22 1505
102.010000 23 1527
102.010000 24 1509
102.010000 25 1510
103.010000 0 1348
103.010000 1 1472
103.010000 2 1369
103.010000 3 1470
103.010000 4 1417
103.010000 5 1461
103.010000 6 1445
103.010000 7 1449
103.010000 8 1480
103.010000 9 1480
103.010000 10 1405
103.010000 11 1482
103.010000 12 1456
103.010000 13 1462
103.010000 14 1399
103.010000 15 1434
103.010000 16 1471
103.010000 17 1379
103.010000 18 1408
103.010000 19 1436
103.010000 20 1470
103.010000 21 1450
103.010000 22 1458
103.010000 23 1455
103.010000 24 1445
103.010000 25 1457
104.010000 0 1227
104.010000 1 1384
104.010000 2 1279
104.010000 3 1362
104.010000 4 1327
104.010000 5 1357
104.010000 6 1343
104.010000 7 1359
104.010000 8 1408
104.010000 9 1378
104.010000 10 1311
104.010000 11 1387
104.010000 12 1389
104.010000 13 1364
104.010000 14 1280
104.010000 15 1350
104.010000 16 1404
104.010000 17 1243
104.010000 18 1282
104.010000 19 1353
104.010000 20 1374
104.010000 21 1351
104.010000 22 1371
104.010000 23 1358
104.010000 24 1352
104.010000 25 1347
105.010000 0 1340
105.010000 1 1491
105.010000 2 1369
105.010000 3 1491
105.010000 4 1449
105.010000 5 1483
105.010000 6 1469
105.010000 7 1486
105.010000 8 1509
105.010000 9 1506
105.010000 10 1433
105.010000 11 1506
105.010000 12 1469
105.010000 13 1484
105.010000 14 1421
105.010000 15 1450
105.010000 16 1481
105.010000 17 1389
105.010000 18 1400
105.010000 19 1450
105.010000 20 1492
105.010000 21 1468
105.010000 22 1485
105.010000 23 1482
105.010000 24 1480
105.010000 25 1480
106.010000 0 1298
106.010000 1 1456
106.010000 2 1344
106.010000 3 1489
106.010000 4 1455
106.010000 5 1455
106.010000 6 1449
106.010000 7 1469
106.010000 8 1486
106.010000 9 1483
106.010000 10 1416
106.010000 11 1487
106.010000 12 1440
106.010000 13 1478
106.010000 14 1386
106.010000 15 1413
106.010000 16 1474
106.010000 17 1394
106.010000 18 1367
106.010000 19 1418
106.010000 20 1457
106.010000 21 1443
106.010000 22 1481
106.010000 23 1468
106.010000 24 1442
106.010000 25 1452
107.010000 0 1340
107.010000 1 1502
107.010000 2 1414
107.010000 3 1473
107.010000 4 1443
107.010000 5 1501
107.010000 6 1465
107.010000 7 1483
107.010000 8 1508
107.010000 9 1510
107.010000 10 1452
107.010000 11 1532
107.010000 12 1501
107.010000 13 1489
107.010000 14 1409
107.010000 15 1488
107.010000 16 1511
107.010000 17 1376
107.010000 18 1435
107.010000 19 1488
107.010000 20 1492
107.010000 21 1470
107.010000 22 1483
107.010000 23 1490
107.010000 24 1479
107.010000 25 1471
108.010000 0 1318
108.010000 1 1432
108.010000 2 1314
108.010000 3 1423
108.010000 4 1369
108.010000 5 1415
108.010000 6 1407
108.010000 7 1414
108.010000 8 1443
108.010000 9 1436
108.010000 10 1358
108.010000 11 1463
108.010000 12 1414
108.010000 13 1415
108.010000 14 1374
108.010000 15 1387
108.010000 16 1433
108.010000 17 1335
108.010000 18 1368
108.010000 19 1387
108.010000 20 1427
108.010000 21 1411
108.010000 22 1419
108.010000 23 1413
108.010000 24 1402
108.010000 25 1404
109.010000 0 1203
109.010000 1 1366
109.010000 2 1266
109.010000 3 1349
109.010000 4 1320
109.010000 5 1360
109.010000 6 1322
109.010000 7 1346
109.010000 8 1375
109.010000 9 1363
109.010000 10 1332
109.010000 11 1366
109.010000 12 1354
109.010000 13 1340
109.010000 14 1270
109.010000 15 1346
109.010000 16 1363
109.010000 17 1250
109.010000 18 1274
109.010000 19 1337
109.010000 20 1378
109.010000 21 1326
109.010000 22 1349
109.010000 23 1347
109.010000 24 1333
109.010000 25 1327
110.010000 0 1316
110.010000 1 1504
110.010000 2 1411
110.010000 3 1482
110.010000 4 1467
110.010000 5 1496
110.010000 6 1483
110.010000 7 1482
110.010000 8 1491
110.010000 9 1511
110.010000 10 1434
110.010000 11 1504
110.010000 12 1497
110.010000 13 1475
110.010000 14 1419
110.010000 15 1479
110.010000 16 1519
110.010000 17 1398
110.010000 18 1401
110.010000 19 1476
110.010000 20 1476
110.010000 21 1477
110.010000 22 1480
110.010000 23 1485
110.010000 24 1477
110.010000 25 1476
111.010000 0 1189
111.010000 1 1315
111.010000 2 1232
111.010000 3 1314
111.010000 4 1276
111.010000 5 1304
111.010000 6 1274
111.010000 7 1310
111.010000 8 1347
111.010000 9 1319
111.010000 10 1267
111.010000 11 1331
111.010000 12 1317
111.010000 13 1331
111.010000 14 1234
111.010000 15 1288
111.010000 16 1349
111.010000 17 1211
111.010000 18 1248
111.010000 19 1299
111.010000 20 1307
111.010000 21 1289
111.010000 22 1315
111.010000 23 1331
111.010000 24 1301
111.010000 25 1294
112.010000 0 1167
112.010000 1 1297
112.010000 2 1210
112.010000 3 1290
112.010000 4 1258
112.010000 5 1294
112.010000 6 1274
112.010000 7 1283
112.010000 8 1307
112.010000 9 1327
112.010000 10 1231
112.010000 11 1302
112.010000 12 1289
112.010000 13 1310
112.010000 14 1235
112.010000 15 1276
112.010000 16 1279
112.010000 17 1212
112.010000 18 1230
112.010000 19 1267
112.010000 20 1285
112.010000 21 1279
112.010000 22 1285
112.010000 23 1317
112.010000 24 1277
112.010000 25 1275
113.010000 0 1230
113.010000 1 1365
113.010000 2 1282
113.010000 3 1393
113.010000 4 1359
113.010000 5 1367
113.010000 6 1361
113.010000 7 1367
113.010000 8 1395
113.010000 9 1386
113.010000 10 1320
113.010000 11 1389
113.010000 12 1376
113.010000 13 1392
113.010000 14 1289
113.010000 15 1341
113.010000 16 1383
113.010000 17 1300
113.010000 18 1295
113.010000 19 1339
113.010000 20 1369
113.010000 21 1352
113.010000 22 1366
113.010000 23 1336
113.010000 24 1352
113.010000 25 1360
114.010000 0 1298
114.010000 1 1472
114.010000 2 1357
114.010000 3 1447
114.010000 4 1392
114.010000 5 1448
114.010000 6 1430
114.010000 7 1445
114.010000 8 1472
114.010000 9 1467
114.010000 10 1399
114.010000 11 1469
114.010000 12 1444
114.010000 13 1447
114.010000 14 1371
114.010000 15 1420
114.010000 16 1469
114.010000 17 1350
114.010000 18 1374
114.010000 19 1422
114.010000 20 1456
114.010000 21 1433
114.010000 22 1466
114.010000 23 1441
114.010000 24 1431
114.010000 25 1432
115.010000 0 1285
115.010000 1 1459
115.010000 2 1387
115.010000 3 1455
115.010000 4 1434
115.010000 5 1470
115.010000 6 1437
115.010000 7 1452
115.010000 8 1485
115.010000 9 1476
115.010000 10 1405
115.010000 11 1474
115.010000 12 1461
115.010000 13 1453
115.010000 14 1370
115.010000 15 1457
115.010000 16 1471
115.010000 17 1351
115.010000 18 1362
115.010000 19 1450
115.010000 20 1459
115.010000 21 1443
115.010000 22 1454
115.010000 23 1453
115.010000 24 1445
115.010000 25 1435
116.010000 0 1307
116.010000 1 1469
116.010000 2 1361
116.010000 3 1479
116.010000 4 1413
116.010000 5 1468
116.010000 6 1430
116.010000 7 1460
116.010000 8 1483
116.010000 9 1473
116.010000 10 1402
116.010000 11 1482
116.010000 12 1459
116.010000 13 1459
116.010000 14 1375
116.010000 15 1445
116.010000 16 1500
116.010000 17 1374
116.010000 18 1373
116.010000 19 1435
116.010000 20 1465
116.010000 21 1439
116.010000 22 1457
116.010000 23 1458
116.010000 24 1450
116.010000 25 1447
117.010000 0 1300
117.010000 1 1430
117.010000 2 1315
117.010000 3 1422
117.010000 4 1410
117.010000 5 1410
117.010000 6 1374
117.010000 7 1421
117.010000 8 1441
117.010000 9 1455
117.010000 10 1367
117.010000 11 1415
117.010000 12 1415
117.010000 13 1414
117.010000 14 1362
117.010000 15 1391
117.010000 16 1411
117.010000 17 1334
117.010000 18 1356
117.010000 19 1396
117.010000 20 1424
117.010000 21 1397
117.010000 22 1419
117.010000 23 1411
117.010000 24 1421
117.010000 25 1402
118.010000 0 1303
118.010000 1 1421
118.010000 2 1318
118.010000 3 1421
118.010000 4 1385
118.010000 5 1410
118.010000 6 1401
118.010000 7 1409
118.010000 8 1438
118.010000 9 1430
118.010000 10 1373
118.010000 11 1432
118.010000 12 1409
118.010000 13 1410
118.010000 14 1368
118.010000 15 1382
118.010000 16 1439
118.010000 17 1339
118.010000 18 1354
118.010000 19 1392
118.010000 20 1426
118.010000 21 1400
118.010000 22 1418
118.010000 23 1412
118.010000 24 1401
118.010000 25 1400
119.010000 0 1334
119.010000 1 1490
119.010000 2 1377
119.010000 3 1472
119.010000 4 1433
119.010000 5 1484
119.010000 6 1447
119.010000 7 1500
119.010000 8 1503
119.010000 9 1472
119.010000 10 1426
119.010000 11 1499
119.010000 12 1478
119.010000 13 1466
119.010000 14 1408
119.010000 15 1467
119.010000 16 1489
119.010000 17 1380
119.010000 18 1406
119.010000 19 1460
119.010000 20 1481
119.010000 21 1462
119.010000 22 1473
119.010000 23 1471
119.010000 24 1467
119.010000 25 1465
120.010000 0 1214
120.010000 1 1339
120.010000 2 1268
120.010000 3 1340
120.010000 4 1293
120.010000 5 1332
120.010000 6 1318
120.010000 7 1327
120.010000 8 1352
120.010000 9 1350
120.010000 10 1277
120.010000 11 1353
120.010000 12 1351
120.010000 13 1357
120.010000 14 1271
120.010000 15 1312
120.010000 16 1367
120.010000 17 1251
120.010000 18 1266
120.010000 19 1316
120.010000 20 1343
120.010000 21 1324
120.010000 22 1334
120.010000 23 1325
120.010000 24 1293
120.010000 25 1316
121.010000 0 1316
121.010000 1 1462
121.010000 2 1349
121.010000 3 1440
121.010000 4 1423
121.010000 5 1440
121.010000 6 1449
121.010000 7 1446
121.010000 8 1455
121.010000 9 1472
121.010000 10 1411
121.010000 11 1471
121.010000 12 1445
121.010000 13 1457
121.010000 14 1388
121.010000 15 1415
121.010000 16 1451
121.010000 17 1347
121.010000 18 1391
121.010000 19 1431
121.010000 20 1460
121.010000 21 1411
121.010000 22 1443
121.010000 23 1448
121.010000 24 1463
121.010000 25 1440
122.010000 0 1302
122.010000 1 1444
122.010000 2 1330
122.010000 3 1436
122.010000 4 1379
122.010000 5 1426
122.010000 6 1383
122.010000 7 1421
122.010000 8 1461
122.010000 9 1436
122.010000 10 1352
122.010000 11 1441
122.010000 12 1431
122.010000 13 1413
122.010000 14 1359
122.010000 15 1418
122.010000 16 1437
122.010000 17 1351
122.010000 18 1358
122.010000 19 1407
122.010000 20 1427
122.010000 21 1411
122.010000 22 1422
122.010000 23 1412
122.010000 24 1410
122.010000 25 1405
123.010000 0 1278
123.010000 1 1436
123.010000 2 1365
123.010000 3 1422
123.010000 4 1407
123.010000 5 1424
123.010000 6 1418
123.010000 7 1426
123.010000 8 1455
123.010000 9 1460
123.010000 10 1387
123.010000 11 1447
123.010000 12 1440
123.010000 13 1423
123.010000 14 1358
123.010000 15 1412
123.010000 16 1438
123.010000 17 1332
123.010000 18 1359
123.010000 19 1439
123.010000 20 1435
123.010000 21 1419
123.010000 22 1424
123.010000 23 1427
123.010000 24 1415
123.010000 25 1413
124.010000 0 1331
124.010000 1 1453
124.010000 2 1337
124.010000 3 1453
124.010000 4 1403
124.010000 5 1443
124.010000 6 1414
124.010000 7 1421
124.010000 8 1481
124.010000 9 1456
124.010000 10 1379
124.010000 11 1462
124.010000 12 1439
124.010000 13 1427
124.010000 14 1378
124.010000 15 1423
124.010000 16 1454
124.010000 17 1364
124.010000 18 1383
124.010000 19 1419
124.010000 20 1444
124.010000 21 1418
124.010000 22 1441
124.010000 23 1434
124.010000 24 1427
124.010000 25 1425
125.010000 0 1254
125.010000 1 1364
125.010000 2 1277
125.010000 3 1372
125.010000 4 1334
125.010000 5 1362
125.010000 6 1344
125.010000 7 1359
125.010000 8 1390
125.010000 9 1400
125.010000 10 1312
125.010000 11 1383
125.010000 12 1361
125.010000 13 1359
125.010000 14 1301
125.010000 15 1341
125.010000 16 1381
125.010000 17 1275
125.010000 18 1302
125.010000 19 1346
125.010000 20 1379
125.010000 21 1349
125.010000 22 1363
125.010000 23 1355
125.010000 24 1321
125.010000 25 1349
126.010000 0 1250
126.010000 1 1439
126.010000 2 1322
126.010000 3 1430
126.010000 4 1416
126.010000 5 1432
126.010000 6 1404
126.010000 7 1452
126.010000 8 1445
126.010000 9 1437
126.010000 10 1367
126.010000 11 1443
126.010000 12 1418
126.010000 13 1418
126.010000 14 1328
126.010000 15 1410
126.010000 16 1431
126.010000 17 1336
126.010000 18 1342
126.010000 19 1399
126.010000 20 1422
126.010000 21 1407
126.010000 22 1416
126.010000 23 1426
126.010000 24 1433
126.010000 25 1385
127.010000 0 1169
127.010000 1 1326
127.010000 2 1232
127.010000 3 1307
127.010000 4 1292
127.010000 5 1331
127.010000 6 1295
127.010000 7 1320
127.010000 8 1339
127.010000 9 1335
127.010000 10 1275
127.010000 11 1341
127.010000 12 1317
127.010000 13 1312
127.010000 14 1243
127.010000 15 1312
127.010000 16 1332
127.010000 17 1218
127.010000 18 1259
127.010000 19 1304
127.010000 20 1339
127.010000 21 1303
127.010000 22 1321
127.010000 23 1332
127.010000 24 1322
127.010000 25 1306
128.010000 0 1246
128.010000 1 1368
128.010000 2 1291
128.010000 3 1362
128.010000 4 1316
128.010000 5 1362
128.010000 6 1341
128.010000 7 1350
128.010000 8 1383
128.010000 9 1378
128.010000 10 1342
128.010000 11 1379
128.010000 12 1369
128.010000 13 1347
128.010000 14 1309
128.010000 15 1350
128.010000 16 1376
128.010000 17 1273
128.010000 18 1289
128.010000 19 1350
128.010000 20 1371
128.010000 21 1346
128.010000 22 1353
128.010000 23 1354
128.010000 24 1342
128.010000 25 1332
129.010000 0 1366
129.010000 1 1565
129.010000 2 1442
129.010000 3 1534
129.010000 4 1539
129.010000 5 1537
129.010000 6 1549
129.010000 7 1565
129.010000 8 1578
129.010000 9 1576
129.010000 10 1517
129.010000 11 1571
129.010000 12 1535
129.010000 13 1549
129.010000 14 1470
129.010000 15 1498
129.010000 16 1572
129.010000 17 1434
129.010000 18 1475
129.010000 19 1525
129.010000 20 1562
129.010000 21 1545
129.010000 22 1553
129.010000 23 1553
129.010000 24 1534
129.010000 25 1540
130.010000 0 1223
130.010000 1 1359
130.010000 2 1247
130.010000 3 1346
130.010000 4 1308
130.010000 5 1337
130.010000 6 1332
130.010000 7 1344
130.010000 8 1364
130.010000 9 1363
130.010000 10 1286
130.010000 11 1362
130.010000 12 1345
130.010000 13 1368
130.010000 14 1277
130.010000 15 1312
130.010000 16 1355
130.010000 17 1255
130.010000 18 1292
130.010000 19 1333
130.010000 20 1352
130.010000 21 1326
130.010000 22 1349
130.010000 23 1345
130.010000 24 1334
130.010000 25 1354
131.010000 0 1313
131.010000 1 1474
131.010000 2 1370
131.010000 3 1459
131.010000 4 1406
131.010000 5 1466
131.010000 6 1448
131.010000 7 1486
131.010000 8 1488
131.010000 9 1485
131.010000 10 1406
131.010000 11 1482
131.010000 12 1463
131.010000 13 1463
131.010000 14 1388
131.010000 15 1441
131.010000 16 1478
131.010000 17 1364
131.010000 18 1392
131.010000 19 1440
131.010000 20 1468
131.010000 21 1456
131.010000 22 1463
131.010000 23 1462
131.010000 24 1451
131.010000 25 1465
132.010000 0 1233
132.010000 1 1375
132.010000 2 1305
132.010000 3 1364
132.010000 4 1339
132.010000 5 1384
132.010000 6 1339
132.010000 7 1360
132.010000 8 1388
132.010000 9 1385
132.010000 10 1317
132.010000 11 1384
132.010000 12 1371
132.010000 13 1362
132.010000 14 1283
132.010000 15 1357
132.010000 16 1383
132.010000 17 1266
132.010000 18 1308
132.010000 19 1355
132.010000 20 1372
132.010000 21 1348
132.010000 22 1362
132.010000 23 1368
132.010000 24 1349
132.010000 25 1346
133.010000 0 1298
133.010000 1 1464
133.010000 2 1339
133.010000 3 1450
133.010000 4 1429
133.010000 5 1464
133.010000 6 1431
133.010000 7 1457
133.010000 8 1464
133.010000 9 1459
133.010000 10 1367
133.010000 11 1465
133.010000 12 1429
133.010000 13 1433
133.010000 14 1378
133.010000 15 1433
133.010000 16 1458
133.010000 17 1372
133.010000 18 1373
133.010000 19 1412
133.010000 20 1449
133.010000 21 1424
133.010000 22 1438
133.010000 23 1437
133.010000 24 1429
133.010000 25 1428
134.010000 0 1193
134.010000 1 1321
134.010000 2 1213
134.010000 3 1326
134.010000 4 1267
134.010000 5 1303
134.010000 6 1280
134.010000 7 1328
134.010000 8 1338
134.010000 9 1333
134.010000 10 1286
134.010000 11 1330
134.010000 12 1308
134.010000 13 1308
134.010000 14 1254
134.010000 15 1279
134.010000 16 1348
134.010000 17 1229
134.010000 18 1243
134.010000 19 1284
134.010000 20 1329
134.010000 21 1288
134.010000 22 1311
134.010000 23 1312
134.010000 24 1294
134.010000 25 1300
135.010000 0 1323
135.010000 1 1480
135.010000 2 1417
135.010000 3 1482
135.010000 4 1450
135.010000 5 1509
135.010000 6 1458
135.010000 7 1442
135.010000 8 1502
135.010000 9 1495
135.010000 10 1395
135.010000 11 1498
135.010000 12 1489
135.010000 13 1476
135.010000 14 1399
135.010000 15 1498
135.010000 16 1500
135.010000 17 1391
135.010000 18 1403
135.010000 19 1473
135.010000 20 1504
135.010000 21 1464
135.010000 22 1481
135.010000 23 1490
135.010000 24 1466
135.010000 25 1466
136.010000 0 1241
136.010000 1 1405
136.010000 2 1312
136.010000 3 1389
136.010000 4 1374
136.010000 5 1418
136.010000 6 1386
136.010000 7 1400
136.010000 8 1427
136.010000 9 1416
136.010000 10 1390
136.010000 11 1417
136.010000 12 1395
136.010000 13 1399
136.010000 14 1328
136.010000 15 1391
136.010000 16 1417
136.010000 17 1289
136.010000 18 1314
136.010000 19 1376
136.010000 20 1392
136.010000 21 1388
136.010000 22 1409
136.010000 23 1400
136.010000 24 1385
136.010000 25 1371
137.010000 0 1191
137.010000 1 1349
137.010000 2 1286
137.010000 3 1364
137.010000 4 1282
137.010000 5 1337
137.010000 6 1337
137.010000 7 1346
137.010000 8 1363
137.010000 9 1373
137.010000 10 1294
137.010000 11 1386
137.010000 12 1364
137.010000 13 1351
137.010000 14 1256
137.010000 15 1311
137.010000 16 1369
137.010000 17 1258
137.010000 18 1259
137.010000 19 1321
137.010000 20 1350
137.010000 21 1362
137.010000 22 1352
137.010000 23 1354
137.010000 24 1325
137.010000 25 1363
138.010000 0 1079
138.010000 1 1197
138.010000 2 1149
138.010000 3 1196
138.010000 4 1173
138.010000 5 1198
138.010000 6 1178
138.010000 7 1193
138.010000 8 1229
138.010000 9 1212
138.010000 10 1141
138.010000 11 1190
138.010000 12 1217
138.010000 13 1222
138.010000 14 1140
138.010000 15 1186
138.010000 16 1211
138.010000 17 1110
138.010000 18 1124
138.010000 19 1185
138.010000 20 1226
138.010000 21 1204
138.010000 22 1189
138.010000 23 1192
138.010000 24 1159
138.010000 25 1176
139.010000 0 1366
139.010000 1 1518
139.010000 2 1400
139.010000 3 1522
139.010000 4 1478
139.010000 5 1501
139.010000 6 1491
139.010000 7 1492
139.010000 8 1503
139.010000 9 1517
139.010000 10 1416
139.010000 11 1516
139.010000 12 1497
139.010000 13 1489
139.010000 14 1434
139.010000 15 1479
139.010000 16 1516
139.010000 17 1427
139.010000 18 1425
139.010000 19 1479
139.010000 20 1503
139.010000 21 1485
139.010000 22 1500
139.010000 23 1500
139.010000 24 1502
139.010000 25 1485
140.010000 0 1319
140.010000 1 1480
140.010000 2 1374
140.010000 3 1468
140.010000 4 1441
140.010000 5 1475
140.010000 6 1443
140.010000 7 1496
140.010000 8 1499
140.010000 9 1485
140.010000 10 1418
140.010000 11 1491
140.010000 12 1468
140.010000 13 1460
140.010000 14 1392
140.010000 15 1455
140.010000 16 1481
140.010000 17 1370
140.010000 18 1392
140.010000 19 1449
140.010000 20 1475
140.010000 21 1454
140.010000 22 1463
140.010000 23 1467
140.010000 24 1450
140.010000 25 1428
141.010000 0 1185
141.010000 1 1339
141.010000 2 1243
141.010000 3 1334
141.010000 4 1286
141.010000 5 1314
141.010000 6 1304
141.010000 7 1328
141.010000 8 1337
141.010000 9 1365
141.010000 10 1269
141.010000 11 1333
141.010000 12 1333
141.010000 13 1315
141.010000 14 1257
141.010000 15 1286
141.010000 16 1338
141.010000 17 1242
141.010000 18 1248
141.010000 19 1296
141.010000 20 1351
141.010000 21 1308
141.010000 22 1323
141.010000 23 1354
141.010000 24 1281
141.010000 25 1331
142.010000 0 1314
142.010000 1 1447
142.010000 2 1353
142.010000 3 1448
142.010000 4 1404
142.010000 5 1446
142.010000 6 1422
142.010000 7 1458
142.010000 8 1469
142.010000 9 1457
142.010000 10 1383
142.010000 11 1487
142.010000 12 1448
142.010000 13 1420
142.010000 14 1378
142.010000 15 1419
142.010000 16 1458
142.010000 17 1360
142.010000 18 1371
142.010000 19 1415
142.010000 20 1450
142.010000 21 1427
142.010000 22 1441
142.010000 23 1445
142.010000 24 1430
142.010000 25 1407
143.010000 0 1229
143.010000 1 1371
143.010000 2 1239
143.010000 3 1357
143.010000 4 1314
143.010000 5 1364
143.010000 6 1321
143.010000 7 1350
143.010000 8 1369
143.010000 9 1362
143.010000 10 1294
143.010000 11 1366
143.010000 12 1330
143.010000 13 1355
143.010000 14 1279
143.010000 15 1344
143.010000 16 1360
143.010000 17 1267
143.010000 18 1285
143.010000 19 1325
143.010000 20 1351
143.010000 21 1334
143.010000 22 1375
143.010000 23 1336
143.010000 24 1335
143.010000 25 1325
144.010000 0 1341
144.010000 1 1481
144.010000 2 1387
144.010000 3 1495
144.010000 4 1455
144.010000 5 1478
144.010000 6 1457
144.010000 7 1481
144.010000 8 1509
144.010000 9 1486
144.010000 10 1443
144.010000 11 1522
144.010000 12 1484
144.010000 13 1494
144.010000 14 1406
144.010000 15 1455
144.010000 16 1497
144.010000 17 1401
144.010000 18 1413
144.010000 19 1466
144.010000 20 1494
144.010000 21 1463
144.010000 22 1458
144.010000 23 1499
144.010000 24 1470
144.010000 25 1482
145.010000 0 1334
145.010000 1 1511
145.010000 2 1398
145.010000 3 1494
145.010000 4 1463
145.010000 5 1489
145.010000 6 1505
145.010000 7 1492
145.010000 8 1514
145.010000 9 1512
145.010000 10 1438
145.010000 11 1511
145.010000 12 1491
145.010000 13 1487
145.010000 14 1417
145.010000 15 1465
145.010000 16 1509
145.010000 17 1404
145.010000 18 1418
145.010000 19 1472
145.010000 20 1501
145.010000 21 1487
145.010000 22 1487
145.010000 23 1494
145.010000 24 1469
145.010000 25 1464
146.010000 0 1187
146.010000 1 1364
146.010000 2 1294
146.010000 3 1355
146.010000 4 1310
146.010000 5 1363
146.010000 6 1321
146.010000 7 1359
146.010000 8 1384
146.010000 9 1380
146.010000 10 1320
146.010000 11 1377
146.010000 12 1377
146.010000 13 1359
146.010000 14 1272
146.010000 15 1340
146.010000 16 1381
146.010000 17 1239
146.010000 18 1259
146.010000 19 1342
146.010000 20 1379
146.010000 21 1341
146.010000 22 1358
146.010000 23 1364
146.010000 24 1349
146.010000 25 1346
147.010000 0 1234
147.010000 1 1432
147.010000 2 1318
147.010000 3 1422
147.010000 4 1380
147.010000 5 1405
147.010000 6 1392
147.010000 7 1407
147.010000 8 1433
147.010000 9 1427
147.010000 10 1358
147.010000 11 1426
147.010000 12 1408
147.010000 13 1399
147.010000 14 1307
147.010000 15 1389
147.010000 16 1422
147.010000 17 1316
147.010000 18 1317
147.010000 19 1394
147.010000 20 1412
147.010000 21 1412
147.010000 22 1400
147.010000 23 1404
147.010000 24 1394
147.010000 25 1397
148.010000 0 1361
148.010000 1 1498
148.010000 2 1386
148.010000 3 1489
148.010000 4 1452
148.010000 5 1480
148.010000 6 1465
148.010000 7 1479
148.010000 8 1512
148.010000 9 1503
148.010000 10 1432
148.010000 11 1524
148.010000 12 1489
148.010000 13 1503
148.010000 14 1411
148.010000 15 1465
148.010000 16 1478
148.010000 17 1396
148.010000 18 1430
148.010000 19 1468
148.010000 20 1490
148.010000 21 1470
148.010000 22 1487
148.010000 23 1445
148.010000 24 1469
148.010000 25 1468
149.010000 0 1273
149.010000 1 1428
149.010000 2 1325
149.010000 3 1416
149.010000 4 1394
149.010000 5 1418
149.010000 6 1408
149.010000 7 1427
149.010000 8 1445
149.010000 9 1450
149.010000 10 1386
149.010000 11 1442
149.010000 12 1420
149.010000 13 1424
149.010000 14 1353
149.010000 15 1394
149.010000 16 1438
149.010000 17 1314
149.010000 18 1346
149.010000 19 1403
149.010000 20 1431
149.010000 21 1412
149.010000 22 1422
149.010000 23 1454
149.010000 24 1414
149.010000 25 1412
