0.010000 0 0
0.010000 1 0
0.010000 2 0
0.010000 3 0
0.010000 4 0
0.010000 5 0
0.010000 6 0
0.010000 7 0
0.010000 8 0
0.010000 9 0
0.010000 10 0
0.010000 11 0
0.010000 12 0
0.010000 13 0
0.010000 14 0
1.010000 0 0
1.010000 1 0
1.010000 2 0
1.010000 3 0
1.010000 4 0
1.010000 5 0
1.010000 6 0
1.010000 7 0
1.010000 8 0
1.010000 9 0
1.010000 10 0
1.010000 11 0
1.010000 12 0
1.010000 13 0
1.010000 14 0
2.010000 0 0
2.010000 1 0
2.010000 2 0
2.010000 3 0
2.010000 4 0
2.010000 5 0
2.010000 6 0
2.010000 7 0
2.010000 8 0
2.010000 9 0
2.010000 10 0
2.010000 11 0
2.010000 12 0
2.010000 13 0
2.010000 14 0
3.010000 0 0
3.010000 1 0
3.010000 2 0
3.010000 3 0
3.010000 4 0
3.010000 5 0
3.010000 6 0
3.010000 7 0
3.010000 8 0
3.010000 9 0
3.010000 10 0
3.010000 11 0
3.010000 12 0
3.010000 13 0
3.010000 14 0
4.010000 0 0
4.010000 1 0
4.010000 2 0
4.010000 3 0
4.010000 4 0
4.010000 5 0
4.010000 6 0
4.010000 7 0
4.010000 8 0
4.010000 9 0
4.010000 10 0
4.010000 11 0
4.010000 12 0
4.010000 13 0
4.010000 14 0
5.010000 0 0
5.010000 1 0
5.010000 2 0
5.010000 3 0
5.010000 4 0
5.010000 5 0
5.010000 6 0
5.010000 7 0
5.010000 8 0
5.010000 9 0
5.010000 10 0
5.010000 11 0
5.010000 12 0
5.010000 13 0
5.010000 14 0
6.010000 0 0
6.010000 1 0
6.010000 2 0
6.010000 3 0
6.010000 4 0
6.010000 5 0
6.010000 6 0
6.010000 7 0
6.010000 8 0
6.010000 9 0
6.010000 10 0
6.010000 11 0
6.010000 12 0
6.010000 13 0
6.010000 14 0
7.010000 0 0
7.010000 1 0
7.010000 2 0
7.010000 3 0
7.010000 4 0
7.010000 5 0
7.010000 6 0
7.010000 7 0
7.010000 8 0
7.010000 9 0
7.010000 10 0
7.010000 11 0
7.010000 12 0
7.010000 13 0
7.010000 14 0
8.010000 0 0
8.010000 1 0
8.010000 2 0
8.010000 3 0
8.010000 4 0
8.010000 5 0
8.010000 6 0
8.010000 7 0
8.010000 8 0
8.010000 9 0
8.010000 10 0
8.010000 11 0
8.010000 12 0
8.010000 13 0
8.010000 14 0
9.010000 0 0
9.010000 1 0
9.010000 2 0
9.010000 3 0
9.010000 4 0
9.010000 5 0
9.010000 6 0
9.010000 7 0
9.010000 8 0
9.010000 9 0
9.010000 10 0
9.010000 11 0
9.010000 12 0
9.010000 13 0
9.010000 14 0
10.010000 0 0
10.010000 1 0
10.010000 2 0
10.010000 3 0
10.010000 4 0
10.010000 5 0
10.010000 6 0
10.010000 7 0
10.010000 8 0
10.010000 9 0
10.010000 10 0
10.010000 11 0
10.010000 12 0
10.010000 13 0
10.010000 14 0
11.010000 0 0
11.010000 1 0
11.010000 2 0
11.010000 3 0
11.010000 4 0
11.010000 5 0
11.010000 6 0
11.010000 7 0
11.010000 8 0
11.010000 9 0
11.010000 10 0
11.010000 11 0
11.010000 12 0
11.010000 13 0
11.010000 14 0
12.010000 0 0
12.010000 1 0
12.010000 2 0
12.010000 3 0
12.010000 4 0
12.010000 5 0
12.010000 6 0
12.010000 7 0
12.010000 8 0
12.010000 9 0
12.010000 10 0
12.010000 11 0
12.010000 12 0
12.010000 13 0
12.010000 14 0
13.010000 0 0
13.010000 1 0
13.010000 2 0
13.010000 3 0
13.010000 4 0
13.010000 5 0
13.010000 6 0
13.010000 7 0
13.010000 8 0
13.010000 9 0
13.010000 10 0
13.010000 11 0
13.010000 12 0
13.010000 13 0
13.010000 14 0
14.010000 0 0
14.010000 1 0
14.010000 2 0
14.010000 3 0
14.010000 4 0
14.010000 5 0
14.010000 6 0
14.010000 7 0
14.010000 8 0
14.010000 9 0
14.010000 10 0
14.010000 11 0
14.010000 12 0
14.010000 13 0
14.010000 14 0
15.010000 0 0
15.010000 1 1
15.010000 2 1
15.010000 3 1
15.010000 4 1
15.010000 5 1
15.010000 6 1
15.010000 7 1
15.010000 8 1
15.010000 9 1
15.010000 10 1
15.010000 11 1
15.010000 12 1
15.010000 13 1
15.010000 14 0
16.010000 0 267
16.010000 1 324
16.010000 2 319
16.010000 3 244
16.010000 4 308
16.010000 5 324
16.010000 6 320
16.010000 7 320
16.010000 8 316
16.010000 9 244
16.010000 10 320
16.010000 11 320
16.010000 12 319
16.010000 13 274
16.010000 14 267
17.010000 0 190
17.010000 1 228
17.010000 2 228
17.010000 3 152
17.010000 4 228
17.010000 5 228
17.010000 6 228
17.010000 7 228
17.010000 8 228
17.010000 9 152
17.010000 10 228
17.010000 11 228
17.010000 12 228
17.010000 13 190
17.010000 14 190
18.010000 0 195
18.010000 1 235
18.010000 2 235
18.010000 3 155
18.010000 4 235
18.010000 5 235
18.010000 6 235
18.010000 7 235
18.010000 8 235
18.010000 9 158
18.010000 10 235
18.010000 11 235
18.010000 12 235
18.010000 13 197
18.010000 14 195
19.010000 0 194
19.010000 1 232
19.010000 2 232
19.010000 3 156
19.010000 4 232
19.010000 5 232
19.010000 6 232
19.010000 7 232
19.010000 8 232
19.010000 9 153
19.010000 10 232
19.010000 11 232
19.010000 12 232
19.010000 13 193
19.010000 14 194
20.010000 0 191
20.010000 1 229
20.010000 2 229
20.010000 3 153
20.010000 4 229
20.010000 5 229
20.010000 6 229
20.010000 7 229
20.010000 8 229
20.010000 9 153
20.010000 10 229
20.010000 11 229
20.010000 12 229
20.010000 13 190
20.010000 14 191
21.010000 0 190
21.010000 1 228
21.010000 2 228
21.010000 3 152
21.010000 4 228
21.010000 5 228
21.010000 6 228
21.010000 7 228
21.010000 8 228
21.010000 9 152
21.010000 10 228
21.010000 11 228
21.010000 12 228
21.010000 13 190
21.010000 14 190
22.010000 0 200
22.010000 1 240
22.010000 2 240
22.010000 3 160
22.010000 4 240
22.010000 5 240
22.010000 6 240
22.010000 7 240
22.010000 8 240
22.010000 9 160
22.010000 10 240
22.010000 11 240
22.010000 12 240
22.010000 13 200
22.010000 14 200
23.010000 0 190
23.010000 1 228
23.010000 2 228
23.010000 3 152
23.010000 4 228
23.010000 5 228
23.010000 6 228
23.010000 7 228
23.010000 8 228
23.010000 9 152
23.010000 10 228
23.010000 11 228
23.010000 12 228
23.010000 13 190
23.010000 14 190
24.010000 0 180
24.010000 1 216
24.010000 2 216
24.010000 3 144
24.010000 4 216
24.010000 5 216
24.010000 6 216
24.010000 7 216
24.010000 8 216
24.010000 9 144
24.010000 10 216
24.010000 11 216
24.010000 12 216
24.010000 13 180
24.010000 14 180
25.010000 0 218
25.010000 1 262
25.010000 2 262
25.010000 3 174
25.010000 4 262
25.010000 5 262
25.010000 6 262
25.010000 7 262
25.010000 8 262
25.010000 9 175
25.010000 10 262
25.010000 11 262
25.010000 12 262
25.010000 13 219
25.010000 14 218
26.010000 0 191
26.010000 1 229
26.010000 2 229
26.010000 3 153
26.010000 4 229
26.010000 5 229
26.010000 6 229
26.010000 7 229
26.010000 8 229
26.010000 9 152
26.010000 10 229
26.010000 11 229
26.010000 12 229
26.010000 13 191
26.010000 14 191
27.010000 0 181
27.010000 1 217
27.010000 2 217
27.010000 3 145
27.010000 4 217
27.010000 5 217
27.010000 6 217
27.010000 7 217
27.010000 8 217
27.010000 9 145
27.010000 10 217
27.010000 11 217
27.010000 12 217
27.010000 13 180
27.010000 14 181
28.010000 0 201
28.010000 1 243
28.010000 2 243
28.010000 3 162
28.010000 4 243
28.010000 5 243
28.010000 6 243
28.010000 7 243
28.010000 8 243
28.010000 9 163
28.010000 10 243
28.010000 11 243
28.010000 12 243
28.010000 13 203
28.010000 14 201
29.010000 0 209
29.010000 1 249
29.010000 2 249
29.010000 3 166
29.010000 4 249
29.010000 5 249
29.010000 6 249
29.010000 7 249
29.010000 8 249
29.010000 9 165
29.010000 10 249
29.010000 11 249
29.010000 12 249
29.010000 13 207
29.010000 14 209
30.010000 0 190
30.010000 1 228
30.010000 2 228
30.010000 3 152
30.010000 4 228
30.010000 5 228
30.010000 6 228
30.010000 7 228
30.010000 8 228
30.010000 9 152
30.010000 10 228
30.010000 11 228
30.010000 12 228
30.010000 13 190
30.010000 14 190
31.010000 0 180
31.010000 1 216
31.010000 2 216
31.010000 3 144
31.010000 4 216
31.010000 5 216
31.010000 6 216
31.010000 7 216
31.010000 8 216
31.010000 9 144
31.010000 10 216
31.010000 11 216
31.010000 12 216
31.010000 13 180
31.010000 14 180
32.010000 0 193
32.010000 1 233
32.010000 2 233
32.010000 3 154
32.010000 4 233
32.010000 5 233
32.010000 6 233
32.010000 7 233
32.010000 8 233
32.010000 9 157
32.010000 10 233
32.010000 11 233
32.010000 12 233
32.010000 13 195
32.010000 14 193
33.010000 0 196
33.010000 1 234
33.010000 2 234
33.010000 3 157
33.010000 4 234
33.010000 5 234
33.010000 6 234
33.010000 7 234
33.010000 8 234
33.010000 9 154
33.010000 10 234
33.010000 11 234
33.010000 12 234
33.010000 13 195
33.010000 14 196
34.010000 0 191
34.010000 1 229
34.010000 2 229
34.010000 3 153
34.010000 4 229
34.010000 5 229
34.010000 6 229
34.010000 7 229
34.010000 8 229
34.010000 9 153
34.010000 10 229
34.010000 11 229
34.010000 12 229
34.010000 13 190
34.010000 14 191
35.010000 0 200
35.010000 1 240
35.010000 2 240
35.010000 3 160
35.010000 4 240
35.010000 5 240
35.010000 6 240
35.010000 7 240
35.010000 8 240
35.010000 9 160
35.010000 10 240
35.010000 11 240
35.010000 12 240
35.010000 13 200
35.010000 14 200
36.010000 0 209
36.010000 1 251
36.010000 2 251
36.010000 3 167
36.010000 4 251
36.010000 5 251
36.010000 6 251
36.010000 7 251
36.010000 8 251
36.010000 9 167
36.010000 10 251
36.010000 11 251
36.010000 12 251
36.010000 13 210
36.010000 14 209
37.010000 0 191
37.010000 1 229
37.010000 2 229
37.010000 3 153
37.010000 4 229
37.010000 5 229
37.010000 6 229
37.010000 7 229
37.010000 8 229
37.010000 9 153
37.010000 10 229
37.010000 11 229
37.010000 12 229
37.010000 13 190
37.010000 14 191
38.010000 0 210
38.010000 1 252
38.010000 2 252
38.010000 3 168
38.010000 4 252
38.010000 5 252
38.010000 6 252
38.010000 7 252
38.010000 8 252
38.010000 9 168
38.010000 10 252
38.010000 11 252
38.010000 12 252
38.010000 13 210
38.010000 14 210
39.010000 0 200
39.010000 1 240
39.010000 2 240
39.010000 3 160
39.010000 4 240
39.010000 5 240
39.010000 6 240
39.010000 7 240
39.010000 8 240
39.010000 9 160
39.010000 10 240
39.010000 11 240
39.010000 12 240
39.010000 13 200
39.010000 14 200
40.010000 0 200
40.010000 1 240
40.010000 2 240
40.010000 3 160
40.010000 4 240
40.010000 5 240
40.010000 6 240
40.010000 7 240
40.010000 8 240
40.010000 9 160
40.010000 10 240
40.010000 11 240
40.010000 12 240
40.010000 13 200
40.010000 14 200
41.010000 0 200
41.010000 1 240
41.010000 2 240
41.010000 3 160
41.010000 4 240
41.010000 5 240
41.010000 6 240
41.010000 7 240
41.010000 8 240
41.010000 9 160
41.010000 10 240
41.010000 11 240
41.010000 12 240
41.010000 13 200
41.010000 14 200
42.010000 0 180
42.010000 1 216
42.010000 2 216
42.010000 3 144
42.010000 4 216
42.010000 5 216
42.010000 6 216
42.010000 7 216
42.010000 8 216
42.010000 9 144
42.010000 10 216
42.010000 11 216
42.010000 12 216
42.010000 13 180
42.010000 14 180
43.010000 0 175
43.010000 1 211
43.010000 2 211
43.010000 3 139
43.010000 4 211
43.010000 5 211
43.010000 6 211
43.010000 7 211
43.010000 8 211
43.010000 9 142
43.010000 10 211
43.010000 11 211
43.010000 12 211
43.010000 13 177
43.010000 14 175
44.010000 0 206
44.010000 1 248
44.010000 2 248
44.010000 3 167
44.010000 4 248
44.010000 5 248
44.010000 6 248
44.010000 7 248
44.010000 8 248
44.010000 9 165
44.010000 10 248
44.010000 11 248
44.010000 12 248
44.010000 13 206
44.010000 14 206
45.010000 0 199
45.010000 1 237
45.010000 2 237
45.010000 3 158
45.010000 4 237
45.010000 5 237
45.010000 6 237
45.010000 7 237
45.010000 8 237
45.010000 9 157
45.010000 10 237
45.010000 11 237
45.010000 12 237
45.010000 13 197
45.010000 14 199
46.010000 0 200
46.010000 1 240
46.010000 2 240
46.010000 3 160
46.010000 4 240
46.010000 5 240
46.010000 6 240
46.010000 7 240
46.010000 8 240
46.010000 9 160
46.010000 10 240
46.010000 11 240
46.010000 12 240
46.010000 13 200
46.010000 14 200
47.010000 0 190
47.010000 1 228
47.010000 2 228
47.010000 3 152
47.010000 4 228
47.010000 5 228
47.010000 6 228
47.010000 7 228
47.010000 8 228
47.010000 9 152
47.010000 10 228
47.010000 11 228
47.010000 12 228
47.010000 13 190
47.010000 14 190
48.010000 0 190
48.010000 1 228
48.010000 2 228
48.010000 3 152
48.010000 4 228
48.010000 5 228
48.010000 6 228
48.010000 7 228
48.010000 8 228
48.010000 9 152
48.010000 10 228
48.010000 11 228
48.010000 12 228
48.010000 13 190
48.010000 14 190
49.010000 0 180
49.010000 1 216
49.010000 2 216
49.010000 3 144
49.010000 4 216
49.010000 5 216
49.010000 6 216
49.010000 7 216
49.010000 8 216
49.010000 9 144
49.010000 10 216
49.010000 11 216
49.010000 12 216
49.010000 13 180
49.010000 14 180
50.010000 0 190
50.010000 1 228
50.010000 2 228
50.010000 3 152
50.010000 4 228
50.010000 5 228
50.010000 6 228
50.010000 7 228
50.010000 8 228
50.010000 9 152
50.010000 10 228
50.010000 11 228
50.010000 12 228
50.010000 13 190
50.010000 14 190
51.010000 0 200
51.010000 1 240
51.010000 2 240
51.010000 3 160
51.010000 4 240
51.010000 5 240
51.010000 6 240
51.010000 7 240
51.010000 8 240
51.010000 9 160
51.010000 10 240
51.010000 11 240
51.010000 12 240
51.010000 13 200
51.010000 14 200
52.010000 0 220
52.010000 1 264
52.010000 2 264
52.010000 3 176
52.010000 4 264
52.010000 5 264
52.010000 6 264
52.010000 7 264
52.010000 8 264
52.010000 9 176
52.010000 10 264
52.010000 11 264
52.010000 12 264
52.010000 13 220
52.010000 14 220
53.010000 0 220
53.010000 1 264
53.010000 2 264
53.010000 3 176
53.010000 4 264
53.010000 5 264
53.010000 6 264
53.010000 7 264
53.010000 8 264
53.010000 9 176
53.010000 10 264
53.010000 11 264
53.010000 12 264
53.010000 13 220
53.010000 14 220
54.010000 0 200
54.010000 1 240
54.010000 2 240
54.010000 3 160
54.010000 4 240
54.010000 5 240
54.010000 6 240
54.010000 7 240
54.010000 8 240
54.010000 9 160
54.010000 10 240
54.010000 11 240
54.010000 12 240
54.010000 13 200
54.010000 14 200
55.010000 0 210
55.010000 1 252
55.010000 2 252
55.010000 3 168
55.010000 4 252
55.010000 5 252
55.010000 6 252
55.010000 7 252
55.010000 8 252
55.010000 9 168
55.010000 10 252
55.010000 11 252
55.010000 12 252
55.010000 13 210
55.010000 14 210
56.010000 0 204
56.010000 1 246
56.010000 2 246
56.010000 3 163
56.010000 4 246
56.010000 5 246
56.010000 6 246
56.010000 7 246
56.010000 8 246
56.010000 9 165
56.010000 10 246
56.010000 11 246
56.010000 12 246
56.010000 13 206
56.010000 14 204
57.010000 0 231
57.010000 1 277
57.010000 2 277
57.010000 3 184
57.010000 4 277
57.010000 5 277
57.010000 6 277
57.010000 7 277
57.010000 8 277
57.010000 9 185
57.010000 10 277
57.010000 11 277
57.010000 12 277
57.010000 13 231
57.010000 14 231
58.010000 0 175
58.010000 1 209
58.010000 2 209
58.010000 3 141
58.010000 4 209
58.010000 5 209
58.010000 6 209
58.010000 7 209
58.010000 8 209
58.010000 9 138
58.010000 10 209
58.010000 11 209
58.010000 12 209
58.010000 13 173
58.010000 14 175
59.010000 0 225
59.010000 1 271
59.010000 2 271
59.010000 3 179
59.010000 4 271
59.010000 5 271
59.010000 6 271
59.010000 7 271
59.010000 8 271
59.010000 9 182
59.010000 10 271
59.010000 11 271
59.010000 12 271
59.010000 13 227
59.010000 14 225
60.010000 0 205
60.010000 1 245
60.010000 2 245
60.010000 3 165
60.010000 4 245
60.010000 5 245
60.010000 6 245
60.010000 7 245
60.010000 8 245
60.010000 9 162
60.010000 10 245
60.010000 11 245
60.010000 12 245
60.010000 13 203
60.010000 14 205
61.010000 0 189
61.010000 1 227
61.010000 2 227
61.010000 3 151
61.010000 4 227
61.010000 5 227
61.010000 6 227
61.010000 7 227
61.010000 8 227
61.010000 9 151
61.010000 10 227
61.010000 11 227
61.010000 12 227
61.010000 13 190
61.010000 14 189
62.010000 0 221
62.010000 1 265
62.010000 2 265
62.010000 3 177
62.010000 4 265
62.010000 5 265
62.010000 6 265
62.010000 7 265
62.010000 8 265
62.010000 9 177
62.010000 10 265
62.010000 11 265
62.010000 12 265
62.010000 13 220
62.010000 14 221
63.010000 0 191
63.010000 1 231
63.010000 2 231
63.010000 3 154
63.010000 4 231
63.010000 5 231
63.010000 6 231
63.010000 7 231
63.010000 8 231
63.010000 9 155
63.010000 10 231
63.010000 11 231
63.010000 12 231
63.010000 13 193
63.010000 14 191
64.010000 0 199
64.010000 1 237
64.010000 2 237
64.010000 3 158
64.010000 4 237
64.010000 5 237
64.010000 6 237
64.010000 7 237
64.010000 8 237
64.010000 9 157
64.010000 10 237
64.010000 11 237
64.010000 12 237
64.010000 13 197
64.010000 14 199
65.010000 0 201
65.010000 1 243
65.010000 2 243
65.010000 3 162
65.010000 4 243
65.010000 5 243
65.010000 6 243
65.010000 7 243
65.010000 8 243
65.010000 9 163
65.010000 10 243
65.010000 11 243
65.010000 12 243
65.010000 13 203
65.010000 14 201
66.010000 0 180
66.010000 1 216
66.010000 2 216
66.010000 3 144
66.010000 4 216
66.010000 5 216
66.010000 6 216
66.010000 7 216
66.010000 8 216
66.010000 9 144
66.010000 10 216
66.010000 11 216
66.010000 12 216
66.010000 13 180
66.010000 14 180
67.010000 0 206
67.010000 1 246
67.010000 2 246
67.010000 3 163
67.010000 4 246
67.010000 5 246
67.010000 6 246
67.010000 7 246
67.010000 8 246
67.010000 9 163
67.010000 10 246
67.010000 11 246
67.010000 12 246
67.010000 13 206
67.010000 14 206
68.010000 0 223
68.010000 1 267
68.010000 2 267
68.010000 3 179
68.010000 4 267
68.010000 5 267
68.010000 6 267
68.010000 7 267
68.010000 8 267
68.010000 9 178
68.010000 10 267
68.010000 11 267
68.010000 12 267
68.010000 13 221
68.010000 14 223
69.010000 0 200
69.010000 1 240
69.010000 2 240
69.010000 3 160
69.010000 4 240
69.010000 5 240
69.010000 6 240
69.010000 7 240
69.010000 8 240
69.010000 9 160
69.010000 10 240
69.010000 11 240
69.010000 12 240
69.010000 13 200
69.010000 14 200
70.010000 0 200
70.010000 1 240
70.010000 2 240
70.010000 3 160
70.010000 4 240
70.010000 5 240
70.010000 6 240
70.010000 7 240
70.010000 8 240
70.010000 9 160
70.010000 10 240
70.010000 11 240
70.010000 12 240
70.010000 13 200
70.010000 14 200
71.010000 0 175
71.010000 1 211
71.010000 2 211
71.010000 3 139
71.010000 4 211
71.010000 5 211
71.010000 6 211
71.010000 7 211
71.010000 8 211
71.010000 9 142
71.010000 10 211
71.010000 11 211
71.010000 12 211
71.010000 13 177
71.010000 14 175
72.010000 0 220
72.010000 1 264
72.010000 2 264
72.010000 3 176
72.010000 4 264
72.010000 5 264
72.010000 6 264
72.010000 7 264
72.010000 8 264
72.010000 9 176
72.010000 10 264
72.010000 11 264
72.010000 12 264
72.010000 13 220
72.010000 14 220
73.010000 0 215
73.010000 1 257
73.010000 2 257
73.010000 3 173
73.010000 4 257
73.010000 5 257
73.010000 6 257
73.010000 7 257
73.010000 8 257
73.010000 9 170
73.010000 10 257
73.010000 11 257
73.010000 12 257
73.010000 13 213
73.010000 14 215
74.010000 0 220
74.010000 1 264
74.010000 2 264
74.010000 3 176
74.010000 4 264
74.010000 5 264
74.010000 6 264
74.010000 7 264
74.010000 8 264
74.010000 9 176
74.010000 10 264
74.010000 11 264
74.010000 12 264
74.010000 13 220
74.010000 14 220
75.010000 0 170
75.010000 1 205
75.010000 2 205
75.010000 3 137
75.010000 4 205
75.010000 5 205
75.010000 6 205
75.010000 7 205
75.010000 8 205
75.010000 9 137
75.010000 10 205
75.010000 11 205
75.010000 12 205
75.010000 13 171
75.010000 14 170
76.010000 0 200
76.010000 1 239
76.010000 2 239
76.010000 3 159
76.010000 4 239
76.010000 5 239
76.010000 6 239
76.010000 7 239
76.010000 8 239
76.010000 9 159
76.010000 10 239
76.010000 11 239
76.010000 12 239
76.010000 13 199
76.010000 14 200
77.010000 0 201
77.010000 1 243
77.010000 2 243
77.010000 3 162
77.010000 4 243
77.010000 5 243
77.010000 6 243
77.010000 7 243
77.010000 8 243
77.010000 9 163
77.010000 10 243
77.010000 11 243
77.010000 12 243
77.010000 13 203
77.010000 14 201
78.010000 0 199
78.010000 1 237
78.010000 2 237
78.010000 3 158
78.010000 4 237
78.010000 5 237
78.010000 6 237
78.010000 7 237
78.010000 8 237
78.010000 9 157
78.010000 10 237
78.010000 11 237
78.010000 12 237
78.010000 13 197
78.010000 14 199
79.010000 0 190
79.010000 1 228
79.010000 2 228
79.010000 3 152
79.010000 4 228
79.010000 5 228
79.010000 6 228
79.010000 7 228
79.010000 8 228
79.010000 9 152
79.010000 10 228
79.010000 11 228
79.010000 12 228
79.010000 13 190
79.010000 14 190
80.010000 0 175
80.010000 1 211
80.010000 2 211
80.010000 3 139
80.010000 4 211
80.010000 5 211
80.010000 6 211
80.010000 7 211
80.010000 8 211
80.010000 9 142
80.010000 10 211
80.010000 11 211
80.010000 12 211
80.010000 13 177
80.010000 14 175
81.010000 0 215
81.010000 1 257
81.010000 2 257
81.010000 3 173
81.010000 4 257
81.010000 5 257
81.010000 6 257
81.010000 7 257
81.010000 8 257
81.010000 9 170
81.010000 10 257
81.010000 11 257
81.010000 12 257
81.010000 13 213
81.010000 14 215
82.010000 0 199
82.010000 1 239
82.010000 2 239
82.010000 3 159
82.010000 4 239
82.010000 5 239
82.010000 6 239
82.010000 7 239
82.010000 8 239
82.010000 9 159
82.010000 10 239
82.010000 11 239
82.010000 12 239
82.010000 13 200
82.010000 14 199
83.010000 0 181
83.010000 1 217
83.010000 2 217
83.010000 3 145
83.010000 4 217
83.010000 5 217
83.010000 6 217
83.010000 7 217
83.010000 8 217
83.010000 9 145
83.010000 10 217
83.010000 11 217
83.010000 12 217
83.010000 13 180
83.010000 14 181
84.010000 0 210
84.010000 1 252
84.010000 2 252
84.010000 3 168
84.010000 4 252
84.010000 5 252
84.010000 6 252
84.010000 7 252
84.010000 8 252
84.010000 9 168
84.010000 10 252
84.010000 11 252
84.010000 12 252
84.010000 13 210
84.010000 14 210
85.010000 0 198
85.010000 1 238
85.010000 2 238
85.010000 3 158
85.010000 4 238
85.010000 5 238
85.010000 6 238
85.010000 7 238
85.010000 8 238
85.010000 9 159
85.010000 10 238
85.010000 11 238
85.010000 12 238
85.010000 13 199
85.010000 14 198
86.010000 0 202
86.010000 1 242
86.010000 2 242
86.010000 3 162
86.010000 4 242
86.010000 5 242
86.010000 6 242
86.010000 7 242
86.010000 8 242
86.010000 9 161
86.010000 10 242
86.010000 11 242
86.010000 12 242
86.010000 13 201
86.010000 14 202
87.010000 0 180
87.010000 1 216
87.010000 2 216
87.010000 3 144
87.010000 4 216
87.010000 5 216
87.010000 6 216
87.010000 7 216
87.010000 8 216
87.010000 9 144
87.010000 10 216
87.010000 11 216
87.010000 12 216
87.010000 13 180
87.010000 14 180
88.010000 0 215
88.010000 1 259
88.010000 2 259
88.010000 3 171
88.010000 4 259
88.010000 5 259
88.010000 6 259
88.010000 7 259
88.010000 8 259
88.010000 9 174
88.010000 10 259
88.010000 11 259
88.010000 12 259
88.010000 13 217
88.010000 14 215
89.010000 0 215
89.010000 1 257
89.010000 2 257
89.010000 3 173
89.010000 4 257
89.010000 5 257
89.010000 6 257
89.010000 7 257
89.010000 8 257
89.010000 9 170
89.010000 10 257
89.010000 11 257
89.010000 12 257
89.010000 13 213
89.010000 14 215
90.010000 0 200
90.010000 1 240
90.010000 2 240
90.010000 3 160
90.010000 4 240
90.010000 5 240
90.010000 6 240
90.010000 7 240
90.010000 8 240
90.010000 9 160
90.010000 10 240
90.010000 11 240
90.010000 12 240
90.010000 13 200
90.010000 14 200
91.010000 0 175
91.010000 1 211
91.010000 2 211
91.010000 3 139
91.010000 4 211
91.010000 5 211
91.010000 6 211
91.010000 7 211
91.010000 8 211
91.010000 9 142
91.010000 10 211
91.010000 11 211
91.010000 12 211
91.010000 13 177
91.010000 14 175
92.010000 0 201
92.010000 1 241
92.010000 2 241
92.010000 3 161
92.010000 4 241
92.010000 5 241
92.010000 6 241
92.010000 7 241
92.010000 8 241
92.010000 9 160
92.010000 10 241
92.010000 11 241
92.010000 12 241
92.010000 13 201
92.010000 14 201
93.010000 0 204
93.010000 1 244
93.010000 2 244
93.010000 3 164
93.010000 4 244
93.010000 5 244
93.010000 6 244
93.010000 7 244
93.010000 8 244
93.010000 9 162
93.010000 10 244
93.010000 11 244
93.010000 12 244
93.010000 13 202
93.010000 14 204
94.010000 0 180
94.010000 1 216
94.010000 2 216
94.010000 3 144
94.010000 4 216
94.010000 5 216
94.010000 6 216
94.010000 7 216
94.010000 8 216
94.010000 9 144
94.010000 10 216
94.010000 11 216
94.010000 12 216
94.010000 13 180
94.010000 14 180
95.010000 0 220
95.010000 1 264
95.010000 2 264
95.010000 3 176
95.010000 4 264
95.010000 5 264
95.010000 6 264
95.010000 7 264
95.010000 8 264
95.010000 9 176
95.010000 10 264
95.010000 11 264
95.010000 12 264
95.010000 13 220
95.010000 14 220
96.010000 0 190
96.010000 1 228
96.010000 2 228
96.010000 3 152
96.010000 4 228
96.010000 5 228
96.010000 6 228
96.010000 7 228
96.010000 8 228
96.010000 9 152
96.010000 10 228
96.010000 11 228
96.010000 12 228
96.010000 13 190
96.010000 14 190
97.010000 0 180
97.010000 1 216
97.010000 2 216
97.010000 3 144
97.010000 4 216
97.010000 5 216
97.010000 6 216
97.010000 7 216
97.010000 8 216
97.010000 9 144
97.010000 10 216
97.010000 11 216
97.010000 12 216
97.010000 13 180
97.010000 14 180
98.010000 0 190
98.010000 1 228
98.010000 2 228
98.010000 3 152
98.010000 4 228
98.010000 5 228
98.010000 6 228
98.010000 7 228
98.010000 8 228
98.010000 9 152
98.010000 10 228
98.010000 11 228
98.010000 12 228
98.010000 13 190
98.010000 14 190
99.010000 0 180
99.010000 1 216
99.010000 2 216
99.010000 3 144
99.010000 4 216
99.010000 5 216
99.010000 6 216
99.010000 7 216
99.010000 8 216
99.010000 9 144
99.010000 10 216
99.010000 11 216
99.010000 12 216
99.010000 13 180
99.010000 14 180
100.010000 0 200
100.010000 1 240
100.010000 2 240
100.010000 3 160
100.010000 4 240
100.010000 5 240
100.010000 6 240
100.010000 7 240
100.010000 8 240
100.010000 9 160
100.010000 10 240
100.010000 11 240
100.010000 12 240
100.010000 13 200
100.010000 14 200
101.010000 0 200
101.010000 1 240
101.010000 2 240
101.010000 3 160
101.010000 4 240
101.010000 5 240
101.010000 6 240
101.010000 7 240
101.010000 8 240
101.010000 9 160
101.010000 10 240
101.010000 11 240
101.010000 12 240
101.010000 13 200
101.010000 14 200
102.010000 0 200
102.010000 1 240
102.010000 2 240
102.010000 3 160
102.010000 4 240
102.010000 5 240
102.010000 6 240
102.010000 7 240
102.010000 8 240
102.010000 9 160
102.010000 10 240
102.010000 11 240
102.010000 12 240
102.010000 13 200
102.010000 14 200
103.010000 0 199
103.010000 1 239
103.010000 2 239
103.010000 3 159
103.010000 4 239
103.010000 5 239
103.010000 6 239
103.010000 7 239
103.010000 8 239
103.010000 9 159
103.010000 10 239
103.010000 11 239
103.010000 12 239
103.010000 13 200
103.010000 14 199
104.010000 0 182
104.010000 1 220
104.010000 2 220
104.010000 3 147
104.010000 4 220
104.010000 5 220
104.010000 6 220
104.010000 7 220
104.010000 8 220
104.010000 9 148
104.010000 10 220
104.010000 11 220
104.010000 12 220
104.010000 13 183
104.010000 14 182
105.010000 0 229
105.010000 1 273
105.010000 2 273
105.010000 3 182
105.010000 4 273
105.010000 5 273
105.010000 6 273
105.010000 7 273
105.010000 8 273
105.010000 9 181
105.010000 10 273
105.010000 11 273
105.010000 12 273
105.010000 13 227
105.010000 14 229
106.010000 0 220
106.010000 1 264
106.010000 2 264
106.010000 3 176
106.010000 4 264
106.010000 5 264
106.010000 6 264
106.010000 7 264
106.010000 8 264
106.010000 9 176
106.010000 10 264
106.010000 11 264
106.010000 12 264
106.010000 13 220
106.010000 14 220
107.010000 0 225
107.010000 1 271
107.010000 2 271
107.010000 3 179
107.010000 4 271
107.010000 5 271
107.010000 6 271
107.010000 7 271
107.010000 8 271
107.010000 9 182
107.010000 10 271
107.010000 11 271
107.010000 12 271
107.010000 13 227
107.010000 14 225
108.010000 0 185
108.010000 1 221
108.010000 2 221
108.010000 3 149
108.010000 4 221
108.010000 5 221
108.010000 6 221
108.010000 7 221
108.010000 8 221
108.010000 9 146
108.010000 10 221
108.010000 11 221
108.010000 12 221
108.010000 13 183
108.010000 14 185
109.010000 0 219
109.010000 1 263
109.010000 2 263
109.010000 3 175
109.010000 4 263
109.010000 5 263
109.010000 6 263
109.010000 7 263
109.010000 8 263
109.010000 9 175
109.010000 10 263
109.010000 11 263
109.010000 12 263
109.010000 13 220
109.010000 14 219
110.010000 0 190
110.010000 1 228
110.010000 2 228
110.010000 3 152
110.010000 4 228
110.010000 5 228
110.010000 6 228
110.010000 7 228
110.010000 8 228
110.010000 9 152
110.010000 10 228
110.010000 11 228
110.010000 12 228
110.010000 13 190
110.010000 14 190
111.010000 0 191
111.010000 1 229
111.010000 2 229
111.010000 3 153
111.010000 4 229
111.010000 5 229
111.010000 6 229
111.010000 7 229
111.010000 8 229
111.010000 9 153
111.010000 10 229
111.010000 11 229
111.010000 12 229
111.010000 13 190
111.010000 14 191
112.010000 0 190
112.010000 1 228
112.010000 2 228
112.010000 3 152
112.010000 4 228
112.010000 5 228
112.010000 6 228
112.010000 7 228
112.010000 8 228
112.010000 9 152
112.010000 10 228
112.010000 11 228
112.010000 12 228
112.010000 13 190
112.010000 14 190
113.010000 0 199
113.010000 1 239
113.010000 2 239
113.010000 3 159
113.010000 4 239
113.010000 5 239
113.010000 6 239
113.010000 7 239
113.010000 8 239
113.010000 9 159
113.010000 10 239
113.010000 11 239
113.010000 12 239
113.010000 13 200
113.010000 14 199
114.010000 0 201
114.010000 1 241
114.010000 2 241
114.010000 3 161
114.010000 4 241
114.010000 5 241
114.010000 6 241
114.010000 7 241
114.010000 8 241
114.010000 9 161
114.010000 10 241
114.010000 11 241
114.010000 12 241
114.010000 13 200
114.010000 14 201
115.010000 0 229
115.010000 1 275
115.010000 2 275
115.010000 3 183
115.010000 4 275
115.010000 5 275
115.010000 6 275
115.010000 7 275
115.010000 8 275
115.010000 9 183
115.010000 10 275
115.010000 11 275
115.010000 12 275
115.010000 13 230
115.010000 14 229
116.010000 0 196
116.010000 1 236
116.010000 2 236
116.010000 3 156
116.010000 4 236
116.010000 5 236
116.010000 6 236
116.010000 7 236
116.010000 8 236
116.010000 9 159
116.010000 10 236
116.010000 11 236
116.010000 12 236
116.010000 13 197
116.010000 14 196
117.010000 0 195
117.010000 1 233
117.010000 2 233
117.010000 3 157
117.010000 4 233
117.010000 5 233
117.010000 6 233
117.010000 7 233
117.010000 8 233
117.010000 9 154
117.010000 10 233
117.010000 11 233
117.010000 12 233
117.010000 13 193
117.010000 14 195
118.010000 0 199
118.010000 1 239
118.010000 2 239
118.010000 3 159
118.010000 4 239
118.010000 5 239
118.010000 6 239
118.010000 7 239
118.010000 8 239
118.010000 9 159
118.010000 10 239
118.010000 11 239
118.010000 12 239
118.010000 13 200
118.010000 14 199
119.010000 0 200
119.010000 1 240
119.010000 2 240
119.010000 3 160
119.010000 4 240
119.010000 5 240
119.010000 6 240
119.010000 7 240
119.010000 8 240
119.010000 9 160
119.010000 10 240
119.010000 11 240
119.010000 12 240
119.010000 13 200
119.010000 14 200
120.010000 0 211
120.010000 1 253
120.010000 2 253
120.010000 3 169
120.010000 4 253
120.010000 5 253
120.010000 6 253
120.010000 7 253
120.010000 8 253
120.010000 9 169
120.010000 10 253
120.010000 11 253
120.010000 12 253
120.010000 13 210
120.010000 14 211
121.010000 0 191
121.010000 1 231
121.010000 2 231
121.010000 3 154
121.010000 4 231
121.010000 5 231
121.010000 6 231
121.010000 7 231
121.010000 8 231
121.010000 9 155
121.010000 10 231
121.010000 11 231
121.010000 12 231
121.010000 13 193
121.010000 14 191
122.010000 0 219
122.010000 1 261
122.010000 2 261
122.010000 3 174
122.010000 4 261
122.010000 5 261
122.010000 6 261
122.010000 7 261
122.010000 8 261
122.010000 9 173
122.010000 10 261
122.010000 11 261
122.010000 12 261
122.010000 13 217
122.010000 14 219
123.010000 0 210
123.010000 1 252
123.010000 2 252
123.010000 3 168
123.010000 4 252
123.010000 5 252
123.010000 6 252
123.010000 7 252
123.010000 8 252
123.010000 9 168
123.010000 10 252
123.010000 11 252
123.010000 12 252
123.010000 13 210
123.010000 14 210
124.010000 0 190
124.010000 1 228
124.010000 2 228
124.010000 3 152
124.010000 4 228
124.010000 5 228
124.010000 6 228
124.010000 7 228
124.010000 8 228
124.010000 9 152
124.010000 10 228
124.010000 11 228
124.010000 12 228
124.010000 13 190
124.010000 14 190
125.010000 0 210
125.010000 1 252
125.010000 2 252
125.010000 3 168
125.010000 4 252
125.010000 5 252
125.010000 6 252
125.010000 7 252
125.010000 8 252
125.010000 9 168
125.010000 10 252
125.010000 11 252
125.010000 12 252
125.010000 13 210
125.010000 14 210
126.010000 0 220
126.010000 1 264
126.010000 2 264
126.010000 3 176
126.010000 4 264
126.010000 5 264
126.010000 6 264
126.010000 7 264
126.010000 8 264
126.010000 9 176
126.010000 10 264
126.010000 11 264
126.010000 12 264
126.010000 13 220
126.010000 14 220
127.010000 0 190
127.010000 1 228
127.010000 2 228
127.010000 3 152
127.010000 4 228
127.010000 5 228
127.010000 6 228
127.010000 7 228
127.010000 8 228
127.010000 9 152
127.010000 10 228
127.010000 11 228
127.010000 12 228
127.010000 13 190
127.010000 14 190
128.010000 0 220
128.010000 1 264
128.010000 2 264
128.010000 3 176
128.010000 4 264
128.010000 5 264
128.010000 6 264
128.010000 7 264
128.010000 8 264
128.010000 9 176
128.010000 10 264
128.010000 11 264
128.010000 12 264
128.010000 13 220
128.010000 14 220
129.010000 0 189
129.010000 1 227
129.010000 2 227
129.010000 3 151
129.010000 4 227
129.010000 5 227
129.010000 6 227
129.010000 7 227
129.010000 8 227
129.010000 9 151
129.010000 10 227
129.010000 11 227
129.010000 12 227
129.010000 13 190
129.010000 14 189
130.010000 0 186
130.010000 1 224
130.010000 2 224
130.010000 3 148
130.010000 4 224
130.010000 5 224
130.010000 6 224
130.010000 7 224
130.010000 8 224
130.010000 9 151
130.010000 10 224
130.010000 11 224
130.010000 12 224
130.010000 13 187
130.010000 14 186
131.010000 0 195
131.010000 1 233
131.010000 2 233
131.010000 3 157
131.010000 4 233
131.010000 5 233
131.010000 6 233
131.010000 7 233
131.010000 8 233
131.010000 9 154
131.010000 10 233
131.010000 11 233
131.010000 12 233
131.010000 13 193
131.010000 14 195
132.010000 0 191
132.010000 1 231
132.010000 2 231
132.010000 3 154
132.010000 4 231
132.010000 5 231
132.010000 6 231
132.010000 7 231
132.010000 8 231
132.010000 9 155
132.010000 10 231
132.010000 11 231
132.010000 12 231
132.010000 13 193
132.010000 14 191
133.010000 0 190
133.010000 1 228
133.010000 2 228
133.010000 3 152
133.010000 4 228
133.010000 5 228
133.010000 6 228
133.010000 7 228
133.010000 8 228
133.010000 9 152
133.010000 10 228
133.010000 11 228
133.010000 12 228
133.010000 13 190
133.010000 14 190
134.010000 0 199
134.010000 1 237
134.010000 2 237
134.010000 3 158
134.010000 4 237
134.010000 5 237
134.010000 6 237
134.010000 7 237
134.010000 8 237
134.010000 9 157
134.010000 10 237
134.010000 11 237
134.010000 12 237
134.010000 13 197
134.010000 14 199
135.010000 0 191
135.010000 1 231
135.010000 2 231
135.010000 3 154
135.010000 4 231
135.010000 5 231
135.010000 6 231
135.010000 7 231
135.010000 8 231
135.010000 9 155
135.010000 10 231
135.010000 11 231
135.010000 12 231
135.010000 13 193
135.010000 14 191
136.010000 0 197
136.010000 1 235
136.010000 2 235
136.010000 3 156
136.010000 4 235
136.010000 5 235
136.010000 6 235
136.010000 7 235
136.010000 8 235
136.010000 9 156
136.010000 10 235
136.010000 11 235
136.010000 12 235
136.010000 13 196
136.010000 14 197
137.010000 0 192
137.010000 1 230
137.010000 2 230
137.010000 3 154
137.010000 4 230
137.010000 5 230
137.010000 6 230
137.010000 7 230
137.010000 8 230
137.010000 9 153
137.010000 10 230
137.010000 11 230
137.010000 12 230
137.010000 13 191
137.010000 14 192
138.010000 0 201
138.010000 1 243
138.010000 2 243
138.010000 3 162
138.010000 4 243
138.010000 5 243
138.010000 6 243
138.010000 7 243
138.010000 8 243
138.010000 9 163
138.010000 10 243
138.010000 11 243
138.010000 12 243
138.010000 13 203
138.010000 14 201
139.010000 0 209
139.010000 1 249
139.010000 2 249
139.010000 3 166
139.010000 4 249
139.010000 5 249
139.010000 6 249
139.010000 7 249
139.010000 8 249
139.010000 9 165
139.010000 10 249
139.010000 11 249
139.010000 12 249
139.010000 13 207
139.010000 14 209
140.010000 0 199
140.010000 1 239
140.010000 2 239
140.010000 3 159
140.010000 4 239
140.010000 5 239
140.010000 6 239
140.010000 7 239
140.010000 8 239
140.010000 9 159
140.010000 10 239
140.010000 11 239
140.010000 12 239
140.010000 13 200
140.010000 14 199
141.010000 0 211
141.010000 1 253
141.010000 2 253
141.010000 3 169
141.010000 4 253
141.010000 5 253
141.010000 6 253
141.010000 7 253
141.010000 8 253
141.010000 9 169
141.010000 10 253
141.010000 11 253
141.010000 12 253
141.010000 13 210
141.010000 14 211
142.010000 0 210
142.010000 1 252
142.010000 2 252
142.010000 3 168
142.010000 4 252
142.010000 5 252
142.010000 6 252
142.010000 7 252
142.010000 8 252
142.010000 9 168
142.010000 10 252
142.010000 11 252
142.010000 12 252
142.010000 13 210
142.010000 14 210
143.010000 0 195
143.010000 1 235
143.010000 2 235
143.010000 3 155
143.010000 4 235
143.010000 5 235
143.010000 6 235
143.010000 7 235
143.010000 8 235
143.010000 9 158
143.010000 10 235
143.010000 11 235
143.010000 12 235
143.010000 13 197
143.010000 14 195
144.010000 0 204
144.010000 1 244
144.010000 2 244
144.010000 3 164
144.010000 4 244
144.010000 5 244
144.010000 6 244
144.010000 7 244
144.010000 8 244
144.010000 9 161
144.010000 10 244
144.010000 11 244
144.010000 12 244
144.010000 13 203
144.010000 14 204
145.010000 0 181
145.010000 1 217
145.010000 2 217
145.010000 3 145
145.010000 4 217
145.010000 5 217
145.010000 6 217
145.010000 7 217
145.010000 8 217
145.010000 9 145
145.010000 10 217
145.010000 11 217
145.010000 12 217
145.010000 13 180
145.010000 14 181
146.010000 0 181
146.010000 1 219
146.010000 2 219
146.010000 3 146
146.010000 4 219
146.010000 5 219
146.010000 6 219
146.010000 7 219
146.010000 8 219
146.010000 9 147
146.010000 10 219
146.010000 11 219
146.010000 12 219
146.010000 13 183
146.010000 14 181
147.010000 0 200
147.010000 1 240
147.010000 2 240
147.010000 3 160
147.010000 4 240
147.010000 5 240
147.010000 6 240
147.010000 7 240
147.010000 8 240
147.010000 9 160
147.010000 10 240
147.010000 11 240
147.010000 12 240
147.010000 13 200
147.010000 14 200
148.010000 0 189
148.010000 1 225
148.010000 2 225
148.010000 3 150
148.010000 4 225
148.010000 5 225
148.010000 6 225
148.010000 7 225
148.010000 8 225
148.010000 9 149
148.010000 10 225
148.010000 11 225
148.010000 12 225
148.010000 13 187
148.010000 14 189
149.010000 0 190
149.010000 1 228
149.010000 2 228
149.010000 3 152
149.010000 4 228
149.010000 5 228
149.010000 6 228
149.010000 7 228
149.010000 8 228
149.010000 9 152
149.010000 10 228
149.010000 11 228
149.010000 12 228
149.010000 13 190
149.010000 14 190
