0.010000 0 4
0.010000 1 6
0.010000 2 6
0.010000 3 6
0.010000 4 4
0.010000 5 6
0.010000 6 6
0.010000 7 6
0.010000 8 6
0.010000 9 6
0.010000 10 6
0.010000 11 5
0.010000 12 6
0.010000 13 6
0.010000 14 6
0.010000 15 6
0.010000 16 6
0.010000 17 6
0.010000 18 6
0.010000 19 6
0.010000 20 4
0.010000 21 6
0.010000 22 5
0.010000 23 6
0.010000 24 4
1.010000 0 23
1.010000 1 23
1.010000 2 23
1.010000 3 23
1.010000 4 24
1.010000 5 22
1.010000 6 23
1.010000 7 22
1.010000 8 23
1.010000 9 23
1.010000 10 23
1.010000 11 23
1.010000 12 23
1.010000 13 23
1.010000 14 23
1.010000 15 23
1.010000 16 22
1.010000 17 23
1.010000 18 23
1.010000 19 23
1.010000 20 24
1.010000 21 23
1.010000 22 24
1.010000 23 23
1.010000 24 23
2.010000 0 27
2.010000 1 27
2.010000 2 27
2.010000 3 27
2.010000 4 26
2.010000 5 28
2.010000 6 26
2.010000 7 28
2.010000 8 27
2.010000 9 26
2.010000 10 26
2.010000 11 28
2.010000 12 27
2.010000 13 27
2.010000 14 26
2.010000 15 26
2.010000 16 27
2.010000 17 27
2.010000 18 26
2.010000 19 26
2.010000 20 26
2.010000 21 27
2.010000 22 27
2.010000 23 27
2.010000 24 27
3.010000 0 22
3.010000 1 23
3.010000 2 23
3.010000 3 23
3.010000 4 20
3.010000 5 23
3.010000 6 24
3.010000 7 22
3.010000 8 23
3.010000 9 24
3.010000 10 23
3.010000 11 22
3.010000 12 23
3.010000 13 23
3.010000 14 24
3.010000 15 24
3.010000 16 24
3.010000 17 22
3.010000 18 24
3.010000 19 24
3.010000 20 20
3.010000 21 23
3.010000 22 22
3.010000 23 23
3.010000 24 22
4.010000 0 20
4.010000 1 23
4.010000 2 23
4.010000 3 23
4.010000 4 24
4.010000 5 23
4.010000 6 22
4.010000 7 24
4.010000 8 23
4.010000 9 23
4.010000 10 24
4.010000 11 23
4.010000 12 23
4.010000 13 23
4.010000 14 23
4.010000 15 23
4.010000 16 22
4.010000 17 23
4.010000 18 23
4.010000 19 23
4.010000 20 24
4.010000 21 23
4.010000 22 24
4.010000 23 23
4.010000 24 20
5.010000 0 24
5.010000 1 23
5.010000 2 22
5.010000 3 23
5.010000 4 22
5.010000 5 22
5.010000 6 24
5.010000 7 23
5.010000 8 22
5.010000 9 22
5.010000 10 23
5.010000 11 24
5.010000 12 23
5.010000 13 22
5.010000 14 23
5.010000 15 23
5.010000 16 24
5.010000 17 24
5.010000 18 23
5.010000 19 23
5.010000 20 22
5.010000 21 23
5.010000 22 23
5.010000 23 23
5.010000 24 24
6.010000 0 24
6.010000 1 24
6.010000 2 26
6.010000 3 25
6.010000 4 22
6.010000 5 26
6.010000 6 25
6.010000 7 24
6.010000 8 26
6.010000 9 26
6.010000 10 25
6.010000 11 25
6.010000 12 25
6.010000 13 25
6.010000 14 25
6.010000 15 25
6.010000 16 25
6.010000 17 25
6.010000 18 25
6.010000 19 25
6.010000 20 22
6.010000 21 25
6.010000 22 24
6.010000 23 25
6.010000 24 24
7.010000 0 24
7.010000 1 27
7.010000 2 26
7.010000 3 25
7.010000 4 25
7.010000 5 26
7.010000 6 26
7.010000 7 27
7.010000 8 26
7.010000 9 26
7.010000 10 26
7.010000 11 25
7.010000 12 26
7.010000 13 26
7.010000 14 26
7.010000 15 25
7.010000 16 26
7.010000 17 26
7.010000 18 26
7.010000 19 26
7.010000 20 25
7.010000 21 26
7.010000 22 27
7.010000 23 25
7.010000 24 24
8.010000 0 21
8.010000 1 20
8.010000 2 21
8.010000 3 21
8.010000 4 22
8.010000 5 20
8.010000 6 21
8.010000 7 21
8.010000 8 21
8.010000 9 21
8.010000 10 21
8.010000 11 21
8.010000 12 20
8.010000 13 22
8.010000 14 21
8.010000 15 22
8.010000 16 21
8.010000 17 21
8.010000 18 21
8.010000 19 21
8.010000 20 22
8.010000 21 21
8.010000 22 21
8.010000 23 22
8.010000 24 21
9.010000 0 22
9.010000 1 26
9.010000 2 25
9.010000 3 25
9.010000 4 24
9.010000 5 26
9.010000 6 25
9.010000 7 24
9.010000 8 25
9.010000 9 25
9.010000 10 25
9.010000 11 25
9.010000 12 25
9.010000 13 25
9.010000 14 25
9.010000 15 25
9.010000 16 25
9.010000 17 25
9.010000 18 25
9.010000 19 25
9.010000 20 24
9.010000 21 25
9.010000 22 25
9.010000 23 25
9.010000 24 22
10.010000 0 23
10.010000 1 23
10.010000 2 23
10.010000 3 24
10.010000 4 22
10.010000 5 23
10.010000 6 23
10.010000 7 23
10.010000 8 23
10.010000 9 23
10.010000 10 23
10.010000 11 23
10.010000 12 23
10.010000 13 23
10.010000 14 23
10.010000 15 22
10.010000 16 23
10.010000 17 23
10.010000 18 23
10.010000 19 23
10.010000 20 22
10.010000 21 23
10.010000 22 23
10.010000 23 23
10.010000 24 23
11.010000 0 25
11.010000 1 24
11.010000 2 24
11.010000 3 25
11.010000 4 22
11.010000 5 25
11.010000 6 25
11.010000 7 26
11.010000 8 25
11.010000 9 25
11.010000 10 24
11.010000 11 26
11.010000 12 26
11.010000 13 24
11.010000 14 25
11.010000 15 26
11.010000 16 25
11.010000 17 25
11.010000 18 25
11.010000 19 25
11.010000 20 22
11.010000 21 25
11.010000 22 25
11.010000 23 25
11.010000 24 25
12.010000 0 24
12.010000 1 25
12.010000 2 26
12.010000 3 25
12.010000 4 26
12.010000 5 25
12.010000 6 25
12.010000 7 24
12.010000 8 25
12.010000 9 24
12.010000 10 26
12.010000 11 25
12.010000 12 25
12.010000 13 26
12.010000 14 24
12.010000 15 24
12.010000 16 25
12.010000 17 25
12.010000 18 24
12.010000 19 25
12.010000 20 26
12.010000 21 25
12.010000 22 25
12.010000 23 24
12.010000 24 24
13.010000 0 22
13.010000 1 23
13.010000 2 23
13.010000 3 23
13.010000 4 22
13.010000 5 23
13.010000 6 23
13.010000 7 23
13.010000 8 22
13.010000 9 23
13.010000 10 23
13.010000 11 23
13.010000 12 23
13.010000 13 22
13.010000 14 24
13.010000 15 24
13.010000 16 23
13.010000 17 22
13.010000 18 24
13.010000 19 23
13.010000 20 22
13.010000 21 23
13.010000 22 23
13.010000 23 24
13.010000 24 22
14.010000 0 22
14.010000 1 24
14.010000 2 23
14.010000 3 23
14.010000 4 22
14.010000 5 23
14.010000 6 23
14.010000 7 23
14.010000 8 24
14.010000 9 24
14.010000 10 23
14.010000 11 23
14.010000 12 23
14.010000 13 23
14.010000 14 22
14.010000 15 23
14.010000 16 23
14.010000 17 24
14.010000 18 22
14.010000 19 23
14.010000 20 22
14.010000 21 22
14.010000 22 23
14.010000 23 23
14.010000 24 22
15.010000 0 23
15.010000 1 24
15.010000 2 24
15.010000 3 24
15.010000 4 21
15.010000 5 24
15.010000 6 24
15.010000 7 25
15.010000 8 24
15.010000 9 24
15.010000 10 23
15.010000 11 24
15.010000 12 24
15.010000 13 25
15.010000 14 25
15.010000 15 24
15.010000 16 23
15.010000 17 24
15.010000 18 25
15.010000 19 24
15.010000 20 21
15.010000 21 25
15.010000 22 24
15.010000 23 23
15.010000 24 23
16.010000 0 425
16.010000 1 603
16.010000 2 603
16.010000 3 603
16.010000 4 603
16.010000 5 603
16.010000 6 603
16.010000 7 603
16.010000 8 603
16.010000 9 603
16.010000 10 470
16.010000 11 478
16.010000 12 603
16.010000 13 478
16.010000 14 603
16.010000 15 603
16.010000 16 604
16.010000 17 603
16.010000 18 603
16.010000 19 603
16.010000 20 603
16.010000 21 603
16.010000 22 603
16.010000 23 604
16.010000 24 425
17.010000 0 400
17.010000 1 577
17.010000 2 577
17.010000 3 577
17.010000 4 576
17.010000 5 577
17.010000 6 577
17.010000 7 577
17.010000 8 577
17.010000 9 577
17.010000 10 449
17.010000 11 453
17.010000 12 577
17.010000 13 452
17.010000 14 577
17.010000 15 577
17.010000 16 577
17.010000 17 577
17.010000 18 577
17.010000 19 577
17.010000 20 576
17.010000 21 577
17.010000 22 577
17.010000 23 577
17.010000 24 400
18.010000 0 524
18.010000 1 744
18.010000 2 744
18.010000 3 744
18.010000 4 743
18.010000 5 743
18.010000 6 744
18.010000 7 744
18.010000 8 744
18.010000 9 744
18.010000 10 586
18.010000 11 578
18.010000 12 743
18.010000 13 569
18.010000 14 744
18.010000 15 744
18.010000 16 744
18.010000 17 744
18.010000 18 744
18.010000 19 744
18.010000 20 743
18.010000 21 744
18.010000 22 744
18.010000 23 744
18.010000 24 524
19.010000 0 459
19.010000 1 632
19.010000 2 632
19.010000 3 632
19.010000 4 631
19.010000 5 633
19.010000 6 631
19.010000 7 632
19.010000 8 632
19.010000 9 632
19.010000 10 488
19.010000 11 486
19.010000 12 633
19.010000 13 485
19.010000 14 632
19.010000 15 632
19.010000 16 632
19.010000 17 632
19.010000 18 632
19.010000 19 632
19.010000 20 631
19.010000 21 632
19.010000 22 632
19.010000 23 632
19.010000 24 459
20.010000 0 348
20.010000 1 529
20.010000 2 529
20.010000 3 529
20.010000 4 528
20.010000 5 529
20.010000 6 530
20.010000 7 529
20.010000 8 529
20.010000 9 529
20.010000 10 414
20.010000 11 422
20.010000 12 529
20.010000 13 425
20.010000 14 529
20.010000 15 529
20.010000 16 529
20.010000 17 529
20.010000 18 529
20.010000 19 529
20.010000 20 528
20.010000 21 529
20.010000 22 529
20.010000 23 529
20.010000 24 348
21.010000 0 405
21.010000 1 580
21.010000 2 580
21.010000 3 580
21.010000 4 579
21.010000 5 580
21.010000 6 579
21.010000 7 580
21.010000 8 580
21.010000 9 580
21.010000 10 459
21.010000 11 453
21.010000 12 580
21.010000 13 448
21.010000 14 580
21.010000 15 580
21.010000 16 580
21.010000 17 579
21.010000 18 580
21.010000 19 580
21.010000 20 579
21.010000 21 580
21.010000 22 580
21.010000 23 580
21.010000 24 405
22.010000 0 507
22.010000 1 711
22.010000 2 711
22.010000 3 711
22.010000 4 710
22.010000 5 711
22.010000 6 712
22.010000 7 711
22.010000 8 711
22.010000 9 711
22.010000 10 549
22.010000 11 550
22.010000 12 711
22.010000 13 549
22.010000 14 710
22.010000 15 711
22.010000 16 711
22.010000 17 712
22.010000 18 711
22.010000 19 711
22.010000 20 710
22.010000 21 711
22.010000 22 711
22.010000 23 711
22.010000 24 507
23.010000 0 490
23.010000 1 696
23.010000 2 696
23.010000 3 695
23.010000 4 693
23.010000 5 696
23.010000 6 696
23.010000 7 696
23.010000 8 696
23.010000 9 696
23.010000 10 548
23.010000 11 542
23.010000 12 696
23.010000 13 535
23.010000 14 697
23.010000 15 696
23.010000 16 695
23.010000 17 696
23.010000 18 696
23.010000 19 695
23.010000 20 693
23.010000 21 696
23.010000 22 696
23.010000 23 696
23.010000 24 490
24.010000 0 475
24.010000 1 678
24.010000 2 678
24.010000 3 679
24.010000 4 679
24.010000 5 677
24.010000 6 677
24.010000 7 677
24.010000 8 678
24.010000 9 678
24.010000 10 526
24.010000 11 529
24.010000 12 678
24.010000 13 525
24.010000 14 678
24.010000 15 678
24.010000 16 679
24.010000 17 678
24.010000 18 678
24.010000 19 679
24.010000 20 679
24.010000 21 678
24.010000 22 678
24.010000 23 678
24.010000 24 475
25.010000 0 353
25.010000 1 519
25.010000 2 519
25.010000 3 519
25.010000 4 518
25.010000 5 520
25.010000 6 519
25.010000 7 520
25.010000 8 519
25.010000 9 519
25.010000 10 414
25.010000 11 412
25.010000 12 519
25.010000 13 400
25.010000 14 519
25.010000 15 519
25.010000 16 519
25.010000 17 518
25.010000 18 519
25.010000 19 519
25.010000 20 518
25.010000 21 519
25.010000 22 519
25.010000 23 519
25.010000 24 353
26.010000 0 525
26.010000 1 723
26.010000 2 723
26.010000 3 723
26.010000 4 722
26.010000 5 723
26.010000 6 723
26.010000 7 723
26.010000 8 723
26.010000 9 723
26.010000 10 548
26.010000 11 553
26.010000 12 723
26.010000 13 565
26.010000 14 723
26.010000 15 723
26.010000 16 723
26.010000 17 724
26.010000 18 723
26.010000 19 723
26.010000 20 722
26.010000 21 723
26.010000 22 723
26.010000 23 723
26.010000 24 525
27.010000 0 504
27.010000 1 706
27.010000 2 705
27.010000 3 705
27.010000 4 705
27.010000 5 706
27.010000 6 707
27.010000 7 705
27.010000 8 706
27.010000 9 706
27.010000 10 548
27.010000 11 546
27.010000 12 705
27.010000 13 546
27.010000 14 706
27.010000 15 706
27.010000 16 706
27.010000 17 706
27.010000 18 706
27.010000 19 706
27.010000 20 705
27.010000 21 706
27.010000 22 706
27.010000 23 706
27.010000 24 504
28.010000 0 339
28.010000 1 481
28.010000 2 482
28.010000 3 482
28.010000 4 480
28.010000 5 481
28.010000 6 481
28.010000 7 481
28.010000 8 481
28.010000 9 481
28.010000 10 377
28.010000 11 373
28.010000 12 482
28.010000 13 376
28.010000 14 480
28.010000 15 481
28.010000 16 481
28.010000 17 481
28.010000 18 481
28.010000 19 481
28.010000 20 480
28.010000 21 481
28.010000 22 480
28.010000 23 481
28.010000 24 339
29.010000 0 452
29.010000 1 652
29.010000 2 652
29.010000 3 652
29.010000 4 649
29.010000 5 652
29.010000 6 652
29.010000 7 653
29.010000 8 652
29.010000 9 652
29.010000 10 507
29.010000 11 511
29.010000 12 652
29.010000 13 508
29.010000 14 653
29.010000 15 652
29.010000 16 652
29.010000 17 652
29.010000 18 652
29.010000 19 652
29.010000 20 649
29.010000 21 652
29.010000 22 653
29.010000 23 652
29.010000 24 452
30.010000 0 535
30.010000 1 761
30.010000 2 761
30.010000 3 761
30.010000 4 762
30.010000 5 761
30.010000 6 760
30.010000 7 760
30.010000 8 760
30.010000 9 761
30.010000 10 597
30.010000 11 595
30.010000 12 761
30.010000 13 581
30.010000 14 761
30.010000 15 761
30.010000 16 761
30.010000 17 760
30.010000 18 761
30.010000 19 761
30.010000 20 762
30.010000 21 761
30.010000 22 761
30.010000 23 761
30.010000 24 535
31.010000 0 451
31.010000 1 621
31.010000 2 621
31.010000 3 620
31.010000 4 618
31.010000 5 621
31.010000 6 622
31.010000 7 622
31.010000 8 622
31.010000 9 621
31.010000 10 481
31.010000 11 476
31.010000 12 621
31.010000 13 479
31.010000 14 620
31.010000 15 621
31.010000 16 621
31.010000 17 621
31.010000 18 621
31.010000 19 621
31.010000 20 618
31.010000 21 621
31.010000 22 621
31.010000 23 621
31.010000 24 451
32.010000 0 402
32.010000 1 563
32.010000 2 563
32.010000 3 564
32.010000 4 564
32.010000 5 563
32.010000 6 563
32.010000 7 563
32.010000 8 563
32.010000 9 563
32.010000 10 431
32.010000 11 436
32.010000 12 563
32.010000 13 440
32.010000 14 564
32.010000 15 562
32.010000 16 563
32.010000 17 564
32.010000 18 563
32.010000 19 563
32.010000 20 564
32.010000 21 563
32.010000 22 562
32.010000 23 563
32.010000 24 402
33.010000 0 550
33.010000 1 790
33.010000 2 790
33.010000 3 790
33.010000 4 789
33.010000 5 790
33.010000 6 790
33.010000 7 790
33.010000 8 790
33.010000 9 790
33.010000 10 612
33.010000 11 616
33.010000 12 790
33.010000 13 613
33.010000 14 790
33.010000 15 791
33.010000 16 790
33.010000 17 790
33.010000 18 790
33.010000 19 790
33.010000 20 789
33.010000 21 790
33.010000 22 791
33.010000 23 790
33.010000 24 550
34.010000 0 475
34.010000 1 657
34.010000 2 657
34.010000 3 657
34.010000 4 656
34.010000 5 657
34.010000 6 657
34.010000 7 657
34.010000 8 657
34.010000 9 657
34.010000 10 511
34.010000 11 503
34.010000 12 657
34.010000 13 507
34.010000 14 657
34.010000 15 657
34.010000 16 656
34.010000 17 657
34.010000 18 657
34.010000 19 657
34.010000 20 656
34.010000 21 657
34.010000 22 656
34.010000 23 657
34.010000 24 475
35.010000 0 452
35.010000 1 608
35.010000 2 608
35.010000 3 608
35.010000 4 607
35.010000 5 608
35.010000 6 608
35.010000 7 608
35.010000 8 608
35.010000 9 608
35.010000 10 464
35.010000 11 467
35.010000 12 608
35.010000 13 463
35.010000 14 608
35.010000 15 608
35.010000 16 609
35.010000 17 608
35.010000 18 608
35.010000 19 608
35.010000 20 607
35.010000 21 608
35.010000 22 608
35.010000 23 608
35.010000 24 452
36.010000 0 424
36.010000 1 602
36.010000 2 601
36.010000 3 602
36.010000 4 601
36.010000 5 602
36.010000 6 601
36.010000 7 602
36.010000 8 602
36.010000 9 602
36.010000 10 474
36.010000 11 472
36.010000 12 601
36.010000 13 462
36.010000 14 602
36.010000 15 602
36.010000 16 601
36.010000 17 602
36.010000 18 602
36.010000 19 602
36.010000 20 601
36.010000 21 602
36.010000 22 603
36.010000 23 602
36.010000 24 424
37.010000 0 455
37.010000 1 649
37.010000 2 650
37.010000 3 649
37.010000 4 648
37.010000 5 649
37.010000 6 650
37.010000 7 649
37.010000 8 649
37.010000 9 649
37.010000 10 505
37.010000 11 504
37.010000 12 650
37.010000 13 504
37.010000 14 649
37.010000 15 649
37.010000 16 650
37.010000 17 649
37.010000 18 648
37.010000 19 649
37.010000 20 648
37.010000 21 648
37.010000 22 649
37.010000 23 649
37.010000 24 455
38.010000 0 465
38.010000 1 648
38.010000 2 648
38.010000 3 648
38.010000 4 647
38.010000 5 648
38.010000 6 648
38.010000 7 648
38.010000 8 648
38.010000 9 648
38.010000 10 501
38.010000 11 505
38.010000 12 648
38.010000 13 495
38.010000 14 648
38.010000 15 648
38.010000 16 648
38.010000 17 648
38.010000 18 649
38.010000 19 648
38.010000 20 647
38.010000 21 649
38.010000 22 648
38.010000 23 647
38.010000 24 465
39.010000 0 462
39.010000 1 666
39.010000 2 666
39.010000 3 666
39.010000 4 663
39.010000 5 666
39.010000 6 666
39.010000 7 666
39.010000 8 665
39.010000 9 666
39.010000 10 516
39.010000 11 523
39.010000 12 666
39.010000 13 525
39.010000 14 666
39.010000 15 665
39.010000 16 665
39.010000 17 665
39.010000 18 666
39.010000 19 666
39.010000 20 663
39.010000 21 666
39.010000 22 666
39.010000 23 667
39.010000 24 462
40.010000 0 482
40.010000 1 682
40.010000 2 682
40.010000 3 682
40.010000 4 683
40.010000 5 682
40.010000 6 682
40.010000 7 682
40.010000 8 683
40.010000 9 682
40.010000 10 528
40.010000 11 526
40.010000 12 682
40.010000 13 529
40.010000 14 682
40.010000 15 683
40.010000 16 683
40.010000 17 682
40.010000 18 682
40.010000 19 682
40.010000 20 683
40.010000 21 682
40.010000 22 682
40.010000 23 681
40.010000 24 482
41.010000 0 405
41.010000 1 581
41.010000 2 581
41.010000 3 581
41.010000 4 578
41.010000 5 581
41.010000 6 581
41.010000 7 581
41.010000 8 581
41.010000 9 581
41.010000 10 459
41.010000 11 455
41.010000 12 581
41.010000 13 447
41.010000 14 581
41.010000 15 581
41.010000 16 581
41.010000 17 582
41.010000 18 581
41.010000 19 581
41.010000 20 578
41.010000 21 581
41.010000 22 581
41.010000 23 582
41.010000 24 405
42.010000 0 474
42.010000 1 690
42.010000 2 690
42.010000 3 690
42.010000 4 691
42.010000 5 690
42.010000 6 690
42.010000 7 690
42.010000 8 690
42.010000 9 690
42.010000 10 545
42.010000 11 543
42.010000 12 690
42.010000 13 533
42.010000 14 689
42.010000 15 690
42.010000 16 690
42.010000 17 690
42.010000 18 690
42.010000 19 689
42.010000 20 691
42.010000 21 690
42.010000 22 689
42.010000 23 689
42.010000 24 474
43.010000 0 396
43.010000 1 558
43.010000 2 558
43.010000 3 558
43.010000 4 557
43.010000 5 558
43.010000 6 558
43.010000 7 558
43.010000 8 558
43.010000 9 558
43.010000 10 420
43.010000 11 432
43.010000 12 558
43.010000 13 445
43.010000 14 559
43.010000 15 558
43.010000 16 558
43.010000 17 558
43.010000 18 558
43.010000 19 559
43.010000 20 557
43.010000 21 558
43.010000 22 559
43.010000 23 559
43.010000 24 396
44.010000 0 415
44.010000 1 592
44.010000 2 592
44.010000 3 592
44.010000 4 591
44.010000 5 592
44.010000 6 592
44.010000 7 592
44.010000 8 591
44.010000 9 592
44.010000 10 468
44.010000 11 462
44.010000 12 592
44.010000 13 458
44.010000 14 592
44.010000 15 592
44.010000 16 592
44.010000 17 591
44.010000 18 591
44.010000 19 591
44.010000 20 591
44.010000 21 592
44.010000 22 592
44.010000 23 592
44.010000 24 415
45.010000 0 466
45.010000 1 650
45.010000 2 650
45.010000 3 650
45.010000 4 649
45.010000 5 650
45.010000 6 650
45.010000 7 650
45.010000 8 651
45.010000 9 650
45.010000 10 508
45.010000 11 499
45.010000 12 650
45.010000 13 496
45.010000 14 650
45.010000 15 650
45.010000 16 650
45.010000 17 651
45.010000 18 651
45.010000 19 651
45.010000 20 649
45.010000 21 650
45.010000 22 650
45.010000 23 650
45.010000 24 466
46.010000 0 416
46.010000 1 614
46.010000 2 614
46.010000 3 615
46.010000 4 613
46.010000 5 615
46.010000 6 614
46.010000 7 615
46.010000 8 615
46.010000 9 615
46.010000 10 479
46.010000 11 488
46.010000 12 615
46.010000 13 489
46.010000 14 615
46.010000 15 615
46.010000 16 615
46.010000 17 615
46.010000 18 615
46.010000 19 615
46.010000 20 613
46.010000 21 615
46.010000 22 615
46.010000 23 615
46.010000 24 416
47.010000 0 542
47.010000 1 810
47.010000 2 810
47.010000 3 809
47.010000 4 809
47.010000 5 808
47.010000 6 810
47.010000 7 809
47.010000 8 809
47.010000 9 809
47.010000 10 622
47.010000 11 643
47.010000 12 809
47.010000 13 640
47.010000 14 809
47.010000 15 809
47.010000 16 809
47.010000 17 809
47.010000 18 809
47.010000 19 809
47.010000 20 809
47.010000 21 809
47.010000 22 809
47.010000 23 809
47.010000 24 542
48.010000 0 466
48.010000 1 633
48.010000 2 633
48.010000 3 633
48.010000 4 632
48.010000 5 634
48.010000 6 633
48.010000 7 633
48.010000 8 633
48.010000 9 633
48.010000 10 498
48.010000 11 477
48.010000 12 633
48.010000 13 481
48.010000 14 632
48.010000 15 633
48.010000 16 633
48.010000 17 633
48.010000 18 633
48.010000 19 633
48.010000 20 632
48.010000 21 633
48.010000 22 633
48.010000 23 633
48.010000 24 466
49.010000 0 424
49.010000 1 597
49.010000 2 598
49.010000 3 598
49.010000 4 597
49.010000 5 598
49.010000 6 598
49.010000 7 598
49.010000 8 598
49.010000 9 598
49.010000 10 465
49.010000 11 466
49.010000 12 598
49.010000 13 462
49.010000 14 599
49.010000 15 598
49.010000 16 598
49.010000 17 598
49.010000 18 598
49.010000 19 598
49.010000 20 597
49.010000 21 598
49.010000 22 598
49.010000 23 598
49.010000 24 424
50.010000 0 531
50.010000 1 750
50.010000 2 749
50.010000 3 749
50.010000 4 748
50.010000 5 749
50.010000 6 749
50.010000 7 749
50.010000 8 749
50.010000 9 749
50.010000 10 580
50.010000 11 583
50.010000 12 749
50.010000 13 575
50.010000 14 749
50.010000 15 749
50.010000 16 749
50.010000 17 749
50.010000 18 749
50.010000 19 749
50.010000 20 748
50.010000 21 749
50.010000 22 749
50.010000 23 749
50.010000 24 531
51.010000 0 410
51.010000 1 575
51.010000 2 575
51.010000 3 574
51.010000 4 574
51.010000 5 575
51.010000 6 575
51.010000 7 575
51.010000 8 574
51.010000 9 575
51.010000 10 453
51.010000 11 446
51.010000 12 575
51.010000 13 442
51.010000 14 575
51.010000 15 575
51.010000 16 575
51.010000 17 575
51.010000 18 575
51.010000 19 574
51.010000 20 574
51.010000 21 575
51.010000 22 575
51.010000 23 575
51.010000 24 410
52.010000 0 417
52.010000 1 591
52.010000 2 591
52.010000 3 592
52.010000 4 589
52.010000 5 590
52.010000 6 590
52.010000 7 591
52.010000 8 592
52.010000 9 591
52.010000 10 455
52.010000 11 457
52.010000 12 591
52.010000 13 469
52.010000 14 591
52.010000 15 591
52.010000 16 590
52.010000 17 590
52.010000 18 591
52.010000 19 592
52.010000 20 589
52.010000 21 591
52.010000 22 591
52.010000 23 591
52.010000 24 417
53.010000 0 434
53.010000 1 646
53.010000 2 646
53.010000 3 646
53.010000 4 646
53.010000 5 647
53.010000 6 647
53.010000 7 646
53.010000 8 646
53.010000 9 645
53.010000 10 507
53.010000 11 514
53.010000 12 646
53.010000 13 505
53.010000 14 645
53.010000 15 646
53.010000 16 647
53.010000 17 647
53.010000 18 645
53.010000 19 645
53.010000 20 646
53.010000 21 646
53.010000 22 646
53.010000 23 646
53.010000 24 434
54.010000 0 468
54.010000 1 650
54.010000 2 650
54.010000 3 650
54.010000 4 649
54.010000 5 650
54.010000 6 650
54.010000 7 650
54.010000 8 650
54.010000 9 651
54.010000 10 504
54.010000 11 503
54.010000 12 650
54.010000 13 496
54.010000 14 651
54.010000 15 650
54.010000 16 650
54.010000 17 650
54.010000 18 651
54.010000 19 650
54.010000 20 649
54.010000 21 650
54.010000 22 650
54.010000 23 649
54.010000 24 468
55.010000 0 429
55.010000 1 596
55.010000 2 596
55.010000 3 596
55.010000 4 594
55.010000 5 595
55.010000 6 596
55.010000 7 595
55.010000 8 596
55.010000 9 596
55.010000 10 463
55.010000 11 459
55.010000 12 595
55.010000 13 463
55.010000 14 596
55.010000 15 595
55.010000 16 596
55.010000 17 596
55.010000 18 596
55.010000 19 597
55.010000 20 594
55.010000 21 596
55.010000 22 596
55.010000 23 597
55.010000 24 429
56.010000 0 466
56.010000 1 693
56.010000 2 693
56.010000 3 693
56.010000 4 693
56.010000 5 693
56.010000 6 693
56.010000 7 694
56.010000 8 693
56.010000 9 693
56.010000 10 551
56.010000 11 553
56.010000 12 694
56.010000 13 531
56.010000 14 693
56.010000 15 693
56.010000 16 692
56.010000 17 693
56.010000 18 692
56.010000 19 693
56.010000 20 693
56.010000 21 693
56.010000 22 693
56.010000 23 693
56.010000 24 466
57.010000 0 554
57.010000 1 746
57.010000 2 746
57.010000 3 746
57.010000 4 744
57.010000 5 747
57.010000 6 746
57.010000 7 746
57.010000 8 746
57.010000 9 746
57.010000 10 565
57.010000 11 564
57.010000 12 746
57.010000 13 577
57.010000 14 746
57.010000 15 746
57.010000 16 747
57.010000 17 745
57.010000 18 747
57.010000 19 746
57.010000 20 744
57.010000 21 746
57.010000 22 746
57.010000 23 746
57.010000 24 554
58.010000 0 423
58.010000 1 586
58.010000 2 586
58.010000 3 586
58.010000 4 586
58.010000 5 586
58.010000 6 586
58.010000 7 586
58.010000 8 586
58.010000 9 586
58.010000 10 445
58.010000 11 452
58.010000 12 586
58.010000 13 460
58.010000 14 586
58.010000 15 587
58.010000 16 586
58.010000 17 587
58.010000 18 586
58.010000 19 586
58.010000 20 586
58.010000 21 586
58.010000 22 585
58.010000 23 585
58.010000 24 423
59.010000 0 413
59.010000 1 603
59.010000 2 602
59.010000 3 603
59.010000 4 602
59.010000 5 603
59.010000 6 603
59.010000 7 603
59.010000 8 603
59.010000 9 603
59.010000 10 480
59.010000 11 473
59.010000 12 603
59.010000 13 465
59.010000 14 603
59.010000 15 603
59.010000 16 603
59.010000 17 603
59.010000 18 603
59.010000 19 603
59.010000 20 602
59.010000 21 603
59.010000 22 604
59.010000 23 604
59.010000 24 413
60.010000 0 513
60.010000 1 730
60.010000 2 731
60.010000 3 730
60.010000 4 729
60.010000 5 730
60.010000 6 730
60.010000 7 730
60.010000 8 730
60.010000 9 730
60.010000 10 575
60.010000 11 566
60.010000 12 730
60.010000 13 560
60.010000 14 730
60.010000 15 730
60.010000 16 730
60.010000 17 729
60.010000 18 729
60.010000 19 730
60.010000 20 729
60.010000 21 730
60.010000 22 730
60.010000 23 730
60.010000 24 513
61.010000 0 420
61.010000 1 589
61.010000 2 589
61.010000 3 589
61.010000 4 588
61.010000 5 589
61.010000 6 589
61.010000 7 589
61.010000 8 589
61.010000 9 589
61.010000 10 444
61.010000 11 456
61.010000 12 589
61.010000 13 470
61.010000 14 589
61.010000 15 589
61.010000 16 589
61.010000 17 590
61.010000 18 589
61.010000 19 589
61.010000 20 588
61.010000 21 589
61.010000 22 588
61.010000 23 589
61.010000 24 420
62.010000 0 391
62.010000 1 569
62.010000 2 569
62.010000 3 569
62.010000 4 568
62.010000 5 569
62.010000 6 569
62.010000 7 569
62.010000 8 569
62.010000 9 569
62.010000 10 454
62.010000 11 447
62.010000 12 569
62.010000 13 437
62.010000 14 569
62.010000 15 569
62.010000 16 568
62.010000 17 569
62.010000 18 570
62.010000 19 569
62.010000 20 568
62.010000 21 569
62.010000 22 570
62.010000 23 569
62.010000 24 391
63.010000 0 520
63.010000 1 758
63.010000 2 758
63.010000 3 758
63.010000 4 757
63.010000 5 757
63.010000 6 758
63.010000 7 758
63.010000 8 758
63.010000 9 758
63.010000 10 596
63.010000 11 596
63.010000 12 758
63.010000 13 586
63.010000 14 758
63.010000 15 757
63.010000 16 759
63.010000 17 758
63.010000 18 758
63.010000 19 758
63.010000 20 757
63.010000 21 758
63.010000 22 758
63.010000 23 758
63.010000 24 520
64.010000 0 375
64.010000 1 532
64.010000 2 532
64.010000 3 532
64.010000 4 531
64.010000 5 533
64.010000 6 532
64.010000 7 532
64.010000 8 532
64.010000 9 532
64.010000 10 416
64.010000 11 413
64.010000 12 532
64.010000 13 414
64.010000 14 532
64.010000 15 533
64.010000 16 532
64.010000 17 532
64.010000 18 532
64.010000 19 531
64.010000 20 531
64.010000 21 532
64.010000 22 532
64.010000 23 532
64.010000 24 375
65.010000 0 419
65.010000 1 630
65.010000 2 630
65.010000 3 630
65.010000 4 629
65.010000 5 630
65.010000 6 630
65.010000 7 630
65.010000 8 630
65.010000 9 630
65.010000 10 497
65.010000 11 502
65.010000 12 630
65.010000 13 495
65.010000 14 630
65.010000 15 630
65.010000 16 630
65.010000 17 630
65.010000 18 630
65.010000 19 630
65.010000 20 629
65.010000 21 630
65.010000 22 630
65.010000 23 630
65.010000 24 419
66.010000 0 510
66.010000 1 734
66.010000 2 734
66.010000 3 734
66.010000 4 733
66.010000 5 734
66.010000 6 734
66.010000 7 734
66.010000 8 734
66.010000 9 734
66.010000 10 568
66.010000 11 576
66.010000 12 734
66.010000 13 570
66.010000 14 734
66.010000 15 734
66.010000 16 734
66.010000 17 734
66.010000 18 734
66.010000 19 735
66.010000 20 733
66.010000 21 734
66.010000 22 734
66.010000 23 734
66.010000 24 510
67.010000 0 489
67.010000 1 678
67.010000 2 678
67.010000 3 678
67.010000 4 677
67.010000 5 678
67.010000 6 678
67.010000 7 678
67.010000 8 678
67.010000 9 678
67.010000 10 531
67.010000 11 517
67.010000 12 678
67.010000 13 520
67.010000 14 678
67.010000 15 678
67.010000 16 678
67.010000 17 678
67.010000 18 678
67.010000 19 678
67.010000 20 677
67.010000 21 678
67.010000 22 678
67.010000 23 678
67.010000 24 489
68.010000 0 410
68.010000 1 594
68.010000 2 594
68.010000 3 594
68.010000 4 593
68.010000 5 594
68.010000 6 594
68.010000 7 594
68.010000 8 593
68.010000 9 594
68.010000 10 465
68.010000 11 466
68.010000 12 594
68.010000 13 465
68.010000 14 594
68.010000 15 594
68.010000 16 594
68.010000 17 594
68.010000 18 594
68.010000 19 594
68.010000 20 593
68.010000 21 594
68.010000 22 594
68.010000 23 594
68.010000 24 410
69.010000 0 442
69.010000 1 632
69.010000 2 632
69.010000 3 632
69.010000 4 631
69.010000 5 632
69.010000 6 632
69.010000 7 631
69.010000 8 633
69.010000 9 632
69.010000 10 492
69.010000 11 493
69.010000 12 632
69.010000 13 493
69.010000 14 631
69.010000 15 632
69.010000 16 632
69.010000 17 632
69.010000 18 632
69.010000 19 632
69.010000 20 631
69.010000 21 632
69.010000 22 632
69.010000 23 632
69.010000 24 442
70.010000 0 437
70.010000 1 627
70.010000 2 627
70.010000 3 627
70.010000 4 626
70.010000 5 627
70.010000 6 626
70.010000 7 628
70.010000 8 627
70.010000 9 627
70.010000 10 493
70.010000 11 490
70.010000 12 627
70.010000 13 483
70.010000 14 628
70.010000 15 627
70.010000 16 627
70.010000 17 627
70.010000 18 627
70.010000 19 627
70.010000 20 626
70.010000 21 627
70.010000 22 627
70.010000 23 627
70.010000 24 437
71.010000 0 457
71.010000 1 652
71.010000 2 652
71.010000 3 652
71.010000 4 651
71.010000 5 652
71.010000 6 653
71.010000 7 652
71.010000 8 652
71.010000 9 652
71.010000 10 510
71.010000 11 508
71.010000 12 652
71.010000 13 504
71.010000 14 652
71.010000 15 652
71.010000 16 652
71.010000 17 652
71.010000 18 652
71.010000 19 652
71.010000 20 651
71.010000 21 652
71.010000 22 652
71.010000 23 651
71.010000 24 457
72.010000 0 472
72.010000 1 680
72.010000 2 680
72.010000 3 680
72.010000 4 679
72.010000 5 680
72.010000 6 680
72.010000 7 680
72.010000 8 680
72.010000 9 680
72.010000 10 524
72.010000 11 534
72.010000 12 680
72.010000 13 532
72.010000 14 680
72.010000 15 680
72.010000 16 680
72.010000 17 680
72.010000 18 680
72.010000 19 680
72.010000 20 679
72.010000 21 680
72.010000 22 680
72.010000 23 681
72.010000 24 472
73.010000 0 417
73.010000 1 599
73.010000 2 599
73.010000 3 599
73.010000 4 598
73.010000 5 599
73.010000 6 599
73.010000 7 599
73.010000 8 599
73.010000 9 599
73.010000 10 478
73.010000 11 468
73.010000 12 599
73.010000 13 458
73.010000 14 599
73.010000 15 599
73.010000 16 599
73.010000 17 599
73.010000 18 599
73.010000 19 599
73.010000 20 598
73.010000 21 599
73.010000 22 598
73.010000 23 599
73.010000 24 417
74.010000 0 502
74.010000 1 709
74.010000 2 709
74.010000 3 709
74.010000 4 708
74.010000 5 709
74.010000 6 709
74.010000 7 709
74.010000 8 709
74.010000 9 709
74.010000 10 548
74.010000 11 548
74.010000 12 709
74.010000 13 552
74.010000 14 709
74.010000 15 709
74.010000 16 708
74.010000 17 709
74.010000 18 709
74.010000 19 709
74.010000 20 708
74.010000 21 709
74.010000 22 710
74.010000 23 709
74.010000 24 502
75.010000 0 450
75.010000 1 646
75.010000 2 646
75.010000 3 646
75.010000 4 645
75.010000 5 645
75.010000 6 646
75.010000 7 646
75.010000 8 646
75.010000 9 646
75.010000 10 505
75.010000 11 507
75.010000 12 646
75.010000 13 501
75.010000 14 646
75.010000 15 645
75.010000 16 646
75.010000 17 646
75.010000 18 646
75.010000 19 646
75.010000 20 645
75.010000 21 646
75.010000 22 646
75.010000 23 646
75.010000 24 450
76.010000 0 399
76.010000 1 541
76.010000 2 541
76.010000 3 541
76.010000 4 540
76.010000 5 542
76.010000 6 541
76.010000 7 541
76.010000 8 541
76.010000 9 541
76.010000 10 416
76.010000 11 416
76.010000 12 541
76.010000 13 415
76.010000 14 541
76.010000 15 542
76.010000 16 541
76.010000 17 541
76.010000 18 540
76.010000 19 541
76.010000 20 540
76.010000 21 541
76.010000 22 541
76.010000 23 540
76.010000 24 399
77.010000 0 571
77.010000 1 807
77.010000 2 807
77.010000 3 807
77.010000 4 806
77.010000 5 807
77.010000 6 807
77.010000 7 806
77.010000 8 807
77.010000 9 807
77.010000 10 624
77.010000 11 625
77.010000 12 807
77.010000 13 623
77.010000 14 806
77.010000 15 807
77.010000 16 808
77.010000 17 807
77.010000 18 808
77.010000 19 807
77.010000 20 806
77.010000 21 807
77.010000 22 807
77.010000 23 808
77.010000 24 571
78.010000 0 477
78.010000 1 666
78.010000 2 666
78.010000 3 666
78.010000 4 665
78.010000 5 666
78.010000 6 665
78.010000 7 667
78.010000 8 666
78.010000 9 666
78.010000 10 517
78.010000 11 517
78.010000 12 666
78.010000 13 511
78.010000 14 667
78.010000 15 666
78.010000 16 665
78.010000 17 665
78.010000 18 666
78.010000 19 666
78.010000 20 665
78.010000 21 666
78.010000 22 666
78.010000 23 666
78.010000 24 477
79.010000 0 373
79.010000 1 544
79.010000 2 545
79.010000 3 545
79.010000 4 544
79.010000 5 545
79.010000 6 546
79.010000 7 545
79.010000 8 544
79.010000 9 545
79.010000 10 426
79.010000 11 432
79.010000 12 545
79.010000 13 427
79.010000 14 545
79.010000 15 545
79.010000 16 546
79.010000 17 546
79.010000 18 545
79.010000 19 544
79.010000 20 544
79.010000 21 545
79.010000 22 545
79.010000 23 545
79.010000 24 373
80.010000 0 447
80.010000 1 638
80.010000 2 637
80.010000 3 637
80.010000 4 636
80.010000 5 637
80.010000 6 637
80.010000 7 637
80.010000 8 638
80.010000 9 637
80.010000 10 492
80.010000 11 497
80.010000 12 637
80.010000 13 497
80.010000 14 636
80.010000 15 637
80.010000 16 637
80.010000 17 637
80.010000 18 636
80.010000 19 638
80.010000 20 636
80.010000 21 637
80.010000 22 637
80.010000 23 637
80.010000 24 447
81.010000 0 402
81.010000 1 569
81.010000 2 569
81.010000 3 569
81.010000 4 568
81.010000 5 568
81.010000 6 569
81.010000 7 569
81.010000 8 569
81.010000 9 569
81.010000 10 450
81.010000 11 441
81.010000 12 568
81.010000 13 437
81.010000 14 570
81.010000 15 569
81.010000 16 569
81.010000 17 569
81.010000 18 570
81.010000 19 569
81.010000 20 568
81.010000 21 569
81.010000 22 569
81.010000 23 569
81.010000 24 402
82.010000 0 460
82.010000 1 657
82.010000 2 657
82.010000 3 657
82.010000 4 656
82.010000 5 658
82.010000 6 657
82.010000 7 657
82.010000 8 657
82.010000 9 657
82.010000 10 511
82.010000 11 511
82.010000 12 658
82.010000 13 512
82.010000 14 657
82.010000 15 657
82.010000 16 656
82.010000 17 657
82.010000 18 656
82.010000 19 657
82.010000 20 656
82.010000 21 657
82.010000 22 657
82.010000 23 657
82.010000 24 460
83.010000 0 427
83.010000 1 620
83.010000 2 620
83.010000 3 620
83.010000 4 619
83.010000 5 620
83.010000 6 620
83.010000 7 620
83.010000 8 620
83.010000 9 620
83.010000 10 484
83.010000 11 486
83.010000 12 620
83.010000 13 485
83.010000 14 620
83.010000 15 620
83.010000 16 621
83.010000 17 620
83.010000 18 620
83.010000 19 620
83.010000 20 619
83.010000 21 620
83.010000 22 620
83.010000 23 620
83.010000 24 427
84.010000 0 542
84.010000 1 787
84.010000 2 787
84.010000 3 787
84.010000 4 786
84.010000 5 787
84.010000 6 787
84.010000 7 787
84.010000 8 787
84.010000 9 787
84.010000 10 623
84.010000 11 617
84.010000 12 786
84.010000 13 605
84.010000 14 787
84.010000 15 786
84.010000 16 786
84.010000 17 786
84.010000 18 788
84.010000 19 787
84.010000 20 786
84.010000 21 787
84.010000 22 787
84.010000 23 787
84.010000 24 542
85.010000 0 492
85.010000 1 692
85.010000 2 692
85.010000 3 692
85.010000 4 691
85.010000 5 691
85.010000 6 692
85.010000 7 692
85.010000 8 692
85.010000 9 692
85.010000 10 530
85.010000 11 534
85.010000 12 693
85.010000 13 540
85.010000 14 692
85.010000 15 693
85.010000 16 693
85.010000 17 693
85.010000 18 692
85.010000 19 692
85.010000 20 691
85.010000 21 692
85.010000 22 692
85.010000 23 692
85.010000 24 492
86.010000 0 386
86.010000 1 559
86.010000 2 559
86.010000 3 559
86.010000 4 556
86.010000 5 560
86.010000 6 559
86.010000 7 559
86.010000 8 559
86.010000 9 559
86.010000 10 431
86.010000 11 442
86.010000 12 559
86.010000 13 445
86.010000 14 559
86.010000 15 558
86.010000 16 558
86.010000 17 558
86.010000 18 559
86.010000 19 559
86.010000 20 556
86.010000 21 559
86.010000 22 559
86.010000 23 559
86.010000 24 386
87.010000 0 398
87.010000 1 562
87.010000 2 562
87.010000 3 562
87.010000 4 562
87.010000 5 562
87.010000 6 562
87.010000 7 562
87.010000 8 562
87.010000 9 562
87.010000 10 442
87.010000 11 434
87.010000 12 562
87.010000 13 432
87.010000 14 562
87.010000 15 563
87.010000 16 563
87.010000 17 563
87.010000 18 562
87.010000 19 562
87.010000 20 562
87.010000 21 562
87.010000 22 562
87.010000 23 561
87.010000 24 398
88.010000 0 423
88.010000 1 597
88.010000 2 597
88.010000 3 597
88.010000 4 597
88.010000 5 597
88.010000 6 597
88.010000 7 597
88.010000 8 597
88.010000 9 597
88.010000 10 468
88.010000 11 464
88.010000 12 597
88.010000 13 458
88.010000 14 597
88.010000 15 597
88.010000 16 597
88.010000 17 597
88.010000 18 597
88.010000 19 596
88.010000 20 597
88.010000 21 597
88.010000 22 597
88.010000 23 598
88.010000 24 423
89.010000 0 509
89.010000 1 737
89.010000 2 737
89.010000 3 737
89.010000 4 734
89.010000 5 737
89.010000 6 737
89.010000 7 737
89.010000 8 737
89.010000 9 737
89.010000 10 577
89.010000 11 580
89.010000 12 737
89.010000 13 571
89.010000 14 736
89.010000 15 737
89.010000 16 737
89.010000 17 736
89.010000 18 737
89.010000 19 738
89.010000 20 734
89.010000 21 737
89.010000 22 737
89.010000 23 737
89.010000 24 509
90.010000 0 446
90.010000 1 625
90.010000 2 625
90.010000 3 626
90.010000 4 627
90.010000 5 626
90.010000 6 625
90.010000 7 626
90.010000 8 626
90.010000 9 626
90.010000 10 490
90.010000 11 482
90.010000 12 626
90.010000 13 482
90.010000 14 627
90.010000 15 626
90.010000 16 626
90.010000 17 627
90.010000 18 626
90.010000 19 626
90.010000 20 627
90.010000 21 626
90.010000 22 626
90.010000 23 626
90.010000 24 446
91.010000 0 490
91.010000 1 671
91.010000 2 671
91.010000 3 670
91.010000 4 669
91.010000 5 670
91.010000 6 671
91.010000 7 670
91.010000 8 670
91.010000 9 670
91.010000 10 495
91.010000 11 513
91.010000 12 670
91.010000 13 532
91.010000 14 670
91.010000 15 670
91.010000 16 670
91.010000 17 670
91.010000 18 670
91.010000 19 670
91.010000 20 669
91.010000 21 670
91.010000 22 670
91.010000 23 670
91.010000 24 490
92.010000 0 442
92.010000 1 635
92.010000 2 635
92.010000 3 635
92.010000 4 632
92.010000 5 635
92.010000 6 635
92.010000 7 635
92.010000 8 635
92.010000 9 635
92.010000 10 507
92.010000 11 501
92.010000 12 635
92.010000 13 482
92.010000 14 635
92.010000 15 635
92.010000 16 634
92.010000 17 635
92.010000 18 635
92.010000 19 635
92.010000 20 632
92.010000 21 635
92.010000 22 634
92.010000 23 635
92.010000 24 442
93.010000 0 453
93.010000 1 658
93.010000 2 658
93.010000 3 658
93.010000 4 659
93.010000 5 658
93.010000 6 658
93.010000 7 658
93.010000 8 658
93.010000 9 658
93.010000 10 507
93.010000 11 515
93.010000 12 657
93.010000 13 519
93.010000 14 658
93.010000 15 658
93.010000 16 659
93.010000 17 658
93.010000 18 658
93.010000 19 658
93.010000 20 659
93.010000 21 658
93.010000 22 659
93.010000 23 658
93.010000 24 453
94.010000 0 445
94.010000 1 641
94.010000 2 641
94.010000 3 640
94.010000 4 640
94.010000 5 641
94.010000 6 641
94.010000 7 641
94.010000 8 641
94.010000 9 640
94.010000 10 500
94.010000 11 503
94.010000 12 642
94.010000 13 500
94.010000 14 641
94.010000 15 640
94.010000 16 641
94.010000 17 641
94.010000 18 641
94.010000 19 641
94.010000 20 640
94.010000 21 641
94.010000 22 641
94.010000 23 641
94.010000 24 445
95.010000 0 439
95.010000 1 612
95.010000 2 612
95.010000 3 613
95.010000 4 611
95.010000 5 612
95.010000 6 612
95.010000 7 612
95.010000 8 612
95.010000 9 613
95.010000 10 469
95.010000 11 471
95.010000 12 612
95.010000 13 478
95.010000 14 612
95.010000 15 612
95.010000 16 612
95.010000 17 612
95.010000 18 612
95.010000 19 612
95.010000 20 611
95.010000 21 612
95.010000 22 612
95.010000 23 612
95.010000 24 439
96.010000 0 457
96.010000 1 645
96.010000 2 645
96.010000 3 645
96.010000 4 644
96.010000 5 645
96.010000 6 645
96.010000 7 645
96.010000 8 645
96.010000 9 645
96.010000 10 518
96.010000 11 503
96.010000 12 644
96.010000 13 483
96.010000 14 645
96.010000 15 646
96.010000 16 645
96.010000 17 645
96.010000 18 644
96.010000 19 645
96.010000 20 644
96.010000 21 645
96.010000 22 644
96.010000 23 644
96.010000 24 457
97.010000 0 428
97.010000 1 620
97.010000 2 620
97.010000 3 620
97.010000 4 619
97.010000 5 620
97.010000 6 620
97.010000 7 620
97.010000 8 620
97.010000 9 620
97.010000 10 477
97.010000 11 487
97.010000 12 621
97.010000 13 487
97.010000 14 620
97.010000 15 620
97.010000 16 620
97.010000 17 620
97.010000 18 621
97.010000 19 620
97.010000 20 619
97.010000 21 620
97.010000 22 621
97.010000 23 621
97.010000 24 428
98.010000 0 549
98.010000 1 759
98.010000 2 759
98.010000 3 759
98.010000 4 758
98.010000 5 759
98.010000 6 759
98.010000 7 759
98.010000 8 759
98.010000 9 759
98.010000 10 589
98.010000 11 585
98.010000 12 759
98.010000 13 579
98.010000 14 758
98.010000 15 759
98.010000 16 759
98.010000 17 758
98.010000 18 759
98.010000 19 759
98.010000 20 758
98.010000 21 759
98.010000 22 759
98.010000 23 759
98.010000 24 549
99.010000 0 438
99.010000 1 622
99.010000 2 622
99.010000 3 622
99.010000 4 621
99.010000 5 622
99.010000 6 622
99.010000 7 622
99.010000 8 621
99.010000 9 622
99.010000 10 485
99.010000 11 483
99.010000 12 622
99.010000 13 484
99.010000 14 623
99.010000 15 622
99.010000 16 622
99.010000 17 622
99.010000 18 621
99.010000 19 622
99.010000 20 621
99.010000 21 622
99.010000 22 622
99.010000 23 622
99.010000 24 438
100.010000 0 344
100.010000 1 509
100.010000 2 509
100.010000 3 509
100.010000 4 508
100.010000 5 508
100.010000 6 508
100.010000 7 508
100.010000 8 510
100.010000 9 509
100.010000 10 408
100.010000 11 403
100.010000 12 509
100.010000 13 395
100.010000 14 509
100.010000 15 509
100.010000 16 509
100.010000 17 510
100.010000 18 510
100.010000 19 509
100.010000 20 508
100.010000 21 509
100.010000 22 509
100.010000 23 509
100.010000 24 344
101.010000 0 457
101.010000 1 662
101.010000 2 662
101.010000 3 662
101.010000 4 659
101.010000 5 663
101.010000 6 663
101.010000 7 663
101.010000 8 662
101.010000 9 662
101.010000 10 515
101.010000 11 519
101.010000 12 662
101.010000 13 519
101.010000 14 661
101.010000 15 662
101.010000 16 662
101.010000 17 661
101.010000 18 662
101.010000 19 662
101.010000 20 659
101.010000 21 662
101.010000 22 662
101.010000 23 662
101.010000 24 457
102.010000 0 583
102.010000 1 817
102.010000 2 817
102.010000 3 817
102.010000 4 818
102.010000 5 817
102.010000 6 817
102.010000 7 817
102.010000 8 817
102.010000 9 817
102.010000 10 629
102.010000 11 630
102.010000 12 817
102.010000 13 629
102.010000 14 818
102.010000 15 817
102.010000 16 817
102.010000 17 818
102.010000 18 816
102.010000 19 817
102.010000 20 818
102.010000 21 817
102.010000 22 817
102.010000 23 817
102.010000 24 583
103.010000 0 420
103.010000 1 608
103.010000 2 608
103.010000 3 608
103.010000 4 607
103.010000 5 608
103.010000 6 608
103.010000 7 608
103.010000 8 608
103.010000 9 608
103.010000 10 467
103.010000 11 479
103.010000 12 608
103.010000 13 480
103.010000 14 608
103.010000 15 608
103.010000 16 608
103.010000 17 608
103.010000 18 609
103.010000 19 608
103.010000 20 607
103.010000 21 608
103.010000 22 608
103.010000 23 608
103.010000 24 420
104.010000 0 397
104.010000 1 556
104.010000 2 556
104.010000 3 556
104.010000 4 553
104.010000 5 556
104.010000 6 556
104.010000 7 556
104.010000 8 556
104.010000 9 556
104.010000 10 446
104.010000 11 428
104.010000 12 556
104.010000 13 422
104.010000 14 556
104.010000 15 556
104.010000 16 556
104.010000 17 556
104.010000 18 556
104.010000 19 556
104.010000 20 553
104.010000 21 556
104.010000 22 556
104.010000 23 556
104.010000 24 397
105.010000 0 394
105.010000 1 581
105.010000 2 581
105.010000 3 581
105.010000 4 582
105.010000 5 581
105.010000 6 581
105.010000 7 581
105.010000 8 580
105.010000 9 581
105.010000 10 455
105.010000 11 462
105.010000 12 581
105.010000 13 456
105.010000 14 581
105.010000 15 581
105.010000 16 581
105.010000 17 581
105.010000 18 580
105.010000 19 580
105.010000 20 582
105.010000 21 581
105.010000 22 581
105.010000 23 581
105.010000 24 394
106.010000 0 439
106.010000 1 644
106.010000 2 644
106.010000 3 644
106.010000 4 642
106.010000 5 643
106.010000 6 644
106.010000 7 644
106.010000 8 645
106.010000 9 643
106.010000 10 510
106.010000 11 508
106.010000 12 643
106.010000 13 501
106.010000 14 643
106.010000 15 644
106.010000 16 644
106.010000 17 644
106.010000 18 644
106.010000 19 645
106.010000 20 642
106.010000 21 644
106.010000 22 644
106.010000 23 644
106.010000 24 439
107.010000 0 568
107.010000 1 814
107.010000 2 814
107.010000 3 814
107.010000 4 813
107.010000 5 814
107.010000 6 814
107.010000 7 814
107.010000 8 814
107.010000 9 815
107.010000 10 638
107.010000 11 634
107.010000 12 815
107.010000 13 623
107.010000 14 814
107.010000 15 814
107.010000 16 814
107.010000 17 813
107.010000 18 815
107.010000 19 814
107.010000 20 813
107.010000 21 814
107.010000 22 814
107.010000 23 814
107.010000 24 568
108.010000 0 439
108.010000 1 625
108.010000 2 625
108.010000 3 625
108.010000 4 624
108.010000 5 626
108.010000 6 625
108.010000 7 624
108.010000 8 625
108.010000 9 625
108.010000 10 489
108.010000 11 488
108.010000 12 625
108.010000 13 481
108.010000 14 626
108.010000 15 625
108.010000 16 625
108.010000 17 626
108.010000 18 625
108.010000 19 625
108.010000 20 624
108.010000 21 625
108.010000 22 624
108.010000 23 625
108.010000 24 439
109.010000 0 473
109.010000 1 680
109.010000 2 681
109.010000 3 681
109.010000 4 681
109.010000 5 681
109.010000 6 681
109.010000 7 682
109.010000 8 681
109.010000 9 681
109.010000 10 517
109.010000 11 530
109.010000 12 681
109.010000 13 544
109.010000 14 681
109.010000 15 681
109.010000 16 681
109.010000 17 681
109.010000 18 681
109.010000 19 681
109.010000 20 681
109.010000 21 681
109.010000 22 682
109.010000 23 681
109.010000 24 473
110.010000 0 474
110.010000 1 666
110.010000 2 665
110.010000 3 665
110.010000 4 664
110.010000 5 665
110.010000 6 665
110.010000 7 665
110.010000 8 665
110.010000 9 665
110.010000 10 519
110.010000 11 517
110.010000 12 664
110.010000 13 509
110.010000 14 665
110.010000 15 665
110.010000 16 665
110.010000 17 665
110.010000 18 665
110.010000 19 664
110.010000 20 664
110.010000 21 665
110.010000 22 665
110.010000 23 665
110.010000 24 474
111.010000 0 362
111.010000 1 533
111.010000 2 533
111.010000 3 533
111.010000 4 532
111.010000 5 533
111.010000 6 533
111.010000 7 533
111.010000 8 533
111.010000 9 533
111.010000 10 422
111.010000 11 420
111.010000 12 534
111.010000 13 419
111.010000 14 533
111.010000 15 533
111.010000 16 533
111.010000 17 533
111.010000 18 532
111.010000 19 533
111.010000 20 532
111.010000 21 533
111.010000 22 532
111.010000 23 533
111.010000 24 362
112.010000 0 444
112.010000 1 638
112.010000 2 638
112.010000 3 638
112.010000 4 637
112.010000 5 638
112.010000 6 638
112.010000 7 638
112.010000 8 638
112.010000 9 638
112.010000 10 498
112.010000 11 499
112.010000 12 638
112.010000 13 497
112.010000 14 637
112.010000 15 638
112.010000 16 638
112.010000 17 637
112.010000 18 639
112.010000 19 639
112.010000 20 637
112.010000 21 637
112.010000 22 639
112.010000 23 637
112.010000 24 444
113.010000 0 428
113.010000 1 632
113.010000 2 632
113.010000 3 632
113.010000 4 631
113.010000 5 632
113.010000 6 632
113.010000 7 632
113.010000 8 632
113.010000 9 632
113.010000 10 496
113.010000 11 499
113.010000 12 631
113.010000 13 495
113.010000 14 633
113.010000 15 631
113.010000 16 631
113.010000 17 633
113.010000 18 632
113.010000 19 632
113.010000 20 631
113.010000 21 633
113.010000 22 632
113.010000 23 633
113.010000 24 428
114.010000 0 435
114.010000 1 632
114.010000 2 632
114.010000 3 632
114.010000 4 631
114.010000 5 632
114.010000 6 632
114.010000 7 632
114.010000 8 632
114.010000 9 632
114.010000 10 496
114.010000 11 493
114.010000 12 632
114.010000 13 493
114.010000 14 632
114.010000 15 633
114.010000 16 633
114.010000 17 632
114.010000 18 632
114.010000 19 632
114.010000 20 631
114.010000 21 632
114.010000 22 632
114.010000 23 632
114.010000 24 435
115.010000 0 528
115.010000 1 772
115.010000 2 772
115.010000 3 772
115.010000 4 771
115.010000 5 772
115.010000 6 772
115.010000 7 771
115.010000 8 772
115.010000 9 772
115.010000 10 598
115.010000 11 609
115.010000 12 773
115.010000 13 605
115.010000 14 772
115.010000 15 772
115.010000 16 772
115.010000 17 771
115.010000 18 772
115.010000 19 772
115.010000 20 771
115.010000 21 772
115.010000 22 772
115.010000 23 772
115.010000 24 528
116.010000 0 386
116.010000 1 554
116.010000 2 553
116.010000 3 554
116.010000 4 553
116.010000 5 554
116.010000 6 554
116.010000 7 555
116.010000 8 554
116.010000 9 554
116.010000 10 438
116.010000 11 432
116.010000 12 554
116.010000 13 428
116.010000 14 554
116.010000 15 554
116.010000 16 554
116.010000 17 555
116.010000 18 554
116.010000 19 554
116.010000 20 553
116.010000 21 554
116.010000 22 554
116.010000 23 554
116.010000 24 386
117.010000 0 545
117.010000 1 750
117.010000 2 751
117.010000 3 749
117.010000 4 749
117.010000 5 750
117.010000 6 750
117.010000 7 749
117.010000 8 749
117.010000 9 750
117.010000 10 578
117.010000 11 576
117.010000 12 750
117.010000 13 576
117.010000 14 750
117.010000 15 750
117.010000 16 750
117.010000 17 750
117.010000 18 750
117.010000 19 750
117.010000 20 749
117.010000 21 750
117.010000 22 750
117.010000 23 750
117.010000 24 545
118.010000 0 412
118.010000 1 595
118.010000 2 595
118.010000 3 595
118.010000 4 593
118.010000 5 595
118.010000 6 595
118.010000 7 596
118.010000 8 596
118.010000 9 595
118.010000 10 467
118.010000 11 475
118.010000 12 594
118.010000 13 457
118.010000 14 594
118.010000 15 595
118.010000 16 595
118.010000 17 595
118.010000 18 594
118.010000 19 594
118.010000 20 593
118.010000 21 595
118.010000 22 595
118.010000 23 595
118.010000 24 412
119.010000 0 366
119.010000 1 517
119.010000 2 517
119.010000 3 518
119.010000 4 517
119.010000 5 516
119.010000 6 517
119.010000 7 516
119.010000 8 517
119.010000 9 517
119.010000 10 408
119.010000 11 399
119.010000 12 518
119.010000 13 399
119.010000 14 518
119.010000 15 517
119.010000 16 516
119.010000 17 517
119.010000 18 518
119.010000 19 518
119.010000 20 517
119.010000 21 517
119.010000 22 517
119.010000 23 516
119.010000 24 366
120.010000 0 443
120.010000 1 643
120.010000 2 643
120.010000 3 643
120.010000 4 642
120.010000 5 644
120.010000 6 643
120.010000 7 644
120.010000 8 643
120.010000 9 643
120.010000 10 502
120.010000 11 503
120.010000 12 643
120.010000 13 502
120.010000 14 643
120.010000 15 643
120.010000 16 644
120.010000 17 643
120.010000 18 643
120.010000 19 642
120.010000 20 642
120.010000 21 643
120.010000 22 642
120.010000 23 644
120.010000 24 443
121.010000 0 532
121.010000 1 714
121.010000 2 714
121.010000 3 714
121.010000 4 711
121.010000 5 714
121.010000 6 714
121.010000 7 714
121.010000 8 714
121.010000 9 714
121.010000 10 537
121.010000 11 539
121.010000 12 714
121.010000 13 559
121.010000 14 714
121.010000 15 713
121.010000 16 714
121.010000 17 714
121.010000 18 714
121.010000 19 715
121.010000 20 711
121.010000 21 713
121.010000 22 715
121.010000 23 714
121.010000 24 532
122.010000 0 409
122.010000 1 597
122.010000 2 598
122.010000 3 597
122.010000 4 599
122.010000 5 598
122.010000 6 597
122.010000 7 598
122.010000 8 598
122.010000 9 598
122.010000 10 479
122.010000 11 479
122.010000 12 597
122.010000 13 450
122.010000 14 598
122.010000 15 599
122.010000 16 598
122.010000 17 598
122.010000 18 598
122.010000 19 598
122.010000 20 599
122.010000 21 599
122.010000 22 598
122.010000 23 598
122.010000 24 409
