0.010000 0 0
0.010000 1 0
0.010000 2 0
0.010000 3 0
0.010000 4 0
0.010000 5 0
0.010000 6 0
0.010000 7 0
1.010000 0 0
1.010000 1 0
1.010000 2 0
1.010000 3 0
1.010000 4 0
1.010000 5 0
1.010000 6 0
1.010000 7 0
2.010000 0 0
2.010000 1 0
2.010000 2 0
2.010000 3 0
2.010000 4 0
2.010000 5 0
2.010000 6 0
2.010000 7 0
3.010000 0 0
3.010000 1 0
3.010000 2 0
3.010000 3 0
3.010000 4 0
3.010000 5 0
3.010000 6 0
3.010000 7 0
4.010000 0 0
4.010000 1 0
4.010000 2 0
4.010000 3 0
4.010000 4 0
4.010000 5 0
4.010000 6 0
4.010000 7 0
5.010000 0 0
5.010000 1 0
5.010000 2 0
5.010000 3 0
5.010000 4 0
5.010000 5 0
5.010000 6 0
5.010000 7 0
6.010000 0 0
6.010000 1 0
6.010000 2 0
6.010000 3 0
6.010000 4 0
6.010000 5 0
6.010000 6 0
6.010000 7 0
7.010000 0 0
7.010000 1 0
7.010000 2 0
7.010000 3 0
7.010000 4 0
7.010000 5 0
7.010000 6 0
7.010000 7 0
8.010000 0 0
8.010000 1 0
8.010000 2 0
8.010000 3 0
8.010000 4 0
8.010000 5 0
8.010000 6 0
8.010000 7 0
9.010000 0 0
9.010000 1 0
9.010000 2 0
9.010000 3 0
9.010000 4 0
9.010000 5 0
9.010000 6 0
9.010000 7 0
10.010000 0 0
10.010000 1 0
10.010000 2 0
10.010000 3 0
10.010000 4 0
10.010000 5 0
10.010000 6 0
10.010000 7 0
11.010000 0 0
11.010000 1 0
11.010000 2 0
11.010000 3 0
11.010000 4 0
11.010000 5 0
11.010000 6 0
11.010000 7 0
12.010000 0 0
12.010000 1 0
12.010000 2 0
12.010000 3 0
12.010000 4 0
12.010000 5 0
12.010000 6 0
12.010000 7 0
13.010000 0 0
13.010000 1 0
13.010000 2 0
13.010000 3 0
13.010000 4 0
13.010000 5 0
13.010000 6 0
13.010000 7 0
14.010000 0 0
14.010000 1 0
14.010000 2 0
14.010000 3 0
14.010000 4 0
14.010000 5 0
14.010000 6 0
14.010000 7 0
15.010000 0 6
15.010000 1 3
15.010000 2 7
15.010000 3 7
15.010000 4 7
15.010000 5 7
15.010000 6 5
15.010000 7 7
16.010000 0 316
16.010000 1 234
16.010000 2 277
16.010000 3 362
16.010000 4 358
16.010000 5 358
16.010000 6 318
16.010000 7 318
17.010000 0 284
17.010000 1 200
17.010000 2 247
17.010000 3 324
17.010000 4 324
17.010000 5 324
17.010000 6 280
17.010000 7 285
18.010000 0 286
18.010000 1 202
18.010000 2 245
18.010000 3 324
18.010000 4 324
18.010000 5 324
18.010000 6 279
18.010000 7 284
19.010000 0 259
19.010000 1 187
19.010000 2 221
19.010000 3 297
19.010000 4 297
19.010000 5 297
19.010000 6 262
19.010000 7 259
20.010000 0 276
20.010000 1 198
20.010000 2 236
20.010000 3 316
20.010000 4 316
20.010000 5 316
20.010000 6 278
20.010000 7 276
21.010000 0 281
21.010000 1 201
21.010000 2 243
21.010000 3 323
21.010000 4 323
21.010000 5 323
21.010000 6 284
21.010000 7 283
22.010000 0 273
22.010000 1 193
22.010000 2 233
22.010000 3 309
22.010000 4 309
22.010000 5 309
22.010000 6 266
22.010000 7 271
23.010000 0 285
23.010000 1 203
23.010000 2 245
23.010000 3 327
23.010000 4 327
23.010000 5 327
23.010000 6 288
23.010000 7 287
24.010000 0 315
24.010000 1 229
24.010000 2 267
24.010000 3 361
24.010000 4 361
24.010000 5 361
24.010000 6 320
24.010000 7 313
25.010000 0 284
25.010000 1 202
25.010000 2 244
25.010000 3 324
25.010000 4 324
25.010000 5 324
25.010000 6 282
25.010000 7 284
26.010000 0 267
26.010000 1 192
26.010000 2 231
26.010000 3 307
26.010000 4 307
26.010000 5 307
26.010000 6 269
26.010000 7 269
27.010000 0 293
27.010000 1 208
27.010000 2 249
27.010000 3 333
27.010000 4 333
27.010000 5 333
27.010000 6 291
27.010000 7 291
28.010000 0 285
28.010000 1 203
28.010000 2 246
28.010000 3 327
28.010000 4 327
28.010000 5 327
28.010000 6 287
28.010000 7 287
29.010000 0 272
29.010000 1 197
29.010000 2 233
29.010000 3 312
29.010000 4 312
29.010000 5 312
29.010000 6 274
29.010000 7 272
30.010000 0 287
30.010000 1 202
30.010000 2 245
30.010000 3 325
30.010000 4 325
30.010000 5 325
30.010000 6 281
30.010000 7 285
31.010000 0 269
31.010000 1 191
31.010000 2 231
31.010000 3 307
31.010000 4 307
31.010000 5 307
31.010000 6 268
31.010000 7 269
32.010000 0 259
32.010000 1 187
32.010000 2 221
32.010000 3 297
32.010000 4 297
32.010000 5 297
32.010000 6 262
32.010000 7 259
33.010000 0 276
33.010000 1 198
33.010000 2 236
33.010000 3 316
33.010000 4 316
33.010000 5 316
33.010000 6 278
33.010000 7 276
34.010000 0 294
34.010000 1 210
34.010000 2 252
34.010000 3 336
34.010000 4 336
34.010000 5 336
34.010000 6 294
34.010000 7 294
35.010000 0 277
35.010000 1 200
35.010000 2 239
35.010000 3 319
35.010000 4 319
35.010000 5 319
35.010000 6 281
35.010000 7 279
36.010000 0 271
36.010000 1 194
36.010000 2 229
36.010000 3 309
36.010000 4 309
36.010000 5 309
36.010000 6 273
36.010000 7 269
37.010000 0 271
37.010000 1 193
37.010000 2 234
37.010000 3 311
37.010000 4 311
37.010000 5 311
37.010000 6 273
37.010000 7 273
38.010000 0 296
38.010000 1 210
38.010000 2 253
38.010000 3 336
38.010000 4 336
38.010000 5 336
38.010000 6 290
38.010000 7 295
39.010000 0 297
39.010000 1 215
39.010000 2 253
39.010000 3 341
39.010000 4 341
39.010000 5 341
39.010000 6 303
39.010000 7 296
40.010000 0 291
40.010000 1 210
40.010000 2 251
40.010000 3 335
40.010000 4 335
40.010000 5 335
40.010000 6 295
40.010000 7 293
41.010000 0 257
41.010000 1 184
41.010000 2 217
41.010000 3 293
41.010000 4 293
41.010000 5 293
41.010000 6 259
41.010000 7 255
42.010000 0 269
42.010000 1 191
42.010000 2 231
42.010000 3 307
42.010000 4 307
42.010000 5 307
42.010000 6 267
42.010000 7 270
43.010000 0 267
43.010000 1 191
43.010000 2 229
43.010000 3 305
43.010000 4 305
43.010000 5 305
43.010000 6 267
43.010000 7 266
44.010000 0 290
44.010000 1 208
44.010000 2 248
44.010000 3 332
44.010000 4 332
44.010000 5 332
44.010000 6 292
44.010000 7 290
45.010000 0 285
45.010000 1 205
45.010000 2 243
45.010000 3 327
45.010000 4 327
45.010000 5 327
45.010000 6 289
45.010000 7 286
46.010000 0 278
46.010000 1 201
46.010000 2 240
46.010000 3 320
46.010000 4 320
46.010000 5 320
46.010000 6 282
46.010000 7 279
47.010000 0 287
47.010000 1 202
47.010000 2 245
47.010000 3 325
47.010000 4 325
47.010000 5 325
47.010000 6 281
47.010000 7 285
48.010000 0 252
48.010000 1 180
48.010000 2 216
48.010000 3 288
48.010000 4 288
48.010000 5 288
48.010000 6 252
48.010000 7 252
49.010000 0 290
49.010000 1 208
49.010000 2 248
49.010000 3 332
49.010000 4 332
49.010000 5 332
49.010000 6 292
49.010000 7 290
50.010000 0 274
50.010000 1 194
50.010000 2 236
50.010000 3 312
50.010000 4 312
50.010000 5 312
50.010000 6 270
50.010000 7 274
51.010000 0 284
51.010000 1 202
51.010000 2 244
51.010000 3 324
51.010000 4 324
51.010000 5 324
51.010000 6 282
51.010000 7 284
52.010000 0 273
52.010000 1 194
52.010000 2 237
52.010000 3 313
52.010000 4 313
52.010000 5 313
52.010000 6 273
52.010000 7 275
53.010000 0 283
53.010000 1 204
53.010000 2 239
53.010000 3 323
53.010000 4 323
53.010000 5 323
53.010000 6 285
53.010000 7 281
54.010000 0 291
54.010000 1 205
54.010000 2 251
54.010000 3 331
54.010000 4 331
54.010000 5 331
54.010000 6 285
54.010000 7 292
55.010000 0 282
55.010000 1 202
55.010000 2 243
55.010000 3 324
55.010000 4 324
55.010000 5 324
55.010000 6 286
55.010000 7 283
56.010000 0 258
56.010000 1 187
56.010000 2 221
56.010000 3 296
56.010000 4 296
56.010000 5 296
56.010000 6 260
56.010000 7 258
57.010000 0 286
57.010000 1 204
57.010000 2 241
57.010000 3 326
57.010000 4 326
57.010000 5 326
57.010000 6 288
57.010000 7 285
58.010000 0 281
58.010000 1 201
58.010000 2 241
58.010000 3 321
58.010000 4 321
58.010000 5 321
58.010000 6 281
58.010000 7 280
59.010000 0 265
59.010000 1 189
59.010000 2 227
59.010000 3 303
59.010000 4 303
59.010000 5 303
59.010000 6 265
59.010000 7 266
60.010000 0 275
60.010000 1 195
60.010000 2 237
60.010000 3 313
60.010000 4 313
60.010000 5 313
60.010000 6 271
60.010000 7 274
61.010000 0 301
61.010000 1 213
61.010000 2 259
61.010000 3 343
61.010000 4 343
61.010000 5 343
61.010000 6 298
61.010000 7 301
62.010000 0 286
62.010000 1 206
62.010000 2 244
62.010000 3 328
62.010000 4 328
62.010000 5 328
62.010000 6 289
62.010000 7 287
63.010000 0 257
63.010000 1 183
63.010000 2 221
63.010000 3 293
63.010000 4 293
63.010000 5 293
63.010000 6 255
63.010000 7 256
64.010000 0 266
64.010000 1 190
64.010000 2 228
64.010000 3 304
64.010000 4 304
64.010000 5 304
64.010000 6 266
64.010000 7 266
65.010000 0 284
65.010000 1 202
65.010000 2 244
65.010000 3 324
65.010000 4 324
65.010000 5 324
65.010000 6 282
65.010000 7 284
66.010000 0 282
66.010000 1 204
66.010000 2 240
66.010000 3 324
66.010000 4 324
66.010000 5 324
66.010000 6 288
66.010000 7 282
67.010000 0 252
67.010000 1 180
67.010000 2 216
67.010000 3 288
67.010000 4 288
67.010000 5 288
67.010000 6 252
67.010000 7 252
68.010000 0 292
68.010000 1 209
68.010000 2 249
68.010000 3 334
68.010000 4 334
68.010000 5 334
68.010000 6 294
68.010000 7 292
69.010000 0 313
69.010000 1 227
69.010000 2 268
69.010000 3 361
69.010000 4 361
69.010000 5 361
69.010000 6 321
69.010000 7 315
70.010000 0 279
70.010000 1 198
70.010000 2 237
70.010000 3 317
70.010000 4 317
70.010000 5 317
70.010000 6 277
70.010000 7 277
71.010000 0 268
71.010000 1 191
71.010000 2 229
71.010000 3 306
71.010000 4 306
71.010000 5 306
71.010000 6 268
71.010000 7 268
72.010000 0 294
72.010000 1 210
72.010000 2 252
72.010000 3 336
72.010000 4 336
72.010000 5 336
72.010000 6 294
72.010000 7 294
73.010000 0 261
73.010000 1 185
73.010000 2 226
73.010000 3 299
73.010000 4 299
73.010000 5 299
73.010000 6 261
73.010000 7 263
74.010000 0 272
74.010000 1 192
74.010000 2 233
74.010000 3 308
74.010000 4 308
74.010000 5 308
74.010000 6 265
74.010000 7 270
75.010000 0 286
75.010000 1 201
75.010000 2 249
75.010000 3 326
75.010000 4 326
75.010000 5 326
75.010000 6 280
75.010000 7 288
76.010000 0 296
76.010000 1 214
76.010000 2 251
76.010000 3 340
76.010000 4 340
76.010000 5 340
76.010000 6 303
76.010000 7 296
77.010000 0 274
77.010000 1 193
77.010000 2 234
77.010000 3 310
77.010000 4 310
77.010000 5 310
77.010000 6 266
77.010000 7 273
78.010000 0 276
78.010000 1 196
78.010000 2 239
78.010000 3 316
78.010000 4 316
78.010000 5 316
78.010000 6 276
78.010000 7 277
79.010000 0 271
79.010000 1 195
79.010000 2 230
79.010000 3 309
79.010000 4 309
79.010000 5 309
79.010000 6 271
79.010000 7 269
80.010000 0 284
80.010000 1 202
80.010000 2 244
80.010000 3 324
80.010000 4 324
80.010000 5 324
80.010000 6 282
80.010000 7 284
81.010000 0 281
81.010000 1 202
81.010000 2 243
81.010000 3 323
81.010000 4 323
81.010000 5 323
81.010000 6 283
81.010000 7 283
82.010000 0 308
82.010000 1 221
82.010000 2 260
82.010000 3 352
82.010000 4 352
82.010000 5 352
82.010000 6 312
82.010000 7 307
83.010000 0 287
83.010000 1 205
83.010000 2 249
83.010000 3 329
83.010000 4 329
83.010000 5 329
83.010000 6 287
83.010000 7 288
84.010000 0 274
84.010000 1 196
84.010000 2 232
84.010000 3 312
84.010000 4 312
84.010000 5 312
84.010000 6 274
84.010000 7 272
85.010000 0 274
85.010000 1 194
85.010000 2 236
85.010000 3 312
85.010000 4 312
85.010000 5 312
85.010000 6 270
85.010000 7 274
86.010000 0 300
86.010000 1 216
86.010000 2 256
86.010000 3 344
86.010000 4 344
86.010000 5 344
86.010000 6 304
86.010000 7 300
87.010000 0 279
87.010000 1 199
87.010000 2 239
87.010000 3 319
87.010000 4 319
87.010000 5 319
87.010000 6 279
87.010000 7 280
88.010000 0 263
88.010000 1 189
88.010000 2 225
88.010000 3 301
88.010000 4 301
88.010000 5 301
88.010000 6 265
88.010000 7 262
89.010000 0 297
89.010000 1 216
89.010000 2 255
89.010000 3 343
89.010000 4 343
89.010000 5 343
89.010000 6 305
89.010000 7 299
90.010000 0 279
90.010000 1 198
90.010000 2 237
90.010000 3 317
90.010000 4 317
90.010000 5 317
90.010000 6 277
90.010000 7 277
91.010000 0 292
91.010000 1 206
91.010000 2 252
91.010000 3 332
91.010000 4 332
91.010000 5 332
91.010000 6 286
91.010000 7 292
92.010000 0 255
92.010000 1 181
92.010000 2 219
92.010000 3 291
92.010000 4 291
92.010000 5 291
92.010000 6 253
92.010000 7 256
93.010000 0 303
93.010000 1 215
93.010000 2 261
93.010000 3 345
93.010000 4 345
93.010000 5 345
93.010000 6 299
93.010000 7 302
94.010000 0 305
94.010000 1 220
94.010000 2 263
94.010000 3 351
94.010000 4 351
94.010000 5 351
94.010000 6 309
94.010000 7 307
95.010000 0 294
95.010000 1 211
95.010000 2 248
95.010000 3 336
95.010000 4 336
95.010000 5 336
95.010000 6 298
95.010000 7 293
96.010000 0 298
96.010000 1 212
96.010000 2 256
96.010000 3 340
96.010000 4 340
96.010000 5 340
96.010000 6 297
96.010000 7 297
97.010000 0 263
97.010000 1 190
97.010000 2 226
97.010000 3 303
97.010000 4 303
97.010000 5 303
97.010000 6 268
97.010000 7 265
98.010000 0 250
98.010000 1 175
98.010000 2 215
98.010000 3 282
98.010000 4 282
98.010000 5 282
98.010000 6 240
98.010000 7 248
99.010000 0 292
99.010000 1 210
99.010000 2 252
99.010000 3 336
99.010000 4 336
99.010000 5 336
99.010000 6 296
99.010000 7 294
100.010000 0 270
100.010000 1 194
100.010000 2 228
100.010000 3 308
100.010000 4 308
100.010000 5 308
100.010000 6 272
100.010000 7 268
101.010000 0 266
101.010000 1 190
101.010000 2 228
101.010000 3 304
101.010000 4 304
101.010000 5 304
101.010000 6 266
101.010000 7 266
102.010000 0 285
102.010000 1 203
102.010000 2 246
102.010000 3 327
102.010000 4 327
102.010000 5 327
102.010000 6 287
102.010000 7 287
103.010000 0 267
103.010000 1 193
103.010000 2 226
103.010000 3 305
103.010000 4 305
103.010000 5 305
103.010000 6 269
103.010000 7 265
104.010000 0 297
104.010000 1 213
104.010000 2 256
104.010000 3 341
104.010000 4 341
104.010000 5 341
104.010000 6 299
104.010000 7 299
105.010000 0 247
105.010000 1 176
105.010000 2 209
105.010000 3 281
105.010000 4 281
105.010000 5 281
105.010000 6 247
105.010000 7 245
106.010000 0 304
106.010000 1 218
106.010000 2 260
106.010000 3 348
106.010000 4 348
106.010000 5 348
106.010000 6 306
106.010000 7 304
107.010000 0 280
107.010000 1 200
107.010000 2 240
107.010000 3 320
107.010000 4 320
107.010000 5 320
107.010000 6 280
107.010000 7 280
108.010000 0 313
108.010000 1 227
108.010000 2 268
108.010000 3 361
108.010000 4 361
108.010000 5 361
108.010000 6 321
108.010000 7 315
109.010000 0 275
109.010000 1 196
109.010000 2 233
109.010000 3 313
109.010000 4 313
109.010000 5 313
109.010000 6 275
109.010000 7 273
110.010000 0 269
110.010000 1 189
110.010000 2 234
110.010000 3 307
110.010000 4 307
110.010000 5 307
110.010000 6 265
110.010000 7 271
111.010000 0 289
111.010000 1 207
111.010000 2 246
111.010000 3 329
111.010000 4 329
111.010000 5 329
111.010000 6 287
111.010000 7 287
112.010000 0 248
112.010000 1 178
112.010000 2 212
112.010000 3 284
112.010000 4 284
112.010000 5 284
112.010000 6 250
112.010000 7 248
113.010000 0 293
113.010000 1 210
113.010000 2 253
113.010000 3 337
113.010000 4 337
113.010000 5 337
113.010000 6 297
113.010000 7 295
114.010000 0 281
114.010000 1 200
114.010000 2 239
114.010000 3 319
114.010000 4 319
114.010000 5 319
114.010000 6 277
114.010000 7 279
115.010000 0 304
115.010000 1 215
115.010000 2 261
115.010000 3 346
115.010000 4 346
115.010000 5 346
115.010000 6 300
115.010000 7 304
116.010000 0 281
116.010000 1 200
116.010000 2 240
116.010000 3 321
116.010000 4 321
116.010000 5 321
116.010000 6 282
116.010000 7 281
117.010000 0 271
117.010000 1 193
117.010000 2 233
117.010000 3 309
117.010000 4 309
117.010000 5 309
117.010000 6 268
117.010000 7 271
118.010000 0 271
118.010000 1 195
118.010000 2 231
118.010000 3 311
118.010000 4 311
118.010000 5 311
118.010000 6 276
118.010000 7 271
119.010000 0 291
119.010000 1 209
119.010000 2 249
119.010000 3 333
119.010000 4 333
119.010000 5 333
119.010000 6 292
119.010000 7 291
120.010000 0 272
120.010000 1 196
120.010000 2 232
120.010000 3 312
120.010000 4 312
120.010000 5 312
120.010000 6 276
120.010000 7 272
121.010000 0 267
121.010000 1 190
121.010000 2 228
121.010000 3 305
121.010000 4 305
121.010000 5 305
121.010000 6 267
121.010000 7 268
122.010000 0 256
122.010000 1 182
122.010000 2 220
122.010000 3 292
122.010000 4 292
122.010000 5 292
122.010000 6 255
122.010000 7 255
123.010000 0 253
123.010000 1 181
123.010000 2 217
123.010000 3 289
123.010000 4 289
123.010000 5 289
123.010000 6 252
123.010000 7 253
124.010000 0 280
124.010000 1 200
124.010000 2 240
124.010000 3 320
124.010000 4 320
124.010000 5 320
124.010000 6 280
124.010000 7 280
125.010000 0 261
125.010000 1 185
125.010000 2 226
125.010000 3 298
125.010000 4 298
125.010000 5 298
125.010000 6 258
125.010000 7 262
126.010000 0 271
126.010000 1 195
126.010000 2 230
126.010000 3 310
126.010000 4 310
126.010000 5 310
126.010000 6 274
126.010000 7 270
127.010000 0 288
127.010000 1 204
127.010000 2 248
127.010000 3 328
127.010000 4 328
127.010000 5 328
127.010000 6 284
127.010000 7 288
128.010000 0 284
128.010000 1 202
128.010000 2 244
128.010000 3 324
128.010000 4 324
128.010000 5 324
128.010000 6 282
128.010000 7 284
129.010000 0 295
129.010000 1 213
129.010000 2 251
129.010000 3 339
129.010000 4 339
129.010000 5 339
129.010000 6 301
129.010000 7 296
130.010000 0 261
130.010000 1 185
130.010000 2 225
130.010000 3 297
130.010000 4 297
130.010000 5 297
130.010000 6 257
130.010000 7 260
131.010000 0 280
131.010000 1 200
131.010000 2 240
131.010000 3 320
131.010000 4 320
131.010000 5 320
131.010000 6 280
131.010000 7 280
132.010000 0 289
132.010000 1 207
132.010000 2 247
132.010000 3 331
132.010000 4 331
132.010000 5 331
132.010000 6 291
132.010000 7 290
133.010000 0 288
133.010000 1 204
133.010000 2 248
133.010000 3 328
133.010000 4 328
133.010000 5 328
133.010000 6 285
133.010000 7 287
134.010000 0 290
134.010000 1 208
134.010000 2 248
134.010000 3 332
134.010000 4 332
134.010000 5 332
134.010000 6 291
134.010000 7 291
135.010000 0 266
135.010000 1 189
135.010000 2 232
135.010000 3 304
135.010000 4 304
135.010000 5 304
135.010000 6 262
135.010000 7 267
136.010000 0 267
136.010000 1 192
136.010000 2 225
136.010000 3 305
136.010000 4 305
136.010000 5 305
136.010000 6 271
136.010000 7 265
137.010000 0 278
137.010000 1 196
137.010000 2 240
137.010000 3 316
137.010000 4 316
137.010000 5 316
137.010000 6 272
137.010000 7 278
138.010000 0 271
138.010000 1 193
138.010000 2 235
138.010000 3 311
138.010000 4 311
138.010000 5 311
138.010000 6 272
138.010000 7 273
139.010000 0 291
139.010000 1 211
139.010000 2 245
139.010000 3 333
139.010000 4 333
139.010000 5 333
139.010000 6 296
139.010000 7 289
140.010000 0 293
140.010000 1 207
140.010000 2 254
140.010000 3 335
140.010000 4 335
140.010000 5 335
140.010000 6 291
140.010000 7 295
141.010000 0 266
141.010000 1 191
141.010000 2 229
141.010000 3 304
141.010000 4 304
141.010000 5 304
141.010000 6 264
141.010000 7 266
142.010000 0 284
142.010000 1 197
142.010000 2 244
142.010000 3 320
142.010000 4 320
142.010000 5 320
142.010000 6 272
142.010000 7 283
143.010000 0 266
143.010000 1 188
143.010000 2 231
143.010000 3 304
143.010000 4 304
143.010000 5 304
143.010000 6 264
143.010000 7 267
144.010000 0 280
144.010000 1 201
144.010000 2 241
144.010000 3 320
144.010000 4 320
144.010000 5 320
144.010000 6 278
144.010000 7 280
145.010000 0 265
145.010000 1 188
145.010000 2 225
145.010000 3 301
145.010000 4 301
145.010000 5 301
145.010000 6 263
145.010000 7 263
146.010000 0 277
146.010000 1 199
146.010000 2 238
146.010000 3 319
146.010000 4 319
146.010000 5 319
146.010000 6 283
146.010000 7 279
147.010000 0 268
147.010000 1 190
147.010000 2 229
147.010000 3 304
147.010000 4 304
147.010000 5 304
147.010000 6 263
147.010000 7 266
148.010000 0 273
148.010000 1 197
148.010000 2 233
148.010000 3 313
148.010000 4 313
148.010000 5 313
148.010000 6 276
148.010000 7 273
149.010000 0 295
149.010000 1 211
149.010000 2 254
149.010000 3 339
149.010000 4 339
149.010000 5 339
149.010000 6 299
149.010000 7 297
