0.010000 0 0
0.010000 1 0
0.010000 2 0
0.010000 3 0
0.010000 4 0
0.010000 5 0
0.010000 6 0
0.010000 7 0
0.010000 8 0
0.010000 9 0
0.010000 10 0
0.010000 11 0
0.010000 12 0
0.010000 13 0
0.010000 14 0
1.010000 0 0
1.010000 1 0
1.010000 2 0
1.010000 3 0
1.010000 4 0
1.010000 5 0
1.010000 6 0
1.010000 7 0
1.010000 8 0
1.010000 9 0
1.010000 10 0
1.010000 11 0
1.010000 12 0
1.010000 13 0
1.010000 14 0
2.010000 0 0
2.010000 1 0
2.010000 2 0
2.010000 3 0
2.010000 4 0
2.010000 5 0
2.010000 6 0
2.010000 7 0
2.010000 8 0
2.010000 9 0
2.010000 10 0
2.010000 11 0
2.010000 12 0
2.010000 13 0
2.010000 14 0
3.010000 0 0
3.010000 1 0
3.010000 2 0
3.010000 3 0
3.010000 4 0
3.010000 5 0
3.010000 6 0
3.010000 7 0
3.010000 8 0
3.010000 9 0
3.010000 10 0
3.010000 11 0
3.010000 12 0
3.010000 13 0
3.010000 14 0
4.010000 0 0
4.010000 1 0
4.010000 2 0
4.010000 3 0
4.010000 4 0
4.010000 5 0
4.010000 6 0
4.010000 7 0
4.010000 8 0
4.010000 9 0
4.010000 10 0
4.010000 11 0
4.010000 12 0
4.010000 13 0
4.010000 14 0
5.010000 0 0
5.010000 1 0
5.010000 2 0
5.010000 3 0
5.010000 4 0
5.010000 5 0
5.010000 6 0
5.010000 7 0
5.010000 8 0
5.010000 9 0
5.010000 10 0
5.010000 11 0
5.010000 12 0
5.010000 13 0
5.010000 14 0
6.010000 0 0
6.010000 1 0
6.010000 2 0
6.010000 3 0
6.010000 4 0
6.010000 5 0
6.010000 6 0
6.010000 7 0
6.010000 8 0
6.010000 9 0
6.010000 10 0
6.010000 11 0
6.010000 12 0
6.010000 13 0
6.010000 14 0
7.010000 0 0
7.010000 1 0
7.010000 2 0
7.010000 3 0
7.010000 4 0
7.010000 5 0
7.010000 6 0
7.010000 7 0
7.010000 8 0
7.010000 9 0
7.010000 10 0
7.010000 11 0
7.010000 12 0
7.010000 13 0
7.010000 14 0
8.010000 0 0
8.010000 1 0
8.010000 2 0
8.010000 3 0
8.010000 4 0
8.010000 5 0
8.010000 6 0
8.010000 7 0
8.010000 8 0
8.010000 9 0
8.010000 10 0
8.010000 11 0
8.010000 12 0
8.010000 13 0
8.010000 14 0
9.010000 0 0
9.010000 1 0
9.010000 2 0
9.010000 3 0
9.010000 4 0
9.010000 5 0
9.010000 6 0
9.010000 7 0
9.010000 8 0
9.010000 9 0
9.010000 10 0
9.010000 11 0
9.010000 12 0
9.010000 13 0
9.010000 14 0
10.010000 0 0
10.010000 1 0
10.010000 2 0
10.010000 3 0
10.010000 4 0
10.010000 5 0
10.010000 6 0
10.010000 7 0
10.010000 8 0
10.010000 9 0
10.010000 10 0
10.010000 11 0
10.010000 12 0
10.010000 13 0
10.010000 14 0
11.010000 0 0
11.010000 1 0
11.010000 2 0
11.010000 3 0
11.010000 4 0
11.010000 5 0
11.010000 6 0
11.010000 7 0
11.010000 8 0
11.010000 9 0
11.010000 10 0
11.010000 11 0
11.010000 12 0
11.010000 13 0
11.010000 14 0
12.010000 0 0
12.010000 1 0
12.010000 2 0
12.010000 3 0
12.010000 4 0
12.010000 5 0
12.010000 6 0
12.010000 7 0
12.010000 8 0
12.010000 9 0
12.010000 10 0
12.010000 11 0
12.010000 12 0
12.010000 13 0
12.010000 14 0
13.010000 0 0
13.010000 1 0
13.010000 2 0
13.010000 3 0
13.010000 4 0
13.010000 5 0
13.010000 6 0
13.010000 7 0
13.010000 8 0
13.010000 9 0
13.010000 10 0
13.010000 11 0
13.010000 12 0
13.010000 13 0
13.010000 14 0
14.010000 0 0
14.010000 1 0
14.010000 2 0
14.010000 3 0
14.010000 4 0
14.010000 5 0
14.010000 6 0
14.010000 7 0
14.010000 8 0
14.010000 9 0
14.010000 10 0
14.010000 11 0
14.010000 12 0
14.010000 13 0
14.010000 14 0
15.010000 0 0
15.010000 1 1
15.010000 2 1
15.010000 3 1
15.010000 4 1
15.010000 5 1
15.010000 6 1
15.010000 7 1
15.010000 8 1
15.010000 9 1
15.010000 10 1
15.010000 11 1
15.010000 12 1
15.010000 13 1
15.010000 14 0
16.010000 0 772
16.010000 1 928
16.010000 2 923
16.010000 3 928
16.010000 4 928
16.010000 5 928
16.010000 6 629
16.010000 7 642
16.010000 8 928
16.010000 9 924
16.010000 10 920
16.010000 11 923
16.010000 12 923
16.010000 13 775
16.010000 14 772
17.010000 0 807
17.010000 1 968
17.010000 2 968
17.010000 3 968
17.010000 4 968
17.010000 5 968
17.010000 6 642
17.010000 7 644
17.010000 8 968
17.010000 9 968
17.010000 10 968
17.010000 11 968
17.010000 12 968
17.010000 13 811
17.010000 14 807
18.010000 0 808
18.010000 1 978
18.010000 2 978
18.010000 3 978
18.010000 4 978
18.010000 5 978
18.010000 6 651
18.010000 7 659
18.010000 8 978
18.010000 9 978
18.010000 10 978
18.010000 11 978
18.010000 12 978
18.010000 13 816
18.010000 14 808
19.010000 0 825
19.010000 1 985
19.010000 2 985
19.010000 3 985
19.010000 4 985
19.010000 5 985
19.010000 6 662
19.010000 7 652
19.010000 8 985
19.010000 9 985
19.010000 10 985
19.010000 11 985
19.010000 12 985
19.010000 13 816
19.010000 14 825
20.010000 0 789
20.010000 1 948
20.010000 2 948
20.010000 3 948
20.010000 4 948
20.010000 5 948
20.010000 6 630
20.010000 7 634
20.010000 8 948
20.010000 9 948
20.010000 10 948
20.010000 11 948
20.010000 12 948
20.010000 13 791
20.010000 14 789
21.010000 0 794
21.010000 1 964
21.010000 2 964
21.010000 3 964
21.010000 4 964
21.010000 5 964
21.010000 6 645
21.010000 7 650
21.010000 8 964
21.010000 9 964
21.010000 10 964
21.010000 11 964
21.010000 12 964
21.010000 13 803
21.010000 14 794
22.010000 0 811
22.010000 1 968
22.010000 2 968
22.010000 3 968
22.010000 4 968
22.010000 5 968
22.010000 6 642
22.010000 7 641
22.010000 8 968
22.010000 9 968
22.010000 10 968
22.010000 11 968
22.010000 12 968
22.010000 13 810
22.010000 14 811
23.010000 0 799
23.010000 1 961
23.010000 2 961
23.010000 3 961
23.010000 4 961
23.010000 5 961
23.010000 6 638
23.010000 7 642
23.010000 8 961
23.010000 9 961
23.010000 10 961
23.010000 11 961
23.010000 12 961
23.010000 13 804
23.010000 14 799
24.010000 0 814
24.010000 1 975
24.010000 2 975
24.010000 3 975
24.010000 4 975
24.010000 5 975
24.010000 6 651
24.010000 7 650
24.010000 8 975
24.010000 9 975
24.010000 10 975
24.010000 11 975
24.010000 12 975
24.010000 13 810
24.010000 14 814
25.010000 0 826
25.010000 1 985
25.010000 2 985
25.010000 3 985
25.010000 4 985
25.010000 5 985
25.010000 6 659
25.010000 7 651
25.010000 8 985
25.010000 9 985
25.010000 10 985
25.010000 11 985
25.010000 12 985
25.010000 13 819
25.010000 14 826
26.010000 0 814
26.010000 1 985
26.010000 2 985
26.010000 3 985
26.010000 4 985
26.010000 5 985
26.010000 6 653
26.010000 7 663
26.010000 8 985
26.010000 9 985
26.010000 10 985
26.010000 11 985
26.010000 12 985
26.010000 13 825
26.010000 14 814
27.010000 0 805
27.010000 1 961
27.010000 2 961
27.010000 3 961
27.010000 4 961
27.010000 5 961
27.010000 6 653
27.010000 7 636
27.010000 8 961
27.010000 9 961
27.010000 10 961
27.010000 11 961
27.010000 12 961
27.010000 13 789
27.010000 14 805
28.010000 0 808
28.010000 1 975
28.010000 2 975
28.010000 3 975
28.010000 4 975
28.010000 5 975
28.010000 6 643
28.010000 7 654
28.010000 8 975
28.010000 9 975
28.010000 10 975
28.010000 11 975
28.010000 12 975
28.010000 13 820
28.010000 14 808
29.010000 0 799
29.010000 1 958
29.010000 2 958
29.010000 3 958
29.010000 4 958
29.010000 5 958
29.010000 6 638
29.010000 7 639
29.010000 8 958
29.010000 9 958
29.010000 10 958
29.010000 11 958
29.010000 12 958
29.010000 13 798
29.010000 14 799
30.010000 0 807
30.010000 1 971
30.010000 2 971
30.010000 3 971
30.010000 4 971
30.010000 5 971
30.010000 6 648
30.010000 7 649
30.010000 8 971
30.010000 9 971
30.010000 10 971
30.010000 11 971
30.010000 12 971
30.010000 13 809
30.010000 14 807
31.010000 0 802
31.010000 1 959
31.010000 2 959
31.010000 3 959
31.010000 4 959
31.010000 5 959
31.010000 6 643
31.010000 7 636
31.010000 8 959
31.010000 9 959
31.010000 10 959
31.010000 11 959
31.010000 12 959
31.010000 13 796
31.010000 14 802
32.010000 0 811
32.010000 1 971
32.010000 2 971
32.010000 3 971
32.010000 4 971
32.010000 5 971
32.010000 6 647
32.010000 7 646
32.010000 8 971
32.010000 9 971
32.010000 10 971
32.010000 11 971
32.010000 12 971
32.010000 13 809
32.010000 14 811
33.010000 0 828
33.010000 1 985
33.010000 2 985
33.010000 3 985
33.010000 4 985
33.010000 5 985
33.010000 6 662
33.010000 7 649
33.010000 8 985
33.010000 9 985
33.010000 10 985
33.010000 11 985
33.010000 12 985
33.010000 13 816
33.010000 14 828
34.010000 0 805
34.010000 1 978
34.010000 2 978
34.010000 3 978
34.010000 4 978
34.010000 5 978
34.010000 6 641
34.010000 7 662
34.010000 8 978
34.010000 9 978
34.010000 10 978
34.010000 11 978
34.010000 12 978
34.010000 13 826
34.010000 14 805
35.010000 0 810
35.010000 1 970
35.010000 2 970
35.010000 3 970
35.010000 4 970
35.010000 5 970
35.010000 6 651
35.010000 7 645
35.010000 8 970
35.010000 9 970
35.010000 10 970
35.010000 11 970
35.010000 12 970
35.010000 13 804
35.010000 14 810
36.010000 0 806
36.010000 1 965
36.010000 2 965
36.010000 3 965
36.010000 4 965
36.010000 5 965
36.010000 6 642
36.010000 7 643
36.010000 8 965
36.010000 9 965
36.010000 10 965
36.010000 11 965
36.010000 12 965
36.010000 13 804
36.010000 14 806
37.010000 0 817
37.010000 1 986
37.010000 2 986
37.010000 3 986
37.010000 4 986
37.010000 5 986
37.010000 6 654
37.010000 7 661
37.010000 8 986
37.010000 9 986
37.010000 10 986
37.010000 11 986
37.010000 12 986
37.010000 13 826
37.010000 14 817
38.010000 0 814
38.010000 1 969
38.010000 2 969
38.010000 3 969
38.010000 4 969
38.010000 5 969
38.010000 6 650
38.010000 7 640
38.010000 8 969
38.010000 9 969
38.010000 10 969
38.010000 11 969
38.010000 12 969
38.010000 13 803
38.010000 14 814
39.010000 0 790
39.010000 1 951
39.010000 2 951
39.010000 3 951
39.010000 4 951
39.010000 5 951
39.010000 6 640
39.010000 7 635
39.010000 8 951
39.010000 9 951
39.010000 10 951
39.010000 11 951
39.010000 12 951
39.010000 13 788
39.010000 14 790
40.010000 0 832
40.010000 1 1003
40.010000 2 1003
40.010000 3 1003
40.010000 4 1003
40.010000 5 1003
40.010000 6 662
40.010000 7 674
40.010000 8 1003
40.010000 9 1003
40.010000 10 1003
40.010000 11 1003
40.010000 12 1003
40.010000 13 841
40.010000 14 832
41.010000 0 820
41.010000 1 971
41.010000 2 971
41.010000 3 971
41.010000 4 971
41.010000 5 971
41.010000 6 656
41.010000 7 636
41.010000 8 971
41.010000 9 971
41.010000 10 971
41.010000 11 971
41.010000 12 971
41.010000 13 801
41.010000 14 820
42.010000 0 811
42.010000 1 978
42.010000 2 978
42.010000 3 978
42.010000 4 978
42.010000 5 978
42.010000 6 649
42.010000 7 655
42.010000 8 978
42.010000 9 978
42.010000 10 978
42.010000 11 978
42.010000 12 978
42.010000 13 819
42.010000 14 811
43.010000 0 778
43.010000 1 948
43.010000 2 948
43.010000 3 948
43.010000 4 948
43.010000 5 948
43.010000 6 620
43.010000 7 644
43.010000 8 948
43.010000 9 948
43.010000 10 948
43.010000 11 948
43.010000 12 948
43.010000 13 802
43.010000 14 778
44.010000 0 826
44.010000 1 984
44.010000 2 984
44.010000 3 984
44.010000 4 984
44.010000 5 984
44.010000 6 663
44.010000 7 650
44.010000 8 984
44.010000 9 984
44.010000 10 984
44.010000 11 984
44.010000 12 984
44.010000 13 813
44.010000 14 826
45.010000 0 820
45.010000 1 985
45.010000 2 985
45.010000 3 985
45.010000 4 985
45.010000 5 985
45.010000 6 658
45.010000 7 656
45.010000 8 985
45.010000 9 985
45.010000 10 985
45.010000 11 985
45.010000 12 985
45.010000 13 821
45.010000 14 820
46.010000 0 801
46.010000 1 952
46.010000 2 952
46.010000 3 952
46.010000 4 952
46.010000 5 952
46.010000 6 638
46.010000 7 628
46.010000 8 952
46.010000 9 952
46.010000 10 952
46.010000 11 952
46.010000 12 952
46.010000 13 789
46.010000 14 801
47.010000 0 795
47.010000 1 961
47.010000 2 961
47.010000 3 961
47.010000 4 961
47.010000 5 961
47.010000 6 642
47.010000 7 643
47.010000 8 961
47.010000 9 961
47.010000 10 961
47.010000 11 961
47.010000 12 961
47.010000 13 803
47.010000 14 795
48.010000 0 811
48.010000 1 980
48.010000 2 980
48.010000 3 980
48.010000 4 980
48.010000 5 980
48.010000 6 650
48.010000 7 660
48.010000 8 980
48.010000 9 980
48.010000 10 980
48.010000 11 980
48.010000 12 980
48.010000 13 819
48.010000 14 811
49.010000 0 813
49.010000 1 979
49.010000 2 979
49.010000 3 979
49.010000 4 979
49.010000 5 979
49.010000 6 656
49.010000 7 654
49.010000 8 979
49.010000 9 979
49.010000 10 979
49.010000 11 979
49.010000 12 979
49.010000 13 814
49.010000 14 813
50.010000 0 832
50.010000 1 1000
50.010000 2 1000
50.010000 3 1000
50.010000 4 1000
50.010000 5 1000
50.010000 6 662
50.010000 7 668
50.010000 8 1000
50.010000 9 1000
50.010000 10 1000
50.010000 11 1000
50.010000 12 1000
50.010000 13 838
50.010000 14 832
51.010000 0 783
51.010000 1 943
51.010000 2 943
51.010000 3 943
51.010000 4 943
51.010000 5 943
51.010000 6 633
51.010000 7 630
51.010000 8 943
51.010000 9 943
51.010000 10 943
51.010000 11 943
51.010000 12 943
51.010000 13 783
51.010000 14 783
52.010000 0 823
52.010000 1 979
52.010000 2 979
52.010000 3 979
52.010000 4 979
52.010000 5 979
52.010000 6 656
52.010000 7 646
52.010000 8 979
52.010000 9 979
52.010000 10 979
52.010000 11 979
52.010000 12 979
52.010000 13 812
52.010000 14 823
53.010000 0 808
53.010000 1 979
53.010000 2 979
53.010000 3 979
53.010000 4 979
53.010000 5 979
53.010000 6 647
53.010000 7 659
53.010000 8 979
53.010000 9 979
53.010000 10 979
53.010000 11 979
53.010000 12 979
53.010000 13 823
53.010000 14 808
54.010000 0 824
54.010000 1 992
54.010000 2 992
54.010000 3 992
54.010000 4 992
54.010000 5 992
54.010000 6 661
54.010000 7 663
54.010000 8 992
54.010000 9 992
54.010000 10 992
54.010000 11 992
54.010000 12 992
54.010000 13 828
54.010000 14 824
55.010000 0 784
55.010000 1 951
55.010000 2 951
55.010000 3 951
55.010000 4 951
55.010000 5 951
55.010000 6 628
55.010000 7 642
55.010000 8 951
55.010000 9 951
55.010000 10 951
55.010000 11 951
55.010000 12 951
55.010000 13 799
55.010000 14 784
56.010000 0 798
56.010000 1 953
56.010000 2 953
56.010000 3 953
56.010000 4 953
56.010000 5 953
56.010000 6 639
56.010000 7 633
56.010000 8 953
56.010000 9 953
56.010000 10 953
56.010000 11 953
56.010000 12 953
56.010000 13 789
56.010000 14 798
57.010000 0 809
57.010000 1 979
57.010000 2 979
57.010000 3 979
57.010000 4 979
57.010000 5 979
57.010000 6 654
57.010000 7 658
57.010000 8 979
57.010000 9 979
57.010000 10 979
57.010000 11 979
57.010000 12 979
57.010000 13 816
57.010000 14 809
58.010000 0 806
58.010000 1 965
58.010000 2 965
58.010000 3 965
58.010000 4 965
58.010000 5 965
58.010000 6 641
58.010000 7 641
58.010000 8 965
58.010000 9 965
58.010000 10 965
58.010000 11 965
58.010000 12 965
58.010000 13 807
58.010000 14 806
59.010000 0 821
59.010000 1 992
59.010000 2 992
59.010000 3 992
59.010000 4 992
59.010000 5 992
59.010000 6 660
59.010000 7 666
59.010000 8 992
59.010000 9 992
59.010000 10 992
59.010000 11 992
59.010000 12 992
59.010000 13 829
59.010000 14 821
60.010000 0 837
60.010000 1 1001
60.010000 2 1001
60.010000 3 1001
60.010000 4 1001
60.010000 5 1001
60.010000 6 674
60.010000 7 663
60.010000 8 1001
60.010000 9 1001
60.010000 10 1001
60.010000 11 1001
60.010000 12 1001
60.010000 13 829
60.010000 14 837
61.010000 0 799
61.010000 1 968
61.010000 2 968
61.010000 3 968
61.010000 4 968
61.010000 5 968
61.010000 6 640
61.010000 7 653
61.010000 8 968
61.010000 9 968
61.010000 10 968
61.010000 11 968
61.010000 12 968
61.010000 13 812
61.010000 14 799
62.010000 0 781
62.010000 1 934
62.010000 2 934
62.010000 3 934
62.010000 4 934
62.010000 5 934
62.010000 6 623
62.010000 7 620
62.010000 8 934
62.010000 9 934
62.010000 10 934
62.010000 11 934
62.010000 12 934
62.010000 13 778
62.010000 14 781
63.010000 0 823
63.010000 1 979
63.010000 2 979
63.010000 3 979
63.010000 4 979
63.010000 5 979
63.010000 6 661
63.010000 7 646
63.010000 8 979
63.010000 9 979
63.010000 10 979
63.010000 11 979
63.010000 12 979
63.010000 13 807
63.010000 14 823
64.010000 0 820
64.010000 1 998
64.010000 2 998
64.010000 3 998
64.010000 4 998
64.010000 5 998
64.010000 6 660
64.010000 7 675
64.010000 8 998
64.010000 9 998
64.010000 10 998
64.010000 11 998
64.010000 12 998
64.010000 13 839
64.010000 14 820
65.010000 0 796
65.010000 1 950
65.010000 2 950
65.010000 3 950
65.010000 4 950
65.010000 5 950
65.010000 6 640
65.010000 7 629
65.010000 8 950
65.010000 9 950
65.010000 10 950
65.010000 11 950
65.010000 12 950
65.010000 13 785
65.010000 14 796
66.010000 0 801
66.010000 1 964
66.010000 2 964
66.010000 3 964
66.010000 4 964
66.010000 5 964
66.010000 6 637
66.010000 7 646
66.010000 8 964
66.010000 9 964
66.010000 10 964
66.010000 11 964
66.010000 12 964
66.010000 13 808
66.010000 14 801
67.010000 0 828
67.010000 1 995
67.010000 2 995
67.010000 3 995
67.010000 4 995
67.010000 5 995
67.010000 6 659
67.010000 7 665
67.010000 8 995
67.010000 9 995
67.010000 10 995
67.010000 11 995
67.010000 12 995
67.010000 13 833
67.010000 14 828
68.010000 0 809
68.010000 1 959
68.010000 2 959
68.010000 3 959
68.010000 4 959
68.010000 5 959
68.010000 6 652
68.010000 7 628
68.010000 8 959
68.010000 9 959
68.010000 10 959
68.010000 11 959
68.010000 12 959
68.010000 13 788
68.010000 14 809
69.010000 0 827
69.010000 1 998
69.010000 2 998
69.010000 3 998
69.010000 4 998
69.010000 5 998
69.010000 6 661
69.010000 7 671
69.010000 8 998
69.010000 9 998
69.010000 10 998
69.010000 11 998
69.010000 12 998
69.010000 13 835
69.010000 14 827
70.010000 0 778
70.010000 1 938
70.010000 2 938
70.010000 3 938
70.010000 4 938
70.010000 5 938
70.010000 6 621
70.010000 7 630
70.010000 8 938
70.010000 9 938
70.010000 10 938
70.010000 11 938
70.010000 12 938
70.010000 13 785
70.010000 14 778
71.010000 0 830
71.010000 1 991
71.010000 2 991
71.010000 3 991
71.010000 4 991
71.010000 5 991
71.010000 6 665
71.010000 7 656
71.010000 8 991
71.010000 9 991
71.010000 10 991
71.010000 11 991
71.010000 12 991
71.010000 13 822
71.010000 14 830
72.010000 0 804
72.010000 1 968
72.010000 2 968
72.010000 3 968
72.010000 4 968
72.010000 5 968
72.010000 6 640
72.010000 7 648
72.010000 8 968
72.010000 9 968
72.010000 10 968
72.010000 11 968
72.010000 12 968
72.010000 13 812
72.010000 14 804
73.010000 0 808
73.010000 1 962
73.010000 2 962
73.010000 3 962
73.010000 4 962
73.010000 5 962
73.010000 6 653
73.010000 7 635
73.010000 8 962
73.010000 9 962
73.010000 10 962
73.010000 11 962
73.010000 12 962
73.010000 13 790
73.010000 14 808
74.010000 0 841
74.010000 1 991
74.010000 2 991
74.010000 3 991
74.010000 4 991
74.010000 5 991
74.010000 6 668
74.010000 7 646
74.010000 8 991
74.010000 9 991
74.010000 10 991
74.010000 11 991
74.010000 12 991
74.010000 13 818
74.010000 14 841
75.010000 0 816
75.010000 1 989
75.010000 2 989
75.010000 3 989
75.010000 4 989
75.010000 5 989
75.010000 6 652
75.010000 7 667
75.010000 8 989
75.010000 9 989
75.010000 10 989
75.010000 11 989
75.010000 12 989
75.010000 13 832
75.010000 14 816
76.010000 0 799
76.010000 1 966
76.010000 2 966
76.010000 3 966
76.010000 4 966
76.010000 5 966
76.010000 6 641
76.010000 7 651
76.010000 8 966
76.010000 9 966
76.010000 10 966
76.010000 11 966
76.010000 12 966
76.010000 13 807
76.010000 14 799
77.010000 0 808
77.010000 1 984
77.010000 2 984
77.010000 3 984
77.010000 4 984
77.010000 5 984
77.010000 6 644
77.010000 7 668
77.010000 8 984
77.010000 9 984
77.010000 10 984
77.010000 11 984
77.010000 12 984
77.010000 13 832
77.010000 14 808
78.010000 0 816
78.010000 1 973
78.010000 2 973
78.010000 3 973
78.010000 4 973
78.010000 5 973
78.010000 6 658
78.010000 7 642
78.010000 8 973
78.010000 9 973
78.010000 10 973
78.010000 11 973
78.010000 12 973
78.010000 13 803
78.010000 14 816
79.010000 0 797
79.010000 1 960
79.010000 2 960
79.010000 3 960
79.010000 4 960
79.010000 5 960
79.010000 6 634
79.010000 7 644
79.010000 8 960
79.010000 9 960
79.010000 10 960
79.010000 11 960
79.010000 12 960
79.010000 13 805
79.010000 14 797
80.010000 0 819
80.010000 1 980
80.010000 2 980
80.010000 3 980
80.010000 4 980
80.010000 5 980
80.010000 6 655
80.010000 7 651
80.010000 8 980
80.010000 9 980
80.010000 10 980
80.010000 11 980
80.010000 12 980
80.010000 13 815
80.010000 14 819
81.010000 0 787
81.010000 1 950
81.010000 2 950
81.010000 3 950
81.010000 4 950
81.010000 5 950
81.010000 6 630
81.010000 7 637
81.010000 8 950
81.010000 9 950
81.010000 10 950
81.010000 11 950
81.010000 12 950
81.010000 13 796
81.010000 14 787
82.010000 0 811
82.010000 1 969
82.010000 2 969
82.010000 3 969
82.010000 4 969
82.010000 5 969
82.010000 6 650
82.010000 7 643
82.010000 8 969
82.010000 9 969
82.010000 10 969
82.010000 11 969
82.010000 12 969
82.010000 13 803
82.010000 14 811
83.010000 0 836
83.010000 1 1003
83.010000 2 1003
83.010000 3 1003
83.010000 4 1003
83.010000 5 1003
83.010000 6 675
83.010000 7 669
83.010000 8 1003
83.010000 9 1003
83.010000 10 1003
83.010000 11 1003
83.010000 12 1003
83.010000 13 829
83.010000 14 836
84.010000 0 827
84.010000 1 990
84.010000 2 990
84.010000 3 990
84.010000 4 990
84.010000 5 990
84.010000 6 661
84.010000 7 656
84.010000 8 990
84.010000 9 990
84.010000 10 990
84.010000 11 990
84.010000 12 990
84.010000 13 826
84.010000 14 827
85.010000 0 791
85.010000 1 948
85.010000 2 948
85.010000 3 948
85.010000 4 948
85.010000 5 948
85.010000 6 636
85.010000 7 631
85.010000 8 948
85.010000 9 948
85.010000 10 948
85.010000 11 948
85.010000 12 948
85.010000 13 786
85.010000 14 791
86.010000 0 805
86.010000 1 970
86.010000 2 970
86.010000 3 970
86.010000 4 970
86.010000 5 970
86.010000 6 641
86.010000 7 650
86.010000 8 970
86.010000 9 970
86.010000 10 970
86.010000 11 970
86.010000 12 970
86.010000 13 814
86.010000 14 805
87.010000 0 822
87.010000 1 992
87.010000 2 992
87.010000 3 992
87.010000 4 992
87.010000 5 992
87.010000 6 661
87.010000 7 667
87.010000 8 992
87.010000 9 992
87.010000 10 992
87.010000 11 992
87.010000 12 992
87.010000 13 826
87.010000 14 822
88.010000 0 804
88.010000 1 962
88.010000 2 962
88.010000 3 962
88.010000 4 962
88.010000 5 962
88.010000 6 642
88.010000 7 639
88.010000 8 962
88.010000 9 962
88.010000 10 962
88.010000 11 962
88.010000 12 962
88.010000 13 801
88.010000 14 804
89.010000 0 803
89.010000 1 959
89.010000 2 959
89.010000 3 959
89.010000 4 959
89.010000 5 959
89.010000 6 641
89.010000 7 635
89.010000 8 959
89.010000 9 959
89.010000 10 959
89.010000 11 959
89.010000 12 959
89.010000 13 798
89.010000 14 803
90.010000 0 803
90.010000 1 968
90.010000 2 968
90.010000 3 968
90.010000 4 968
90.010000 5 968
90.010000 6 646
90.010000 7 649
90.010000 8 968
90.010000 9 968
90.010000 10 968
90.010000 11 968
90.010000 12 968
90.010000 13 806
90.010000 14 803
91.010000 0 812
91.010000 1 973
91.010000 2 973
91.010000 3 973
91.010000 4 973
91.010000 5 973
91.010000 6 650
91.010000 7 648
91.010000 8 973
91.010000 9 973
91.010000 10 973
91.010000 11 973
91.010000 12 973
91.010000 13 809
91.010000 14 812
92.010000 0 807
92.010000 1 966
92.010000 2 966
92.010000 3 966
92.010000 4 966
92.010000 5 966
92.010000 6 638
92.010000 7 641
92.010000 8 966
92.010000 9 966
92.010000 10 966
92.010000 11 966
92.010000 12 966
92.010000 13 812
92.010000 14 807
93.010000 0 817
93.010000 1 979
93.010000 2 979
93.010000 3 979
93.010000 4 979
93.010000 5 979
93.010000 6 660
93.010000 7 652
93.010000 8 979
93.010000 9 979
93.010000 10 979
93.010000 11 979
93.010000 12 979
93.010000 13 808
93.010000 14 817
94.010000 0 812
94.010000 1 977
94.010000 2 977
94.010000 3 977
94.010000 4 977
94.010000 5 977
94.010000 6 654
94.010000 7 653
94.010000 8 977
94.010000 9 977
94.010000 10 977
94.010000 11 977
94.010000 12 977
94.010000 13 812
94.010000 14 812
95.010000 0 836
95.010000 1 1002
95.010000 2 1002
95.010000 3 1002
95.010000 4 1002
95.010000 5 1002
95.010000 6 666
95.010000 7 668
95.010000 8 1002
95.010000 9 1002
95.010000 10 1002
95.010000 11 1002
95.010000 12 1002
95.010000 13 836
95.010000 14 836
96.010000 0 806
96.010000 1 973
96.010000 2 973
96.010000 3 973
96.010000 4 973
96.010000 5 973
96.010000 6 649
96.010000 7 652
96.010000 8 973
96.010000 9 973
96.010000 10 973
96.010000 11 973
96.010000 12 973
96.010000 13 812
96.010000 14 806
97.010000 0 799
97.010000 1 963
97.010000 2 963
97.010000 3 963
97.010000 4 963
97.010000 5 963
97.010000 6 636
97.010000 7 644
97.010000 8 963
97.010000 9 963
97.010000 10 963
97.010000 11 963
97.010000 12 963
97.010000 13 810
97.010000 14 799
98.010000 0 814
98.010000 1 968
98.010000 2 968
98.010000 3 968
98.010000 4 968
98.010000 5 968
98.010000 6 652
98.010000 7 639
98.010000 8 968
98.010000 9 968
98.010000 10 968
98.010000 11 968
98.010000 12 968
98.010000 13 799
98.010000 14 814
99.010000 0 804
99.010000 1 966
99.010000 2 966
99.010000 3 966
99.010000 4 966
99.010000 5 966
99.010000 6 651
99.010000 7 645
99.010000 8 966
99.010000 9 966
99.010000 10 966
99.010000 11 966
99.010000 12 966
99.010000 13 798
99.010000 14 804
100.010000 0 816
100.010000 1 977
100.010000 2 977
100.010000 3 977
100.010000 4 977
100.010000 5 977
100.010000 6 648
100.010000 7 650
100.010000 8 977
100.010000 9 977
100.010000 10 977
100.010000 11 977
100.010000 12 977
100.010000 13 817
100.010000 14 816
101.010000 0 812
101.010000 1 970
101.010000 2 970
101.010000 3 970
101.010000 4 970
101.010000 5 970
101.010000 6 652
101.010000 7 643
101.010000 8 970
101.010000 9 970
101.010000 10 970
101.010000 11 970
101.010000 12 970
101.010000 13 803
101.010000 14 812
102.010000 0 822
102.010000 1 986
102.010000 2 986
102.010000 3 986
102.010000 4 986
102.010000 5 986
102.010000 6 650
102.010000 7 658
102.010000 8 986
102.010000 9 986
102.010000 10 986
102.010000 11 986
102.010000 12 986
102.010000 13 828
102.010000 14 822
103.010000 0 808
103.010000 1 965
103.010000 2 965
103.010000 3 965
103.010000 4 965
103.010000 5 965
103.010000 6 648
103.010000 7 640
103.010000 8 965
103.010000 9 965
103.010000 10 965
103.010000 11 965
103.010000 12 965
103.010000 13 799
103.010000 14 808
104.010000 0 803
104.010000 1 982
104.010000 2 982
104.010000 3 982
104.010000 4 982
104.010000 5 982
104.010000 6 642
104.010000 7 670
104.010000 8 982
104.010000 9 982
104.010000 10 982
104.010000 11 982
104.010000 12 982
104.010000 13 831
104.010000 14 803
105.010000 0 814
105.010000 1 970
105.010000 2 970
105.010000 3 970
105.010000 4 970
105.010000 5 970
105.010000 6 652
105.010000 7 641
105.010000 8 970
105.010000 9 970
105.010000 10 970
105.010000 11 970
105.010000 12 970
105.010000 13 803
105.010000 14 814
106.010000 0 828
106.010000 1 991
106.010000 2 991
106.010000 3 991
106.010000 4 991
106.010000 5 991
106.010000 6 662
106.010000 7 659
106.010000 8 991
106.010000 9 991
106.010000 10 991
106.010000 11 991
106.010000 12 991
106.010000 13 824
106.010000 14 828
107.010000 0 783
107.010000 1 940
107.010000 2 940
107.010000 3 940
107.010000 4 940
107.010000 5 940
107.010000 6 629
107.010000 7 626
107.010000 8 940
107.010000 9 940
107.010000 10 940
107.010000 11 940
107.010000 12 940
107.010000 13 782
107.010000 14 783
108.010000 0 812
108.010000 1 976
108.010000 2 976
108.010000 3 976
108.010000 4 976
108.010000 5 976
108.010000 6 646
108.010000 7 653
108.010000 8 976
108.010000 9 976
108.010000 10 976
108.010000 11 976
108.010000 12 976
108.010000 13 817
108.010000 14 812
109.010000 0 783
109.010000 1 945
109.010000 2 945
109.010000 3 945
109.010000 4 945
109.010000 5 945
109.010000 6 623
109.010000 7 634
109.010000 8 945
109.010000 9 945
109.010000 10 945
109.010000 11 945
109.010000 12 945
109.010000 13 795
109.010000 14 783
110.010000 0 829
110.010000 1 991
110.010000 2 991
110.010000 3 991
110.010000 4 991
110.010000 5 991
110.010000 6 664
110.010000 7 659
110.010000 8 991
110.010000 9 991
110.010000 10 991
110.010000 11 991
110.010000 12 991
110.010000 13 821
110.010000 14 829
111.010000 0 807
111.010000 1 964
111.010000 2 964
111.010000 3 964
111.010000 4 964
111.010000 5 964
111.010000 6 652
111.010000 7 638
111.010000 8 964
111.010000 9 964
111.010000 10 964
111.010000 11 964
111.010000 12 964
111.010000 13 795
111.010000 14 807
112.010000 0 831
112.010000 1 1000
112.010000 2 1000
112.010000 3 1000
112.010000 4 1000
112.010000 5 1000
112.010000 6 663
112.010000 7 670
112.010000 8 1000
112.010000 9 1000
112.010000 10 1000
112.010000 11 1000
112.010000 12 1000
112.010000 13 836
112.010000 14 831
113.010000 0 793
113.010000 1 949
113.010000 2 949
113.010000 3 949
113.010000 4 949
113.010000 5 949
113.010000 6 636
113.010000 7 629
113.010000 8 949
113.010000 9 949
113.010000 10 949
113.010000 11 949
113.010000 12 949
113.010000 13 789
113.010000 14 793
114.010000 0 818
114.010000 1 986
114.010000 2 986
114.010000 3 986
114.010000 4 986
114.010000 5 986
114.010000 6 656
114.010000 7 662
114.010000 8 986
114.010000 9 986
114.010000 10 986
114.010000 11 986
114.010000 12 986
114.010000 13 822
114.010000 14 818
115.010000 0 826
115.010000 1 985
115.010000 2 985
115.010000 3 985
115.010000 4 985
115.010000 5 985
115.010000 6 660
115.010000 7 650
115.010000 8 985
115.010000 9 985
115.010000 10 985
115.010000 11 985
115.010000 12 985
115.010000 13 819
115.010000 14 826
116.010000 0 813
116.010000 1 994
116.010000 2 994
116.010000 3 994
116.010000 4 994
116.010000 5 994
116.010000 6 658
116.010000 7 676
116.010000 8 994
116.010000 9 994
116.010000 10 994
116.010000 11 994
116.010000 12 994
116.010000 13 835
116.010000 14 813
117.010000 0 808
117.010000 1 960
117.010000 2 960
117.010000 3 960
117.010000 4 960
117.010000 5 960
117.010000 6 646
117.010000 7 631
117.010000 8 960
117.010000 9 960
117.010000 10 960
117.010000 11 960
117.010000 12 960
117.010000 13 795
117.010000 14 808
118.010000 0 810
118.010000 1 976
118.010000 2 976
118.010000 3 976
118.010000 4 976
118.010000 5 976
118.010000 6 651
118.010000 7 653
118.010000 8 976
118.010000 9 976
118.010000 10 976
118.010000 11 976
118.010000 12 976
118.010000 13 814
118.010000 14 810
119.010000 0 782
119.010000 1 950
119.010000 2 950
119.010000 3 950
119.010000 4 950
119.010000 5 950
119.010000 6 625
119.010000 7 643
119.010000 8 950
119.010000 9 950
119.010000 10 950
119.010000 11 950
119.010000 12 950
119.010000 13 800
119.010000 14 782
120.010000 0 801
120.010000 1 957
120.010000 2 957
120.010000 3 957
120.010000 4 957
120.010000 5 957
120.010000 6 642
120.010000 7 635
120.010000 8 957
120.010000 9 957
120.010000 10 957
120.010000 11 957
120.010000 12 957
120.010000 13 793
120.010000 14 801
121.010000 0 848
121.010000 1 1008
121.010000 2 1008
121.010000 3 1008
121.010000 4 1008
121.010000 5 1008
121.010000 6 680
121.010000 7 664
121.010000 8 1008
121.010000 9 1008
121.010000 10 1008
121.010000 11 1008
121.010000 12 1008
121.010000 13 832
121.010000 14 848
122.010000 0 796
122.010000 1 955
122.010000 2 955
122.010000 3 955
122.010000 4 955
122.010000 5 955
122.010000 6 642
122.010000 7 636
122.010000 8 955
122.010000 9 955
122.010000 10 955
122.010000 11 955
122.010000 12 955
122.010000 13 791
122.010000 14 796
123.010000 0 825
123.010000 1 995
123.010000 2 995
123.010000 3 995
123.010000 4 995
123.010000 5 995
123.010000 6 662
123.010000 7 667
123.010000 8 995
123.010000 9 995
123.010000 10 995
123.010000 11 995
123.010000 12 995
123.010000 13 831
123.010000 14 825
124.010000 0 812
124.010000 1 974
124.010000 2 974
124.010000 3 974
124.010000 4 974
124.010000 5 974
124.010000 6 647
124.010000 7 649
124.010000 8 974
124.010000 9 974
124.010000 10 974
124.010000 11 974
124.010000 12 974
124.010000 13 814
124.010000 14 812
125.010000 0 814
125.010000 1 981
125.010000 2 981
125.010000 3 981
125.010000 4 981
125.010000 5 981
125.010000 6 652
125.010000 7 658
125.010000 8 981
125.010000 9 981
125.010000 10 981
125.010000 11 981
125.010000 12 981
125.010000 13 819
125.010000 14 814
126.010000 0 800
126.010000 1 960
126.010000 2 960
126.010000 3 960
126.010000 4 960
126.010000 5 960
126.010000 6 640
126.010000 7 640
126.010000 8 960
126.010000 9 960
126.010000 10 960
126.010000 11 960
126.010000 12 960
126.010000 13 800
126.010000 14 800
127.010000 0 822
127.010000 1 982
127.010000 2 982
127.010000 3 982
127.010000 4 982
127.010000 5 982
127.010000 6 657
127.010000 7 651
127.010000 8 982
127.010000 9 982
127.010000 10 982
127.010000 11 982
127.010000 12 982
127.010000 13 816
127.010000 14 822
128.010000 0 782
128.010000 1 941
128.010000 2 941
128.010000 3 941
128.010000 4 941
128.010000 5 941
128.010000 6 629
128.010000 7 629
128.010000 8 941
128.010000 9 941
128.010000 10 941
128.010000 11 941
128.010000 12 941
128.010000 13 783
128.010000 14 782
129.010000 0 805
129.010000 1 965
129.010000 2 965
129.010000 3 965
129.010000 4 965
129.010000 5 965
129.010000 6 642
129.010000 7 643
129.010000 8 965
129.010000 9 965
129.010000 10 965
129.010000 11 965
129.010000 12 965
129.010000 13 805
129.010000 14 805
130.010000 0 825
130.010000 1 988
130.010000 2 988
130.010000 3 988
130.010000 4 988
130.010000 5 988
130.010000 6 667
130.010000 7 657
130.010000 8 988
130.010000 9 988
130.010000 10 988
130.010000 11 988
130.010000 12 988
130.010000 13 815
130.010000 14 825
131.010000 0 825
131.010000 1 1002
131.010000 2 1002
131.010000 3 1002
131.010000 4 1002
131.010000 5 1002
131.010000 6 655
131.010000 7 678
131.010000 8 1002
131.010000 9 1002
131.010000 10 1002
131.010000 11 1002
131.010000 12 1002
131.010000 13 848
131.010000 14 825
132.010000 0 807
132.010000 1 966
132.010000 2 966
132.010000 3 966
132.010000 4 966
132.010000 5 966
132.010000 6 648
132.010000 7 641
132.010000 8 966
132.010000 9 966
132.010000 10 966
132.010000 11 966
132.010000 12 966
132.010000 13 802
132.010000 14 807
133.010000 0 824
133.010000 1 987
133.010000 2 987
133.010000 3 987
133.010000 4 987
133.010000 5 987
133.010000 6 662
133.010000 7 656
133.010000 8 987
133.010000 9 987
133.010000 10 987
133.010000 11 987
133.010000 12 987
133.010000 13 819
133.010000 14 824
134.010000 0 819
134.010000 1 983
134.010000 2 983
134.010000 3 983
134.010000 4 983
134.010000 5 983
134.010000 6 660
134.010000 7 653
134.010000 8 983
134.010000 9 983
134.010000 10 983
134.010000 11 983
134.010000 12 983
134.010000 13 817
134.010000 14 819
135.010000 0 807
135.010000 1 980
135.010000 2 980
135.010000 3 980
135.010000 4 980
135.010000 5 980
135.010000 6 647
135.010000 7 661
135.010000 8 980
135.010000 9 980
135.010000 10 980
135.010000 11 980
135.010000 12 980
135.010000 13 825
135.010000 14 807
136.010000 0 809
136.010000 1 974
136.010000 2 974
136.010000 3 974
136.010000 4 974
136.010000 5 974
136.010000 6 650
136.010000 7 652
136.010000 8 974
136.010000 9 974
136.010000 10 974
136.010000 11 974
136.010000 12 974
136.010000 13 811
136.010000 14 809
137.010000 0 800
137.010000 1 950
137.010000 2 950
137.010000 3 950
137.010000 4 950
137.010000 5 950
137.010000 6 642
137.010000 7 624
137.010000 8 950
137.010000 9 950
137.010000 10 950
137.010000 11 950
137.010000 12 950
137.010000 13 784
137.010000 14 800
138.010000 0 805
138.010000 1 975
138.010000 2 975
138.010000 3 975
138.010000 4 975
138.010000 5 975
138.010000 6 643
138.010000 7 657
138.010000 8 975
138.010000 9 975
138.010000 10 975
138.010000 11 975
138.010000 12 975
138.010000 13 820
138.010000 14 805
139.010000 0 822
139.010000 1 979
139.010000 2 979
139.010000 3 979
139.010000 4 979
139.010000 5 979
139.010000 6 656
139.010000 7 646
139.010000 8 979
139.010000 9 979
139.010000 10 979
139.010000 11 979
139.010000 12 979
139.010000 13 813
139.010000 14 822
140.010000 0 794
140.010000 1 974
140.010000 2 974
140.010000 3 974
140.010000 4 974
140.010000 5 974
140.010000 6 640
140.010000 7 667
140.010000 8 974
140.010000 9 974
140.010000 10 974
140.010000 11 974
140.010000 12 974
140.010000 13 821
140.010000 14 794
141.010000 0 817
141.010000 1 968
141.010000 2 968
141.010000 3 968
141.010000 4 968
141.010000 5 968
141.010000 6 651
141.010000 7 634
141.010000 8 968
141.010000 9 968
141.010000 10 968
141.010000 11 968
141.010000 12 968
141.010000 13 802
141.010000 14 817
142.010000 0 799
142.010000 1 967
142.010000 2 967
142.010000 3 967
142.010000 4 967
142.010000 5 967
142.010000 6 639
142.010000 7 649
142.010000 8 967
142.010000 9 967
142.010000 10 967
142.010000 11 967
142.010000 12 967
142.010000 13 814
142.010000 14 799
143.010000 0 802
143.010000 1 962
143.010000 2 962
143.010000 3 962
143.010000 4 962
143.010000 5 962
143.010000 6 646
143.010000 7 640
143.010000 8 962
143.010000 9 962
143.010000 10 962
143.010000 11 962
143.010000 12 962
143.010000 13 798
143.010000 14 802
144.010000 0 828
144.010000 1 1006
144.010000 2 1006
144.010000 3 1006
144.010000 4 1006
144.010000 5 1006
144.010000 6 668
144.010000 7 681
144.010000 8 1006
144.010000 9 1006
144.010000 10 1006
144.010000 11 1006
144.010000 12 1006
144.010000 13 841
144.010000 14 828
145.010000 0 799
145.010000 1 948
145.010000 2 948
145.010000 3 948
145.010000 4 948
145.010000 5 948
145.010000 6 636
145.010000 7 623
145.010000 8 948
145.010000 9 948
145.010000 10 948
145.010000 11 948
145.010000 12 948
145.010000 13 786
145.010000 14 799
146.010000 0 839
146.010000 1 996
146.010000 2 996
146.010000 3 996
146.010000 4 996
146.010000 5 996
146.010000 6 666
146.010000 7 656
146.010000 8 996
146.010000 9 996
146.010000 10 996
146.010000 11 996
146.010000 12 996
146.010000 13 827
146.010000 14 839
147.010000 0 777
147.010000 1 952
147.010000 2 952
147.010000 3 952
147.010000 4 952
147.010000 5 952
147.010000 6 620
147.010000 7 651
147.010000 8 952
147.010000 9 952
147.010000 10 952
147.010000 11 952
147.010000 12 952
147.010000 13 808
147.010000 14 777
148.010000 0 801
148.010000 1 959
148.010000 2 959
148.010000 3 959
148.010000 4 959
148.010000 5 959
148.010000 6 645
148.010000 7 636
148.010000 8 959
148.010000 9 959
148.010000 10 959
148.010000 11 959
148.010000 12 959
148.010000 13 795
148.010000 14 801
149.010000 0 841
149.010000 1 991
149.010000 2 991
149.010000 3 991
149.010000 4 991
149.010000 5 991
149.010000 6 673
149.010000 7 646
149.010000 8 991
149.010000 9 991
149.010000 10 991
149.010000 11 991
149.010000 12 991
149.010000 13 813
149.010000 14 841
