0.010000 0 11
0.010000 1 20
0.010000 2 18
0.010000 3 15
0.010000 4 20
0.010000 5 20
0.010000 6 17
0.010000 7 19
0.010000 8 20
0.010000 9 18
0.010000 10 20
0.010000 11 11
0.010000 12 20
1.010000 0 354
1.010000 1 342
1.010000 2 339
1.010000 3 352
1.010000 4 343
1.010000 5 344
1.010000 6 357
1.010000 7 326
1.010000 8 349
1.010000 9 339
1.010000 10 360
1.010000 11 354
1.010000 12 344
2.010000 0 239
2.010000 1 256
2.010000 2 257
2.010000 3 254
2.010000 4 247
2.010000 5 269
2.010000 6 246
2.010000 7 247
2.010000 8 259
2.010000 9 257
2.010000 10 265
2.010000 11 239
2.010000 12 261
3.010000 0 274
3.010000 1 281
3.010000 2 277
3.010000 3 284
3.010000 4 271
3.010000 5 279
3.010000 6 285
3.010000 7 271
3.010000 8 268
3.010000 9 277
3.010000 10 288
3.010000 11 274
3.010000 12 282
4.010000 0 250
4.010000 1 256
4.010000 2 255
4.010000 3 260
4.010000 4 248
4.010000 5 256
4.010000 6 259
4.010000 7 247
4.010000 8 256
4.010000 9 255
4.010000 10 263
4.010000 11 250
4.010000 12 260
5.010000 0 231
5.010000 1 235
5.010000 2 236
5.010000 3 240
5.010000 4 229
5.010000 5 235
5.010000 6 249
5.010000 7 229
5.010000 8 234
5.010000 9 236
5.010000 10 243
5.010000 11 231
5.010000 12 239
6.010000 0 245
6.010000 1 252
6.010000 2 250
6.010000 3 256
6.010000 4 245
6.010000 5 253
6.010000 6 255
6.010000 7 242
6.010000 8 265
6.010000 9 250
6.010000 10 251
6.010000 11 245
6.010000 12 256
7.010000 0 254
7.010000 1 259
7.010000 2 261
7.010000 3 264
7.010000 4 251
7.010000 5 258
7.010000 6 264
7.010000 7 251
7.010000 8 258
7.010000 9 261
7.010000 10 275
7.010000 11 254
7.010000 12 255
8.010000 0 271
8.010000 1 279
8.010000 2 276
8.010000 3 282
8.010000 4 269
8.010000 5 279
8.010000 6 281
8.010000 7 268
8.010000 8 279
8.010000 9 276
8.010000 10 276
8.010000 11 271
8.010000 12 280
9.010000 0 237
9.010000 1 240
9.010000 2 242
9.010000 3 244
9.010000 4 233
9.010000 5 241
9.010000 6 244
9.010000 7 235
9.010000 8 241
9.010000 9 242
9.010000 10 257
9.010000 11 237
9.010000 12 246
10.010000 0 266
10.010000 1 273
10.010000 2 269
10.010000 3 276
10.010000 4 265
10.010000 5 272
10.010000 6 276
10.010000 7 263
10.010000 8 273
10.010000 9 269
10.010000 10 272
10.010000 11 266
10.010000 12 275
11.010000 0 263
11.010000 1 274
11.010000 2 276
11.010000 3 277
11.010000 4 266
11.010000 5 276
11.010000 6 279
11.010000 7 268
11.010000 8 276
11.010000 9 276
11.010000 10 285
11.010000 11 263
11.010000 12 280
12.010000 0 288
12.010000 1 285
12.010000 2 282
12.010000 3 293
12.010000 4 279
12.010000 5 287
12.010000 6 293
12.010000 7 266
12.010000 8 287
12.010000 9 282
12.010000 10 306
12.010000 11 288
12.010000 12 294
13.010000 0 254
13.010000 1 259
13.010000 2 259
13.010000 3 263
13.010000 4 251
13.010000 5 259
13.010000 6 264
13.010000 7 251
13.010000 8 259
13.010000 9 259
13.010000 10 268
13.010000 11 254
13.010000 12 263
14.010000 0 233
14.010000 1 241
14.010000 2 247
14.010000 3 242
14.010000 4 233
14.010000 5 241
14.010000 6 242
14.010000 7 230
14.010000 8 241
14.010000 9 247
14.010000 10 247
14.010000 11 233
14.010000 12 243
15.010000 0 245
15.010000 1 256
15.010000 2 247
15.010000 3 260
15.010000 4 248
15.010000 5 252
15.010000 6 260
15.010000 7 260
15.010000 8 251
15.010000 9 247
15.010000 10 262
15.010000 11 245
15.010000 12 249
16.010000 0 697
16.010000 1 616
16.010000 2 789
16.010000 3 783
16.010000 4 774
16.010000 5 788
16.010000 6 790
16.010000 7 589
16.010000 8 790
16.010000 9 789
16.010000 10 704
16.010000 11 697
16.010000 12 800
17.010000 0 671
17.010000 1 565
17.010000 2 763
17.010000 3 765
17.010000 4 754
17.010000 5 764
17.010000 6 766
17.010000 7 568
17.010000 8 758
17.010000 9 763
17.010000 10 686
17.010000 11 671
17.010000 12 770
18.010000 0 685
18.010000 1 594
18.010000 2 792
18.010000 3 805
18.010000 4 802
18.010000 5 797
18.010000 6 800
18.010000 7 596
18.010000 8 794
18.010000 9 792
18.010000 10 711
18.010000 11 685
18.010000 12 804
19.010000 0 738
19.010000 1 645
19.010000 2 842
19.010000 3 854
19.010000 4 829
19.010000 5 835
19.010000 6 855
19.010000 7 621
19.010000 8 839
19.010000 9 842
19.010000 10 755
19.010000 11 738
19.010000 12 837
20.010000 0 701
20.010000 1 625
20.010000 2 826
20.010000 3 819
20.010000 4 806
20.010000 5 817
20.010000 6 804
20.010000 7 609
20.010000 8 820
20.010000 9 826
20.010000 10 730
20.010000 11 701
20.010000 12 823
21.010000 0 709
21.010000 1 610
21.010000 2 825
21.010000 3 819
21.010000 4 812
21.010000 5 816
21.010000 6 824
21.010000 7 591
21.010000 8 817
21.010000 9 825
21.010000 10 716
21.010000 11 709
21.010000 12 821
22.010000 0 685
22.010000 1 599
22.010000 2 797
22.010000 3 798
22.010000 4 782
22.010000 5 795
22.010000 6 797
22.010000 7 597
22.010000 8 802
22.010000 9 797
22.010000 10 694
22.010000 11 685
22.010000 12 804
23.010000 0 828
23.010000 1 740
23.010000 2 901
23.010000 3 948
23.010000 4 933
23.010000 5 933
23.010000 6 945
23.010000 7 734
23.010000 8 931
23.010000 9 901
23.010000 10 852
23.010000 11 828
23.010000 12 945
24.010000 0 654
24.010000 1 570
24.010000 2 756
24.010000 3 765
24.010000 4 759
24.010000 5 752
24.010000 6 768
24.010000 7 553
24.010000 8 755
24.010000 9 756
24.010000 10 671
24.010000 11 654
24.010000 12 757
25.010000 0 684
25.010000 1 598
25.010000 2 794
25.010000 3 786
25.010000 4 783
25.010000 5 788
25.010000 6 792
25.010000 7 588
25.010000 8 788
25.010000 9 794
25.010000 10 698
25.010000 11 684
25.010000 12 791
26.010000 0 791
26.010000 1 697
26.010000 2 888
26.010000 3 916
26.010000 4 892
26.010000 5 903
26.010000 6 903
26.010000 7 695
26.010000 8 908
26.010000 9 888
26.010000 10 821
26.010000 11 791
26.010000 12 916
27.010000 0 709
27.010000 1 624
27.010000 2 816
27.010000 3 827
27.010000 4 815
27.010000 5 827
27.010000 6 824
27.010000 7 627
27.010000 8 820
27.010000 9 816
27.010000 10 727
27.010000 11 709
27.010000 12 824
28.010000 0 696
28.010000 1 613
28.010000 2 793
28.010000 3 798
28.010000 4 783
28.010000 5 788
28.010000 6 799
28.010000 7 606
28.010000 8 803
28.010000 9 793
28.010000 10 712
28.010000 11 696
28.010000 12 799
29.010000 0 736
29.010000 1 649
29.010000 2 839
29.010000 3 849
29.010000 4 841
29.010000 5 844
29.010000 6 849
29.010000 7 650
29.010000 8 849
29.010000 9 839
29.010000 10 754
29.010000 11 736
29.010000 12 840
30.010000 0 704
30.010000 1 623
30.010000 2 810
30.010000 3 821
30.010000 4 805
30.010000 5 816
30.010000 6 821
30.010000 7 638
30.010000 8 797
30.010000 9 810
30.010000 10 746
30.010000 11 704
30.010000 12 819
31.010000 0 765
31.010000 1 675
31.010000 2 863
31.010000 3 862
31.010000 4 853
31.010000 5 864
31.010000 6 865
31.010000 7 637
31.010000 8 860
31.010000 9 863
31.010000 10 759
31.010000 11 765
31.010000 12 867
32.010000 0 692
32.010000 1 614
32.010000 2 797
32.010000 3 810
32.010000 4 801
32.010000 5 815
32.010000 6 806
32.010000 7 611
32.010000 8 812
32.010000 9 797
32.010000 10 711
32.010000 11 692
32.010000 12 821
33.010000 0 719
33.010000 1 622
33.010000 2 829
33.010000 3 835
33.010000 4 832
33.010000 5 820
33.010000 6 839
33.010000 7 638
33.010000 8 831
33.010000 9 829
33.010000 10 761
33.010000 11 719
33.010000 12 834
34.010000 0 820
34.010000 1 728
34.010000 2 925
34.010000 3 931
34.010000 4 920
34.010000 5 927
34.010000 6 932
34.010000 7 696
34.010000 8 929
34.010000 9 925
34.010000 10 812
34.010000 11 820
34.010000 12 920
35.010000 0 723
35.010000 1 648
35.010000 2 834
35.010000 3 836
35.010000 4 821
35.010000 5 833
35.010000 6 837
35.010000 7 637
35.010000 8 834
35.010000 9 834
35.010000 10 759
35.010000 11 723
35.010000 12 838
36.010000 0 676
36.010000 1 579
36.010000 2 778
36.010000 3 777
36.010000 4 765
36.010000 5 773
36.010000 6 779
36.010000 7 582
36.010000 8 779
36.010000 9 778
36.010000 10 701
36.010000 11 676
36.010000 12 791
37.010000 0 790
37.010000 1 684
37.010000 2 879
37.010000 3 886
37.010000 4 876
37.010000 5 879
37.010000 6 886
37.010000 7 657
37.010000 8 883
37.010000 9 879
37.010000 10 781
37.010000 11 790
37.010000 12 879
38.010000 0 664
38.010000 1 573
38.010000 2 750
38.010000 3 748
38.010000 4 751
38.010000 5 745
38.010000 6 753
38.010000 7 548
38.010000 8 747
38.010000 9 750
38.010000 10 659
38.010000 11 664
38.010000 12 752
39.010000 0 651
39.010000 1 587
39.010000 2 782
39.010000 3 786
39.010000 4 773
39.010000 5 794
39.010000 6 782
39.010000 7 601
39.010000 8 787
39.010000 9 782
39.010000 10 706
39.010000 11 651
39.010000 12 791
40.010000 0 753
40.010000 1 659
40.010000 2 850
40.010000 3 860
40.010000 4 842
40.010000 5 839
40.010000 6 862
40.010000 7 653
40.010000 8 851
40.010000 9 850
40.010000 10 763
40.010000 11 753
40.010000 12 858
41.010000 0 711
41.010000 1 638
41.010000 2 827
41.010000 3 832
41.010000 4 819
41.010000 5 832
41.010000 6 838
41.010000 7 643
41.010000 8 813
41.010000 9 827
41.010000 10 736
41.010000 11 711
41.010000 12 831
42.010000 0 742
42.010000 1 641
42.010000 2 849
42.010000 3 845
42.010000 4 840
42.010000 5 837
42.010000 6 844
42.010000 7 617
42.010000 8 847
42.010000 9 849
42.010000 10 754
42.010000 11 742
42.010000 12 844
43.010000 0 769
43.010000 1 682
43.010000 2 880
43.010000 3 886
43.010000 4 875
43.010000 5 886
43.010000 6 889
43.010000 7 672
43.010000 8 887
43.010000 9 880
43.010000 10 784
43.010000 11 769
43.010000 12 890
44.010000 0 705
44.010000 1 603
44.010000 2 808
44.010000 3 813
44.010000 4 800
44.010000 5 811
44.010000 6 815
44.010000 7 615
44.010000 8 815
44.010000 9 808
44.010000 10 727
44.010000 11 705
44.010000 12 828
45.010000 0 648
45.010000 1 562
45.010000 2 729
45.010000 3 735
45.010000 4 724
45.010000 5 731
45.010000 6 741
45.010000 7 559
45.010000 8 733
45.010000 9 729
45.010000 10 661
45.010000 11 648
45.010000 12 737
46.010000 0 723
46.010000 1 641
46.010000 2 840
46.010000 3 840
46.010000 4 838
46.010000 5 833
46.010000 6 842
46.010000 7 625
46.010000 8 838
46.010000 9 840
46.010000 10 740
46.010000 11 723
46.010000 12 840
47.010000 0 775
47.010000 1 691
47.010000 2 871
47.010000 3 881
47.010000 4 869
47.010000 5 876
47.010000 6 879
47.010000 7 662
47.010000 8 876
47.010000 9 871
47.010000 10 782
47.010000 11 775
47.010000 12 878
48.010000 0 721
48.010000 1 632
48.010000 2 841
48.010000 3 838
48.010000 4 826
48.010000 5 838
48.010000 6 842
48.010000 7 636
48.010000 8 836
48.010000 9 841
48.010000 10 757
48.010000 11 721
48.010000 12 843
49.010000 0 727
49.010000 1 623
49.010000 2 826
49.010000 3 834
49.010000 4 825
49.010000 5 840
49.010000 6 838
49.010000 7 626
49.010000 8 838
49.010000 9 826
49.010000 10 733
49.010000 11 727
49.010000 12 840
50.010000 0 740
50.010000 1 656
50.010000 2 831
50.010000 3 840
50.010000 4 826
50.010000 5 835
50.010000 6 836
50.010000 7 629
50.010000 8 835
50.010000 9 831
50.010000 10 740
50.010000 11 740
50.010000 12 842
51.010000 0 723
51.010000 1 637
51.010000 2 855
51.010000 3 863
51.010000 4 862
51.010000 5 853
51.010000 6 860
51.010000 7 647
51.010000 8 853
51.010000 9 855
51.010000 10 755
51.010000 11 723
51.010000 12 852
52.010000 0 675
52.010000 1 608
52.010000 2 768
52.010000 3 775
52.010000 4 758
52.010000 5 765
52.010000 6 768
52.010000 7 580
52.010000 8 767
52.010000 9 768
52.010000 10 686
52.010000 11 675
52.010000 12 770
53.010000 0 770
53.010000 1 668
53.010000 2 893
53.010000 3 889
53.010000 4 867
53.010000 5 887
53.010000 6 890
53.010000 7 673
53.010000 8 889
53.010000 9 893
53.010000 10 806
53.010000 11 770
53.010000 12 898
54.010000 0 676
54.010000 1 574
54.010000 2 774
54.010000 3 780
54.010000 4 763
54.010000 5 770
54.010000 6 776
54.010000 7 574
54.010000 8 769
54.010000 9 774
54.010000 10 689
54.010000 11 676
54.010000 12 785
55.010000 0 743
55.010000 1 661
55.010000 2 848
55.010000 3 854
55.010000 4 842
55.010000 5 850
55.010000 6 855
55.010000 7 642
55.010000 8 852
55.010000 9 848
55.010000 10 754
55.010000 11 743
55.010000 12 859
56.010000 0 728
56.010000 1 642
56.010000 2 845
56.010000 3 850
56.010000 4 833
56.010000 5 839
56.010000 6 848
56.010000 7 641
56.010000 8 841
56.010000 9 845
56.010000 10 757
56.010000 11 728
56.010000 12 846
57.010000 0 776
57.010000 1 679
57.010000 2 865
57.010000 3 865
57.010000 4 859
57.010000 5 859
57.010000 6 872
57.010000 7 653
57.010000 8 871
57.010000 9 865
57.010000 10 770
57.010000 11 776
57.010000 12 871
58.010000 0 704
58.010000 1 621
58.010000 2 827
58.010000 3 826
58.010000 4 820
58.010000 5 838
58.010000 6 831
58.010000 7 635
58.010000 8 823
58.010000 9 827
58.010000 10 751
58.010000 11 704
58.010000 12 834
59.010000 0 678
59.010000 1 604
59.010000 2 782
59.010000 3 787
59.010000 4 775
59.010000 5 782
59.010000 6 789
59.010000 7 605
59.010000 8 790
59.010000 9 782
59.010000 10 705
59.010000 11 678
59.010000 12 793
60.010000 0 722
60.010000 1 632
60.010000 2 830
60.010000 3 840
60.010000 4 819
60.010000 5 824
60.010000 6 837
60.010000 7 627
60.010000 8 831
60.010000 9 830
60.010000 10 746
60.010000 11 722
60.010000 12 832
61.010000 0 709
61.010000 1 618
61.010000 2 801
61.010000 3 802
61.010000 4 789
61.010000 5 809
61.010000 6 801
61.010000 7 613
61.010000 8 800
61.010000 9 801
61.010000 10 727
61.010000 11 709
61.010000 12 811
62.010000 0 723
62.010000 1 644
62.010000 2 808
62.010000 3 811
62.010000 4 786
62.010000 5 800
62.010000 6 812
62.010000 7 621
62.010000 8 804
62.010000 9 808
62.010000 10 718
62.010000 11 723
62.010000 12 813
63.010000 0 743
63.010000 1 642
63.010000 2 854
63.010000 3 857
63.010000 4 847
63.010000 5 858
63.010000 6 861
63.010000 7 626
63.010000 8 864
63.010000 9 854
63.010000 10 752
63.010000 11 743
63.010000 12 856
64.010000 0 717
64.010000 1 635
64.010000 2 836
64.010000 3 844
64.010000 4 844
64.010000 5 841
64.010000 6 836
64.010000 7 644
64.010000 8 840
64.010000 9 836
64.010000 10 760
64.010000 11 717
64.010000 12 843
65.010000 0 741
65.010000 1 659
65.010000 2 837
65.010000 3 840
65.010000 4 832
65.010000 5 843
65.010000 6 850
65.010000 7 622
65.010000 8 838
65.010000 9 837
65.010000 10 727
65.010000 11 741
65.010000 12 841
66.010000 0 696
66.010000 1 600
66.010000 2 800
66.010000 3 805
66.010000 4 803
66.010000 5 797
66.010000 6 803
66.010000 7 596
66.010000 8 799
66.010000 9 800
66.010000 10 718
66.010000 11 696
66.010000 12 803
67.010000 0 708
67.010000 1 635
67.010000 2 829
67.010000 3 842
67.010000 4 824
67.010000 5 829
67.010000 6 836
67.010000 7 631
67.010000 8 834
67.010000 9 829
67.010000 10 742
67.010000 11 708
67.010000 12 840
68.010000 0 688
68.010000 1 587
68.010000 2 788
68.010000 3 795
68.010000 4 795
68.010000 5 786
68.010000 6 802
68.010000 7 591
68.010000 8 787
68.010000 9 788
68.010000 10 703
68.010000 11 688
68.010000 12 788
69.010000 0 734
69.010000 1 639
69.010000 2 851
69.010000 3 849
69.010000 4 839
69.010000 5 850
69.010000 6 853
69.010000 7 645
69.010000 8 851
69.010000 9 851
69.010000 10 772
69.010000 11 734
69.010000 12 857
70.010000 0 770
70.010000 1 688
70.010000 2 883
70.010000 3 870
70.010000 4 867
70.010000 5 878
70.010000 6 877
70.010000 7 656
70.010000 8 879
70.010000 9 883
70.010000 10 772
70.010000 11 770
70.010000 12 880
71.010000 0 698
71.010000 1 624
71.010000 2 825
71.010000 3 835
71.010000 4 811
71.010000 5 821
71.010000 6 828
71.010000 7 630
71.010000 8 823
71.010000 9 825
71.010000 10 745
71.010000 11 698
71.010000 12 830
72.010000 0 669
72.010000 1 581
72.010000 2 764
72.010000 3 758
72.010000 4 758
72.010000 5 754
72.010000 6 766
72.010000 7 553
72.010000 8 755
72.010000 9 764
72.010000 10 658
72.010000 11 669
72.010000 12 754
73.010000 0 782
73.010000 1 685
73.010000 2 907
73.010000 3 895
73.010000 4 893
73.010000 5 901
73.010000 6 903
73.010000 7 684
73.010000 8 903
73.010000 9 907
73.010000 10 812
73.010000 11 782
73.010000 12 905
74.010000 0 722
74.010000 1 647
74.010000 2 799
74.010000 3 834
74.010000 4 830
74.010000 5 834
74.010000 6 832
74.010000 7 638
74.010000 8 822
74.010000 9 799
74.010000 10 740
74.010000 11 722
74.010000 12 832
75.010000 0 722
75.010000 1 616
75.010000 2 827
75.010000 3 834
75.010000 4 833
75.010000 5 822
75.010000 6 830
75.010000 7 621
75.010000 8 826
75.010000 9 827
75.010000 10 739
75.010000 11 722
75.010000 12 830
76.010000 0 750
76.010000 1 645
76.010000 2 831
76.010000 3 844
76.010000 4 824
76.010000 5 835
76.010000 6 841
76.010000 7 624
76.010000 8 838
76.010000 9 831
76.010000 10 745
76.010000 11 750
76.010000 12 843
77.010000 0 668
77.010000 1 589
77.010000 2 788
77.010000 3 792
77.010000 4 777
77.010000 5 800
77.010000 6 778
77.010000 7 597
77.010000 8 789
77.010000 9 788
77.010000 10 707
77.010000 11 668
77.010000 12 795
78.010000 0 748
78.010000 1 652
78.010000 2 864
78.010000 3 869
78.010000 4 864
78.010000 5 848
78.010000 6 878
78.010000 7 636
78.010000 8 865
78.010000 9 864
78.010000 10 767
78.010000 11 748
78.010000 12 869
79.010000 0 698
79.010000 1 617
79.010000 2 780
79.010000 3 793
79.010000 4 770
79.010000 5 794
79.010000 6 788
79.010000 7 618
79.010000 8 786
79.010000 9 780
79.010000 10 713
79.010000 11 698
79.010000 12 793
80.010000 0 711
80.010000 1 647
80.010000 2 831
80.010000 3 829
80.010000 4 821
80.010000 5 824
80.010000 6 831
80.010000 7 639
80.010000 8 830
80.010000 9 831
80.010000 10 744
80.010000 11 711
80.010000 12 833
81.010000 0 697
81.010000 1 593
81.010000 2 785
81.010000 3 808
81.010000 4 800
81.010000 5 795
81.010000 6 803
81.010000 7 598
81.010000 8 795
81.010000 9 785
81.010000 10 707
81.010000 11 697
81.010000 12 799
82.010000 0 750
82.010000 1 670
82.010000 2 862
82.010000 3 867
82.010000 4 860
82.010000 5 865
82.010000 6 869
82.010000 7 652
82.010000 8 867
82.010000 9 862
82.010000 10 768
82.010000 11 750
82.010000 12 870
83.010000 0 721
83.010000 1 627
83.010000 2 822
83.010000 3 820
83.010000 4 810
83.010000 5 828
83.010000 6 823
83.010000 7 613
83.010000 8 824
83.010000 9 822
83.010000 10 734
83.010000 11 721
83.010000 12 828
84.010000 0 705
84.010000 1 607
84.010000 2 809
84.010000 3 811
84.010000 4 800
84.010000 5 804
84.010000 6 810
84.010000 7 611
84.010000 8 812
84.010000 9 809
84.010000 10 723
84.010000 11 705
84.010000 12 808
85.010000 0 731
85.010000 1 618
85.010000 2 812
85.010000 3 817
85.010000 4 815
85.010000 5 810
85.010000 6 819
85.010000 7 601
85.010000 8 818
85.010000 9 812
85.010000 10 717
85.010000 11 731
85.010000 12 822
86.010000 0 659
86.010000 1 598
86.010000 2 807
86.010000 3 810
86.010000 4 798
86.010000 5 802
86.010000 6 808
86.010000 7 603
86.010000 8 799
86.010000 9 807
86.010000 10 715
86.010000 11 659
86.010000 12 811
87.010000 0 739
87.010000 1 632
87.010000 2 821
87.010000 3 827
87.010000 4 817
87.010000 5 822
87.010000 6 836
87.010000 7 616
87.010000 8 825
87.010000 9 821
87.010000 10 732
87.010000 11 739
87.010000 12 833
88.010000 0 697
88.010000 1 619
88.010000 2 810
88.010000 3 813
88.010000 4 803
88.010000 5 822
88.010000 6 805
88.010000 7 634
88.010000 8 815
88.010000 9 810
88.010000 10 741
88.010000 11 697
88.010000 12 821
89.010000 0 740
89.010000 1 636
89.010000 2 844
89.010000 3 845
89.010000 4 834
89.010000 5 839
89.010000 6 855
89.010000 7 618
89.010000 8 840
89.010000 9 844
89.010000 10 749
89.010000 11 740
89.010000 12 850
90.010000 0 752
90.010000 1 675
90.010000 2 851
90.010000 3 855
90.010000 4 845
90.010000 5 852
90.010000 6 851
90.010000 7 650
90.010000 8 845
90.010000 9 851
90.010000 10 764
90.010000 11 752
90.010000 12 860
91.010000 0 700
91.010000 1 610
91.010000 2 818
91.010000 3 817
91.010000 4 808
91.010000 5 817
91.010000 6 819
91.010000 7 631
91.010000 8 831
91.010000 9 818
91.010000 10 739
91.010000 11 700
91.010000 12 820
92.010000 0 724
92.010000 1 633
92.010000 2 829
92.010000 3 833
92.010000 4 822
92.010000 5 828
92.010000 6 831
92.010000 7 623
92.010000 8 832
92.010000 9 829
92.010000 10 737
92.010000 11 724
92.010000 12 838
93.010000 0 741
93.010000 1 646
93.010000 2 835
93.010000 3 844
93.010000 4 830
93.010000 5 836
93.010000 6 841
93.010000 7 630
93.010000 8 837
93.010000 9 835
93.010000 10 758
93.010000 11 741
93.010000 12 842
94.010000 0 736
94.010000 1 652
94.010000 2 835
94.010000 3 835
94.010000 4 822
94.010000 5 836
94.010000 6 838
94.010000 7 628
94.010000 8 837
94.010000 9 835
94.010000 10 746
94.010000 11 736
94.010000 12 845
95.010000 0 763
95.010000 1 679
95.010000 2 882
95.010000 3 899
95.010000 4 883
95.010000 5 884
95.010000 6 894
95.010000 7 671
95.010000 8 879
95.010000 9 882
95.010000 10 788
95.010000 11 763
95.010000 12 888
96.010000 0 703
96.010000 1 608
96.010000 2 810
96.010000 3 805
96.010000 4 793
96.010000 5 804
96.010000 6 808
96.010000 7 599
96.010000 8 803
96.010000 9 810
96.010000 10 727
96.010000 11 703
96.010000 12 810
97.010000 0 696
97.010000 1 603
97.010000 2 785
97.010000 3 791
97.010000 4 776
97.010000 5 786
97.010000 6 788
97.010000 7 586
97.010000 8 789
97.010000 9 785
97.010000 10 702
97.010000 11 696
97.010000 12 798
98.010000 0 686
98.010000 1 608
98.010000 2 800
98.010000 3 809
98.010000 4 804
98.010000 5 816
98.010000 6 812
98.010000 7 625
98.010000 8 810
98.010000 9 800
98.010000 10 722
98.010000 11 686
98.010000 12 818
99.010000 0 716
99.010000 1 636
99.010000 2 824
99.010000 3 829
99.010000 4 819
99.010000 5 826
99.010000 6 827
99.010000 7 632
99.010000 8 831
99.010000 9 824
99.010000 10 746
99.010000 11 716
99.010000 12 834
100.010000 0 693
100.010000 1 609
100.010000 2 811
100.010000 3 804
100.010000 4 796
100.010000 5 805
100.010000 6 805
100.010000 7 599
100.010000 8 817
100.010000 9 811
100.010000 10 711
100.010000 11 693
100.010000 12 810
101.010000 0 733
101.010000 1 634
101.010000 2 832
101.010000 3 835
101.010000 4 823
101.010000 5 832
101.010000 6 834
101.010000 7 629
101.010000 8 833
101.010000 9 832
101.010000 10 756
101.010000 11 733
101.010000 12 839
102.010000 0 690
102.010000 1 616
102.010000 2 784
102.010000 3 797
102.010000 4 780
102.010000 5 782
102.010000 6 791
102.010000 7 586
102.010000 8 797
102.010000 9 784
102.010000 10 686
102.010000 11 690
102.010000 12 791
103.010000 0 761
103.010000 1 664
103.010000 2 868
103.010000 3 870
103.010000 4 858
103.010000 5 864
103.010000 6 874
103.010000 7 648
103.010000 8 859
103.010000 9 868
103.010000 10 774
103.010000 11 761
103.010000 12 870
104.010000 0 735
104.010000 1 650
104.010000 2 853
104.010000 3 866
104.010000 4 852
104.010000 5 853
104.010000 6 857
104.010000 7 652
104.010000 8 860
104.010000 9 853
104.010000 10 763
104.010000 11 735
104.010000 12 859
105.010000 0 710
105.010000 1 619
105.010000 2 804
105.010000 3 813
105.010000 4 798
105.010000 5 807
105.010000 6 815
105.010000 7 621
105.010000 8 808
105.010000 9 804
105.010000 10 732
105.010000 11 710
105.010000 12 813
106.010000 0 686
106.010000 1 587
106.010000 2 781
106.010000 3 789
106.010000 4 771
106.010000 5 779
106.010000 6 788
106.010000 7 587
106.010000 8 780
106.010000 9 781
106.010000 10 708
106.010000 11 686
106.010000 12 784
107.010000 0 774
107.010000 1 682
107.010000 2 868
107.010000 3 891
107.010000 4 872
107.010000 5 874
107.010000 6 888
107.010000 7 654
107.010000 8 877
107.010000 9 868
107.010000 10 766
107.010000 11 774
107.010000 12 884
108.010000 0 687
108.010000 1 615
108.010000 2 789
108.010000 3 792
108.010000 4 789
108.010000 5 797
108.010000 6 798
108.010000 7 629
108.010000 8 797
108.010000 9 789
108.010000 10 731
108.010000 11 687
108.010000 12 806
109.010000 0 770
109.010000 1 671
109.010000 2 858
109.010000 3 867
109.010000 4 850
109.010000 5 862
109.010000 6 869
109.010000 7 646
109.010000 8 862
109.010000 9 858
109.010000 10 763
109.010000 11 770
109.010000 12 862
110.010000 0 732
110.010000 1 646
110.010000 2 858
110.010000 3 856
110.010000 4 847
110.010000 5 851
110.010000 6 859
110.010000 7 646
110.010000 8 856
110.010000 9 858
110.010000 10 756
110.010000 11 732
110.010000 12 863
111.010000 0 683
111.010000 1 599
111.010000 2 783
111.010000 3 782
111.010000 4 772
111.010000 5 781
111.010000 6 786
111.010000 7 586
111.010000 8 793
111.010000 9 783
111.010000 10 695
111.010000 11 683
111.010000 12 790
112.010000 0 777
112.010000 1 679
112.010000 2 912
112.010000 3 910
112.010000 4 891
112.010000 5 894
112.010000 6 905
112.010000 7 670
112.010000 8 886
112.010000 9 912
112.010000 10 798
112.010000 11 777
112.010000 12 888
113.010000 0 743
113.010000 1 662
113.010000 2 825
113.010000 3 848
113.010000 4 830
113.010000 5 838
113.010000 6 847
113.010000 7 647
113.010000 8 839
113.010000 9 825
113.010000 10 761
113.010000 11 743
113.010000 12 850
114.010000 0 651
114.010000 1 562
114.010000 2 756
114.010000 3 747
114.010000 4 759
114.010000 5 755
114.010000 6 752
114.010000 7 555
114.010000 8 767
114.010000 9 756
114.010000 10 661
114.010000 11 651
114.010000 12 755
115.010000 0 780
115.010000 1 690
115.010000 2 893
115.010000 3 903
115.010000 4 884
115.010000 5 892
115.010000 6 902
115.010000 7 683
115.010000 8 880
115.010000 9 893
115.010000 10 805
115.010000 11 780
115.010000 12 898
116.010000 0 708
116.010000 1 641
116.010000 2 824
116.010000 3 825
116.010000 4 813
116.010000 5 825
116.010000 6 829
116.010000 7 629
116.010000 8 827
116.010000 9 824
116.010000 10 748
116.010000 11 708
116.010000 12 831
117.010000 0 735
117.010000 1 643
117.010000 2 824
117.010000 3 843
117.010000 4 827
117.010000 5 834
117.010000 6 845
117.010000 7 643
117.010000 8 835
117.010000 9 824
117.010000 10 748
117.010000 11 735
117.010000 12 843
118.010000 0 684
118.010000 1 597
118.010000 2 791
118.010000 3 788
118.010000 4 787
118.010000 5 783
118.010000 6 790
118.010000 7 581
118.010000 8 784
118.010000 9 791
118.010000 10 698
118.010000 11 684
118.010000 12 787
119.010000 0 775
119.010000 1 666
119.010000 2 875
119.010000 3 874
119.010000 4 849
119.010000 5 872
119.010000 6 873
119.010000 7 652
119.010000 8 874
119.010000 9 875
119.010000 10 789
119.010000 11 775
119.010000 12 881
120.010000 0 726
120.010000 1 642
120.010000 2 826
120.010000 3 830
120.010000 4 816
120.010000 5 826
120.010000 6 824
120.010000 7 631
120.010000 8 830
120.010000 9 826
120.010000 10 745
120.010000 11 726
120.010000 12 834
121.010000 0 724
121.010000 1 630
121.010000 2 832
121.010000 3 837
121.010000 4 821
121.010000 5 832
121.010000 6 837
121.010000 7 643
121.010000 8 836
121.010000 9 832
121.010000 10 765
121.010000 11 724
121.010000 12 843
122.010000 0 719
122.010000 1 632
122.010000 2 827
122.010000 3 834
122.010000 4 817
122.010000 5 823
122.010000 6 829
122.010000 7 612
122.010000 8 826
122.010000 9 827
122.010000 10 733
122.010000 11 719
122.010000 12 828
123.010000 0 764
123.010000 1 672
123.010000 2 862
123.010000 3 863
123.010000 4 857
123.010000 5 870
123.010000 6 872
123.010000 7 681
123.010000 8 873
123.010000 9 862
123.010000 10 783
123.010000 11 764
123.010000 12 873
124.010000 0 706
124.010000 1 617
124.010000 2 801
124.010000 3 804
124.010000 4 790
124.010000 5 800
124.010000 6 804
124.010000 7 603
124.010000 8 800
124.010000 9 801
124.010000 10 719
124.010000 11 706
124.010000 12 806
125.010000 0 779
125.010000 1 688
125.010000 2 889
125.010000 3 890
125.010000 4 877
125.010000 5 876
125.010000 6 891
125.010000 7 668
125.010000 8 887
125.010000 9 889
125.010000 10 788
125.010000 11 779
125.010000 12 887
126.010000 0 681
126.010000 1 596
126.010000 2 787
126.010000 3 792
126.010000 4 780
126.010000 5 788
126.010000 6 795
126.010000 7 580
126.010000 8 773
126.010000 9 787
126.010000 10 692
126.010000 11 681
126.010000 12 786
127.010000 0 727
127.010000 1 646
127.010000 2 856
127.010000 3 861
127.010000 4 841
127.010000 5 854
127.010000 6 860
127.010000 7 658
127.010000 8 855
127.010000 9 856
127.010000 10 772
127.010000 11 727
127.010000 12 860
128.010000 0 740
128.010000 1 651
128.010000 2 848
128.010000 3 844
128.010000 4 835
128.010000 5 843
128.010000 6 850
128.010000 7 638
128.010000 8 846
128.010000 9 848
128.010000 10 755
128.010000 11 740
128.010000 12 850
129.010000 0 687
129.010000 1 591
129.010000 2 787
129.010000 3 796
129.010000 4 773
129.010000 5 783
129.010000 6 788
129.010000 7 585
129.010000 8 791
129.010000 9 787
129.010000 10 699
129.010000 11 687
129.010000 12 790
130.010000 0 713
130.010000 1 633
130.010000 2 820
130.010000 3 826
130.010000 4 824
130.010000 5 824
130.010000 6 827
130.010000 7 618
130.010000 8 831
130.010000 9 820
130.010000 10 730
130.010000 11 713
130.010000 12 824
131.010000 0 723
131.010000 1 632
131.010000 2 813
131.010000 3 832
131.010000 4 810
131.010000 5 824
131.010000 6 820
131.010000 7 628
131.010000 8 829
131.010000 9 813
131.010000 10 743
131.010000 11 723
131.010000 12 836
132.010000 0 720
132.010000 1 628
132.010000 2 855
132.010000 3 845
132.010000 4 839
132.010000 5 848
132.010000 6 858
132.010000 7 658
132.010000 8 851
132.010000 9 855
132.010000 10 766
132.010000 11 720
132.010000 12 852
133.010000 0 734
133.010000 1 647
133.010000 2 821
133.010000 3 826
133.010000 4 812
133.010000 5 818
133.010000 6 826
133.010000 7 599
133.010000 8 810
133.010000 9 821
133.010000 10 729
133.010000 11 734
133.010000 12 828
134.010000 0 751
134.010000 1 668
134.010000 2 864
134.010000 3 872
134.010000 4 867
134.010000 5 874
134.010000 6 876
134.010000 7 673
134.010000 8 871
134.010000 9 864
134.010000 10 787
134.010000 11 751
134.010000 12 867
135.010000 0 715
135.010000 1 625
135.010000 2 824
135.010000 3 827
135.010000 4 821
135.010000 5 823
135.010000 6 829
135.010000 7 620
135.010000 8 823
135.010000 9 824
135.010000 10 735
135.010000 11 715
135.010000 12 828
136.010000 0 700
136.010000 1 610
136.010000 2 789
136.010000 3 785
136.010000 4 763
136.010000 5 788
136.010000 6 785
136.010000 7 579
136.010000 8 796
136.010000 9 789
136.010000 10 698
136.010000 11 700
136.010000 12 797
137.010000 0 694
137.010000 1 618
137.010000 2 821
137.010000 3 825
137.010000 4 825
137.010000 5 833
137.010000 6 825
137.010000 7 622
137.010000 8 823
137.010000 9 821
137.010000 10 729
137.010000 11 694
137.010000 12 825
138.010000 0 715
138.010000 1 619
138.010000 2 828
138.010000 3 833
138.010000 4 830
138.010000 5 829
138.010000 6 839
138.010000 7 622
138.010000 8 826
138.010000 9 828
138.010000 10 744
138.010000 11 715
138.010000 12 835
139.010000 0 749
139.010000 1 649
139.010000 2 828
139.010000 3 832
139.010000 4 821
139.010000 5 830
139.010000 6 833
139.010000 7 617
139.010000 8 835
139.010000 9 828
139.010000 10 727
139.010000 11 749
139.010000 12 839
140.010000 0 679
140.010000 1 594
140.010000 2 808
140.010000 3 819
140.010000 4 799
140.010000 5 805
140.010000 6 808
140.010000 7 623
140.010000 8 808
140.010000 9 808
140.010000 10 735
140.010000 11 679
140.010000 12 812
141.010000 0 757
141.010000 1 669
141.010000 2 848
141.010000 3 850
141.010000 4 842
141.010000 5 851
141.010000 6 855
141.010000 7 639
141.010000 8 857
141.010000 9 848
141.010000 10 757
141.010000 11 757
141.010000 12 845
142.010000 0 709
142.010000 1 621
142.010000 2 817
142.010000 3 814
142.010000 4 808
142.010000 5 818
142.010000 6 819
142.010000 7 634
142.010000 8 820
142.010000 9 817
142.010000 10 742
142.010000 11 709
142.010000 12 828
143.010000 0 772
143.010000 1 684
143.010000 2 863
143.010000 3 868
143.010000 4 860
143.010000 5 863
143.010000 6 868
143.010000 7 651
143.010000 8 867
143.010000 9 863
143.010000 10 756
143.010000 11 772
143.010000 12 858
144.010000 0 687
144.010000 1 598
144.010000 2 796
144.010000 3 800
144.010000 4 799
144.010000 5 797
144.010000 6 803
144.010000 7 607
144.010000 8 798
144.010000 9 796
144.010000 10 713
144.010000 11 687
144.010000 12 802
145.010000 0 798
145.010000 1 701
145.010000 2 901
145.010000 3 908
145.010000 4 894
145.010000 5 895
145.010000 6 896
145.010000 7 677
145.010000 8 901
145.010000 9 901
145.010000 10 809
145.010000 11 798
145.010000 12 910
146.010000 0 712
146.010000 1 617
146.010000 2 818
146.010000 3 822
146.010000 4 812
146.010000 5 818
146.010000 6 832
146.010000 7 623
146.010000 8 819
146.010000 9 818
146.010000 10 734
146.010000 11 712
146.010000 12 823
147.010000 0 725
147.010000 1 637
147.010000 2 823
147.010000 3 830
147.010000 4 817
147.010000 5 826
147.010000 6 828
147.010000 7 634
147.010000 8 827
147.010000 9 823
147.010000 10 743
147.010000 11 725
147.010000 12 830
148.010000 0 674
148.010000 1 587
148.010000 2 778
148.010000 3 773
148.010000 4 768
148.010000 5 785
148.010000 6 771
148.010000 7 576
148.010000 8 792
148.010000 9 778
148.010000 10 690
148.010000 11 674
148.010000 12 786
149.010000 0 698
149.010000 1 615
149.010000 2 810
149.010000 3 808
149.010000 4 800
149.010000 5 810
149.010000 6 808
149.010000 7 601
149.010000 8 825
149.010000 9 810
149.010000 10 705
149.010000 11 698
149.010000 12 810
