0.010000 0 0
0.010000 1 0
0.010000 2 0
0.010000 3 0
0.010000 4 0
0.010000 5 0
0.010000 6 0
0.010000 7 0
0.010000 8 0
0.010000 9 0
0.010000 10 0
0.010000 11 0
1.010000 0 0
1.010000 1 0
1.010000 2 0
1.010000 3 0
1.010000 4 0
1.010000 5 0
1.010000 6 0
1.010000 7 0
1.010000 8 0
1.010000 9 0
1.010000 10 0
1.010000 11 0
2.010000 0 0
2.010000 1 0
2.010000 2 0
2.010000 3 0
2.010000 4 0
2.010000 5 0
2.010000 6 0
2.010000 7 0
2.010000 8 0
2.010000 9 0
2.010000 10 0
2.010000 11 0
3.010000 0 0
3.010000 1 0
3.010000 2 0
3.010000 3 0
3.010000 4 0
3.010000 5 0
3.010000 6 0
3.010000 7 0
3.010000 8 0
3.010000 9 0
3.010000 10 0
3.010000 11 0
4.010000 0 0
4.010000 1 0
4.010000 2 0
4.010000 3 0
4.010000 4 0
4.010000 5 0
4.010000 6 0
4.010000 7 0
4.010000 8 0
4.010000 9 0
4.010000 10 0
4.010000 11 0
5.010000 0 0
5.010000 1 0
5.010000 2 0
5.010000 3 0
5.010000 4 0
5.010000 5 0
5.010000 6 0
5.010000 7 0
5.010000 8 0
5.010000 9 0
5.010000 10 0
5.010000 11 0
6.010000 0 0
6.010000 1 0
6.010000 2 0
6.010000 3 0
6.010000 4 0
6.010000 5 0
6.010000 6 0
6.010000 7 0
6.010000 8 0
6.010000 9 0
6.010000 10 0
6.010000 11 0
7.010000 0 0
7.010000 1 0
7.010000 2 0
7.010000 3 0
7.010000 4 0
7.010000 5 0
7.010000 6 0
7.010000 7 0
7.010000 8 0
7.010000 9 0
7.010000 10 0
7.010000 11 0
8.010000 0 0
8.010000 1 0
8.010000 2 0
8.010000 3 0
8.010000 4 0
8.010000 5 0
8.010000 6 0
8.010000 7 0
8.010000 8 0
8.010000 9 0
8.010000 10 0
8.010000 11 0
9.010000 0 0
9.010000 1 0
9.010000 2 0
9.010000 3 0
9.010000 4 0
9.010000 5 0
9.010000 6 0
9.010000 7 0
9.010000 8 0
9.010000 9 0
9.010000 10 0
9.010000 11 0
10.010000 0 0
10.010000 1 0
10.010000 2 0
10.010000 3 0
10.010000 4 0
10.010000 5 0
10.010000 6 0
10.010000 7 0
10.010000 8 0
10.010000 9 0
10.010000 10 0
10.010000 11 0
11.010000 0 0
11.010000 1 0
11.010000 2 0
11.010000 3 0
11.010000 4 0
11.010000 5 0
11.010000 6 0
11.010000 7 0
11.010000 8 0
11.010000 9 0
11.010000 10 0
11.010000 11 0
12.010000 0 0
12.010000 1 0
12.010000 2 0
12.010000 3 0
12.010000 4 0
12.010000 5 0
12.010000 6 0
12.010000 7 0
12.010000 8 0
12.010000 9 0
12.010000 10 0
12.010000 11 0
13.010000 0 0
13.010000 1 0
13.010000 2 0
13.010000 3 0
13.010000 4 0
13.010000 5 0
13.010000 6 0
13.010000 7 0
13.010000 8 0
13.010000 9 0
13.010000 10 0
13.010000 11 0
14.010000 0 0
14.010000 1 0
14.010000 2 0
14.010000 3 0
14.010000 4 0
14.010000 5 0
14.010000 6 0
14.010000 7 0
14.010000 8 0
14.010000 9 0
14.010000 10 0
14.010000 11 0
15.010000 0 0
15.010000 1 1
15.010000 2 1
15.010000 3 1
15.010000 4 1
15.010000 5 1
15.010000 6 1
15.010000 7 1
15.010000 8 1
15.010000 9 1
15.010000 10 1
15.010000 11 0
16.010000 0 267
16.010000 1 235
16.010000 2 318
16.010000 3 311
16.010000 4 235
16.010000 5 319
16.010000 6 319
16.010000 7 319
16.010000 8 319
16.010000 9 318
16.010000 10 274
16.010000 11 267
17.010000 0 175
17.010000 1 139
17.010000 2 211
17.010000 3 211
17.010000 4 142
17.010000 5 211
17.010000 6 211
17.010000 7 211
17.010000 8 211
17.010000 9 211
17.010000 10 177
17.010000 11 175
18.010000 0 187
18.010000 1 151
18.010000 2 225
18.010000 3 225
18.010000 4 150
18.010000 5 225
18.010000 6 225
18.010000 7 225
18.010000 8 225
18.010000 9 225
18.010000 10 187
18.010000 11 187
19.010000 0 178
19.010000 1 142
19.010000 2 212
19.010000 3 212
19.010000 4 140
19.010000 5 212
19.010000 6 212
19.010000 7 212
19.010000 8 212
19.010000 9 212
19.010000 10 176
19.010000 11 178
20.010000 0 216
20.010000 1 172
20.010000 2 260
20.010000 3 260
20.010000 4 174
20.010000 5 260
20.010000 6 260
20.010000 7 260
20.010000 8 260
20.010000 9 260
20.010000 10 218
20.010000 11 216
21.010000 0 184
21.010000 1 148
21.010000 2 220
21.010000 3 220
21.010000 4 146
21.010000 5 220
21.010000 6 220
21.010000 7 220
21.010000 8 220
21.010000 9 220
21.010000 10 182
21.010000 11 184
22.010000 0 221
22.010000 1 178
22.010000 2 267
22.010000 3 267
22.010000 4 179
22.010000 5 267
22.010000 6 267
22.010000 7 267
22.010000 8 267
22.010000 9 267
22.010000 10 223
22.010000 11 221
23.010000 0 189
23.010000 1 150
23.010000 2 225
23.010000 3 225
23.010000 4 149
23.010000 5 225
23.010000 6 225
23.010000 7 225
23.010000 8 225
23.010000 9 225
23.010000 10 187
23.010000 11 189
24.010000 0 175
24.010000 1 139
24.010000 2 211
24.010000 3 211
24.010000 4 142
24.010000 5 211
24.010000 6 211
24.010000 7 211
24.010000 8 211
24.010000 9 211
24.010000 10 177
24.010000 11 175
25.010000 0 215
25.010000 1 173
25.010000 2 257
25.010000 3 257
25.010000 4 170
25.010000 5 257
25.010000 6 257
25.010000 7 257
25.010000 8 257
25.010000 9 257
25.010000 10 213
25.010000 11 215
26.010000 0 210
26.010000 1 168
26.010000 2 252
26.010000 3 252
26.010000 4 168
26.010000 5 252
26.010000 6 252
26.010000 7 252
26.010000 8 252
26.010000 9 252
26.010000 10 210
26.010000 11 210
27.010000 0 189
27.010000 1 151
27.010000 2 227
27.010000 3 227
27.010000 4 151
27.010000 5 227
27.010000 6 227
27.010000 7 227
27.010000 8 227
27.010000 9 227
27.010000 10 190
27.010000 11 189
28.010000 0 202
28.010000 1 163
28.010000 2 244
28.010000 3 244
28.010000 4 164
28.010000 5 244
28.010000 6 244
28.010000 7 244
28.010000 8 244
28.010000 9 244
28.010000 10 203
28.010000 11 202
29.010000 0 220
29.010000 1 176
29.010000 2 264
29.010000 3 264
29.010000 4 176
29.010000 5 264
29.010000 6 264
29.010000 7 264
29.010000 8 264
29.010000 9 264
29.010000 10 220
29.010000 11 220
30.010000 0 199
30.010000 1 158
30.010000 2 237
30.010000 3 237
30.010000 4 157
30.010000 5 237
30.010000 6 237
30.010000 7 237
30.010000 8 237
30.010000 9 237
30.010000 10 197
30.010000 11 199
31.010000 0 190
31.010000 1 152
31.010000 2 228
31.010000 3 228
31.010000 4 152
31.010000 5 228
31.010000 6 228
31.010000 7 228
31.010000 8 228
31.010000 9 228
31.010000 10 190
31.010000 11 190
32.010000 0 200
32.010000 1 160
32.010000 2 240
32.010000 3 240
32.010000 4 160
32.010000 5 240
32.010000 6 240
32.010000 7 240
32.010000 8 240
32.010000 9 240
32.010000 10 200
32.010000 11 200
33.010000 0 190
33.010000 1 152
33.010000 2 228
33.010000 3 228
33.010000 4 152
33.010000 5 228
33.010000 6 228
33.010000 7 228
33.010000 8 228
33.010000 9 228
33.010000 10 190
33.010000 11 190
34.010000 0 200
34.010000 1 160
34.010000 2 240
34.010000 3 240
34.010000 4 160
34.010000 5 240
34.010000 6 240
34.010000 7 240
34.010000 8 240
34.010000 9 240
34.010000 10 200
34.010000 11 200
35.010000 0 185
35.010000 1 147
35.010000 2 223
35.010000 3 223
35.010000 4 150
35.010000 5 223
35.010000 6 223
35.010000 7 223
35.010000 8 223
35.010000 9 223
35.010000 10 187
35.010000 11 185
36.010000 0 195
36.010000 1 157
36.010000 2 233
36.010000 3 233
36.010000 4 154
36.010000 5 233
36.010000 6 233
36.010000 7 233
36.010000 8 233
36.010000 9 233
36.010000 10 193
36.010000 11 195
37.010000 0 200
37.010000 1 160
37.010000 2 240
37.010000 3 240
37.010000 4 160
37.010000 5 240
37.010000 6 240
37.010000 7 240
37.010000 8 240
37.010000 9 240
37.010000 10 200
37.010000 11 200
38.010000 0 201
38.010000 1 162
38.010000 2 243
38.010000 3 243
38.010000 4 163
38.010000 5 243
38.010000 6 243
38.010000 7 243
38.010000 8 243
38.010000 9 243
38.010000 10 203
38.010000 11 201
39.010000 0 209
39.010000 1 166
39.010000 2 249
39.010000 3 249
39.010000 4 165
39.010000 5 249
39.010000 6 249
39.010000 7 249
39.010000 8 249
39.010000 9 249
39.010000 10 207
39.010000 11 209
40.010000 0 191
40.010000 1 154
40.010000 2 231
40.010000 3 231
40.010000 4 155
40.010000 5 231
40.010000 6 231
40.010000 7 231
40.010000 8 231
40.010000 9 231
40.010000 10 193
40.010000 11 191
41.010000 0 179
41.010000 1 142
41.010000 2 213
41.010000 3 213
41.010000 4 141
41.010000 5 213
41.010000 6 213
41.010000 7 213
41.010000 8 213
41.010000 9 213
41.010000 10 177
41.010000 11 179
42.010000 0 180
42.010000 1 144
42.010000 2 216
42.010000 3 216
42.010000 4 144
42.010000 5 216
42.010000 6 216
42.010000 7 216
42.010000 8 216
42.010000 9 216
42.010000 10 180
42.010000 11 180
43.010000 0 190
43.010000 1 152
43.010000 2 228
43.010000 3 228
43.010000 4 152
43.010000 5 228
43.010000 6 228
43.010000 7 228
43.010000 8 228
43.010000 9 228
43.010000 10 190
43.010000 11 190
44.010000 0 240
44.010000 1 192
44.010000 2 288
44.010000 3 288
44.010000 4 192
44.010000 5 288
44.010000 6 288
44.010000 7 288
44.010000 8 288
44.010000 9 288
44.010000 10 240
44.010000 11 240
45.010000 0 191
45.010000 1 154
45.010000 2 231
45.010000 3 231
45.010000 4 155
45.010000 5 231
45.010000 6 231
45.010000 7 231
45.010000 8 231
45.010000 9 231
45.010000 10 193
45.010000 11 191
46.010000 0 189
46.010000 1 150
46.010000 2 225
46.010000 3 225
46.010000 4 149
46.010000 5 225
46.010000 6 225
46.010000 7 225
46.010000 8 225
46.010000 9 225
46.010000 10 187
46.010000 11 189
47.010000 0 210
47.010000 1 168
47.010000 2 252
47.010000 3 252
47.010000 4 168
47.010000 5 252
47.010000 6 252
47.010000 7 252
47.010000 8 252
47.010000 9 252
47.010000 10 210
47.010000 11 210
48.010000 0 220
48.010000 1 176
48.010000 2 264
48.010000 3 264
48.010000 4 176
48.010000 5 264
48.010000 6 264
48.010000 7 264
48.010000 8 264
48.010000 9 264
48.010000 10 220
48.010000 11 220
49.010000 0 194
49.010000 1 155
49.010000 2 234
49.010000 3 234
49.010000 4 157
49.010000 5 234
49.010000 6 234
49.010000 7 234
49.010000 8 234
49.010000 9 234
49.010000 10 196
49.010000 11 194
50.010000 0 196
50.010000 1 157
50.010000 2 234
50.010000 3 234
50.010000 4 155
50.010000 5 234
50.010000 6 234
50.010000 7 234
50.010000 8 234
50.010000 9 234
50.010000 10 194
50.010000 11 196
51.010000 0 200
51.010000 1 160
51.010000 2 240
51.010000 3 240
51.010000 4 160
51.010000 5 240
51.010000 6 240
51.010000 7 240
51.010000 8 240
51.010000 9 240
51.010000 10 200
51.010000 11 200
52.010000 0 184
52.010000 1 147
52.010000 2 222
52.010000 3 222
52.010000 4 149
52.010000 5 222
52.010000 6 222
52.010000 7 222
52.010000 8 222
52.010000 9 222
52.010000 10 186
52.010000 11 184
53.010000 0 186
53.010000 1 149
53.010000 2 222
53.010000 3 222
53.010000 4 147
53.010000 5 222
53.010000 6 222
53.010000 7 222
53.010000 8 222
53.010000 9 222
53.010000 10 184
53.010000 11 186
54.010000 0 190
54.010000 1 152
54.010000 2 228
54.010000 3 228
54.010000 4 152
54.010000 5 228
54.010000 6 228
54.010000 7 228
54.010000 8 228
54.010000 9 228
54.010000 10 190
54.010000 11 190
55.010000 0 180
55.010000 1 144
55.010000 2 216
55.010000 3 216
55.010000 4 144
55.010000 5 216
55.010000 6 216
55.010000 7 216
55.010000 8 216
55.010000 9 216
55.010000 10 180
55.010000 11 180
56.010000 0 219
56.010000 1 175
56.010000 2 263
56.010000 3 263
56.010000 4 175
56.010000 5 263
56.010000 6 263
56.010000 7 263
56.010000 8 263
56.010000 9 263
56.010000 10 220
56.010000 11 219
57.010000 0 221
57.010000 1 177
57.010000 2 265
57.010000 3 265
57.010000 4 177
57.010000 5 265
57.010000 6 265
57.010000 7 265
57.010000 8 265
57.010000 9 265
57.010000 10 220
57.010000 11 221
58.010000 0 209
58.010000 1 167
58.010000 2 251
58.010000 3 251
58.010000 4 167
58.010000 5 251
58.010000 6 251
58.010000 7 251
58.010000 8 251
58.010000 9 251
58.010000 10 210
58.010000 11 209
59.010000 0 191
59.010000 1 153
59.010000 2 229
59.010000 3 229
59.010000 4 153
59.010000 5 229
59.010000 6 229
59.010000 7 229
59.010000 8 229
59.010000 9 229
59.010000 10 190
59.010000 11 191
60.010000 0 189
60.010000 1 151
60.010000 2 227
60.010000 3 227
60.010000 4 151
60.010000 5 227
60.010000 6 227
60.010000 7 227
60.010000 8 227
60.010000 9 227
60.010000 10 190
60.010000 11 189
61.010000 0 181
61.010000 1 145
61.010000 2 217
61.010000 3 217
61.010000 4 145
61.010000 5 217
61.010000 6 217
61.010000 7 217
61.010000 8 217
61.010000 9 217
61.010000 10 180
61.010000 11 181
62.010000 0 191
62.010000 1 154
62.010000 2 231
62.010000 3 231
62.010000 4 155
62.010000 5 231
62.010000 6 231
62.010000 7 231
62.010000 8 231
62.010000 9 231
62.010000 10 193
62.010000 11 191
63.010000 0 191
63.010000 1 152
63.010000 2 229
63.010000 3 229
63.010000 4 153
63.010000 5 229
63.010000 6 229
63.010000 7 229
63.010000 8 229
63.010000 9 229
63.010000 10 191
63.010000 11 191
64.010000 0 218
64.010000 1 174
64.010000 2 260
64.010000 3 260
64.010000 4 172
64.010000 5 260
64.010000 6 260
64.010000 7 260
64.010000 8 260
64.010000 9 260
64.010000 10 216
64.010000 11 218
65.010000 0 210
65.010000 1 168
65.010000 2 252
65.010000 3 252
65.010000 4 168
65.010000 5 252
65.010000 6 252
65.010000 7 252
65.010000 8 252
65.010000 9 252
65.010000 10 210
65.010000 11 210
66.010000 0 190
66.010000 1 152
66.010000 2 228
66.010000 3 228
66.010000 4 152
66.010000 5 228
66.010000 6 228
66.010000 7 228
66.010000 8 228
66.010000 9 228
66.010000 10 190
66.010000 11 190
67.010000 0 210
67.010000 1 169
67.010000 2 253
67.010000 3 253
67.010000 4 169
67.010000 5 253
67.010000 6 253
67.010000 7 253
67.010000 8 253
67.010000 9 253
67.010000 10 211
67.010000 11 210
68.010000 0 220
68.010000 1 175
68.010000 2 263
68.010000 3 263
68.010000 4 175
68.010000 5 263
68.010000 6 263
68.010000 7 263
68.010000 8 263
68.010000 9 263
68.010000 10 219
68.010000 11 220
69.010000 0 215
69.010000 1 171
69.010000 2 259
69.010000 3 259
69.010000 4 174
69.010000 5 259
69.010000 6 259
69.010000 7 259
69.010000 8 259
69.010000 9 259
69.010000 10 217
69.010000 11 215
70.010000 0 195
70.010000 1 157
70.010000 2 233
70.010000 3 233
70.010000 4 154
70.010000 5 233
70.010000 6 233
70.010000 7 233
70.010000 8 233
70.010000 9 233
70.010000 10 193
70.010000 11 195
71.010000 0 211
71.010000 1 170
71.010000 2 255
71.010000 3 255
71.010000 4 171
71.010000 5 255
71.010000 6 255
71.010000 7 255
71.010000 8 255
71.010000 9 255
71.010000 10 213
71.010000 11 211
72.010000 0 219
72.010000 1 174
72.010000 2 261
72.010000 3 261
72.010000 4 173
72.010000 5 261
72.010000 6 261
72.010000 7 261
72.010000 8 261
72.010000 9 261
72.010000 10 217
72.010000 11 219
73.010000 0 200
73.010000 1 160
73.010000 2 240
73.010000 3 240
73.010000 4 160
73.010000 5 240
73.010000 6 240
73.010000 7 240
73.010000 8 240
73.010000 9 240
73.010000 10 200
73.010000 11 200
74.010000 0 200
74.010000 1 160
74.010000 2 240
74.010000 3 240
74.010000 4 160
74.010000 5 240
74.010000 6 240
74.010000 7 240
74.010000 8 240
74.010000 9 240
74.010000 10 200
74.010000 11 200
75.010000 0 191
75.010000 1 154
75.010000 2 231
75.010000 3 231
75.010000 4 155
75.010000 5 231
75.010000 6 231
75.010000 7 231
75.010000 8 231
75.010000 9 231
75.010000 10 193
75.010000 11 191
76.010000 0 220
76.010000 1 176
76.010000 2 264
76.010000 3 264
76.010000 4 176
76.010000 5 264
76.010000 6 264
76.010000 7 264
76.010000 8 264
76.010000 9 264
76.010000 10 220
76.010000 11 220
77.010000 0 214
77.010000 1 169
77.010000 2 256
77.010000 3 256
77.010000 4 171
77.010000 5 256
77.010000 6 256
77.010000 7 256
77.010000 8 256
77.010000 9 256
77.010000 10 214
77.010000 11 214
78.010000 0 204
78.010000 1 164
78.010000 2 244
78.010000 3 244
78.010000 4 161
78.010000 5 244
78.010000 6 244
78.010000 7 244
78.010000 8 244
78.010000 9 244
78.010000 10 203
78.010000 11 204
79.010000 0 191
79.010000 1 153
79.010000 2 229
79.010000 3 229
79.010000 4 153
79.010000 5 229
79.010000 6 229
79.010000 7 229
79.010000 8 229
79.010000 9 229
79.010000 10 190
79.010000 11 191
80.010000 0 200
80.010000 1 160
80.010000 2 240
80.010000 3 240
80.010000 4 160
80.010000 5 240
80.010000 6 240
80.010000 7 240
80.010000 8 240
80.010000 9 240
80.010000 10 200
80.010000 11 200
81.010000 0 223
81.010000 1 178
81.010000 2 269
81.010000 3 269
81.010000 4 181
81.010000 5 269
81.010000 6 269
81.010000 7 269
81.010000 8 269
81.010000 9 269
81.010000 10 225
81.010000 11 223
82.010000 0 197
82.010000 1 158
82.010000 2 235
82.010000 3 235
82.010000 4 155
82.010000 5 235
82.010000 6 235
82.010000 7 235
82.010000 8 235
82.010000 9 235
82.010000 10 195
82.010000 11 197
83.010000 0 190
83.010000 1 153
83.010000 2 229
83.010000 3 229
83.010000 4 153
83.010000 5 229
83.010000 6 229
83.010000 7 229
83.010000 8 229
83.010000 9 229
83.010000 10 191
83.010000 11 190
84.010000 0 190
84.010000 1 151
84.010000 2 227
84.010000 3 227
84.010000 4 151
84.010000 5 227
84.010000 6 227
84.010000 7 227
84.010000 8 227
84.010000 9 227
84.010000 10 189
84.010000 11 190
85.010000 0 192
85.010000 1 154
85.010000 2 232
85.010000 3 232
85.010000 4 156
85.010000 5 232
85.010000 6 232
85.010000 7 232
85.010000 8 232
85.010000 9 232
85.010000 10 194
85.010000 11 192
86.010000 0 193
86.010000 1 153
86.010000 2 231
86.010000 3 231
86.010000 4 154
86.010000 5 231
86.010000 6 231
86.010000 7 231
86.010000 8 231
86.010000 9 231
86.010000 10 193
86.010000 11 193
87.010000 0 175
87.010000 1 141
87.010000 2 209
87.010000 3 209
87.010000 4 138
87.010000 5 209
87.010000 6 209
87.010000 7 209
87.010000 8 209
87.010000 9 209
87.010000 10 173
87.010000 11 175
88.010000 0 201
88.010000 1 162
88.010000 2 243
88.010000 3 243
88.010000 4 163
88.010000 5 243
88.010000 6 243
88.010000 7 243
88.010000 8 243
88.010000 9 243
88.010000 10 203
88.010000 11 201
89.010000 0 182
89.010000 1 144
89.010000 2 218
89.010000 3 218
89.010000 4 146
89.010000 5 218
89.010000 6 218
89.010000 7 218
89.010000 8 218
89.010000 9 218
89.010000 10 182
89.010000 11 182
90.010000 0 207
90.010000 1 166
90.010000 2 247
90.010000 3 247
90.010000 4 163
90.010000 5 247
90.010000 6 247
90.010000 7 247
90.010000 8 247
90.010000 9 247
90.010000 10 205
90.010000 11 207
91.010000 0 190
91.010000 1 152
91.010000 2 228
91.010000 3 228
91.010000 4 152
91.010000 5 228
91.010000 6 228
91.010000 7 228
91.010000 8 228
91.010000 9 228
91.010000 10 190
91.010000 11 190
92.010000 0 190
92.010000 1 152
92.010000 2 228
92.010000 3 228
92.010000 4 152
92.010000 5 228
92.010000 6 228
92.010000 7 228
92.010000 8 228
92.010000 9 228
92.010000 10 190
92.010000 11 190
93.010000 0 190
93.010000 1 152
93.010000 2 228
93.010000 3 228
93.010000 4 152
93.010000 5 228
93.010000 6 228
93.010000 7 228
93.010000 8 228
93.010000 9 228
93.010000 10 190
93.010000 11 190
94.010000 0 200
94.010000 1 160
94.010000 2 240
94.010000 3 240
94.010000 4 160
94.010000 5 240
94.010000 6 240
94.010000 7 240
94.010000 8 240
94.010000 9 240
94.010000 10 200
94.010000 11 200
95.010000 0 200
95.010000 1 160
95.010000 2 240
95.010000 3 240
95.010000 4 160
95.010000 5 240
95.010000 6 240
95.010000 7 240
95.010000 8 240
95.010000 9 240
95.010000 10 200
95.010000 11 200
96.010000 0 220
96.010000 1 176
96.010000 2 264
96.010000 3 264
96.010000 4 176
96.010000 5 264
96.010000 6 264
96.010000 7 264
96.010000 8 264
96.010000 9 264
96.010000 10 220
96.010000 11 220
97.010000 0 191
97.010000 1 154
97.010000 2 231
97.010000 3 231
97.010000 4 155
97.010000 5 231
97.010000 6 231
97.010000 7 231
97.010000 8 231
97.010000 9 231
97.010000 10 193
97.010000 11 191
98.010000 0 199
98.010000 1 158
98.010000 2 237
98.010000 3 237
98.010000 4 157
98.010000 5 237
98.010000 6 237
98.010000 7 237
98.010000 8 237
98.010000 9 237
98.010000 10 197
98.010000 11 199
99.010000 0 180
99.010000 1 144
99.010000 2 216
99.010000 3 216
99.010000 4 144
99.010000 5 216
99.010000 6 216
99.010000 7 216
99.010000 8 216
99.010000 9 216
99.010000 10 180
99.010000 11 180
100.010000 0 219
100.010000 1 175
100.010000 2 263
100.010000 3 263
100.010000 4 175
100.010000 5 263
100.010000 6 263
100.010000 7 263
100.010000 8 263
100.010000 9 263
100.010000 10 220
100.010000 11 219
101.010000 0 181
101.010000 1 145
101.010000 2 217
101.010000 3 217
101.010000 4 145
101.010000 5 217
101.010000 6 217
101.010000 7 217
101.010000 8 217
101.010000 9 217
101.010000 10 180
101.010000 11 181
102.010000 0 200
102.010000 1 160
102.010000 2 240
102.010000 3 240
102.010000 4 160
102.010000 5 240
102.010000 6 240
102.010000 7 240
102.010000 8 240
102.010000 9 240
102.010000 10 200
102.010000 11 200
103.010000 0 211
103.010000 1 170
103.010000 2 255
103.010000 3 255
103.010000 4 171
103.010000 5 255
103.010000 6 255
103.010000 7 255
103.010000 8 255
103.010000 9 255
103.010000 10 213
103.010000 11 211
104.010000 0 194
104.010000 1 153
104.010000 2 232
104.010000 3 232
104.010000 4 155
104.010000 5 232
104.010000 6 232
104.010000 7 232
104.010000 8 232
104.010000 9 232
104.010000 10 194
104.010000 11 194
105.010000 0 195
105.010000 1 157
105.010000 2 233
105.010000 3 233
105.010000 4 154
105.010000 5 233
105.010000 6 233
105.010000 7 233
105.010000 8 233
105.010000 9 233
105.010000 10 193
105.010000 11 195
106.010000 0 190
106.010000 1 152
106.010000 2 228
106.010000 3 228
106.010000 4 152
106.010000 5 228
106.010000 6 228
106.010000 7 228
106.010000 8 228
106.010000 9 228
106.010000 10 190
106.010000 11 190
107.010000 0 195
107.010000 1 155
107.010000 2 235
107.010000 3 235
107.010000 4 158
107.010000 5 235
107.010000 6 235
107.010000 7 235
107.010000 8 235
107.010000 9 235
107.010000 10 197
107.010000 11 195
108.010000 0 200
108.010000 1 160
108.010000 2 240
108.010000 3 240
108.010000 4 160
108.010000 5 240
108.010000 6 240
108.010000 7 240
108.010000 8 240
108.010000 9 240
108.010000 10 200
108.010000 11 200
109.010000 0 195
109.010000 1 157
109.010000 2 233
109.010000 3 233
109.010000 4 154
109.010000 5 233
109.010000 6 233
109.010000 7 233
109.010000 8 233
109.010000 9 233
109.010000 10 193
109.010000 11 195
110.010000 0 181
110.010000 1 146
110.010000 2 219
110.010000 3 219
110.010000 4 147
110.010000 5 219
110.010000 6 219
110.010000 7 219
110.010000 8 219
110.010000 9 219
110.010000 10 183
110.010000 11 181
111.010000 0 224
111.010000 1 177
111.010000 2 268
111.010000 3 268
111.010000 4 179
111.010000 5 268
111.010000 6 268
111.010000 7 268
111.010000 8 268
111.010000 9 268
111.010000 10 224
111.010000 11 224
112.010000 0 185
112.010000 1 149
112.010000 2 221
112.010000 3 221
112.010000 4 146
112.010000 5 221
112.010000 6 221
112.010000 7 221
112.010000 8 221
112.010000 9 221
112.010000 10 183
112.010000 11 185
113.010000 0 211
113.010000 1 170
113.010000 2 255
113.010000 3 255
113.010000 4 171
113.010000 5 255
113.010000 6 255
113.010000 7 255
113.010000 8 255
113.010000 9 255
113.010000 10 213
113.010000 11 211
114.010000 0 189
114.010000 1 150
114.010000 2 225
114.010000 3 225
114.010000 4 149
114.010000 5 225
114.010000 6 225
114.010000 7 225
114.010000 8 225
114.010000 9 225
114.010000 10 187
114.010000 11 189
115.010000 0 190
115.010000 1 152
115.010000 2 228
115.010000 3 228
115.010000 4 152
115.010000 5 228
115.010000 6 228
115.010000 7 228
115.010000 8 228
115.010000 9 228
115.010000 10 190
115.010000 11 190
116.010000 0 190
116.010000 1 152
116.010000 2 228
116.010000 3 228
116.010000 4 152
116.010000 5 228
116.010000 6 228
116.010000 7 228
116.010000 8 228
116.010000 9 228
116.010000 10 190
116.010000 11 190
117.010000 0 200
117.010000 1 160
117.010000 2 240
117.010000 3 240
117.010000 4 160
117.010000 5 240
117.010000 6 240
117.010000 7 240
117.010000 8 240
117.010000 9 240
117.010000 10 200
117.010000 11 200
118.010000 0 170
118.010000 1 137
118.010000 2 205
118.010000 3 205
118.010000 4 137
118.010000 5 205
118.010000 6 205
118.010000 7 205
118.010000 8 205
118.010000 9 205
118.010000 10 171
118.010000 11 170
119.010000 0 200
119.010000 1 159
119.010000 2 239
119.010000 3 239
119.010000 4 159
119.010000 5 239
119.010000 6 239
119.010000 7 239
119.010000 8 239
119.010000 9 239
119.010000 10 199
119.010000 11 200
120.010000 0 199
120.010000 1 159
120.010000 2 239
120.010000 3 239
120.010000 4 159
120.010000 5 239
120.010000 6 239
120.010000 7 239
120.010000 8 239
120.010000 9 239
120.010000 10 200
120.010000 11 199
121.010000 0 211
121.010000 1 169
121.010000 2 253
121.010000 3 253
121.010000 4 169
121.010000 5 253
121.010000 6 253
121.010000 7 253
121.010000 8 253
121.010000 9 253
121.010000 10 210
121.010000 11 211
122.010000 0 190
122.010000 1 152
122.010000 2 228
122.010000 3 228
122.010000 4 152
122.010000 5 228
122.010000 6 228
122.010000 7 228
122.010000 8 228
122.010000 9 228
122.010000 10 190
122.010000 11 190
123.010000 0 170
123.010000 1 136
123.010000 2 204
123.010000 3 204
123.010000 4 136
123.010000 5 204
123.010000 6 204
123.010000 7 204
123.010000 8 204
123.010000 9 204
123.010000 10 170
123.010000 11 170
124.010000 0 181
124.010000 1 146
124.010000 2 219
124.010000 3 219
124.010000 4 147
124.010000 5 219
124.010000 6 219
124.010000 7 219
124.010000 8 219
124.010000 9 219
124.010000 10 183
124.010000 11 181
125.010000 0 219
125.010000 1 174
125.010000 2 261
125.010000 3 261
125.010000 4 173
125.010000 5 261
125.010000 6 261
125.010000 7 261
125.010000 8 261
125.010000 9 261
125.010000 10 217
125.010000 11 219
126.010000 0 180
126.010000 1 144
126.010000 2 216
126.010000 3 216
126.010000 4 144
126.010000 5 216
126.010000 6 216
126.010000 7 216
126.010000 8 216
126.010000 9 216
126.010000 10 180
126.010000 11 180
127.010000 0 205
127.010000 1 163
127.010000 2 247
127.010000 3 247
127.010000 4 166
127.010000 5 247
127.010000 6 247
127.010000 7 247
127.010000 8 247
127.010000 9 247
127.010000 10 207
127.010000 11 205
128.010000 0 200
128.010000 1 160
128.010000 2 240
128.010000 3 240
128.010000 4 160
128.010000 5 240
128.010000 6 240
128.010000 7 240
128.010000 8 240
128.010000 9 240
128.010000 10 200
128.010000 11 200
129.010000 0 205
129.010000 1 165
129.010000 2 245
129.010000 3 245
129.010000 4 162
129.010000 5 245
129.010000 6 245
129.010000 7 245
129.010000 8 245
129.010000 9 245
129.010000 10 203
129.010000 11 205
130.010000 0 190
130.010000 1 152
130.010000 2 228
130.010000 3 228
130.010000 4 152
130.010000 5 228
130.010000 6 228
130.010000 7 228
130.010000 8 228
130.010000 9 228
130.010000 10 190
130.010000 11 190
131.010000 0 210
131.010000 1 168
131.010000 2 252
131.010000 3 252
131.010000 4 168
131.010000 5 252
131.010000 6 252
131.010000 7 252
131.010000 8 252
131.010000 9 252
131.010000 10 210
131.010000 11 210
132.010000 0 195
132.010000 1 155
132.010000 2 235
132.010000 3 235
132.010000 4 158
132.010000 5 235
132.010000 6 235
132.010000 7 235
132.010000 8 235
132.010000 9 235
132.010000 10 197
132.010000 11 195
133.010000 0 195
133.010000 1 157
133.010000 2 233
133.010000 3 233
133.010000 4 154
133.010000 5 233
133.010000 6 233
133.010000 7 233
133.010000 8 233
133.010000 9 233
133.010000 10 193
133.010000 11 195
134.010000 0 205
134.010000 1 163
134.010000 2 247
134.010000 3 247
134.010000 4 166
134.010000 5 247
134.010000 6 247
134.010000 7 247
134.010000 8 247
134.010000 9 247
134.010000 10 207
134.010000 11 205
135.010000 0 195
135.010000 1 157
135.010000 2 233
135.010000 3 233
135.010000 4 154
135.010000 5 233
135.010000 6 233
135.010000 7 233
135.010000 8 233
135.010000 9 233
135.010000 10 193
135.010000 11 195
136.010000 0 180
136.010000 1 144
136.010000 2 216
136.010000 3 216
136.010000 4 144
136.010000 5 216
136.010000 6 216
136.010000 7 216
136.010000 8 216
136.010000 9 216
136.010000 10 180
136.010000 11 180
137.010000 0 191
137.010000 1 154
137.010000 2 231
137.010000 3 231
137.010000 4 155
137.010000 5 231
137.010000 6 231
137.010000 7 231
137.010000 8 231
137.010000 9 231
137.010000 10 193
137.010000 11 191
138.010000 0 198
138.010000 1 157
138.010000 2 236
138.010000 3 236
138.010000 4 156
138.010000 5 236
138.010000 6 236
138.010000 7 236
138.010000 8 236
138.010000 9 236
138.010000 10 197
138.010000 11 198
139.010000 0 191
139.010000 1 153
139.010000 2 229
139.010000 3 229
139.010000 4 153
139.010000 5 229
139.010000 6 229
139.010000 7 229
139.010000 8 229
139.010000 9 229
139.010000 10 190
139.010000 11 191
140.010000 0 206
140.010000 1 164
140.010000 2 248
140.010000 3 248
140.010000 4 166
140.010000 5 248
140.010000 6 248
140.010000 7 248
140.010000 8 248
140.010000 9 248
140.010000 10 208
140.010000 11 206
141.010000 0 184
141.010000 1 148
141.010000 2 220
141.010000 3 220
141.010000 4 146
141.010000 5 220
141.010000 6 220
141.010000 7 220
141.010000 8 220
141.010000 9 220
141.010000 10 182
141.010000 11 184
142.010000 0 205
142.010000 1 163
142.010000 2 247
142.010000 3 247
142.010000 4 166
142.010000 5 247
142.010000 6 247
142.010000 7 247
142.010000 8 247
142.010000 9 247
142.010000 10 207
142.010000 11 205
143.010000 0 185
143.010000 1 149
143.010000 2 221
143.010000 3 221
143.010000 4 146
143.010000 5 221
143.010000 6 221
143.010000 7 221
143.010000 8 221
143.010000 9 221
143.010000 10 183
143.010000 11 185
144.010000 0 200
144.010000 1 160
144.010000 2 240
144.010000 3 240
144.010000 4 160
144.010000 5 240
144.010000 6 240
144.010000 7 240
144.010000 8 240
144.010000 9 240
144.010000 10 200
144.010000 11 200
145.010000 0 190
145.010000 1 152
145.010000 2 228
145.010000 3 228
145.010000 4 152
145.010000 5 228
145.010000 6 228
145.010000 7 228
145.010000 8 228
145.010000 9 228
145.010000 10 190
145.010000 11 190
146.010000 0 183
146.010000 1 146
146.010000 2 221
146.010000 3 221
146.010000 4 149
146.010000 5 221
146.010000 6 221
146.010000 7 221
146.010000 8 221
146.010000 9 221
146.010000 10 185
146.010000 11 183
147.010000 0 197
147.010000 1 158
147.010000 2 235
147.010000 3 235
147.010000 4 155
147.010000 5 235
147.010000 6 235
147.010000 7 235
147.010000 8 235
147.010000 9 235
147.010000 10 195
147.010000 11 197
148.010000 0 190
148.010000 1 152
148.010000 2 228
148.010000 3 228
148.010000 4 152
148.010000 5 228
148.010000 6 228
148.010000 7 228
148.010000 8 228
148.010000 9 228
148.010000 10 190
148.010000 11 190
149.010000 0 210
149.010000 1 168
149.010000 2 252
149.010000 3 252
149.010000 4 168
149.010000 5 252
149.010000 6 252
149.010000 7 252
149.010000 8 252
149.010000 9 252
149.010000 10 210
149.010000 11 210
