0.010000 0 0
0.010000 1 0
0.010000 2 0
0.010000 3 0
0.010000 4 0
0.010000 5 0
0.010000 6 0
0.010000 7 0
0.010000 8 0
0.010000 9 0
0.010000 10 0
1.010000 0 0
1.010000 1 0
1.010000 2 0
1.010000 3 0
1.010000 4 0
1.010000 5 0
1.010000 6 0
1.010000 7 0
1.010000 8 0
1.010000 9 0
1.010000 10 0
2.010000 0 0
2.010000 1 0
2.010000 2 0
2.010000 3 0
2.010000 4 0
2.010000 5 0
2.010000 6 0
2.010000 7 0
2.010000 8 0
2.010000 9 0
2.010000 10 0
3.010000 0 0
3.010000 1 0
3.010000 2 0
3.010000 3 0
3.010000 4 0
3.010000 5 0
3.010000 6 0
3.010000 7 0
3.010000 8 0
3.010000 9 0
3.010000 10 0
4.010000 0 0
4.010000 1 0
4.010000 2 0
4.010000 3 0
4.010000 4 0
4.010000 5 0
4.010000 6 0
4.010000 7 0
4.010000 8 0
4.010000 9 0
4.010000 10 0
5.010000 0 0
5.010000 1 0
5.010000 2 0
5.010000 3 0
5.010000 4 0
5.010000 5 0
5.010000 6 0
5.010000 7 0
5.010000 8 0
5.010000 9 0
5.010000 10 0
6.010000 0 0
6.010000 1 0
6.010000 2 0
6.010000 3 0
6.010000 4 0
6.010000 5 0
6.010000 6 0
6.010000 7 0
6.010000 8 0
6.010000 9 0
6.010000 10 0
7.010000 0 0
7.010000 1 0
7.010000 2 0
7.010000 3 0
7.010000 4 0
7.010000 5 0
7.010000 6 0
7.010000 7 0
7.010000 8 0
7.010000 9 0
7.010000 10 0
8.010000 0 0
8.010000 1 0
8.010000 2 0
8.010000 3 0
8.010000 4 0
8.010000 5 0
8.010000 6 0
8.010000 7 0
8.010000 8 0
8.010000 9 0
8.010000 10 0
9.010000 0 0
9.010000 1 0
9.010000 2 0
9.010000 3 0
9.010000 4 0
9.010000 5 0
9.010000 6 0
9.010000 7 0
9.010000 8 0
9.010000 9 0
9.010000 10 0
10.010000 0 0
10.010000 1 0
10.010000 2 0
10.010000 3 0
10.010000 4 0
10.010000 5 0
10.010000 6 0
10.010000 7 0
10.010000 8 0
10.010000 9 0
10.010000 10 0
11.010000 0 0
11.010000 1 0
11.010000 2 0
11.010000 3 0
11.010000 4 0
11.010000 5 0
11.010000 6 0
11.010000 7 0
11.010000 8 0
11.010000 9 0
11.010000 10 0
12.010000 0 0
12.010000 1 0
12.010000 2 0
12.010000 3 0
12.010000 4 0
12.010000 5 0
12.010000 6 0
12.010000 7 0
12.010000 8 0
12.010000 9 0
12.010000 10 0
13.010000 0 0
13.010000 1 0
13.010000 2 0
13.010000 3 0
13.010000 4 0
13.010000 5 0
13.010000 6 0
13.010000 7 0
13.010000 8 0
13.010000 9 0
13.010000 10 0
14.010000 0 0
14.010000 1 0
14.010000 2 0
14.010000 3 0
14.010000 4 0
14.010000 5 0
14.010000 6 0
14.010000 7 0
14.010000 8 0
14.010000 9 0
14.010000 10 0
15.010000 0 2
15.010000 1 2
15.010000 2 3
15.010000 3 2
15.010000 4 3
15.010000 5 3
15.010000 6 3
15.010000 7 3
15.010000 8 2
15.010000 9 3
15.010000 10 3
16.010000 0 431
16.010000 1 446
16.010000 2 379
16.010000 3 406
16.010000 4 415
16.010000 5 472
16.010000 6 379
16.010000 7 411
16.010000 8 431
16.010000 9 476
16.010000 10 428
17.010000 0 283
17.010000 1 285
17.010000 2 227
17.010000 3 243
17.010000 4 267
17.010000 5 303
17.010000 6 227
17.010000 7 250
17.010000 8 283
17.010000 9 303
17.010000 10 263
18.010000 0 284
18.010000 1 286
18.010000 2 226
18.010000 3 244
18.010000 4 271
18.010000 5 304
18.010000 6 226
18.010000 7 249
18.010000 8 284
18.010000 9 304
18.010000 10 264
19.010000 0 277
19.010000 1 281
19.010000 2 221
19.010000 3 239
19.010000 4 262
19.010000 5 297
19.010000 6 221
19.010000 7 241
19.010000 8 277
19.010000 9 297
19.010000 10 261
20.010000 0 329
20.010000 1 329
20.010000 2 264
20.010000 3 285
20.010000 4 307
20.010000 5 351
20.010000 6 264
20.010000 7 285
20.010000 8 329
20.010000 9 351
20.010000 10 307
21.010000 0 310
21.010000 1 306
21.010000 2 247
21.010000 3 270
21.010000 4 284
21.010000 5 328
21.010000 6 247
21.010000 7 267
21.010000 8 310
21.010000 9 328
21.010000 10 284
22.010000 0 305
22.010000 1 303
22.010000 2 250
22.010000 3 261
22.010000 4 287
22.010000 5 327
22.010000 6 250
22.010000 7 266
22.010000 8 305
22.010000 9 327
22.010000 10 290
23.010000 0 320
23.010000 1 322
23.010000 2 255
23.010000 3 275
23.010000 4 302
23.010000 5 342
23.010000 6 255
23.010000 7 280
23.010000 8 320
23.010000 9 342
23.010000 10 298
24.010000 0 298
24.010000 1 298
24.010000 2 236
24.010000 3 259
24.010000 4 278
24.010000 5 318
24.010000 6 236
24.010000 7 257
24.010000 8 298
24.010000 9 318
24.010000 10 282
25.010000 0 304
25.010000 1 304
25.010000 2 244
25.010000 3 262
25.010000 4 284
25.010000 5 324
25.010000 6 244
25.010000 7 263
25.010000 8 304
25.010000 9 324
25.010000 10 283
26.010000 0 319
26.010000 1 313
26.010000 2 255
26.010000 3 281
26.010000 4 289
26.010000 5 337
26.010000 6 255
26.010000 7 271
26.010000 8 319
26.010000 9 337
26.010000 10 294
27.010000 0 293
27.010000 1 291
27.010000 2 235
27.010000 3 253
27.010000 4 271
27.010000 5 311
27.010000 6 235
27.010000 7 253
27.010000 8 293
27.010000 9 311
27.010000 10 270
28.010000 0 299
28.010000 1 295
28.010000 2 239
28.010000 3 263
28.010000 4 273
28.010000 5 317
28.010000 6 239
28.010000 7 255
28.010000 8 299
28.010000 9 317
28.010000 10 278
29.010000 0 293
29.010000 1 295
29.010000 2 237
29.010000 3 256
29.010000 4 275
29.010000 5 315
29.010000 6 237
29.010000 7 255
29.010000 8 293
29.010000 9 315
29.010000 10 279
30.010000 0 290
30.010000 1 288
30.010000 2 230
30.010000 3 249
30.010000 4 271
30.010000 5 308
30.010000 6 230
30.010000 7 252
30.010000 8 290
30.010000 9 308
30.010000 10 268
31.010000 0 294
31.010000 1 296
31.010000 2 236
31.010000 3 254
31.010000 4 275
31.010000 5 314
31.010000 6 236
31.010000 7 254
31.010000 8 294
31.010000 9 314
31.010000 10 275
32.010000 0 315
32.010000 1 319
32.010000 2 251
32.010000 3 273
32.010000 4 299
32.010000 5 339
32.010000 6 251
32.010000 7 275
32.010000 8 315
32.010000 9 339
32.010000 10 302
33.010000 0 298
33.010000 1 302
33.010000 2 238
33.010000 3 256
33.010000 4 284
33.010000 5 320
33.010000 6 238
33.010000 7 262
33.010000 8 298
33.010000 9 320
33.010000 10 280
34.010000 0 302
34.010000 1 302
34.010000 2 242
34.010000 3 262
34.010000 4 281
34.010000 5 322
34.010000 6 242
34.010000 7 262
34.010000 8 302
34.010000 9 322
34.010000 10 281
35.010000 0 292
35.010000 1 286
35.010000 2 234
35.010000 3 256
35.010000 4 264
35.010000 5 308
35.010000 6 234
35.010000 7 248
35.010000 8 292
35.010000 9 308
35.010000 10 268
36.010000 0 306
36.010000 1 306
36.010000 2 246
36.010000 3 266
36.010000 4 286
36.010000 5 328
36.010000 6 246
36.010000 7 266
36.010000 8 306
36.010000 9 328
36.010000 10 292
37.010000 0 282
37.010000 1 280
37.010000 2 226
37.010000 3 248
37.010000 4 258
37.010000 5 300
37.010000 6 226
37.010000 7 238
37.010000 8 282
37.010000 9 300
37.010000 10 268
38.010000 0 320
38.010000 1 322
38.010000 2 255
38.010000 3 275
38.010000 4 302
38.010000 5 342
38.010000 6 255
38.010000 7 280
38.010000 8 320
38.010000 9 342
38.010000 10 298
39.010000 0 307
39.010000 1 303
39.010000 2 247
39.010000 3 267
39.010000 4 281
39.010000 5 325
39.010000 6 247
39.010000 7 264
39.010000 8 307
39.010000 9 325
39.010000 10 281
40.010000 0 333
40.010000 1 333
40.010000 2 265
40.010000 3 289
40.010000 4 311
40.010000 5 355
40.010000 6 265
40.010000 7 288
40.010000 8 333
40.010000 9 355
40.010000 10 311
41.010000 0 299
41.010000 1 299
41.010000 2 241
41.010000 3 260
41.010000 4 279
41.010000 5 319
41.010000 6 241
41.010000 7 261
41.010000 8 299
41.010000 9 319
41.010000 10 275
42.010000 0 291
42.010000 1 289
42.010000 2 231
42.010000 3 252
42.010000 4 269
42.010000 5 309
42.010000 6 231
42.010000 7 249
42.010000 8 291
42.010000 9 309
42.010000 10 273
43.010000 0 308
43.010000 1 308
43.010000 2 246
43.010000 3 266
43.010000 4 288
43.010000 5 328
43.010000 6 246
43.010000 7 268
43.010000 8 308
43.010000 9 328
43.010000 10 284
44.010000 0 280
44.010000 1 276
44.010000 2 224
44.010000 3 244
44.010000 4 256
44.010000 5 296
44.010000 6 224
44.010000 7 240
44.010000 8 280
44.010000 9 296
44.010000 10 256
45.010000 0 268
45.010000 1 266
45.010000 2 214
45.010000 3 232
45.010000 4 248
45.010000 5 284
45.010000 6 214
45.010000 7 232
45.010000 8 268
45.010000 9 284
45.010000 10 244
46.010000 0 307
46.010000 1 309
46.010000 2 246
46.010000 3 265
46.010000 4 289
46.010000 5 329
46.010000 6 246
46.010000 7 269
46.010000 8 307
46.010000 9 329
46.010000 10 289
47.010000 0 289
47.010000 1 289
47.010000 2 230
47.010000 3 249
47.010000 4 271
47.010000 5 307
47.010000 6 230
47.010000 7 251
47.010000 8 289
47.010000 9 307
47.010000 10 263
48.010000 0 272
48.010000 1 272
48.010000 2 218
48.010000 3 235
48.010000 4 254
48.010000 5 290
48.010000 6 218
48.010000 7 236
48.010000 8 272
48.010000 9 290
48.010000 10 253
49.010000 0 311
49.010000 1 309
49.010000 2 249
49.010000 3 271
49.010000 4 287
49.010000 5 331
49.010000 6 249
49.010000 7 268
49.010000 8 311
49.010000 9 331
49.010000 10 291
50.010000 0 311
50.010000 1 311
50.010000 2 249
50.010000 3 269
50.010000 4 290
50.010000 5 331
50.010000 6 249
50.010000 7 270
50.010000 8 311
50.010000 9 331
50.010000 10 286
51.010000 0 290
51.010000 1 294
51.010000 2 232
51.010000 3 250
51.010000 4 276
51.010000 5 312
51.010000 6 232
51.010000 7 254
51.010000 8 290
51.010000 9 312
51.010000 10 276
52.010000 0 287
52.010000 1 287
52.010000 2 229
52.010000 3 246
52.010000 4 269
52.010000 5 305
52.010000 6 229
52.010000 7 251
52.010000 8 287
52.010000 9 305
52.010000 10 261
53.010000 0 319
53.010000 1 321
53.010000 2 254
53.010000 3 275
53.010000 4 301
53.010000 5 341
53.010000 6 254
53.010000 7 279
53.010000 8 319
53.010000 9 341
53.010000 10 297
54.010000 0 278
54.010000 1 278
54.010000 2 222
54.010000 3 240
54.010000 4 260
54.010000 5 296
54.010000 6 222
54.010000 7 242
54.010000 8 278
54.010000 9 296
54.010000 10 256
55.010000 0 306
55.010000 1 300
55.010000 2 246
55.010000 3 270
55.010000 4 276
55.010000 5 324
55.010000 6 246
55.010000 7 258
55.010000 8 306
55.010000 9 324
55.010000 10 288
56.010000 0 308
56.010000 1 308
56.010000 2 246
56.010000 3 266
56.010000 4 288
56.010000 5 328
56.010000 6 246
56.010000 7 268
56.010000 8 308
56.010000 9 328
56.010000 10 284
57.010000 0 291
57.010000 1 291
57.010000 2 234
57.010000 3 253
57.010000 4 271
57.010000 5 311
57.010000 6 234
57.010000 7 251
57.010000 8 291
57.010000 9 311
57.010000 10 275
58.010000 0 292
58.010000 1 294
58.010000 2 234
58.010000 3 250
58.010000 4 276
58.010000 5 312
58.010000 6 234
58.010000 7 258
58.010000 8 292
58.010000 9 312
58.010000 10 268
59.010000 0 293
59.010000 1 295
59.010000 2 232
59.010000 3 253
59.010000 4 277
59.010000 5 313
59.010000 6 232
59.010000 7 255
59.010000 8 293
59.010000 9 313
59.010000 10 273
60.010000 0 305
60.010000 1 307
60.010000 2 246
60.010000 3 263
60.010000 4 287
60.010000 5 327
60.010000 6 246
60.010000 7 267
60.010000 8 305
60.010000 9 327
60.010000 10 287
61.010000 0 309
61.010000 1 307
61.010000 2 246
61.010000 3 271
61.010000 4 285
61.010000 5 329
61.010000 6 246
61.010000 7 263
61.010000 8 309
61.010000 9 329
61.010000 10 293
62.010000 0 276
62.010000 1 278
62.010000 2 222
62.010000 3 238
62.010000 4 260
62.010000 5 296
62.010000 6 222
62.010000 7 242
62.010000 8 276
62.010000 9 296
62.010000 10 260
63.010000 0 271
63.010000 1 275
63.010000 2 218
63.010000 3 233
63.010000 4 259
63.010000 5 291
63.010000 6 218
63.010000 7 239
63.010000 8 271
63.010000 9 291
63.010000 10 251
64.010000 0 268
64.010000 1 264
64.010000 2 215
64.010000 3 235
64.010000 4 244
64.010000 5 284
64.010000 6 215
64.010000 7 228
64.010000 8 268
64.010000 9 284
64.010000 10 250
65.010000 0 320
65.010000 1 324
65.010000 2 254
65.010000 3 275
65.010000 4 304
65.010000 5 344
65.010000 6 254
65.010000 7 278
65.010000 8 320
65.010000 9 344
65.010000 10 309
66.010000 0 285
66.010000 1 287
66.010000 2 227
66.010000 3 247
66.010000 4 269
66.010000 5 305
66.010000 6 227
66.010000 7 249
66.010000 8 285
66.010000 9 305
66.010000 10 266
67.010000 0 302
67.010000 1 304
67.010000 2 242
67.010000 3 262
67.010000 4 284
67.010000 5 324
67.010000 6 242
67.010000 7 262
67.010000 8 302
67.010000 9 324
67.010000 10 288
68.010000 0 340
68.010000 1 342
68.010000 2 272
68.010000 3 294
68.010000 4 320
68.010000 5 364
68.010000 6 272
68.010000 7 296
68.010000 8 340
68.010000 9 364
68.010000 10 320
69.010000 0 291
69.010000 1 290
69.010000 2 234
69.010000 3 254
69.010000 4 270
69.010000 5 310
69.010000 6 234
69.010000 7 252
69.010000 8 291
69.010000 9 310
69.010000 10 269
70.010000 0 318
70.010000 1 320
70.010000 2 254
70.010000 3 274
70.010000 4 300
70.010000 5 340
70.010000 6 254
70.010000 7 278
70.010000 8 318
70.010000 9 340
70.010000 10 296
71.010000 0 310
71.010000 1 306
71.010000 2 248
71.010000 3 270
71.010000 4 284
71.010000 5 328
71.010000 6 248
71.010000 7 266
71.010000 8 310
71.010000 9 328
71.010000 10 284
72.010000 0 317
72.010000 1 317
72.010000 2 255
72.010000 3 275
72.010000 4 295
72.010000 5 339
72.010000 6 255
72.010000 7 276
72.010000 8 317
72.010000 9 339
72.010000 10 299
73.010000 0 283
73.010000 1 283
73.010000 2 225
73.010000 3 245
73.010000 4 265
73.010000 5 301
73.010000 6 225
73.010000 7 244
73.010000 8 283
73.010000 9 301
73.010000 10 261
74.010000 0 302
74.010000 1 304
74.010000 2 242
74.010000 3 262
74.010000 4 284
74.010000 5 324
74.010000 6 242
74.010000 7 262
74.010000 8 302
74.010000 9 324
74.010000 10 288
75.010000 0 319
75.010000 1 319
75.010000 2 256
75.010000 3 277
75.010000 4 297
75.010000 5 341
75.010000 6 256
75.010000 7 277
75.010000 8 319
75.010000 9 341
75.010000 10 301
76.010000 0 294
76.010000 1 300
76.010000 2 237
76.010000 3 255
76.010000 4 282
76.010000 5 318
76.010000 6 237
76.010000 7 258
76.010000 8 294
76.010000 9 318
76.010000 10 282
77.010000 0 291
77.010000 1 289
77.010000 2 231
77.010000 3 252
77.010000 4 269
77.010000 5 309
77.010000 6 231
77.010000 7 249
77.010000 8 291
77.010000 9 309
77.010000 10 273
78.010000 0 292
78.010000 1 296
78.010000 2 232
78.010000 3 248
78.010000 4 280
78.010000 5 312
78.010000 6 232
78.010000 7 260
78.010000 8 292
78.010000 9 312
78.010000 10 264
79.010000 0 329
79.010000 1 327
79.010000 2 265
79.010000 3 287
79.010000 4 303
79.010000 5 351
79.010000 6 265
79.010000 7 284
79.010000 8 329
79.010000 9 351
79.010000 10 311
80.010000 0 277
80.010000 1 279
80.010000 2 221
80.010000 3 241
80.010000 4 261
80.010000 5 297
80.010000 6 221
80.010000 7 238
80.010000 8 277
80.010000 9 297
80.010000 10 265
81.010000 0 330
81.010000 1 330
81.010000 2 264
81.010000 3 286
81.010000 4 308
81.010000 5 352
81.010000 6 264
81.010000 7 286
81.010000 8 330
81.010000 9 352
81.010000 10 308
82.010000 0 290
82.010000 1 294
82.010000 2 234
82.010000 3 250
82.010000 4 276
82.010000 5 312
82.010000 6 234
82.010000 7 256
82.010000 8 290
82.010000 9 312
82.010000 10 272
83.010000 0 306
83.010000 1 304
83.010000 2 242
83.010000 3 264
83.010000 4 284
83.010000 5 324
83.010000 6 242
83.010000 7 264
83.010000 8 306
83.010000 9 324
83.010000 10 280
84.010000 0 302
84.010000 1 298
84.010000 2 242
84.010000 3 264
84.010000 4 276
84.010000 5 320
84.010000 6 242
84.010000 7 258
84.010000 8 302
84.010000 9 320
84.010000 10 280
85.010000 0 320
85.010000 1 324
85.010000 2 256
85.010000 3 276
85.010000 4 304
85.010000 5 344
85.010000 6 256
85.010000 7 280
85.010000 8 320
85.010000 9 344
85.010000 10 304
86.010000 0 285
86.010000 1 283
86.010000 2 229
86.010000 3 247
86.010000 4 263
86.010000 5 303
86.010000 6 229
86.010000 7 248
86.010000 8 285
86.010000 9 303
86.010000 10 263
87.010000 0 317
87.010000 1 321
87.010000 2 253
87.010000 3 275
87.010000 4 301
87.010000 5 341
87.010000 6 253
87.010000 7 274
87.010000 8 317
87.010000 9 341
87.010000 10 305
88.010000 0 310
88.010000 1 310
88.010000 2 250
88.010000 3 270
88.010000 4 288
88.010000 5 332
88.010000 6 250
88.010000 7 268
88.010000 8 310
88.010000 9 332
88.010000 10 296
89.010000 0 292
89.010000 1 294
89.010000 2 232
89.010000 3 252
89.010000 4 276
89.010000 5 312
89.010000 6 232
89.010000 7 254
89.010000 8 292
89.010000 9 312
89.010000 10 272
90.010000 0 329
90.010000 1 329
90.010000 2 263
90.010000 3 285
90.010000 4 307
90.010000 5 351
90.010000 6 263
90.010000 7 286
90.010000 8 329
90.010000 9 351
90.010000 10 307
91.010000 0 286
91.010000 1 282
91.010000 2 230
91.010000 3 248
91.010000 4 262
91.010000 5 302
91.010000 6 230
91.010000 7 246
91.010000 8 286
91.010000 9 302
91.010000 10 258
92.010000 0 285
92.010000 1 289
92.010000 2 229
92.010000 3 248
92.010000 4 271
92.010000 5 307
92.010000 6 229
92.010000 7 250
92.010000 8 285
92.010000 9 307
92.010000 10 270
93.010000 0 338
93.010000 1 339
93.010000 2 269
93.010000 3 292
93.010000 4 317
93.010000 5 361
93.010000 6 269
93.010000 7 294
93.010000 8 338
93.010000 9 361
93.010000 10 317
94.010000 0 316
94.010000 1 312
94.010000 2 255
94.010000 3 278
94.010000 4 288
94.010000 5 336
94.010000 6 255
94.010000 7 267
94.010000 8 316
94.010000 9 336
94.010000 10 300
95.010000 0 303
95.010000 1 300
95.010000 2 244
95.010000 3 266
95.010000 4 278
95.010000 5 322
95.010000 6 244
95.010000 7 260
95.010000 8 303
95.010000 9 322
95.010000 10 281
96.010000 0 301
96.010000 1 301
96.010000 2 240
96.010000 3 261
96.010000 4 281
96.010000 5 321
96.010000 6 240
96.010000 7 261
96.010000 8 301
96.010000 9 321
96.010000 10 281
97.010000 0 286
97.010000 1 282
97.010000 2 230
97.010000 3 252
97.010000 4 260
97.010000 5 304
97.010000 6 230
97.010000 7 242
97.010000 8 286
97.010000 9 304
97.010000 10 272
98.010000 0 327
98.010000 1 331
98.010000 2 262
98.010000 3 281
98.010000 4 311
98.010000 5 351
98.010000 6 262
98.010000 7 287
98.010000 8 327
98.010000 9 351
98.010000 10 307
99.010000 0 290
99.010000 1 291
99.010000 2 231
99.010000 3 250
99.010000 4 274
99.010000 5 310
99.010000 6 231
99.010000 7 254
99.010000 8 290
99.010000 9 310
99.010000 10 270
100.010000 0 279
100.010000 1 282
100.010000 2 223
100.010000 3 241
100.010000 4 263
100.010000 5 299
100.010000 6 223
100.010000 7 243
100.010000 8 279
100.010000 9 299
100.010000 10 263
101.010000 0 283
101.010000 1 283
101.010000 2 229
101.010000 3 248
101.010000 4 263
101.010000 5 303
101.010000 6 229
101.010000 7 245
101.010000 8 283
101.010000 9 303
101.010000 10 267
102.010000 0 279
102.010000 1 279
102.010000 2 221
102.010000 3 240
102.010000 4 261
102.010000 5 297
102.010000 6 221
102.010000 7 241
102.010000 8 279
102.010000 9 297
102.010000 10 261
103.010000 0 290
103.010000 1 288
103.010000 2 232
103.010000 3 252
103.010000 4 268
103.010000 5 308
103.010000 6 232
103.010000 7 250
103.010000 8 290
103.010000 9 308
103.010000 10 268
104.010000 0 284
104.010000 1 288
104.010000 2 226
104.010000 3 242
104.010000 4 272
104.010000 5 304
104.010000 6 226
104.010000 7 252
104.010000 8 284
104.010000 9 304
104.010000 10 260
105.010000 0 310
105.010000 1 312
105.010000 2 248
105.010000 3 268
105.010000 4 292
105.010000 5 332
105.010000 6 248
105.010000 7 270
105.010000 8 310
105.010000 9 332
105.010000 10 292
106.010000 0 304
106.010000 1 300
106.010000 2 244
106.010000 3 264
106.010000 4 279
106.010000 5 322
106.010000 6 244
106.010000 7 263
106.010000 8 304
106.010000 9 322
106.010000 10 278
107.010000 0 280
107.010000 1 282
107.010000 2 222
107.010000 3 240
107.010000 4 265
107.010000 5 298
107.010000 6 222
107.010000 7 245
107.010000 8 280
107.010000 9 298
107.010000 10 254
108.010000 0 310
108.010000 1 313
108.010000 2 251
108.010000 3 270
108.010000 4 293
108.010000 5 333
108.010000 6 251
108.010000 7 273
108.010000 8 310
108.010000 9 333
108.010000 10 288
109.010000 0 311
109.010000 1 311
109.010000 2 246
109.010000 3 267
109.010000 4 291
109.010000 5 331
109.010000 6 246
109.010000 7 269
109.010000 8 311
109.010000 9 331
109.010000 10 291
110.010000 0 312
110.010000 1 320
110.010000 2 248
110.010000 3 264
110.010000 4 304
110.010000 5 336
110.010000 6 248
110.010000 7 280
110.010000 8 312
110.010000 9 336
110.010000 10 288
111.010000 0 296
111.010000 1 298
111.010000 2 236
111.010000 3 254
111.010000 4 280
111.010000 5 316
111.010000 6 236
111.010000 7 260
111.010000 8 296
111.010000 9 316
111.010000 10 272
112.010000 0 318
112.010000 1 320
112.010000 2 254
112.010000 3 274
112.010000 4 300
112.010000 5 340
112.010000 6 254
112.010000 7 278
112.010000 8 318
112.010000 9 340
112.010000 10 296
113.010000 0 304
113.010000 1 302
113.010000 2 244
113.010000 3 266
113.010000 4 280
113.010000 5 324
113.010000 6 244
113.010000 7 260
113.010000 8 304
113.010000 9 324
113.010000 10 288
114.010000 0 289
114.010000 1 291
114.010000 2 232
114.010000 3 248
114.010000 4 273
114.010000 5 309
114.010000 6 232
114.010000 7 253
114.010000 8 289
114.010000 9 309
114.010000 10 268
115.010000 0 324
115.010000 1 326
115.010000 2 259
115.010000 3 280
115.010000 4 307
115.010000 5 348
115.010000 6 259
115.010000 7 284
115.010000 8 324
115.010000 9 348
115.010000 10 308
116.010000 0 275
116.010000 1 277
116.010000 2 219
116.010000 3 237
116.010000 4 258
116.010000 5 293
116.010000 6 219
116.010000 7 239
116.010000 8 275
116.010000 9 293
116.010000 10 253
117.010000 0 305
117.010000 1 307
117.010000 2 245
117.010000 3 263
117.010000 4 287
117.010000 5 327
117.010000 6 245
117.010000 7 268
117.010000 8 305
117.010000 9 327
117.010000 10 287
118.010000 0 291
118.010000 1 297
118.010000 2 231
118.010000 3 249
118.010000 4 281
118.010000 5 313
118.010000 6 231
118.010000 7 256
118.010000 8 291
118.010000 9 313
118.010000 10 273
119.010000 0 324
119.010000 1 320
119.010000 2 260
119.010000 3 284
119.010000 4 296
119.010000 5 344
119.010000 6 260
119.010000 7 276
119.010000 8 324
119.010000 9 344
119.010000 10 304
120.010000 0 309
120.010000 1 311
120.010000 2 248
120.010000 3 267
120.010000 4 291
120.010000 5 331
120.010000 6 248
120.010000 7 269
120.010000 8 309
120.010000 9 331
120.010000 10 291
121.010000 0 297
121.010000 1 299
121.010000 2 236
121.010000 3 255
121.010000 4 281
121.010000 5 317
121.010000 6 236
121.010000 7 261
121.010000 8 297
121.010000 9 317
121.010000 10 273
122.010000 0 300
122.010000 1 300
122.010000 2 240
122.010000 3 260
122.010000 4 280
122.010000 5 320
122.010000 6 240
122.010000 7 260
122.010000 8 300
122.010000 9 320
122.010000 10 280
123.010000 0 292
123.010000 1 292
123.010000 2 234
123.010000 3 254
123.010000 4 272
123.010000 5 312
123.010000 6 234
123.010000 7 252
123.010000 8 292
123.010000 9 312
123.010000 10 276
124.010000 0 282
124.010000 1 280
124.010000 2 226
124.010000 3 246
124.010000 4 260
124.010000 5 300
124.010000 6 226
124.010000 7 242
124.010000 8 282
124.010000 9 300
124.010000 10 264
125.010000 0 290
125.010000 1 288
125.010000 2 232
125.010000 3 252
125.010000 4 268
125.010000 5 308
125.010000 6 232
125.010000 7 250
125.010000 8 290
125.010000 9 308
125.010000 10 268
126.010000 0 304
126.010000 1 302
126.010000 2 244
126.010000 3 266
126.010000 4 280
126.010000 5 324
126.010000 6 244
126.010000 7 260
126.010000 8 304
126.010000 9 324
126.010000 10 288
127.010000 0 276
127.010000 1 274
127.010000 2 220
127.010000 3 238
127.010000 4 256
127.010000 5 292
127.010000 6 220
127.010000 7 240
127.010000 8 276
127.010000 9 292
127.010000 10 248
128.010000 0 312
128.010000 1 310
128.010000 2 250
128.010000 3 272
128.010000 4 288
128.010000 5 332
128.010000 6 250
128.010000 7 268
128.010000 8 312
128.010000 9 332
128.010000 10 292
129.010000 0 320
129.010000 1 322
129.010000 2 254
129.010000 3 272
129.010000 4 304
129.010000 5 340
129.010000 6 254
129.010000 7 284
129.010000 8 320
129.010000 9 340
129.010000 10 284
130.010000 0 299
130.010000 1 299
130.010000 2 240
130.010000 3 259
130.010000 4 279
130.010000 5 319
130.010000 6 240
130.010000 7 259
130.010000 8 299
130.010000 9 319
130.010000 10 279
131.010000 0 291
131.010000 1 289
131.010000 2 232
131.010000 3 253
131.010000 4 269
131.010000 5 309
131.010000 6 232
131.010000 7 251
131.010000 8 291
131.010000 9 309
131.010000 10 269
132.010000 0 305
132.010000 1 305
132.010000 2 245
132.010000 3 263
132.010000 4 285
132.010000 5 325
132.010000 6 245
132.010000 7 265
132.010000 8 305
132.010000 9 325
132.010000 10 282
133.010000 0 285
133.010000 1 283
133.010000 2 227
133.010000 3 249
133.010000 4 263
133.010000 5 303
133.010000 6 227
133.010000 7 245
133.010000 8 285
133.010000 9 303
133.010000 10 266
134.010000 0 285
134.010000 1 287
134.010000 2 228
134.010000 3 245
134.010000 4 269
134.010000 5 305
134.010000 6 228
134.010000 7 251
134.010000 8 285
134.010000 9 305
134.010000 10 265
135.010000 0 281
135.010000 1 281
135.010000 2 224
135.010000 3 243
135.010000 4 263
135.010000 5 299
135.010000 6 224
135.010000 7 243
135.010000 8 281
135.010000 9 299
135.010000 10 259
136.010000 0 305
136.010000 1 307
136.010000 2 245
136.010000 3 263
136.010000 4 287
136.010000 5 327
136.010000 6 245
136.010000 7 268
136.010000 8 305
136.010000 9 327
136.010000 10 287
137.010000 0 316
137.010000 1 314
137.010000 2 254
137.010000 3 277
137.010000 4 292
137.010000 5 336
137.010000 6 254
137.010000 7 271
137.010000 8 316
137.010000 9 336
137.010000 10 292
138.010000 0 324
138.010000 1 322
138.010000 2 258
138.010000 3 279
138.010000 4 300
138.010000 5 344
138.010000 6 258
138.010000 7 281
138.010000 8 324
138.010000 9 344
138.010000 10 300
139.010000 0 292
139.010000 1 292
139.010000 2 234
139.010000 3 254
139.010000 4 272
139.010000 5 312
139.010000 6 234
139.010000 7 249
139.010000 8 292
139.010000 9 312
139.010000 10 279
140.010000 0 297
140.010000 1 297
140.010000 2 237
140.010000 3 259
140.010000 4 277
140.010000 5 317
140.010000 6 237
140.010000 7 257
140.010000 8 297
140.010000 9 317
140.010000 10 278
141.010000 0 304
141.010000 1 302
141.010000 2 244
141.010000 3 266
141.010000 4 280
141.010000 5 324
141.010000 6 244
141.010000 7 260
141.010000 8 304
141.010000 9 324
141.010000 10 288
142.010000 0 302
142.010000 1 298
142.010000 2 242
142.010000 3 264
142.010000 4 276
142.010000 5 320
142.010000 6 242
142.010000 7 258
142.010000 8 302
142.010000 9 320
142.010000 10 280
143.010000 0 297
143.010000 1 297
143.010000 2 237
143.010000 3 253
143.010000 4 279
143.010000 5 315
143.010000 6 237
143.010000 7 261
143.010000 8 297
143.010000 9 315
143.010000 10 266
144.010000 0 273
144.010000 1 277
144.010000 2 217
144.010000 3 235
144.010000 4 261
144.010000 5 293
144.010000 6 217
144.010000 7 241
144.010000 8 273
144.010000 9 293
144.010000 10 254
145.010000 0 274
145.010000 1 272
145.010000 2 220
145.010000 3 240
145.010000 4 252
145.010000 5 292
145.010000 6 220
145.010000 7 234
145.010000 8 274
145.010000 9 292
145.010000 10 260
146.010000 0 298
146.010000 1 296
146.010000 2 238
146.010000 3 258
146.010000 4 276
146.010000 5 316
146.010000 6 238
146.010000 7 258
146.010000 8 298
146.010000 9 316
146.010000 10 272
147.010000 0 290
147.010000 1 294
147.010000 2 232
147.010000 3 250
147.010000 4 276
147.010000 5 312
147.010000 6 232
147.010000 7 254
147.010000 8 290
147.010000 9 312
147.010000 10 276
148.010000 0 323
148.010000 1 319
148.010000 2 261
148.010000 3 284
148.010000 4 295
148.010000 5 343
148.010000 6 261
148.010000 7 277
148.010000 8 323
148.010000 9 343
148.010000 10 299
149.010000 0 277
149.010000 1 275
149.010000 2 219
149.010000 3 238
149.010000 4 257
149.010000 5 293
149.010000 6 219
149.010000 7 239
149.010000 8 277
149.010000 9 293
149.010000 10 253
