0.010000 0 6
0.010000 1 5
0.010000 2 6
0.010000 3 6
0.010000 4 6
0.010000 5 5
0.010000 6 5
0.010000 7 5
0.010000 8 6
0.010000 9 6
0.010000 10 6
0.010000 11 6
0.010000 12 5
0.010000 13 6
0.010000 14 6
0.010000 15 6
0.010000 16 6
0.010000 17 5
0.010000 18 6
0.010000 19 6
1.010000 0 18
1.010000 1 19
1.010000 2 18
1.010000 3 17
1.010000 4 17
1.010000 5 19
1.010000 6 19
1.010000 7 19
1.010000 8 18
1.010000 9 18
1.010000 10 18
1.010000 11 17
1.010000 12 19
1.010000 13 18
1.010000 14 17
1.010000 15 18
1.010000 16 18
1.010000 17 19
1.010000 18 17
1.010000 19 18
2.010000 0 18
2.010000 1 18
2.010000 2 18
2.010000 3 19
2.010000 4 19
2.010000 5 18
2.010000 6 18
2.010000 7 18
2.010000 8 18
2.010000 9 17
2.010000 10 18
2.010000 11 19
2.010000 12 17
2.010000 13 17
2.010000 14 19
2.010000 15 18
2.010000 16 18
2.010000 17 18
2.010000 18 19
2.010000 19 17
3.010000 0 19
3.010000 1 20
3.010000 2 20
3.010000 3 20
3.010000 4 20
3.010000 5 20
3.010000 6 19
3.010000 7 20
3.010000 8 20
3.010000 9 21
3.010000 10 19
3.010000 11 19
3.010000 12 21
3.010000 13 20
3.010000 14 20
3.010000 15 20
3.010000 16 20
3.010000 17 20
3.010000 18 20
3.010000 19 21
4.010000 0 20
4.010000 1 18
4.010000 2 19
4.010000 3 19
4.010000 4 19
4.010000 5 19
4.010000 6 20
4.010000 7 19
4.010000 8 18
4.010000 9 19
4.010000 10 20
4.010000 11 19
4.010000 12 19
4.010000 13 19
4.010000 14 19
4.010000 15 19
4.010000 16 19
4.010000 17 18
4.010000 18 19
4.010000 19 19
5.010000 0 18
5.010000 1 20
5.010000 2 19
5.010000 3 19
5.010000 4 19
5.010000 5 19
5.010000 6 19
5.010000 7 18
5.010000 8 20
5.010000 9 19
5.010000 10 19
5.010000 11 20
5.010000 12 18
5.010000 13 20
5.010000 14 19
5.010000 15 19
5.010000 16 19
5.010000 17 19
5.010000 18 18
5.010000 19 19
6.010000 0 20
6.010000 1 19
6.010000 2 19
6.010000 3 19
6.010000 4 19
6.010000 5 19
6.010000 6 19
6.010000 7 20
6.010000 8 19
6.010000 9 19
6.010000 10 19
6.010000 11 19
6.010000 12 19
6.010000 13 18
6.010000 14 19
6.010000 15 19
6.010000 16 18
6.010000 17 20
6.010000 18 19
6.010000 19 18
7.010000 0 18
7.010000 1 17
7.010000 2 18
7.010000 3 18
7.010000 4 18
7.010000 5 18
7.010000 6 18
7.010000 7 18
7.010000 8 17
7.010000 9 18
7.010000 10 17
7.010000 11 18
7.010000 12 19
7.010000 13 19
7.010000 14 18
7.010000 15 18
7.010000 16 19
7.010000 17 18
7.010000 18 19
7.010000 19 18
8.010000 0 25
8.010000 1 25
8.010000 2 25
8.010000 3 24
8.010000 4 25
8.010000 5 24
8.010000 6 24
8.010000 7 25
8.010000 8 25
8.010000 9 24
8.010000 10 26
8.010000 11 25
8.010000 12 24
8.010000 13 25
8.010000 14 25
8.010000 15 25
8.010000 16 24
8.010000 17 25
8.010000 18 24
8.010000 19 25
9.010000 0 13
9.010000 1 14
9.010000 2 13
9.010000 3 14
9.010000 4 13
9.010000 5 14
9.010000 6 14
9.010000 7 13
9.010000 8 14
9.010000 9 14
9.010000 10 13
9.010000 11 13
9.010000 12 14
9.010000 13 13
9.010000 14 12
9.010000 15 12
9.010000 16 14
9.010000 17 12
9.010000 18 14
9.010000 19 13
10.010000 0 20
10.010000 1 20
10.010000 2 19
10.010000 3 20
10.010000 4 19
10.010000 5 20
10.010000 6 19
10.010000 7 20
10.010000 8 20
10.010000 9 20
10.010000 10 20
10.010000 11 20
10.010000 12 19
10.010000 13 19
10.010000 14 21
10.010000 15 21
10.010000 16 20
10.010000 17 21
10.010000 18 20
10.010000 19 21
11.010000 0 19
11.010000 1 19
11.010000 2 19
11.010000 3 19
11.010000 4 20
11.010000 5 18
11.010000 6 20
11.010000 7 19
11.010000 8 18
11.010000 9 18
11.010000 10 19
11.010000 11 18
11.010000 12 20
11.010000 13 20
11.010000 14 19
11.010000 15 19
11.010000 16 19
11.010000 17 19
11.010000 18 19
11.010000 19 19
12.010000 0 18
12.010000 1 18
12.010000 2 19
12.010000 3 18
12.010000 4 18
12.010000 5 19
12.010000 6 18
12.010000 7 18
12.010000 8 18
12.010000 9 19
12.010000 10 18
12.010000 11 19
12.010000 12 17
12.010000 13 18
12.010000 14 17
12.010000 15 18
12.010000 16 18
12.010000 17 18
12.010000 18 18
12.010000 19 17
13.010000 0 19
13.010000 1 19
13.010000 2 19
13.010000 3 19
13.010000 4 19
13.010000 5 19
13.010000 6 18
13.010000 7 19
13.010000 8 19
13.010000 9 19
13.010000 10 19
13.010000 11 19
13.010000 12 20
13.010000 13 18
13.010000 14 20
13.010000 15 19
13.010000 16 19
13.010000 17 19
13.010000 18 19
13.010000 19 19
14.010000 0 21
14.010000 1 20
14.010000 2 21
14.010000 3 20
14.010000 4 20
14.010000 5 21
14.010000 6 22
14.010000 7 21
14.010000 8 22
14.010000 9 21
14.010000 10 21
14.010000 11 20
14.010000 12 20
14.010000 13 22
14.010000 14 21
14.010000 15 21
14.010000 16 21
14.010000 17 21
14.010000 18 20
14.010000 19 22
15.010000 0 19
15.010000 1 19
15.010000 2 19
15.010000 3 20
15.010000 4 20
15.010000 5 19
15.010000 6 19
15.010000 7 18
15.010000 8 19
15.010000 9 18
15.010000 10 19
15.010000 11 20
15.010000 12 20
15.010000 13 19
15.010000 14 18
15.010000 15 18
15.010000 16 19
15.010000 17 19
15.010000 18 19
15.010000 19 19
16.010000 0 17
16.010000 1 18
16.010000 2 18
16.010000 3 17
16.010000 4 18
16.010000 5 18
16.010000 6 18
16.010000 7 18
16.010000 8 18
16.010000 9 19
16.010000 10 18
16.010000 11 18
16.010000 12 17
16.010000 13 18
16.010000 14 19
16.010000 15 19
16.010000 16 18
16.010000 17 18
16.010000 18 19
16.010000 19 18
17.010000 0 82
17.010000 1 99
17.010000 2 98
17.010000 3 99
17.010000 4 98
17.010000 5 98
17.010000 6 98
17.010000 7 99
17.010000 8 97
17.010000 9 98
17.010000 10 98
17.010000 11 67
17.010000 12 98
17.010000 13 98
17.010000 14 98
17.010000 15 98
17.010000 16 98
17.010000 17 97
17.010000 18 85
17.010000 19 97
18.010000 0 311
18.010000 1 407
18.010000 2 407
18.010000 3 407
18.010000 4 407
18.010000 5 406
18.010000 6 406
18.010000 7 407
18.010000 8 408
18.010000 9 407
18.010000 10 407
18.010000 11 213
18.010000 12 407
18.010000 13 407
18.010000 14 407
18.010000 15 407
18.010000 16 407
18.010000 17 407
18.010000 18 309
18.010000 19 408
19.010000 0 128
19.010000 1 164
19.010000 2 164
19.010000 3 164
19.010000 4 164
19.010000 5 165
19.010000 6 165
19.010000 7 164
19.010000 8 164
19.010000 9 163
19.010000 10 164
19.010000 11 92
19.010000 12 164
19.010000 13 164
19.010000 14 163
19.010000 15 163
19.010000 16 164
19.010000 17 165
19.010000 18 128
19.010000 19 163
20.010000 0 127
20.010000 1 166
20.010000 2 166
20.010000 3 166
20.010000 4 166
20.010000 5 166
20.010000 6 166
20.010000 7 165
20.010000 8 166
20.010000 9 166
20.010000 10 166
20.010000 11 92
20.010000 12 167
20.010000 13 165
20.010000 14 167
20.010000 15 167
20.010000 16 166
20.010000 17 166
20.010000 18 130
20.010000 19 167
21.010000 0 140
21.010000 1 179
21.010000 2 179
21.010000 3 179
21.010000 4 179
21.010000 5 178
21.010000 6 178
21.010000 7 180
21.010000 8 179
21.010000 9 180
21.010000 10 178
21.010000 11 98
21.010000 12 179
21.010000 13 180
21.010000 14 179
21.010000 15 179
21.010000 16 179
21.010000 17 179
21.010000 18 139
21.010000 19 179
22.010000 0 137
22.010000 1 177
22.010000 2 177
22.010000 3 177
22.010000 4 177
22.010000 5 178
22.010000 6 177
22.010000 7 177
22.010000 8 176
22.010000 9 177
22.010000 10 178
22.010000 11 98
22.010000 12 177
22.010000 13 177
22.010000 14 177
22.010000 15 177
22.010000 16 177
22.010000 17 177
22.010000 18 137
22.010000 19 177
23.010000 0 138
23.010000 1 177
23.010000 2 177
23.010000 3 177
23.010000 4 177
23.010000 5 177
23.010000 6 177
23.010000 7 176
23.010000 8 178
23.010000 9 177
23.010000 10 177
23.010000 11 99
23.010000 12 177
23.010000 13 176
23.010000 14 177
23.010000 15 177
23.010000 16 177
23.010000 17 177
23.010000 18 137
23.010000 19 177
24.010000 0 148
24.010000 1 190
24.010000 2 190
24.010000 3 190
24.010000 4 190
24.010000 5 190
24.010000 6 190
24.010000 7 190
24.010000 8 190
24.010000 9 189
24.010000 10 190
24.010000 11 105
24.010000 12 190
24.010000 13 191
24.010000 14 190
24.010000 15 190
24.010000 16 189
24.010000 17 189
24.010000 18 148
24.010000 19 190
25.010000 0 131
25.010000 1 169
25.010000 2 169
25.010000 3 169
25.010000 4 168
25.010000 5 169
25.010000 6 170
25.010000 7 169
25.010000 8 169
25.010000 9 169
25.010000 10 169
25.010000 11 94
25.010000 12 169
25.010000 13 169
25.010000 14 169
25.010000 15 169
25.010000 16 170
25.010000 17 170
25.010000 18 131
25.010000 19 168
26.010000 0 139
26.010000 1 179
26.010000 2 179
26.010000 3 179
26.010000 4 180
26.010000 5 179
26.010000 6 179
26.010000 7 180
26.010000 8 179
26.010000 9 180
26.010000 10 179
26.010000 11 98
26.010000 12 179
26.010000 13 179
26.010000 14 178
26.010000 15 179
26.010000 16 178
26.010000 17 178
26.010000 18 139
26.010000 19 180
27.010000 0 145
27.010000 1 188
27.010000 2 189
27.010000 3 189
27.010000 4 189
27.010000 5 189
27.010000 6 188
27.010000 7 189
27.010000 8 188
27.010000 9 189
27.010000 10 189
27.010000 11 105
27.010000 12 189
27.010000 13 189
27.010000 14 190
27.010000 15 189
27.010000 16 190
27.010000 17 190
27.010000 18 147
27.010000 19 189
28.010000 0 140
28.010000 1 180
28.010000 2 178
28.010000 3 179
28.010000 4 179
28.010000 5 179
28.010000 6 180
28.010000 7 179
28.010000 8 180
28.010000 9 179
28.010000 10 178
28.010000 11 100
28.010000 12 179
28.010000 13 179
28.010000 14 179
28.010000 15 178
28.010000 16 178
28.010000 17 178
28.010000 18 139
28.010000 19 179
29.010000 0 126
29.010000 1 162
29.010000 2 163
29.010000 3 161
29.010000 4 162
29.010000 5 162
29.010000 6 162
29.010000 7 161
29.010000 8 162
29.010000 9 161
29.010000 10 163
29.010000 11 90
29.010000 12 162
29.010000 13 161
29.010000 14 162
29.010000 15 163
29.010000 16 163
29.010000 17 163
29.010000 18 126
29.010000 19 162
30.010000 0 139
30.010000 1 179
30.010000 2 179
30.010000 3 180
30.010000 4 179
30.010000 5 179
30.010000 6 178
30.010000 7 180
30.010000 8 179
30.010000 9 180
30.010000 10 179
30.010000 11 99
30.010000 12 178
30.010000 13 179
30.010000 14 179
30.010000 15 178
30.010000 16 179
30.010000 17 179
30.010000 18 139
30.010000 19 179
31.010000 0 159
31.010000 1 205
31.010000 2 205
31.010000 3 206
31.010000 4 206
31.010000 5 206
31.010000 6 207
31.010000 7 205
31.010000 8 206
31.010000 9 206
31.010000 10 205
31.010000 11 113
31.010000 12 207
31.010000 13 207
31.010000 14 206
31.010000 15 207
31.010000 16 205
31.010000 17 206
31.010000 18 160
31.010000 19 206
32.010000 0 149
32.010000 1 191
32.010000 2 192
32.010000 3 191
32.010000 4 190
32.010000 5 190
32.010000 6 191
32.010000 7 192
32.010000 8 190
32.010000 9 191
32.010000 10 192
32.010000 11 107
32.010000 12 191
32.010000 13 190
32.010000 14 190
32.010000 15 190
32.010000 16 191
32.010000 17 191
32.010000 18 149
32.010000 19 190
33.010000 0 139
33.010000 1 182
33.010000 2 181
33.010000 3 181
33.010000 4 182
33.010000 5 182
33.010000 6 180
33.010000 7 181
33.010000 8 182
33.010000 9 181
33.010000 10 180
33.010000 11 97
33.010000 12 181
33.010000 13 182
33.010000 14 182
33.010000 15 182
33.010000 16 182
33.010000 17 180
33.010000 18 139
33.010000 19 182
34.010000 0 142
34.010000 1 182
34.010000 2 182
34.010000 3 182
34.010000 4 182
34.010000 5 181
34.010000 6 182
34.010000 7 181
34.010000 8 182
34.010000 9 182
34.010000 10 182
34.010000 11 101
34.010000 12 182
34.010000 13 182
34.010000 14 182
34.010000 15 182
34.010000 16 181
34.010000 17 183
34.010000 18 142
34.010000 19 182
35.010000 0 145
35.010000 1 187
35.010000 2 187
35.010000 3 187
35.010000 4 187
35.010000 5 187
35.010000 6 188
35.010000 7 188
35.010000 8 186
35.010000 9 186
35.010000 10 188
35.010000 11 103
35.010000 12 186
35.010000 13 186
35.010000 14 187
35.010000 15 187
35.010000 16 188
35.010000 17 187
35.010000 18 145
35.010000 19 187
36.010000 0 137
36.010000 1 176
36.010000 2 177
36.010000 3 177
36.010000 4 177
36.010000 5 177
36.010000 6 176
36.010000 7 177
36.010000 8 178
36.010000 9 178
36.010000 10 177
36.010000 11 97
36.010000 12 178
36.010000 13 178
36.010000 14 177
36.010000 15 177
36.010000 16 177
36.010000 17 177
36.010000 18 137
36.010000 19 177
37.010000 0 122
37.010000 1 160
37.010000 2 159
37.010000 3 158
37.010000 4 159
37.010000 5 160
37.010000 6 160
37.010000 7 158
37.010000 8 159
37.010000 9 159
37.010000 10 158
37.010000 11 90
37.010000 12 159
37.010000 13 159
37.010000 14 159
37.010000 15 159
37.010000 16 159
37.010000 17 159
37.010000 18 125
37.010000 19 159
38.010000 0 132
38.010000 1 168
38.010000 2 168
38.010000 3 169
38.010000 4 167
38.010000 5 168
38.010000 6 168
38.010000 7 169
38.010000 8 168
38.010000 9 168
38.010000 10 168
38.010000 11 93
38.010000 12 167
38.010000 13 168
38.010000 14 168
38.010000 15 168
38.010000 16 168
38.010000 17 168
38.010000 18 130
38.010000 19 168
39.010000 0 146
39.010000 1 187
39.010000 2 188
39.010000 3 188
39.010000 4 189
39.010000 5 188
39.010000 6 187
39.010000 7 188
39.010000 8 187
39.010000 9 188
39.010000 10 189
39.010000 11 105
39.010000 12 188
39.010000 13 188
39.010000 14 188
39.010000 15 188
39.010000 16 188
39.010000 17 188
39.010000 18 146
39.010000 19 187
40.010000 0 132
40.010000 1 171
40.010000 2 170
40.010000 3 170
40.010000 4 169
40.010000 5 170
40.010000 6 171
40.010000 7 169
40.010000 8 171
40.010000 9 170
40.010000 10 170
40.010000 11 94
40.010000 12 171
40.010000 13 170
40.010000 14 169
40.010000 15 170
40.010000 16 170
40.010000 17 170
40.010000 18 131
40.010000 19 171
41.010000 0 134
41.010000 1 172
41.010000 2 172
41.010000 3 172
41.010000 4 173
41.010000 5 171
41.010000 6 172
41.010000 7 173
41.010000 8 172
41.010000 9 172
41.010000 10 172
41.010000 11 96
41.010000 12 172
41.010000 13 172
41.010000 14 172
41.010000 15 171
41.010000 16 171
41.010000 17 172
41.010000 18 134
41.010000 19 172
42.010000 0 137
42.010000 1 177
42.010000 2 176
42.010000 3 177
42.010000 4 176
42.010000 5 178
42.010000 6 177
42.010000 7 177
42.010000 8 176
42.010000 9 177
42.010000 10 177
42.010000 11 97
42.010000 12 177
42.010000 13 177
42.010000 14 178
42.010000 15 178
42.010000 16 178
42.010000 17 177
42.010000 18 138
42.010000 19 177
43.010000 0 141
43.010000 1 181
43.010000 2 181
43.010000 3 181
43.010000 4 182
43.010000 5 181
43.010000 6 181
43.010000 7 181
43.010000 8 181
43.010000 9 181
43.010000 10 181
43.010000 11 100
43.010000 12 180
43.010000 13 180
43.010000 14 181
43.010000 15 181
43.010000 16 181
43.010000 17 181
43.010000 18 141
43.010000 19 181
44.010000 0 132
44.010000 1 172
44.010000 2 172
44.010000 3 172
44.010000 4 172
44.010000 5 172
44.010000 6 172
44.010000 7 172
44.010000 8 173
44.010000 9 172
44.010000 10 172
44.010000 11 94
44.010000 12 173
44.010000 13 173
44.010000 14 172
44.010000 15 172
44.010000 16 172
44.010000 17 172
44.010000 18 134
44.010000 19 172
45.010000 0 134
45.010000 1 171
45.010000 2 172
45.010000 3 171
45.010000 4 171
45.010000 5 170
45.010000 6 171
45.010000 7 170
45.010000 8 170
45.010000 9 171
45.010000 10 171
45.010000 11 97
45.010000 12 171
45.010000 13 171
45.010000 14 171
45.010000 15 171
45.010000 16 171
45.010000 17 170
45.010000 18 133
45.010000 19 171
46.010000 0 130
46.010000 1 167
46.010000 2 167
46.010000 3 167
46.010000 4 167
46.010000 5 168
46.010000 6 167
46.010000 7 168
46.010000 8 168
46.010000 9 167
46.010000 10 167
46.010000 11 92
46.010000 12 166
46.010000 13 167
46.010000 14 167
46.010000 15 167
46.010000 16 167
46.010000 17 167
46.010000 18 129
46.010000 19 167
47.010000 0 129
47.010000 1 165
47.010000 2 165
47.010000 3 165
47.010000 4 165
47.010000 5 165
47.010000 6 165
47.010000 7 165
47.010000 8 165
47.010000 9 164
47.010000 10 165
47.010000 11 93
47.010000 12 166
47.010000 13 164
47.010000 14 164
47.010000 15 165
47.010000 16 165
47.010000 17 166
47.010000 18 128
47.010000 19 165
48.010000 0 132
48.010000 1 169
48.010000 2 170
48.010000 3 170
48.010000 4 170
48.010000 5 169
48.010000 6 170
48.010000 7 170
48.010000 8 170
48.010000 9 171
48.010000 10 170
48.010000 11 93
48.010000 12 170
48.010000 13 171
48.010000 14 171
48.010000 15 170
48.010000 16 170
48.010000 17 170
48.010000 18 133
48.010000 19 170
49.010000 0 147
49.010000 1 190
49.010000 2 189
49.010000 3 189
49.010000 4 189
49.010000 5 190
49.010000 6 188
49.010000 7 188
49.010000 8 188
49.010000 9 189
49.010000 10 189
49.010000 11 106
49.010000 12 188
49.010000 13 189
49.010000 14 189
49.010000 15 189
49.010000 16 188
49.010000 17 189
49.010000 18 147
49.010000 19 189
50.010000 0 126
50.010000 1 162
50.010000 2 161
50.010000 3 161
50.010000 4 162
50.010000 5 162
50.010000 6 162
50.010000 7 163
50.010000 8 163
50.010000 9 161
50.010000 10 162
50.010000 11 90
50.010000 12 163
50.010000 13 162
50.010000 14 162
50.010000 15 162
50.010000 16 163
50.010000 17 162
50.010000 18 126
50.010000 19 162
51.010000 0 122
51.010000 1 157
51.010000 2 158
51.010000 3 158
51.010000 4 157
51.010000 5 157
51.010000 6 157
51.010000 7 157
51.010000 8 157
51.010000 9 158
51.010000 10 157
51.010000 11 88
51.010000 12 157
51.010000 13 156
51.010000 14 157
51.010000 15 156
51.010000 16 157
51.010000 17 157
51.010000 18 123
51.010000 19 156
52.010000 0 153
52.010000 1 196
52.010000 2 195
52.010000 3 196
52.010000 4 195
52.010000 5 196
52.010000 6 197
52.010000 7 195
52.010000 8 196
52.010000 9 195
52.010000 10 196
52.010000 11 109
52.010000 12 196
52.010000 13 196
52.010000 14 195
52.010000 15 197
52.010000 16 195
52.010000 17 196
52.010000 18 152
52.010000 19 197
53.010000 0 136
53.010000 1 176
53.010000 2 178
53.010000 3 177
53.010000 4 178
53.010000 5 177
53.010000 6 176
53.010000 7 178
53.010000 8 177
53.010000 9 178
53.010000 10 177
53.010000 11 97
53.010000 12 177
53.010000 13 177
53.010000 14 178
53.010000 15 177
53.010000 16 178
53.010000 17 176
53.010000 18 137
53.010000 19 177
54.010000 0 139
54.010000 1 179
54.010000 2 178
54.010000 3 178
54.010000 4 177
54.010000 5 178
54.010000 6 179
54.010000 7 177
54.010000 8 177
54.010000 9 178
54.010000 10 177
54.010000 11 98
54.010000 12 178
54.010000 13 179
54.010000 14 178
54.010000 15 178
54.010000 16 178
54.010000 17 179
54.010000 18 138
54.010000 19 178
55.010000 0 136
55.010000 1 175
55.010000 2 176
55.010000 3 176
55.010000 4 177
55.010000 5 176
55.010000 6 176
55.010000 7 176
55.010000 8 177
55.010000 9 176
55.010000 10 176
55.010000 11 96
55.010000 12 176
55.010000 13 176
55.010000 14 176
55.010000 15 176
55.010000 16 176
55.010000 17 176
55.010000 18 138
55.010000 19 176
56.010000 0 126
56.010000 1 163
56.010000 2 162
56.010000 3 162
56.010000 4 162
56.010000 5 162
56.010000 6 162
56.010000 7 163
56.010000 8 161
56.010000 9 162
56.010000 10 163
56.010000 11 91
56.010000 12 162
56.010000 13 162
56.010000 14 162
56.010000 15 162
56.010000 16 162
56.010000 17 161
56.010000 18 125
56.010000 19 162
57.010000 0 139
57.010000 1 176
57.010000 2 177
57.010000 3 177
57.010000 4 177
57.010000 5 177
57.010000 6 177
57.010000 7 177
57.010000 8 177
57.010000 9 176
57.010000 10 177
57.010000 11 98
57.010000 12 176
57.010000 13 177
57.010000 14 177
57.010000 15 177
57.010000 16 177
57.010000 17 178
57.010000 18 138
57.010000 19 177
58.010000 0 137
58.010000 1 179
58.010000 2 178
58.010000 3 178
58.010000 4 178
58.010000 5 178
58.010000 6 178
58.010000 7 177
58.010000 8 179
58.010000 9 179
58.010000 10 177
58.010000 11 98
58.010000 12 179
58.010000 13 178
58.010000 14 178
58.010000 15 178
58.010000 16 178
58.010000 17 178
58.010000 18 138
58.010000 19 178
59.010000 0 143
59.010000 1 182
59.010000 2 181
59.010000 3 182
59.010000 4 182
59.010000 5 182
59.010000 6 182
59.010000 7 182
59.010000 8 181
59.010000 9 181
59.010000 10 183
59.010000 11 103
59.010000 12 181
59.010000 13 182
59.010000 14 182
59.010000 15 182
59.010000 16 182
59.010000 17 182
59.010000 18 142
59.010000 19 180
60.010000 0 124
60.010000 1 161
60.010000 2 162
60.010000 3 160
60.010000 4 161
60.010000 5 161
60.010000 6 161
60.010000 7 161
60.010000 8 162
60.010000 9 161
60.010000 10 161
60.010000 11 89
60.010000 12 162
60.010000 13 161
60.010000 14 161
60.010000 15 161
60.010000 16 161
60.010000 17 161
60.010000 18 125
60.010000 19 162
61.010000 0 134
61.010000 1 171
61.010000 2 171
61.010000 3 172
61.010000 4 171
61.010000 5 171
61.010000 6 170
61.010000 7 172
61.010000 8 170
61.010000 9 172
61.010000 10 170
61.010000 11 95
61.010000 12 171
61.010000 13 171
61.010000 14 171
61.010000 15 171
61.010000 16 171
61.010000 17 170
61.010000 18 133
61.010000 19 171
62.010000 0 141
62.010000 1 181
62.010000 2 180
62.010000 3 181
62.010000 4 181
62.010000 5 181
62.010000 6 182
62.010000 7 181
62.010000 8 182
62.010000 9 181
62.010000 10 182
62.010000 11 100
62.010000 12 180
62.010000 13 180
62.010000 14 181
62.010000 15 181
62.010000 16 180
62.010000 17 182
62.010000 18 141
62.010000 19 180
63.010000 0 139
63.010000 1 179
63.010000 2 180
63.010000 3 179
63.010000 4 179
63.010000 5 178
63.010000 6 179
63.010000 7 179
63.010000 8 179
63.010000 9 179
63.010000 10 178
63.010000 11 99
63.010000 12 179
63.010000 13 180
63.010000 14 179
63.010000 15 179
63.010000 16 179
63.010000 17 179
63.010000 18 139
63.010000 19 179
64.010000 0 147
64.010000 1 188
64.010000 2 189
64.010000 3 188
64.010000 4 189
64.010000 5 190
64.010000 6 188
64.010000 7 188
64.010000 8 189
64.010000 9 189
64.010000 10 189
64.010000 11 105
64.010000 12 190
64.010000 13 189
64.010000 14 189
64.010000 15 189
64.010000 16 190
64.010000 17 189
64.010000 18 146
64.010000 19 189
65.010000 0 131
65.010000 1 172
65.010000 2 171
65.010000 3 172
65.010000 4 171
65.010000 5 170
65.010000 6 172
65.010000 7 172
65.010000 8 171
65.010000 9 171
65.010000 10 172
65.010000 11 92
65.010000 12 171
65.010000 13 170
65.010000 14 171
65.010000 15 171
65.010000 16 171
65.010000 17 171
65.010000 18 134
65.010000 19 172
66.010000 0 149
66.010000 1 192
66.010000 2 192
66.010000 3 192
66.010000 4 192
66.010000 5 193
66.010000 6 191
66.010000 7 192
66.010000 8 192
66.010000 9 192
66.010000 10 191
66.010000 11 107
66.010000 12 192
66.010000 13 192
66.010000 14 192
66.010000 15 192
66.010000 16 192
66.010000 17 192
66.010000 18 148
66.010000 19 192
67.010000 0 135
67.010000 1 172
67.010000 2 172
67.010000 3 171
67.010000 4 171
67.010000 5 172
67.010000 6 172
67.010000 7 171
67.010000 8 172
67.010000 9 172
67.010000 10 172
67.010000 11 96
67.010000 12 172
67.010000 13 173
67.010000 14 172
67.010000 15 172
67.010000 16 172
67.010000 17 172
67.010000 18 134
67.010000 19 172
68.010000 0 144
68.010000 1 186
68.010000 2 186
68.010000 3 187
68.010000 4 187
68.010000 5 186
68.010000 6 187
68.010000 7 187
68.010000 8 185
68.010000 9 185
68.010000 10 187
68.010000 11 101
68.010000 12 186
68.010000 13 185
68.010000 14 186
68.010000 15 186
68.010000 16 186
68.010000 17 186
68.010000 18 144
68.010000 19 186
69.010000 0 141
69.010000 1 183
69.010000 2 182
69.010000 3 183
69.010000 4 183
69.010000 5 182
69.010000 6 183
69.010000 7 183
69.010000 8 184
69.010000 9 184
69.010000 10 183
69.010000 11 102
69.010000 12 182
69.010000 13 184
69.010000 14 183
69.010000 15 183
69.010000 16 182
69.010000 17 183
69.010000 18 143
69.010000 19 183
70.010000 0 137
70.010000 1 174
70.010000 2 176
70.010000 3 175
70.010000 4 175
70.010000 5 176
70.010000 6 175
70.010000 7 175
70.010000 8 175
70.010000 9 175
70.010000 10 175
70.010000 11 97
70.010000 12 175
70.010000 13 175
70.010000 14 175
70.010000 15 175
70.010000 16 175
70.010000 17 175
70.010000 18 134
70.010000 19 175
71.010000 0 145
71.010000 1 187
71.010000 2 186
71.010000 3 186
71.010000 4 187
71.010000 5 187
71.010000 6 187
71.010000 7 186
71.010000 8 187
71.010000 9 187
71.010000 10 187
71.010000 11 103
71.010000 12 188
71.010000 13 187
71.010000 14 187
71.010000 15 187
71.010000 16 188
71.010000 17 187
71.010000 18 146
71.010000 19 187
72.010000 0 153
72.010000 1 200
72.010000 2 199
72.010000 3 200
72.010000 4 199
72.010000 5 199
72.010000 6 198
72.010000 7 200
72.010000 8 198
72.010000 9 198
72.010000 10 199
72.010000 11 109
72.010000 12 199
72.010000 13 199
72.010000 14 199
72.010000 15 199
72.010000 16 199
72.010000 17 199
72.010000 18 155
72.010000 19 199
73.010000 0 154
73.010000 1 199
73.010000 2 200
73.010000 3 199
73.010000 4 199
73.010000 5 199
73.010000 6 200
73.010000 7 199
73.010000 8 200
73.010000 9 200
73.010000 10 198
73.010000 11 109
73.010000 12 198
73.010000 13 199
73.010000 14 199
73.010000 15 199
73.010000 16 198
73.010000 17 199
73.010000 18 153
73.010000 19 199
74.010000 0 134
74.010000 1 171
74.010000 2 172
74.010000 3 172
74.010000 4 172
74.010000 5 171
74.010000 6 172
74.010000 7 172
74.010000 8 172
74.010000 9 172
74.010000 10 173
74.010000 11 96
74.010000 12 173
74.010000 13 171
74.010000 14 172
74.010000 15 172
74.010000 16 172
74.010000 17 172
74.010000 18 134
74.010000 19 172
75.010000 0 139
75.010000 1 180
75.010000 2 179
75.010000 3 179
75.010000 4 179
75.010000 5 179
75.010000 6 178
75.010000 7 178
75.010000 8 179
75.010000 9 179
75.010000 10 178
75.010000 11 99
75.010000 12 179
75.010000 13 180
75.010000 14 179
75.010000 15 179
75.010000 16 180
75.010000 17 179
75.010000 18 139
75.010000 19 179
76.010000 0 147
76.010000 1 189
76.010000 2 189
76.010000 3 190
76.010000 4 190
76.010000 5 190
76.010000 6 190
76.010000 7 190
76.010000 8 189
76.010000 9 190
76.010000 10 191
76.010000 11 106
76.010000 12 190
76.010000 13 190
76.010000 14 190
76.010000 15 190
76.010000 16 190
76.010000 17 190
76.010000 18 148
76.010000 19 190
77.010000 0 144
77.010000 1 185
77.010000 2 186
77.010000 3 185
77.010000 4 185
77.010000 5 186
77.010000 6 186
77.010000 7 186
77.010000 8 185
77.010000 9 185
77.010000 10 185
77.010000 11 101
77.010000 12 185
77.010000 13 184
77.010000 14 185
77.010000 15 185
77.010000 16 185
77.010000 17 184
77.010000 18 142
77.010000 19 185
78.010000 0 147
78.010000 1 190
78.010000 2 189
78.010000 3 189
78.010000 4 189
78.010000 5 188
78.010000 6 188
78.010000 7 189
78.010000 8 190
78.010000 9 188
78.010000 10 189
78.010000 11 104
78.010000 12 189
78.010000 13 190
78.010000 14 188
78.010000 15 188
78.010000 16 188
78.010000 17 190
78.010000 18 148
78.010000 19 189
79.010000 0 130
79.010000 1 168
79.010000 2 167
79.010000 3 168
79.010000 4 168
79.010000 5 169
79.010000 6 169
79.010000 7 168
79.010000 8 167
79.010000 9 169
79.010000 10 168
79.010000 11 93
79.010000 12 167
79.010000 13 168
79.010000 14 169
79.010000 15 169
79.010000 16 169
79.010000 17 168
79.010000 18 130
79.010000 19 167
80.010000 0 136
80.010000 1 174
80.010000 2 175
80.010000 3 174
80.010000 4 174
80.010000 5 174
80.010000 6 173
80.010000 7 174
80.010000 8 174
80.010000 9 173
80.010000 10 173
80.010000 11 97
80.010000 12 174
80.010000 13 174
80.010000 14 174
80.010000 15 174
80.010000 16 173
80.010000 17 174
80.010000 18 136
80.010000 19 175
81.010000 0 143
81.010000 1 186
81.010000 2 186
81.010000 3 186
81.010000 4 186
81.010000 5 186
81.010000 6 186
81.010000 7 185
81.010000 8 187
81.010000 9 186
81.010000 10 187
81.010000 11 103
81.010000 12 187
81.010000 13 185
81.010000 14 186
81.010000 15 186
81.010000 16 187
81.010000 17 186
81.010000 18 144
81.010000 19 185
82.010000 0 142
82.010000 1 184
82.010000 2 185
82.010000 3 185
82.010000 4 185
82.010000 5 185
82.010000 6 186
82.010000 7 185
82.010000 8 184
82.010000 9 186
82.010000 10 184
82.010000 11 102
82.010000 12 185
82.010000 13 186
82.010000 14 185
82.010000 15 185
82.010000 16 185
82.010000 17 184
82.010000 18 145
82.010000 19 186
83.010000 0 137
83.010000 1 177
83.010000 2 175
83.010000 3 176
83.010000 4 176
83.010000 5 175
83.010000 6 176
83.010000 7 176
83.010000 8 177
83.010000 9 175
83.010000 10 177
83.010000 11 97
83.010000 12 176
83.010000 13 176
83.010000 14 176
83.010000 15 176
83.010000 16 176
83.010000 17 177
83.010000 18 136
83.010000 19 176
84.010000 0 144
84.010000 1 184
84.010000 2 184
84.010000 3 184
84.010000 4 183
84.010000 5 185
84.010000 6 184
84.010000 7 185
84.010000 8 183
84.010000 9 185
84.010000 10 184
84.010000 11 101
84.010000 12 184
84.010000 13 184
84.010000 14 184
84.010000 15 184
84.010000 16 184
84.010000 17 184
84.010000 18 141
84.010000 19 184
85.010000 0 150
85.010000 1 193
85.010000 2 195
85.010000 3 193
85.010000 4 195
85.010000 5 193
85.010000 6 194
85.010000 7 193
85.010000 8 195
85.010000 9 194
85.010000 10 194
85.010000 11 107
85.010000 12 194
85.010000 13 194
85.010000 14 194
85.010000 15 194
85.010000 16 194
85.010000 17 194
85.010000 18 151
85.010000 19 194
86.010000 0 134
86.010000 1 175
86.010000 2 174
86.010000 3 175
86.010000 4 174
86.010000 5 175
86.010000 6 174
86.010000 7 174
86.010000 8 174
86.010000 9 174
86.010000 10 173
86.010000 11 95
86.010000 12 174
86.010000 13 174
86.010000 14 174
86.010000 15 174
86.010000 16 174
86.010000 17 174
86.010000 18 136
86.010000 19 174
87.010000 0 145
87.010000 1 185
87.010000 2 185
87.010000 3 185
87.010000 4 185
87.010000 5 185
87.010000 6 185
87.010000 7 186
87.010000 8 185
87.010000 9 184
87.010000 10 186
87.010000 11 103
87.010000 12 185
87.010000 13 185
87.010000 14 184
87.010000 15 185
87.010000 16 185
87.010000 17 185
87.010000 18 142
87.010000 19 184
88.010000 0 141
88.010000 1 180
88.010000 2 180
88.010000 3 181
88.010000 4 181
88.010000 5 180
88.010000 6 181
88.010000 7 180
88.010000 8 181
88.010000 9 182
88.010000 10 181
88.010000 11 100
88.010000 12 181
88.010000 13 181
88.010000 14 182
88.010000 15 181
88.010000 16 181
88.010000 17 181
88.010000 18 141
88.010000 19 182
89.010000 0 138
89.010000 1 181
89.010000 2 180
89.010000 3 180
89.010000 4 179
89.010000 5 181
89.010000 6 180
89.010000 7 181
89.010000 8 180
89.010000 9 180
89.010000 10 179
89.010000 11 99
89.010000 12 180
89.010000 13 180
89.010000 14 180
89.010000 15 180
89.010000 16 180
89.010000 17 180
89.010000 18 141
89.010000 19 180
90.010000 0 139
90.010000 1 177
90.010000 2 177
90.010000 3 177
90.010000 4 177
90.010000 5 177
90.010000 6 177
90.010000 7 177
90.010000 8 176
90.010000 9 176
90.010000 10 178
90.010000 11 99
90.010000 12 177
90.010000 13 177
90.010000 14 177
90.010000 15 177
90.010000 16 176
90.010000 17 177
90.010000 18 137
90.010000 19 177
91.010000 0 150
91.010000 1 197
91.010000 2 198
91.010000 3 197
91.010000 4 198
91.010000 5 196
91.010000 6 196
91.010000 7 197
91.010000 8 198
91.010000 9 198
91.010000 10 197
91.010000 11 107
91.010000 12 197
91.010000 13 197
91.010000 14 197
91.010000 15 197
91.010000 16 198
91.010000 17 197
91.010000 18 153
91.010000 19 197
92.010000 0 151
92.010000 1 192
92.010000 2 192
92.010000 3 191
92.010000 4 192
92.010000 5 193
92.010000 6 193
92.010000 7 192
92.010000 8 191
92.010000 9 192
92.010000 10 192
92.010000 11 105
92.010000 12 191
92.010000 13 192
92.010000 14 192
92.010000 15 192
92.010000 16 192
92.010000 17 192
92.010000 18 148
92.010000 19 192
93.010000 0 133
93.010000 1 170
93.010000 2 171
93.010000 3 172
93.010000 4 171
93.010000 5 171
93.010000 6 171
93.010000 7 170
93.010000 8 171
93.010000 9 171
93.010000 10 171
93.010000 11 96
93.010000 12 172
93.010000 13 171
93.010000 14 171
93.010000 15 171
93.010000 16 171
93.010000 17 171
93.010000 18 133
93.010000 19 170
94.010000 0 131
94.010000 1 167
94.010000 2 167
94.010000 3 167
94.010000 4 166
94.010000 5 167
94.010000 6 167
94.010000 7 168
94.010000 8 167
94.010000 9 167
94.010000 10 167
94.010000 11 94
94.010000 12 167
94.010000 13 167
94.010000 14 166
94.010000 15 167
94.010000 16 166
94.010000 17 167
94.010000 18 130
94.010000 19 167
95.010000 0 122
95.010000 1 160
95.010000 2 159
95.010000 3 159
95.010000 4 160
95.010000 5 158
95.010000 6 158
95.010000 7 158
95.010000 8 160
95.010000 9 159
95.010000 10 159
95.010000 11 88
95.010000 12 159
95.010000 13 159
95.010000 14 160
95.010000 15 159
95.010000 16 160
95.010000 17 159
95.010000 18 124
95.010000 19 160
96.010000 0 140
96.010000 1 180
96.010000 2 181
96.010000 3 181
96.010000 4 181
96.010000 5 182
96.010000 6 181
96.010000 7 182
96.010000 8 181
96.010000 9 181
96.010000 10 180
96.010000 11 101
96.010000 12 181
96.010000 13 180
96.010000 14 181
96.010000 15 181
96.010000 16 181
96.010000 17 181
96.010000 18 141
96.010000 19 181
97.010000 0 127
97.010000 1 163
97.010000 2 162
97.010000 3 162
97.010000 4 162
97.010000 5 162
97.010000 6 163
97.010000 7 162
97.010000 8 161
97.010000 9 162
97.010000 10 163
97.010000 11 89
97.010000 12 162
97.010000 13 162
97.010000 14 162
97.010000 15 162
97.010000 16 162
97.010000 17 162
97.010000 18 126
97.010000 19 161
98.010000 0 139
98.010000 1 179
98.010000 2 179
98.010000 3 179
98.010000 4 179
98.010000 5 179
98.010000 6 179
98.010000 7 179
98.010000 8 180
98.010000 9 179
98.010000 10 179
98.010000 11 100
98.010000 12 179
98.010000 13 180
98.010000 14 179
98.010000 15 179
98.010000 16 178
98.010000 17 178
98.010000 18 138
98.010000 19 179
99.010000 0 133
99.010000 1 171
99.010000 2 171
99.010000 3 171
99.010000 4 171
99.010000 5 171
99.010000 6 170
99.010000 7 170
99.010000 8 171
99.010000 9 171
99.010000 10 171
99.010000 11 95
99.010000 12 171
99.010000 13 171
99.010000 14 170
99.010000 15 171
99.010000 16 172
99.010000 17 171
99.010000 18 134
99.010000 19 172
100.010000 0 139
100.010000 1 180
100.010000 2 180
100.010000 3 179
100.010000 4 180
100.010000 5 180
100.010000 6 181
100.010000 7 181
100.010000 8 180
100.010000 9 179
100.010000 10 180
100.010000 11 100
100.010000 12 180
100.010000 13 180
100.010000 14 181
100.010000 15 180
100.010000 16 180
100.010000 17 180
100.010000 18 139
100.010000 19 180
101.010000 0 145
101.010000 1 187
101.010000 2 186
101.010000 3 187
101.010000 4 187
101.010000 5 187
101.010000 6 186
101.010000 7 187
101.010000 8 187
101.010000 9 188
101.010000 10 187
101.010000 11 103
101.010000 12 186
101.010000 13 187
101.010000 14 187
101.010000 15 187
101.010000 16 187
101.010000 17 188
101.010000 18 146
101.010000 19 187
102.010000 0 135
102.010000 1 172
102.010000 2 172
102.010000 3 173
102.010000 4 172
102.010000 5 171
102.010000 6 173
102.010000 7 171
102.010000 8 172
102.010000 9 171
102.010000 10 171
102.010000 11 96
102.010000 12 173
102.010000 13 172
102.010000 14 172
102.010000 15 172
102.010000 16 172
102.010000 17 172
102.010000 18 134
102.010000 19 171
103.010000 0 143
103.010000 1 185
103.010000 2 185
103.010000 3 185
103.010000 4 185
103.010000 5 186
103.010000 6 185
103.010000 7 186
103.010000 8 185
103.010000 9 186
103.010000 10 185
103.010000 11 101
103.010000 12 184
103.010000 13 185
103.010000 14 185
103.010000 15 184
103.010000 16 185
103.010000 17 185
103.010000 18 143
103.010000 19 186
104.010000 0 134
104.010000 1 172
104.010000 2 173
104.010000 3 172
104.010000 4 171
104.010000 5 172
104.010000 6 172
104.010000 7 171
104.010000 8 172
104.010000 9 172
104.010000 10 173
104.010000 11 95
104.010000 12 173
104.010000 13 172
104.010000 14 172
104.010000 15 173
104.010000 16 171
104.010000 17 171
104.010000 18 134
104.010000 19 172
105.010000 0 146
105.010000 1 188
105.010000 2 188
105.010000 3 188
105.010000 4 189
105.010000 5 188
105.010000 6 188
105.010000 7 188
105.010000 8 188
105.010000 9 188
105.010000 10 187
105.010000 11 103
105.010000 12 188
105.010000 13 188
105.010000 14 188
105.010000 15 187
105.010000 16 188
105.010000 17 189
105.010000 18 146
105.010000 19 188
106.010000 0 133
106.010000 1 171
106.010000 2 171
106.010000 3 170
106.010000 4 171
106.010000 5 171
106.010000 6 170
106.010000 7 172
106.010000 8 170
106.010000 9 171
106.010000 10 172
106.010000 11 96
106.010000 12 171
106.010000 13 170
106.010000 14 171
106.010000 15 172
106.010000 16 172
106.010000 17 171
106.010000 18 133
106.010000 19 170
107.010000 0 162
107.010000 1 209
107.010000 2 209
107.010000 3 211
107.010000 4 210
107.010000 5 210
107.010000 6 210
107.010000 7 209
107.010000 8 211
107.010000 9 210
107.010000 10 210
107.010000 11 114
107.010000 12 210
107.010000 13 211
107.010000 14 210
107.010000 15 210
107.010000 16 210
107.010000 17 210
107.010000 18 162
107.010000 19 211
108.010000 0 144
108.010000 1 187
108.010000 2 187
108.010000 3 186
108.010000 4 186
108.010000 5 186
108.010000 6 187
108.010000 7 187
108.010000 8 186
108.010000 9 186
108.010000 10 186
108.010000 11 102
108.010000 12 186
108.010000 13 186
108.010000 14 186
108.010000 15 186
108.010000 16 185
108.010000 17 185
108.010000 18 143
108.010000 19 186
109.010000 0 122
109.010000 1 156
109.010000 2 156
109.010000 3 156
109.010000 4 156
109.010000 5 155
109.010000 6 156
109.010000 7 156
109.010000 8 156
109.010000 9 156
109.010000 10 156
109.010000 11 87
109.010000 12 156
109.010000 13 156
109.010000 14 156
109.010000 15 156
109.010000 16 157
109.010000 17 156
109.010000 18 123
109.010000 19 155
110.010000 0 138
110.010000 1 178
110.010000 2 178
110.010000 3 178
110.010000 4 178
110.010000 5 179
110.010000 6 178
110.010000 7 178
110.010000 8 178
110.010000 9 178
110.010000 10 178
110.010000 11 98
110.010000 12 178
110.010000 13 178
110.010000 14 177
110.010000 15 178
110.010000 16 178
110.010000 17 179
110.010000 18 137
110.010000 19 179
111.010000 0 135
111.010000 1 172
111.010000 2 173
111.010000 3 173
111.010000 4 173
111.010000 5 173
111.010000 6 173
111.010000 7 172
111.010000 8 173
111.010000 9 173
111.010000 10 173
111.010000 11 97
111.010000 12 172
111.010000 13 173
111.010000 14 174
111.010000 15 173
111.010000 16 172
111.010000 17 173
111.010000 18 136
111.010000 19 173
112.010000 0 134
112.010000 1 173
112.010000 2 172
112.010000 3 171
112.010000 4 172
112.010000 5 171
112.010000 6 172
112.010000 7 173
112.010000 8 172
112.010000 9 172
112.010000 10 171
112.010000 11 97
112.010000 12 173
112.010000 13 171
112.010000 14 171
112.010000 15 172
112.010000 16 173
112.010000 17 172
112.010000 18 133
112.010000 19 172
113.010000 0 149
113.010000 1 194
113.010000 2 194
113.010000 3 195
113.010000 4 194
113.010000 5 195
113.010000 6 193
113.010000 7 194
113.010000 8 194
113.010000 9 194
113.010000 10 194
113.010000 11 106
113.010000 12 194
113.010000 13 195
113.010000 14 195
113.010000 15 193
113.010000 16 193
113.010000 17 194
113.010000 18 151
113.010000 19 194
114.010000 0 148
114.010000 1 192
114.010000 2 193
114.010000 3 193
114.010000 4 193
114.010000 5 192
114.010000 6 194
114.010000 7 193
114.010000 8 192
114.010000 9 192
114.010000 10 193
114.010000 11 107
114.010000 12 193
114.010000 13 193
114.010000 14 193
114.010000 15 194
114.010000 16 194
114.010000 17 193
114.010000 18 151
114.010000 19 193
115.010000 0 143
115.010000 1 185
115.010000 2 184
115.010000 3 184
115.010000 4 184
115.010000 5 185
115.010000 6 184
115.010000 7 183
115.010000 8 184
115.010000 9 184
115.010000 10 184
115.010000 11 102
115.010000 12 184
115.010000 13 184
115.010000 14 184
115.010000 15 184
115.010000 16 183
115.010000 17 184
115.010000 18 142
115.010000 19 184
116.010000 0 138
116.010000 1 178
116.010000 2 177
116.010000 3 178
116.010000 4 178
116.010000 5 177
116.010000 6 178
116.010000 7 178
116.010000 8 179
116.010000 9 179
116.010000 10 179
116.010000 11 97
116.010000 12 178
116.010000 13 178
116.010000 14 178
116.010000 15 178
116.010000 16 179
116.010000 17 178
116.010000 18 138
116.010000 19 178
117.010000 0 127
117.010000 1 163
117.010000 2 164
117.010000 3 163
117.010000 4 163
117.010000 5 164
117.010000 6 163
117.010000 7 164
117.010000 8 162
117.010000 9 162
117.010000 10 163
117.010000 11 92
117.010000 12 162
117.010000 13 163
117.010000 14 162
117.010000 15 163
117.010000 16 163
117.010000 17 163
117.010000 18 127
117.010000 19 163
118.010000 0 152
118.010000 1 196
118.010000 2 196
118.010000 3 196
118.010000 4 196
118.010000 5 196
118.010000 6 196
118.010000 7 195
118.010000 8 196
118.010000 9 196
118.010000 10 196
118.010000 11 108
118.010000 12 197
118.010000 13 196
118.010000 14 197
118.010000 15 196
118.010000 16 196
118.010000 17 196
118.010000 18 151
118.010000 19 195
119.010000 0 139
119.010000 1 179
119.010000 2 178
119.010000 3 179
119.010000 4 179
119.010000 5 178
119.010000 6 179
119.010000 7 180
119.010000 8 180
119.010000 9 180
119.010000 10 178
119.010000 11 99
119.010000 12 178
119.010000 13 179
119.010000 14 179
119.010000 15 178
119.010000 16 179
119.010000 17 179
119.010000 18 140
119.010000 19 180
120.010000 0 144
120.010000 1 186
120.010000 2 187
120.010000 3 186
120.010000 4 187
120.010000 5 187
120.010000 6 187
120.010000 7 187
120.010000 8 187
120.010000 9 187
120.010000 10 188
120.010000 11 103
120.010000 12 188
120.010000 13 187
120.010000 14 187
120.010000 15 188
120.010000 16 187
120.010000 17 187
120.010000 18 145
120.010000 19 187
121.010000 0 137
121.010000 1 177
121.010000 2 176
121.010000 3 177
121.010000 4 176
121.010000 5 177
121.010000 6 176
121.010000 7 176
121.010000 8 175
121.010000 9 176
121.010000 10 176
121.010000 11 96
121.010000 12 176
121.010000 13 176
121.010000 14 176
121.010000 15 176
121.010000 16 176
121.010000 17 176
121.010000 18 136
121.010000 19 176
122.010000 0 142
122.010000 1 182
122.010000 2 182
122.010000 3 181
122.010000 4 181
122.010000 5 182
122.010000 6 182
122.010000 7 182
122.010000 8 183
122.010000 9 181
122.010000 10 182
122.010000 11 102
122.010000 12 182
122.010000 13 182
122.010000 14 181
122.010000 15 182
122.010000 16 182
122.010000 17 182
122.010000 18 142
122.010000 19 182
123.010000 0 131
123.010000 1 170
123.010000 2 170
123.010000 3 171
123.010000 4 171
123.010000 5 170
123.010000 6 169
123.010000 7 169
123.010000 8 170
123.010000 9 171
123.010000 10 170
123.010000 11 94
123.010000 12 170
123.010000 13 170
123.010000 14 171
123.010000 15 170
123.010000 16 170
123.010000 17 170
123.010000 18 132
123.010000 19 170
124.010000 0 141
124.010000 1 180
124.010000 2 180
124.010000 3 180
124.010000 4 180
124.010000 5 179
124.010000 6 181
124.010000 7 180
124.010000 8 180
124.010000 9 180
124.010000 10 180
124.010000 11 99
124.010000 12 180
124.010000 13 180
124.010000 14 180
124.010000 15 180
124.010000 16 179
124.010000 17 180
124.010000 18 140
124.010000 19 180
125.010000 0 134
125.010000 1 172
125.010000 2 172
125.010000 3 172
125.010000 4 171
125.010000 5 173
125.010000 6 171
125.010000 7 172
125.010000 8 172
125.010000 9 172
125.010000 10 172
125.010000 11 97
125.010000 12 171
125.010000 13 172
125.010000 14 171
125.010000 15 172
125.010000 16 173
125.010000 17 172
125.010000 18 134
125.010000 19 172
126.010000 0 137
126.010000 1 177
126.010000 2 178
126.010000 3 177
126.010000 4 178
126.010000 5 177
126.010000 6 178
126.010000 7 177
126.010000 8 177
126.010000 9 176
126.010000 10 177
126.010000 11 97
126.010000 12 178
126.010000 13 176
126.010000 14 178
126.010000 15 177
126.010000 16 177
126.010000 17 177
126.010000 18 137
126.010000 19 176
127.010000 0 146
127.010000 1 190
127.010000 2 190
127.010000 3 190
127.010000 4 190
127.010000 5 190
127.010000 6 190
127.010000 7 191
127.010000 8 190
127.010000 9 191
127.010000 10 189
127.010000 11 104
127.010000 12 189
127.010000 13 191
127.010000 14 190
127.010000 15 189
127.010000 16 190
127.010000 17 190
127.010000 18 148
127.010000 19 191
128.010000 0 132
128.010000 1 168
128.010000 2 168
128.010000 3 167
128.010000 4 167
128.010000 5 168
128.010000 6 168
128.010000 7 168
128.010000 8 167
128.010000 9 168
128.010000 10 169
128.010000 11 94
128.010000 12 169
128.010000 13 168
128.010000 14 168
128.010000 15 169
128.010000 16 168
128.010000 17 168
128.010000 18 130
128.010000 19 167
129.010000 0 146
129.010000 1 188
129.010000 2 188
129.010000 3 189
129.010000 4 188
129.010000 5 188
129.010000 6 188
129.010000 7 188
129.010000 8 188
129.010000 9 187
129.010000 10 188
129.010000 11 104
129.010000 12 188
129.010000 13 188
129.010000 14 187
129.010000 15 188
129.010000 16 188
129.010000 17 188
129.010000 18 145
129.010000 19 189
130.010000 0 130
130.010000 1 166
130.010000 2 165
130.010000 3 165
130.010000 4 167
130.010000 5 166
130.010000 6 165
130.010000 7 166
130.010000 8 167
130.010000 9 167
130.010000 10 166
130.010000 11 93
130.010000 12 166
130.010000 13 165
130.010000 14 166
130.010000 15 165
130.010000 16 166
130.010000 17 166
130.010000 18 130
130.010000 19 166
131.010000 0 137
131.010000 1 176
131.010000 2 177
131.010000 3 178
131.010000 4 176
131.010000 5 177
131.010000 6 178
131.010000 7 177
131.010000 8 176
131.010000 9 177
131.010000 10 177
131.010000 11 97
131.010000 12 176
131.010000 13 178
131.010000 14 178
131.010000 15 178
131.010000 16 177
131.010000 17 177
131.010000 18 138
131.010000 19 177
132.010000 0 135
132.010000 1 177
132.010000 2 177
132.010000 3 176
132.010000 4 177
132.010000 5 176
132.010000 6 176
132.010000 7 176
132.010000 8 177
132.010000 9 176
132.010000 10 176
132.010000 11 96
132.010000 12 177
132.010000 13 176
132.010000 14 176
132.010000 15 176
132.010000 16 176
132.010000 17 176
132.010000 18 135
132.010000 19 176
133.010000 0 136
133.010000 1 173
133.010000 2 173
133.010000 3 174
133.010000 4 174
133.010000 5 174
133.010000 6 173
133.010000 7 174
133.010000 8 174
133.010000 9 173
133.010000 10 174
133.010000 11 99
133.010000 12 174
133.010000 13 174
133.010000 14 173
133.010000 15 174
133.010000 16 174
133.010000 17 174
133.010000 18 137
133.010000 19 174
134.010000 0 138
134.010000 1 179
134.010000 2 180
134.010000 3 179
134.010000 4 179
134.010000 5 179
134.010000 6 180
134.010000 7 179
134.010000 8 179
134.010000 9 179
134.010000 10 178
134.010000 11 99
134.010000 12 178
134.010000 13 179
134.010000 14 180
134.010000 15 179
134.010000 16 179
134.010000 17 179
134.010000 18 139
134.010000 19 179
135.010000 0 142
135.010000 1 182
135.010000 2 181
135.010000 3 181
135.010000 4 181
135.010000 5 181
135.010000 6 181
135.010000 7 181
135.010000 8 180
135.010000 9 181
135.010000 10 182
135.010000 11 101
135.010000 12 181
135.010000 13 180
135.010000 14 180
135.010000 15 180
135.010000 16 181
135.010000 17 180
135.010000 18 141
135.010000 19 181
136.010000 0 143
136.010000 1 185
136.010000 2 185
136.010000 3 186
136.010000 4 186
136.010000 5 185
136.010000 6 185
136.010000 7 186
136.010000 8 187
136.010000 9 187
136.010000 10 186
136.010000 11 101
136.010000 12 187
136.010000 13 187
136.010000 14 187
136.010000 15 187
136.010000 16 186
136.010000 17 187
136.010000 18 144
136.010000 19 186
137.010000 0 155
137.010000 1 202
137.010000 2 202
137.010000 3 201
137.010000 4 201
137.010000 5 202
137.010000 6 202
137.010000 7 201
137.010000 8 200
137.010000 9 201
137.010000 10 201
137.010000 11 109
137.010000 12 200
137.010000 13 201
137.010000 14 201
137.010000 15 201
137.010000 16 201
137.010000 17 201
137.010000 18 155
137.010000 19 201
138.010000 0 137
138.010000 1 175
138.010000 2 175
138.010000 3 175
138.010000 4 175
138.010000 5 175
138.010000 6 175
138.010000 7 175
138.010000 8 176
138.010000 9 174
138.010000 10 174
138.010000 11 99
138.010000 12 175
138.010000 13 175
138.010000 14 175
138.010000 15 175
138.010000 16 174
138.010000 17 175
138.010000 18 136
138.010000 19 174
139.010000 0 143
139.010000 1 186
139.010000 2 186
139.010000 3 186
139.010000 4 185
139.010000 5 186
139.010000 6 186
139.010000 7 186
139.010000 8 185
139.010000 9 187
139.010000 10 187
139.010000 11 102
139.010000 12 186
139.010000 13 186
139.010000 14 185
139.010000 15 186
139.010000 16 187
139.010000 17 186
139.010000 18 145
139.010000 19 187
140.010000 0 139
140.010000 1 180
140.010000 2 180
140.010000 3 180
140.010000 4 181
140.010000 5 179
140.010000 6 179
140.010000 7 180
140.010000 8 180
140.010000 9 180
140.010000 10 180
140.010000 11 100
140.010000 12 180
140.010000 13 180
140.010000 14 181
140.010000 15 180
140.010000 16 180
140.010000 17 180
140.010000 18 140
140.010000 19 180
141.010000 0 144
141.010000 1 185
141.010000 2 185
141.010000 3 185
141.010000 4 185
141.010000 5 186
141.010000 6 186
141.010000 7 185
141.010000 8 186
141.010000 9 185
141.010000 10 185
141.010000 11 101
141.010000 12 186
141.010000 13 185
141.010000 14 185
141.010000 15 185
141.010000 16 184
141.010000 17 184
141.010000 18 142
141.010000 19 185
142.010000 0 126
142.010000 1 162
142.010000 2 162
142.010000 3 162
142.010000 4 162
142.010000 5 162
142.010000 6 162
142.010000 7 162
142.010000 8 162
142.010000 9 162
142.010000 10 162
142.010000 11 90
142.010000 12 161
142.010000 13 162
142.010000 14 161
142.010000 15 162
142.010000 16 163
142.010000 17 163
142.010000 18 127
142.010000 19 162
143.010000 0 129
143.010000 1 165
143.010000 2 165
143.010000 3 164
143.010000 4 165
143.010000 5 165
143.010000 6 165
143.010000 7 165
143.010000 8 164
143.010000 9 164
143.010000 10 165
143.010000 11 93
143.010000 12 166
143.010000 13 164
143.010000 14 166
143.010000 15 165
143.010000 16 165
143.010000 17 165
143.010000 18 129
143.010000 19 165
144.010000 0 133
144.010000 1 170
144.010000 2 171
144.010000 3 172
144.010000 4 171
144.010000 5 171
144.010000 6 170
144.010000 7 171
144.010000 8 172
144.010000 9 172
144.010000 10 170
144.010000 11 95
144.010000 12 170
144.010000 13 172
144.010000 14 171
144.010000 15 171
144.010000 16 171
144.010000 17 171
144.010000 18 133
144.010000 19 171
145.010000 0 146
145.010000 1 189
145.010000 2 188
145.010000 3 188
145.010000 4 188
145.010000 5 188
145.010000 6 188
145.010000 7 188
145.010000 8 187
145.010000 9 188
145.010000 10 189
145.010000 11 104
145.010000 12 188
145.010000 13 188
145.010000 14 188
145.010000 15 188
145.010000 16 188
145.010000 17 187
145.010000 18 146
145.010000 19 187
146.010000 0 139
146.010000 1 179
146.010000 2 179
146.010000 3 179
146.010000 4 179
146.010000 5 179
146.010000 6 180
146.010000 7 179
146.010000 8 179
146.010000 9 179
146.010000 10 178
146.010000 11 98
146.010000 12 179
146.010000 13 179
146.010000 14 179
146.010000 15 179
146.010000 16 179
146.010000 17 180
146.010000 18 139
146.010000 19 179
147.010000 0 133
147.010000 1 171
147.010000 2 171
147.010000 3 171
147.010000 4 171
147.010000 5 171
147.010000 6 171
147.010000 7 171
147.010000 8 172
147.010000 9 170
147.010000 10 172
147.010000 11 96
147.010000 12 172
147.010000 13 170
147.010000 14 170
147.010000 15 171
147.010000 16 171
147.010000 17 170
147.010000 18 132
147.010000 19 172
148.010000 0 138
148.010000 1 179
148.010000 2 178
148.010000 3 179
148.010000 4 179
148.010000 5 179
148.010000 6 179
148.010000 7 178
148.010000 8 179
148.010000 9 180
148.010000 10 179
148.010000 11 99
148.010000 12 178
148.010000 13 180
148.010000 14 180
148.010000 15 179
148.010000 16 178
148.010000 17 180
148.010000 18 140
148.010000 19 179
149.010000 0 140
149.010000 1 179
149.010000 2 180
149.010000 3 178
149.010000 4 179
149.010000 5 179
149.010000 6 178
149.010000 7 180
149.010000 8 179
149.010000 9 179
149.010000 10 179
149.010000 11 99
149.010000 12 180
149.010000 13 178
149.010000 14 178
149.010000 15 179
149.010000 16 180
149.010000 17 179
149.010000 18 139
149.010000 19 178
