0.010000 0 2
0.010000 1 6
0.010000 2 6
0.010000 3 4
0.010000 4 6
0.010000 5 6
0.010000 6 6
0.010000 7 6
0.010000 8 6
0.010000 9 6
0.010000 10 6
0.010000 11 6
0.010000 12 6
0.010000 13 6
0.010000 14 4
0.010000 15 6
0.010000 16 6
0.010000 17 3
0.010000 18 4
0.010000 19 6
0.010000 20 6
0.010000 21 5
0.010000 22 6
0.010000 23 6
1.010000 0 25
1.010000 1 24
1.010000 2 18
1.010000 3 24
1.010000 4 25
1.010000 5 23
1.010000 6 25
1.010000 7 25
1.010000 8 24
1.010000 9 25
1.010000 10 25
1.010000 11 25
1.010000 12 22
1.010000 13 25
1.010000 14 26
1.010000 15 21
1.010000 16 25
1.010000 17 24
1.010000 18 26
1.010000 19 22
1.010000 20 25
1.010000 21 26
1.010000 22 25
1.010000 23 25
2.010000 0 21
2.010000 1 25
2.010000 2 23
2.010000 3 25
2.010000 4 25
2.010000 5 25
2.010000 6 25
2.010000 7 25
2.010000 8 26
2.010000 9 24
2.010000 10 25
2.010000 11 25
2.010000 12 24
2.010000 13 24
2.010000 14 24
2.010000 15 24
2.010000 16 25
2.010000 17 24
2.010000 18 23
2.010000 19 24
2.010000 20 25
2.010000 21 24
2.010000 22 24
2.010000 23 25
3.010000 0 17
3.010000 1 21
3.010000 2 18
3.010000 3 19
3.010000 4 20
3.010000 5 18
3.010000 6 20
3.010000 7 20
3.010000 8 20
3.010000 9 21
3.010000 10 20
3.010000 11 20
3.010000 12 20
3.010000 13 21
3.010000 14 18
3.010000 15 18
3.010000 16 19
3.010000 17 17
3.010000 18 18
3.010000 19 21
3.010000 20 20
3.010000 21 21
3.010000 22 20
3.010000 23 20
4.010000 0 19
4.010000 1 23
4.010000 2 22
4.010000 3 21
4.010000 4 23
4.010000 5 23
4.010000 6 22
4.010000 7 23
4.010000 8 23
4.010000 9 23
4.010000 10 23
4.010000 11 23
4.010000 12 23
4.010000 13 23
4.010000 14 22
4.010000 15 22
4.010000 16 24
4.010000 17 20
4.010000 18 22
4.010000 19 22
4.010000 20 23
4.010000 21 22
4.010000 22 24
4.010000 23 22
5.010000 0 18
5.010000 1 22
5.010000 2 19
5.010000 3 21
5.010000 4 22
5.010000 5 21
5.010000 6 23
5.010000 7 22
5.010000 8 22
5.010000 9 22
5.010000 10 22
5.010000 11 21
5.010000 12 21
5.010000 13 22
5.010000 14 20
5.010000 15 20
5.010000 16 22
5.010000 17 20
5.010000 18 21
5.010000 19 21
5.010000 20 22
5.010000 21 23
5.010000 22 22
5.010000 23 23
6.010000 0 24
6.010000 1 24
6.010000 2 20
6.010000 3 25
6.010000 4 23
6.010000 5 23
6.010000 6 24
6.010000 7 24
6.010000 8 23
6.010000 9 23
6.010000 10 23
6.010000 11 24
6.010000 12 22
6.010000 13 24
6.010000 14 25
6.010000 15 22
6.010000 16 24
6.010000 17 25
6.010000 18 24
6.010000 19 23
6.010000 20 24
6.010000 21 24
6.010000 22 24
6.010000 23 24
7.010000 0 20
7.010000 1 23
7.010000 2 21
7.010000 3 21
7.010000 4 25
7.010000 5 23
7.010000 6 24
7.010000 7 24
7.010000 8 25
7.010000 9 24
7.010000 10 24
7.010000 11 25
7.010000 12 23
7.010000 13 24
7.010000 14 22
7.010000 15 22
7.010000 16 23
7.010000 17 19
7.010000 18 23
7.010000 19 23
7.010000 20 24
7.010000 21 24
7.010000 22 24
7.010000 23 24
8.010000 0 17
8.010000 1 23
8.010000 2 20
8.010000 3 21
8.010000 4 21
8.010000 5 21
8.010000 6 22
8.010000 7 22
8.010000 8 22
8.010000 9 22
8.010000 10 23
8.010000 11 22
8.010000 12 22
8.010000 13 22
8.010000 14 20
8.010000 15 20
8.010000 16 23
8.010000 17 20
8.010000 18 20
8.010000 19 21
8.010000 20 22
8.010000 21 22
8.010000 22 22
8.010000 23 22
9.010000 0 19
9.010000 1 20
9.010000 2 18
9.010000 3 20
9.010000 4 22
9.010000 5 20
9.010000 6 21
9.010000 7 21
9.010000 8 21
9.010000 9 22
9.010000 10 21
9.010000 11 21
9.010000 12 20
9.010000 13 21
9.010000 14 20
9.010000 15 19
9.010000 16 21
9.010000 17 19
9.010000 18 21
9.010000 19 20
9.010000 20 21
9.010000 21 21
9.010000 22 21
9.010000 23 21
10.010000 0 23
10.010000 1 24
10.010000 2 17
10.010000 3 24
10.010000 4 23
10.010000 5 22
10.010000 6 23
10.010000 7 23
10.010000 8 23
10.010000 9 22
10.010000 10 23
10.010000 11 23
10.010000 12 20
10.010000 13 22
10.010000 14 24
10.010000 15 20
10.010000 16 23
10.010000 17 24
10.010000 18 23
10.010000 19 20
10.010000 20 23
10.010000 21 23
10.010000 22 23
10.010000 23 23
11.010000 0 19
11.010000 1 23
11.010000 2 23
11.010000 3 20
11.010000 4 23
11.010000 5 22
11.010000 6 23
11.010000 7 23
11.010000 8 23
11.010000 9 23
11.010000 10 23
11.010000 11 23
11.010000 12 24
11.010000 13 24
11.010000 14 22
11.010000 15 22
11.010000 16 23
11.010000 17 19
11.010000 18 22
11.010000 19 24
11.010000 20 23
11.010000 21 23
11.010000 22 22
11.010000 23 22
12.010000 0 20
12.010000 1 25
12.010000 2 20
12.010000 3 24
12.010000 4 25
12.010000 5 24
12.010000 6 25
12.010000 7 25
12.010000 8 25
12.010000 9 26
12.010000 10 24
12.010000 11 25
12.010000 12 23
12.010000 13 25
12.010000 14 22
12.010000 15 22
12.010000 16 25
12.010000 17 22
12.010000 18 23
12.010000 19 22
12.010000 20 25
12.010000 21 25
12.010000 22 26
12.010000 23 26
13.010000 0 19
13.010000 1 22
13.010000 2 21
13.010000 3 21
13.010000 4 22
13.010000 5 21
13.010000 6 22
13.010000 7 22
13.010000 8 22
13.010000 9 22
13.010000 10 23
13.010000 11 22
13.010000 12 22
13.010000 13 21
13.010000 14 22
13.010000 15 21
13.010000 16 22
13.010000 17 20
13.010000 18 20
13.010000 19 23
13.010000 20 22
13.010000 21 22
13.010000 22 21
13.010000 23 22
14.010000 0 23
14.010000 1 24
14.010000 2 17
14.010000 3 25
14.010000 4 24
14.010000 5 22
14.010000 6 24
14.010000 7 24
14.010000 8 24
14.010000 9 24
14.010000 10 24
14.010000 11 24
14.010000 12 21
14.010000 13 24
14.010000 14 23
14.010000 15 20
14.010000 16 23
14.010000 17 25
14.010000 18 25
14.010000 19 21
14.010000 20 24
14.010000 21 24
14.010000 22 25
14.010000 23 24
15.010000 0 19
15.010000 1 20
15.010000 2 22
15.010000 3 20
15.010000 4 20
15.010000 5 21
15.010000 6 21
15.010000 7 21
15.010000 8 20
15.010000 9 21
15.010000 10 20
15.010000 11 21
15.010000 12 22
15.010000 13 22
15.010000 14 21
15.010000 15 21
15.010000 16 22
15.010000 17 19
15.010000 18 20
15.010000 19 22
15.010000 20 21
15.010000 21 21
15.010000 22 20
15.010000 23 21
16.010000 0 615
16.010000 1 601
16.010000 2 611
16.010000 3 621
16.010000 4 579
16.010000 5 620
16.010000 6 623
16.010000 7 624
16.010000 8 417
16.010000 9 624
16.010000 10 625
16.010000 11 415
16.010000 12 619
16.010000 13 624
16.010000 14 621
16.010000 15 616
16.010000 16 624
16.010000 17 618
16.010000 18 621
16.010000 19 619
16.010000 20 624
16.010000 21 601
16.010000 22 625
16.010000 23 579
17.010000 0 642
17.010000 1 583
17.010000 2 649
17.010000 3 647
17.010000 4 515
17.010000 5 648
17.010000 6 649
17.010000 7 648
17.010000 8 532
17.010000 9 648
17.010000 10 648
17.010000 11 531
17.010000 12 649
17.010000 13 648
17.010000 14 645
17.010000 15 648
17.010000 16 648
17.010000 17 645
17.010000 18 645
17.010000 19 649
17.010000 20 648
17.010000 21 584
17.010000 22 648
17.010000 23 516
18.010000 0 625
18.010000 1 555
18.010000 2 620
18.010000 3 624
18.010000 4 493
18.010000 5 622
18.010000 6 625
18.010000 7 625
18.010000 8 524
18.010000 9 625
18.010000 10 625
18.010000 11 526
18.010000 12 623
18.010000 13 625
18.010000 14 626
18.010000 15 620
18.010000 16 625
18.010000 17 624
18.010000 18 626
18.010000 19 623
18.010000 20 625
18.010000 21 557
18.010000 22 625
18.010000 23 493
19.010000 0 598
19.010000 1 545
19.010000 2 601
19.010000 3 601
19.010000 4 488
19.010000 5 605
19.010000 6 604
19.010000 7 604
19.010000 8 494
19.010000 9 604
19.010000 10 604
19.010000 11 495
19.010000 12 602
19.010000 13 604
19.010000 14 601
19.010000 15 604
19.010000 16 604
19.010000 17 599
19.010000 18 602
19.010000 19 603
19.010000 20 604
19.010000 21 541
19.010000 22 604
19.010000 23 483
20.010000 0 654
20.010000 1 569
20.010000 2 653
20.010000 3 655
20.010000 4 487
20.010000 5 653
20.010000 6 654
20.010000 7 653
20.010000 8 563
20.010000 9 654
20.010000 10 653
20.010000 11 564
20.010000 12 655
20.010000 13 654
20.010000 14 655
20.010000 15 653
20.010000 16 654
20.010000 17 655
20.010000 18 654
20.010000 19 654
20.010000 20 654
20.010000 21 595
20.010000 22 654
20.010000 23 511
21.010000 0 664
21.010000 1 591
21.010000 2 660
21.010000 3 666
21.010000 4 518
21.010000 5 665
21.010000 6 667
21.010000 7 668
21.010000 8 601
21.010000 9 666
21.010000 10 668
21.010000 11 602
21.010000 12 664
21.010000 13 666
21.010000 14 666
21.010000 15 663
21.010000 16 667
21.010000 17 665
21.010000 18 666
21.010000 19 664
21.010000 20 667
21.010000 21 563
21.010000 22 667
21.010000 23 487
22.010000 0 626
22.010000 1 549
22.010000 2 633
22.010000 3 630
22.010000 4 466
22.010000 5 632
22.010000 6 632
22.010000 7 632
22.010000 8 570
22.010000 9 632
22.010000 10 632
22.010000 11 572
22.010000 12 633
22.010000 13 633
22.010000 14 630
22.010000 15 632
22.010000 16 631
22.010000 17 628
22.010000 18 629
22.010000 19 633
22.010000 20 632
22.010000 21 554
22.010000 22 632
22.010000 23 471
23.010000 0 631
23.010000 1 558
23.010000 2 628
23.010000 3 630
23.010000 4 485
23.010000 5 630
23.010000 6 631
23.010000 7 630
23.010000 8 550
23.010000 9 630
23.010000 10 631
23.010000 11 550
23.010000 12 630
23.010000 13 631
23.010000 14 631
23.010000 15 629
23.010000 16 631
23.010000 17 630
23.010000 18 632
23.010000 19 630
23.010000 20 631
23.010000 21 553
23.010000 22 631
23.010000 23 482
24.010000 0 666
24.010000 1 619
24.010000 2 666
24.010000 3 669
24.010000 4 568
24.010000 5 668
24.010000 6 669
24.010000 7 670
24.010000 8 460
24.010000 9 670
24.010000 10 669
24.010000 11 460
24.010000 12 668
24.010000 13 669
24.010000 14 668
24.010000 15 667
24.010000 16 670
24.010000 17 668
24.010000 18 668
24.010000 19 668
24.010000 20 669
24.010000 21 654
24.010000 22 669
24.010000 23 603
25.010000 0 648
25.010000 1 586
25.010000 2 649
25.010000 3 651
25.010000 4 519
25.010000 5 651
25.010000 6 652
25.010000 7 652
25.010000 8 568
25.010000 9 652
25.010000 10 652
25.010000 11 567
25.010000 12 651
25.010000 13 652
25.010000 14 651
25.010000 15 650
25.010000 16 652
25.010000 17 650
25.010000 18 650
25.010000 19 651
25.010000 20 652
25.010000 21 557
25.010000 22 652
25.010000 23 487
26.010000 0 665
26.010000 1 590
26.010000 2 667
26.010000 3 667
26.010000 4 507
26.010000 5 669
26.010000 6 670
26.010000 7 670
26.010000 8 596
26.010000 9 670
26.010000 10 670
26.010000 11 596
26.010000 12 669
26.010000 13 670
26.010000 14 668
26.010000 15 668
26.010000 16 670
26.010000 17 665
26.010000 18 668
26.010000 19 669
26.010000 20 670
26.010000 21 584
26.010000 22 670
26.010000 23 503
27.010000 0 627
27.010000 1 572
27.010000 2 625
27.010000 3 629
27.010000 4 515
27.010000 5 627
27.010000 6 628
27.010000 7 628
27.010000 8 495
27.010000 9 628
27.010000 10 627
27.010000 11 492
27.010000 12 627
27.010000 13 628
27.010000 14 628
27.010000 15 626
27.010000 16 628
27.010000 17 629
27.010000 18 628
27.010000 19 627
27.010000 20 628
27.010000 21 572
27.010000 22 628
27.010000 23 515
28.010000 0 668
28.010000 1 599
28.010000 2 669
28.010000 3 671
28.010000 4 522
28.010000 5 672
28.010000 6 674
28.010000 7 674
28.010000 8 577
28.010000 9 674
28.010000 10 675
28.010000 11 578
28.010000 12 672
28.010000 13 674
28.010000 14 671
28.010000 15 670
28.010000 16 674
28.010000 17 669
28.010000 18 672
28.010000 19 672
28.010000 20 674
28.010000 21 599
28.010000 22 674
28.010000 23 523
29.010000 0 671
29.010000 1 584
29.010000 2 669
29.010000 3 672
29.010000 4 499
29.010000 5 669
29.010000 6 671
29.010000 7 671
29.010000 8 595
29.010000 9 671
29.010000 10 671
29.010000 11 595
29.010000 12 671
29.010000 13 671
29.010000 14 672
29.010000 15 669
29.010000 16 671
29.010000 17 672
29.010000 18 671
29.010000 19 671
29.010000 20 671
29.010000 21 592
29.010000 22 671
29.010000 23 509
30.010000 0 647
30.010000 1 578
30.010000 2 651
30.010000 3 652
30.010000 4 501
30.010000 5 654
30.010000 6 653
30.010000 7 653
30.010000 8 576
30.010000 9 653
30.010000 10 653
30.010000 11 580
30.010000 12 652
30.010000 13 653
30.010000 14 650
30.010000 15 653
30.010000 16 653
30.010000 17 650
30.010000 18 650
30.010000 19 652
30.010000 20 653
30.010000 21 567
30.010000 22 653
30.010000 23 487
31.010000 0 636
31.010000 1 577
31.010000 2 633
31.010000 3 635
31.010000 4 521
31.010000 5 635
31.010000 6 636
31.010000 7 636
31.010000 8 491
31.010000 9 636
31.010000 10 636
31.010000 11 489
31.010000 12 635
31.010000 13 636
31.010000 14 637
31.010000 15 634
31.010000 16 636
31.010000 17 635
31.010000 18 637
31.010000 19 635
31.010000 20 636
31.010000 21 589
31.010000 22 636
31.010000 23 533
32.010000 0 618
32.010000 1 550
32.010000 2 620
32.010000 3 621
32.010000 4 475
32.010000 5 623
32.010000 6 624
32.010000 7 624
32.010000 8 560
32.010000 9 624
32.010000 10 624
32.010000 11 561
32.010000 12 622
32.010000 13 624
32.010000 14 622
32.010000 15 622
32.010000 16 624
32.010000 17 619
32.010000 18 621
32.010000 19 623
32.010000 20 624
32.010000 21 539
32.010000 22 623
32.010000 23 464
33.010000 0 651
33.010000 1 594
33.010000 2 651
33.010000 3 652
33.010000 4 539
33.010000 5 652
33.010000 6 652
33.010000 7 653
33.010000 8 499
33.010000 9 653
33.010000 10 653
33.010000 11 499
33.010000 12 653
33.010000 13 653
33.010000 14 652
33.010000 15 651
33.010000 16 653
33.010000 17 651
33.010000 18 653
33.010000 19 652
33.010000 20 653
33.010000 21 607
33.010000 22 653
33.010000 23 549
34.010000 0 660
34.010000 1 579
34.010000 2 658
34.010000 3 662
34.010000 4 497
34.010000 5 660
34.010000 6 660
34.010000 7 661
34.010000 8 585
34.010000 9 661
34.010000 10 660
34.010000 11 586
34.010000 12 660
34.010000 13 660
34.010000 14 661
34.010000 15 659
34.010000 16 660
34.010000 17 662
34.010000 18 661
34.010000 19 660
34.010000 20 661
34.010000 21 582
34.010000 22 662
34.010000 23 499
35.010000 0 642
35.010000 1 575
35.010000 2 642
35.010000 3 644
35.010000 4 499
35.010000 5 645
35.010000 6 647
35.010000 7 646
35.010000 8 564
35.010000 9 646
35.010000 10 647
35.010000 11 564
35.010000 12 644
35.010000 13 646
35.010000 14 645
35.010000 15 644
35.010000 16 647
35.010000 17 643
35.010000 18 645
35.010000 19 645
35.010000 20 646
35.010000 21 563
35.010000 22 646
35.010000 23 487
36.010000 0 684
36.010000 1 572
36.010000 2 684
36.010000 3 686
36.010000 4 470
36.010000 5 685
36.010000 6 686
36.010000 7 686
36.010000 8 686
36.010000 9 686
36.010000 10 685
36.010000 11 686
36.010000 12 686
36.010000 13 687
36.010000 14 685
36.010000 15 684
36.010000 16 686
36.010000 17 685
36.010000 18 685
36.010000 19 685
36.010000 20 686
36.010000 21 569
36.010000 22 686
36.010000 23 468
37.010000 0 633
37.010000 1 559
37.010000 2 633
37.010000 3 635
37.010000 4 485
37.010000 5 635
37.010000 6 636
37.010000 7 636
37.010000 8 548
37.010000 9 636
37.010000 10 637
37.010000 11 549
37.010000 12 635
37.010000 13 636
37.010000 14 635
37.010000 15 634
37.010000 16 636
37.010000 17 634
37.010000 18 635
37.010000 19 635
37.010000 20 635
37.010000 21 569
37.010000 22 636
37.010000 23 493
38.010000 0 616
38.010000 1 545
38.010000 2 616
38.010000 3 618
38.010000 4 464
38.010000 5 618
38.010000 6 619
38.010000 7 619
38.010000 8 554
38.010000 9 619
38.010000 10 619
38.010000 11 558
38.010000 12 618
38.010000 13 619
38.010000 14 618
38.010000 15 617
38.010000 16 618
38.010000 17 617
38.010000 18 618
38.010000 19 618
38.010000 20 620
38.010000 21 541
38.010000 22 619
38.010000 23 456
39.010000 0 652
39.010000 1 597
39.010000 2 652
39.010000 3 654
39.010000 4 543
39.010000 5 654
39.010000 6 655
39.010000 7 655
39.010000 8 511
39.010000 9 655
39.010000 10 655
39.010000 11 510
39.010000 12 654
39.010000 13 655
39.010000 14 654
39.010000 15 653
39.010000 16 656
39.010000 17 653
39.010000 18 654
39.010000 19 654
39.010000 20 655
39.010000 21 595
39.010000 22 655
39.010000 23 541
40.010000 0 647
40.010000 1 596
40.010000 2 645
40.010000 3 649
40.010000 4 535
40.010000 5 648
40.010000 6 650
40.010000 7 649
40.010000 8 516
40.010000 9 649
40.010000 10 650
40.010000 11 516
40.010000 12 648
40.010000 13 650
40.010000 14 649
40.010000 15 646
40.010000 16 650
40.010000 17 648
40.010000 18 649
40.010000 19 648
40.010000 20 649
40.010000 21 588
40.010000 22 649
40.010000 23 528
41.010000 0 652
41.010000 1 570
41.010000 2 654
41.010000 3 654
41.010000 4 493
41.010000 5 655
41.010000 6 655
41.010000 7 656
41.010000 8 584
41.010000 9 656
41.010000 10 655
41.010000 11 585
41.010000 12 655
41.010000 13 655
41.010000 14 654
41.010000 15 655
41.010000 16 655
41.010000 17 653
41.010000 18 654
41.010000 19 655
41.010000 20 656
41.010000 21 569
41.010000 22 656
41.010000 23 491
42.010000 0 670
42.010000 1 557
42.010000 2 670
42.010000 3 672
42.010000 4 448
42.010000 5 672
42.010000 6 673
42.010000 7 673
42.010000 8 673
42.010000 9 673
42.010000 10 673
42.010000 11 673
42.010000 12 672
42.010000 13 673
42.010000 14 672
42.010000 15 671
42.010000 16 673
42.010000 17 671
42.010000 18 672
42.010000 19 672
42.010000 20 673
42.010000 21 573
42.010000 22 672
42.010000 23 465
43.010000 0 676
43.010000 1 603
43.010000 2 677
43.010000 3 677
43.010000 4 519
43.010000 5 679
43.010000 6 680
43.010000 7 679
43.010000 8 598
43.010000 9 680
43.010000 10 680
43.010000 11 596
43.010000 12 679
43.010000 13 680
43.010000 14 679
43.010000 15 678
43.010000 16 680
43.010000 17 676
43.010000 18 679
43.010000 19 679
43.010000 20 680
43.010000 21 597
43.010000 22 681
43.010000 23 512
44.010000 0 652
44.010000 1 609
44.010000 2 651
44.010000 3 655
44.010000 4 562
44.010000 5 653
44.010000 6 654
44.010000 7 655
44.010000 8 479
44.010000 9 654
44.010000 10 654
44.010000 11 478
44.010000 12 653
44.010000 13 654
44.010000 14 653
44.010000 15 652
44.010000 16 653
44.010000 17 654
44.010000 18 653
44.010000 19 653
44.010000 20 654
44.010000 21 604
44.010000 22 653
44.010000 23 560
45.010000 0 625
45.010000 1 577
45.010000 2 625
45.010000 3 627
45.010000 4 529
45.010000 5 627
45.010000 6 628
45.010000 7 628
45.010000 8 476
45.010000 9 628
45.010000 10 628
45.010000 11 476
45.010000 12 627
45.010000 13 628
45.010000 14 627
45.010000 15 626
45.010000 16 628
45.010000 17 626
45.010000 18 627
45.010000 19 627
45.010000 20 628
45.010000 21 575
45.010000 22 628
45.010000 23 530
46.010000 0 668
46.010000 1 605
46.010000 2 672
46.010000 3 672
46.010000 4 533
46.010000 5 674
46.010000 6 675
46.010000 7 675
46.010000 8 550
46.010000 9 675
46.010000 10 675
46.010000 11 549
46.010000 12 674
46.010000 13 675
46.010000 14 672
46.010000 15 673
46.010000 16 676
46.010000 17 670
46.010000 18 672
46.010000 19 674
46.010000 20 675
46.010000 21 620
46.010000 22 676
46.010000 23 544
47.010000 0 644
47.010000 1 568
47.010000 2 642
47.010000 3 644
47.010000 4 485
47.010000 5 644
47.010000 6 645
47.010000 7 645
47.010000 8 581
47.010000 9 645
47.010000 10 645
47.010000 11 581
47.010000 12 644
47.010000 13 645
47.010000 14 645
47.010000 15 643
47.010000 16 645
47.010000 17 643
47.010000 18 645
47.010000 19 644
47.010000 20 645
47.010000 21 557
47.010000 22 645
47.010000 23 474
48.010000 0 615
48.010000 1 559
48.010000 2 613
48.010000 3 617
48.010000 4 510
48.010000 5 615
48.010000 6 616
48.010000 7 616
48.010000 8 478
48.010000 9 616
48.010000 10 616
48.010000 11 477
48.010000 12 615
48.010000 13 616
48.010000 14 616
48.010000 15 614
48.010000 16 616
48.010000 17 617
48.010000 18 616
48.010000 19 615
48.010000 20 616
48.010000 21 563
48.010000 22 615
48.010000 23 514
49.010000 0 631
49.010000 1 584
49.010000 2 631
49.010000 3 633
49.010000 4 539
49.010000 5 633
49.010000 6 634
49.010000 7 634
49.010000 8 455
49.010000 9 634
49.010000 10 634
49.010000 11 457
49.010000 12 633
49.010000 13 634
49.010000 14 633
49.010000 15 632
49.010000 16 634
49.010000 17 632
49.010000 18 633
49.010000 19 633
49.010000 20 634
49.010000 21 601
49.010000 22 635
49.010000 23 556
50.010000 0 693
50.010000 1 652
50.010000 2 693
50.010000 3 695
50.010000 4 607
50.010000 5 695
50.010000 6 696
50.010000 7 696
50.010000 8 500
50.010000 9 696
50.010000 10 696
50.010000 11 501
50.010000 12 695
50.010000 13 695
50.010000 14 695
50.010000 15 694
50.010000 16 696
50.010000 17 694
50.010000 18 695
50.010000 19 695
50.010000 20 696
50.010000 21 645
50.010000 22 695
50.010000 23 600
51.010000 0 672
51.010000 1 623
51.010000 2 672
51.010000 3 674
51.010000 4 577
51.010000 5 674
51.010000 6 675
51.010000 7 675
51.010000 8 499
51.010000 9 675
51.010000 10 675
51.010000 11 499
51.010000 12 674
51.010000 13 676
51.010000 14 674
51.010000 15 673
51.010000 16 674
51.010000 17 673
51.010000 18 674
51.010000 19 674
51.010000 20 675
51.010000 21 625
51.010000 22 675
51.010000 23 575
52.010000 0 636
52.010000 1 566
52.010000 2 639
52.010000 3 639
52.010000 4 494
52.010000 5 641
52.010000 6 642
52.010000 7 642
52.010000 8 555
52.010000 9 642
52.010000 10 641
52.010000 11 556
52.010000 12 641
52.010000 13 642
52.010000 14 639
52.010000 15 640
52.010000 16 643
52.010000 17 637
52.010000 18 640
52.010000 19 641
52.010000 20 642
52.010000 21 570
52.010000 22 642
52.010000 23 496
53.010000 0 637
53.010000 1 571
53.010000 2 631
53.010000 3 638
53.010000 4 499
53.010000 5 634
53.010000 6 637
53.010000 7 637
53.010000 8 546
53.010000 9 637
53.010000 10 638
53.010000 11 546
53.010000 12 635
53.010000 13 637
53.010000 14 638
53.010000 15 632
53.010000 16 637
53.010000 17 638
53.010000 18 637
53.010000 19 634
53.010000 20 637
53.010000 21 557
53.010000 22 638
53.010000 23 487
54.010000 0 614
54.010000 1 543
54.010000 2 617
54.010000 3 616
54.010000 4 473
54.010000 5 618
54.010000 6 617
54.010000 7 617
54.010000 8 520
54.010000 9 617
54.010000 10 617
54.010000 11 518
54.010000 12 617
54.010000 13 617
54.010000 14 616
54.010000 15 618
54.010000 16 617
54.010000 17 615
54.010000 18 616
54.010000 19 618
54.010000 20 617
54.010000 21 559
54.010000 22 617
54.010000 23 491
55.010000 0 639
55.010000 1 569
55.010000 2 642
55.010000 3 644
55.010000 4 496
55.010000 5 644
55.010000 6 645
55.010000 7 645
55.010000 8 567
55.010000 9 645
55.010000 10 645
55.010000 11 566
55.010000 12 644
55.010000 13 644
55.010000 14 642
55.010000 15 643
55.010000 16 644
55.010000 17 642
55.010000 18 642
55.010000 19 644
55.010000 20 645
55.010000 21 564
55.010000 22 645
55.010000 23 491
56.010000 0 660
56.010000 1 587
56.010000 2 657
56.010000 3 659
56.010000 4 507
56.010000 5 659
56.010000 6 659
56.010000 7 660
56.010000 8 580
56.010000 9 660
56.010000 10 660
56.010000 11 579
56.010000 12 659
56.010000 13 661
56.010000 14 661
56.010000 15 658
56.010000 16 661
56.010000 17 659
56.010000 18 661
56.010000 19 659
56.010000 20 660
56.010000 21 573
56.010000 22 660
56.010000 23 493
57.010000 0 617
57.010000 1 552
57.010000 2 621
57.010000 3 622
57.010000 4 481
57.010000 5 623
57.010000 6 625
57.010000 7 624
57.010000 8 530
57.010000 9 624
57.010000 10 623
57.010000 11 529
57.010000 12 623
57.010000 13 624
57.010000 14 621
57.010000 15 622
57.010000 16 623
57.010000 17 620
57.010000 18 621
57.010000 19 623
57.010000 20 624
57.010000 21 564
57.010000 22 624
57.010000 23 492
58.010000 0 667
58.010000 1 606
58.010000 2 663
58.010000 3 666
58.010000 4 547
58.010000 5 665
58.010000 6 666
58.010000 7 666
58.010000 8 524
58.010000 9 666
58.010000 10 667
58.010000 11 525
58.010000 12 665
58.010000 13 666
58.010000 14 667
58.010000 15 664
58.010000 16 667
58.010000 17 666
58.010000 18 667
58.010000 19 665
58.010000 20 666
58.010000 21 602
58.010000 22 665
58.010000 23 544
59.010000 0 663
59.010000 1 584
59.010000 2 666
59.010000 3 667
59.010000 4 499
59.010000 5 668
59.010000 6 669
59.010000 7 669
59.010000 8 596
59.010000 9 668
59.010000 10 669
59.010000 11 597
59.010000 12 668
59.010000 13 669
59.010000 14 666
59.010000 15 667
59.010000 16 669
59.010000 17 665
59.010000 18 667
59.010000 19 668
59.010000 20 669
59.010000 21 591
59.010000 22 669
59.010000 23 505
60.010000 0 650
60.010000 1 594
60.010000 2 647
60.010000 3 650
60.010000 4 531
60.010000 5 649
60.010000 6 650
60.010000 7 649
60.010000 8 531
60.010000 9 651
60.010000 10 650
60.010000 11 530
60.010000 12 649
60.010000 13 650
60.010000 14 651
60.010000 15 648
60.010000 16 650
60.010000 17 650
60.010000 18 650
60.010000 19 649
60.010000 20 650
60.010000 21 573
60.010000 22 651
60.010000 23 510
61.010000 0 671
61.010000 1 601
61.010000 2 671
61.010000 3 673
61.010000 4 536
61.010000 5 673
61.010000 6 673
61.010000 7 675
61.010000 8 538
61.010000 9 674
61.010000 10 674
61.010000 11 539
61.010000 12 673
61.010000 13 674
61.010000 14 673
61.010000 15 672
61.010000 16 674
61.010000 17 672
61.010000 18 673
61.010000 19 673
61.010000 20 674
61.010000 21 622
61.010000 22 674
61.010000 23 557
62.010000 0 619
62.010000 1 584
62.010000 2 619
62.010000 3 621
62.010000 4 544
62.010000 5 621
62.010000 6 622
62.010000 7 622
62.010000 8 445
62.010000 9 622
62.010000 10 622
62.010000 11 445
62.010000 12 621
62.010000 13 622
62.010000 14 621
62.010000 15 620
62.010000 16 621
62.010000 17 620
62.010000 18 621
62.010000 19 621
62.010000 20 622
62.010000 21 578
62.010000 22 622
62.010000 23 538
63.010000 0 626
63.010000 1 559
63.010000 2 626
63.010000 3 628
63.010000 4 488
63.010000 5 628
63.010000 6 630
63.010000 7 629
63.010000 8 525
63.010000 9 629
63.010000 10 628
63.010000 11 525
63.010000 12 628
63.010000 13 629
63.010000 14 628
63.010000 15 627
63.010000 16 630
63.010000 17 627
63.010000 18 628
63.010000 19 628
63.010000 20 629
63.010000 21 570
63.010000 22 629
63.010000 23 500
64.010000 0 670
64.010000 1 608
64.010000 2 671
64.010000 3 674
64.010000 4 544
64.010000 5 673
64.010000 6 675
64.010000 7 675
64.010000 8 563
64.010000 9 675
64.010000 10 675
64.010000 11 562
64.010000 12 674
64.010000 13 675
64.010000 14 673
64.010000 15 672
64.010000 16 675
64.010000 17 672
64.010000 18 672
64.010000 19 674
64.010000 20 675
64.010000 21 593
64.010000 22 674
64.010000 23 532
65.010000 0 639
65.010000 1 568
65.010000 2 640
65.010000 3 641
65.010000 4 491
65.010000 5 642
65.010000 6 641
65.010000 7 642
65.010000 8 564
65.010000 9 642
65.010000 10 643
65.010000 11 564
65.010000 12 641
65.010000 13 642
65.010000 14 640
65.010000 15 641
65.010000 16 642
65.010000 17 640
65.010000 18 642
65.010000 19 641
65.010000 20 642
65.010000 21 561
65.010000 22 643
65.010000 23 483
66.010000 0 651
66.010000 1 552
66.010000 2 649
66.010000 3 651
66.010000 4 450
66.010000 5 651
66.010000 6 653
66.010000 7 652
66.010000 8 622
66.010000 9 652
66.010000 10 652
66.010000 11 622
66.010000 12 651
66.010000 13 652
66.010000 14 653
66.010000 15 650
66.010000 16 652
66.010000 17 651
66.010000 18 652
66.010000 19 651
66.010000 20 652
66.010000 21 569
66.010000 22 652
66.010000 23 465
67.010000 0 643
67.010000 1 559
67.010000 2 642
67.010000 3 645
67.010000 4 474
67.010000 5 643
67.010000 6 646
67.010000 7 646
67.010000 8 609
67.010000 9 646
67.010000 10 646
67.010000 11 609
67.010000 12 645
67.010000 13 646
67.010000 14 645
67.010000 15 642
67.010000 16 646
67.010000 17 644
67.010000 18 645
67.010000 19 645
67.010000 20 646
67.010000 21 544
67.010000 22 646
67.010000 23 460
68.010000 0 662
68.010000 1 558
68.010000 2 659
68.010000 3 664
68.010000 4 444
68.010000 5 664
68.010000 6 665
68.010000 7 665
68.010000 8 665
68.010000 9 665
68.010000 10 665
68.010000 11 665
68.010000 12 662
68.010000 13 665
68.010000 14 664
68.010000 15 662
68.010000 16 665
68.010000 17 663
68.010000 18 664
68.010000 19 662
68.010000 20 665
68.010000 21 567
68.010000 22 665
68.010000 23 452
69.010000 0 628
69.010000 1 560
69.010000 2 635
69.010000 3 631
69.010000 4 498
69.010000 5 635
69.010000 6 634
69.010000 7 634
69.010000 8 521
69.010000 9 634
69.010000 10 634
69.010000 11 519
69.010000 12 635
69.010000 13 634
69.010000 14 632
69.010000 15 635
69.010000 16 633
69.010000 17 629
69.010000 18 631
69.010000 19 635
69.010000 20 634
69.010000 21 580
69.010000 22 634
69.010000 23 515
70.010000 0 645
70.010000 1 619
70.010000 2 640
70.010000 3 646
70.010000 4 591
70.010000 5 642
70.010000 6 645
70.010000 7 645
70.010000 8 442
70.010000 9 645
70.010000 10 645
70.010000 11 442
70.010000 12 643
70.010000 13 645
70.010000 14 645
70.010000 15 640
70.010000 16 646
70.010000 17 646
70.010000 18 646
70.010000 19 643
70.010000 20 645
70.010000 21 590
70.010000 22 645
70.010000 23 562
71.010000 0 633
71.010000 1 582
71.010000 2 635
71.010000 3 635
71.010000 4 526
71.010000 5 637
71.010000 6 636
71.010000 7 636
71.010000 8 492
71.010000 9 636
71.010000 10 635
71.010000 11 493
71.010000 12 636
71.010000 13 636
71.010000 14 635
71.010000 15 637
71.010000 16 636
71.010000 17 634
71.010000 18 635
71.010000 19 636
71.010000 20 636
71.010000 21 584
71.010000 22 635
71.010000 23 525
72.010000 0 678
72.010000 1 599
72.010000 2 678
72.010000 3 680
72.010000 4 522
72.010000 5 680
72.010000 6 681
72.010000 7 681
72.010000 8 593
72.010000 9 680
72.010000 10 681
72.010000 11 592
72.010000 12 680
72.010000 13 681
72.010000 14 680
72.010000 15 679
72.010000 16 681
72.010000 17 679
72.010000 18 680
72.010000 19 680
72.010000 20 681
72.010000 21 600
72.010000 22 682
72.010000 23 522
73.010000 0 641
73.010000 1 576
73.010000 2 639
73.010000 3 642
73.010000 4 503
73.010000 5 642
73.010000 6 645
73.010000 7 645
73.010000 8 538
73.010000 9 646
73.010000 10 646
73.010000 11 540
73.010000 12 643
73.010000 13 645
73.010000 14 644
73.010000 15 640
73.010000 16 645
73.010000 17 641
73.010000 18 644
73.010000 19 642
73.010000 20 645
73.010000 21 585
73.010000 22 645
73.010000 23 510
74.010000 0 638
74.010000 1 575
74.010000 2 640
74.010000 3 641
74.010000 4 508
74.010000 5 642
74.010000 6 641
74.010000 7 641
74.010000 8 533
74.010000 9 641
74.010000 10 641
74.010000 11 532
74.010000 12 641
74.010000 13 640
74.010000 14 639
74.010000 15 642
74.010000 16 641
74.010000 17 640
74.010000 18 640
74.010000 19 641
74.010000 20 640
74.010000 21 573
74.010000 22 641
74.010000 23 506
75.010000 0 648
75.010000 1 576
75.010000 2 651
75.010000 3 651
75.010000 4 500
75.010000 5 652
75.010000 6 653
75.010000 7 653
75.010000 8 565
75.010000 9 653
75.010000 10 653
75.010000 11 565
75.010000 12 652
75.010000 13 654
75.010000 14 651
75.010000 15 651
75.010000 16 653
75.010000 17 649
75.010000 18 651
75.010000 19 653
75.010000 20 654
75.010000 21 577
75.010000 22 653
75.010000 23 504
76.010000 0 640
76.010000 1 596
76.010000 2 634
76.010000 3 641
76.010000 4 550
76.010000 5 637
76.010000 6 640
76.010000 7 640
76.010000 8 467
76.010000 9 640
76.010000 10 639
76.010000 11 468
76.010000 12 637
76.010000 13 640
76.010000 14 641
76.010000 15 635
76.010000 16 640
76.010000 17 641
76.010000 18 640
76.010000 19 638
76.010000 20 640
76.010000 21 596
76.010000 22 640
76.010000 23 547
77.010000 0 668
77.010000 1 588
77.010000 2 668
77.010000 3 670
77.010000 4 504
77.010000 5 670
77.010000 6 671
77.010000 7 671
77.010000 8 607
77.010000 9 671
77.010000 10 672
77.010000 11 609
77.010000 12 670
77.010000 13 671
77.010000 14 670
77.010000 15 669
77.010000 16 671
77.010000 17 669
77.010000 18 670
77.010000 19 670
77.010000 20 671
77.010000 21 577
77.010000 22 671
77.010000 23 492
78.010000 0 621
78.010000 1 593
78.010000 2 624
78.010000 3 623
78.010000 4 565
78.010000 5 625
78.010000 6 624
78.010000 7 624
78.010000 8 428
78.010000 9 624
78.010000 10 623
78.010000 11 427
78.010000 12 625
78.010000 13 624
78.010000 14 623
78.010000 15 625
78.010000 16 623
78.010000 17 622
78.010000 18 623
78.010000 19 624
78.010000 20 623
78.010000 21 578
78.010000 22 624
78.010000 23 551
79.010000 0 678
79.010000 1 630
79.010000 2 679
79.010000 3 681
79.010000 4 579
79.010000 5 681
79.010000 6 682
79.010000 7 682
79.010000 8 491
79.010000 9 682
79.010000 10 682
79.010000 11 492
79.010000 12 681
79.010000 13 682
79.010000 14 680
79.010000 15 680
79.010000 16 682
79.010000 17 680
79.010000 18 681
79.010000 19 681
79.010000 20 683
79.010000 21 645
79.010000 22 682
79.010000 23 596
80.010000 0 664
80.010000 1 589
80.010000 2 663
80.010000 3 665
80.010000 4 511
80.010000 5 665
80.010000 6 666
80.010000 7 665
80.010000 8 568
80.010000 9 666
80.010000 10 667
80.010000 11 566
80.010000 12 665
80.010000 13 666
80.010000 14 666
80.010000 15 664
80.010000 16 667
80.010000 17 664
80.010000 18 665
80.010000 19 665
80.010000 20 666
80.010000 21 598
80.010000 22 666
80.010000 23 519
81.010000 0 659
81.010000 1 590
81.010000 2 656
81.010000 3 661
81.010000 4 522
81.010000 5 659
81.010000 6 662
81.010000 7 663
81.010000 8 552
81.010000 9 662
81.010000 10 662
81.010000 11 553
81.010000 12 660
81.010000 13 662
81.010000 14 661
81.010000 15 657
81.010000 16 662
81.010000 17 660
81.010000 18 661
81.010000 19 659
81.010000 20 662
81.010000 21 593
81.010000 22 662
81.010000 23 526
82.010000 0 654
82.010000 1 585
82.010000 2 654
82.010000 3 656
82.010000 4 518
82.010000 5 656
82.010000 6 657
82.010000 7 657
82.010000 8 565
82.010000 9 657
82.010000 10 657
82.010000 11 566
82.010000 12 656
82.010000 13 657
82.010000 14 656
82.010000 15 655
82.010000 16 657
82.010000 17 655
82.010000 18 656
82.010000 19 656
82.010000 20 657
82.010000 21 572
82.010000 22 657
82.010000 23 502
83.010000 0 611
83.010000 1 526
83.010000 2 614
83.010000 3 613
83.010000 4 443
83.010000 5 615
83.010000 6 614
83.010000 7 614
83.010000 8 571
83.010000 9 614
83.010000 10 614
83.010000 11 573
83.010000 12 614
83.010000 13 614
83.010000 14 613
83.010000 15 615
83.010000 16 614
83.010000 17 612
83.010000 18 613
83.010000 19 615
83.010000 20 614
83.010000 21 529
83.010000 22 614
83.010000 23 447
84.010000 0 642
84.010000 1 590
84.010000 2 644
84.010000 3 646
84.010000 4 527
84.010000 5 646
84.010000 6 647
84.010000 7 647
84.010000 8 528
84.010000 9 647
84.010000 10 647
84.010000 11 530
84.010000 12 646
84.010000 13 647
84.010000 14 644
84.010000 15 645
84.010000 16 647
84.010000 17 644
84.010000 18 645
84.010000 19 646
84.010000 20 647
84.010000 21 575
84.010000 22 647
84.010000 23 510
85.010000 0 674
85.010000 1 591
85.010000 2 672
85.010000 3 674
85.010000 4 508
85.010000 5 674
85.010000 6 675
85.010000 7 675
85.010000 8 594
85.010000 9 675
85.010000 10 674
85.010000 11 595
85.010000 12 674
85.010000 13 675
85.010000 14 676
85.010000 15 673
85.010000 16 675
85.010000 17 674
85.010000 18 675
85.010000 19 674
85.010000 20 675
85.010000 21 597
85.010000 22 675
85.010000 23 512
86.010000 0 639
86.010000 1 579
86.010000 2 639
86.010000 3 641
86.010000 4 512
86.010000 5 641
86.010000 6 642
86.010000 7 642
86.010000 8 527
86.010000 9 642
86.010000 10 643
86.010000 11 527
86.010000 12 641
86.010000 13 642
86.010000 14 641
86.010000 15 640
86.010000 16 642
86.010000 17 640
86.010000 18 641
86.010000 19 641
86.010000 20 642
86.010000 21 577
86.010000 22 642
86.010000 23 510
87.010000 0 672
87.010000 1 575
87.010000 2 674
87.010000 3 674
87.010000 4 468
87.010000 5 676
87.010000 6 677
87.010000 7 677
87.010000 8 670
87.010000 9 676
87.010000 10 677
87.010000 11 669
87.010000 12 676
87.010000 13 677
87.010000 14 675
87.010000 15 675
87.010000 16 677
87.010000 17 672
87.010000 18 675
87.010000 19 676
87.010000 20 677
87.010000 21 566
87.010000 22 677
87.010000 23 464
88.010000 0 634
88.010000 1 532
88.010000 2 632
88.010000 3 636
88.010000 4 437
88.010000 5 634
88.010000 6 635
88.010000 7 635
88.010000 8 591
88.010000 9 636
88.010000 10 635
88.010000 11 592
88.010000 12 634
88.010000 13 635
88.010000 14 635
88.010000 15 633
88.010000 16 635
88.010000 17 636
88.010000 18 635
88.010000 19 634
88.010000 20 635
88.010000 21 569
88.010000 22 635
88.010000 23 473
89.010000 0 621
89.010000 1 570
89.010000 2 620
89.010000 3 623
89.010000 4 520
89.010000 5 621
89.010000 6 624
89.010000 7 624
89.010000 8 500
89.010000 9 624
89.010000 10 624
89.010000 11 497
89.010000 12 623
89.010000 13 624
89.010000 14 623
89.010000 15 620
89.010000 16 624
89.010000 17 622
89.010000 18 623
89.010000 19 623
89.010000 20 624
89.010000 21 553
89.010000 22 624
89.010000 23 505
90.010000 0 640
90.010000 1 643
90.010000 2 637
90.010000 3 642
90.010000 4 639
90.010000 5 642
90.010000 6 643
90.010000 7 643
90.010000 8 345
90.010000 9 643
90.010000 10 643
90.010000 11 346
90.010000 12 640
90.010000 13 643
90.010000 14 642
90.010000 15 640
90.010000 16 643
90.010000 17 641
90.010000 18 642
90.010000 19 640
90.010000 20 643
90.010000 21 636
90.010000 22 643
90.010000 23 632
91.010000 0 624
91.010000 1 627
91.010000 2 628
91.010000 3 626
91.010000 4 627
91.010000 5 628
91.010000 6 627
91.010000 7 627
91.010000 8 323
91.010000 9 627
91.010000 10 626
91.010000 11 324
91.010000 12 628
91.010000 13 627
91.010000 14 626
91.010000 15 628
91.010000 16 627
91.010000 17 625
91.010000 18 626
91.010000 19 628
91.010000 20 627
91.010000 21 627
91.010000 22 626
91.010000 23 627
92.010000 0 657
92.010000 1 640
92.010000 2 653
92.010000 3 659
92.010000 4 620
92.010000 5 657
92.010000 6 660
92.010000 7 660
92.010000 8 393
92.010000 9 660
92.010000 10 661
92.010000 11 394
92.010000 12 657
92.010000 13 660
92.010000 14 659
92.010000 15 655
92.010000 16 660
92.010000 17 658
92.010000 18 659
92.010000 19 657
92.010000 20 660
92.010000 21 649
92.010000 22 661
92.010000 23 630
93.010000 0 654
93.010000 1 625
93.010000 2 658
93.010000 3 656
93.010000 4 591
93.010000 5 658
93.010000 6 657
93.010000 7 657
93.010000 8 447
93.010000 9 657
93.010000 10 657
93.010000 11 448
93.010000 12 658
93.010000 13 657
93.010000 14 656
93.010000 15 658
93.010000 16 657
93.010000 17 655
93.010000 18 656
93.010000 19 658
93.010000 20 657
93.010000 21 614
93.010000 22 656
93.010000 23 579
94.010000 0 660
94.010000 1 617
94.010000 2 658
94.010000 3 662
94.010000 4 571
94.010000 5 660
94.010000 6 663
94.010000 7 663
94.010000 8 476
94.010000 9 663
94.010000 10 663
94.010000 11 477
94.010000 12 661
94.010000 13 663
94.010000 14 662
94.010000 15 658
94.010000 16 663
94.010000 17 661
94.010000 18 662
94.010000 19 661
94.010000 20 663
94.010000 21 623
94.010000 22 664
94.010000 23 576
95.010000 0 649
95.010000 1 609
95.010000 2 651
95.010000 3 651
95.010000 4 564
95.010000 5 653
95.010000 6 652
95.010000 7 652
95.010000 8 465
95.010000 9 652
95.010000 10 652
95.010000 11 466
95.010000 12 652
95.010000 13 652
95.010000 14 651
95.010000 15 653
95.010000 16 652
95.010000 17 650
95.010000 18 651
95.010000 19 652
95.010000 20 652
95.010000 21 611
95.010000 22 652
95.010000 23 565
96.010000 0 647
96.010000 1 554
96.010000 2 647
96.010000 3 649
96.010000 4 463
96.010000 5 649
96.010000 6 650
96.010000 7 650
96.010000 8 617
96.010000 9 650
96.010000 10 650
96.010000 11 618
96.010000 12 649
96.010000 13 650
96.010000 14 649
96.010000 15 648
96.010000 16 650
96.010000 17 648
96.010000 18 649
96.010000 19 649
96.010000 20 650
96.010000 21 556
96.010000 22 650
96.010000 23 465
97.010000 0 632
97.010000 1 559
97.010000 2 632
97.010000 3 634
97.010000 4 481
97.010000 5 634
97.010000 6 635
97.010000 7 635
97.010000 8 556
97.010000 9 635
97.010000 10 635
97.010000 11 554
97.010000 12 634
97.010000 13 635
97.010000 14 634
97.010000 15 633
97.010000 16 635
97.010000 17 633
97.010000 18 634
97.010000 19 634
97.010000 20 635
97.010000 21 564
97.010000 22 635
97.010000 23 484
98.010000 0 679
98.010000 1 593
98.010000 2 679
98.010000 3 681
98.010000 4 491
98.010000 5 681
98.010000 6 681
98.010000 7 682
98.010000 8 659
98.010000 9 682
98.010000 10 682
98.010000 11 659
98.010000 12 681
98.010000 13 682
98.010000 14 681
98.010000 15 680
98.010000 16 682
98.010000 17 680
98.010000 18 681
98.010000 19 681
98.010000 20 682
98.010000 21 567
98.010000 22 682
98.010000 23 465
99.010000 0 609
99.010000 1 551
99.010000 2 605
99.010000 3 611
99.010000 4 507
99.010000 5 609
99.010000 6 613
99.010000 7 612
99.010000 8 467
99.010000 9 612
99.010000 10 612
99.010000 11 466
99.010000 12 609
99.010000 13 612
99.010000 14 611
99.010000 15 607
99.010000 16 612
99.010000 17 610
99.010000 18 611
99.010000 19 609
99.010000 20 612
99.010000 21 570
99.010000 22 612
99.010000 23 526
100.010000 0 624
100.010000 1 587
100.010000 2 632
100.010000 3 629
100.010000 4 551
100.010000 5 632
100.010000 6 631
100.010000 7 631
100.010000 8 459
100.010000 9 631
100.010000 10 631
100.010000 11 460
100.010000 12 632
100.010000 13 631
100.010000 14 628
100.010000 15 632
100.010000 16 631
100.010000 17 627
100.010000 18 628
100.010000 19 632
100.010000 20 631
100.010000 21 581
100.010000 22 631
100.010000 23 539
101.010000 0 636
101.010000 1 562
101.010000 2 636
101.010000 3 638
101.010000 4 481
101.010000 5 638
101.010000 6 639
101.010000 7 639
101.010000 8 555
101.010000 9 639
101.010000 10 639
101.010000 11 556
101.010000 12 638
101.010000 13 638
101.010000 14 638
101.010000 15 637
101.010000 16 639
101.010000 17 637
101.010000 18 638
101.010000 19 638
101.010000 20 639
101.010000 21 573
101.010000 22 639
101.010000 23 492
102.010000 0 676
102.010000 1 603
102.010000 2 672
102.010000 3 675
102.010000 4 534
102.010000 5 674
102.010000 6 675
102.010000 7 675
102.010000 8 541
102.010000 9 675
102.010000 10 675
102.010000 11 540
102.010000 12 674
102.010000 13 676
102.010000 14 676
102.010000 15 673
102.010000 16 675
102.010000 17 675
102.010000 18 676
102.010000 19 674
102.010000 20 675
102.010000 21 621
102.010000 22 675
102.010000 23 554
103.010000 0 665
103.010000 1 632
103.010000 2 665
103.010000 3 667
103.010000 4 592
103.010000 5 667
103.010000 6 668
103.010000 7 667
103.010000 8 501
103.010000 9 668
103.010000 10 668
103.010000 11 501
103.010000 12 667
103.010000 13 668
103.010000 14 667
103.010000 15 666
103.010000 16 668
103.010000 17 666
103.010000 18 667
103.010000 19 667
103.010000 20 668
103.010000 21 589
103.010000 22 668
103.010000 23 549
104.010000 0 652
104.010000 1 565
104.010000 2 649
104.010000 3 654
104.010000 4 476
104.010000 5 652
104.010000 6 655
104.010000 7 655
104.010000 8 579
104.010000 9 655
104.010000 10 655
104.010000 11 579
104.010000 12 652
104.010000 13 655
104.010000 14 654
104.010000 15 650
104.010000 16 655
104.010000 17 653
104.010000 18 654
104.010000 19 653
104.010000 20 655
104.010000 21 596
104.010000 22 655
104.010000 23 507
105.010000 0 639
105.010000 1 620
105.010000 2 642
105.010000 3 641
105.010000 4 597
105.010000 5 643
105.010000 6 642
105.010000 7 643
105.010000 8 426
105.010000 9 642
105.010000 10 641
105.010000 11 427
105.010000 12 643
105.010000 13 642
105.010000 14 641
105.010000 15 643
105.010000 16 642
105.010000 17 640
105.010000 18 641
105.010000 19 642
105.010000 20 642
105.010000 21 590
105.010000 22 642
105.010000 23 569
106.010000 0 658
106.010000 1 580
106.010000 2 658
106.010000 3 660
106.010000 4 499
106.010000 5 660
106.010000 6 660
106.010000 7 660
106.010000 8 569
106.010000 9 661
106.010000 10 662
106.010000 11 569
106.010000 12 660
106.010000 13 661
106.010000 14 660
106.010000 15 659
106.010000 16 661
106.010000 17 659
106.010000 18 660
106.010000 19 660
106.010000 20 661
106.010000 21 598
106.010000 22 661
106.010000 23 514
107.010000 0 662
107.010000 1 618
107.010000 2 666
107.010000 3 666
107.010000 4 576
107.010000 5 668
107.010000 6 670
107.010000 7 670
107.010000 8 488
107.010000 9 669
107.010000 10 669
107.010000 11 488
107.010000 12 668
107.010000 13 669
107.010000 14 666
107.010000 15 667
107.010000 16 669
107.010000 17 664
107.010000 18 666
107.010000 19 668
107.010000 20 669
107.010000 21 622
107.010000 22 669
107.010000 23 579
108.010000 0 638
108.010000 1 568
108.010000 2 637
108.010000 3 639
108.010000 4 483
108.010000 5 639
108.010000 6 640
108.010000 7 640
108.010000 8 566
108.010000 9 640
108.010000 10 640
108.010000 11 566
108.010000 12 639
108.010000 13 639
108.010000 14 640
108.010000 15 638
108.010000 16 640
108.010000 17 638
108.010000 18 639
108.010000 19 639
108.010000 20 640
108.010000 21 562
108.010000 22 640
108.010000 23 478
109.010000 0 655
109.010000 1 551
109.010000 2 649
109.010000 3 656
109.010000 4 463
109.010000 5 652
109.010000 6 655
109.010000 7 654
109.010000 8 635
109.010000 9 655
109.010000 10 655
109.010000 11 636
109.010000 12 652
109.010000 13 656
109.010000 14 655
109.010000 15 650
109.010000 16 655
109.010000 17 656
109.010000 18 656
109.010000 19 653
109.010000 20 655
109.010000 21 549
109.010000 22 655
109.010000 23 464
110.010000 0 632
110.010000 1 535
110.010000 2 635
110.010000 3 634
110.010000 4 422
110.010000 5 636
110.010000 6 635
110.010000 7 636
110.010000 8 629
110.010000 9 634
110.010000 10 634
110.010000 11 630
110.010000 12 636
110.010000 13 634
110.010000 14 634
110.010000 15 636
110.010000 16 635
110.010000 17 633
110.010000 18 634
110.010000 19 635
110.010000 20 635
110.010000 21 546
110.010000 22 635
110.010000 23 434
111.010000 0 652
111.010000 1 594
111.010000 2 651
111.010000 3 657
111.010000 4 536
111.010000 5 656
111.010000 6 658
111.010000 7 658
111.010000 8 537
111.010000 9 659
111.010000 10 659
111.010000 11 535
111.010000 12 655
111.010000 13 659
111.010000 14 655
111.010000 15 654
111.010000 16 658
111.010000 17 655
111.010000 18 655
111.010000 19 655
111.010000 20 658
111.010000 21 586
111.010000 22 658
111.010000 23 529
112.010000 0 651
112.010000 1 616
112.010000 2 655
112.010000 3 652
112.010000 4 584
112.010000 5 654
112.010000 6 654
112.010000 7 654
112.010000 8 443
112.010000 9 654
112.010000 10 654
112.010000 11 444
112.010000 12 655
112.010000 13 654
112.010000 14 653
112.010000 15 654
112.010000 16 654
112.010000 17 651
112.010000 18 654
112.010000 19 655
112.010000 20 654
112.010000 21 619
112.010000 22 653
112.010000 23 584
113.010000 0 711
113.010000 1 671
113.010000 2 708
113.010000 3 711
113.010000 4 632
113.010000 5 710
113.010000 6 711
113.010000 7 711
113.010000 8 502
113.010000 9 711
113.010000 10 711
113.010000 11 501
113.010000 12 710
113.010000 13 711
113.010000 14 712
113.010000 15 709
113.010000 16 711
113.010000 17 711
113.010000 18 711
113.010000 19 710
113.010000 20 711
113.010000 21 654
113.010000 22 712
113.010000 23 614
114.010000 0 671
114.010000 1 642
114.010000 2 674
114.010000 3 674
114.010000 4 609
114.010000 5 676
114.010000 6 677
114.010000 7 677
114.010000 8 446
114.010000 9 677
114.010000 10 677
114.010000 11 444
114.010000 12 676
114.010000 13 677
114.010000 14 675
114.010000 15 675
114.010000 16 677
114.010000 17 672
114.010000 18 674
114.010000 19 676
114.010000 20 677
114.010000 21 653
114.010000 22 677
114.010000 23 618
115.010000 0 646
115.010000 1 591
115.010000 2 645
115.010000 3 647
115.010000 4 537
115.010000 5 647
115.010000 6 648
115.010000 7 648
115.010000 8 500
115.010000 9 648
115.010000 10 648
115.010000 11 499
115.010000 12 647
115.010000 13 648
115.010000 14 647
115.010000 15 646
115.010000 16 648
115.010000 17 646
115.010000 18 648
115.010000 19 647
115.010000 20 648
115.010000 21 595
115.010000 22 648
115.010000 23 540
116.010000 0 627
116.010000 1 554
116.010000 2 623
116.010000 3 629
116.010000 4 481
116.010000 5 625
116.010000 6 628
116.010000 7 628
116.010000 8 556
116.010000 9 628
116.010000 10 628
116.010000 11 557
116.010000 12 626
116.010000 13 628
116.010000 14 628
116.010000 15 623
116.010000 16 628
116.010000 17 629
116.010000 18 628
116.010000 19 626
116.010000 20 628
116.010000 21 545
116.010000 22 628
116.010000 23 470
117.010000 0 631
117.010000 1 547
117.010000 2 635
117.010000 3 633
117.010000 4 467
117.010000 5 637
117.010000 6 636
117.010000 7 636
117.010000 8 582
117.010000 9 636
117.010000 10 636
117.010000 11 582
117.010000 12 636
117.010000 13 636
117.010000 14 634
117.010000 15 637
117.010000 16 636
117.010000 17 631
117.010000 18 634
117.010000 19 636
117.010000 20 636
117.010000 21 553
117.010000 22 635
117.010000 23 473
118.010000 0 676
118.010000 1 627
118.010000 2 673
118.010000 3 679
118.010000 4 574
118.010000 5 677
118.010000 6 678
118.010000 7 677
118.010000 8 505
118.010000 9 677
118.010000 10 677
118.010000 11 506
118.010000 12 675
118.010000 13 678
118.010000 14 677
118.010000 15 675
118.010000 16 678
118.010000 17 679
118.010000 18 678
118.010000 19 676
118.010000 20 678
118.010000 21 629
118.010000 22 679
118.010000 23 574
119.010000 0 620
119.010000 1 553
119.010000 2 624
119.010000 3 624
119.010000 4 483
119.010000 5 624
119.010000 6 625
119.010000 7 626
119.010000 8 537
119.010000 9 626
119.010000 10 626
119.010000 11 537
119.010000 12 626
119.010000 13 625
119.010000 14 623
119.010000 15 624
119.010000 16 624
119.010000 17 622
119.010000 18 622
119.010000 19 625
119.010000 20 625
119.010000 21 553
119.010000 22 625
119.010000 23 483
120.010000 0 624
120.010000 1 556
120.010000 2 624
120.010000 3 626
120.010000 4 486
120.010000 5 626
120.010000 6 627
120.010000 7 627
120.010000 8 545
120.010000 9 627
120.010000 10 627
120.010000 11 545
120.010000 12 626
120.010000 13 627
120.010000 14 626
120.010000 15 625
120.010000 16 628
120.010000 17 625
120.010000 18 626
120.010000 19 626
120.010000 20 626
120.010000 21 548
120.010000 22 627
120.010000 23 478
121.010000 0 661
121.010000 1 602
121.010000 2 658
121.010000 3 660
121.010000 4 546
121.010000 5 660
121.010000 6 661
121.010000 7 661
121.010000 8 504
121.010000 9 661
121.010000 10 661
121.010000 11 504
121.010000 12 660
121.010000 13 661
121.010000 14 662
121.010000 15 659
121.010000 16 661
121.010000 17 660
121.010000 18 662
121.010000 19 660
121.010000 20 662
121.010000 21 613
121.010000 22 661
121.010000 23 555
122.010000 0 623
122.010000 1 565
122.010000 2 627
122.010000 3 627
122.010000 4 504
122.010000 5 629
122.010000 6 630
122.010000 7 630
122.010000 8 532
122.010000 9 630
122.010000 10 630
122.010000 11 532
122.010000 12 629
122.010000 13 630
122.010000 14 627
122.010000 15 628
122.010000 16 630
122.010000 17 625
122.010000 18 627
122.010000 19 629
122.010000 20 630
122.010000 21 555
122.010000 22 629
122.010000 23 491
123.010000 0 674
123.010000 1 589
123.010000 2 670
123.010000 3 674
123.010000 4 506
123.010000 5 672
123.010000 6 673
123.010000 7 673
123.010000 8 591
123.010000 9 673
123.010000 10 673
123.010000 11 592
123.010000 12 672
123.010000 13 673
123.010000 14 674
123.010000 15 671
123.010000 16 672
123.010000 17 674
123.010000 18 674
123.010000 19 672
123.010000 20 673
123.010000 21 595
123.010000 22 674
123.010000 23 510
124.010000 0 636
124.010000 1 541
124.010000 2 639
124.010000 3 639
124.010000 4 440
124.010000 5 641
124.010000 6 642
124.010000 7 642
124.010000 8 642
124.010000 9 642
124.010000 10 642
124.010000 11 641
124.010000 12 641
124.010000 13 641
124.010000 14 639
124.010000 15 640
124.010000 16 643
124.010000 17 637
124.010000 18 640
124.010000 19 641
124.010000 20 642
124.010000 21 537
124.010000 22 642
124.010000 23 436
125.010000 0 658
125.010000 1 588
125.010000 2 655
125.010000 3 659
125.010000 4 509
125.010000 5 656
125.010000 6 658
125.010000 7 658
125.010000 8 550
125.010000 9 658
125.010000 10 657
125.010000 11 550
125.010000 12 657
125.010000 13 659
125.010000 14 659
125.010000 15 655
125.010000 16 658
125.010000 17 659
125.010000 18 658
125.010000 19 657
125.010000 20 658
125.010000 21 596
125.010000 22 658
125.010000 23 517
126.010000 0 643
126.010000 1 581
126.010000 2 643
126.010000 3 645
126.010000 4 523
126.010000 5 646
126.010000 6 646
126.010000 7 646
126.010000 8 513
126.010000 9 646
126.010000 10 647
126.010000 11 513
126.010000 12 645
126.010000 13 646
126.010000 14 645
126.010000 15 645
126.010000 16 646
126.010000 17 644
126.010000 18 645
126.010000 19 645
126.010000 20 646
126.010000 21 589
126.010000 22 646
126.010000 23 532
127.010000 0 646
127.010000 1 620
127.010000 2 646
127.010000 3 648
127.010000 4 594
127.010000 5 648
127.010000 6 649
127.010000 7 648
127.010000 8 431
127.010000 9 649
127.010000 10 649
127.010000 11 434
127.010000 12 648
127.010000 13 649
127.010000 14 648
127.010000 15 647
127.010000 16 649
127.010000 17 647
127.010000 18 648
127.010000 19 648
127.010000 20 649
127.010000 21 609
127.010000 22 649
127.010000 23 581
128.010000 0 655
128.010000 1 598
128.010000 2 656
128.010000 3 656
128.010000 4 541
128.010000 5 658
128.010000 6 659
128.010000 7 660
128.010000 8 517
128.010000 9 659
128.010000 10 659
128.010000 11 517
128.010000 12 658
128.010000 13 659
128.010000 14 658
128.010000 15 657
128.010000 16 659
128.010000 17 655
128.010000 18 658
128.010000 19 658
128.010000 20 659
128.010000 21 603
128.010000 22 658
128.010000 23 544
129.010000 0 634
129.010000 1 565
129.010000 2 634
129.010000 3 638
129.010000 4 497
129.010000 5 636
129.010000 6 637
129.010000 7 637
129.010000 8 544
129.010000 9 637
129.010000 10 637
129.010000 11 545
129.010000 12 636
129.010000 13 637
129.010000 14 635
129.010000 15 635
129.010000 16 637
129.010000 17 637
129.010000 18 636
129.010000 19 636
129.010000 20 637
129.010000 21 561
129.010000 22 638
129.010000 23 494
130.010000 0 645
130.010000 1 548
130.010000 2 642
130.010000 3 646
130.010000 4 453
130.010000 5 646
130.010000 6 647
130.010000 7 647
130.010000 8 624
130.010000 9 647
130.010000 10 647
130.010000 11 625
130.010000 12 644
130.010000 13 647
130.010000 14 647
130.010000 15 644
130.010000 16 647
130.010000 17 645
130.010000 18 646
130.010000 19 645
130.010000 20 647
130.010000 21 552
130.010000 22 647
130.010000 23 457
131.010000 0 616
131.010000 1 553
131.010000 2 620
131.010000 3 620
131.010000 4 481
131.010000 5 620
131.010000 6 620
131.010000 7 621
131.010000 8 540
131.010000 9 621
131.010000 10 621
131.010000 11 540
131.010000 12 622
131.010000 13 621
131.010000 14 618
131.010000 15 620
131.010000 16 621
131.010000 17 618
131.010000 18 619
131.010000 19 621
131.010000 20 621
131.010000 21 543
131.010000 22 621
131.010000 23 472
132.010000 0 675
132.010000 1 586
132.010000 2 675
132.010000 3 677
132.010000 4 497
132.010000 5 677
132.010000 6 679
132.010000 7 678
132.010000 8 612
132.010000 9 678
132.010000 10 678
132.010000 11 613
132.010000 12 677
132.010000 13 678
132.010000 14 678
132.010000 15 676
132.010000 16 678
132.010000 17 676
132.010000 18 676
132.010000 19 677
132.010000 20 678
132.010000 21 598
132.010000 22 677
132.010000 23 507
133.010000 0 632
133.010000 1 551
133.010000 2 630
133.010000 3 632
133.010000 4 470
133.010000 5 632
133.010000 6 633
133.010000 7 632
133.010000 8 567
133.010000 9 632
133.010000 10 632
133.010000 11 565
133.010000 12 632
133.010000 13 633
133.010000 14 633
133.010000 15 631
133.010000 16 633
133.010000 17 632
133.010000 18 634
133.010000 19 632
133.010000 20 633
133.010000 21 559
133.010000 22 634
133.010000 23 476
134.010000 0 610
134.010000 1 562
134.010000 2 612
134.010000 3 614
134.010000 4 509
134.010000 5 614
134.010000 6 615
134.010000 7 616
134.010000 8 486
134.010000 9 616
134.010000 10 616
134.010000 11 487
134.010000 12 614
134.010000 13 615
134.010000 14 613
134.010000 15 613
134.010000 16 615
134.010000 17 612
134.010000 18 612
134.010000 19 614
134.010000 20 614
134.010000 21 554
134.010000 22 615
134.010000 23 500
135.010000 0 653
135.010000 1 585
135.010000 2 647
135.010000 3 653
135.010000 4 515
135.010000 5 651
135.010000 6 654
135.010000 7 654
135.010000 8 559
135.010000 9 653
135.010000 10 654
135.010000 11 559
135.010000 12 651
135.010000 13 654
135.010000 14 654
135.010000 15 649
135.010000 16 654
135.010000 17 653
135.010000 18 655
135.010000 19 651
135.010000 20 655
135.010000 21 574
135.010000 22 654
135.010000 23 504
136.010000 0 664
136.010000 1 615
136.010000 2 670
136.010000 3 668
136.010000 4 561
136.010000 5 670
136.010000 6 669
136.010000 7 669
136.010000 8 493
136.010000 9 670
136.010000 10 669
136.010000 11 494
136.010000 12 670
136.010000 13 668
136.010000 14 667
136.010000 15 670
136.010000 16 669
136.010000 17 666
136.010000 18 666
136.010000 19 670
136.010000 20 669
136.010000 21 628
136.010000 22 669
136.010000 23 574
137.010000 0 646
137.010000 1 630
137.010000 2 644
137.010000 3 646
137.010000 4 614
137.010000 5 646
137.010000 6 647
137.010000 7 647
137.010000 8 397
137.010000 9 647
137.010000 10 647
137.010000 11 398
137.010000 12 646
137.010000 13 648
137.010000 14 647
137.010000 15 645
137.010000 16 647
137.010000 17 646
137.010000 18 648
137.010000 19 646
137.010000 20 646
137.010000 21 617
137.010000 22 647
137.010000 23 600
138.010000 0 671
138.010000 1 666
138.010000 2 671
138.010000 3 673
138.010000 4 659
138.010000 5 673
138.010000 6 674
138.010000 7 674
138.010000 8 367
138.010000 9 674
138.010000 10 674
138.010000 11 367
138.010000 12 673
138.010000 13 674
138.010000 14 673
138.010000 15 672
138.010000 16 674
138.010000 17 672
138.010000 18 673
138.010000 19 673
138.010000 20 675
138.010000 21 669
138.010000 22 674
138.010000 23 664
139.010000 0 663
139.010000 1 645
139.010000 2 663
139.010000 3 665
139.010000 4 625
139.010000 5 665
139.010000 6 666
139.010000 7 666
139.010000 8 415
139.010000 9 666
139.010000 10 666
139.010000 11 415
139.010000 12 665
139.010000 13 666
139.010000 14 665
139.010000 15 664
139.010000 16 666
139.010000 17 664
139.010000 18 665
139.010000 19 665
139.010000 20 666
139.010000 21 638
139.010000 22 666
139.010000 23 615
140.010000 0 664
140.010000 1 562
140.010000 2 661
140.010000 3 666
140.010000 4 451
140.010000 5 664
140.010000 6 667
140.010000 7 667
140.010000 8 663
140.010000 9 667
140.010000 10 667
140.010000 11 662
140.010000 12 665
140.010000 13 667
140.010000 14 666
140.010000 15 662
140.010000 16 666
140.010000 17 665
140.010000 18 666
140.010000 19 664
140.010000 20 667
140.010000 21 569
140.010000 22 667
140.010000 23 456
141.010000 0 640
141.010000 1 564
141.010000 2 640
141.010000 3 642
141.010000 4 483
141.010000 5 644
141.010000 6 643
141.010000 7 643
141.010000 8 570
141.010000 9 643
141.010000 10 643
141.010000 11 570
141.010000 12 641
141.010000 13 642
141.010000 14 642
141.010000 15 643
141.010000 16 644
141.010000 17 641
141.010000 18 642
141.010000 19 642
141.010000 20 643
141.010000 21 565
141.010000 22 643
141.010000 23 485
142.010000 0 637
142.010000 1 578
142.010000 2 638
142.010000 3 639
142.010000 4 519
142.010000 5 639
142.010000 6 640
142.010000 7 640
142.010000 8 516
142.010000 9 639
142.010000 10 640
142.010000 11 516
142.010000 12 639
142.010000 13 641
142.010000 14 639
142.010000 15 638
142.010000 16 640
142.010000 17 638
142.010000 18 639
142.010000 19 640
142.010000 20 640
142.010000 21 577
142.010000 22 640
142.010000 23 516
143.010000 0 645
143.010000 1 560
143.010000 2 647
143.010000 3 647
143.010000 4 473
143.010000 5 647
143.010000 6 648
143.010000 7 648
143.010000 8 597
143.010000 9 649
143.010000 10 648
143.010000 11 598
143.010000 12 649
143.010000 13 647
143.010000 14 647
143.010000 15 647
143.010000 16 648
143.010000 17 646
143.010000 18 647
143.010000 19 648
143.010000 20 647
143.010000 21 561
143.010000 22 648
143.010000 23 473
144.010000 0 635
144.010000 1 596
144.010000 2 635
144.010000 3 637
144.010000 4 551
144.010000 5 637
144.010000 6 638
144.010000 7 638
144.010000 8 461
144.010000 9 638
144.010000 10 637
144.010000 11 461
144.010000 12 637
144.010000 13 639
144.010000 14 637
144.010000 15 636
144.010000 16 638
144.010000 17 636
144.010000 18 637
144.010000 19 637
144.010000 20 639
144.010000 21 594
144.010000 22 638
144.010000 23 549
145.010000 0 665
145.010000 1 587
145.010000 2 665
145.010000 3 667
145.010000 4 504
145.010000 5 667
145.010000 6 668
145.010000 7 668
145.010000 8 587
145.010000 9 668
145.010000 10 669
145.010000 11 587
145.010000 12 667
145.010000 13 668
145.010000 14 667
145.010000 15 666
145.010000 16 668
145.010000 17 666
145.010000 18 667
145.010000 19 667
145.010000 20 668
145.010000 21 590
145.010000 22 668
145.010000 23 507
146.010000 0 649
146.010000 1 625
146.010000 2 650
146.010000 3 652
146.010000 4 596
146.010000 5 652
146.010000 6 653
146.010000 7 653
146.010000 8 437
146.010000 9 653
146.010000 10 653
146.010000 11 437
146.010000 12 652
146.010000 13 653
146.010000 14 651
146.010000 15 651
146.010000 16 653
146.010000 17 650
146.010000 18 651
146.010000 19 652
146.010000 20 652
146.010000 21 612
146.010000 22 653
146.010000 23 583
147.010000 0 648
147.010000 1 585
147.010000 2 646
147.010000 3 649
147.010000 4 525
147.010000 5 649
147.010000 6 650
147.010000 7 650
147.010000 8 516
147.010000 9 650
147.010000 10 650
147.010000 11 514
147.010000 12 648
147.010000 13 649
147.010000 14 650
147.010000 15 647
147.010000 16 649
147.010000 17 649
147.010000 18 650
147.010000 19 648
147.010000 20 651
147.010000 21 598
147.010000 22 649
147.010000 23 537
148.010000 0 663
148.010000 1 574
148.010000 2 664
148.010000 3 665
148.010000 4 479
148.010000 5 665
148.010000 6 666
148.010000 7 666
148.010000 8 638
148.010000 9 666
148.010000 10 666
148.010000 11 638
148.010000 12 666
148.010000 13 667
148.010000 14 665
148.010000 15 665
148.010000 16 667
148.010000 17 664
148.010000 18 665
148.010000 19 666
148.010000 20 666
148.010000 21 558
148.010000 22 667
148.010000 23 462
149.010000 0 635
149.010000 1 586
149.010000 2 632
149.010000 3 637
149.010000 4 533
149.010000 5 635
149.010000 6 638
149.010000 7 638
149.010000 8 491
149.010000 9 637
149.010000 10 638
149.010000 11 490
149.010000 12 636
149.010000 13 638
149.010000 14 637
149.010000 15 633
149.010000 16 638
149.010000 17 636
149.010000 18 637
149.010000 19 635
149.010000 20 638
149.010000 21 585
149.010000 22 638
149.010000 23 533
