0.010000 0 20
0.010000 1 21
0.010000 2 20
0.010000 3 21
0.010000 4 21
0.010000 5 21
0.010000 6 21
0.010000 7 16
0.010000 8 20
0.010000 9 21
0.010000 10 18
0.010000 11 16
0.010000 12 21
0.010000 13 19
0.010000 14 20
0.010000 15 21
0.010000 16 21
0.010000 17 21
0.010000 18 21
0.010000 19 20
0.010000 20 18
0.010000 21 21
0.010000 22 21
1.010000 0 952
1.010000 1 1078
1.010000 2 982
1.010000 3 1042
1.010000 4 1094
1.010000 5 1037
1.010000 6 1083
1.010000 7 1032
1.010000 8 1084
1.010000 9 1060
1.010000 10 1078
1.010000 11 1050
1.010000 12 1043
1.010000 13 1052
1.010000 14 1050
1.010000 15 1005
1.010000 16 1054
1.010000 17 1025
1.010000 18 1049
1.010000 19 1054
1.010000 20 1041
1.010000 21 1034
1.010000 22 1042
2.010000 0 638
2.010000 1 698
2.010000 2 631
2.010000 3 680
2.010000 4 683
2.010000 5 676
2.010000 6 695
2.010000 7 673
2.010000 8 691
2.010000 9 693
2.010000 10 669
2.010000 11 691
2.010000 12 675
2.010000 13 679
2.010000 14 677
2.010000 15 657
2.010000 16 691
2.010000 17 662
2.010000 18 682
2.010000 19 684
2.010000 20 685
2.010000 21 706
2.010000 22 703
3.010000 0 868
3.010000 1 973
3.010000 2 873
3.010000 3 941
3.010000 4 939
3.010000 5 939
3.010000 6 975
3.010000 7 942
3.010000 8 945
3.010000 9 961
3.010000 10 936
3.010000 11 955
3.010000 12 942
3.010000 13 917
3.010000 14 951
3.010000 15 918
3.010000 16 952
3.010000 17 922
3.010000 18 931
3.010000 19 940
3.010000 20 949
3.010000 21 950
3.010000 22 940
4.010000 0 702
4.010000 1 826
4.010000 2 749
4.010000 3 788
4.010000 4 811
4.010000 5 805
4.010000 6 817
4.010000 7 800
4.010000 8 809
4.010000 9 819
4.010000 10 790
4.010000 11 805
4.010000 12 800
4.010000 13 820
4.010000 14 790
4.010000 15 788
4.010000 16 805
4.010000 17 768
4.010000 18 788
4.010000 19 798
4.010000 20 797
4.010000 21 801
4.010000 22 794
5.010000 0 764
5.010000 1 853
5.010000 2 778
5.010000 3 836
5.010000 4 836
5.010000 5 821
5.010000 6 844
5.010000 7 824
5.010000 8 842
5.010000 9 836
5.010000 10 818
5.010000 11 836
5.010000 12 840
5.010000 13 823
5.010000 14 823
5.010000 15 804
5.010000 16 835
5.010000 17 818
5.010000 18 817
5.010000 19 825
5.010000 20 835
5.010000 21 802
5.010000 22 823
6.010000 0 770
6.010000 1 866
6.010000 2 757
6.010000 3 831
6.010000 4 850
6.010000 5 844
6.010000 6 852
6.010000 7 835
6.010000 8 854
6.010000 9 850
6.010000 10 824
6.010000 11 853
6.010000 12 822
6.010000 13 830
6.010000 14 829
6.010000 15 827
6.010000 16 843
6.010000 17 810
6.010000 18 842
6.010000 19 836
6.010000 20 842
6.010000 21 840
6.010000 22 839
7.010000 0 719
7.010000 1 822
7.010000 2 734
7.010000 3 805
7.010000 4 804
7.010000 5 790
7.010000 6 816
7.010000 7 794
7.010000 8 805
7.010000 9 827
7.010000 10 781
7.010000 11 802
7.010000 12 795
7.010000 13 787
7.010000 14 790
7.010000 15 773
7.010000 16 798
7.010000 17 789
7.010000 18 788
7.010000 19 791
7.010000 20 793
7.010000 21 804
7.010000 22 785
8.010000 0 684
8.010000 1 776
8.010000 2 688
8.010000 3 744
8.010000 4 760
8.010000 5 747
8.010000 6 769
8.010000 7 769
8.010000 8 762
8.010000 9 742
8.010000 10 737
8.010000 11 758
8.010000 12 750
8.010000 13 741
8.010000 14 752
8.010000 15 730
8.010000 16 775
8.010000 17 735
8.010000 18 750
8.010000 19 743
8.010000 20 750
8.010000 21 767
8.010000 22 746
9.010000 0 848
9.010000 1 953
9.010000 2 868
9.010000 3 911
9.010000 4 941
9.010000 5 924
9.010000 6 944
9.010000 7 899
9.010000 8 960
9.010000 9 957
9.010000 10 921
9.010000 11 939
9.010000 12 930
9.010000 13 919
9.010000 14 927
9.010000 15 909
9.010000 16 912
9.010000 17 894
9.010000 18 918
9.010000 19 933
9.010000 20 927
9.010000 21 907
9.010000 22 922
10.010000 0 758
10.010000 1 844
10.010000 2 761
10.010000 3 830
10.010000 4 825
10.010000 5 825
10.010000 6 835
10.010000 7 839
10.010000 8 831
10.010000 9 836
10.010000 10 778
10.010000 11 828
10.010000 12 816
10.010000 13 816
10.010000 14 812
10.010000 15 805
10.010000 16 827
10.010000 17 800
10.010000 18 800
10.010000 19 811
10.010000 20 819
10.010000 21 843
10.010000 22 795
11.010000 0 632
11.010000 1 696
11.010000 2 613
11.010000 3 670
11.010000 4 683
11.010000 5 677
11.010000 6 688
11.010000 7 668
11.010000 8 689
11.010000 9 681
11.010000 10 664
11.010000 11 686
11.010000 12 676
11.010000 13 667
11.010000 14 696
11.010000 15 660
11.010000 16 679
11.010000 17 661
11.010000 18 671
11.010000 19 665
11.010000 20 692
11.010000 21 672
11.010000 22 696
12.010000 0 684
12.010000 1 777
12.010000 2 703
12.010000 3 751
12.010000 4 764
12.010000 5 753
12.010000 6 774
12.010000 7 751
12.010000 8 767
12.010000 9 770
12.010000 10 749
12.010000 11 760
12.010000 12 757
12.010000 13 752
12.010000 14 752
12.010000 15 735
12.010000 16 783
12.010000 17 733
12.010000 18 748
12.010000 19 754
12.010000 20 760
12.010000 21 779
12.010000 22 753
13.010000 0 896
13.010000 1 1015
13.010000 2 905
13.010000 3 985
13.010000 4 996
13.010000 5 971
13.010000 6 1005
13.010000 7 979
13.010000 8 992
13.010000 9 980
13.010000 10 965
13.010000 11 970
13.010000 12 979
13.010000 13 970
13.010000 14 980
13.010000 15 953
13.010000 16 964
13.010000 17 975
13.010000 18 981
13.010000 19 975
13.010000 20 980
13.010000 21 982
13.010000 22 951
14.010000 0 639
14.010000 1 744
14.010000 2 670
14.010000 3 717
14.010000 4 730
14.010000 5 719
14.010000 6 738
14.010000 7 718
14.010000 8 734
14.010000 9 750
14.010000 10 739
14.010000 11 730
14.010000 12 723
14.010000 13 717
14.010000 14 717
14.010000 15 701
14.010000 16 748
14.010000 17 700
14.010000 18 703
14.010000 19 719
14.010000 20 722
14.010000 21 721
14.010000 22 718
15.010000 0 718
15.010000 1 811
15.010000 2 714
15.010000 3 783
15.010000 4 798
15.010000 5 781
15.010000 6 803
15.010000 7 784
15.010000 8 800
15.010000 9 796
15.010000 10 774
15.010000 11 796
15.010000 12 781
15.010000 13 779
15.010000 14 788
15.010000 15 763
15.010000 16 788
15.010000 17 773
15.010000 18 784
15.010000 19 776
15.010000 20 788
15.010000 21 786
15.010000 22 806
16.010000 0 1235
16.010000 1 1407
16.010000 2 1210
16.010000 3 1378
16.010000 4 1398
16.010000 5 1394
16.010000 6 1251
16.010000 7 1381
16.010000 8 1402
16.010000 9 1262
16.010000 10 1365
16.010000 11 1395
16.010000 12 1382
16.010000 13 1389
16.010000 14 1310
16.010000 15 1370
16.010000 16 1341
16.010000 17 1276
16.010000 18 1303
16.010000 19 1257
16.010000 20 1405
16.010000 21 1397
16.010000 22 1377
17.010000 0 1299
17.010000 1 1491
17.010000 2 1246
17.010000 3 1451
17.010000 4 1476
17.010000 5 1467
17.010000 6 1351
17.010000 7 1465
17.010000 8 1487
17.010000 9 1337
17.010000 10 1455
17.010000 11 1477
17.010000 12 1470
17.010000 13 1468
17.010000 14 1382
17.010000 15 1446
17.010000 16 1398
17.010000 17 1344
17.010000 18 1364
17.010000 19 1300
17.010000 20 1472
17.010000 21 1494
17.010000 22 1463
18.010000 0 1196
18.010000 1 1373
18.010000 2 1153
18.010000 3 1356
18.010000 4 1357
18.010000 5 1349
18.010000 6 1221
18.010000 7 1341
18.010000 8 1361
18.010000 9 1217
18.010000 10 1336
18.010000 11 1352
18.010000 12 1357
18.010000 13 1341
18.010000 14 1260
18.010000 15 1336
18.010000 16 1277
18.010000 17 1261
18.010000 18 1252
18.010000 19 1204
18.010000 20 1344
18.010000 21 1342
18.010000 22 1344
19.010000 0 1242
19.010000 1 1410
19.010000 2 1166
19.010000 3 1388
19.010000 4 1392
19.010000 5 1382
19.010000 6 1235
19.010000 7 1379
19.010000 8 1396
19.010000 9 1242
19.010000 10 1371
19.010000 11 1411
19.010000 12 1373
19.010000 13 1380
19.010000 14 1289
19.010000 15 1357
19.010000 16 1319
19.010000 17 1278
19.010000 18 1290
19.010000 19 1226
19.010000 20 1386
19.010000 21 1385
19.010000 22 1387
20.010000 0 1180
20.010000 1 1345
20.010000 2 1089
20.010000 3 1309
20.010000 4 1330
20.010000 5 1346
20.010000 6 1171
20.010000 7 1329
20.010000 8 1336
20.010000 9 1165
20.010000 10 1312
20.010000 11 1332
20.010000 12 1309
20.010000 13 1337
20.010000 14 1237
20.010000 15 1319
20.010000 16 1263
20.010000 17 1202
20.010000 18 1231
20.010000 19 1137
20.010000 20 1325
20.010000 21 1323
20.010000 22 1317
21.010000 0 1302
21.010000 1 1484
21.010000 2 1253
21.010000 3 1478
21.010000 4 1464
21.010000 5 1441
21.010000 6 1336
21.010000 7 1460
21.010000 8 1471
21.010000 9 1326
21.010000 10 1454
21.010000 11 1477
21.010000 12 1456
21.010000 13 1464
21.010000 14 1377
21.010000 15 1412
21.010000 16 1390
21.010000 17 1380
21.010000 18 1367
21.010000 19 1292
21.010000 20 1467
21.010000 21 1484
21.010000 22 1455
22.010000 0 1253
22.010000 1 1418
22.010000 2 1114
22.010000 3 1393
22.010000 4 1416
22.010000 5 1356
22.010000 6 1255
22.010000 7 1388
22.010000 8 1408
22.010000 9 1239
22.010000 10 1407
22.010000 11 1400
22.010000 12 1374
22.010000 13 1376
22.010000 14 1310
22.010000 15 1334
22.010000 16 1319
22.010000 17 1290
22.010000 18 1297
22.010000 19 1217
22.010000 20 1394
22.010000 21 1384
22.010000 22 1390
23.010000 0 1232
23.010000 1 1392
23.010000 2 1136
23.010000 3 1351
23.010000 4 1372
23.010000 5 1351
23.010000 6 1209
23.010000 7 1356
23.010000 8 1378
23.010000 9 1211
23.010000 10 1384
23.010000 11 1373
23.010000 12 1360
23.010000 13 1357
23.010000 14 1276
23.010000 15 1328
23.010000 16 1289
23.010000 17 1246
23.010000 18 1282
23.010000 19 1186
23.010000 20 1364
23.010000 21 1362
23.010000 22 1363
24.010000 0 1305
24.010000 1 1539
24.010000 2 1297
24.010000 3 1497
24.010000 4 1524
24.010000 5 1496
24.010000 6 1376
24.010000 7 1510
24.010000 8 1523
24.010000 9 1366
24.010000 10 1498
24.010000 11 1517
24.010000 12 1504
24.010000 13 1506
24.010000 14 1413
24.010000 15 1470
24.010000 16 1444
24.010000 17 1392
24.010000 18 1403
24.010000 19 1356
24.010000 20 1512
24.010000 21 1514
24.010000 22 1505
25.010000 0 1242
25.010000 1 1395
25.010000 2 1126
25.010000 3 1361
25.010000 4 1381
25.010000 5 1357
25.010000 6 1234
25.010000 7 1365
25.010000 8 1395
25.010000 9 1235
25.010000 10 1366
25.010000 11 1381
25.010000 12 1350
25.010000 13 1362
25.010000 14 1307
25.010000 15 1323
25.010000 16 1302
25.010000 17 1264
25.010000 18 1287
25.010000 19 1187
25.010000 20 1375
25.010000 21 1367
25.010000 22 1368
26.010000 0 1203
26.010000 1 1339
26.010000 2 1102
26.010000 3 1325
26.010000 4 1326
26.010000 5 1312
26.010000 6 1173
26.010000 7 1309
26.010000 8 1328
26.010000 9 1169
26.010000 10 1310
26.010000 11 1330
26.010000 12 1318
26.010000 13 1339
26.010000 14 1233
26.010000 15 1286
26.010000 16 1250
26.010000 17 1222
26.010000 18 1245
26.010000 19 1148
26.010000 20 1327
26.010000 21 1321
26.010000 22 1321
27.010000 0 1214
27.010000 1 1451
27.010000 2 1192
27.010000 3 1427
27.010000 4 1437
27.010000 5 1415
27.010000 6 1290
27.010000 7 1428
27.010000 8 1444
27.010000 9 1294
27.010000 10 1413
27.010000 11 1445
27.010000 12 1401
27.010000 13 1415
27.010000 14 1293
27.010000 15 1392
27.010000 16 1357
27.010000 17 1326
27.010000 18 1326
27.010000 19 1271
27.010000 20 1421
27.010000 21 1423
27.010000 22 1439
28.010000 0 1342
28.010000 1 1562
28.010000 2 1319
28.010000 3 1522
28.010000 4 1541
28.010000 5 1541
28.010000 6 1410
28.010000 7 1524
28.010000 8 1550
28.010000 9 1403
28.010000 10 1481
28.010000 11 1524
28.010000 12 1532
28.010000 13 1521
28.010000 14 1445
28.010000 15 1531
28.010000 16 1460
28.010000 17 1423
28.010000 18 1422
28.010000 19 1373
28.010000 20 1524
28.010000 21 1526
28.010000 22 1524
29.010000 0 1228
29.010000 1 1413
29.010000 2 1178
29.010000 3 1378
29.010000 4 1396
29.010000 5 1375
29.010000 6 1251
29.010000 7 1389
29.010000 8 1418
29.010000 9 1256
29.010000 10 1388
29.010000 11 1404
29.010000 12 1393
29.010000 13 1384
29.010000 14 1294
29.010000 15 1366
29.010000 16 1327
29.010000 17 1259
29.010000 18 1290
29.010000 19 1258
29.010000 20 1395
29.010000 21 1392
29.010000 22 1391
30.010000 0 1224
30.010000 1 1436
30.010000 2 1190
30.010000 3 1404
30.010000 4 1420
30.010000 5 1416
30.010000 6 1270
30.010000 7 1407
30.010000 8 1420
30.010000 9 1262
30.010000 10 1426
30.010000 11 1414
30.010000 12 1399
30.010000 13 1406
30.010000 14 1303
30.010000 15 1385
30.010000 16 1361
30.010000 17 1302
30.010000 18 1305
30.010000 19 1233
30.010000 20 1412
30.010000 21 1411
30.010000 22 1406
31.010000 0 1209
31.010000 1 1351
31.010000 2 1093
31.010000 3 1338
31.010000 4 1333
31.010000 5 1327
31.010000 6 1197
31.010000 7 1319
31.010000 8 1339
31.010000 9 1194
31.010000 10 1308
31.010000 11 1338
31.010000 12 1318
31.010000 13 1316
31.010000 14 1263
31.010000 15 1311
31.010000 16 1253
31.010000 17 1245
31.010000 18 1244
31.010000 19 1155
31.010000 20 1324
31.010000 21 1312
31.010000 22 1322
32.010000 0 1292
32.010000 1 1562
32.010000 2 1323
32.010000 3 1517
32.010000 4 1538
32.010000 5 1524
32.010000 6 1393
32.010000 7 1529
32.010000 8 1540
32.010000 9 1390
32.010000 10 1517
32.010000 11 1533
32.010000 12 1542
32.010000 13 1530
32.010000 14 1365
32.010000 15 1510
32.010000 16 1441
32.010000 17 1400
32.010000 18 1426
32.010000 19 1372
32.010000 20 1525
32.010000 21 1531
32.010000 22 1516
33.010000 0 1218
33.010000 1 1402
33.010000 2 1197
33.010000 3 1368
33.010000 4 1385
33.010000 5 1386
33.010000 6 1245
33.010000 7 1375
33.010000 8 1391
33.010000 9 1242
33.010000 10 1369
33.010000 11 1383
33.010000 12 1392
33.010000 13 1372
33.010000 14 1288
33.010000 15 1363
33.010000 16 1308
33.010000 17 1269
33.010000 18 1289
33.010000 19 1219
33.010000 20 1378
33.010000 21 1398
33.010000 22 1374
34.010000 0 1251
34.010000 1 1431
34.010000 2 1173
34.010000 3 1409
34.010000 4 1421
34.010000 5 1399
34.010000 6 1271
34.010000 7 1403
34.010000 8 1431
34.010000 9 1268
34.010000 10 1393
34.010000 11 1421
34.010000 12 1396
34.010000 13 1400
34.010000 14 1317
34.010000 15 1379
34.010000 16 1333
34.010000 17 1307
34.010000 18 1307
34.010000 19 1240
34.010000 20 1430
34.010000 21 1408
34.010000 22 1408
35.010000 0 1231
35.010000 1 1456
35.010000 2 1236
35.010000 3 1417
35.010000 4 1435
35.010000 5 1433
35.010000 6 1298
35.010000 7 1421
35.010000 8 1439
35.010000 9 1294
35.010000 10 1411
35.010000 11 1429
35.010000 12 1438
35.010000 13 1418
35.010000 14 1340
35.010000 15 1412
35.010000 16 1357
35.010000 17 1318
35.010000 18 1303
35.010000 19 1264
35.010000 20 1398
35.010000 21 1426
35.010000 22 1417
36.010000 0 1173
36.010000 1 1332
36.010000 2 1089
36.010000 3 1290
36.010000 4 1317
36.010000 5 1296
36.010000 6 1153
36.010000 7 1292
36.010000 8 1312
36.010000 9 1150
36.010000 10 1288
36.010000 11 1308
36.010000 12 1305
36.010000 13 1294
36.010000 14 1226
36.010000 15 1288
36.010000 16 1245
36.010000 17 1192
36.010000 18 1227
36.010000 19 1145
36.010000 20 1319
36.010000 21 1298
36.010000 22 1307
37.010000 0 1224
37.010000 1 1425
37.010000 2 1201
37.010000 3 1408
37.010000 4 1418
37.010000 5 1415
37.010000 6 1259
37.010000 7 1407
37.010000 8 1439
37.010000 9 1260
37.010000 10 1403
37.010000 11 1425
37.010000 12 1416
37.010000 13 1417
37.010000 14 1307
37.010000 15 1407
37.010000 16 1333
37.010000 17 1292
37.010000 18 1279
37.010000 19 1258
37.010000 20 1418
37.010000 21 1407
37.010000 22 1408
38.010000 0 1262
38.010000 1 1447
38.010000 2 1164
38.010000 3 1399
38.010000 4 1425
38.010000 5 1416
38.010000 6 1269
38.010000 7 1409
38.010000 8 1429
38.010000 9 1267
38.010000 10 1402
38.010000 11 1423
38.010000 12 1401
38.010000 13 1402
38.010000 14 1347
38.010000 15 1393
38.010000 16 1349
38.010000 17 1301
38.010000 18 1314
38.010000 19 1226
38.010000 20 1400
38.010000 21 1384
38.010000 22 1432
39.010000 0 1162
39.010000 1 1349
39.010000 2 1126
39.010000 3 1337
39.010000 4 1351
39.010000 5 1331
39.010000 6 1217
39.010000 7 1338
39.010000 8 1351
39.010000 9 1206
39.010000 10 1323
39.010000 11 1367
39.010000 12 1328
39.010000 13 1335
39.010000 14 1227
39.010000 15 1307
39.010000 16 1276
39.010000 17 1240
39.010000 18 1245
39.010000 19 1183
39.010000 20 1351
39.010000 21 1355
39.010000 22 1339
40.010000 0 1333
40.010000 1 1553
40.010000 2 1304
40.010000 3 1495
40.010000 4 1537
40.010000 5 1525
40.010000 6 1396
40.010000 7 1521
40.010000 8 1536
40.010000 9 1393
40.010000 10 1516
40.010000 11 1523
40.010000 12 1526
40.010000 13 1513
40.010000 14 1436
40.010000 15 1507
40.010000 16 1448
40.010000 17 1393
40.010000 18 1430
40.010000 19 1365
40.010000 20 1505
40.010000 21 1528
40.010000 22 1520
41.010000 0 1242
41.010000 1 1425
41.010000 2 1164
41.010000 3 1396
41.010000 4 1401
41.010000 5 1387
41.010000 6 1256
41.010000 7 1387
41.010000 8 1403
41.010000 9 1268
41.010000 10 1380
41.010000 11 1401
41.010000 12 1383
41.010000 13 1387
41.010000 14 1290
41.010000 15 1364
41.010000 16 1323
41.010000 17 1283
41.010000 18 1300
41.010000 19 1224
41.010000 20 1397
41.010000 21 1392
41.010000 22 1384
42.010000 0 1250
42.010000 1 1443
42.010000 2 1200
42.010000 3 1420
42.010000 4 1431
42.010000 5 1413
42.010000 6 1295
42.010000 7 1419
42.010000 8 1434
42.010000 9 1286
42.010000 10 1404
42.010000 11 1433
42.010000 12 1414
42.010000 13 1421
42.010000 14 1318
42.010000 15 1391
42.010000 16 1333
42.010000 17 1316
42.010000 18 1320
42.010000 19 1263
42.010000 20 1424
42.010000 21 1423
42.010000 22 1440
43.010000 0 1187
43.010000 1 1351
43.010000 2 1097
43.010000 3 1339
43.010000 4 1343
43.010000 5 1344
43.010000 6 1203
43.010000 7 1346
43.010000 8 1354
43.010000 9 1189
43.010000 10 1339
43.010000 11 1346
43.010000 12 1328
43.010000 13 1334
43.010000 14 1245
43.010000 15 1325
43.010000 16 1256
43.010000 17 1237
43.010000 18 1238
43.010000 19 1155
43.010000 20 1360
43.010000 21 1334
43.010000 22 1333
44.010000 0 1322
44.010000 1 1522
44.010000 2 1297
44.010000 3 1498
44.010000 4 1503
44.010000 5 1477
44.010000 6 1377
44.010000 7 1479
44.010000 8 1514
44.010000 9 1386
44.010000 10 1494
44.010000 11 1510
44.010000 12 1487
44.010000 13 1493
44.010000 14 1409
44.010000 15 1446
44.010000 16 1442
44.010000 17 1390
44.010000 18 1387
44.010000 19 1359
44.010000 20 1496
44.010000 21 1501
44.010000 22 1499
45.010000 0 1285
45.010000 1 1462
45.010000 2 1224
45.010000 3 1427
45.010000 4 1440
45.010000 5 1431
45.010000 6 1286
45.010000 7 1403
45.010000 8 1440
45.010000 9 1285
45.010000 10 1417
45.010000 11 1435
45.010000 12 1412
45.010000 13 1418
45.010000 14 1338
45.010000 15 1417
45.010000 16 1376
45.010000 17 1322
45.010000 18 1347
45.010000 19 1297
45.010000 20 1436
45.010000 21 1428
45.010000 22 1425
46.010000 0 1214
46.010000 1 1405
46.010000 2 1165
46.010000 3 1364
46.010000 4 1380
46.010000 5 1387
46.010000 6 1243
46.010000 7 1380
46.010000 8 1390
46.010000 9 1259
46.010000 10 1365
46.010000 11 1383
46.010000 12 1374
46.010000 13 1370
46.010000 14 1277
46.010000 15 1364
46.010000 16 1317
46.010000 17 1258
46.010000 18 1277
46.010000 19 1203
46.010000 20 1377
46.010000 21 1380
46.010000 22 1372
47.010000 0 1303
47.010000 1 1507
47.010000 2 1291
47.010000 3 1481
47.010000 4 1491
47.010000 5 1486
47.010000 6 1350
47.010000 7 1468
47.010000 8 1479
47.010000 9 1348
47.010000 10 1489
47.010000 11 1487
47.010000 12 1485
47.010000 13 1475
47.010000 14 1383
47.010000 15 1469
47.010000 16 1417
47.010000 17 1380
47.010000 18 1387
47.010000 19 1338
47.010000 20 1456
47.010000 21 1481
47.010000 22 1468
48.010000 0 1251
48.010000 1 1435
48.010000 2 1190
48.010000 3 1407
48.010000 4 1424
48.010000 5 1395
48.010000 6 1272
48.010000 7 1425
48.010000 8 1432
48.010000 9 1260
48.010000 10 1394
48.010000 11 1400
48.010000 12 1410
48.010000 13 1396
48.010000 14 1315
48.010000 15 1386
48.010000 16 1332
48.010000 17 1305
48.010000 18 1322
48.010000 19 1256
48.010000 20 1405
48.010000 21 1386
48.010000 22 1413
49.010000 0 1286
49.010000 1 1455
49.010000 2 1238
49.010000 3 1431
49.010000 4 1434
49.010000 5 1419
49.010000 6 1302
49.010000 7 1424
49.010000 8 1437
49.010000 9 1306
49.010000 10 1386
49.010000 11 1434
49.010000 12 1441
49.010000 13 1423
49.010000 14 1351
49.010000 15 1403
49.010000 16 1371
49.010000 17 1341
49.010000 18 1345
49.010000 19 1291
49.010000 20 1436
49.010000 21 1427
49.010000 22 1421
50.010000 0 1240
50.010000 1 1433
50.010000 2 1182
50.010000 3 1401
50.010000 4 1415
50.010000 5 1410
50.010000 6 1264
50.010000 7 1427
50.010000 8 1427
50.010000 9 1266
50.010000 10 1394
50.010000 11 1413
50.010000 12 1406
50.010000 13 1403
50.010000 14 1316
50.010000 15 1394
50.010000 16 1335
50.010000 17 1288
50.010000 18 1298
50.010000 19 1243
50.010000 20 1420
50.010000 21 1408
50.010000 22 1400
51.010000 0 1180
51.010000 1 1336
51.010000 2 1104
51.010000 3 1317
51.010000 4 1321
51.010000 5 1304
51.010000 6 1172
51.010000 7 1305
51.010000 8 1333
51.010000 9 1167
51.010000 10 1306
51.010000 11 1343
51.010000 12 1312
51.010000 13 1307
51.010000 14 1236
51.010000 15 1296
51.010000 16 1240
51.010000 17 1222
51.010000 18 1222
51.010000 19 1169
51.010000 20 1316
51.010000 21 1308
51.010000 22 1309
52.010000 0 1224
52.010000 1 1418
52.010000 2 1176
52.010000 3 1383
52.010000 4 1405
52.010000 5 1388
52.010000 6 1240
52.010000 7 1386
52.010000 8 1403
52.010000 9 1238
52.010000 10 1396
52.010000 11 1395
52.010000 12 1393
52.010000 13 1383
52.010000 14 1293
52.010000 15 1374
52.010000 16 1321
52.010000 17 1274
52.010000 18 1292
52.010000 19 1232
52.010000 20 1412
52.010000 21 1391
52.010000 22 1392
53.010000 0 1236
53.010000 1 1438
53.010000 2 1213
53.010000 3 1389
53.010000 4 1420
53.010000 5 1408
53.010000 6 1286
53.010000 7 1422
53.010000 8 1428
53.010000 9 1288
53.010000 10 1387
53.010000 11 1404
53.010000 12 1404
53.010000 13 1400
53.010000 14 1334
53.010000 15 1382
53.010000 16 1350
53.010000 17 1286
53.010000 18 1307
53.010000 19 1270
53.010000 20 1415
53.010000 21 1422
53.010000 22 1433
54.010000 0 1264
54.010000 1 1429
54.010000 2 1194
54.010000 3 1391
54.010000 4 1407
54.010000 5 1419
54.010000 6 1271
54.010000 7 1400
54.010000 8 1418
54.010000 9 1259
54.010000 10 1389
54.010000 11 1415
54.010000 12 1412
54.010000 13 1420
54.010000 14 1323
54.010000 15 1410
54.010000 16 1318
54.010000 17 1292
54.010000 18 1327
54.010000 19 1236
54.010000 20 1403
54.010000 21 1402
54.010000 22 1371
55.010000 0 1326
55.010000 1 1532
55.010000 2 1265
55.010000 3 1497
55.010000 4 1500
55.010000 5 1486
55.010000 6 1385
55.010000 7 1502
55.010000 8 1516
55.010000 9 1381
55.010000 10 1499
55.010000 11 1523
55.010000 12 1497
55.010000 13 1506
55.010000 14 1421
55.010000 15 1457
55.010000 16 1440
55.010000 17 1395
55.010000 18 1394
55.010000 19 1335
55.010000 20 1509
55.010000 21 1506
55.010000 22 1502
56.010000 0 1190
56.010000 1 1409
56.010000 2 1174
56.010000 3 1375
56.010000 4 1402
56.010000 5 1400
56.010000 6 1224
56.010000 7 1379
56.010000 8 1397
56.010000 9 1224
56.010000 10 1376
56.010000 11 1397
56.010000 12 1392
56.010000 13 1376
56.010000 14 1276
56.010000 15 1394
56.010000 16 1310
56.010000 17 1260
56.010000 18 1249
56.010000 19 1215
56.010000 20 1367
56.010000 21 1380
56.010000 22 1381
57.010000 0 1214
57.010000 1 1386
57.010000 2 1132
57.010000 3 1347
57.010000 4 1378
57.010000 5 1355
57.010000 6 1229
57.010000 7 1363
57.010000 8 1393
57.010000 9 1212
57.010000 10 1359
57.010000 11 1375
57.010000 12 1352
57.010000 13 1355
57.010000 14 1272
57.010000 15 1329
57.010000 16 1294
57.010000 17 1234
57.010000 18 1276
57.010000 19 1193
57.010000 20 1370
57.010000 21 1366
57.010000 22 1384
58.010000 0 1103
58.010000 1 1283
58.010000 2 1032
58.010000 3 1253
58.010000 4 1273
58.010000 5 1260
58.010000 6 1137
58.010000 7 1261
58.010000 8 1287
58.010000 9 1120
58.010000 10 1278
58.010000 11 1272
58.010000 12 1252
58.010000 13 1254
58.010000 14 1181
58.010000 15 1242
58.010000 16 1184
58.010000 17 1153
58.010000 18 1154
58.010000 19 1094
58.010000 20 1268
58.010000 21 1280
58.010000 22 1263
59.010000 0 1317
59.010000 1 1498
59.010000 2 1249
59.010000 3 1451
59.010000 4 1483
59.010000 5 1479
59.010000 6 1322
59.010000 7 1467
59.010000 8 1485
59.010000 9 1315
59.010000 10 1489
59.010000 11 1463
59.010000 12 1472
59.010000 13 1469
59.010000 14 1387
59.010000 15 1459
59.010000 16 1394
59.010000 17 1341
59.010000 18 1386
59.010000 19 1296
59.010000 20 1477
59.010000 21 1479
59.010000 22 1472
60.010000 0 1170
60.010000 1 1360
60.010000 2 1138
60.010000 3 1329
60.010000 4 1344
60.010000 5 1345
60.010000 6 1176
60.010000 7 1332
60.010000 8 1351
60.010000 9 1207
60.010000 10 1327
60.010000 11 1367
60.010000 12 1334
60.010000 13 1330
60.010000 14 1226
60.010000 15 1328
60.010000 16 1302
60.010000 17 1208
60.010000 18 1235
60.010000 19 1197
60.010000 20 1340
60.010000 21 1336
60.010000 22 1336
61.010000 0 1354
61.010000 1 1531
61.010000 2 1301
61.010000 3 1495
61.010000 4 1514
61.010000 5 1487
61.010000 6 1407
61.010000 7 1502
61.010000 8 1500
61.010000 9 1375
61.010000 10 1500
61.010000 11 1506
61.010000 12 1514
61.010000 13 1503
61.010000 14 1426
61.010000 15 1461
61.010000 16 1436
61.010000 17 1410
61.010000 18 1442
61.010000 19 1344
61.010000 20 1481
61.010000 21 1511
61.010000 22 1495
62.010000 0 1231
62.010000 1 1395
62.010000 2 1145
62.010000 3 1375
62.010000 4 1376
62.010000 5 1376
62.010000 6 1220
62.010000 7 1378
62.010000 8 1384
62.010000 9 1230
62.010000 10 1359
62.010000 11 1383
62.010000 12 1364
62.010000 13 1367
62.010000 14 1277
62.010000 15 1357
62.010000 16 1301
62.010000 17 1267
62.010000 18 1283
62.010000 19 1207
62.010000 20 1399
62.010000 21 1371
62.010000 22 1370
63.010000 0 1220
63.010000 1 1400
63.010000 2 1147
63.010000 3 1368
63.010000 4 1382
63.010000 5 1368
63.010000 6 1278
63.010000 7 1373
63.010000 8 1385
63.010000 9 1266
63.010000 10 1357
63.010000 11 1385
63.010000 12 1367
63.010000 13 1394
63.010000 14 1294
63.010000 15 1351
63.010000 16 1306
63.010000 17 1275
63.010000 18 1288
63.010000 19 1215
63.010000 20 1369
63.010000 21 1372
63.010000 22 1373
64.010000 0 1242
64.010000 1 1438
64.010000 2 1218
64.010000 3 1410
64.010000 4 1410
64.010000 5 1414
64.010000 6 1258
64.010000 7 1425
64.010000 8 1425
64.010000 9 1254
64.010000 10 1409
64.010000 11 1427
64.010000 12 1431
64.010000 13 1418
64.010000 14 1296
64.010000 15 1401
64.010000 16 1346
64.010000 17 1285
64.010000 18 1311
64.010000 19 1259
64.010000 20 1430
64.010000 21 1436
64.010000 22 1417
65.010000 0 1213
65.010000 1 1411
65.010000 2 1174
65.010000 3 1378
65.010000 4 1406
65.010000 5 1382
65.010000 6 1243
65.010000 7 1384
65.010000 8 1402
65.010000 9 1260
65.010000 10 1395
65.010000 11 1405
65.010000 12 1391
65.010000 13 1378
65.010000 14 1286
65.010000 15 1374
65.010000 16 1313
65.010000 17 1258
65.010000 18 1274
65.010000 19 1234
65.010000 20 1360
65.010000 21 1386
65.010000 22 1378
66.010000 0 1243
66.010000 1 1405
66.010000 2 1155
66.010000 3 1370
66.010000 4 1389
66.010000 5 1364
66.010000 6 1244
66.010000 7 1358
66.010000 8 1408
66.010000 9 1236
66.010000 10 1360
66.010000 11 1390
66.010000 12 1367
66.010000 13 1347
66.010000 14 1295
66.010000 15 1354
66.010000 16 1308
66.010000 17 1275
66.010000 18 1308
66.010000 19 1236
66.010000 20 1403
66.010000 21 1379
66.010000 22 1396
67.010000 0 1329
67.010000 1 1546
67.010000 2 1272
67.010000 3 1513
67.010000 4 1531
67.010000 5 1512
67.010000 6 1396
67.010000 7 1511
67.010000 8 1532
67.010000 9 1387
67.010000 10 1504
67.010000 11 1529
67.010000 12 1502
67.010000 13 1506
67.010000 14 1413
67.010000 15 1485
67.010000 16 1442
67.010000 17 1412
67.010000 18 1416
67.010000 19 1339
67.010000 20 1521
67.010000 21 1522
67.010000 22 1510
68.010000 0 1223
68.010000 1 1393
68.010000 2 1146
68.010000 3 1374
68.010000 4 1381
68.010000 5 1363
68.010000 6 1231
68.010000 7 1362
68.010000 8 1377
68.010000 9 1226
68.010000 10 1354
68.010000 11 1374
68.010000 12 1366
68.010000 13 1358
68.010000 14 1278
68.010000 15 1347
68.010000 16 1294
68.010000 17 1275
68.010000 18 1275
68.010000 19 1203
68.010000 20 1370
68.010000 21 1383
68.010000 22 1375
69.010000 0 1212
69.010000 1 1390
69.010000 2 1129
69.010000 3 1369
69.010000 4 1370
69.010000 5 1355
69.010000 6 1222
69.010000 7 1356
69.010000 8 1375
69.010000 9 1221
69.010000 10 1350
69.010000 11 1378
69.010000 12 1351
69.010000 13 1357
69.010000 14 1270
69.010000 15 1336
69.010000 16 1289
69.010000 17 1262
69.010000 18 1264
69.010000 19 1192
69.010000 20 1359
69.010000 21 1357
69.010000 22 1357
70.010000 0 1220
70.010000 1 1470
70.010000 2 1233
70.010000 3 1434
70.010000 4 1445
70.010000 5 1453
70.010000 6 1305
70.010000 7 1454
70.010000 8 1464
70.010000 9 1300
70.010000 10 1460
70.010000 11 1471
70.010000 12 1446
70.010000 13 1442
70.010000 14 1333
70.010000 15 1435
70.010000 16 1373
70.010000 17 1318
70.010000 18 1301
70.010000 19 1278
70.010000 20 1457
70.010000 21 1466
70.010000 22 1442
71.010000 0 1269
71.010000 1 1434
71.010000 2 1200
71.010000 3 1410
71.010000 4 1418
71.010000 5 1401
71.010000 6 1292
71.010000 7 1399
71.010000 8 1420
71.010000 9 1278
71.010000 10 1400
71.010000 11 1424
71.010000 12 1411
71.010000 13 1398
71.010000 14 1327
71.010000 15 1388
71.010000 16 1345
71.010000 17 1324
71.010000 18 1339
71.010000 19 1265
71.010000 20 1389
71.010000 21 1409
71.010000 22 1404
72.010000 0 1252
72.010000 1 1407
72.010000 2 1146
72.010000 3 1394
72.010000 4 1408
72.010000 5 1383
72.010000 6 1234
72.010000 7 1373
72.010000 8 1399
72.010000 9 1234
72.010000 10 1362
72.010000 11 1391
72.010000 12 1369
72.010000 13 1380
72.010000 14 1312
72.010000 15 1358
72.010000 16 1308
72.010000 17 1291
72.010000 18 1281
72.010000 19 1197
72.010000 20 1379
72.010000 21 1379
72.010000 22 1386
73.010000 0 1217
73.010000 1 1467
73.010000 2 1206
73.010000 3 1419
73.010000 4 1449
73.010000 5 1448
73.010000 6 1282
73.010000 7 1455
73.010000 8 1453
73.010000 9 1286
73.010000 10 1422
73.010000 11 1444
73.010000 12 1432
73.010000 13 1420
73.010000 14 1310
73.010000 15 1430
73.010000 16 1362
73.010000 17 1303
73.010000 18 1313
73.010000 19 1260
73.010000 20 1453
73.010000 21 1437
73.010000 22 1430
74.010000 0 1300
74.010000 1 1473
74.010000 2 1255
74.010000 3 1445
74.010000 4 1454
74.010000 5 1450
74.010000 6 1315
74.010000 7 1417
74.010000 8 1456
74.010000 9 1331
74.010000 10 1434
74.010000 11 1454
74.010000 12 1452
74.010000 13 1443
74.010000 14 1350
74.010000 15 1436
74.010000 16 1379
74.010000 17 1351
74.010000 18 1377
74.010000 19 1306
74.010000 20 1444
74.010000 21 1449
74.010000 22 1445
75.010000 0 1165
75.010000 1 1418
75.010000 2 1191
75.010000 3 1369
75.010000 4 1409
75.010000 5 1397
75.010000 6 1253
75.010000 7 1420
75.010000 8 1432
75.010000 9 1257
75.010000 10 1389
75.010000 11 1403
75.010000 12 1397
75.010000 13 1384
75.010000 14 1282
75.010000 15 1385
75.010000 16 1318
75.010000 17 1251
75.010000 18 1256
75.010000 19 1250
75.010000 20 1400
75.010000 21 1398
75.010000 22 1412
76.010000 0 1280
76.010000 1 1423
76.010000 2 1189
76.010000 3 1401
76.010000 4 1401
76.010000 5 1393
76.010000 6 1276
76.010000 7 1374
76.010000 8 1417
76.010000 9 1272
76.010000 10 1394
76.010000 11 1418
76.010000 12 1400
76.010000 13 1400
76.010000 14 1330
76.010000 15 1373
76.010000 16 1335
76.010000 17 1300
76.010000 18 1320
76.010000 19 1250
76.010000 20 1407
76.010000 21 1412
76.010000 22 1410
77.010000 0 1156
77.010000 1 1384
77.010000 2 1162
77.010000 3 1352
77.010000 4 1373
77.010000 5 1355
77.010000 6 1206
77.010000 7 1374
77.010000 8 1368
77.010000 9 1205
77.010000 10 1342
77.010000 11 1354
77.010000 12 1375
77.010000 13 1347
77.010000 14 1256
77.010000 15 1346
77.010000 16 1300
77.010000 17 1241
77.010000 18 1222
77.010000 19 1198
77.010000 20 1351
77.010000 21 1351
77.010000 22 1349
78.010000 0 1190
78.010000 1 1365
78.010000 2 1142
78.010000 3 1329
78.010000 4 1332
78.010000 5 1336
78.010000 6 1204
78.010000 7 1332
78.010000 8 1342
78.010000 9 1202
78.010000 10 1299
78.010000 11 1341
78.010000 12 1339
78.010000 13 1340
78.010000 14 1242
78.010000 15 1327
78.010000 16 1261
78.010000 17 1229
78.010000 18 1255
78.010000 19 1199
78.010000 20 1334
78.010000 21 1335
78.010000 22 1326
79.010000 0 1275
79.010000 1 1424
79.010000 2 1164
79.010000 3 1408
79.010000 4 1403
79.010000 5 1396
79.010000 6 1226
79.010000 7 1388
79.010000 8 1414
79.010000 9 1246
79.010000 10 1387
79.010000 11 1420
79.010000 12 1378
79.010000 13 1424
79.010000 14 1313
79.010000 15 1367
79.010000 16 1328
79.010000 17 1292
79.010000 18 1305
79.010000 19 1226
79.010000 20 1415
79.010000 21 1400
79.010000 22 1418
80.010000 0 1271
80.010000 1 1505
80.010000 2 1252
80.010000 3 1475
80.010000 4 1492
80.010000 5 1470
80.010000 6 1369
80.010000 7 1472
80.010000 8 1487
80.010000 9 1326
80.010000 10 1457
80.010000 11 1483
80.010000 12 1485
80.010000 13 1461
80.010000 14 1368
80.010000 15 1449
80.010000 16 1401
80.010000 17 1376
80.010000 18 1354
80.010000 19 1300
80.010000 20 1471
80.010000 21 1482
80.010000 22 1472
81.010000 0 1202
81.010000 1 1349
81.010000 2 1124
81.010000 3 1328
81.010000 4 1332
81.010000 5 1324
81.010000 6 1186
81.010000 7 1322
81.010000 8 1336
81.010000 9 1188
81.010000 10 1325
81.010000 11 1340
81.010000 12 1310
81.010000 13 1335
81.010000 14 1252
81.010000 15 1300
81.010000 16 1279
81.010000 17 1231
81.010000 18 1250
81.010000 19 1189
81.010000 20 1340
81.010000 21 1332
81.010000 22 1330
82.010000 0 1337
82.010000 1 1569
82.010000 2 1304
82.010000 3 1519
82.010000 4 1548
82.010000 5 1549
82.010000 6 1380
82.010000 7 1554
82.010000 8 1556
82.010000 9 1383
82.010000 10 1512
82.010000 11 1545
82.010000 12 1536
82.010000 13 1502
82.010000 14 1431
82.010000 15 1523
82.010000 16 1457
82.010000 17 1413
82.010000 18 1428
82.010000 19 1353
82.010000 20 1532
82.010000 21 1533
82.010000 22 1529
83.010000 0 1230
83.010000 1 1423
83.010000 2 1180
83.010000 3 1383
83.010000 4 1408
83.010000 5 1403
83.010000 6 1255
83.010000 7 1392
83.010000 8 1410
83.010000 9 1249
83.010000 10 1385
83.010000 11 1408
83.010000 12 1399
83.010000 13 1416
83.010000 14 1293
83.010000 15 1390
83.010000 16 1328
83.010000 17 1278
83.010000 18 1314
83.010000 19 1240
83.010000 20 1395
83.010000 21 1397
83.010000 22 1394
84.010000 0 1296
84.010000 1 1454
84.010000 2 1210
84.010000 3 1440
84.010000 4 1449
84.010000 5 1437
84.010000 6 1306
84.010000 7 1434
84.010000 8 1457
84.010000 9 1299
84.010000 10 1425
84.010000 11 1455
84.010000 12 1435
84.010000 13 1430
84.010000 14 1347
84.010000 15 1421
84.010000 16 1347
84.010000 17 1331
84.010000 18 1349
84.010000 19 1277
84.010000 20 1443
84.010000 21 1435
84.010000 22 1440
85.010000 0 1212
85.010000 1 1403
85.010000 2 1171
85.010000 3 1365
85.010000 4 1378
85.010000 5 1363
85.010000 6 1232
85.010000 7 1363
85.010000 8 1379
85.010000 9 1225
85.010000 10 1353
85.010000 11 1386
85.010000 12 1388
85.010000 13 1362
85.010000 14 1264
85.010000 15 1356
85.010000 16 1296
85.010000 17 1262
85.010000 18 1287
85.010000 19 1217
85.010000 20 1368
85.010000 21 1367
85.010000 22 1364
86.010000 0 1274
86.010000 1 1438
86.010000 2 1214
86.010000 3 1410
86.010000 4 1431
86.010000 5 1417
86.010000 6 1296
86.010000 7 1408
86.010000 8 1419
86.010000 9 1292
86.010000 10 1413
86.010000 11 1425
86.010000 12 1414
86.010000 13 1392
86.010000 14 1330
86.010000 15 1393
86.010000 16 1367
86.010000 17 1301
86.010000 18 1339
86.010000 19 1275
86.010000 20 1423
86.010000 21 1423
86.010000 22 1415
87.010000 0 1279
87.010000 1 1469
87.010000 2 1208
87.010000 3 1436
87.010000 4 1448
87.010000 5 1430
87.010000 6 1295
87.010000 7 1441
87.010000 8 1450
87.010000 9 1289
87.010000 10 1424
87.010000 11 1447
87.010000 12 1426
87.010000 13 1433
87.010000 14 1349
87.010000 15 1410
87.010000 16 1368
87.010000 17 1328
87.010000 18 1333
87.010000 19 1273
87.010000 20 1440
87.010000 21 1437
87.010000 22 1432
88.010000 0 1227
88.010000 1 1405
88.010000 2 1180
88.010000 3 1379
88.010000 4 1372
88.010000 5 1378
88.010000 6 1266
88.010000 7 1398
88.010000 8 1402
88.010000 9 1258
88.010000 10 1379
88.010000 11 1410
88.010000 12 1394
88.010000 13 1384
88.010000 14 1286
88.010000 15 1357
88.010000 16 1316
88.010000 17 1271
88.010000 18 1299
88.010000 19 1228
88.010000 20 1391
88.010000 21 1393
88.010000 22 1381
89.010000 0 1199
89.010000 1 1383
89.010000 2 1128
89.010000 3 1353
89.010000 4 1368
89.010000 5 1353
89.010000 6 1207
89.010000 7 1358
89.010000 8 1390
89.010000 9 1209
89.010000 10 1353
89.010000 11 1372
89.010000 12 1355
89.010000 13 1380
89.010000 14 1264
89.010000 15 1339
89.010000 16 1287
89.010000 17 1236
89.010000 18 1251
89.010000 19 1193
89.010000 20 1361
89.010000 21 1358
89.010000 22 1382
90.010000 0 1174
90.010000 1 1392
90.010000 2 1149
90.010000 3 1346
90.010000 4 1383
90.010000 5 1357
90.010000 6 1219
90.010000 7 1357
90.010000 8 1373
90.010000 9 1221
90.010000 10 1377
90.010000 11 1361
90.010000 12 1369
90.010000 13 1351
90.010000 14 1260
90.010000 15 1344
90.010000 16 1279
90.010000 17 1238
90.010000 18 1247
90.010000 19 1195
90.010000 20 1353
90.010000 21 1358
90.010000 22 1353
91.010000 0 1190
91.010000 1 1355
91.010000 2 1146
91.010000 3 1331
91.010000 4 1326
91.010000 5 1325
91.010000 6 1215
91.010000 7 1328
91.010000 8 1344
91.010000 9 1204
91.010000 10 1323
91.010000 11 1338
91.010000 12 1319
91.010000 13 1347
91.010000 14 1254
91.010000 15 1307
91.010000 16 1283
91.010000 17 1235
91.010000 18 1248
91.010000 19 1217
91.010000 20 1335
91.010000 21 1329
91.010000 22 1323
92.010000 0 1278
92.010000 1 1470
92.010000 2 1204
92.010000 3 1438
92.010000 4 1458
92.010000 5 1447
92.010000 6 1324
92.010000 7 1448
92.010000 8 1459
92.010000 9 1319
92.010000 10 1466
92.010000 11 1461
92.010000 12 1433
92.010000 13 1446
92.010000 14 1354
92.010000 15 1414
92.010000 16 1367
92.010000 17 1330
92.010000 18 1348
92.010000 19 1261
92.010000 20 1445
92.010000 21 1453
92.010000 22 1444
93.010000 0 1295
93.010000 1 1501
93.010000 2 1242
93.010000 3 1466
93.010000 4 1497
93.010000 5 1468
93.010000 6 1345
93.010000 7 1469
93.010000 8 1483
93.010000 9 1341
93.010000 10 1437
93.010000 11 1476
93.010000 12 1465
93.010000 13 1472
93.010000 14 1377
93.010000 15 1443
93.010000 16 1390
93.010000 17 1364
93.010000 18 1370
93.010000 19 1299
93.010000 20 1469
93.010000 21 1475
93.010000 22 1469
94.010000 0 1239
94.010000 1 1398
94.010000 2 1172
94.010000 3 1380
94.010000 4 1382
94.010000 5 1368
94.010000 6 1235
94.010000 7 1364
94.010000 8 1385
94.010000 9 1224
94.010000 10 1357
94.010000 11 1376
94.010000 12 1378
94.010000 13 1365
94.010000 14 1293
94.010000 15 1358
94.010000 16 1297
94.010000 17 1286
94.010000 18 1286
94.010000 19 1225
94.010000 20 1390
94.010000 21 1372
94.010000 22 1363
95.010000 0 1155
95.010000 1 1362
95.010000 2 1113
95.010000 3 1309
95.010000 4 1346
95.010000 5 1343
95.010000 6 1192
95.010000 7 1358
95.010000 8 1350
95.010000 9 1192
95.010000 10 1334
95.010000 11 1345
95.010000 12 1332
95.010000 13 1327
95.010000 14 1232
95.010000 15 1324
95.010000 16 1269
95.010000 17 1190
95.010000 18 1234
95.010000 19 1167
95.010000 20 1337
95.010000 21 1354
95.010000 22 1337
96.010000 0 1215
96.010000 1 1398
96.010000 2 1156
96.010000 3 1386
96.010000 4 1384
96.010000 5 1381
96.010000 6 1250
96.010000 7 1371
96.010000 8 1384
96.010000 9 1234
96.010000 10 1361
96.010000 11 1392
96.010000 12 1359
96.010000 13 1366
96.010000 14 1277
96.010000 15 1354
96.010000 16 1304
96.010000 17 1281
96.010000 18 1274
96.010000 19 1215
96.010000 20 1371
96.010000 21 1351
96.010000 22 1370
97.010000 0 1178
97.010000 1 1309
97.010000 2 1065
97.010000 3 1306
97.010000 4 1308
97.010000 5 1288
97.010000 6 1162
97.010000 7 1296
97.010000 8 1318
97.010000 9 1148
97.010000 10 1319
97.010000 11 1326
97.010000 12 1302
97.010000 13 1303
97.010000 14 1202
97.010000 15 1273
97.010000 16 1219
97.010000 17 1195
97.010000 18 1223
97.010000 19 1123
97.010000 20 1322
97.010000 21 1326
97.010000 22 1320
98.010000 0 1236
98.010000 1 1407
98.010000 2 1148
98.010000 3 1378
98.010000 4 1385
98.010000 5 1377
98.010000 6 1217
98.010000 7 1386
98.010000 8 1391
98.010000 9 1204
98.010000 10 1390
98.010000 11 1385
98.010000 12 1368
98.010000 13 1366
98.010000 14 1297
98.010000 15 1361
98.010000 16 1297
98.010000 17 1272
98.010000 18 1272
98.010000 19 1202
98.010000 20 1375
98.010000 21 1348
98.010000 22 1375
99.010000 0 1254
99.010000 1 1423
99.010000 2 1167
99.010000 3 1407
99.010000 4 1407
99.010000 5 1382
99.010000 6 1249
99.010000 7 1395
99.010000 8 1407
99.010000 9 1254
99.010000 10 1385
99.010000 11 1400
99.010000 12 1395
99.010000 13 1392
99.010000 14 1306
99.010000 15 1371
99.010000 16 1320
99.010000 17 1302
99.010000 18 1307
99.010000 19 1232
99.010000 20 1403
99.010000 21 1403
99.010000 22 1391
100.010000 0 1151
100.010000 1 1339
100.010000 2 1102
100.010000 3 1308
100.010000 4 1315
100.010000 5 1324
100.010000 6 1168
100.010000 7 1304
100.010000 8 1318
100.010000 9 1162
100.010000 10 1297
100.010000 11 1313
100.010000 12 1316
100.010000 13 1303
100.010000 14 1215
100.010000 15 1306
100.010000 16 1233
100.010000 17 1208
100.010000 18 1206
100.010000 19 1130
100.010000 20 1323
100.010000 21 1307
100.010000 22 1301
101.010000 0 1234
101.010000 1 1435
101.010000 2 1184
101.010000 3 1401
101.010000 4 1414
101.010000 5 1386
101.010000 6 1269
101.010000 7 1422
101.010000 8 1429
101.010000 9 1270
101.010000 10 1396
101.010000 11 1417
101.010000 12 1408
101.010000 13 1408
101.010000 14 1298
101.010000 15 1372
101.010000 16 1334
101.010000 17 1291
101.010000 18 1313
101.010000 19 1257
101.010000 20 1397
101.010000 21 1424
101.010000 22 1406
102.010000 0 1153
102.010000 1 1304
102.010000 2 1025
102.010000 3 1283
102.010000 4 1291
102.010000 5 1273
102.010000 6 1119
102.010000 7 1284
102.010000 8 1309
102.010000 9 1117
102.010000 10 1278
102.010000 11 1323
102.010000 12 1266
102.010000 13 1274
102.010000 14 1187
102.010000 15 1254
102.010000 16 1195
102.010000 17 1170
102.010000 18 1191
102.010000 19 1097
102.010000 20 1308
102.010000 21 1293
102.010000 22 1290
103.010000 0 1261
103.010000 1 1433
103.010000 2 1219
103.010000 3 1406
103.010000 4 1419
103.010000 5 1418
103.010000 6 1281
103.010000 7 1401
103.010000 8 1439
103.010000 9 1277
103.010000 10 1400
103.010000 11 1373
103.010000 12 1423
103.010000 13 1407
103.010000 14 1322
103.010000 15 1399
103.010000 16 1354
103.010000 17 1297
103.010000 18 1321
103.010000 19 1249
103.010000 20 1415
103.010000 21 1440
103.010000 22 1410
104.010000 0 1290
104.010000 1 1443
104.010000 2 1199
104.010000 3 1436
104.010000 4 1434
104.010000 5 1421
104.010000 6 1288
104.010000 7 1419
104.010000 8 1430
104.010000 9 1271
104.010000 10 1412
104.010000 11 1434
104.010000 12 1418
104.010000 13 1420
104.010000 14 1344
104.010000 15 1400
104.010000 16 1355
104.010000 17 1346
104.010000 18 1344
104.010000 19 1249
104.010000 20 1425
104.010000 21 1426
104.010000 22 1434
105.010000 0 1157
105.010000 1 1351
105.010000 2 1106
105.010000 3 1312
105.010000 4 1329
105.010000 5 1315
105.010000 6 1170
105.010000 7 1336
105.010000 8 1332
105.010000 9 1177
105.010000 10 1322
105.010000 11 1345
105.010000 12 1320
105.010000 13 1311
105.010000 14 1222
105.010000 15 1304
105.010000 16 1246
105.010000 17 1196
105.010000 18 1209
105.010000 19 1164
105.010000 20 1315
105.010000 21 1315
105.010000 22 1316
106.010000 0 1283
106.010000 1 1453
106.010000 2 1196
106.010000 3 1412
106.010000 4 1434
106.010000 5 1415
106.010000 6 1310
106.010000 7 1406
106.010000 8 1439
106.010000 9 1289
106.010000 10 1409
106.010000 11 1431
106.010000 12 1418
106.010000 13 1418
106.010000 14 1364
106.010000 15 1393
106.010000 16 1359
106.010000 17 1322
106.010000 18 1338
106.010000 19 1257
106.010000 20 1407
106.010000 21 1422
106.010000 22 1439
107.010000 0 1259
107.010000 1 1413
107.010000 2 1178
107.010000 3 1392
107.010000 4 1393
107.010000 5 1381
107.010000 6 1211
107.010000 7 1382
107.010000 8 1402
107.010000 9 1217
107.010000 10 1383
107.010000 11 1400
107.010000 12 1408
107.010000 13 1388
107.010000 14 1300
107.010000 15 1373
107.010000 16 1315
107.010000 17 1274
107.010000 18 1289
107.010000 19 1221
107.010000 20 1410
107.010000 21 1390
107.010000 22 1391
108.010000 0 1201
108.010000 1 1431
108.010000 2 1215
108.010000 3 1399
108.010000 4 1396
108.010000 5 1403
108.010000 6 1300
108.010000 7 1424
108.010000 8 1413
108.010000 9 1294
108.010000 10 1391
108.010000 11 1409
108.010000 12 1407
108.010000 13 1394
108.010000 14 1299
108.010000 15 1387
108.010000 16 1366
108.010000 17 1305
108.010000 18 1293
108.010000 19 1271
108.010000 20 1388
108.010000 21 1404
108.010000 22 1398
109.010000 0 1223
109.010000 1 1417
109.010000 2 1171
109.010000 3 1384
109.010000 4 1402
109.010000 5 1372
109.010000 6 1243
109.010000 7 1393
109.010000 8 1420
109.010000 9 1246
109.010000 10 1408
109.010000 11 1401
109.010000 12 1400
109.010000 13 1386
109.010000 14 1278
109.010000 15 1363
109.010000 16 1328
109.010000 17 1269
109.010000 18 1301
109.010000 19 1241
109.010000 20 1392
109.010000 21 1395
109.010000 22 1389
110.010000 0 1218
110.010000 1 1408
110.010000 2 1171
110.010000 3 1377
110.010000 4 1407
110.010000 5 1389
110.010000 6 1244
110.010000 7 1382
110.010000 8 1393
110.010000 9 1232
110.010000 10 1342
110.010000 11 1388
110.010000 12 1383
110.010000 13 1376
110.010000 14 1289
110.010000 15 1379
110.010000 16 1300
110.010000 17 1280
110.010000 18 1288
110.010000 19 1216
110.010000 20 1397
110.010000 21 1376
110.010000 22 1374
111.010000 0 1212
111.010000 1 1389
111.010000 2 1155
111.010000 3 1363
111.010000 4 1381
111.010000 5 1359
111.010000 6 1232
111.010000 7 1347
111.010000 8 1387
111.010000 9 1238
111.010000 10 1383
111.010000 11 1383
111.010000 12 1369
111.010000 13 1363
111.010000 14 1278
111.010000 15 1341
111.010000 16 1303
111.010000 17 1250
111.010000 18 1271
111.010000 19 1214
111.010000 20 1394
111.010000 21 1371
111.010000 22 1368
112.010000 0 1202
112.010000 1 1392
112.010000 2 1157
112.010000 3 1358
112.010000 4 1377
112.010000 5 1374
112.010000 6 1232
112.010000 7 1386
112.010000 8 1382
112.010000 9 1223
112.010000 10 1353
112.010000 11 1375
112.010000 12 1378
112.010000 13 1357
112.010000 14 1277
112.010000 15 1361
112.010000 16 1293
112.010000 17 1259
112.010000 18 1270
112.010000 19 1207
112.010000 20 1360
112.010000 21 1367
112.010000 22 1361
113.010000 0 1187
113.010000 1 1355
113.010000 2 1126
113.010000 3 1330
113.010000 4 1339
113.010000 5 1354
113.010000 6 1192
113.010000 7 1333
113.010000 8 1350
113.010000 9 1183
113.010000 10 1345
113.010000 11 1366
113.010000 12 1331
113.010000 13 1330
113.010000 14 1250
113.010000 15 1336
113.010000 16 1243
113.010000 17 1222
113.010000 18 1230
113.010000 19 1163
113.010000 20 1337
113.010000 21 1331
113.010000 22 1334
114.010000 0 1233
114.010000 1 1394
114.010000 2 1146
114.010000 3 1376
114.010000 4 1379
114.010000 5 1349
114.010000 6 1230
114.010000 7 1363
114.010000 8 1379
114.010000 9 1226
114.010000 10 1364
114.010000 11 1381
114.010000 12 1377
114.010000 13 1369
114.010000 14 1277
114.010000 15 1331
114.010000 16 1322
114.010000 17 1271
114.010000 18 1288
114.010000 19 1212
114.010000 20 1372
114.010000 21 1376
114.010000 22 1385
115.010000 0 1275
115.010000 1 1445
115.010000 2 1208
115.010000 3 1422
115.010000 4 1433
115.010000 5 1415
115.010000 6 1305
115.010000 7 1417
115.010000 8 1432
115.010000 9 1278
115.010000 10 1415
115.010000 11 1433
115.010000 12 1423
115.010000 13 1410
115.010000 14 1332
115.010000 15 1394
115.010000 16 1351
115.010000 17 1322
115.010000 18 1342
115.010000 19 1264
115.010000 20 1424
115.010000 21 1428
115.010000 22 1424
116.010000 0 1209
116.010000 1 1378
116.010000 2 1145
116.010000 3 1345
116.010000 4 1367
116.010000 5 1376
116.010000 6 1198
116.010000 7 1353
116.010000 8 1374
116.010000 9 1195
116.010000 10 1345
116.010000 11 1374
116.010000 12 1373
116.010000 13 1353
116.010000 14 1272
116.010000 15 1366
116.010000 16 1282
116.010000 17 1240
116.010000 18 1257
116.010000 19 1187
116.010000 20 1358
116.010000 21 1355
116.010000 22 1379
117.010000 0 1193
117.010000 1 1358
117.010000 2 1119
117.010000 3 1328
117.010000 4 1331
117.010000 5 1296
117.010000 6 1194
117.010000 7 1340
117.010000 8 1334
117.010000 9 1193
117.010000 10 1314
117.010000 11 1331
117.010000 12 1331
117.010000 13 1323
117.010000 14 1241
117.010000 15 1286
117.010000 16 1254
117.010000 17 1228
117.010000 18 1246
117.010000 19 1173
117.010000 20 1329
117.010000 21 1345
117.010000 22 1325
118.010000 0 1210
118.010000 1 1402
118.010000 2 1213
118.010000 3 1378
118.010000 4 1394
118.010000 5 1387
118.010000 6 1241
118.010000 7 1381
118.010000 8 1398
118.010000 9 1247
118.010000 10 1373
118.010000 11 1390
118.010000 12 1381
118.010000 13 1373
118.010000 14 1276
118.010000 15 1367
118.010000 16 1331
118.010000 17 1265
118.010000 18 1287
118.010000 19 1259
118.010000 20 1401
118.010000 21 1391
118.010000 22 1353
119.010000 0 1311
119.010000 1 1487
119.010000 2 1172
119.010000 3 1459
119.010000 4 1479
119.010000 5 1444
119.010000 6 1328
119.010000 7 1449
119.010000 8 1465
119.010000 9 1292
119.010000 10 1448
119.010000 11 1453
119.010000 12 1437
119.010000 13 1451
119.010000 14 1367
119.010000 15 1415
119.010000 16 1363
119.010000 17 1363
119.010000 18 1371
119.010000 19 1236
119.010000 20 1471
119.010000 21 1448
119.010000 22 1463
120.010000 0 1168
120.010000 1 1320
120.010000 2 1068
120.010000 3 1293
120.010000 4 1305
120.010000 5 1307
120.010000 6 1149
120.010000 7 1290
120.010000 8 1313
120.010000 9 1135
120.010000 10 1300
120.010000 11 1326
120.010000 12 1296
120.010000 13 1295
120.010000 14 1213
120.010000 15 1285
120.010000 16 1217
120.010000 17 1188
120.010000 18 1207
120.010000 19 1114
120.010000 20 1296
120.010000 21 1297
120.010000 22 1302
121.010000 0 1307
121.010000 1 1514
121.010000 2 1271
121.010000 3 1470
121.010000 4 1495
121.010000 5 1456
121.010000 6 1356
121.010000 7 1474
121.010000 8 1496
121.010000 9 1360
121.010000 10 1471
121.010000 11 1471
121.010000 12 1482
121.010000 13 1474
121.010000 14 1401
121.010000 15 1436
121.010000 16 1430
121.010000 17 1373
121.010000 18 1384
121.010000 19 1337
121.010000 20 1481
121.010000 21 1486
121.010000 22 1475
122.010000 0 1230
122.010000 1 1405
122.010000 2 1167
122.010000 3 1379
122.010000 4 1387
122.010000 5 1371
122.010000 6 1234
122.010000 7 1375
122.010000 8 1393
122.010000 9 1233
122.010000 10 1366
122.010000 11 1392
122.010000 12 1381
122.010000 13 1370
122.010000 14 1283
122.010000 15 1361
122.010000 16 1322
122.010000 17 1275
122.010000 18 1297
122.010000 19 1229
122.010000 20 1381
122.010000 21 1377
122.010000 22 1379
123.010000 0 1240
123.010000 1 1473
123.010000 2 1205
123.010000 3 1420
123.010000 4 1456
123.010000 5 1448
123.010000 6 1293
123.010000 7 1448
123.010000 8 1468
123.010000 9 1289
123.010000 10 1432
123.010000 11 1443
123.010000 12 1441
123.010000 13 1433
123.010000 14 1338
123.010000 15 1433
123.010000 16 1361
123.010000 17 1312
123.010000 18 1319
123.010000 19 1248
123.010000 20 1439
123.010000 21 1439
123.010000 22 1437
124.010000 0 1223
124.010000 1 1413
124.010000 2 1199
124.010000 3 1387
124.010000 4 1399
124.010000 5 1384
124.010000 6 1249
124.010000 7 1370
124.010000 8 1398
124.010000 9 1251
124.010000 10 1381
124.010000 11 1407
124.010000 12 1387
124.010000 13 1386
124.010000 14 1294
124.010000 15 1367
124.010000 16 1335
124.010000 17 1278
124.010000 18 1290
124.010000 19 1257
124.010000 20 1390
124.010000 21 1412
124.010000 22 1386
125.010000 0 1284
125.010000 1 1482
125.010000 2 1218
125.010000 3 1448
125.010000 4 1468
125.010000 5 1457
125.010000 6 1315
125.010000 7 1466
125.010000 8 1469
125.010000 9 1319
125.010000 10 1439
125.010000 11 1465
125.010000 12 1448
125.010000 13 1445
125.010000 14 1358
125.010000 15 1436
125.010000 16 1375
125.010000 17 1340
125.010000 18 1365
125.010000 19 1284
125.010000 20 1452
125.010000 21 1454
125.010000 22 1452
126.010000 0 1190
126.010000 1 1343
126.010000 2 1092
126.010000 3 1325
126.010000 4 1342
126.010000 5 1309
126.010000 6 1173
126.010000 7 1325
126.010000 8 1349
126.010000 9 1166
126.010000 10 1304
126.010000 11 1331
126.010000 12 1322
126.010000 13 1310
126.010000 14 1240
126.010000 15 1303
126.010000 16 1242
126.010000 17 1225
126.010000 18 1230
126.010000 19 1155
126.010000 20 1317
126.010000 21 1310
126.010000 22 1317
127.010000 0 1228
127.010000 1 1430
127.010000 2 1175
127.010000 3 1409
127.010000 4 1416
127.010000 5 1413
127.010000 6 1268
127.010000 7 1403
127.010000 8 1416
127.010000 9 1265
127.010000 10 1391
127.010000 11 1427
127.010000 12 1391
127.010000 13 1395
127.010000 14 1294
127.010000 15 1389
127.010000 16 1350
127.010000 17 1309
127.010000 18 1306
127.010000 19 1238
127.010000 20 1407
127.010000 21 1404
127.010000 22 1407
128.010000 0 1269
128.010000 1 1407
128.010000 2 1152
128.010000 3 1393
128.010000 4 1390
128.010000 5 1391
128.010000 6 1255
128.010000 7 1381
128.010000 8 1395
128.010000 9 1227
128.010000 10 1372
128.010000 11 1396
128.010000 12 1377
128.010000 13 1371
128.010000 14 1305
128.010000 15 1373
128.010000 16 1309
128.010000 17 1294
128.010000 18 1309
128.010000 19 1207
128.010000 20 1378
128.010000 21 1384
128.010000 22 1376
129.010000 0 1241
129.010000 1 1426
129.010000 2 1182
129.010000 3 1384
129.010000 4 1411
129.010000 5 1395
129.010000 6 1288
129.010000 7 1394
129.010000 8 1411
129.010000 9 1283
129.010000 10 1387
129.010000 11 1402
129.010000 12 1388
129.010000 13 1396
129.010000 14 1325
129.010000 15 1368
129.010000 16 1331
129.010000 17 1302
129.010000 18 1322
129.010000 19 1243
129.010000 20 1399
129.010000 21 1402
129.010000 22 1404
130.010000 0 1232
130.010000 1 1476
130.010000 2 1242
130.010000 3 1437
130.010000 4 1460
130.010000 5 1447
130.010000 6 1302
130.010000 7 1449
130.010000 8 1467
130.010000 9 1314
130.010000 10 1446
130.010000 11 1461
130.010000 12 1459
130.010000 13 1447
130.010000 14 1340
130.010000 15 1436
130.010000 16 1398
130.010000 17 1318
130.010000 18 1311
130.010000 19 1295
130.010000 20 1453
130.010000 21 1457
130.010000 22 1451
131.010000 0 1237
131.010000 1 1403
131.010000 2 1158
131.010000 3 1378
131.010000 4 1385
131.010000 5 1386
131.010000 6 1224
131.010000 7 1389
131.010000 8 1416
131.010000 9 1227
131.010000 10 1375
131.010000 11 1405
131.010000 12 1387
131.010000 13 1380
131.010000 14 1282
131.010000 15 1374
131.010000 16 1319
131.010000 17 1262
131.010000 18 1297
131.010000 19 1215
131.010000 20 1392
131.010000 21 1385
131.010000 22 1385
132.010000 0 1296
132.010000 1 1462
132.010000 2 1216
132.010000 3 1417
132.010000 4 1443
132.010000 5 1430
132.010000 6 1325
132.010000 7 1429
132.010000 8 1452
132.010000 9 1307
132.010000 10 1431
132.010000 11 1456
132.010000 12 1434
132.010000 13 1422
132.010000 14 1374
132.010000 15 1408
132.010000 16 1367
132.010000 17 1329
132.010000 18 1357
132.010000 19 1278
132.010000 20 1439
132.010000 21 1435
132.010000 22 1434
133.010000 0 1230
133.010000 1 1427
133.010000 2 1216
133.010000 3 1387
133.010000 4 1414
133.010000 5 1400
133.010000 6 1266
133.010000 7 1389
133.010000 8 1417
133.010000 9 1269
133.010000 10 1403
133.010000 11 1413
133.010000 12 1403
133.010000 13 1409
133.010000 14 1313
133.010000 15 1383
133.010000 16 1342
133.010000 17 1275
133.010000 18 1296
133.010000 19 1274
133.010000 20 1411
133.010000 21 1410
133.010000 22 1400
134.010000 0 1216
134.010000 1 1399
134.010000 2 1159
134.010000 3 1364
134.010000 4 1400
134.010000 5 1364
134.010000 6 1244
134.010000 7 1383
134.010000 8 1385
134.010000 9 1244
134.010000 10 1362
134.010000 11 1383
134.010000 12 1368
134.010000 13 1365
134.010000 14 1282
134.010000 15 1346
134.010000 16 1304
134.010000 17 1269
134.010000 18 1295
134.010000 19 1224
134.010000 20 1372
134.010000 21 1374
134.010000 22 1371
135.010000 0 1269
135.010000 1 1453
135.010000 2 1215
135.010000 3 1417
135.010000 4 1437
135.010000 5 1422
135.010000 6 1286
135.010000 7 1423
135.010000 8 1442
135.010000 9 1286
135.010000 10 1418
135.010000 11 1444
135.010000 12 1430
135.010000 13 1396
135.010000 14 1335
135.010000 15 1411
135.010000 16 1358
135.010000 17 1316
135.010000 18 1346
135.010000 19 1279
135.010000 20 1428
135.010000 21 1449
135.010000 22 1425
136.010000 0 1254
136.010000 1 1445
136.010000 2 1203
136.010000 3 1407
136.010000 4 1430
136.010000 5 1427
136.010000 6 1296
136.010000 7 1425
136.010000 8 1429
136.010000 9 1280
136.010000 10 1409
136.010000 11 1429
136.010000 12 1415
136.010000 13 1427
136.010000 14 1330
136.010000 15 1406
136.010000 16 1339
136.010000 17 1307
136.010000 18 1325
136.010000 19 1252
136.010000 20 1416
136.010000 21 1424
136.010000 22 1416
137.010000 0 1204
137.010000 1 1395
137.010000 2 1171
137.010000 3 1376
137.010000 4 1374
137.010000 5 1371
137.010000 6 1216
137.010000 7 1367
137.010000 8 1376
137.010000 9 1224
137.010000 10 1363
137.010000 11 1380
137.010000 12 1367
137.010000 13 1379
137.010000 14 1257
137.010000 15 1351
137.010000 16 1308
137.010000 17 1259
137.010000 18 1263
137.010000 19 1225
137.010000 20 1374
137.010000 21 1370
137.010000 22 1366
138.010000 0 1196
138.010000 1 1362
138.010000 2 1120
138.010000 3 1336
138.010000 4 1346
138.010000 5 1342
138.010000 6 1185
138.010000 7 1330
138.010000 8 1360
138.010000 9 1173
138.010000 10 1328
138.010000 11 1347
138.010000 12 1332
138.010000 13 1325
138.010000 14 1244
138.010000 15 1329
138.010000 16 1262
138.010000 17 1238
138.010000 18 1257
138.010000 19 1170
138.010000 20 1339
138.010000 21 1331
138.010000 22 1342
139.010000 0 1313
139.010000 1 1526
139.010000 2 1267
139.010000 3 1486
139.010000 4 1510
139.010000 5 1505
139.010000 6 1379
139.010000 7 1492
139.010000 8 1518
139.010000 9 1362
139.010000 10 1481
139.010000 11 1504
139.010000 12 1500
139.010000 13 1462
139.010000 14 1404
139.010000 15 1491
139.010000 16 1416
139.010000 17 1388
139.010000 18 1396
139.010000 19 1331
139.010000 20 1490
139.010000 21 1515
139.010000 22 1493
140.010000 0 1235
140.010000 1 1417
140.010000 2 1199
140.010000 3 1396
140.010000 4 1397
140.010000 5 1385
140.010000 6 1252
140.010000 7 1386
140.010000 8 1399
140.010000 9 1267
140.010000 10 1375
140.010000 11 1398
140.010000 12 1391
140.010000 13 1386
140.010000 14 1288
140.010000 15 1369
140.010000 16 1339
140.010000 17 1280
140.010000 18 1294
140.010000 19 1257
140.010000 20 1391
140.010000 21 1391
140.010000 22 1379
141.010000 0 1100
141.010000 1 1288
141.010000 2 1069
141.010000 3 1246
141.010000 4 1278
141.010000 5 1277
141.010000 6 1121
141.010000 7 1264
141.010000 8 1281
141.010000 9 1110
141.010000 10 1283
141.010000 11 1272
141.010000 12 1275
141.010000 13 1281
141.010000 14 1178
141.010000 15 1255
141.010000 16 1197
141.010000 17 1146
141.010000 18 1169
141.010000 19 1097
141.010000 20 1292
141.010000 21 1266
141.010000 22 1265
142.010000 0 1285
142.010000 1 1460
142.010000 2 1201
142.010000 3 1422
142.010000 4 1427
142.010000 5 1430
142.010000 6 1290
142.010000 7 1445
142.010000 8 1453
142.010000 9 1279
142.010000 10 1454
142.010000 11 1447
142.010000 12 1439
142.010000 13 1432
142.010000 14 1357
142.010000 15 1417
142.010000 16 1351
142.010000 17 1317
142.010000 18 1340
142.010000 19 1258
142.010000 20 1439
142.010000 21 1437
142.010000 22 1434
143.010000 0 1182
143.010000 1 1391
143.010000 2 1168
143.010000 3 1359
143.010000 4 1378
143.010000 5 1385
143.010000 6 1216
143.010000 7 1364
143.010000 8 1380
143.010000 9 1214
143.010000 10 1349
143.010000 11 1381
143.010000 12 1375
143.010000 13 1387
143.010000 14 1259
143.010000 15 1380
143.010000 16 1287
143.010000 17 1243
143.010000 18 1245
143.010000 19 1222
143.010000 20 1368
143.010000 21 1363
143.010000 22 1372
144.010000 0 1357
144.010000 1 1544
144.010000 2 1298
144.010000 3 1513
144.010000 4 1539
144.010000 5 1482
144.010000 6 1419
144.010000 7 1505
144.010000 8 1512
144.010000 9 1406
144.010000 10 1473
144.010000 11 1516
144.010000 12 1502
144.010000 13 1510
144.010000 14 1440
144.010000 15 1454
144.010000 16 1437
144.010000 17 1425
144.010000 18 1430
144.010000 19 1367
144.010000 20 1513
144.010000 21 1512
144.010000 22 1506
145.010000 0 1220
145.010000 1 1384
145.010000 2 1114
145.010000 3 1361
145.010000 4 1358
145.010000 5 1357
145.010000 6 1238
145.010000 7 1381
145.010000 8 1389
145.010000 9 1220
145.010000 10 1354
145.010000 11 1388
145.010000 12 1334
145.010000 13 1345
145.010000 14 1282
145.010000 15 1329
145.010000 16 1289
145.010000 17 1259
145.010000 18 1266
145.010000 19 1182
145.010000 20 1367
145.010000 21 1359
145.010000 22 1360
146.010000 0 1250
146.010000 1 1408
146.010000 2 1153
146.010000 3 1378
146.010000 4 1388
146.010000 5 1386
146.010000 6 1235
146.010000 7 1378
146.010000 8 1394
146.010000 9 1234
146.010000 10 1369
146.010000 11 1393
146.010000 12 1380
146.010000 13 1387
146.010000 14 1298
146.010000 15 1369
146.010000 16 1317
146.010000 17 1285
146.010000 18 1316
146.010000 19 1205
146.010000 20 1380
146.010000 21 1386
146.010000 22 1380
147.010000 0 1335
147.010000 1 1519
147.010000 2 1293
147.010000 3 1488
147.010000 4 1495
147.010000 5 1484
147.010000 6 1359
147.010000 7 1452
147.010000 8 1497
147.010000 9 1369
147.010000 10 1475
147.010000 11 1496
147.010000 12 1487
147.010000 13 1457
147.010000 14 1412
147.010000 15 1466
147.010000 16 1443
147.010000 17 1387
147.010000 18 1387
147.010000 19 1356
147.010000 20 1491
147.010000 21 1484
147.010000 22 1486
148.010000 0 1221
148.010000 1 1447
148.010000 2 1177
148.010000 3 1385
148.010000 4 1423
148.010000 5 1410
148.010000 6 1274
148.010000 7 1433
148.010000 8 1426
148.010000 9 1260
148.010000 10 1399
148.010000 11 1417
148.010000 12 1392
148.010000 13 1396
148.010000 14 1313
148.010000 15 1386
148.010000 16 1343
148.010000 17 1281
148.010000 18 1311
148.010000 19 1252
148.010000 20 1403
148.010000 21 1406
148.010000 22 1408
149.010000 0 1293
149.010000 1 1464
149.010000 2 1253
149.010000 3 1434
149.010000 4 1458
149.010000 5 1448
149.010000 6 1327
149.010000 7 1422
149.010000 8 1465
149.010000 9 1321
149.010000 10 1440
149.010000 11 1479
149.010000 12 1455
149.010000 13 1451
149.010000 14 1371
149.010000 15 1433
149.010000 16 1364
149.010000 17 1331
149.010000 18 1355
149.010000 19 1304
149.010000 20 1450
149.010000 21 1450
149.010000 22 1442
