0.010000 0 13
0.010000 1 18
0.010000 2 13
0.010000 3 18
0.010000 4 18
0.010000 5 14
0.010000 6 18
0.010000 7 18
0.010000 8 17
0.010000 9 18
0.010000 10 18
0.010000 11 17
0.010000 12 14
0.010000 13 18
0.010000 14 15
0.010000 15 10
0.010000 16 18
0.010000 17 17
0.010000 18 15
0.010000 19 14
0.010000 20 18
0.010000 21 18
0.010000 22 17
0.010000 23 18
0.010000 24 18
0.010000 25 18
0.010000 26 17
0.010000 27 17
0.010000 28 17
1.010000 0 1544
1.010000 1 1678
1.010000 2 1480
1.010000 3 1639
1.010000 4 1656
1.010000 5 1631
1.010000 6 1669
1.010000 7 1661
1.010000 8 1659
1.010000 9 1675
1.010000 10 1594
1.010000 11 1660
1.010000 12 1594
1.010000 13 1605
1.010000 14 1619
1.010000 15 1544
1.010000 16 1653
1.010000 17 1594
1.010000 18 1627
1.010000 19 1597
1.010000 20 1663
1.010000 21 1626
1.010000 22 1613
1.010000 23 1647
1.010000 24 1666
1.010000 25 1629
1.010000 26 1654
1.010000 27 1657
1.010000 28 1630
2.010000 0 1229
2.010000 1 1299
2.010000 2 1242
2.010000 3 1278
2.010000 4 1267
2.010000 5 1290
2.010000 6 1330
2.010000 7 1279
2.010000 8 1300
2.010000 9 1310
2.010000 10 1313
2.010000 11 1295
2.010000 12 1302
2.010000 13 1292
2.010000 14 1303
2.010000 15 1230
2.010000 16 1311
2.010000 17 1257
2.010000 18 1290
2.010000 19 1285
2.010000 20 1292
2.010000 21 1296
2.010000 22 1281
2.010000 23 1281
2.010000 24 1284
2.010000 25 1308
2.010000 26 1292
2.010000 27 1297
2.010000 28 1299
3.010000 0 1197
3.010000 1 1293
3.010000 2 1184
3.010000 3 1271
3.010000 4 1268
3.010000 5 1250
3.010000 6 1294
3.010000 7 1289
3.010000 8 1289
3.010000 9 1284
3.010000 10 1253
3.010000 11 1297
3.010000 12 1266
3.010000 13 1259
3.010000 14 1264
3.010000 15 1194
3.010000 16 1284
3.010000 17 1247
3.010000 18 1269
3.010000 19 1271
3.010000 20 1280
3.010000 21 1304
3.010000 22 1300
3.010000 23 1291
3.010000 24 1264
3.010000 25 1245
3.010000 26 1282
3.010000 27 1278
3.010000 28 1257
4.010000 0 1412
4.010000 1 1484
4.010000 2 1387
4.010000 3 1470
4.010000 4 1460
4.010000 5 1448
4.010000 6 1475
4.010000 7 1449
4.010000 8 1482
4.010000 9 1458
4.010000 10 1442
4.010000 11 1481
4.010000 12 1468
4.010000 13 1469
4.010000 14 1475
4.010000 15 1367
4.010000 16 1485
4.010000 17 1438
4.010000 18 1458
4.010000 19 1451
4.010000 20 1474
4.010000 21 1473
4.010000 22 1464
4.010000 23 1454
4.010000 24 1462
4.010000 25 1483
4.010000 26 1472
4.010000 27 1476
4.010000 28 1451
5.010000 0 1356
5.010000 1 1436
5.010000 2 1312
5.010000 3 1430
5.010000 4 1415
5.010000 5 1411
5.010000 6 1434
5.010000 7 1399
5.010000 8 1431
5.010000 9 1431
5.010000 10 1398
5.010000 11 1435
5.010000 12 1386
5.010000 13 1435
5.010000 14 1416
5.010000 15 1340
5.010000 16 1454
5.010000 17 1403
5.010000 18 1412
5.010000 19 1407
5.010000 20 1430
5.010000 21 1398
5.010000 22 1415
5.010000 23 1426
5.010000 24 1415
5.010000 25 1416
5.010000 26 1429
5.010000 27 1430
5.010000 28 1414
6.010000 0 1260
6.010000 1 1317
6.010000 2 1226
6.010000 3 1311
6.010000 4 1331
6.010000 5 1295
6.010000 6 1333
6.010000 7 1290
6.010000 8 1316
6.010000 9 1334
6.010000 10 1284
6.010000 11 1312
6.010000 12 1297
6.010000 13 1259
6.010000 14 1300
6.010000 15 1251
6.010000 16 1313
6.010000 17 1290
6.010000 18 1319
6.010000 19 1298
6.010000 20 1306
6.010000 21 1307
6.010000 22 1296
6.010000 23 1294
6.010000 24 1288
6.010000 25 1297
6.010000 26 1312
6.010000 27 1313
6.010000 28 1313
7.010000 0 1478
7.010000 1 1591
7.010000 2 1489
7.010000 3 1564
7.010000 4 1535
7.010000 5 1557
7.010000 6 1586
7.010000 7 1552
7.010000 8 1585
7.010000 9 1591
7.010000 10 1553
7.010000 11 1560
7.010000 12 1566
7.010000 13 1565
7.010000 14 1555
7.010000 15 1484
7.010000 16 1588
7.010000 17 1529
7.010000 18 1558
7.010000 19 1549
7.010000 20 1575
7.010000 21 1580
7.010000 22 1561
7.010000 23 1567
7.010000 24 1561
7.010000 25 1567
7.010000 26 1579
7.010000 27 1579
7.010000 28 1577
8.010000 0 1252
8.010000 1 1362
8.010000 2 1293
8.010000 3 1335
8.010000 4 1371
8.010000 5 1352
8.010000 6 1362
8.010000 7 1325
8.010000 8 1361
8.010000 9 1359
8.010000 10 1339
8.010000 11 1354
8.010000 12 1331
8.010000 13 1333
8.010000 14 1346
8.010000 15 1285
8.010000 16 1359
8.010000 17 1323
8.010000 18 1335
8.010000 19 1350
8.010000 20 1346
8.010000 21 1347
8.010000 22 1334
8.010000 23 1338
8.010000 24 1338
8.010000 25 1344
8.010000 26 1355
8.010000 27 1353
8.010000 28 1357
9.010000 0 1316
9.010000 1 1379
9.010000 2 1288
9.010000 3 1374
9.010000 4 1367
9.010000 5 1359
9.010000 6 1380
9.010000 7 1346
9.010000 8 1378
9.010000 9 1380
9.010000 10 1344
9.010000 11 1379
9.010000 12 1352
9.010000 13 1363
9.010000 14 1372
9.010000 15 1283
9.010000 16 1382
9.010000 17 1359
9.010000 18 1371
9.010000 19 1365
9.010000 20 1371
9.010000 21 1368
9.010000 22 1375
9.010000 23 1360
9.010000 24 1357
9.010000 25 1359
9.010000 26 1348
9.010000 27 1387
9.010000 28 1349
10.010000 0 1395
10.010000 1 1472
10.010000 2 1382
10.010000 3 1468
10.010000 4 1444
10.010000 5 1439
10.010000 6 1446
10.010000 7 1433
10.010000 8 1464
10.010000 9 1461
10.010000 10 1429
10.010000 11 1467
10.010000 12 1459
10.010000 13 1448
10.010000 14 1458
10.010000 15 1384
10.010000 16 1466
10.010000 17 1437
10.010000 18 1439
10.010000 19 1452
10.010000 20 1455
10.010000 21 1440
10.010000 22 1428
10.010000 23 1441
10.010000 24 1442
10.010000 25 1443
10.010000 26 1460
10.010000 27 1456
10.010000 28 1444
11.010000 0 1206
11.010000 1 1236
11.010000 2 1163
11.010000 3 1233
11.010000 4 1217
11.010000 5 1214
11.010000 6 1261
11.010000 7 1208
11.010000 8 1232
11.010000 9 1239
11.010000 10 1207
11.010000 11 1255
11.010000 12 1213
11.010000 13 1221
11.010000 14 1233
11.010000 15 1146
11.010000 16 1240
11.010000 17 1221
11.010000 18 1255
11.010000 19 1234
11.010000 20 1229
11.010000 21 1259
11.010000 22 1221
11.010000 23 1213
11.010000 24 1211
11.010000 25 1217
11.010000 26 1231
11.010000 27 1232
11.010000 28 1214
12.010000 0 1486
12.010000 1 1584
12.010000 2 1483
12.010000 3 1558
12.010000 4 1547
12.010000 5 1544
12.010000 6 1601
12.010000 7 1548
12.010000 8 1583
12.010000 9 1579
12.010000 10 1550
12.010000 11 1564
12.010000 12 1558
12.010000 13 1556
12.010000 14 1565
12.010000 15 1470
12.010000 16 1591
12.010000 17 1531
12.010000 18 1565
12.010000 19 1574
12.010000 20 1570
12.010000 21 1549
12.010000 22 1561
12.010000 23 1565
12.010000 24 1557
12.010000 25 1564
12.010000 26 1575
12.010000 27 1578
12.010000 28 1547
13.010000 0 1315
13.010000 1 1415
13.010000 2 1312
13.010000 3 1388
13.010000 4 1413
13.010000 5 1384
13.010000 6 1387
13.010000 7 1374
13.010000 8 1410
13.010000 9 1407
13.010000 10 1373
13.010000 11 1403
13.010000 12 1382
13.010000 13 1384
13.010000 14 1387
13.010000 15 1331
13.010000 16 1407
13.010000 17 1360
13.010000 18 1388
13.010000 19 1387
13.010000 20 1401
13.010000 21 1425
13.010000 22 1390
13.010000 23 1385
13.010000 24 1388
13.010000 25 1392
13.010000 26 1401
13.010000 27 1405
13.010000 28 1404
14.010000 0 1210
14.010000 1 1311
14.010000 2 1213
14.010000 3 1307
14.010000 4 1294
14.010000 5 1296
14.010000 6 1308
14.010000 7 1278
14.010000 8 1302
14.010000 9 1323
14.010000 10 1268
14.010000 11 1304
14.010000 12 1287
14.010000 13 1282
14.010000 14 1284
14.010000 15 1253
14.010000 16 1299
14.010000 17 1280
14.010000 18 1280
14.010000 19 1290
14.010000 20 1303
14.010000 21 1291
14.010000 22 1283
14.010000 23 1287
14.010000 24 1299
14.010000 25 1291
14.010000 26 1299
14.010000 27 1304
14.010000 28 1297
15.010000 0 1447
15.010000 1 1547
15.010000 2 1447
15.010000 3 1509
15.010000 4 1528
15.010000 5 1520
15.010000 6 1547
15.010000 7 1507
15.010000 8 1539
15.010000 9 1543
15.010000 10 1521
15.010000 11 1546
15.010000 12 1520
15.010000 13 1523
15.010000 14 1520
15.010000 15 1447
15.010000 16 1547
15.010000 17 1475
15.010000 18 1520
15.010000 19 1519
15.010000 20 1540
15.010000 21 1537
15.010000 22 1527
15.010000 23 1519
15.010000 24 1526
15.010000 25 1525
15.010000 26 1538
15.010000 27 1534
15.010000 28 1529
16.010000 0 1517
16.010000 1 1619
16.010000 2 1506
16.010000 3 1625
16.010000 4 1622
16.010000 5 1604
16.010000 6 1616
16.010000 7 1558
16.010000 8 1617
16.010000 9 1611
16.010000 10 1539
16.010000 11 1615
16.010000 12 1601
16.010000 13 1591
16.010000 14 1589
16.010000 15 1565
16.010000 16 1611
16.010000 17 1585
16.010000 18 1575
16.010000 19 1592
16.010000 20 1605
16.010000 21 1546
16.010000 22 1600
16.010000 23 1593
16.010000 24 1534
16.010000 25 1574
16.010000 26 1609
16.010000 27 1614
16.010000 28 1604
17.010000 0 1597
17.010000 1 1618
17.010000 2 1551
17.010000 3 1652
17.010000 4 1617
17.010000 5 1606
17.010000 6 1642
17.010000 7 1542
17.010000 8 1630
17.010000 9 1641
17.010000 10 1559
17.010000 11 1646
17.010000 12 1614
17.010000 13 1610
17.010000 14 1623
17.010000 15 1531
17.010000 16 1645
17.010000 17 1630
17.010000 18 1645
17.010000 19 1602
17.010000 20 1632
17.010000 21 1622
17.010000 22 1620
17.010000 23 1621
17.010000 24 1544
17.010000 25 1590
17.010000 26 1626
17.010000 27 1633
17.010000 28 1634
18.010000 0 1534
18.010000 1 1622
18.010000 2 1615
18.010000 3 1602
18.010000 4 1642
18.010000 5 1674
18.010000 6 1660
18.010000 7 1580
18.010000 8 1655
18.010000 9 1654
18.010000 10 1579
18.010000 11 1653
18.010000 12 1664
18.010000 13 1627
18.010000 14 1640
18.010000 15 1633
18.010000 16 1653
18.010000 17 1587
18.010000 18 1643
18.010000 19 1654
18.010000 20 1642
18.010000 21 1610
18.010000 22 1631
18.010000 23 1629
18.010000 24 1564
18.010000 25 1611
18.010000 26 1651
18.010000 27 1645
18.010000 28 1662
19.010000 0 1631
19.010000 1 1677
19.010000 2 1521
19.010000 3 1696
19.010000 4 1684
19.010000 5 1624
19.010000 6 1697
19.010000 7 1648
19.010000 8 1697
19.010000 9 1669
19.010000 10 1626
19.010000 11 1702
19.010000 12 1640
19.010000 13 1671
19.010000 14 1704
19.010000 15 1551
19.010000 16 1694
19.010000 17 1693
19.010000 18 1698
19.010000 19 1644
19.010000 20 1692
19.010000 21 1653
19.010000 22 1709
19.010000 23 1666
19.010000 24 1605
19.010000 25 1638
19.010000 26 1707
19.010000 27 1687
19.010000 28 1656
20.010000 0 1549
20.010000 1 1615
20.010000 2 1576
20.010000 3 1622
20.010000 4 1613
20.010000 5 1623
20.010000 6 1648
20.010000 7 1522
20.010000 8 1635
20.010000 9 1666
20.010000 10 1574
20.010000 11 1638
20.010000 12 1609
20.010000 13 1628
20.010000 14 1603
20.010000 15 1536
20.010000 16 1666
20.010000 17 1568
20.010000 18 1609
20.010000 19 1623
20.010000 20 1632
20.010000 21 1612
20.010000 22 1617
20.010000 23 1629
20.010000 24 1539
20.010000 25 1596
20.010000 26 1632
20.010000 27 1641
20.010000 28 1635
21.010000 0 1510
21.010000 1 1598
21.010000 2 1507
21.010000 3 1613
21.010000 4 1608
21.010000 5 1603
21.010000 6 1634
21.010000 7 1573
21.010000 8 1626
21.010000 9 1631
21.010000 10 1569
21.010000 11 1651
21.010000 12 1577
21.010000 13 1616
21.010000 14 1572
21.010000 15 1517
21.010000 16 1632
21.010000 17 1530
21.010000 18 1553
21.010000 19 1584
21.010000 20 1629
21.010000 21 1590
21.010000 22 1608
21.010000 23 1632
21.010000 24 1551
21.010000 25 1578
21.010000 26 1633
21.010000 27 1624
21.010000 28 1616
22.010000 0 1532
22.010000 1 1591
22.010000 2 1487
22.010000 3 1594
22.010000 4 1603
22.010000 5 1574
22.010000 6 1595
22.010000 7 1504
22.010000 8 1591
22.010000 9 1593
22.010000 10 1536
22.010000 11 1596
22.010000 12 1577
22.010000 13 1588
22.010000 14 1578
22.010000 15 1504
22.010000 16 1602
22.010000 17 1552
22.010000 18 1578
22.010000 19 1557
22.010000 20 1592
22.010000 21 1547
22.010000 22 1579
22.010000 23 1578
22.010000 24 1512
22.010000 25 1542
22.010000 26 1584
22.010000 27 1568
22.010000 28 1569
23.010000 0 1532
23.010000 1 1628
23.010000 2 1547
23.010000 3 1615
23.010000 4 1629
23.010000 5 1610
23.010000 6 1644
23.010000 7 1590
23.010000 8 1642
23.010000 9 1621
23.010000 10 1571
23.010000 11 1643
23.010000 12 1629
23.010000 13 1646
23.010000 14 1615
23.010000 15 1556
23.010000 16 1640
23.010000 17 1583
23.010000 18 1612
23.010000 19 1627
23.010000 20 1631
23.010000 21 1606
23.010000 22 1613
23.010000 23 1617
23.010000 24 1553
23.010000 25 1591
23.010000 26 1655
23.010000 27 1634
23.010000 28 1617
24.010000 0 1394
24.010000 1 1473
24.010000 2 1416
24.010000 3 1469
24.010000 4 1468
24.010000 5 1504
24.010000 6 1491
24.010000 7 1435
24.010000 8 1498
24.010000 9 1492
24.010000 10 1418
24.010000 11 1501
24.010000 12 1481
24.010000 13 1496
24.010000 14 1453
24.010000 15 1450
24.010000 16 1497
24.010000 17 1397
24.010000 18 1426
24.010000 19 1465
24.010000 20 1487
24.010000 21 1438
24.010000 22 1507
24.010000 23 1472
24.010000 24 1423
24.010000 25 1417
24.010000 26 1504
24.010000 27 1478
24.010000 28 1490
25.010000 0 1500
25.010000 1 1603
25.010000 2 1525
25.010000 3 1628
25.010000 4 1627
25.010000 5 1578
25.010000 6 1627
25.010000 7 1539
25.010000 8 1618
25.010000 9 1624
25.010000 10 1560
25.010000 11 1624
25.010000 12 1617
25.010000 13 1625
25.010000 14 1557
25.010000 15 1525
25.010000 16 1627
25.010000 17 1575
25.010000 18 1587
25.010000 19 1597
25.010000 20 1618
25.010000 21 1593
25.010000 22 1626
25.010000 23 1614
25.010000 24 1542
25.010000 25 1594
25.010000 26 1637
25.010000 27 1628
25.010000 28 1610
26.010000 0 1541
26.010000 1 1606
26.010000 2 1517
26.010000 3 1619
26.010000 4 1624
26.010000 5 1583
26.010000 6 1617
26.010000 7 1535
26.010000 8 1609
26.010000 9 1622
26.010000 10 1547
26.010000 11 1604
26.010000 12 1589
26.010000 13 1623
26.010000 14 1609
26.010000 15 1510
26.010000 16 1617
26.010000 17 1606
26.010000 18 1610
26.010000 19 1593
26.010000 20 1606
26.010000 21 1580
26.010000 22 1560
26.010000 23 1576
26.010000 24 1530
26.010000 25 1590
26.010000 26 1609
26.010000 27 1633
26.010000 28 1592
27.010000 0 1578
27.010000 1 1679
27.010000 2 1617
27.010000 3 1664
27.010000 4 1670
27.010000 5 1674
27.010000 6 1697
27.010000 7 1626
27.010000 8 1694
27.010000 9 1687
27.010000 10 1628
27.010000 11 1688
27.010000 12 1689
27.010000 13 1675
27.010000 14 1650
27.010000 15 1623
27.010000 16 1702
27.010000 17 1612
27.010000 18 1650
27.010000 19 1682
27.010000 20 1676
27.010000 21 1654
27.010000 22 1669
27.010000 23 1683
27.010000 24 1614
27.010000 25 1621
27.010000 26 1690
27.010000 27 1656
27.010000 28 1677
28.010000 0 1429
28.010000 1 1529
28.010000 2 1446
28.010000 3 1512
28.010000 4 1555
28.010000 5 1550
28.010000 6 1543
28.010000 7 1468
28.010000 8 1569
28.010000 9 1543
28.010000 10 1466
28.010000 11 1545
28.010000 12 1515
28.010000 13 1516
28.010000 14 1510
28.010000 15 1490
28.010000 16 1537
28.010000 17 1469
28.010000 18 1498
28.010000 19 1507
28.010000 20 1557
28.010000 21 1490
28.010000 22 1527
28.010000 23 1507
28.010000 24 1459
28.010000 25 1501
28.010000 26 1555
28.010000 27 1543
28.010000 28 1542
29.010000 0 1501
29.010000 1 1560
29.010000 2 1474
29.010000 3 1565
29.010000 4 1560
29.010000 5 1552
29.010000 6 1573
29.010000 7 1516
29.010000 8 1574
29.010000 9 1580
29.010000 10 1496
29.010000 11 1577
29.010000 12 1564
29.010000 13 1555
29.010000 14 1557
29.010000 15 1495
29.010000 16 1559
29.010000 17 1520
29.010000 18 1533
29.010000 19 1551
29.010000 20 1565
29.010000 21 1523
29.010000 22 1555
29.010000 23 1576
29.010000 24 1519
29.010000 25 1511
29.010000 26 1562
29.010000 27 1559
29.010000 28 1542
30.010000 0 1455
30.010000 1 1567
30.010000 2 1516
30.010000 3 1586
30.010000 4 1568
30.010000 5 1587
30.010000 6 1591
30.010000 7 1541
30.010000 8 1561
30.010000 9 1598
30.010000 10 1509
30.010000 11 1578
30.010000 12 1574
30.010000 13 1572
30.010000 14 1536
30.010000 15 1510
30.010000 16 1600
30.010000 17 1532
30.010000 18 1537
30.010000 19 1553
30.010000 20 1576
30.010000 21 1542
30.010000 22 1576
30.010000 23 1546
30.010000 24 1485
30.010000 25 1525
30.010000 26 1590
30.010000 27 1585
30.010000 28 1576
31.010000 0 1461
31.010000 1 1537
31.010000 2 1438
31.010000 3 1579
31.010000 4 1545
31.010000 5 1532
31.010000 6 1577
31.010000 7 1498
31.010000 8 1561
31.010000 9 1578
31.010000 10 1484
31.010000 11 1551
31.010000 12 1532
31.010000 13 1531
31.010000 14 1524
31.010000 15 1463
31.010000 16 1525
31.010000 17 1551
31.010000 18 1529
31.010000 19 1508
31.010000 20 1524
31.010000 21 1500
31.010000 22 1528
31.010000 23 1566
31.010000 24 1502
31.010000 25 1504
31.010000 26 1524
31.010000 27 1559
31.010000 28 1531
32.010000 0 1494
32.010000 1 1597
32.010000 2 1546
32.010000 3 1630
32.010000 4 1614
32.010000 5 1605
32.010000 6 1632
32.010000 7 1548
32.010000 8 1612
32.010000 9 1630
32.010000 10 1560
32.010000 11 1623
32.010000 12 1617
32.010000 13 1610
32.010000 14 1577
32.010000 15 1556
32.010000 16 1631
32.010000 17 1576
32.010000 18 1578
32.010000 19 1613
32.010000 20 1612
32.010000 21 1578
32.010000 22 1606
32.010000 23 1612
32.010000 24 1548
32.010000 25 1604
32.010000 26 1648
32.010000 27 1624
32.010000 28 1619
33.010000 0 1559
33.010000 1 1669
33.010000 2 1596
33.010000 3 1559
33.010000 4 1679
33.010000 5 1679
33.010000 6 1669
33.010000 7 1607
33.010000 8 1681
33.010000 9 1665
33.010000 10 1593
33.010000 11 1652
33.010000 12 1668
33.010000 13 1650
33.010000 14 1645
33.010000 15 1646
33.010000 16 1687
33.010000 17 1520
33.010000 18 1637
33.010000 19 1670
33.010000 20 1692
33.010000 21 1655
33.010000 22 1674
33.010000 23 1649
33.010000 24 1593
33.010000 25 1603
33.010000 26 1670
33.010000 27 1661
33.010000 28 1671
34.010000 0 1608
34.010000 1 1703
34.010000 2 1625
34.010000 3 1703
34.010000 4 1711
34.010000 5 1720
34.010000 6 1743
34.010000 7 1669
34.010000 8 1728
34.010000 9 1725
34.010000 10 1659
34.010000 11 1720
34.010000 12 1685
34.010000 13 1704
34.010000 14 1695
34.010000 15 1624
34.010000 16 1722
34.010000 17 1673
34.010000 18 1695
34.010000 19 1675
34.010000 20 1690
34.010000 21 1681
34.010000 22 1689
34.010000 23 1729
34.010000 24 1648
34.010000 25 1658
34.010000 26 1715
34.010000 27 1722
34.010000 28 1719
35.010000 0 1428
35.010000 1 1523
35.010000 2 1483
35.010000 3 1525
35.010000 4 1528
35.010000 5 1532
35.010000 6 1545
35.010000 7 1481
35.010000 8 1562
35.010000 9 1549
35.010000 10 1457
35.010000 11 1573
35.010000 12 1530
35.010000 13 1529
35.010000 14 1498
35.010000 15 1473
35.010000 16 1565
35.010000 17 1493
35.010000 18 1521
35.010000 19 1539
35.010000 20 1541
35.010000 21 1510
35.010000 22 1521
35.010000 23 1533
35.010000 24 1472
35.010000 25 1484
35.010000 26 1548
35.010000 27 1556
35.010000 28 1541
36.010000 0 1511
36.010000 1 1597
36.010000 2 1527
36.010000 3 1600
36.010000 4 1599
36.010000 5 1539
36.010000 6 1622
36.010000 7 1530
36.010000 8 1596
36.010000 9 1619
36.010000 10 1566
36.010000 11 1586
36.010000 12 1609
36.010000 13 1625
36.010000 14 1581
36.010000 15 1466
36.010000 16 1612
36.010000 17 1566
36.010000 18 1585
36.010000 19 1606
36.010000 20 1606
36.010000 21 1572
36.010000 22 1583
36.010000 23 1597
36.010000 24 1524
36.010000 25 1587
36.010000 26 1608
36.010000 27 1637
36.010000 28 1561
37.010000 0 1422
37.010000 1 1544
37.010000 2 1464
37.010000 3 1546
37.010000 4 1563
37.010000 5 1526
37.010000 6 1564
37.010000 7 1478
37.010000 8 1548
37.010000 9 1548
37.010000 10 1466
37.010000 11 1544
37.010000 12 1544
37.010000 13 1555
37.010000 14 1504
37.010000 15 1485
37.010000 16 1546
37.010000 17 1497
37.010000 18 1498
37.010000 19 1538
37.010000 20 1534
37.010000 21 1497
37.010000 22 1525
37.010000 23 1528
37.010000 24 1462
37.010000 25 1506
37.010000 26 1547
37.010000 27 1548
37.010000 28 1531
38.010000 0 1418
38.010000 1 1541
38.010000 2 1422
38.010000 3 1527
38.010000 4 1514
38.010000 5 1536
38.010000 6 1527
38.010000 7 1486
38.010000 8 1541
38.010000 9 1535
38.010000 10 1456
38.010000 11 1536
38.010000 12 1491
38.010000 13 1530
38.010000 14 1478
38.010000 15 1455
38.010000 16 1536
38.010000 17 1455
38.010000 18 1466
38.010000 19 1474
38.010000 20 1523
38.010000 21 1493
38.010000 22 1532
38.010000 23 1517
38.010000 24 1469
38.010000 25 1448
38.010000 26 1523
38.010000 27 1513
38.010000 28 1530
39.010000 0 1460
39.010000 1 1583
39.010000 2 1444
39.010000 3 1564
39.010000 4 1577
39.010000 5 1572
39.010000 6 1602
39.010000 7 1570
39.010000 8 1595
39.010000 9 1581
39.010000 10 1504
39.010000 11 1603
39.010000 12 1551
39.010000 13 1548
39.010000 14 1537
39.010000 15 1522
39.010000 16 1580
39.010000 17 1528
39.010000 18 1554
39.010000 19 1540
39.010000 20 1576
39.010000 21 1539
39.010000 22 1598
39.010000 23 1562
39.010000 24 1516
39.010000 25 1521
39.010000 26 1591
39.010000 27 1589
39.010000 28 1573
40.010000 0 1673
40.010000 1 1724
40.010000 2 1650
40.010000 3 1733
40.010000 4 1749
40.010000 5 1734
40.010000 6 1766
40.010000 7 1716
40.010000 8 1759
40.010000 9 1774
40.010000 10 1682
40.010000 11 1758
40.010000 12 1748
40.010000 13 1740
40.010000 14 1750
40.010000 15 1660
40.010000 16 1760
40.010000 17 1710
40.010000 18 1749
40.010000 19 1727
40.010000 20 1748
40.010000 21 1719
40.010000 22 1734
40.010000 23 1739
40.010000 24 1709
40.010000 25 1695
40.010000 26 1742
40.010000 27 1732
40.010000 28 1725
41.010000 0 1551
41.010000 1 1570
41.010000 2 1502
41.010000 3 1613
41.010000 4 1598
41.010000 5 1587
41.010000 6 1625
41.010000 7 1526
41.010000 8 1616
41.010000 9 1620
41.010000 10 1567
41.010000 11 1614
41.010000 12 1574
41.010000 13 1589
41.010000 14 1617
41.010000 15 1486
41.010000 16 1616
41.010000 17 1607
41.010000 18 1625
41.010000 19 1576
41.010000 20 1605
41.010000 21 1600
41.010000 22 1578
41.010000 23 1595
41.010000 24 1497
41.010000 25 1596
41.010000 26 1619
41.010000 27 1631
41.010000 28 1577
42.010000 0 1581
42.010000 1 1611
42.010000 2 1533
42.010000 3 1624
42.010000 4 1612
42.010000 5 1638
42.010000 6 1634
42.010000 7 1547
42.010000 8 1626
42.010000 9 1648
42.010000 10 1544
42.010000 11 1635
42.010000 12 1585
42.010000 13 1613
42.010000 14 1650
42.010000 15 1545
42.010000 16 1628
42.010000 17 1622
42.010000 18 1621
42.010000 19 1587
42.010000 20 1643
42.010000 21 1594
42.010000 22 1606
42.010000 23 1611
42.010000 24 1522
42.010000 25 1592
42.010000 26 1622
42.010000 27 1626
42.010000 28 1628
43.010000 0 1521
43.010000 1 1600
43.010000 2 1553
43.010000 3 1583
43.010000 4 1606
43.010000 5 1592
43.010000 6 1622
43.010000 7 1521
43.010000 8 1613
43.010000 9 1643
43.010000 10 1562
43.010000 11 1618
43.010000 12 1610
43.010000 13 1605
43.010000 14 1595
43.010000 15 1515
43.010000 16 1624
43.010000 17 1552
43.010000 18 1608
43.010000 19 1612
43.010000 20 1587
43.010000 21 1589
43.010000 22 1617
43.010000 23 1606
43.010000 24 1521
43.010000 25 1581
43.010000 26 1618
43.010000 27 1615
43.010000 28 1590
44.010000 0 1496
44.010000 1 1606
44.010000 2 1511
44.010000 3 1618
44.010000 4 1598
44.010000 5 1592
44.010000 6 1617
44.010000 7 1542
44.010000 8 1619
44.010000 9 1598
44.010000 10 1573
44.010000 11 1639
44.010000 12 1592
44.010000 13 1608
44.010000 14 1531
44.010000 15 1531
44.010000 16 1619
44.010000 17 1520
44.010000 18 1546
44.010000 19 1585
44.010000 20 1618
44.010000 21 1580
44.010000 22 1607
44.010000 23 1594
44.010000 24 1537
44.010000 25 1585
44.010000 26 1622
44.010000 27 1608
44.010000 28 1607
45.010000 0 1442
45.010000 1 1522
45.010000 2 1485
45.010000 3 1515
45.010000 4 1524
45.010000 5 1541
45.010000 6 1538
45.010000 7 1461
45.010000 8 1549
45.010000 9 1556
45.010000 10 1452
45.010000 11 1538
45.010000 12 1535
45.010000 13 1523
45.010000 14 1501
45.010000 15 1518
45.010000 16 1540
45.010000 17 1478
45.010000 18 1515
45.010000 19 1532
45.010000 20 1544
45.010000 21 1493
45.010000 22 1530
45.010000 23 1518
45.010000 24 1444
45.010000 25 1483
45.010000 26 1530
45.010000 27 1535
45.010000 28 1565
46.010000 0 1603
46.010000 1 1645
46.010000 2 1552
46.010000 3 1654
46.010000 4 1644
46.010000 5 1619
46.010000 6 1676
46.010000 7 1589
46.010000 8 1661
46.010000 9 1667
46.010000 10 1594
46.010000 11 1682
46.010000 12 1649
46.010000 13 1647
46.010000 14 1672
46.010000 15 1509
46.010000 16 1665
46.010000 17 1651
46.010000 18 1673
46.010000 19 1634
46.010000 20 1660
46.010000 21 1628
46.010000 22 1660
46.010000 23 1643
46.010000 24 1576
46.010000 25 1637
46.010000 26 1662
46.010000 27 1679
46.010000 28 1593
47.010000 0 1463
47.010000 1 1602
47.010000 2 1505
47.010000 3 1604
47.010000 4 1608
47.010000 5 1610
47.010000 6 1622
47.010000 7 1599
47.010000 8 1642
47.010000 9 1628
47.010000 10 1555
47.010000 11 1630
47.010000 12 1580
47.010000 13 1600
47.010000 14 1547
47.010000 15 1542
47.010000 16 1621
47.010000 17 1528
47.010000 18 1546
47.010000 19 1571
47.010000 20 1610
47.010000 21 1568
47.010000 22 1573
47.010000 23 1607
47.010000 24 1546
47.010000 25 1568
47.010000 26 1634
47.010000 27 1635
47.010000 28 1626
48.010000 0 1491
48.010000 1 1553
48.010000 2 1553
48.010000 3 1573
48.010000 4 1556
48.010000 5 1572
48.010000 6 1594
48.010000 7 1512
48.010000 8 1550
48.010000 9 1581
48.010000 10 1505
48.010000 11 1575
48.010000 12 1582
48.010000 13 1562
48.010000 14 1552
48.010000 15 1512
48.010000 16 1586
48.010000 17 1546
48.010000 18 1558
48.010000 19 1582
48.010000 20 1570
48.010000 21 1535
48.010000 22 1554
48.010000 23 1564
48.010000 24 1481
48.010000 25 1521
48.010000 26 1569
48.010000 27 1573
48.010000 28 1579
49.010000 0 1381
49.010000 1 1508
49.010000 2 1415
49.010000 3 1500
49.010000 4 1535
49.010000 5 1504
49.010000 6 1522
49.010000 7 1480
49.010000 8 1550
49.010000 9 1534
49.010000 10 1416
49.010000 11 1525
49.010000 12 1487
49.010000 13 1527
49.010000 14 1449
49.010000 15 1479
49.010000 16 1518
49.010000 17 1417
49.010000 18 1445
49.010000 19 1517
49.010000 20 1515
49.010000 21 1458
49.010000 22 1536
49.010000 23 1503
49.010000 24 1459
49.010000 25 1441
49.010000 26 1524
49.010000 27 1511
49.010000 28 1522
50.010000 0 1646
50.010000 1 1683
50.010000 2 1476
50.010000 3 1689
50.010000 4 1666
50.010000 5 1638
50.010000 6 1685
50.010000 7 1604
50.010000 8 1697
50.010000 9 1662
50.010000 10 1598
50.010000 11 1685
50.010000 12 1642
50.010000 13 1655
50.010000 14 1704
50.010000 15 1549
50.010000 16 1677
50.010000 17 1673
50.010000 18 1674
50.010000 19 1576
50.010000 20 1672
50.010000 21 1625
50.010000 22 1666
50.010000 23 1653
50.010000 24 1626
50.010000 25 1642
50.010000 26 1676
50.010000 27 1700
50.010000 28 1629
51.010000 0 1500
51.010000 1 1569
51.010000 2 1569
51.010000 3 1596
51.010000 4 1615
51.010000 5 1599
51.010000 6 1628
51.010000 7 1538
51.010000 8 1637
51.010000 9 1645
51.010000 10 1586
51.010000 11 1620
51.010000 12 1617
51.010000 13 1602
51.010000 14 1571
51.010000 15 1531
51.010000 16 1623
51.010000 17 1535
51.010000 18 1576
51.010000 19 1614
51.010000 20 1609
51.010000 21 1562
51.010000 22 1575
51.010000 23 1607
51.010000 24 1543
51.010000 25 1572
51.010000 26 1613
51.010000 27 1611
51.010000 28 1608
52.010000 0 1556
52.010000 1 1700
52.010000 2 1606
52.010000 3 1676
52.010000 4 1692
52.010000 5 1671
52.010000 6 1718
52.010000 7 1630
52.010000 8 1697
52.010000 9 1696
52.010000 10 1618
52.010000 11 1690
52.010000 12 1684
52.010000 13 1673
52.010000 14 1642
52.010000 15 1625
52.010000 16 1682
52.010000 17 1656
52.010000 18 1677
52.010000 19 1683
52.010000 20 1683
52.010000 21 1677
52.010000 22 1668
52.010000 23 1673
52.010000 24 1610
52.010000 25 1661
52.010000 26 1694
52.010000 27 1672
52.010000 28 1687
53.010000 0 1468
53.010000 1 1528
53.010000 2 1489
53.010000 3 1534
53.010000 4 1577
53.010000 5 1561
53.010000 6 1564
53.010000 7 1486
53.010000 8 1561
53.010000 9 1537
53.010000 10 1487
53.010000 11 1562
53.010000 12 1553
53.010000 13 1536
53.010000 14 1532
53.010000 15 1519
53.010000 16 1562
53.010000 17 1497
53.010000 18 1540
53.010000 19 1561
53.010000 20 1550
53.010000 21 1526
53.010000 22 1536
53.010000 23 1536
53.010000 24 1476
53.010000 25 1500
53.010000 26 1580
53.010000 27 1578
53.010000 28 1549
54.010000 0 1368
54.010000 1 1477
54.010000 2 1356
54.010000 3 1459
54.010000 4 1454
54.010000 5 1449
54.010000 6 1478
54.010000 7 1424
54.010000 8 1479
54.010000 9 1460
54.010000 10 1395
54.010000 11 1487
54.010000 12 1450
54.010000 13 1483
54.010000 14 1417
54.010000 15 1411
54.010000 16 1464
54.010000 17 1402
54.010000 18 1426
54.010000 19 1423
54.010000 20 1460
54.010000 21 1388
54.010000 22 1450
54.010000 23 1442
54.010000 24 1400
54.010000 25 1392
54.010000 26 1466
54.010000 27 1469
54.010000 28 1467
55.010000 0 1426
55.010000 1 1494
55.010000 2 1429
55.010000 3 1520
55.010000 4 1507
55.010000 5 1488
55.010000 6 1526
55.010000 7 1446
55.010000 8 1531
55.010000 9 1534
55.010000 10 1447
55.010000 11 1517
55.010000 12 1510
55.010000 13 1501
55.010000 14 1490
55.010000 15 1442
55.010000 16 1539
55.010000 17 1479
55.010000 18 1488
55.010000 19 1500
55.010000 20 1510
55.010000 21 1458
55.010000 22 1500
55.010000 23 1497
55.010000 24 1435
55.010000 25 1475
55.010000 26 1517
55.010000 27 1523
55.010000 28 1501
56.010000 0 1472
56.010000 1 1596
56.010000 2 1503
56.010000 3 1587
56.010000 4 1594
56.010000 5 1586
56.010000 6 1623
56.010000 7 1580
56.010000 8 1608
56.010000 9 1613
56.010000 10 1550
56.010000 11 1609
56.010000 12 1576
56.010000 13 1594
56.010000 14 1560
56.010000 15 1491
56.010000 16 1610
56.010000 17 1535
56.010000 18 1547
56.010000 19 1563
56.010000 20 1601
56.010000 21 1555
56.010000 22 1591
56.010000 23 1598
56.010000 24 1556
56.010000 25 1547
56.010000 26 1604
56.010000 27 1614
56.010000 28 1583
57.010000 0 1471
57.010000 1 1560
57.010000 2 1484
57.010000 3 1564
57.010000 4 1596
57.010000 5 1578
57.010000 6 1585
57.010000 7 1498
57.010000 8 1580
57.010000 9 1580
57.010000 10 1505
57.010000 11 1566
57.010000 12 1551
57.010000 13 1551
57.010000 14 1548
57.010000 15 1531
57.010000 16 1576
57.010000 17 1531
57.010000 18 1549
57.010000 19 1558
57.010000 20 1570
57.010000 21 1540
57.010000 22 1551
57.010000 23 1581
57.010000 24 1481
57.010000 25 1536
57.010000 26 1577
57.010000 27 1596
57.010000 28 1582
58.010000 0 1428
58.010000 1 1534
58.010000 2 1479
58.010000 3 1538
58.010000 4 1535
58.010000 5 1522
58.010000 6 1549
58.010000 7 1496
58.010000 8 1552
58.010000 9 1549
58.010000 10 1518
58.010000 11 1543
58.010000 12 1548
58.010000 13 1532
58.010000 14 1498
58.010000 15 1484
58.010000 16 1550
58.010000 17 1483
58.010000 18 1502
58.010000 19 1549
58.010000 20 1541
58.010000 21 1495
58.010000 22 1523
58.010000 23 1523
58.010000 24 1477
58.010000 25 1485
58.010000 26 1549
58.010000 27 1546
58.010000 28 1534
59.010000 0 1588
59.010000 1 1640
59.010000 2 1571
59.010000 3 1651
59.010000 4 1641
59.010000 5 1633
59.010000 6 1659
59.010000 7 1574
59.010000 8 1655
59.010000 9 1655
59.010000 10 1579
59.010000 11 1629
59.010000 12 1644
59.010000 13 1632
59.010000 14 1646
59.010000 15 1592
59.010000 16 1657
59.010000 17 1637
59.010000 18 1642
59.010000 19 1640
59.010000 20 1642
59.010000 21 1611
59.010000 22 1628
59.010000 23 1627
59.010000 24 1579
59.010000 25 1607
59.010000 26 1650
59.010000 27 1649
59.010000 28 1652
60.010000 0 1525
60.010000 1 1695
60.010000 2 1577
60.010000 3 1648
60.010000 4 1652
60.010000 5 1688
60.010000 6 1688
60.010000 7 1630
60.010000 8 1692
60.010000 9 1693
60.010000 10 1585
60.010000 11 1690
60.010000 12 1636
60.010000 13 1669
60.010000 14 1642
60.010000 15 1599
60.010000 16 1695
60.010000 17 1579
60.010000 18 1625
60.010000 19 1633
60.010000 20 1684
60.010000 21 1687
60.010000 22 1690
60.010000 23 1679
60.010000 24 1646
60.010000 25 1655
60.010000 26 1713
60.010000 27 1689
60.010000 28 1707
61.010000 0 1398
61.010000 1 1488
61.010000 2 1401
61.010000 3 1487
61.010000 4 1519
61.010000 5 1461
61.010000 6 1510
61.010000 7 1428
61.010000 8 1501
61.010000 9 1498
61.010000 10 1424
61.010000 11 1496
61.010000 12 1499
61.010000 13 1500
61.010000 14 1449
61.010000 15 1425
61.010000 16 1494
61.010000 17 1432
61.010000 18 1468
61.010000 19 1499
61.010000 20 1497
61.010000 21 1446
61.010000 22 1491
61.010000 23 1511
61.010000 24 1451
61.010000 25 1476
61.010000 26 1504
61.010000 27 1503
61.010000 28 1465
62.010000 0 1596
62.010000 1 1618
62.010000 2 1534
62.010000 3 1640
62.010000 4 1622
62.010000 5 1619
62.010000 6 1646
62.010000 7 1570
62.010000 8 1641
62.010000 9 1645
62.010000 10 1607
62.010000 11 1650
62.010000 12 1597
62.010000 13 1629
62.010000 14 1637
62.010000 15 1513
62.010000 16 1676
62.010000 17 1605
62.010000 18 1634
62.010000 19 1601
62.010000 20 1643
62.010000 21 1615
62.010000 22 1632
62.010000 23 1619
62.010000 24 1557
62.010000 25 1591
62.010000 26 1635
62.010000 27 1612
62.010000 28 1620
63.010000 0 1636
63.010000 1 1713
63.010000 2 1614
63.010000 3 1697
63.010000 4 1686
63.010000 5 1710
63.010000 6 1725
63.010000 7 1660
63.010000 8 1724
63.010000 9 1721
63.010000 10 1655
63.010000 11 1726
63.010000 12 1698
63.010000 13 1697
63.010000 14 1715
63.010000 15 1638
63.010000 16 1698
63.010000 17 1685
63.010000 18 1723
63.010000 19 1690
63.010000 20 1712
63.010000 21 1701
63.010000 22 1703
63.010000 23 1701
63.010000 24 1649
63.010000 25 1682
63.010000 26 1718
63.010000 27 1738
63.010000 28 1706
64.010000 0 1488
64.010000 1 1582
64.010000 2 1583
64.010000 3 1599
64.010000 4 1611
64.010000 5 1598
64.010000 6 1614
64.010000 7 1528
64.010000 8 1599
64.010000 9 1623
64.010000 10 1520
64.010000 11 1604
64.010000 12 1617
64.010000 13 1596
64.010000 14 1563
64.010000 15 1521
64.010000 16 1609
64.010000 17 1540
64.010000 18 1554
64.010000 19 1599
64.010000 20 1593
64.010000 21 1574
64.010000 22 1584
64.010000 23 1592
64.010000 24 1516
64.010000 25 1559
64.010000 26 1578
64.010000 27 1605
64.010000 28 1600
65.010000 0 1594
65.010000 1 1635
65.010000 2 1576
65.010000 3 1643
65.010000 4 1616
65.010000 5 1656
65.010000 6 1672
65.010000 7 1589
65.010000 8 1657
65.010000 9 1653
65.010000 10 1579
65.010000 11 1666
65.010000 12 1612
65.010000 13 1636
65.010000 14 1653
65.010000 15 1598
65.010000 16 1685
65.010000 17 1630
65.010000 18 1657
65.010000 19 1665
65.010000 20 1655
65.010000 21 1621
65.010000 22 1640
65.010000 23 1666
65.010000 24 1567
65.010000 25 1576
65.010000 26 1650
65.010000 27 1642
65.010000 28 1657
66.010000 0 1591
66.010000 1 1659
66.010000 2 1576
66.010000 3 1658
66.010000 4 1663
66.010000 5 1659
66.010000 6 1677
66.010000 7 1589
66.010000 8 1671
66.010000 9 1674
66.010000 10 1600
66.010000 11 1674
66.010000 12 1656
66.010000 13 1658
66.010000 14 1668
66.010000 15 1585
66.010000 16 1678
66.010000 17 1625
66.010000 18 1649
66.010000 19 1653
66.010000 20 1671
66.010000 21 1646
66.010000 22 1657
66.010000 23 1655
66.010000 24 1599
66.010000 25 1664
66.010000 26 1675
66.010000 27 1672
66.010000 28 1649
67.010000 0 1517
67.010000 1 1596
67.010000 2 1492
67.010000 3 1589
67.010000 4 1582
67.010000 5 1584
67.010000 6 1616
67.010000 7 1580
67.010000 8 1617
67.010000 9 1614
67.010000 10 1557
67.010000 11 1644
67.010000 12 1567
67.010000 13 1592
67.010000 14 1580
67.010000 15 1498
67.010000 16 1613
67.010000 17 1525
67.010000 18 1560
67.010000 19 1572
67.010000 20 1603
67.010000 21 1564
67.010000 22 1594
67.010000 23 1595
67.010000 24 1543
67.010000 25 1515
67.010000 26 1626
67.010000 27 1622
67.010000 28 1589
68.010000 0 1593
68.010000 1 1683
68.010000 2 1617
68.010000 3 1679
68.010000 4 1695
68.010000 5 1693
68.010000 6 1719
68.010000 7 1653
68.010000 8 1713
68.010000 9 1709
68.010000 10 1651
68.010000 11 1684
68.010000 12 1694
68.010000 13 1688
68.010000 14 1693
68.010000 15 1618
68.010000 16 1687
68.010000 17 1657
68.010000 18 1666
68.010000 19 1663
68.010000 20 1694
68.010000 21 1670
68.010000 22 1687
68.010000 23 1689
68.010000 24 1634
68.010000 25 1660
68.010000 26 1699
68.010000 27 1708
68.010000 28 1701
69.010000 0 1414
69.010000 1 1476
69.010000 2 1439
69.010000 3 1478
69.010000 4 1483
69.010000 5 1477
69.010000 6 1493
69.010000 7 1392
69.010000 8 1509
69.010000 9 1488
69.010000 10 1402
69.010000 11 1495
69.010000 12 1492
69.010000 13 1494
69.010000 14 1472
69.010000 15 1437
69.010000 16 1493
69.010000 17 1450
69.010000 18 1488
69.010000 19 1504
69.010000 20 1489
69.010000 21 1448
69.010000 22 1498
69.010000 23 1466
69.010000 24 1399
69.010000 25 1438
69.010000 26 1488
69.010000 27 1489
69.010000 28 1477
70.010000 0 1559
70.010000 1 1673
70.010000 2 1547
70.010000 3 1670
70.010000 4 1667
70.010000 5 1663
70.010000 6 1705
70.010000 7 1610
70.010000 8 1670
70.010000 9 1700
70.010000 10 1584
70.010000 11 1675
70.010000 12 1635
70.010000 13 1682
70.010000 14 1666
70.010000 15 1555
70.010000 16 1675
70.010000 17 1658
70.010000 18 1651
70.010000 19 1623
70.010000 20 1660
70.010000 21 1642
70.010000 22 1645
70.010000 23 1664
70.010000 24 1586
70.010000 25 1643
70.010000 26 1669
70.010000 27 1678
70.010000 28 1637
71.010000 0 1566
71.010000 1 1649
71.010000 2 1607
71.010000 3 1643
71.010000 4 1638
71.010000 5 1644
71.010000 6 1646
71.010000 7 1589
71.010000 8 1666
71.010000 9 1667
71.010000 10 1591
71.010000 11 1666
71.010000 12 1659
71.010000 13 1650
71.010000 14 1611
71.010000 15 1589
71.010000 16 1670
71.010000 17 1584
71.010000 18 1637
71.010000 19 1662
71.010000 20 1660
71.010000 21 1634
71.010000 22 1654
71.010000 23 1644
71.010000 24 1588
71.010000 25 1613
71.010000 26 1662
71.010000 27 1657
71.010000 28 1663
72.010000 0 1472
72.010000 1 1529
72.010000 2 1431
72.010000 3 1527
72.010000 4 1536
72.010000 5 1535
72.010000 6 1545
72.010000 7 1471
72.010000 8 1547
72.010000 9 1546
72.010000 10 1522
72.010000 11 1550
72.010000 12 1521
72.010000 13 1531
72.010000 14 1521
72.010000 15 1464
72.010000 16 1570
72.010000 17 1488
72.010000 18 1519
72.010000 19 1502
72.010000 20 1541
72.010000 21 1490
72.010000 22 1529
72.010000 23 1531
72.010000 24 1478
72.010000 25 1479
72.010000 26 1544
72.010000 27 1560
72.010000 28 1525
73.010000 0 1589
73.010000 1 1675
73.010000 2 1585
73.010000 3 1650
73.010000 4 1676
73.010000 5 1667
73.010000 6 1681
73.010000 7 1587
73.010000 8 1670
73.010000 9 1675
73.010000 10 1618
73.010000 11 1670
73.010000 12 1647
73.010000 13 1651
73.010000 14 1672
73.010000 15 1590
73.010000 16 1671
73.010000 17 1638
73.010000 18 1671
73.010000 19 1643
73.010000 20 1663
73.010000 21 1637
73.010000 22 1654
73.010000 23 1654
73.010000 24 1566
73.010000 25 1635
73.010000 26 1685
73.010000 27 1673
73.010000 28 1670
74.010000 0 1469
74.010000 1 1552
74.010000 2 1450
74.010000 3 1564
74.010000 4 1555
74.010000 5 1558
74.010000 6 1564
74.010000 7 1510
74.010000 8 1569
74.010000 9 1559
74.010000 10 1488
74.010000 11 1574
74.010000 12 1541
74.010000 13 1546
74.010000 14 1529
74.010000 15 1495
74.010000 16 1584
74.010000 17 1518
74.010000 18 1526
74.010000 19 1531
74.010000 20 1564
74.010000 21 1515
74.010000 22 1563
74.010000 23 1546
74.010000 24 1508
74.010000 25 1508
74.010000 26 1566
74.010000 27 1563
74.010000 28 1543
75.010000 0 1461
75.010000 1 1561
75.010000 2 1485
75.010000 3 1542
75.010000 4 1568
75.010000 5 1563
75.010000 6 1587
75.010000 7 1548
75.010000 8 1587
75.010000 9 1587
75.010000 10 1526
75.010000 11 1586
75.010000 12 1559
75.010000 13 1569
75.010000 14 1538
75.010000 15 1499
75.010000 16 1585
75.010000 17 1487
75.010000 18 1536
75.010000 19 1562
75.010000 20 1584
75.010000 21 1561
75.010000 22 1570
75.010000 23 1581
75.010000 24 1533
75.010000 25 1536
75.010000 26 1579
75.010000 27 1581
75.010000 28 1568
76.010000 0 1443
76.010000 1 1527
76.010000 2 1437
76.010000 3 1553
76.010000 4 1551
76.010000 5 1519
76.010000 6 1568
76.010000 7 1509
76.010000 8 1541
76.010000 9 1543
76.010000 10 1442
76.010000 11 1541
76.010000 12 1516
76.010000 13 1516
76.010000 14 1510
76.010000 15 1460
76.010000 16 1537
76.010000 17 1520
76.010000 18 1507
76.010000 19 1505
76.010000 20 1528
76.010000 21 1487
76.010000 22 1516
76.010000 23 1518
76.010000 24 1459
76.010000 25 1481
76.010000 26 1556
76.010000 27 1541
76.010000 28 1531
77.010000 0 1502
77.010000 1 1577
77.010000 2 1504
77.010000 3 1603
77.010000 4 1588
77.010000 5 1583
77.010000 6 1605
77.010000 7 1539
77.010000 8 1599
77.010000 9 1578
77.010000 10 1514
77.010000 11 1598
77.010000 12 1576
77.010000 13 1590
77.010000 14 1571
77.010000 15 1509
77.010000 16 1601
77.010000 17 1573
77.010000 18 1575
77.010000 19 1568
77.010000 20 1589
77.010000 21 1565
77.010000 22 1611
77.010000 23 1612
77.010000 24 1523
77.010000 25 1549
77.010000 26 1597
77.010000 27 1594
77.010000 28 1584
78.010000 0 1550
78.010000 1 1597
78.010000 2 1545
78.010000 3 1605
78.010000 4 1601
78.010000 5 1581
78.010000 6 1645
78.010000 7 1527
78.010000 8 1617
78.010000 9 1645
78.010000 10 1555
78.010000 11 1622
78.010000 12 1615
78.010000 13 1605
78.010000 14 1604
78.010000 15 1506
78.010000 16 1610
78.010000 17 1585
78.010000 18 1616
78.010000 19 1607
78.010000 20 1615
78.010000 21 1588
78.010000 22 1597
78.010000 23 1606
78.010000 24 1527
78.010000 25 1581
78.010000 26 1612
78.010000 27 1621
78.010000 28 1588
79.010000 0 1494
79.010000 1 1612
79.010000 2 1561
79.010000 3 1616
79.010000 4 1621
79.010000 5 1610
79.010000 6 1634
79.010000 7 1579
79.010000 8 1635
79.010000 9 1640
79.010000 10 1588
79.010000 11 1637
79.010000 12 1628
79.010000 13 1622
79.010000 14 1543
79.010000 15 1556
79.010000 16 1628
79.010000 17 1522
79.010000 18 1564
79.010000 19 1632
79.010000 20 1632
79.010000 21 1612
79.010000 22 1623
79.010000 23 1647
79.010000 24 1565
79.010000 25 1562
79.010000 26 1635
79.010000 27 1618
79.010000 28 1617
80.010000 0 1386
80.010000 1 1452
80.010000 2 1370
80.010000 3 1468
80.010000 4 1438
80.010000 5 1441
80.010000 6 1455
80.010000 7 1380
80.010000 8 1453
80.010000 9 1433
80.010000 10 1384
80.010000 11 1453
80.010000 12 1434
80.010000 13 1436
80.010000 14 1436
80.010000 15 1377
80.010000 16 1460
80.010000 17 1439
80.010000 18 1428
80.010000 19 1403
80.010000 20 1444
80.010000 21 1383
80.010000 22 1461
80.010000 23 1458
80.010000 24 1354
80.010000 25 1393
80.010000 26 1442
80.010000 27 1451
80.010000 28 1459
81.010000 0 1439
81.010000 1 1564
81.010000 2 1534
81.010000 3 1541
81.010000 4 1589
81.010000 5 1588
81.010000 6 1596
81.010000 7 1531
81.010000 8 1587
81.010000 9 1613
81.010000 10 1543
81.010000 11 1601
81.010000 12 1590
81.010000 13 1568
81.010000 14 1519
81.010000 15 1539
81.010000 16 1607
81.010000 17 1481
81.010000 18 1551
81.010000 19 1573
81.010000 20 1572
81.010000 21 1535
81.010000 22 1572
81.010000 23 1574
81.010000 24 1484
81.010000 25 1526
81.010000 26 1584
81.010000 27 1579
81.010000 28 1594
82.010000 0 1590
82.010000 1 1642
82.010000 2 1512
82.010000 3 1647
82.010000 4 1678
82.010000 5 1592
82.010000 6 1660
82.010000 7 1583
82.010000 8 1669
82.010000 9 1649
82.010000 10 1568
82.010000 11 1661
82.010000 12 1624
82.010000 13 1635
82.010000 14 1660
82.010000 15 1504
82.010000 16 1676
82.010000 17 1644
82.010000 18 1663
82.010000 19 1640
82.010000 20 1657
82.010000 21 1623
82.010000 22 1675
82.010000 23 1634
82.010000 24 1561
82.010000 25 1614
82.010000 26 1659
82.010000 27 1656
82.010000 28 1578
83.010000 0 1445
83.010000 1 1544
83.010000 2 1480
83.010000 3 1550
83.010000 4 1540
83.010000 5 1545
83.010000 6 1569
83.010000 7 1508
83.010000 8 1590
83.010000 9 1568
83.010000 10 1537
83.010000 11 1568
83.010000 12 1552
83.010000 13 1544
83.010000 14 1511
83.010000 15 1501
83.010000 16 1550
83.010000 17 1484
83.010000 18 1502
83.010000 19 1554
83.010000 20 1570
83.010000 21 1503
83.010000 22 1553
83.010000 23 1576
83.010000 24 1492
83.010000 25 1491
83.010000 26 1563
83.010000 27 1557
83.010000 28 1556
84.010000 0 1466
84.010000 1 1521
84.010000 2 1443
84.010000 3 1526
84.010000 4 1527
84.010000 5 1543
84.010000 6 1528
84.010000 7 1467
84.010000 8 1547
84.010000 9 1531
84.010000 10 1428
84.010000 11 1542
84.010000 12 1519
84.010000 13 1524
84.010000 14 1506
84.010000 15 1510
84.010000 16 1528
84.010000 17 1476
84.010000 18 1504
84.010000 19 1495
84.010000 20 1521
84.010000 21 1459
84.010000 22 1509
84.010000 23 1534
84.010000 24 1460
84.010000 25 1456
84.010000 26 1518
84.010000 27 1521
84.010000 28 1550
85.010000 0 1497
85.010000 1 1616
85.010000 2 1539
85.010000 3 1592
85.010000 4 1608
85.010000 5 1605
85.010000 6 1614
85.010000 7 1568
85.010000 8 1640
85.010000 9 1591
85.010000 10 1558
85.010000 11 1625
85.010000 12 1612
85.010000 13 1595
85.010000 14 1568
85.010000 15 1553
85.010000 16 1625
85.010000 17 1524
85.010000 18 1561
85.010000 19 1608
85.010000 20 1634
85.010000 21 1561
85.010000 22 1604
85.010000 23 1599
85.010000 24 1593
85.010000 25 1539
85.010000 26 1627
85.010000 27 1615
85.010000 28 1607
86.010000 0 1556
86.010000 1 1623
86.010000 2 1573
86.010000 3 1629
86.010000 4 1640
86.010000 5 1608
86.010000 6 1690
86.010000 7 1568
86.010000 8 1618
86.010000 9 1692
86.010000 10 1630
86.010000 11 1653
86.010000 12 1638
86.010000 13 1640
86.010000 14 1639
86.010000 15 1525
86.010000 16 1665
86.010000 17 1613
86.010000 18 1651
86.010000 19 1642
86.010000 20 1647
86.010000 21 1650
86.010000 22 1639
86.010000 23 1654
86.010000 24 1526
86.010000 25 1642
86.010000 26 1651
86.010000 27 1661
86.010000 28 1628
87.010000 0 1604
87.010000 1 1641
87.010000 2 1570
87.010000 3 1658
87.010000 4 1644
87.010000 5 1649
87.010000 6 1651
87.010000 7 1566
87.010000 8 1668
87.010000 9 1636
87.010000 10 1575
87.010000 11 1665
87.010000 12 1643
87.010000 13 1640
87.010000 14 1645
87.010000 15 1605
87.010000 16 1663
87.010000 17 1621
87.010000 18 1633
87.010000 19 1642
87.010000 20 1654
87.010000 21 1616
87.010000 22 1644
87.010000 23 1641
87.010000 24 1568
87.010000 25 1612
87.010000 26 1667
87.010000 27 1632
87.010000 28 1658
88.010000 0 1595
88.010000 1 1697
88.010000 2 1611
88.010000 3 1672
88.010000 4 1700
88.010000 5 1687
88.010000 6 1741
88.010000 7 1657
88.010000 8 1723
88.010000 9 1728
88.010000 10 1662
88.010000 11 1725
88.010000 12 1685
88.010000 13 1745
88.010000 14 1697
88.010000 15 1536
88.010000 16 1751
88.010000 17 1634
88.010000 18 1712
88.010000 19 1681
88.010000 20 1722
88.010000 21 1712
88.010000 22 1716
88.010000 23 1733
88.010000 24 1644
88.010000 25 1729
88.010000 26 1721
88.010000 27 1715
88.010000 28 1657
89.010000 0 1453
89.010000 1 1540
89.010000 2 1445
89.010000 3 1561
89.010000 4 1538
89.010000 5 1525
89.010000 6 1553
89.010000 7 1477
89.010000 8 1572
89.010000 9 1551
89.010000 10 1472
89.010000 11 1564
89.010000 12 1534
89.010000 13 1534
89.010000 14 1498
89.010000 15 1483
89.010000 16 1542
89.010000 17 1507
89.010000 18 1511
89.010000 19 1527
89.010000 20 1541
89.010000 21 1499
89.010000 22 1529
89.010000 23 1528
89.010000 24 1489
89.010000 25 1491
89.010000 26 1557
89.010000 27 1548
89.010000 28 1536
90.010000 0 1478
90.010000 1 1619
90.010000 2 1594
90.010000 3 1596
90.010000 4 1654
90.010000 5 1623
90.010000 6 1645
90.010000 7 1562
90.010000 8 1629
90.010000 9 1653
90.010000 10 1609
90.010000 11 1630
90.010000 12 1646
90.010000 13 1611
90.010000 14 1604
90.010000 15 1570
90.010000 16 1641
90.010000 17 1560
90.010000 18 1588
90.010000 19 1651
90.010000 20 1625
90.010000 21 1607
90.010000 22 1607
90.010000 23 1625
90.010000 24 1560
90.010000 25 1601
90.010000 26 1637
90.010000 27 1638
90.010000 28 1624
91.010000 0 1446
91.010000 1 1545
91.010000 2 1407
91.010000 3 1543
91.010000 4 1520
91.010000 5 1517
91.010000 6 1545
91.010000 7 1479
91.010000 8 1528
91.010000 9 1550
91.010000 10 1460
91.010000 11 1541
91.010000 12 1510
91.010000 13 1512
91.010000 14 1511
91.010000 15 1451
91.010000 16 1541
91.010000 17 1496
91.010000 18 1493
91.010000 19 1489
91.010000 20 1556
91.010000 21 1480
91.010000 22 1524
91.010000 23 1523
91.010000 24 1482
91.010000 25 1482
91.010000 26 1531
91.010000 27 1554
91.010000 28 1512
92.010000 0 1361
92.010000 1 1441
92.010000 2 1343
92.010000 3 1433
92.010000 4 1443
92.010000 5 1439
92.010000 6 1455
92.010000 7 1377
92.010000 8 1473
92.010000 9 1439
92.010000 10 1374
92.010000 11 1455
92.010000 12 1419
92.010000 13 1429
92.010000 14 1426
92.010000 15 1369
92.010000 16 1471
92.010000 17 1386
92.010000 18 1403
92.010000 19 1409
92.010000 20 1449
92.010000 21 1401
92.010000 22 1437
92.010000 23 1425
92.010000 24 1383
92.010000 25 1369
92.010000 26 1480
92.010000 27 1450
92.010000 28 1431
93.010000 0 1631
93.010000 1 1657
93.010000 2 1534
93.010000 3 1665
93.010000 4 1641
93.010000 5 1644
93.010000 6 1662
93.010000 7 1589
93.010000 8 1676
93.010000 9 1661
93.010000 10 1552
93.010000 11 1679
93.010000 12 1634
93.010000 13 1646
93.010000 14 1657
93.010000 15 1571
93.010000 16 1673
93.010000 17 1645
93.010000 18 1677
93.010000 19 1615
93.010000 20 1660
93.010000 21 1619
93.010000 22 1639
93.010000 23 1641
93.010000 24 1563
93.010000 25 1635
93.010000 26 1615
93.010000 27 1642
93.010000 28 1634
94.010000 0 1583
94.010000 1 1682
94.010000 2 1608
94.010000 3 1698
94.010000 4 1709
94.010000 5 1678
94.010000 6 1719
94.010000 7 1659
94.010000 8 1675
94.010000 9 1718
94.010000 10 1638
94.010000 11 1718
94.010000 12 1689
94.010000 13 1741
94.010000 14 1689
94.010000 15 1594
94.010000 16 1719
94.010000 17 1657
94.010000 18 1649
94.010000 19 1680
94.010000 20 1705
94.010000 21 1679
94.010000 22 1700
94.010000 23 1699
94.010000 24 1644
94.010000 25 1681
94.010000 26 1707
94.010000 27 1709
94.010000 28 1687
95.010000 0 1438
95.010000 1 1539
95.010000 2 1438
95.010000 3 1542
95.010000 4 1532
95.010000 5 1522
95.010000 6 1542
95.010000 7 1460
95.010000 8 1551
95.010000 9 1542
95.010000 10 1496
95.010000 11 1543
95.010000 12 1529
95.010000 13 1528
95.010000 14 1484
95.010000 15 1483
95.010000 16 1548
95.010000 17 1480
95.010000 18 1490
95.010000 19 1512
95.010000 20 1531
95.010000 21 1486
95.010000 22 1547
95.010000 23 1520
95.010000 24 1461
95.010000 25 1494
95.010000 26 1566
95.010000 27 1542
95.010000 28 1538
96.010000 0 1475
96.010000 1 1602
96.010000 2 1567
96.010000 3 1593
96.010000 4 1627
96.010000 5 1647
96.010000 6 1655
96.010000 7 1602
96.010000 8 1638
96.010000 9 1667
96.010000 10 1584
96.010000 11 1638
96.010000 12 1621
96.010000 13 1579
96.010000 14 1607
96.010000 15 1572
96.010000 16 1634
96.010000 17 1567
96.010000 18 1616
96.010000 19 1615
96.010000 20 1632
96.010000 21 1632
96.010000 22 1623
96.010000 23 1630
96.010000 24 1554
96.010000 25 1601
96.010000 26 1662
96.010000 27 1642
96.010000 28 1640
97.010000 0 1503
97.010000 1 1624
97.010000 2 1493
97.010000 3 1620
97.010000 4 1617
97.010000 5 1588
97.010000 6 1635
97.010000 7 1602
97.010000 8 1640
97.010000 9 1627
97.010000 10 1521
97.010000 11 1621
97.010000 12 1620
97.010000 13 1598
97.010000 14 1592
97.010000 15 1548
97.010000 16 1625
97.010000 17 1572
97.010000 18 1575
97.010000 19 1612
97.010000 20 1607
97.010000 21 1575
97.010000 22 1608
97.010000 23 1603
97.010000 24 1570
97.010000 25 1602
97.010000 26 1626
97.010000 27 1639
97.010000 28 1575
98.010000 0 1519
98.010000 1 1562
98.010000 2 1493
98.010000 3 1570
98.010000 4 1572
98.010000 5 1565
98.010000 6 1591
98.010000 7 1507
98.010000 8 1608
98.010000 9 1582
98.010000 10 1537
98.010000 11 1585
98.010000 12 1567
98.010000 13 1569
98.010000 14 1593
98.010000 15 1493
98.010000 16 1588
98.010000 17 1545
98.010000 18 1571
98.010000 19 1552
98.010000 20 1582
98.010000 21 1550
98.010000 22 1574
98.010000 23 1563
98.010000 24 1490
98.010000 25 1541
98.010000 26 1565
98.010000 27 1554
98.010000 28 1568
99.010000 0 1454
99.010000 1 1548
99.010000 2 1492
99.010000 3 1551
99.010000 4 1567
99.010000 5 1542
99.010000 6 1561
99.010000 7 1506
99.010000 8 1554
99.010000 9 1566
99.010000 10 1453
99.010000 11 1559
99.010000 12 1557
99.010000 13 1556
99.010000 14 1503
99.010000 15 1480
99.010000 16 1568
99.010000 17 1491
99.010000 18 1521
99.010000 19 1546
99.010000 20 1556
99.010000 21 1516
99.010000 22 1543
99.010000 23 1547
99.010000 24 1488
99.010000 25 1497
99.010000 26 1551
99.010000 27 1578
99.010000 28 1543
100.010000 0 1552
100.010000 1 1668
100.010000 2 1606
100.010000 3 1666
100.010000 4 1672
100.010000 5 1668
100.010000 6 1693
100.010000 7 1625
100.010000 8 1710
100.010000 9 1687
100.010000 10 1656
100.010000 11 1696
100.010000 12 1674
100.010000 13 1690
100.010000 14 1642
100.010000 15 1598
100.010000 16 1690
100.010000 17 1621
100.010000 18 1637
100.010000 19 1668
100.010000 20 1684
100.010000 21 1647
100.010000 22 1670
100.010000 23 1672
100.010000 24 1613
100.010000 25 1643
100.010000 26 1697
100.010000 27 1665
100.010000 28 1678
101.010000 0 1563
101.010000 1 1638
101.010000 2 1575
101.010000 3 1645
101.010000 4 1645
101.010000 5 1625
101.010000 6 1653
101.010000 7 1577
101.010000 8 1656
101.010000 9 1652
101.010000 10 1577
101.010000 11 1644
101.010000 12 1638
101.010000 13 1602
101.010000 14 1633
101.010000 15 1567
101.010000 16 1649
101.010000 17 1603
101.010000 18 1621
101.010000 19 1653
101.010000 20 1662
101.010000 21 1611
101.010000 22 1629
101.010000 23 1634
101.010000 24 1567
101.010000 25 1596
101.010000 26 1645
101.010000 27 1649
101.010000 28 1628
102.010000 0 1486
102.010000 1 1547
102.010000 2 1431
102.010000 3 1539
102.010000 4 1531
102.010000 5 1529
102.010000 6 1547
102.010000 7 1485
102.010000 8 1578
102.010000 9 1528
102.010000 10 1479
102.010000 11 1581
102.010000 12 1508
102.010000 13 1564
102.010000 14 1542
102.010000 15 1454
102.010000 16 1557
102.010000 17 1499
102.010000 18 1537
102.010000 19 1504
102.010000 20 1579
102.010000 21 1507
102.010000 22 1542
102.010000 23 1536
102.010000 24 1463
102.010000 25 1499
102.010000 26 1551
102.010000 27 1544
102.010000 28 1548
103.010000 0 1487
103.010000 1 1603
103.010000 2 1518
103.010000 3 1596
103.010000 4 1626
103.010000 5 1616
103.010000 6 1626
103.010000 7 1556
103.010000 8 1622
103.010000 9 1639
103.010000 10 1554
103.010000 11 1619
103.010000 12 1597
103.010000 13 1592
103.010000 14 1567
103.010000 15 1570
103.010000 16 1598
103.010000 17 1542
103.010000 18 1568
103.010000 19 1578
103.010000 20 1599
103.010000 21 1583
103.010000 22 1595
103.010000 23 1598
103.010000 24 1542
103.010000 25 1573
103.010000 26 1641
103.010000 27 1616
103.010000 28 1633
104.010000 0 1538
104.010000 1 1613
104.010000 2 1543
104.010000 3 1611
104.010000 4 1611
104.010000 5 1581
104.010000 6 1636
104.010000 7 1543
104.010000 8 1626
104.010000 9 1634
104.010000 10 1553
104.010000 11 1627
104.010000 12 1648
104.010000 13 1622
104.010000 14 1600
104.010000 15 1539
104.010000 16 1629
104.010000 17 1574
104.010000 18 1608
104.010000 19 1619
104.010000 20 1622
104.010000 21 1602
104.010000 22 1609
104.010000 23 1609
104.010000 24 1547
104.010000 25 1576
104.010000 26 1600
104.010000 27 1638
104.010000 28 1588
105.010000 0 1463
105.010000 1 1588
105.010000 2 1526
105.010000 3 1588
105.010000 4 1611
105.010000 5 1596
105.010000 6 1611
105.010000 7 1556
105.010000 8 1611
105.010000 9 1593
105.010000 10 1549
105.010000 11 1613
105.010000 12 1602
105.010000 13 1587
105.010000 14 1555
105.010000 15 1556
105.010000 16 1624
105.010000 17 1531
105.010000 18 1548
105.010000 19 1596
105.010000 20 1595
105.010000 21 1556
105.010000 22 1585
105.010000 23 1609
105.010000 24 1533
105.010000 25 1540
105.010000 26 1602
105.010000 27 1586
105.010000 28 1598
106.010000 0 1486
106.010000 1 1550
106.010000 2 1481
106.010000 3 1541
106.010000 4 1547
106.010000 5 1546
106.010000 6 1571
106.010000 7 1482
106.010000 8 1569
106.010000 9 1585
106.010000 10 1502
106.010000 11 1561
106.010000 12 1532
106.010000 13 1557
106.010000 14 1560
106.010000 15 1476
106.010000 16 1587
106.010000 17 1512
106.010000 18 1546
106.010000 19 1526
106.010000 20 1541
106.010000 21 1521
106.010000 22 1545
106.010000 23 1556
106.010000 24 1461
106.010000 25 1530
106.010000 26 1583
106.010000 27 1566
106.010000 28 1581
107.010000 0 1580
107.010000 1 1650
107.010000 2 1566
107.010000 3 1659
107.010000 4 1622
107.010000 5 1644
107.010000 6 1671
107.010000 7 1590
107.010000 8 1665
107.010000 9 1675
107.010000 10 1602
107.010000 11 1697
107.010000 12 1617
107.010000 13 1662
107.010000 14 1643
107.010000 15 1528
107.010000 16 1673
107.010000 17 1625
107.010000 18 1641
107.010000 19 1632
107.010000 20 1685
107.010000 21 1641
107.010000 22 1650
107.010000 23 1657
107.010000 24 1584
107.010000 25 1628
107.010000 26 1661
107.010000 27 1663
107.010000 28 1641
108.010000 0 1435
108.010000 1 1495
108.010000 2 1466
108.010000 3 1510
108.010000 4 1535
108.010000 5 1498
108.010000 6 1544
108.010000 7 1454
108.010000 8 1541
108.010000 9 1528
108.010000 10 1501
108.010000 11 1506
108.010000 12 1531
108.010000 13 1505
108.010000 14 1490
108.010000 15 1444
108.010000 16 1546
108.010000 17 1456
108.010000 18 1494
108.010000 19 1527
108.010000 20 1522
108.010000 21 1481
108.010000 22 1510
108.010000 23 1531
108.010000 24 1435
108.010000 25 1449
108.010000 26 1522
108.010000 27 1517
108.010000 28 1502
109.010000 0 1545
109.010000 1 1586
109.010000 2 1499
109.010000 3 1594
109.010000 4 1594
109.010000 5 1606
109.010000 6 1601
109.010000 7 1525
109.010000 8 1596
109.010000 9 1603
109.010000 10 1511
109.010000 11 1618
109.010000 12 1566
109.010000 13 1593
109.010000 14 1598
109.010000 15 1511
109.010000 16 1602
109.010000 17 1565
109.010000 18 1581
109.010000 19 1559
109.010000 20 1556
109.010000 21 1553
109.010000 22 1585
109.010000 23 1568
109.010000 24 1517
109.010000 25 1561
109.010000 26 1595
109.010000 27 1597
109.010000 28 1573
110.010000 0 1551
110.010000 1 1645
110.010000 2 1627
110.010000 3 1664
110.010000 4 1640
110.010000 5 1674
110.010000 6 1668
110.010000 7 1599
110.010000 8 1685
110.010000 9 1680
110.010000 10 1605
110.010000 11 1680
110.010000 12 1670
110.010000 13 1672
110.010000 14 1613
110.010000 15 1616
110.010000 16 1670
110.010000 17 1628
110.010000 18 1648
110.010000 19 1664
110.010000 20 1663
110.010000 21 1641
110.010000 22 1650
110.010000 23 1651
110.010000 24 1586
110.010000 25 1617
110.010000 26 1671
110.010000 27 1659
110.010000 28 1681
111.010000 0 1593
111.010000 1 1726
111.010000 2 1546
111.010000 3 1683
111.010000 4 1704
111.010000 5 1668
111.010000 6 1719
111.010000 7 1660
111.010000 8 1715
111.010000 9 1701
111.010000 10 1641
111.010000 11 1712
111.010000 12 1685
111.010000 13 1694
111.010000 14 1685
111.010000 15 1600
111.010000 16 1710
111.010000 17 1648
111.010000 18 1683
111.010000 19 1653
111.010000 20 1704
111.010000 21 1681
111.010000 22 1699
111.010000 23 1691
111.010000 24 1646
111.010000 25 1697
111.010000 26 1711
111.010000 27 1718
111.010000 28 1674
112.010000 0 1513
112.010000 1 1590
112.010000 2 1550
112.010000 3 1633
112.010000 4 1587
112.010000 5 1612
112.010000 6 1644
112.010000 7 1585
112.010000 8 1626
112.010000 9 1634
112.010000 10 1555
112.010000 11 1627
112.010000 12 1614
112.010000 13 1600
112.010000 14 1584
112.010000 15 1546
112.010000 16 1626
112.010000 17 1588
112.010000 18 1574
112.010000 19 1626
112.010000 20 1622
112.010000 21 1598
112.010000 22 1599
112.010000 23 1605
112.010000 24 1530
112.010000 25 1554
112.010000 26 1626
112.010000 27 1615
112.010000 28 1590
113.010000 0 1571
113.010000 1 1658
113.010000 2 1580
113.010000 3 1624
113.010000 4 1639
113.010000 5 1639
113.010000 6 1680
113.010000 7 1594
113.010000 8 1669
113.010000 9 1640
113.010000 10 1579
113.010000 11 1661
113.010000 12 1656
113.010000 13 1635
113.010000 14 1641
113.010000 15 1592
113.010000 16 1664
113.010000 17 1596
113.010000 18 1648
113.010000 19 1654
113.010000 20 1667
113.010000 21 1651
113.010000 22 1638
113.010000 23 1643
113.010000 24 1578
113.010000 25 1615
113.010000 26 1658
113.010000 27 1661
113.010000 28 1649
114.010000 0 1475
114.010000 1 1585
114.010000 2 1476
114.010000 3 1585
114.010000 4 1595
114.010000 5 1583
114.010000 6 1590
114.010000 7 1532
114.010000 8 1594
114.010000 9 1585
114.010000 10 1518
114.010000 11 1594
114.010000 12 1583
114.010000 13 1588
114.010000 14 1548
114.010000 15 1554
114.010000 16 1587
114.010000 17 1533
114.010000 18 1540
114.010000 19 1549
114.010000 20 1582
114.010000 21 1516
114.010000 22 1572
114.010000 23 1562
114.010000 24 1524
114.010000 25 1546
114.010000 26 1600
114.010000 27 1603
114.010000 28 1595
115.010000 0 1556
115.010000 1 1599
115.010000 2 1543
115.010000 3 1594
115.010000 4 1604
115.010000 5 1604
115.010000 6 1621
115.010000 7 1533
115.010000 8 1621
115.010000 9 1614
115.010000 10 1549
115.010000 11 1616
115.010000 12 1601
115.010000 13 1602
115.010000 14 1594
115.010000 15 1557
115.010000 16 1626
115.010000 17 1555
115.010000 18 1621
115.010000 19 1602
115.010000 20 1618
115.010000 21 1598
115.010000 22 1604
115.010000 23 1596
115.010000 24 1528
115.010000 25 1571
115.010000 26 1612
115.010000 27 1615
115.010000 28 1631
116.010000 0 1574
116.010000 1 1631
116.010000 2 1573
116.010000 3 1663
116.010000 4 1656
116.010000 5 1650
116.010000 6 1671
116.010000 7 1569
116.010000 8 1646
116.010000 9 1663
116.010000 10 1592
116.010000 11 1656
116.010000 12 1605
116.010000 13 1644
116.010000 14 1660
116.010000 15 1496
116.010000 16 1659
116.010000 17 1654
116.010000 18 1627
116.010000 19 1604
116.010000 20 1647
116.010000 21 1615
116.010000 22 1637
116.010000 23 1669
116.010000 24 1565
116.010000 25 1622
116.010000 26 1644
116.010000 27 1653
116.010000 28 1624
117.010000 0 1605
117.010000 1 1716
117.010000 2 1610
117.010000 3 1746
117.010000 4 1711
117.010000 5 1691
117.010000 6 1751
117.010000 7 1690
117.010000 8 1730
117.010000 9 1750
117.010000 10 1705
117.010000 11 1752
117.010000 12 1733
117.010000 13 1753
117.010000 14 1697
117.010000 15 1606
117.010000 16 1746
117.010000 17 1699
117.010000 18 1710
117.010000 19 1723
117.010000 20 1729
117.010000 21 1725
117.010000 22 1728
117.010000 23 1732
117.010000 24 1667
117.010000 25 1715
117.010000 26 1744
117.010000 27 1740
117.010000 28 1669
118.010000 0 1610
118.010000 1 1720
118.010000 2 1635
118.010000 3 1661
118.010000 4 1701
118.010000 5 1709
118.010000 6 1718
118.010000 7 1634
118.010000 8 1716
118.010000 9 1709
118.010000 10 1616
118.010000 11 1730
118.010000 12 1713
118.010000 13 1703
118.010000 14 1682
118.010000 15 1672
118.010000 16 1719
118.010000 17 1620
118.010000 18 1687
118.010000 19 1703
118.010000 20 1708
118.010000 21 1706
118.010000 22 1693
118.010000 23 1702
118.010000 24 1642
118.010000 25 1675
118.010000 26 1720
118.010000 27 1707
118.010000 28 1722
119.010000 0 1571
119.010000 1 1635
119.010000 2 1545
119.010000 3 1654
119.010000 4 1651
119.010000 5 1642
119.010000 6 1678
119.010000 7 1604
119.010000 8 1691
119.010000 9 1671
119.010000 10 1584
119.010000 11 1678
119.010000 12 1641
119.010000 13 1644
119.010000 14 1653
119.010000 15 1571
119.010000 16 1690
119.010000 17 1637
119.010000 18 1665
119.010000 19 1630
119.010000 20 1664
119.010000 21 1667
119.010000 22 1647
119.010000 23 1639
119.010000 24 1575
119.010000 25 1631
119.010000 26 1670
119.010000 27 1671
119.010000 28 1645
120.010000 0 1593
120.010000 1 1641
120.010000 2 1577
120.010000 3 1662
120.010000 4 1654
120.010000 5 1642
120.010000 6 1678
120.010000 7 1599
120.010000 8 1669
120.010000 9 1673
120.010000 10 1623
120.010000 11 1671
120.010000 12 1652
120.010000 13 1648
120.010000 14 1660
120.010000 15 1570
120.010000 16 1671
120.010000 17 1637
120.010000 18 1646
120.010000 19 1648
120.010000 20 1660
120.010000 21 1624
120.010000 22 1641
120.010000 23 1652
120.010000 24 1589
120.010000 25 1634
120.010000 26 1647
120.010000 27 1665
120.010000 28 1645
121.010000 0 1524
121.010000 1 1659
121.010000 2 1623
121.010000 3 1644
121.010000 4 1661
121.010000 5 1665
121.010000 6 1685
121.010000 7 1636
121.010000 8 1679
121.010000 9 1687
121.010000 10 1596
121.010000 11 1682
121.010000 12 1675
121.010000 13 1666
121.010000 14 1622
121.010000 15 1597
121.010000 16 1685
121.010000 17 1590
121.010000 18 1621
121.010000 19 1665
121.010000 20 1667
121.010000 21 1667
121.010000 22 1626
121.010000 23 1683
121.010000 24 1576
121.010000 25 1643
121.010000 26 1684
121.010000 27 1674
121.010000 28 1675
122.010000 0 1499
122.010000 1 1558
122.010000 2 1471
122.010000 3 1571
122.010000 4 1561
122.010000 5 1571
122.010000 6 1583
122.010000 7 1476
122.010000 8 1577
122.010000 9 1578
122.010000 10 1543
122.010000 11 1579
122.010000 12 1545
122.010000 13 1558
122.010000 14 1553
122.010000 15 1495
122.010000 16 1583
122.010000 17 1519
122.010000 18 1550
122.010000 19 1538
122.010000 20 1571
122.010000 21 1520
122.010000 22 1569
122.010000 23 1590
122.010000 24 1495
122.010000 25 1510
122.010000 26 1569
122.010000 27 1571
122.010000 28 1562
123.010000 0 1414
123.010000 1 1509
123.010000 2 1425
123.010000 3 1509
123.010000 4 1509
123.010000 5 1500
123.010000 6 1529
123.010000 7 1484
123.010000 8 1525
123.010000 9 1523
123.010000 10 1450
123.010000 11 1525
123.010000 12 1513
123.010000 13 1533
123.010000 14 1471
123.010000 15 1466
123.010000 16 1521
123.010000 17 1460
123.010000 18 1482
123.010000 19 1497
123.010000 20 1538
123.010000 21 1481
123.010000 22 1506
123.010000 23 1506
123.010000 24 1440
123.010000 25 1454
123.010000 26 1519
123.010000 27 1518
123.010000 28 1519
124.010000 0 1596
124.010000 1 1627
124.010000 2 1535
124.010000 3 1630
124.010000 4 1632
124.010000 5 1616
124.010000 6 1671
124.010000 7 1574
124.010000 8 1623
124.010000 9 1651
124.010000 10 1578
124.010000 11 1650
124.010000 12 1606
124.010000 13 1637
124.010000 14 1651
124.010000 15 1512
124.010000 16 1651
124.010000 17 1626
124.010000 18 1672
124.010000 19 1605
124.010000 20 1649
124.010000 21 1621
124.010000 22 1629
124.010000 23 1633
124.010000 24 1568
124.010000 25 1618
124.010000 26 1634
124.010000 27 1651
124.010000 28 1618
125.010000 0 1521
125.010000 1 1619
125.010000 2 1542
125.010000 3 1631
125.010000 4 1627
125.010000 5 1622
125.010000 6 1638
125.010000 7 1579
125.010000 8 1670
125.010000 9 1625
125.010000 10 1595
125.010000 11 1659
125.010000 12 1627
125.010000 13 1633
125.010000 14 1596
125.010000 15 1561
125.010000 16 1664
125.010000 17 1553
125.010000 18 1560
125.010000 19 1619
125.010000 20 1646
125.010000 21 1595
125.010000 22 1627
125.010000 23 1629
125.010000 24 1602
125.010000 25 1590
125.010000 26 1645
125.010000 27 1643
125.010000 28 1627
126.010000 0 1604
126.010000 1 1655
126.010000 2 1549
126.010000 3 1658
126.010000 4 1677
126.010000 5 1664
126.010000 6 1673
126.010000 7 1590
126.010000 8 1672
126.010000 9 1662
126.010000 10 1593
126.010000 11 1672
126.010000 12 1630
126.010000 13 1643
126.010000 14 1675
126.010000 15 1600
126.010000 16 1668
126.010000 17 1655
126.010000 18 1672
126.010000 19 1646
126.010000 20 1657
126.010000 21 1609
126.010000 22 1649
126.010000 23 1648
126.010000 24 1589
126.010000 25 1633
126.010000 26 1667
126.010000 27 1665
126.010000 28 1649
127.010000 0 1448
127.010000 1 1534
127.010000 2 1489
127.010000 3 1528
127.010000 4 1541
127.010000 5 1538
127.010000 6 1572
127.010000 7 1484
127.010000 8 1552
127.010000 9 1560
127.010000 10 1473
127.010000 11 1550
127.010000 12 1543
127.010000 13 1536
127.010000 14 1511
127.010000 15 1478
127.010000 16 1561
127.010000 17 1481
127.010000 18 1529
127.010000 19 1537
127.010000 20 1541
127.010000 21 1531
127.010000 22 1533
127.010000 23 1566
127.010000 24 1467
127.010000 25 1490
127.010000 26 1542
127.010000 27 1552
127.010000 28 1549
128.010000 0 1524
128.010000 1 1592
128.010000 2 1543
128.010000 3 1602
128.010000 4 1594
128.010000 5 1615
128.010000 6 1616
128.010000 7 1545
128.010000 8 1594
128.010000 9 1615
128.010000 10 1556
128.010000 11 1614
128.010000 12 1596
128.010000 13 1626
128.010000 14 1592
128.010000 15 1534
128.010000 16 1638
128.010000 17 1555
128.010000 18 1578
128.010000 19 1586
128.010000 20 1607
128.010000 21 1568
128.010000 22 1601
128.010000 23 1603
128.010000 24 1535
128.010000 25 1563
128.010000 26 1609
128.010000 27 1610
128.010000 28 1610
129.010000 0 1454
129.010000 1 1542
129.010000 2 1451
129.010000 3 1530
129.010000 4 1543
129.010000 5 1520
129.010000 6 1558
129.010000 7 1517
129.010000 8 1581
129.010000 9 1547
129.010000 10 1478
129.010000 11 1558
129.010000 12 1565
129.010000 13 1550
129.010000 14 1514
129.010000 15 1498
129.010000 16 1552
129.010000 17 1475
129.010000 18 1504
129.010000 19 1538
129.010000 20 1533
129.010000 21 1495
129.010000 22 1534
129.010000 23 1528
129.010000 24 1505
129.010000 25 1487
129.010000 26 1557
129.010000 27 1544
129.010000 28 1528
130.010000 0 1459
130.010000 1 1571
130.010000 2 1501
130.010000 3 1564
130.010000 4 1581
130.010000 5 1574
130.010000 6 1618
130.010000 7 1574
130.010000 8 1573
130.010000 9 1600
130.010000 10 1538
130.010000 11 1596
130.010000 12 1580
130.010000 13 1582
130.010000 14 1543
130.010000 15 1503
130.010000 16 1593
130.010000 17 1500
130.010000 18 1519
130.010000 19 1538
130.010000 20 1578
130.010000 21 1548
130.010000 22 1576
130.010000 23 1594
130.010000 24 1514
130.010000 25 1528
130.010000 26 1582
130.010000 27 1596
130.010000 28 1594
131.010000 0 1596
131.010000 1 1714
131.010000 2 1596
131.010000 3 1677
131.010000 4 1726
131.010000 5 1688
131.010000 6 1727
131.010000 7 1674
131.010000 8 1735
131.010000 9 1726
131.010000 10 1653
131.010000 11 1732
131.010000 12 1675
131.010000 13 1705
131.010000 14 1713
131.010000 15 1605
131.010000 16 1706
131.010000 17 1635
131.010000 18 1689
131.010000 19 1707
131.010000 20 1728
131.010000 21 1694
131.010000 22 1716
131.010000 23 1729
131.010000 24 1663
131.010000 25 1690
131.010000 26 1729
131.010000 27 1726
131.010000 28 1693
132.010000 0 1514
132.010000 1 1585
132.010000 2 1539
132.010000 3 1599
132.010000 4 1604
132.010000 5 1595
132.010000 6 1588
132.010000 7 1547
132.010000 8 1600
132.010000 9 1611
132.010000 10 1527
132.010000 11 1601
132.010000 12 1584
132.010000 13 1614
132.010000 14 1559
132.010000 15 1537
132.010000 16 1638
132.010000 17 1555
132.010000 18 1581
132.010000 19 1600
132.010000 20 1589
132.010000 21 1571
132.010000 22 1585
132.010000 23 1596
132.010000 24 1503
132.010000 25 1555
132.010000 26 1595
132.010000 27 1598
132.010000 28 1607
133.010000 0 1509
133.010000 1 1577
133.010000 2 1502
133.010000 3 1596
133.010000 4 1557
133.010000 5 1576
133.010000 6 1600
133.010000 7 1537
133.010000 8 1592
133.010000 9 1599
133.010000 10 1518
133.010000 11 1593
133.010000 12 1566
133.010000 13 1575
133.010000 14 1581
133.010000 15 1494
133.010000 16 1593
133.010000 17 1577
133.010000 18 1586
133.010000 19 1566
133.010000 20 1585
133.010000 21 1567
133.010000 22 1585
133.010000 23 1579
133.010000 24 1515
133.010000 25 1571
133.010000 26 1590
133.010000 27 1593
133.010000 28 1576
134.010000 0 1507
134.010000 1 1620
134.010000 2 1525
134.010000 3 1608
134.010000 4 1640
134.010000 5 1592
134.010000 6 1650
134.010000 7 1590
134.010000 8 1639
134.010000 9 1633
134.010000 10 1605
134.010000 11 1628
134.010000 12 1622
134.010000 13 1612
134.010000 14 1587
134.010000 15 1542
134.010000 16 1637
134.010000 17 1550
134.010000 18 1581
134.010000 19 1604
134.010000 20 1624
134.010000 21 1579
134.010000 22 1581
134.010000 23 1617
134.010000 24 1566
134.010000 25 1567
134.010000 26 1642
134.010000 27 1639
134.010000 28 1615
135.010000 0 1513
135.010000 1 1557
135.010000 2 1497
135.010000 3 1589
135.010000 4 1567
135.010000 5 1561
135.010000 6 1581
135.010000 7 1492
135.010000 8 1575
135.010000 9 1588
135.010000 10 1493
135.010000 11 1598
135.010000 12 1550
135.010000 13 1565
135.010000 14 1569
135.010000 15 1494
135.010000 16 1584
135.010000 17 1557
135.010000 18 1555
135.010000 19 1575
135.010000 20 1578
135.010000 21 1544
135.010000 22 1552
135.010000 23 1582
135.010000 24 1479
135.010000 25 1542
135.010000 26 1576
135.010000 27 1567
135.010000 28 1561
136.010000 0 1463
136.010000 1 1597
136.010000 2 1521
136.010000 3 1563
136.010000 4 1577
136.010000 5 1589
136.010000 6 1590
136.010000 7 1528
136.010000 8 1593
136.010000 9 1579
136.010000 10 1526
136.010000 11 1593
136.010000 12 1580
136.010000 13 1577
136.010000 14 1535
136.010000 15 1536
136.010000 16 1597
136.010000 17 1503
136.010000 18 1548
136.010000 19 1577
136.010000 20 1586
136.010000 21 1547
136.010000 22 1574
136.010000 23 1595
136.010000 24 1519
136.010000 25 1526
136.010000 26 1591
136.010000 27 1590
136.010000 28 1591
137.010000 0 1404
137.010000 1 1487
137.010000 2 1415
137.010000 3 1491
137.010000 4 1495
137.010000 5 1474
137.010000 6 1530
137.010000 7 1447
137.010000 8 1508
137.010000 9 1524
137.010000 10 1447
137.010000 11 1507
137.010000 12 1496
137.010000 13 1491
137.010000 14 1473
137.010000 15 1422
137.010000 16 1523
137.010000 17 1433
137.010000 18 1455
137.010000 19 1483
137.010000 20 1500
137.010000 21 1448
137.010000 22 1516
137.010000 23 1491
137.010000 24 1431
137.010000 25 1439
137.010000 26 1504
137.010000 27 1518
137.010000 28 1492
138.010000 0 1603
138.010000 1 1695
138.010000 2 1577
138.010000 3 1704
138.010000 4 1692
138.010000 5 1677
138.010000 6 1715
138.010000 7 1673
138.010000 8 1712
138.010000 9 1713
138.010000 10 1648
138.010000 11 1708
138.010000 12 1672
138.010000 13 1685
138.010000 14 1691
138.010000 15 1601
138.010000 16 1680
138.010000 17 1680
138.010000 18 1684
138.010000 19 1665
138.010000 20 1698
138.010000 21 1662
138.010000 22 1669
138.010000 23 1689
138.010000 24 1624
138.010000 25 1664
138.010000 26 1704
138.010000 27 1711
138.010000 28 1682
139.010000 0 1455
139.010000 1 1535
139.010000 2 1500
139.010000 3 1538
139.010000 4 1565
139.010000 5 1569
139.010000 6 1564
139.010000 7 1482
139.010000 8 1558
139.010000 9 1555
139.010000 10 1466
139.010000 11 1549
139.010000 12 1565
139.010000 13 1539
139.010000 14 1522
139.010000 15 1520
139.010000 16 1572
139.010000 17 1496
139.010000 18 1520
139.010000 19 1534
139.010000 20 1542
139.010000 21 1532
139.010000 22 1558
139.010000 23 1542
139.010000 24 1464
139.010000 25 1488
139.010000 26 1537
139.010000 27 1546
139.010000 28 1558
140.010000 0 1650
140.010000 1 1709
140.010000 2 1618
140.010000 3 1723
140.010000 4 1711
140.010000 5 1710
140.010000 6 1744
140.010000 7 1669
140.010000 8 1724
140.010000 9 1731
140.010000 10 1679
140.010000 11 1733
140.010000 12 1689
140.010000 13 1711
140.010000 14 1716
140.010000 15 1613
140.010000 16 1729
140.010000 17 1701
140.010000 18 1715
140.010000 19 1684
140.010000 20 1721
140.010000 21 1674
140.010000 22 1699
140.010000 23 1708
140.010000 24 1645
140.010000 25 1679
140.010000 26 1710
140.010000 27 1727
140.010000 28 1710
141.010000 0 1621
141.010000 1 1647
141.010000 2 1567
141.010000 3 1660
141.010000 4 1660
141.010000 5 1640
141.010000 6 1678
141.010000 7 1593
141.010000 8 1700
141.010000 9 1669
141.010000 10 1605
141.010000 11 1678
141.010000 12 1668
141.010000 13 1648
141.010000 14 1680
141.010000 15 1592
141.010000 16 1672
141.010000 17 1641
141.010000 18 1668
141.010000 19 1661
141.010000 20 1674
141.010000 21 1647
141.010000 22 1657
141.010000 23 1613
141.010000 24 1575
141.010000 25 1644
141.010000 26 1674
141.010000 27 1669
141.010000 28 1640
142.010000 0 1440
142.010000 1 1576
142.010000 2 1521
142.010000 3 1562
142.010000 4 1579
142.010000 5 1584
142.010000 6 1600
142.010000 7 1526
142.010000 8 1599
142.010000 9 1623
142.010000 10 1547
142.010000 11 1596
142.010000 12 1564
142.010000 13 1580
142.010000 14 1526
142.010000 15 1504
142.010000 16 1603
142.010000 17 1486
142.010000 18 1530
142.010000 19 1582
142.010000 20 1591
142.010000 21 1568
142.010000 22 1576
142.010000 23 1617
142.010000 24 1514
142.010000 25 1549
142.010000 26 1617
142.010000 27 1592
142.010000 28 1589
143.010000 0 1571
143.010000 1 1632
143.010000 2 1547
143.010000 3 1618
143.010000 4 1626
143.010000 5 1613
143.010000 6 1646
143.010000 7 1576
143.010000 8 1646
143.010000 9 1644
143.010000 10 1582
143.010000 11 1643
143.010000 12 1615
143.010000 13 1625
143.010000 14 1628
143.010000 15 1561
143.010000 16 1665
143.010000 17 1586
143.010000 18 1643
143.010000 19 1626
143.010000 20 1663
143.010000 21 1604
143.010000 22 1628
143.010000 23 1599
143.010000 24 1561
143.010000 25 1593
143.010000 26 1609
143.010000 27 1640
143.010000 28 1644
144.010000 0 1523
144.010000 1 1634
144.010000 2 1534
144.010000 3 1607
144.010000 4 1623
144.010000 5 1636
144.010000 6 1645
144.010000 7 1610
144.010000 8 1643
144.010000 9 1641
144.010000 10 1572
144.010000 11 1642
144.010000 12 1627
144.010000 13 1621
144.010000 14 1604
144.010000 15 1550
144.010000 16 1636
144.010000 17 1563
144.010000 18 1601
144.010000 19 1611
144.010000 20 1616
144.010000 21 1589
144.010000 22 1651
144.010000 23 1612
144.010000 24 1598
144.010000 25 1583
144.010000 26 1642
144.010000 27 1632
144.010000 28 1590
145.010000 0 1553
145.010000 1 1594
145.010000 2 1480
145.010000 3 1621
145.010000 4 1602
145.010000 5 1580
145.010000 6 1633
145.010000 7 1534
145.010000 8 1611
145.010000 9 1606
145.010000 10 1551
145.010000 11 1613
145.010000 12 1568
145.010000 13 1588
145.010000 14 1619
145.010000 15 1515
145.010000 16 1612
145.010000 17 1613
145.010000 18 1608
145.010000 19 1585
145.010000 20 1603
145.010000 21 1570
145.010000 22 1589
145.010000 23 1590
145.010000 24 1545
145.010000 25 1579
145.010000 26 1608
145.010000 27 1618
145.010000 28 1586
146.010000 0 1514
146.010000 1 1590
146.010000 2 1566
146.010000 3 1592
146.010000 4 1591
146.010000 5 1602
146.010000 6 1630
146.010000 7 1532
146.010000 8 1609
146.010000 9 1616
146.010000 10 1534
146.010000 11 1611
146.010000 12 1622
146.010000 13 1593
146.010000 14 1562
146.010000 15 1544
146.010000 16 1617
146.010000 17 1536
146.010000 18 1577
146.010000 19 1600
146.010000 20 1601
146.010000 21 1578
146.010000 22 1591
146.010000 23 1594
146.010000 24 1526
146.010000 25 1552
146.010000 26 1604
146.010000 27 1601
146.010000 28 1604
147.010000 0 1494
147.010000 1 1554
147.010000 2 1460
147.010000 3 1577
147.010000 4 1533
147.010000 5 1592
147.010000 6 1579
147.010000 7 1524
147.010000 8 1578
147.010000 9 1566
147.010000 10 1543
147.010000 11 1587
147.010000 12 1532
147.010000 13 1591
147.010000 14 1538
147.010000 15 1500
147.010000 16 1608
147.010000 17 1520
147.010000 18 1538
147.010000 19 1524
147.010000 20 1597
147.010000 21 1532
147.010000 22 1568
147.010000 23 1550
147.010000 24 1511
147.010000 25 1516
147.010000 26 1572
147.010000 27 1567
147.010000 28 1568
148.010000 0 1396
148.010000 1 1511
148.010000 2 1417
148.010000 3 1511
148.010000 4 1518
148.010000 5 1542
148.010000 6 1539
148.010000 7 1479
148.010000 8 1541
148.010000 9 1532
148.010000 10 1525
148.010000 11 1540
148.010000 12 1515
148.010000 13 1545
148.010000 14 1473
148.010000 15 1481
148.010000 16 1535
148.010000 17 1441
148.010000 18 1465
148.010000 19 1490
148.010000 20 1547
148.010000 21 1466
148.010000 22 1520
148.010000 23 1520
148.010000 24 1457
148.010000 25 1455
148.010000 26 1548
148.010000 27 1538
148.010000 28 1513
149.010000 0 1431
149.010000 1 1483
149.010000 2 1449
149.010000 3 1524
149.010000 4 1511
149.010000 5 1449
149.010000 6 1513
149.010000 7 1443
149.010000 8 1507
149.010000 9 1505
149.010000 10 1428
149.010000 11 1511
149.010000 12 1509
149.010000 13 1499
149.010000 14 1484
149.010000 15 1411
149.010000 16 1511
149.010000 17 1497
149.010000 18 1485
149.010000 19 1514
149.010000 20 1475
149.010000 21 1461
149.010000 22 1495
149.010000 23 1518
149.010000 24 1415
149.010000 25 1451
149.010000 26 1504
149.010000 27 1490
149.010000 28 1492
