0.010000 0 0
0.010000 1 0
0.010000 2 0
0.010000 3 0
0.010000 4 0
0.010000 5 0
0.010000 6 0
0.010000 7 0
0.010000 8 0
1.010000 0 0
1.010000 1 0
1.010000 2 0
1.010000 3 0
1.010000 4 0
1.010000 5 0
1.010000 6 0
1.010000 7 0
1.010000 8 0
2.010000 0 0
2.010000 1 0
2.010000 2 0
2.010000 3 0
2.010000 4 0
2.010000 5 0
2.010000 6 0
2.010000 7 0
2.010000 8 0
3.010000 0 0
3.010000 1 0
3.010000 2 0
3.010000 3 0
3.010000 4 0
3.010000 5 0
3.010000 6 0
3.010000 7 0
3.010000 8 0
4.010000 0 0
4.010000 1 0
4.010000 2 0
4.010000 3 0
4.010000 4 0
4.010000 5 0
4.010000 6 0
4.010000 7 0
4.010000 8 0
5.010000 0 0
5.010000 1 0
5.010000 2 0
5.010000 3 0
5.010000 4 0
5.010000 5 0
5.010000 6 0
5.010000 7 0
5.010000 8 0
6.010000 0 0
6.010000 1 0
6.010000 2 0
6.010000 3 0
6.010000 4 0
6.010000 5 0
6.010000 6 0
6.010000 7 0
6.010000 8 0
7.010000 0 0
7.010000 1 0
7.010000 2 0
7.010000 3 0
7.010000 4 0
7.010000 5 0
7.010000 6 0
7.010000 7 0
7.010000 8 0
8.010000 0 0
8.010000 1 0
8.010000 2 0
8.010000 3 0
8.010000 4 0
8.010000 5 0
8.010000 6 0
8.010000 7 0
8.010000 8 0
9.010000 0 0
9.010000 1 0
9.010000 2 0
9.010000 3 0
9.010000 4 0
9.010000 5 0
9.010000 6 0
9.010000 7 0
9.010000 8 0
10.010000 0 0
10.010000 1 0
10.010000 2 0
10.010000 3 0
10.010000 4 0
10.010000 5 0
10.010000 6 0
10.010000 7 0
10.010000 8 0
11.010000 0 0
11.010000 1 0
11.010000 2 0
11.010000 3 0
11.010000 4 0
11.010000 5 0
11.010000 6 0
11.010000 7 0
11.010000 8 0
12.010000 0 0
12.010000 1 0
12.010000 2 0
12.010000 3 0
12.010000 4 0
12.010000 5 0
12.010000 6 0
12.010000 7 0
12.010000 8 0
13.010000 0 0
13.010000 1 0
13.010000 2 0
13.010000 3 0
13.010000 4 0
13.010000 5 0
13.010000 6 0
13.010000 7 0
13.010000 8 0
14.010000 0 0
14.010000 1 0
14.010000 2 0
14.010000 3 0
14.010000 4 0
14.010000 5 0
14.010000 6 0
14.010000 7 0
14.010000 8 0
15.010000 0 0
15.010000 1 0
15.010000 2 0
15.010000 3 0
15.010000 4 0
15.010000 5 0
15.010000 6 0
15.010000 7 0
15.010000 8 0
16.010000 0 230
16.010000 1 198
16.010000 2 273
16.010000 3 278
16.010000 4 202
16.010000 5 278
16.010000 6 273
16.010000 7 239
16.010000 8 230
17.010000 0 220
17.010000 1 176
17.010000 2 264
17.010000 3 264
17.010000 4 176
17.010000 5 264
17.010000 6 264
17.010000 7 220
17.010000 8 220
18.010000 0 180
18.010000 1 144
18.010000 2 216
18.010000 3 216
18.010000 4 144
18.010000 5 216
18.010000 6 216
18.010000 7 180
18.010000 8 180
19.010000 0 209
19.010000 1 167
19.010000 2 251
19.010000 3 251
19.010000 4 167
19.010000 5 251
19.010000 6 251
19.010000 7 210
19.010000 8 209
20.010000 0 186
20.010000 1 148
20.010000 2 224
20.010000 3 224
20.010000 4 151
20.010000 5 224
20.010000 6 224
20.010000 7 187
20.010000 8 186
21.010000 0 215
21.010000 1 173
21.010000 2 257
21.010000 3 257
21.010000 4 170
21.010000 5 257
21.010000 6 257
21.010000 7 213
21.010000 8 215
22.010000 0 190
22.010000 1 152
22.010000 2 228
22.010000 3 228
22.010000 4 152
22.010000 5 228
22.010000 6 228
22.010000 7 190
22.010000 8 190
23.010000 0 190
23.010000 1 152
23.010000 2 228
23.010000 3 228
23.010000 4 152
23.010000 5 228
23.010000 6 228
23.010000 7 190
23.010000 8 190
24.010000 0 210
24.010000 1 168
24.010000 2 252
24.010000 3 252
24.010000 4 168
24.010000 5 252
24.010000 6 252
24.010000 7 210
24.010000 8 210
25.010000 0 186
25.010000 1 148
25.010000 2 224
25.010000 3 224
25.010000 4 150
25.010000 5 224
25.010000 6 224
25.010000 7 188
25.010000 8 186
26.010000 0 194
26.010000 1 156
26.010000 2 232
26.010000 3 232
26.010000 4 154
26.010000 5 232
26.010000 6 232
26.010000 7 192
26.010000 8 194
27.010000 0 200
27.010000 1 160
27.010000 2 240
27.010000 3 240
27.010000 4 160
27.010000 5 240
27.010000 6 240
27.010000 7 200
27.010000 8 200
28.010000 0 190
28.010000 1 152
28.010000 2 228
28.010000 3 228
28.010000 4 152
28.010000 5 228
28.010000 6 228
28.010000 7 190
28.010000 8 190
29.010000 0 190
29.010000 1 152
29.010000 2 228
29.010000 3 228
29.010000 4 152
29.010000 5 228
29.010000 6 228
29.010000 7 190
29.010000 8 190
30.010000 0 190
30.010000 1 152
30.010000 2 228
30.010000 3 228
30.010000 4 152
30.010000 5 228
30.010000 6 228
30.010000 7 190
30.010000 8 190
31.010000 0 190
31.010000 1 152
31.010000 2 228
31.010000 3 228
31.010000 4 152
31.010000 5 228
31.010000 6 228
31.010000 7 190
31.010000 8 190
32.010000 0 210
32.010000 1 168
32.010000 2 252
32.010000 3 252
32.010000 4 168
32.010000 5 252
32.010000 6 252
32.010000 7 210
32.010000 8 210
33.010000 0 200
33.010000 1 160
33.010000 2 240
33.010000 3 240
33.010000 4 160
33.010000 5 240
33.010000 6 240
33.010000 7 200
33.010000 8 200
34.010000 0 199
34.010000 1 159
34.010000 2 239
34.010000 3 239
34.010000 4 159
34.010000 5 239
34.010000 6 239
34.010000 7 200
34.010000 8 199
35.010000 0 201
35.010000 1 161
35.010000 2 241
35.010000 3 241
35.010000 4 161
35.010000 5 241
35.010000 6 241
35.010000 7 200
35.010000 8 201
36.010000 0 209
36.010000 1 167
36.010000 2 251
36.010000 3 251
36.010000 4 167
36.010000 5 251
36.010000 6 251
36.010000 7 210
36.010000 8 209
37.010000 0 181
37.010000 1 145
37.010000 2 217
37.010000 3 217
37.010000 4 145
37.010000 5 217
37.010000 6 217
37.010000 7 180
37.010000 8 181
38.010000 0 220
38.010000 1 176
38.010000 2 264
38.010000 3 264
38.010000 4 176
38.010000 5 264
38.010000 6 264
38.010000 7 220
38.010000 8 220
39.010000 0 200
39.010000 1 160
39.010000 2 240
39.010000 3 240
39.010000 4 160
39.010000 5 240
39.010000 6 240
39.010000 7 200
39.010000 8 200
40.010000 0 200
40.010000 1 160
40.010000 2 240
40.010000 3 240
40.010000 4 160
40.010000 5 240
40.010000 6 240
40.010000 7 200
40.010000 8 200
41.010000 0 190
41.010000 1 152
41.010000 2 228
41.010000 3 228
41.010000 4 152
41.010000 5 228
41.010000 6 228
41.010000 7 190
41.010000 8 190
42.010000 0 240
42.010000 1 192
42.010000 2 288
42.010000 3 288
42.010000 4 192
42.010000 5 288
42.010000 6 288
42.010000 7 240
42.010000 8 240
43.010000 0 210
43.010000 1 168
43.010000 2 252
43.010000 3 252
43.010000 4 168
43.010000 5 252
43.010000 6 252
43.010000 7 210
43.010000 8 210
44.010000 0 190
44.010000 1 152
44.010000 2 228
44.010000 3 228
44.010000 4 152
44.010000 5 228
44.010000 6 228
44.010000 7 190
44.010000 8 190
45.010000 0 180
45.010000 1 144
45.010000 2 216
45.010000 3 216
45.010000 4 144
45.010000 5 216
45.010000 6 216
45.010000 7 180
45.010000 8 180
46.010000 0 195
46.010000 1 155
46.010000 2 235
46.010000 3 235
46.010000 4 158
46.010000 5 235
46.010000 6 235
46.010000 7 197
46.010000 8 195
47.010000 0 196
47.010000 1 159
47.010000 2 236
47.010000 3 236
47.010000 4 157
47.010000 5 236
47.010000 6 236
47.010000 7 196
47.010000 8 196
48.010000 0 189
48.010000 1 150
48.010000 2 225
48.010000 3 225
48.010000 4 149
48.010000 5 225
48.010000 6 225
48.010000 7 187
48.010000 8 189
49.010000 0 210
49.010000 1 168
49.010000 2 252
49.010000 3 252
49.010000 4 168
49.010000 5 252
49.010000 6 252
49.010000 7 210
49.010000 8 210
50.010000 0 205
50.010000 1 163
50.010000 2 247
50.010000 3 247
50.010000 4 166
50.010000 5 247
50.010000 6 247
50.010000 7 207
50.010000 8 205
51.010000 0 185
51.010000 1 149
51.010000 2 221
51.010000 3 221
51.010000 4 146
51.010000 5 221
51.010000 6 221
51.010000 7 183
51.010000 8 185
52.010000 0 200
52.010000 1 160
52.010000 2 240
52.010000 3 240
52.010000 4 160
52.010000 5 240
52.010000 6 240
52.010000 7 200
52.010000 8 200
53.010000 0 195
53.010000 1 155
53.010000 2 235
53.010000 3 235
53.010000 4 158
53.010000 5 235
53.010000 6 235
53.010000 7 197
53.010000 8 195
54.010000 0 215
54.010000 1 173
54.010000 2 257
54.010000 3 257
54.010000 4 170
54.010000 5 257
54.010000 6 257
54.010000 7 213
54.010000 8 215
55.010000 0 210
55.010000 1 168
55.010000 2 252
55.010000 3 252
55.010000 4 168
55.010000 5 252
55.010000 6 252
55.010000 7 210
55.010000 8 210
56.010000 0 210
56.010000 1 168
56.010000 2 252
56.010000 3 252
56.010000 4 168
56.010000 5 252
56.010000 6 252
56.010000 7 210
56.010000 8 210
57.010000 0 215
57.010000 1 171
57.010000 2 259
57.010000 3 259
57.010000 4 174
57.010000 5 259
57.010000 6 259
57.010000 7 217
57.010000 8 215
58.010000 0 195
58.010000 1 157
58.010000 2 233
58.010000 3 233
58.010000 4 154
58.010000 5 233
58.010000 6 233
58.010000 7 193
58.010000 8 195
59.010000 0 190
59.010000 1 152
59.010000 2 228
59.010000 3 228
59.010000 4 152
59.010000 5 228
59.010000 6 228
59.010000 7 190
59.010000 8 190
60.010000 0 170
60.010000 1 136
60.010000 2 204
60.010000 3 204
60.010000 4 136
60.010000 5 204
60.010000 6 204
60.010000 7 170
60.010000 8 170
61.010000 0 200
61.010000 1 160
61.010000 2 240
61.010000 3 240
61.010000 4 160
61.010000 5 240
61.010000 6 240
61.010000 7 200
61.010000 8 200
62.010000 0 181
62.010000 1 146
62.010000 2 219
62.010000 3 219
62.010000 4 147
62.010000 5 219
62.010000 6 219
62.010000 7 183
62.010000 8 181
63.010000 0 214
63.010000 1 169
63.010000 2 256
63.010000 3 256
63.010000 4 171
63.010000 5 256
63.010000 6 256
63.010000 7 214
63.010000 8 214
64.010000 0 200
64.010000 1 160
64.010000 2 240
64.010000 3 240
64.010000 4 160
64.010000 5 240
64.010000 6 240
64.010000 7 200
64.010000 8 200
65.010000 0 195
65.010000 1 157
65.010000 2 233
65.010000 3 233
65.010000 4 154
65.010000 5 233
65.010000 6 233
65.010000 7 193
65.010000 8 195
66.010000 0 201
66.010000 1 162
66.010000 2 243
66.010000 3 243
66.010000 4 163
66.010000 5 243
66.010000 6 243
66.010000 7 203
66.010000 8 201
67.010000 0 219
67.010000 1 174
67.010000 2 261
67.010000 3 261
67.010000 4 173
67.010000 5 261
67.010000 6 261
67.010000 7 217
67.010000 8 219
68.010000 0 198
68.010000 1 158
68.010000 2 238
68.010000 3 238
68.010000 4 159
68.010000 5 238
68.010000 6 238
68.010000 7 199
68.010000 8 198
69.010000 0 217
69.010000 1 173
69.010000 2 261
69.010000 3 261
69.010000 4 175
69.010000 5 261
69.010000 6 261
69.010000 7 218
69.010000 8 217
70.010000 0 224
70.010000 1 180
70.010000 2 268
70.010000 3 268
70.010000 4 177
70.010000 5 268
70.010000 6 268
70.010000 7 223
70.010000 8 224
71.010000 0 201
71.010000 1 161
71.010000 2 241
71.010000 3 241
71.010000 4 161
71.010000 5 241
71.010000 6 241
71.010000 7 200
71.010000 8 201
72.010000 0 189
72.010000 1 151
72.010000 2 227
72.010000 3 227
72.010000 4 151
72.010000 5 227
72.010000 6 227
72.010000 7 190
72.010000 8 189
73.010000 0 176
73.010000 1 140
73.010000 2 212
73.010000 3 212
73.010000 4 143
73.010000 5 212
73.010000 6 212
73.010000 7 177
73.010000 8 176
74.010000 0 205
74.010000 1 165
74.010000 2 245
74.010000 3 245
74.010000 4 162
74.010000 5 245
74.010000 6 245
74.010000 7 203
74.010000 8 205
75.010000 0 190
75.010000 1 152
75.010000 2 228
75.010000 3 228
75.010000 4 152
75.010000 5 228
75.010000 6 228
75.010000 7 190
75.010000 8 190
76.010000 0 190
76.010000 1 152
76.010000 2 228
76.010000 3 228
76.010000 4 152
76.010000 5 228
76.010000 6 228
76.010000 7 190
76.010000 8 190
77.010000 0 194
77.010000 1 155
77.010000 2 234
77.010000 3 234
77.010000 4 157
77.010000 5 234
77.010000 6 234
77.010000 7 196
77.010000 8 194
78.010000 0 203
78.010000 1 162
78.010000 2 243
78.010000 3 243
78.010000 4 161
78.010000 5 243
78.010000 6 243
78.010000 7 203
78.010000 8 203
79.010000 0 181
79.010000 1 145
79.010000 2 217
79.010000 3 217
79.010000 4 145
79.010000 5 217
79.010000 6 217
79.010000 7 180
79.010000 8 181
80.010000 0 207
80.010000 1 165
80.010000 2 249
80.010000 3 249
80.010000 4 167
80.010000 5 249
80.010000 6 249
80.010000 7 208
80.010000 8 207
81.010000 0 195
81.010000 1 157
81.010000 2 233
81.010000 3 233
81.010000 4 154
81.010000 5 233
81.010000 6 233
81.010000 7 193
81.010000 8 195
82.010000 0 199
82.010000 1 159
82.010000 2 239
82.010000 3 239
82.010000 4 159
82.010000 5 239
82.010000 6 239
82.010000 7 200
82.010000 8 199
83.010000 0 199
83.010000 1 159
83.010000 2 239
83.010000 3 239
83.010000 4 160
83.010000 5 239
83.010000 6 239
83.010000 7 199
83.010000 8 199
84.010000 0 192
84.010000 1 154
84.010000 2 230
84.010000 3 230
84.010000 4 153
84.010000 5 230
84.010000 6 230
84.010000 7 191
84.010000 8 192
85.010000 0 191
85.010000 1 154
85.010000 2 231
85.010000 3 231
85.010000 4 155
85.010000 5 231
85.010000 6 231
85.010000 7 193
85.010000 8 191
86.010000 0 220
86.010000 1 176
86.010000 2 264
86.010000 3 264
86.010000 4 176
86.010000 5 264
86.010000 6 264
86.010000 7 220
86.010000 8 220
87.010000 0 199
87.010000 1 158
87.010000 2 237
87.010000 3 237
87.010000 4 157
87.010000 5 237
87.010000 6 237
87.010000 7 197
87.010000 8 199
88.010000 0 200
88.010000 1 160
88.010000 2 240
88.010000 3 240
88.010000 4 160
88.010000 5 240
88.010000 6 240
88.010000 7 200
88.010000 8 200
89.010000 0 211
89.010000 1 170
89.010000 2 255
89.010000 3 255
89.010000 4 171
89.010000 5 255
89.010000 6 255
89.010000 7 213
89.010000 8 211
90.010000 0 208
90.010000 1 165
90.010000 2 248
90.010000 3 248
90.010000 4 164
90.010000 5 248
90.010000 6 248
90.010000 7 207
90.010000 8 208
91.010000 0 201
91.010000 1 161
91.010000 2 241
91.010000 3 241
91.010000 4 161
91.010000 5 241
91.010000 6 241
91.010000 7 200
91.010000 8 201
92.010000 0 180
92.010000 1 144
92.010000 2 216
92.010000 3 216
92.010000 4 144
92.010000 5 216
92.010000 6 216
92.010000 7 180
92.010000 8 180
93.010000 0 210
93.010000 1 168
93.010000 2 252
93.010000 3 252
93.010000 4 168
93.010000 5 252
93.010000 6 252
93.010000 7 210
93.010000 8 210
94.010000 0 220
94.010000 1 176
94.010000 2 264
94.010000 3 264
94.010000 4 176
94.010000 5 264
94.010000 6 264
94.010000 7 220
94.010000 8 220
95.010000 0 190
95.010000 1 152
95.010000 2 228
95.010000 3 228
95.010000 4 152
95.010000 5 228
95.010000 6 228
95.010000 7 190
95.010000 8 190
96.010000 0 206
96.010000 1 164
96.010000 2 248
96.010000 3 248
96.010000 4 166
96.010000 5 248
96.010000 6 248
96.010000 7 208
96.010000 8 206
97.010000 0 185
97.010000 1 150
97.010000 2 223
97.010000 3 223
97.010000 4 149
97.010000 5 223
97.010000 6 223
97.010000 7 185
97.010000 8 185
98.010000 0 210
98.010000 1 168
98.010000 2 252
98.010000 3 252
98.010000 4 168
98.010000 5 252
98.010000 6 252
98.010000 7 210
98.010000 8 210
99.010000 0 194
99.010000 1 153
99.010000 2 232
99.010000 3 232
99.010000 4 155
99.010000 5 232
99.010000 6 232
99.010000 7 194
99.010000 8 194
100.010000 0 185
100.010000 1 149
100.010000 2 221
100.010000 3 221
100.010000 4 146
100.010000 5 221
100.010000 6 221
100.010000 7 183
100.010000 8 185
101.010000 0 185
101.010000 1 147
101.010000 2 223
101.010000 3 223
101.010000 4 150
101.010000 5 223
101.010000 6 223
101.010000 7 187
101.010000 8 185
102.010000 0 186
102.010000 1 151
102.010000 2 224
102.010000 3 224
102.010000 4 149
102.010000 5 224
102.010000 6 224
102.010000 7 186
102.010000 8 186
103.010000 0 212
103.010000 1 168
103.010000 2 254
103.010000 3 254
103.010000 4 170
103.010000 5 254
103.010000 6 254
103.010000 7 212
103.010000 8 212
104.010000 0 177
104.010000 1 142
104.010000 2 211
104.010000 3 211
104.010000 4 139
104.010000 5 211
104.010000 6 211
104.010000 7 175
104.010000 8 177
105.010000 0 190
105.010000 1 152
105.010000 2 228
105.010000 3 228
105.010000 4 152
105.010000 5 228
105.010000 6 228
105.010000 7 190
105.010000 8 190
106.010000 0 190
106.010000 1 152
106.010000 2 228
106.010000 3 228
106.010000 4 152
106.010000 5 228
106.010000 6 228
106.010000 7 190
106.010000 8 190
107.010000 0 210
107.010000 1 168
107.010000 2 252
107.010000 3 252
107.010000 4 168
107.010000 5 252
107.010000 6 252
107.010000 7 210
107.010000 8 210
108.010000 0 230
108.010000 1 184
108.010000 2 276
108.010000 3 276
108.010000 4 184
108.010000 5 276
108.010000 6 276
108.010000 7 230
108.010000 8 230
109.010000 0 188
109.010000 1 150
109.010000 2 226
109.010000 3 226
109.010000 4 151
109.010000 5 226
109.010000 6 226
109.010000 7 189
109.010000 8 188
110.010000 0 202
110.010000 1 162
110.010000 2 242
110.010000 3 242
110.010000 4 161
110.010000 5 242
110.010000 6 242
110.010000 7 201
110.010000 8 202
111.010000 0 200
111.010000 1 160
111.010000 2 240
111.010000 3 240
111.010000 4 160
111.010000 5 240
111.010000 6 240
111.010000 7 200
111.010000 8 200
112.010000 0 190
112.010000 1 152
112.010000 2 228
112.010000 3 228
112.010000 4 152
112.010000 5 228
112.010000 6 228
112.010000 7 190
112.010000 8 190
113.010000 0 185
113.010000 1 147
113.010000 2 223
113.010000 3 223
113.010000 4 150
113.010000 5 223
113.010000 6 223
113.010000 7 187
113.010000 8 185
114.010000 0 185
114.010000 1 149
114.010000 2 221
114.010000 3 221
114.010000 4 146
114.010000 5 221
114.010000 6 221
114.010000 7 183
114.010000 8 185
115.010000 0 200
115.010000 1 160
115.010000 2 240
115.010000 3 240
115.010000 4 160
115.010000 5 240
115.010000 6 240
115.010000 7 200
115.010000 8 200
116.010000 0 180
116.010000 1 144
116.010000 2 216
116.010000 3 216
116.010000 4 144
116.010000 5 216
116.010000 6 216
116.010000 7 180
116.010000 8 180
117.010000 0 201
117.010000 1 162
117.010000 2 243
117.010000 3 243
117.010000 4 163
117.010000 5 243
117.010000 6 243
117.010000 7 203
117.010000 8 201
118.010000 0 209
118.010000 1 166
118.010000 2 249
118.010000 3 249
118.010000 4 165
118.010000 5 249
118.010000 6 249
118.010000 7 207
118.010000 8 209
119.010000 0 191
119.010000 1 154
119.010000 2 231
119.010000 3 231
119.010000 4 155
119.010000 5 231
119.010000 6 231
119.010000 7 193
119.010000 8 191
120.010000 0 199
120.010000 1 158
120.010000 2 237
120.010000 3 237
120.010000 4 157
120.010000 5 237
120.010000 6 237
120.010000 7 197
120.010000 8 199
121.010000 0 191
121.010000 1 154
121.010000 2 231
121.010000 3 231
121.010000 4 155
121.010000 5 231
121.010000 6 231
121.010000 7 193
121.010000 8 191
122.010000 0 189
122.010000 1 150
122.010000 2 225
122.010000 3 225
122.010000 4 149
122.010000 5 225
122.010000 6 225
122.010000 7 187
122.010000 8 189
123.010000 0 210
123.010000 1 168
123.010000 2 252
123.010000 3 252
123.010000 4 168
123.010000 5 252
123.010000 6 252
123.010000 7 210
123.010000 8 210
124.010000 0 200
124.010000 1 160
124.010000 2 240
124.010000 3 240
124.010000 4 160
124.010000 5 240
124.010000 6 240
124.010000 7 200
124.010000 8 200
125.010000 0 200
125.010000 1 160
125.010000 2 240
125.010000 3 240
125.010000 4 160
125.010000 5 240
125.010000 6 240
125.010000 7 200
125.010000 8 200
126.010000 0 210
126.010000 1 168
126.010000 2 252
126.010000 3 252
126.010000 4 168
126.010000 5 252
126.010000 6 252
126.010000 7 210
126.010000 8 210
127.010000 0 220
127.010000 1 176
127.010000 2 264
127.010000 3 264
127.010000 4 176
127.010000 5 264
127.010000 6 264
127.010000 7 220
127.010000 8 220
128.010000 0 210
128.010000 1 168
128.010000 2 252
128.010000 3 252
128.010000 4 168
128.010000 5 252
128.010000 6 252
128.010000 7 210
128.010000 8 210
129.010000 0 199
129.010000 1 159
129.010000 2 239
129.010000 3 239
129.010000 4 159
129.010000 5 239
129.010000 6 239
129.010000 7 200
129.010000 8 199
130.010000 0 211
130.010000 1 169
130.010000 2 253
130.010000 3 253
130.010000 4 169
130.010000 5 253
130.010000 6 253
130.010000 7 210
130.010000 8 211
131.010000 0 199
131.010000 1 159
131.010000 2 239
131.010000 3 239
131.010000 4 159
131.010000 5 239
131.010000 6 239
131.010000 7 200
131.010000 8 199
132.010000 0 211
132.010000 1 169
132.010000 2 253
132.010000 3 253
132.010000 4 169
132.010000 5 253
132.010000 6 253
132.010000 7 210
132.010000 8 211
133.010000 0 200
133.010000 1 160
133.010000 2 240
133.010000 3 240
133.010000 4 160
133.010000 5 240
133.010000 6 240
133.010000 7 200
133.010000 8 200
134.010000 0 201
134.010000 1 162
134.010000 2 243
134.010000 3 243
134.010000 4 163
134.010000 5 243
134.010000 6 243
134.010000 7 203
134.010000 8 201
135.010000 0 188
135.010000 1 149
135.010000 2 224
135.010000 3 224
135.010000 4 148
135.010000 5 224
135.010000 6 224
135.010000 7 187
135.010000 8 188
136.010000 0 221
136.010000 1 177
136.010000 2 265
136.010000 3 265
136.010000 4 177
136.010000 5 265
136.010000 6 265
136.010000 7 220
136.010000 8 221
137.010000 0 200
137.010000 1 160
137.010000 2 240
137.010000 3 240
137.010000 4 160
137.010000 5 240
137.010000 6 240
137.010000 7 200
137.010000 8 200
138.010000 0 209
138.010000 1 167
138.010000 2 251
138.010000 3 251
138.010000 4 167
138.010000 5 251
138.010000 6 251
138.010000 7 210
138.010000 8 209
139.010000 0 191
139.010000 1 153
139.010000 2 229
139.010000 3 229
139.010000 4 153
139.010000 5 229
139.010000 6 229
139.010000 7 190
139.010000 8 191
140.010000 0 180
140.010000 1 144
140.010000 2 216
140.010000 3 216
140.010000 4 144
140.010000 5 216
140.010000 6 216
140.010000 7 180
140.010000 8 180
141.010000 0 230
141.010000 1 184
141.010000 2 276
141.010000 3 276
141.010000 4 184
141.010000 5 276
141.010000 6 276
141.010000 7 230
141.010000 8 230
142.010000 0 180
142.010000 1 144
142.010000 2 216
142.010000 3 216
142.010000 4 144
142.010000 5 216
142.010000 6 216
142.010000 7 180
142.010000 8 180
143.010000 0 190
143.010000 1 152
143.010000 2 228
143.010000 3 228
143.010000 4 152
143.010000 5 228
143.010000 6 228
143.010000 7 190
143.010000 8 190
144.010000 0 180
144.010000 1 144
144.010000 2 216
144.010000 3 216
144.010000 4 144
144.010000 5 216
144.010000 6 216
144.010000 7 180
144.010000 8 180
145.010000 0 200
145.010000 1 160
145.010000 2 240
145.010000 3 240
145.010000 4 160
145.010000 5 240
145.010000 6 240
145.010000 7 200
145.010000 8 200
146.010000 0 180
146.010000 1 144
146.010000 2 216
146.010000 3 216
146.010000 4 144
146.010000 5 216
146.010000 6 216
146.010000 7 180
146.010000 8 180
147.010000 0 190
147.010000 1 152
147.010000 2 228
147.010000 3 228
147.010000 4 152
147.010000 5 228
147.010000 6 228
147.010000 7 190
147.010000 8 190
148.010000 0 199
148.010000 1 159
148.010000 2 239
148.010000 3 239
148.010000 4 159
148.010000 5 239
148.010000 6 239
148.010000 7 200
148.010000 8 199
149.010000 0 211
149.010000 1 169
149.010000 2 253
149.010000 3 253
149.010000 4 169
149.010000 5 253
149.010000 6 253
149.010000 7 210
149.010000 8 211
