0.010000 0 0
0.010000 1 0
0.010000 2 0
0.010000 3 0
0.010000 4 0
0.010000 5 0
0.010000 6 0
0.010000 7 0
0.010000 8 0
0.010000 9 0
0.010000 10 0
0.010000 11 0
0.010000 12 0
1.010000 0 0
1.010000 1 0
1.010000 2 0
1.010000 3 0
1.010000 4 0
1.010000 5 0
1.010000 6 0
1.010000 7 0
1.010000 8 0
1.010000 9 0
1.010000 10 0
1.010000 11 0
1.010000 12 0
2.010000 0 0
2.010000 1 0
2.010000 2 0
2.010000 3 0
2.010000 4 0
2.010000 5 0
2.010000 6 0
2.010000 7 0
2.010000 8 0
2.010000 9 0
2.010000 10 0
2.010000 11 0
2.010000 12 0
3.010000 0 0
3.010000 1 0
3.010000 2 0
3.010000 3 0
3.010000 4 0
3.010000 5 0
3.010000 6 0
3.010000 7 0
3.010000 8 0
3.010000 9 0
3.010000 10 0
3.010000 11 0
3.010000 12 0
4.010000 0 0
4.010000 1 0
4.010000 2 0
4.010000 3 0
4.010000 4 0
4.010000 5 0
4.010000 6 0
4.010000 7 0
4.010000 8 0
4.010000 9 0
4.010000 10 0
4.010000 11 0
4.010000 12 0
5.010000 0 0
5.010000 1 0
5.010000 2 0
5.010000 3 0
5.010000 4 0
5.010000 5 0
5.010000 6 0
5.010000 7 0
5.010000 8 0
5.010000 9 0
5.010000 10 0
5.010000 11 0
5.010000 12 0
6.010000 0 0
6.010000 1 0
6.010000 2 0
6.010000 3 0
6.010000 4 0
6.010000 5 0
6.010000 6 0
6.010000 7 0
6.010000 8 0
6.010000 9 0
6.010000 10 0
6.010000 11 0
6.010000 12 0
7.010000 0 0
7.010000 1 0
7.010000 2 0
7.010000 3 0
7.010000 4 0
7.010000 5 0
7.010000 6 0
7.010000 7 0
7.010000 8 0
7.010000 9 0
7.010000 10 0
7.010000 11 0
7.010000 12 0
8.010000 0 0
8.010000 1 0
8.010000 2 0
8.010000 3 0
8.010000 4 0
8.010000 5 0
8.010000 6 0
8.010000 7 0
8.010000 8 0
8.010000 9 0
8.010000 10 0
8.010000 11 0
8.010000 12 0
9.010000 0 0
9.010000 1 0
9.010000 2 0
9.010000 3 0
9.010000 4 0
9.010000 5 0
9.010000 6 0
9.010000 7 0
9.010000 8 0
9.010000 9 0
9.010000 10 0
9.010000 11 0
9.010000 12 0
10.010000 0 0
10.010000 1 0
10.010000 2 0
10.010000 3 0
10.010000 4 0
10.010000 5 0
10.010000 6 0
10.010000 7 0
10.010000 8 0
10.010000 9 0
10.010000 10 0
10.010000 11 0
10.010000 12 0
11.010000 0 0
11.010000 1 0
11.010000 2 0
11.010000 3 0
11.010000 4 0
11.010000 5 0
11.010000 6 0
11.010000 7 0
11.010000 8 0
11.010000 9 0
11.010000 10 0
11.010000 11 0
11.010000 12 0
12.010000 0 0
12.010000 1 0
12.010000 2 0
12.010000 3 0
12.010000 4 0
12.010000 5 0
12.010000 6 0
12.010000 7 0
12.010000 8 0
12.010000 9 0
12.010000 10 0
12.010000 11 0
12.010000 12 0
13.010000 0 0
13.010000 1 0
13.010000 2 0
13.010000 3 0
13.010000 4 0
13.010000 5 0
13.010000 6 0
13.010000 7 0
13.010000 8 0
13.010000 9 0
13.010000 10 0
13.010000 11 0
13.010000 12 0
14.010000 0 0
14.010000 1 0
14.010000 2 0
14.010000 3 0
14.010000 4 0
14.010000 5 0
14.010000 6 0
14.010000 7 0
14.010000 8 0
14.010000 9 0
14.010000 10 0
14.010000 11 0
14.010000 12 0
15.010000 0 2
15.010000 1 2
15.010000 2 3
15.010000 3 3
15.010000 4 3
15.010000 5 3
15.010000 6 3
15.010000 7 2
15.010000 8 3
15.010000 9 3
15.010000 10 3
15.010000 11 2
15.010000 12 3
16.010000 0 710
16.010000 1 681
16.010000 2 728
16.010000 3 734
16.010000 4 734
16.010000 5 734
16.010000 6 730
16.010000 7 407
16.010000 8 478
16.010000 9 728
16.010000 10 698
16.010000 11 710
16.010000 12 726
17.010000 0 622
17.010000 1 580
17.010000 2 641
17.010000 3 641
17.010000 4 641
17.010000 5 641
17.010000 6 641
17.010000 7 339
17.010000 8 424
17.010000 9 641
17.010000 10 599
17.010000 11 622
17.010000 12 641
18.010000 0 616
18.010000 1 553
18.010000 2 635
18.010000 3 635
18.010000 4 635
18.010000 5 635
18.010000 6 635
18.010000 7 336
18.010000 8 473
18.010000 9 635
18.010000 10 562
18.010000 11 616
18.010000 12 635
19.010000 0 608
19.010000 1 525
19.010000 2 647
19.010000 3 647
19.010000 4 647
19.010000 5 647
19.010000 6 647
19.010000 7 363
19.010000 8 514
19.010000 9 647
19.010000 10 578
19.010000 11 608
19.010000 12 647
20.010000 0 573
20.010000 1 479
20.010000 2 602
20.010000 3 602
20.010000 4 602
20.010000 5 602
20.010000 6 602
20.010000 7 330
20.010000 8 503
20.010000 9 602
20.010000 10 523
20.010000 11 573
20.010000 12 602
21.010000 0 617
21.010000 1 528
21.010000 2 661
21.010000 3 661
21.010000 4 661
21.010000 5 661
21.010000 6 661
21.010000 7 375
21.010000 8 558
21.010000 9 661
21.010000 10 566
21.010000 11 617
21.010000 12 661
22.010000 0 682
22.010000 1 528
22.010000 2 716
22.010000 3 716
22.010000 4 716
22.010000 5 716
22.010000 6 716
22.010000 7 391
22.010000 8 691
22.010000 9 716
22.010000 10 572
22.010000 11 682
22.010000 12 716
23.010000 0 634
23.010000 1 542
23.010000 2 651
23.010000 3 651
23.010000 4 651
23.010000 5 651
23.010000 6 651
23.010000 7 343
23.010000 8 561
23.010000 9 651
23.010000 10 524
23.010000 11 634
23.010000 12 651
24.010000 0 642
24.010000 1 534
24.010000 2 658
24.010000 3 658
24.010000 4 658
24.010000 5 658
24.010000 6 658
24.010000 7 345
24.010000 8 550
24.010000 9 658
24.010000 10 561
24.010000 11 642
24.010000 12 658
25.010000 0 648
25.010000 1 550
25.010000 2 666
25.010000 3 666
25.010000 4 666
25.010000 5 666
25.010000 6 666
25.010000 7 352
25.010000 8 542
25.010000 9 666
25.010000 10 572
25.010000 11 648
25.010000 12 666
26.010000 0 627
26.010000 1 529
26.010000 2 643
26.010000 3 643
26.010000 4 643
26.010000 5 643
26.010000 6 643
26.010000 7 339
26.010000 8 529
26.010000 9 643
26.010000 10 548
26.010000 11 627
26.010000 12 643
27.010000 0 656
27.010000 1 561
27.010000 2 670
27.010000 3 670
27.010000 4 670
27.010000 5 670
27.010000 6 670
27.010000 7 350
27.010000 8 534
27.010000 9 670
27.010000 10 579
27.010000 11 656
27.010000 12 670
28.010000 0 643
28.010000 1 564
28.010000 2 655
28.010000 3 655
28.010000 4 655
28.010000 5 655
28.010000 6 655
28.010000 7 340
28.010000 8 519
28.010000 9 655
28.010000 10 554
28.010000 11 643
28.010000 12 655
29.010000 0 637
29.010000 1 552
29.010000 2 659
29.010000 3 659
29.010000 4 659
29.010000 5 659
29.010000 6 659
29.010000 7 352
29.010000 8 518
29.010000 9 659
29.010000 10 577
29.010000 11 637
29.010000 12 659
30.010000 0 623
30.010000 1 534
30.010000 2 651
30.010000 3 651
30.010000 4 651
30.010000 5 651
30.010000 6 651
30.010000 7 353
30.010000 8 519
30.010000 9 651
30.010000 10 575
30.010000 11 623
30.010000 12 651
31.010000 0 652
31.010000 1 559
31.010000 2 668
31.010000 3 668
31.010000 4 668
31.010000 5 668
31.010000 6 668
31.010000 7 351
31.010000 8 534
31.010000 9 668
31.010000 10 576
31.010000 11 652
31.010000 12 668
32.010000 0 639
32.010000 1 558
32.010000 2 657
32.010000 3 657
32.010000 4 657
32.010000 5 657
32.010000 6 657
32.010000 7 348
32.010000 8 524
32.010000 9 657
32.010000 10 559
32.010000 11 639
32.010000 12 657
33.010000 0 622
33.010000 1 530
33.010000 2 653
33.010000 3 653
33.010000 4 653
33.010000 5 653
33.010000 6 653
33.010000 7 358
33.010000 8 526
33.010000 9 653
33.010000 10 576
33.010000 11 622
33.010000 12 653
34.010000 0 621
34.010000 1 528
34.010000 2 660
34.010000 3 660
34.010000 4 660
34.010000 5 660
34.010000 6 660
34.010000 7 369
34.010000 8 542
34.010000 9 660
34.010000 10 580
34.010000 11 621
34.010000 12 660
35.010000 0 644
35.010000 1 559
35.010000 2 660
35.010000 3 660
35.010000 4 660
35.010000 5 660
35.010000 6 660
35.010000 7 347
35.010000 8 534
35.010000 9 660
35.010000 10 556
35.010000 11 644
35.010000 12 660
36.010000 0 636
36.010000 1 547
36.010000 2 665
36.010000 3 665
36.010000 4 665
36.010000 5 665
36.010000 6 665
36.010000 7 361
36.010000 8 541
36.010000 9 665
36.010000 10 575
36.010000 11 636
36.010000 12 665
37.010000 0 600
37.010000 1 506
37.010000 2 639
37.010000 3 639
37.010000 4 639
37.010000 5 639
37.010000 6 639
37.010000 7 361
37.010000 8 526
37.010000 9 639
37.010000 10 563
37.010000 11 600
37.010000 12 639
38.010000 0 642
38.010000 1 550
38.010000 2 674
38.010000 3 674
38.010000 4 674
38.010000 5 674
38.010000 6 674
38.010000 7 369
38.010000 8 541
38.010000 9 674
38.010000 10 594
38.010000 11 642
38.010000 12 674
39.010000 0 636
39.010000 1 562
39.010000 2 654
39.010000 3 654
39.010000 4 654
39.010000 5 654
39.010000 6 654
39.010000 7 346
39.010000 8 540
39.010000 9 654
39.010000 10 532
39.010000 11 636
39.010000 12 654
40.010000 0 612
40.010000 1 529
40.010000 2 650
40.010000 3 650
40.010000 4 650
40.010000 5 650
40.010000 6 650
40.010000 7 361
40.010000 8 528
40.010000 9 650
40.010000 10 570
40.010000 11 612
40.010000 12 650
41.010000 0 656
41.010000 1 548
41.010000 2 688
41.010000 3 688
41.010000 4 688
41.010000 5 688
41.010000 6 688
41.010000 7 376
41.010000 8 565
41.010000 9 688
41.010000 10 607
41.010000 11 656
41.010000 12 688
42.010000 0 650
42.010000 1 564
42.010000 2 662
42.010000 3 662
42.010000 4 662
42.010000 5 662
42.010000 6 662
42.010000 7 343
42.010000 8 515
42.010000 9 662
42.010000 10 576
42.010000 11 650
42.010000 12 662
43.010000 0 640
43.010000 1 549
43.010000 2 662
43.010000 3 662
43.010000 4 662
43.010000 5 662
43.010000 6 662
43.010000 7 355
43.010000 8 521
43.010000 9 662
43.010000 10 583
43.010000 11 640
43.010000 12 662
44.010000 0 647
44.010000 1 572
44.010000 2 663
44.010000 3 663
44.010000 4 663
44.010000 5 663
44.010000 6 663
44.010000 7 348
44.010000 8 531
44.010000 9 663
44.010000 10 554
44.010000 11 647
44.010000 12 663
45.010000 0 611
45.010000 1 523
45.010000 2 641
45.010000 3 641
45.010000 4 641
45.010000 5 641
45.010000 6 641
45.010000 7 351
45.010000 8 513
45.010000 9 641
45.010000 10 566
45.010000 11 611
45.010000 12 641
46.010000 0 655
46.010000 1 562
46.010000 2 680
46.010000 3 680
46.010000 4 680
46.010000 5 680
46.010000 6 680
46.010000 7 364
46.010000 8 557
46.010000 9 680
46.010000 10 582
46.010000 11 655
46.010000 12 680
47.010000 0 626
47.010000 1 533
47.010000 2 646
47.010000 3 646
47.010000 4 646
47.010000 5 646
47.010000 6 646
47.010000 7 343
47.010000 8 511
47.010000 9 646
47.010000 10 571
47.010000 11 626
47.010000 12 646
48.010000 0 624
48.010000 1 527
48.010000 2 652
48.010000 3 652
48.010000 4 652
48.010000 5 652
48.010000 6 652
48.010000 7 355
48.010000 8 536
48.010000 9 652
48.010000 10 566
48.010000 11 624
48.010000 12 652
49.010000 0 609
49.010000 1 528
49.010000 2 651
49.010000 3 651
49.010000 4 651
49.010000 5 651
49.010000 6 651
49.010000 7 367
49.010000 8 541
49.010000 9 651
49.010000 10 559
49.010000 11 609
49.010000 12 651
50.010000 0 647
50.010000 1 570
50.010000 2 663
50.010000 3 663
50.010000 4 663
50.010000 5 663
50.010000 6 663
50.010000 7 347
50.010000 8 529
50.010000 9 663
50.010000 10 559
50.010000 11 647
50.010000 12 663
51.010000 0 616
51.010000 1 517
51.010000 2 647
51.010000 3 647
51.010000 4 647
51.010000 5 647
51.010000 6 647
51.010000 7 354
51.010000 8 534
51.010000 9 647
51.010000 10 567
51.010000 11 616
51.010000 12 647
52.010000 0 640
52.010000 1 539
52.010000 2 670
52.010000 3 670
52.010000 4 670
52.010000 5 670
52.010000 6 670
52.010000 7 365
52.010000 8 553
52.010000 9 670
52.010000 10 583
52.010000 11 640
52.010000 12 670
53.010000 0 642
53.010000 1 503
53.010000 2 676
53.010000 3 676
53.010000 4 676
53.010000 5 676
53.010000 6 676
53.010000 7 375
53.010000 8 649
53.010000 9 676
53.010000 10 535
53.010000 11 642
53.010000 12 676
54.010000 0 638
54.010000 1 510
54.010000 2 668
54.010000 3 668
54.010000 4 668
54.010000 5 668
54.010000 6 668
54.010000 7 363
54.010000 8 627
54.010000 9 668
54.010000 10 534
54.010000 11 638
54.010000 12 668
55.010000 0 619
55.010000 1 504
55.010000 2 643
55.010000 3 643
55.010000 4 643
55.010000 5 643
55.010000 6 643
55.010000 7 348
55.010000 8 579
55.010000 9 643
55.010000 10 522
55.010000 11 619
55.010000 12 643
56.010000 0 640
56.010000 1 511
56.010000 2 675
56.010000 3 675
56.010000 4 675
56.010000 5 675
56.010000 6 675
56.010000 7 373
56.010000 8 621
56.010000 9 675
56.010000 10 555
56.010000 11 640
56.010000 12 675
57.010000 0 599
57.010000 1 502
57.010000 2 629
57.010000 3 629
57.010000 4 629
57.010000 5 629
57.010000 6 629
57.010000 7 345
57.010000 8 552
57.010000 9 629
57.010000 10 518
57.010000 11 599
57.010000 12 629
58.010000 0 621
58.010000 1 506
58.010000 2 663
58.010000 3 663
58.010000 4 663
58.010000 5 663
58.010000 6 663
58.010000 7 374
58.010000 8 589
58.010000 9 663
58.010000 10 562
58.010000 11 621
58.010000 12 663
59.010000 0 627
59.010000 1 526
59.010000 2 651
59.010000 3 651
59.010000 4 651
59.010000 5 651
59.010000 6 651
59.010000 7 349
59.010000 8 549
59.010000 9 651
59.010000 10 553
59.010000 11 627
59.010000 12 651
60.010000 0 656
60.010000 1 556
60.010000 2 687
60.010000 3 687
60.010000 4 687
60.010000 5 687
60.010000 6 687
60.010000 7 375
60.010000 8 559
60.010000 9 687
60.010000 10 602
60.010000 11 656
60.010000 12 687
61.010000 0 606
61.010000 1 524
61.010000 2 647
61.010000 3 647
61.010000 4 647
61.010000 5 647
61.010000 6 647
61.010000 7 366
61.010000 8 547
61.010000 9 647
61.010000 10 545
61.010000 11 606
61.010000 12 647
62.010000 0 616
62.010000 1 532
62.010000 2 642
62.010000 3 642
62.010000 4 642
62.010000 5 642
62.010000 6 642
62.010000 7 347
62.010000 8 531
62.010000 9 642
62.010000 10 542
62.010000 11 616
62.010000 12 642
63.010000 0 626
63.010000 1 519
63.010000 2 672
63.010000 3 672
63.010000 4 672
63.010000 5 672
63.010000 6 672
63.010000 7 382
63.010000 8 589
63.010000 9 672
63.010000 10 572
63.010000 11 626
63.010000 12 672
64.010000 0 622
64.010000 1 518
64.010000 2 678
64.010000 3 678
64.010000 4 678
64.010000 5 678
64.010000 6 678
64.010000 7 395
64.010000 8 581
64.010000 9 678
64.010000 10 596
64.010000 11 622
64.010000 12 678
65.010000 0 591
65.010000 1 501
65.010000 2 639
65.010000 3 639
65.010000 4 639
65.010000 5 639
65.010000 6 639
65.010000 7 369
65.010000 8 539
65.010000 9 639
65.010000 10 556
65.010000 11 591
65.010000 12 639
66.010000 0 593
66.010000 1 505
66.010000 2 651
66.010000 3 651
66.010000 4 651
66.010000 5 651
66.010000 6 651
66.010000 7 383
66.010000 8 564
66.010000 9 651
66.010000 10 559
66.010000 11 593
66.010000 12 651
67.010000 0 596
67.010000 1 519
67.010000 2 652
67.010000 3 652
67.010000 4 652
67.010000 5 652
67.010000 6 652
67.010000 7 386
67.010000 8 556
67.010000 9 652
67.010000 10 551
67.010000 11 596
67.010000 12 652
68.010000 0 623
68.010000 1 531
68.010000 2 672
68.010000 3 672
68.010000 4 672
68.010000 5 672
68.010000 6 672
68.010000 7 384
68.010000 8 561
68.010000 9 672
68.010000 10 589
68.010000 11 623
68.010000 12 672
69.010000 0 602
69.010000 1 508
69.010000 2 644
69.010000 3 644
69.010000 4 644
69.010000 5 644
69.010000 6 644
69.010000 7 364
69.010000 8 546
69.010000 9 644
69.010000 10 556
69.010000 11 602
69.010000 12 644
70.010000 0 616
70.010000 1 545
70.010000 2 666
70.010000 3 666
70.010000 4 666
70.010000 5 666
70.010000 6 666
70.010000 7 385
70.010000 8 541
70.010000 9 666
70.010000 10 577
70.010000 11 616
70.010000 12 666
71.010000 0 598
71.010000 1 507
71.010000 2 657
71.010000 3 657
71.010000 4 657
71.010000 5 657
71.010000 6 657
71.010000 7 388
71.010000 8 558
71.010000 9 657
71.010000 10 577
71.010000 11 598
71.010000 12 657
72.010000 0 619
72.010000 1 526
72.010000 2 659
72.010000 3 659
72.010000 4 659
72.010000 5 659
72.010000 6 659
72.010000 7 370
72.010000 8 548
72.010000 9 659
72.010000 10 573
72.010000 11 619
72.010000 12 659
73.010000 0 612
73.010000 1 512
73.010000 2 666
73.010000 3 666
73.010000 4 666
73.010000 5 666
73.010000 6 666
73.010000 7 387
73.010000 8 606
73.010000 9 666
73.010000 10 547
73.010000 11 612
73.010000 12 666
74.010000 0 651
74.010000 1 530
74.010000 2 693
74.010000 3 693
74.010000 4 693
74.010000 5 693
74.010000 6 693
74.010000 7 388
74.010000 8 620
74.010000 9 693
74.010000 10 583
74.010000 11 651
74.010000 12 693
75.010000 0 626
75.010000 1 524
75.010000 2 655
75.010000 3 655
75.010000 4 655
75.010000 5 655
75.010000 6 655
75.010000 7 358
75.010000 8 566
75.010000 9 655
75.010000 10 546
75.010000 11 626
75.010000 12 655
76.010000 0 609
76.010000 1 510
76.010000 2 646
76.010000 3 646
76.010000 4 646
76.010000 5 646
76.010000 6 646
76.010000 7 360
76.010000 8 556
76.010000 9 646
76.010000 10 549
76.010000 11 609
76.010000 12 646
77.010000 0 626
77.010000 1 532
77.010000 2 668
77.010000 3 668
77.010000 4 668
77.010000 5 668
77.010000 6 668
77.010000 7 376
77.010000 8 573
77.010000 9 668
77.010000 10 565
77.010000 11 626
77.010000 12 668
78.010000 0 610
78.010000 1 522
78.010000 2 642
78.010000 3 642
78.010000 4 642
78.010000 5 642
78.010000 6 642
78.010000 7 354
78.010000 8 530
78.010000 9 642
78.010000 10 552
78.010000 11 610
78.010000 12 642
79.010000 0 624
79.010000 1 517
79.010000 2 662
79.010000 3 662
79.010000 4 662
79.010000 5 662
79.010000 6 662
79.010000 7 368
79.010000 8 566
79.010000 9 662
79.010000 10 573
79.010000 11 624
79.010000 12 662
80.010000 0 613
80.010000 1 526
80.010000 2 646
80.010000 3 646
80.010000 4 646
80.010000 5 646
80.010000 6 646
80.010000 7 356
80.010000 8 539
80.010000 9 646
80.010000 10 550
80.010000 11 613
80.010000 12 646
81.010000 0 673
81.010000 1 562
81.010000 2 701
81.010000 3 701
81.010000 4 701
81.010000 5 701
81.010000 6 701
81.010000 7 380
81.010000 8 594
81.010000 9 701
81.010000 10 595
81.010000 11 673
81.010000 12 701
82.010000 0 621
82.010000 1 518
82.010000 2 647
82.010000 3 647
82.010000 4 647
82.010000 5 647
82.010000 6 647
82.010000 7 349
82.010000 8 561
82.010000 9 647
82.010000 10 539
82.010000 11 621
82.010000 12 647
83.010000 0 624
83.010000 1 518
83.010000 2 654
83.010000 3 654
83.010000 4 654
83.010000 5 654
83.010000 6 654
83.010000 7 358
83.010000 8 562
83.010000 9 654
83.010000 10 554
83.010000 11 624
83.010000 12 654
84.010000 0 620
84.010000 1 521
84.010000 2 650
84.010000 3 650
84.010000 4 650
84.010000 5 650
84.010000 6 650
84.010000 7 354
84.010000 8 544
84.010000 9 650
84.010000 10 561
84.010000 11 620
84.010000 12 650
85.010000 0 638
85.010000 1 541
85.010000 2 658
85.010000 3 658
85.010000 4 658
85.010000 5 658
85.010000 6 658
85.010000 7 349
85.010000 8 545
85.010000 9 658
85.010000 10 559
85.010000 11 638
85.010000 12 658
86.010000 0 630
86.010000 1 542
86.010000 2 666
86.010000 3 666
86.010000 4 666
86.010000 5 666
86.010000 6 666
86.010000 7 369
86.010000 8 565
86.010000 9 666
86.010000 10 558
86.010000 11 630
86.010000 12 666
87.010000 0 604
87.010000 1 519
87.010000 2 634
87.010000 3 634
87.010000 4 634
87.010000 5 634
87.010000 6 634
87.010000 7 347
87.010000 8 518
87.010000 9 634
87.010000 10 548
87.010000 11 604
87.010000 12 634
88.010000 0 639
88.010000 1 538
88.010000 2 673
88.010000 3 673
88.010000 4 673
88.010000 5 673
88.010000 6 673
88.010000 7 370
88.010000 8 556
88.010000 9 673
88.010000 10 589
88.010000 11 639
88.010000 12 673
89.010000 0 621
89.010000 1 516
89.010000 2 664
89.010000 3 664
89.010000 4 664
89.010000 5 664
89.010000 6 664
89.010000 7 375
89.010000 8 593
89.010000 9 664
89.010000 10 551
89.010000 11 621
89.010000 12 664
90.010000 0 623
90.010000 1 509
90.010000 2 661
90.010000 3 661
90.010000 4 661
90.010000 5 661
90.010000 6 661
90.010000 7 369
90.010000 8 599
90.010000 9 661
90.010000 10 544
90.010000 11 623
90.010000 12 661
91.010000 0 617
91.010000 1 517
91.010000 2 657
91.010000 3 657
91.010000 4 657
91.010000 5 657
91.010000 6 657
91.010000 7 368
91.010000 8 567
91.010000 9 657
91.010000 10 559
91.010000 11 617
91.010000 12 657
92.010000 0 611
92.010000 1 527
92.010000 2 645
92.010000 3 645
92.010000 4 645
92.010000 5 645
92.010000 6 645
92.010000 7 356
92.010000 8 557
92.010000 9 645
92.010000 10 529
92.010000 11 611
92.010000 12 645
93.010000 0 600
93.010000 1 475
93.010000 2 656
93.010000 3 656
93.010000 4 656
93.010000 5 656
93.010000 6 656
93.010000 7 384
93.010000 8 575
93.010000 9 656
93.010000 10 590
93.010000 11 600
93.010000 12 656
94.010000 0 631
94.010000 1 527
94.010000 2 666
94.010000 3 666
94.010000 4 666
94.010000 5 666
94.010000 6 666
94.010000 7 370
94.010000 8 574
94.010000 9 666
94.010000 10 562
94.010000 11 631
94.010000 12 666
95.010000 0 655
95.010000 1 571
95.010000 2 679
95.010000 3 679
95.010000 4 679
95.010000 5 679
95.010000 6 679
95.010000 7 363
95.010000 8 563
95.010000 9 679
95.010000 10 564
95.010000 11 655
95.010000 12 679
96.010000 0 695
96.010000 1 614
96.010000 2 723
96.010000 3 723
96.010000 4 723
96.010000 5 723
96.010000 6 723
96.010000 7 389
96.010000 8 552
96.010000 9 723
96.010000 10 642
96.010000 11 695
96.010000 12 723
97.010000 0 604
97.010000 1 548
97.010000 2 620
97.010000 3 620
97.010000 4 620
97.010000 5 620
97.010000 6 620
97.010000 7 327
97.010000 8 431
97.010000 9 620
97.010000 10 570
97.010000 11 604
97.010000 12 620
98.010000 0 664
98.010000 1 582
98.010000 2 682
98.010000 3 682
98.010000 4 682
98.010000 5 682
98.010000 6 682
98.010000 7 358
98.010000 8 516
98.010000 9 682
98.010000 10 608
98.010000 11 664
98.010000 12 682
99.010000 0 635
99.010000 1 568
99.010000 2 653
99.010000 3 653
99.010000 4 653
99.010000 5 653
99.010000 6 653
99.010000 7 344
99.010000 8 481
99.010000 9 653
99.010000 10 584
99.010000 11 635
99.010000 12 653
100.010000 0 639
100.010000 1 569
100.010000 2 657
100.010000 3 657
100.010000 4 657
100.010000 5 657
100.010000 6 657
100.010000 7 347
100.010000 8 489
100.010000 9 657
100.010000 10 584
100.010000 11 639
100.010000 12 657
101.010000 0 624
101.010000 1 554
101.010000 2 646
101.010000 3 646
101.010000 4 646
101.010000 5 646
101.010000 6 646
101.010000 7 345
101.010000 8 485
101.010000 9 646
101.010000 10 576
101.010000 11 624
101.010000 12 646
102.010000 0 620
102.010000 1 535
102.010000 2 642
102.010000 3 642
102.010000 4 642
102.010000 5 642
102.010000 6 642
102.010000 7 342
102.010000 8 510
102.010000 9 642
102.010000 10 561
102.010000 11 620
102.010000 12 642
103.010000 0 655
103.010000 1 572
103.010000 2 682
103.010000 3 682
103.010000 4 682
103.010000 5 682
103.010000 6 682
103.010000 7 369
103.010000 8 540
103.010000 9 682
103.010000 10 592
103.010000 11 655
103.010000 12 682
104.010000 0 622
104.010000 1 540
104.010000 2 642
104.010000 3 642
104.010000 4 642
104.010000 5 642
104.010000 6 642
104.010000 7 340
104.010000 8 504
104.010000 9 642
104.010000 10 562
104.010000 11 622
104.010000 12 642
105.010000 0 638
105.010000 1 566
105.010000 2 660
105.010000 3 660
105.010000 4 660
105.010000 5 660
105.010000 6 660
105.010000 7 352
105.010000 8 517
105.010000 9 660
105.010000 10 567
105.010000 11 638
105.010000 12 660
106.010000 0 629
106.010000 1 544
106.010000 2 663
106.010000 3 663
106.010000 4 663
106.010000 5 663
106.010000 6 663
106.010000 7 367
106.010000 8 535
106.010000 9 663
106.010000 10 577
106.010000 11 629
106.010000 12 663
107.010000 0 621
107.010000 1 509
107.010000 2 662
107.010000 3 662
107.010000 4 662
107.010000 5 662
107.010000 6 662
107.010000 7 372
107.010000 8 549
107.010000 9 662
107.010000 10 597
107.010000 11 621
107.010000 12 662
108.010000 0 619
108.010000 1 531
108.010000 2 637
108.010000 3 637
108.010000 4 637
108.010000 5 637
108.010000 6 637
108.010000 7 337
108.010000 8 510
108.010000 9 637
108.010000 10 551
108.010000 11 619
108.010000 12 637
109.010000 0 633
109.010000 1 558
109.010000 2 668
109.010000 3 668
109.010000 4 668
109.010000 5 668
109.010000 6 668
109.010000 7 370
109.010000 8 553
109.010000 9 668
109.010000 10 558
109.010000 11 633
109.010000 12 668
110.010000 0 635
110.010000 1 553
110.010000 2 675
110.010000 3 675
110.010000 4 675
110.010000 5 675
110.010000 6 675
110.010000 7 379
110.010000 8 549
110.010000 9 675
110.010000 10 584
110.010000 11 635
110.010000 12 675
111.010000 0 680
111.010000 1 604
111.010000 2 699
111.010000 3 699
111.010000 4 699
111.010000 5 699
111.010000 6 699
111.010000 7 369
111.010000 8 501
111.010000 9 699
111.010000 10 642
111.010000 11 680
111.010000 12 699
112.010000 0 592
112.010000 1 528
112.010000 2 637
112.010000 3 637
112.010000 4 637
112.010000 5 637
112.010000 6 637
112.010000 7 364
112.010000 8 474
112.010000 9 637
112.010000 10 590
112.010000 11 592
112.010000 12 637
113.010000 0 595
113.010000 1 516
113.010000 2 641
113.010000 3 641
113.010000 4 641
113.010000 5 641
113.010000 6 641
113.010000 7 368
113.010000 8 509
113.010000 9 641
113.010000 10 576
113.010000 11 595
113.010000 12 641
114.010000 0 623
114.010000 1 555
114.010000 2 660
114.010000 3 660
114.010000 4 660
114.010000 5 660
114.010000 6 660
114.010000 7 367
114.010000 8 525
114.010000 9 660
114.010000 10 570
114.010000 11 623
114.010000 12 660
115.010000 0 627
115.010000 1 554
115.010000 2 660
115.010000 3 660
115.010000 4 660
115.010000 5 660
115.010000 6 660
115.010000 7 363
115.010000 8 534
115.010000 9 660
115.010000 10 562
115.010000 11 627
115.010000 12 660
116.010000 0 587
116.010000 1 502
116.010000 2 642
116.010000 3 642
116.010000 4 642
116.010000 5 642
116.010000 6 642
116.010000 7 375
116.010000 8 534
116.010000 9 642
116.010000 10 570
116.010000 11 587
116.010000 12 642
117.010000 0 602
117.010000 1 500
117.010000 2 658
117.010000 3 658
117.010000 4 658
117.010000 5 658
117.010000 6 658
117.010000 7 386
117.010000 8 547
117.010000 9 658
117.010000 10 597
117.010000 11 602
117.010000 12 658
118.010000 0 622
118.010000 1 557
118.010000 2 648
118.010000 3 648
118.010000 4 648
118.010000 5 648
118.010000 6 648
118.010000 7 350
118.010000 8 523
118.010000 9 648
118.010000 10 540
118.010000 11 622
118.010000 12 648
119.010000 0 618
119.010000 1 537
119.010000 2 664
119.010000 3 664
119.010000 4 664
119.010000 5 664
119.010000 6 664
119.010000 7 378
119.010000 8 548
119.010000 9 664
119.010000 10 575
119.010000 11 618
119.010000 12 664
120.010000 0 604
120.010000 1 505
120.010000 2 654
120.010000 3 654
120.010000 4 654
120.010000 5 654
120.010000 6 654
120.010000 7 378
120.010000 8 548
120.010000 9 654
120.010000 10 581
120.010000 11 604
120.010000 12 654
121.010000 0 634
121.010000 1 528
121.010000 2 672
121.010000 3 672
121.010000 4 672
121.010000 5 672
121.010000 6 672
121.010000 7 374
121.010000 8 582
121.010000 9 672
121.010000 10 570
121.010000 11 634
121.010000 12 672
122.010000 0 674
122.010000 1 554
122.010000 2 712
122.010000 3 712
122.010000 4 712
122.010000 5 712
122.010000 6 712
122.010000 7 395
122.010000 8 625
122.010000 9 712
122.010000 10 600
122.010000 11 674
122.010000 12 712
123.010000 0 620
123.010000 1 531
123.010000 2 640
123.010000 3 640
123.010000 4 640
123.010000 5 640
123.010000 6 640
123.010000 7 340
123.010000 8 525
123.010000 9 640
123.010000 10 544
123.010000 11 620
123.010000 12 640
124.010000 0 602
124.010000 1 503
124.010000 2 632
124.010000 3 632
124.010000 4 632
124.010000 5 632
124.010000 6 632
124.010000 7 346
124.010000 8 540
124.010000 9 632
124.010000 10 537
124.010000 11 602
124.010000 12 632
125.010000 0 634
125.010000 1 534
125.010000 2 664
125.010000 3 664
125.010000 4 664
125.010000 5 664
125.010000 6 664
125.010000 7 362
125.010000 8 560
125.010000 9 664
125.010000 10 566
125.010000 11 634
125.010000 12 664
126.010000 0 634
126.010000 1 541
126.010000 2 658
126.010000 3 658
126.010000 4 658
126.010000 5 658
126.010000 6 658
126.010000 7 354
126.010000 8 554
126.010000 9 658
126.010000 10 549
126.010000 11 634
126.010000 12 658
127.010000 0 612
127.010000 1 525
127.010000 2 650
127.010000 3 650
127.010000 4 650
127.010000 5 650
127.010000 6 650
127.010000 7 362
127.010000 8 540
127.010000 9 650
127.010000 10 561
127.010000 11 612
127.010000 12 650
128.010000 0 638
128.010000 1 529
128.010000 2 685
128.010000 3 685
128.010000 4 685
128.010000 5 685
128.010000 6 685
128.010000 7 389
128.010000 8 604
128.010000 9 685
128.010000 10 580
128.010000 11 638
128.010000 12 685
129.010000 0 600
129.010000 1 485
129.010000 2 640
129.010000 3 640
129.010000 4 640
129.010000 5 640
129.010000 6 640
129.010000 7 361
129.010000 8 584
129.010000 9 640
129.010000 10 530
129.010000 11 600
129.010000 12 640
130.010000 0 614
130.010000 1 502
130.010000 2 654
130.010000 3 654
130.010000 4 654
130.010000 5 654
130.010000 6 654
130.010000 7 367
130.010000 8 576
130.010000 9 654
130.010000 10 557
130.010000 11 614
130.010000 12 654
131.010000 0 614
131.010000 1 515
131.010000 2 658
131.010000 3 658
131.010000 4 658
131.010000 5 658
131.010000 6 658
131.010000 7 374
131.010000 8 586
131.010000 9 658
131.010000 10 543
131.010000 11 614
131.010000 12 658
132.010000 0 604
132.010000 1 512
132.010000 2 646
132.010000 3 646
132.010000 4 646
132.010000 5 646
132.010000 6 646
132.010000 7 365
132.010000 8 566
132.010000 9 646
132.010000 10 537
132.010000 11 604
132.010000 12 646
133.010000 0 616
133.010000 1 507
133.010000 2 656
133.010000 3 656
133.010000 4 656
133.010000 5 656
133.010000 6 656
133.010000 7 368
133.010000 8 561
133.010000 9 656
133.010000 10 572
133.010000 11 616
133.010000 12 656
134.010000 0 624
134.010000 1 519
134.010000 2 680
134.010000 3 680
134.010000 4 680
134.010000 5 680
134.010000 6 680
134.010000 7 397
134.010000 8 589
134.010000 9 680
134.010000 10 591
134.010000 11 624
134.010000 12 680
135.010000 0 630
135.010000 1 545
135.010000 2 686
135.010000 3 686
135.010000 4 686
135.010000 5 686
135.010000 6 686
135.010000 7 399
135.010000 8 577
135.010000 9 686
135.010000 10 593
135.010000 11 630
135.010000 12 686
136.010000 0 656
136.010000 1 580
136.010000 2 700
136.010000 3 700
136.010000 4 700
136.010000 5 700
136.010000 6 700
136.010000 7 394
136.010000 8 569
136.010000 9 700
136.010000 10 601
136.010000 11 656
136.010000 12 700
137.010000 0 614
137.010000 1 532
137.010000 2 641
137.010000 3 641
137.010000 4 641
137.010000 5 641
137.010000 6 641
137.010000 7 346
137.010000 8 499
137.010000 9 641
137.010000 10 573
137.010000 11 614
137.010000 12 641
138.010000 0 610
138.010000 1 525
138.010000 2 644
138.010000 3 644
138.010000 4 644
138.010000 5 644
138.010000 6 644
138.010000 7 357
138.010000 8 524
138.010000 9 644
138.010000 10 560
138.010000 11 610
138.010000 12 644
139.010000 0 612
139.010000 1 540
139.010000 2 648
139.010000 3 648
139.010000 4 648
139.010000 5 648
139.010000 6 648
139.010000 7 359
139.010000 8 519
139.010000 9 648
139.010000 10 562
139.010000 11 612
139.010000 12 648
140.010000 0 633
140.010000 1 540
140.010000 2 663
140.010000 3 663
140.010000 4 663
140.010000 5 663
140.010000 6 663
140.010000 7 364
140.010000 8 514
140.010000 9 663
140.010000 10 601
140.010000 11 633
140.010000 12 663
141.010000 0 628
141.010000 1 553
141.010000 2 652
141.010000 3 652
141.010000 4 652
141.010000 5 652
141.010000 6 652
141.010000 7 349
141.010000 8 519
141.010000 9 652
141.010000 10 559
141.010000 11 628
141.010000 12 652
142.010000 0 608
142.010000 1 527
142.010000 2 654
142.010000 3 654
142.010000 4 654
142.010000 5 654
142.010000 6 654
142.010000 7 374
142.010000 8 533
142.010000 9 654
142.010000 10 574
142.010000 11 608
142.010000 12 654
143.010000 0 621
143.010000 1 541
143.010000 2 661
143.010000 3 661
143.010000 4 661
143.010000 5 661
143.010000 6 661
143.010000 7 371
143.010000 8 542
143.010000 9 661
143.010000 10 569
143.010000 11 621
143.010000 12 661
144.010000 0 618
144.010000 1 529
144.010000 2 648
144.010000 3 648
144.010000 4 648
144.010000 5 648
144.010000 6 648
144.010000 7 355
144.010000 8 533
144.010000 9 648
144.010000 10 557
144.010000 11 618
144.010000 12 648
145.010000 0 614
145.010000 1 511
145.010000 2 656
145.010000 3 656
145.010000 4 656
145.010000 5 656
145.010000 6 656
145.010000 7 370
145.010000 8 542
145.010000 9 656
145.010000 10 587
145.010000 11 614
145.010000 12 656
146.010000 0 616
146.010000 1 513
146.010000 2 668
146.010000 3 668
146.010000 4 668
146.010000 5 668
146.010000 6 668
146.010000 7 387
146.010000 8 619
146.010000 9 668
146.010000 10 537
146.010000 11 616
146.010000 12 668
147.010000 0 617
147.010000 1 528
147.010000 2 657
147.010000 3 657
147.010000 4 657
147.010000 5 657
147.010000 6 657
147.010000 7 369
147.010000 8 566
147.010000 9 657
147.010000 10 548
147.010000 11 617
147.010000 12 657
148.010000 0 612
148.010000 1 498
148.010000 2 658
148.010000 3 658
148.010000 4 658
148.010000 5 658
148.010000 6 658
148.010000 7 376
148.010000 8 581
148.010000 9 658
148.010000 10 565
148.010000 11 612
148.010000 12 658
149.010000 0 613
149.010000 1 503
149.010000 2 657
149.010000 3 657
149.010000 4 657
149.010000 5 657
149.010000 6 657
149.010000 7 372
149.010000 8 581
149.010000 9 657
149.010000 10 559
149.010000 11 613
149.010000 12 657
