0.010000 0 19991590273549710947573483623451459584.000000
0.010000 1 19991590273549710947573483623451459584.000000
0.010000 2 19991590273549710947573483623451459584.000000
0.010000 3 19991590273549710947573483623451459584.000000
0.010000 4 19991590273549710947573483623451459584.000000
0.010000 5 19991590273549710947573483623451459584.000000
0.010000 6 19991590273549710947573483623451459584.000000
0.010000 7 19991590273549710947573483623451459584.000000
0.010000 8 19991590273549710947573483623451459584.000000
0.010000 9 19991590273549710947573483623451459584.000000
0.010000 10 19991590273549710947573483623451459584.000000
0.010000 11 19991590273549710947573483623451459584.000000
0.010000 12 19991590273549710947573483623451459584.000000
0.010000 13 19991590273549710947573483623451459584.000000
0.010000 14 19991590273549710947573483623451459584.000000
0.010000 15 19991590273549710947573483623451459584.000000
0.010000 16 19991590273549710947573483623451459584.000000
0.010000 17 19991590273549710947573483623451459584.000000
0.010000 18 19991590273549710947573483623451459584.000000
0.010000 19 19991590273549710947573483623451459584.000000
0.010000 20 19991590273549710947573483623451459584.000000
0.010000 21 19991590273549710947573483623451459584.000000
0.010000 22 19991590273549710947573483623451459584.000000
0.010000 23 19991590273549710947573483623451459584.000000
0.010000 24 19991590273549710947573483623451459584.000000
0.010000 25 19991590273549710947573483623451459584.000000
0.010000 26 19991590273549710947573483623451459584.000000
1.010000 0 0.000000
1.010000 1 0.000000
1.010000 2 0.000000
1.010000 3 0.000000
1.010000 4 0.000000
1.010000 5 0.000000
1.010000 6 0.000000
1.010000 7 0.000000
1.010000 8 0.000000
1.010000 9 0.000000
1.010000 10 0.000000
1.010000 11 0.000000
1.010000 12 0.000000
1.010000 13 0.000000
1.010000 14 0.000000
1.010000 15 0.000000
1.010000 16 0.000000
1.010000 17 0.000000
1.010000 18 0.000000
1.010000 19 0.000000
1.010000 20 0.000000
1.010000 21 0.000000
1.010000 22 0.000000
1.010000 23 0.000000
1.010000 24 0.000000
1.010000 25 0.000000
1.010000 26 0.000000
2.010000 0 0.000000
2.010000 1 0.000000
2.010000 2 0.000000
2.010000 3 0.000000
2.010000 4 0.000000
2.010000 5 0.000000
2.010000 6 0.000000
2.010000 7 0.000000
2.010000 8 0.000000
2.010000 9 0.000000
2.010000 10 0.000000
2.010000 11 0.000000
2.010000 12 0.000000
2.010000 13 0.000000
2.010000 14 0.000000
2.010000 15 0.000000
2.010000 16 0.000000
2.010000 17 0.000000
2.010000 18 0.000000
2.010000 19 0.000000
2.010000 20 0.000000
2.010000 21 0.000000
2.010000 22 0.000000
2.010000 23 0.000000
2.010000 24 0.000000
2.010000 25 0.000000
2.010000 26 0.000000
3.010000 0 0.000000
3.010000 1 0.000000
3.010000 2 0.000000
3.010000 3 0.000000
3.010000 4 0.000000
3.010000 5 0.000000
3.010000 6 0.000000
3.010000 7 0.000000
3.010000 8 0.000000
3.010000 9 0.000000
3.010000 10 0.000000
3.010000 11 0.000000
3.010000 12 0.000000
3.010000 13 0.000000
3.010000 14 0.000000
3.010000 15 0.000000
3.010000 16 0.000000
3.010000 17 0.000000
3.010000 18 0.000000
3.010000 19 0.000000
3.010000 20 0.000000
3.010000 21 0.000000
3.010000 22 0.000000
3.010000 23 0.000000
3.010000 24 0.000000
3.010000 25 0.000000
3.010000 26 0.000000
4.010000 0 0.000000
4.010000 1 0.000000
4.010000 2 0.000000
4.010000 3 0.000000
4.010000 4 0.000000
4.010000 5 0.000000
4.010000 6 0.000000
4.010000 7 0.000000
4.010000 8 0.000000
4.010000 9 0.000000
4.010000 10 0.000000
4.010000 11 0.000000
4.010000 12 0.000000
4.010000 13 0.000000
4.010000 14 0.000000
4.010000 15 0.000000
4.010000 16 0.000000
4.010000 17 0.000000
4.010000 18 0.000000
4.010000 19 0.000000
4.010000 20 0.000000
4.010000 21 0.000000
4.010000 22 0.000000
4.010000 23 0.000000
4.010000 24 0.000000
4.010000 25 0.000000
4.010000 26 0.000000
5.010000 0 0.000000
5.010000 1 0.000000
5.010000 2 0.000000
5.010000 3 0.000000
5.010000 4 0.000000
5.010000 5 0.000000
5.010000 6 0.000000
5.010000 7 0.000000
5.010000 8 0.000000
5.010000 9 0.000000
5.010000 10 0.000000
5.010000 11 0.000000
5.010000 12 0.000000
5.010000 13 0.000000
5.010000 14 0.000000
5.010000 15 0.000000
5.010000 16 0.000000
5.010000 17 0.000000
5.010000 18 0.000000
5.010000 19 0.000000
5.010000 20 0.000000
5.010000 21 0.000000
5.010000 22 0.000000
5.010000 23 0.000000
5.010000 24 0.000000
5.010000 25 0.000000
5.010000 26 0.000000
6.010000 0 0.000000
6.010000 1 0.000000
6.010000 2 0.000000
6.010000 3 0.000000
6.010000 4 0.000000
6.010000 5 0.000000
6.010000 6 0.000000
6.010000 7 0.000000
6.010000 8 0.000000
6.010000 9 0.000000
6.010000 10 0.000000
6.010000 11 0.000000
6.010000 12 0.000000
6.010000 13 0.000000
6.010000 14 0.000000
6.010000 15 0.000000
6.010000 16 0.000000
6.010000 17 0.000000
6.010000 18 0.000000
6.010000 19 0.000000
6.010000 20 0.000000
6.010000 21 0.000000
6.010000 22 0.000000
6.010000 23 0.000000
6.010000 24 0.000000
6.010000 25 0.000000
6.010000 26 0.000000
7.010000 0 0.000000
7.010000 1 0.000000
7.010000 2 0.000000
7.010000 3 0.000000
7.010000 4 0.000000
7.010000 5 0.000000
7.010000 6 0.000000
7.010000 7 0.000000
7.010000 8 0.000000
7.010000 9 0.000000
7.010000 10 0.000000
7.010000 11 0.000000
7.010000 12 0.000000
7.010000 13 0.000000
7.010000 14 0.000000
7.010000 15 0.000000
7.010000 16 0.000000
7.010000 17 0.000000
7.010000 18 0.000000
7.010000 19 0.000000
7.010000 20 0.000000
7.010000 21 0.000000
7.010000 22 0.000000
7.010000 23 0.000000
7.010000 24 0.000000
7.010000 25 0.000000
7.010000 26 0.000000
8.010000 0 0.000000
8.010000 1 0.000000
8.010000 2 0.000000
8.010000 3 0.000000
8.010000 4 0.000000
8.010000 5 0.000000
8.010000 6 0.000000
8.010000 7 0.000000
8.010000 8 0.000000
8.010000 9 0.000000
8.010000 10 0.000000
8.010000 11 0.000000
8.010000 12 0.000000
8.010000 13 0.000000
8.010000 14 0.000000
8.010000 15 0.000000
8.010000 16 0.000000
8.010000 17 0.000000
8.010000 18 0.000000
8.010000 19 0.000000
8.010000 20 0.000000
8.010000 21 0.000000
8.010000 22 0.000000
8.010000 23 0.000000
8.010000 24 0.000000
8.010000 25 0.000000
8.010000 26 0.000000
9.010000 0 0.000000
9.010000 1 0.000000
9.010000 2 0.000000
9.010000 3 0.000000
9.010000 4 0.000000
9.010000 5 0.000000
9.010000 6 0.000000
9.010000 7 0.000000
9.010000 8 0.000000
9.010000 9 0.000000
9.010000 10 0.000000
9.010000 11 0.000000
9.010000 12 0.000000
9.010000 13 0.000000
9.010000 14 0.000000
9.010000 15 0.000000
9.010000 16 0.000000
9.010000 17 0.000000
9.010000 18 0.000000
9.010000 19 0.000000
9.010000 20 0.000000
9.010000 21 0.000000
9.010000 22 0.000000
9.010000 23 0.000000
9.010000 24 0.000000
9.010000 25 0.000000
9.010000 26 0.000000
10.010000 0 0.000000
10.010000 1 0.000000
10.010000 2 0.000000
10.010000 3 0.000000
10.010000 4 0.000000
10.010000 5 0.000000
10.010000 6 0.000000
10.010000 7 0.000000
10.010000 8 0.000000
10.010000 9 0.000000
10.010000 10 0.000000
10.010000 11 0.000000
10.010000 12 0.000000
10.010000 13 0.000000
10.010000 14 0.000000
10.010000 15 0.000000
10.010000 16 0.000000
10.010000 17 0.000000
10.010000 18 0.000000
10.010000 19 0.000000
10.010000 20 0.000000
10.010000 21 0.000000
10.010000 22 0.000000
10.010000 23 0.000000
10.010000 24 0.000000
10.010000 25 0.000000
10.010000 26 0.000000
11.010000 0 0.000000
11.010000 1 0.000000
11.010000 2 0.000000
11.010000 3 0.000000
11.010000 4 0.000000
11.010000 5 0.000000
11.010000 6 0.000000
11.010000 7 0.000000
11.010000 8 0.000000
11.010000 9 0.000000
11.010000 10 0.000000
11.010000 11 0.000000
11.010000 12 0.000000
11.010000 13 0.000000
11.010000 14 0.000000
11.010000 15 0.000000
11.010000 16 0.000000
11.010000 17 0.000000
11.010000 18 0.000000
11.010000 19 0.000000
11.010000 20 0.000000
11.010000 21 0.000000
11.010000 22 0.000000
11.010000 23 0.000000
11.010000 24 0.000000
11.010000 25 0.000000
11.010000 26 0.000000
12.010000 0 0.000000
12.010000 1 0.000000
12.010000 2 0.000000
12.010000 3 0.000000
12.010000 4 0.000000
12.010000 5 0.000000
12.010000 6 0.000000
12.010000 7 0.000000
12.010000 8 0.000000
12.010000 9 0.000000
12.010000 10 0.000000
12.010000 11 0.000000
12.010000 12 0.000000
12.010000 13 0.000000
12.010000 14 0.000000
12.010000 15 0.000000
12.010000 16 0.000000
12.010000 17 0.000000
12.010000 18 0.000000
12.010000 19 0.000000
12.010000 20 0.000000
12.010000 21 0.000000
12.010000 22 0.000000
12.010000 23 0.000000
12.010000 24 0.000000
12.010000 25 0.000000
12.010000 26 0.000000
13.010000 0 0.000000
13.010000 1 0.000000
13.010000 2 0.000000
13.010000 3 0.000000
13.010000 4 0.000000
13.010000 5 0.000000
13.010000 6 0.000000
13.010000 7 0.000000
13.010000 8 0.000000
13.010000 9 0.000000
13.010000 10 0.000000
13.010000 11 0.000000
13.010000 12 0.000000
13.010000 13 0.000000
13.010000 14 0.000000
13.010000 15 0.000000
13.010000 16 0.000000
13.010000 17 0.000000
13.010000 18 0.000000
13.010000 19 0.000000
13.010000 20 0.000000
13.010000 21 0.000000
13.010000 22 0.000000
13.010000 23 0.000000
13.010000 24 0.000000
13.010000 25 0.000000
13.010000 26 0.000000
14.010000 0 0.000000
14.010000 1 0.000000
14.010000 2 0.000000
14.010000 3 0.000000
14.010000 4 0.000000
14.010000 5 0.000000
14.010000 6 0.000000
14.010000 7 0.000000
14.010000 8 0.000000
14.010000 9 0.000000
14.010000 10 0.000000
14.010000 11 0.000000
14.010000 12 0.000000
14.010000 13 0.000000
14.010000 14 0.000000
14.010000 15 0.000000
14.010000 16 0.000000
14.010000 17 0.000000
14.010000 18 0.000000
14.010000 19 0.000000
14.010000 20 0.000000
14.010000 21 0.000000
14.010000 22 0.000000
14.010000 23 0.000000
14.010000 24 0.000000
14.010000 25 0.000000
14.010000 26 0.000000
15.010000 0 0.000000
15.010000 1 0.000000
15.010000 2 0.000000
15.010000 3 0.000000
15.010000 4 0.000000
15.010000 5 0.000000
15.010000 6 0.000000
15.010000 7 0.000000
15.010000 8 0.000000
15.010000 9 0.000000
15.010000 10 0.000000
15.010000 11 0.000000
15.010000 12 0.000000
15.010000 13 0.000000
15.010000 14 0.000000
15.010000 15 0.000000
15.010000 16 0.000000
15.010000 17 0.000000
15.010000 18 0.000000
15.010000 19 0.000000
15.010000 20 0.000000
15.010000 21 0.000000
15.010000 22 0.000000
15.010000 23 0.000000
15.010000 24 0.000000
15.010000 25 0.000000
15.010000 26 0.000000
16.010000 0 0.000000
16.010000 1 0.000000
16.010000 2 0.000000
16.010000 3 0.000000
16.010000 4 0.000000
16.010000 5 0.000000
16.010000 6 0.000000
16.010000 7 0.000000
16.010000 8 0.000000
16.010000 9 0.000000
16.010000 10 0.000000
16.010000 11 0.000000
16.010000 12 0.000000
16.010000 13 0.000000
16.010000 14 0.000000
16.010000 15 0.000000
16.010000 16 0.000000
16.010000 17 0.000000
16.010000 18 0.000000
16.010000 19 0.000000
16.010000 20 0.000000
16.010000 21 0.000000
16.010000 22 0.000000
16.010000 23 0.000000
16.010000 24 0.000000
16.010000 25 0.000000
16.010000 26 0.000000
17.010000 0 0.000000
17.010000 1 0.000000
17.010000 2 0.000000
17.010000 3 0.000000
17.010000 4 0.000000
17.010000 5 0.000000
17.010000 6 0.000000
17.010000 7 0.000000
17.010000 8 0.000000
17.010000 9 0.000000
17.010000 10 0.000000
17.010000 11 0.000000
17.010000 12 0.000000
17.010000 13 0.000000
17.010000 14 0.000000
17.010000 15 0.000000
17.010000 16 0.000000
17.010000 17 0.000000
17.010000 18 0.000000
17.010000 19 0.000000
17.010000 20 0.000000
17.010000 21 0.000000
17.010000 22 0.000000
17.010000 23 0.000000
17.010000 24 0.000000
17.010000 25 0.000000
17.010000 26 0.000000
18.010000 0 0.000000
18.010000 1 0.000000
18.010000 2 0.000000
18.010000 3 0.000000
18.010000 4 0.000000
18.010000 5 0.000000
18.010000 6 0.000000
18.010000 7 0.000000
18.010000 8 0.000000
18.010000 9 0.000000
18.010000 10 0.000000
18.010000 11 0.000000
18.010000 12 0.000000
18.010000 13 0.000000
18.010000 14 0.000000
18.010000 15 0.000000
18.010000 16 0.000000
18.010000 17 0.000000
18.010000 18 0.000000
18.010000 19 0.000000
18.010000 20 0.000000
18.010000 21 0.000000
18.010000 22 0.000000
18.010000 23 0.000000
18.010000 24 0.000000
18.010000 25 0.000000
18.010000 26 0.000000
19.010000 0 0.000000
19.010000 1 0.000000
19.010000 2 0.000000
19.010000 3 0.000000
19.010000 4 0.000000
19.010000 5 0.000000
19.010000 6 0.000000
19.010000 7 0.000000
19.010000 8 0.000000
19.010000 9 0.000000
19.010000 10 0.000000
19.010000 11 0.000000
19.010000 12 0.000000
19.010000 13 0.000000
19.010000 14 0.000000
19.010000 15 0.000000
19.010000 16 0.000000
19.010000 17 0.000000
19.010000 18 0.000000
19.010000 19 0.000000
19.010000 20 0.000000
19.010000 21 0.000000
19.010000 22 0.000000
19.010000 23 0.000000
19.010000 24 0.000000
19.010000 25 0.000000
19.010000 26 0.000000
20.010000 0 0.000000
20.010000 1 0.000000
20.010000 2 0.000000
20.010000 3 0.000000
20.010000 4 0.000000
20.010000 5 0.000000
20.010000 6 0.000000
20.010000 7 0.000000
20.010000 8 0.000000
20.010000 9 0.000000
20.010000 10 0.000000
20.010000 11 0.000000
20.010000 12 0.000000
20.010000 13 0.000000
20.010000 14 0.000000
20.010000 15 0.000000
20.010000 16 0.000000
20.010000 17 0.000000
20.010000 18 0.000000
20.010000 19 0.000000
20.010000 20 0.000000
20.010000 21 0.000000
20.010000 22 0.000000
20.010000 23 0.000000
20.010000 24 0.000000
20.010000 25 0.000000
20.010000 26 0.000000
21.010000 0 0.000000
21.010000 1 0.000000
21.010000 2 0.000000
21.010000 3 0.000000
21.010000 4 0.000000
21.010000 5 0.000000
21.010000 6 0.000000
21.010000 7 0.000000
21.010000 8 0.000000
21.010000 9 0.000000
21.010000 10 0.000000
21.010000 11 0.000000
21.010000 12 0.000000
21.010000 13 0.000000
21.010000 14 0.000000
21.010000 15 0.000000
21.010000 16 0.000000
21.010000 17 0.000000
21.010000 18 0.000000
21.010000 19 0.000000
21.010000 20 0.000000
21.010000 21 0.000000
21.010000 22 0.000000
21.010000 23 0.000000
21.010000 24 0.000000
21.010000 25 0.000000
21.010000 26 0.000000
22.010000 0 0.000000
22.010000 1 0.000000
22.010000 2 0.000000
22.010000 3 0.000000
22.010000 4 0.000000
22.010000 5 0.000000
22.010000 6 0.000000
22.010000 7 0.000000
22.010000 8 0.000000
22.010000 9 0.000000
22.010000 10 0.000000
22.010000 11 0.000000
22.010000 12 0.000000
22.010000 13 0.000000
22.010000 14 0.000000
22.010000 15 0.000000
22.010000 16 0.000000
22.010000 17 0.000000
22.010000 18 0.000000
22.010000 19 0.000000
22.010000 20 0.000000
22.010000 21 0.000000
22.010000 22 0.000000
22.010000 23 0.000000
22.010000 24 0.000000
22.010000 25 0.000000
22.010000 26 0.000000
23.010000 0 0.000000
23.010000 1 0.000000
23.010000 2 0.000000
23.010000 3 0.000000
23.010000 4 0.000000
23.010000 5 0.000000
23.010000 6 0.000000
23.010000 7 0.000000
23.010000 8 0.000000
23.010000 9 0.000000
23.010000 10 0.000000
23.010000 11 0.000000
23.010000 12 0.000000
23.010000 13 0.000000
23.010000 14 0.000000
23.010000 15 0.000000
23.010000 16 0.000000
23.010000 17 0.000000
23.010000 18 0.000000
23.010000 19 0.000000
23.010000 20 0.000000
23.010000 21 0.000000
23.010000 22 0.000000
23.010000 23 0.000000
23.010000 24 0.000000
23.010000 25 0.000000
23.010000 26 0.000000
24.010000 0 0.000000
24.010000 1 0.000000
24.010000 2 0.000000
24.010000 3 0.000000
24.010000 4 0.000000
24.010000 5 0.000000
24.010000 6 0.000000
24.010000 7 0.000000
24.010000 8 0.000000
24.010000 9 0.000000
24.010000 10 0.000000
24.010000 11 0.000000
24.010000 12 0.000000
24.010000 13 0.000000
24.010000 14 0.000000
24.010000 15 0.000000
24.010000 16 0.000000
24.010000 17 0.000000
24.010000 18 0.000000
24.010000 19 0.000000
24.010000 20 0.000000
24.010000 21 0.000000
24.010000 22 0.000000
24.010000 23 0.000000
24.010000 24 0.000000
24.010000 25 0.000000
24.010000 26 0.000000
25.010000 0 0.000000
25.010000 1 0.000000
25.010000 2 0.000000
25.010000 3 0.000000
25.010000 4 0.000000
25.010000 5 0.000000
25.010000 6 0.000000
25.010000 7 0.000000
25.010000 8 0.000000
25.010000 9 0.000000
25.010000 10 0.000000
25.010000 11 0.000000
25.010000 12 0.000000
25.010000 13 0.000000
25.010000 14 0.000000
25.010000 15 0.000000
25.010000 16 0.000000
25.010000 17 0.000000
25.010000 18 0.000000
25.010000 19 0.000000
25.010000 20 0.000000
25.010000 21 0.000000
25.010000 22 0.000000
25.010000 23 0.000000
25.010000 24 0.000000
25.010000 25 0.000000
25.010000 26 0.000000
26.010000 0 0.000000
26.010000 1 0.000000
26.010000 2 0.000000
26.010000 3 0.000000
26.010000 4 0.000000
26.010000 5 0.000000
26.010000 6 0.000000
26.010000 7 0.000000
26.010000 8 0.000000
26.010000 9 0.000000
26.010000 10 0.000000
26.010000 11 0.000000
26.010000 12 0.000000
26.010000 13 0.000000
26.010000 14 0.000000
26.010000 15 0.000000
26.010000 16 0.000000
26.010000 17 0.000000
26.010000 18 0.000000
26.010000 19 0.000000
26.010000 20 0.000000
26.010000 21 0.000000
26.010000 22 0.000000
26.010000 23 0.000000
26.010000 24 0.000000
26.010000 25 0.000000
26.010000 26 0.000000
27.010000 0 0.000000
27.010000 1 0.000000
27.010000 2 0.000000
27.010000 3 0.000000
27.010000 4 0.000000
27.010000 5 0.000000
27.010000 6 0.000000
27.010000 7 0.000000
27.010000 8 0.000000
27.010000 9 0.000000
27.010000 10 0.000000
27.010000 11 0.000000
27.010000 12 0.000000
27.010000 13 0.000000
27.010000 14 0.000000
27.010000 15 0.000000
27.010000 16 0.000000
27.010000 17 0.000000
27.010000 18 0.000000
27.010000 19 0.000000
27.010000 20 0.000000
27.010000 21 0.000000
27.010000 22 0.000000
27.010000 23 0.000000
27.010000 24 0.000000
27.010000 25 0.000000
27.010000 26 0.000000
28.010000 0 0.000000
28.010000 1 0.000000
28.010000 2 0.000000
28.010000 3 0.000000
28.010000 4 0.000000
28.010000 5 0.000000
28.010000 6 0.000000
28.010000 7 0.000000
28.010000 8 0.000000
28.010000 9 0.000000
28.010000 10 0.000000
28.010000 11 0.000000
28.010000 12 0.000000
28.010000 13 0.000000
28.010000 14 0.000000
28.010000 15 0.000000
28.010000 16 0.000000
28.010000 17 0.000000
28.010000 18 0.000000
28.010000 19 0.000000
28.010000 20 0.000000
28.010000 21 0.000000
28.010000 22 0.000000
28.010000 23 0.000000
28.010000 24 0.000000
28.010000 25 0.000000
28.010000 26 0.000000
29.010000 0 0.000000
29.010000 1 0.000000
29.010000 2 0.000000
29.010000 3 0.000000
29.010000 4 0.000000
29.010000 5 0.000000
29.010000 6 0.000000
29.010000 7 0.000000
29.010000 8 0.000000
29.010000 9 0.000000
29.010000 10 0.000000
29.010000 11 0.000000
29.010000 12 0.000000
29.010000 13 0.000000
29.010000 14 0.000000
29.010000 15 0.000000
29.010000 16 0.000000
29.010000 17 0.000000
29.010000 18 0.000000
29.010000 19 0.000000
29.010000 20 0.000000
29.010000 21 0.000000
29.010000 22 0.000000
29.010000 23 0.000000
29.010000 24 0.000000
29.010000 25 0.000000
29.010000 26 0.000000
30.010000 0 0.000000
30.010000 1 0.000000
30.010000 2 0.000000
30.010000 3 0.000000
30.010000 4 0.000000
30.010000 5 0.000000
30.010000 6 0.000000
30.010000 7 0.000000
30.010000 8 0.000000
30.010000 9 0.000000
30.010000 10 0.000000
30.010000 11 0.000000
30.010000 12 0.000000
30.010000 13 0.000000
30.010000 14 0.000000
30.010000 15 0.000000
30.010000 16 0.000000
30.010000 17 0.000000
30.010000 18 0.000000
30.010000 19 0.000000
30.010000 20 0.000000
30.010000 21 0.000000
30.010000 22 0.000000
30.010000 23 0.000000
30.010000 24 0.000000
30.010000 25 0.000000
30.010000 26 0.000000
31.010000 0 0.000000
31.010000 1 0.000000
31.010000 2 0.000000
31.010000 3 0.000000
31.010000 4 0.000000
31.010000 5 0.000000
31.010000 6 0.000000
31.010000 7 0.000000
31.010000 8 0.000000
31.010000 9 0.000000
31.010000 10 0.000000
31.010000 11 0.000000
31.010000 12 0.000000
31.010000 13 0.000000
31.010000 14 0.000000
31.010000 15 0.000000
31.010000 16 0.000000
31.010000 17 0.000000
31.010000 18 0.000000
31.010000 19 0.000000
31.010000 20 0.000000
31.010000 21 0.000000
31.010000 22 0.000000
31.010000 23 0.000000
31.010000 24 0.000000
31.010000 25 0.000000
31.010000 26 0.000000
32.010000 0 0.000000
32.010000 1 0.000000
32.010000 2 0.000000
32.010000 3 0.000000
32.010000 4 0.000000
32.010000 5 0.000000
32.010000 6 0.000000
32.010000 7 0.000000
32.010000 8 0.000000
32.010000 9 0.000000
32.010000 10 0.000000
32.010000 11 0.000000
32.010000 12 0.000000
32.010000 13 0.000000
32.010000 14 0.000000
32.010000 15 0.000000
32.010000 16 0.000000
32.010000 17 0.000000
32.010000 18 0.000000
32.010000 19 0.000000
32.010000 20 0.000000
32.010000 21 0.000000
32.010000 22 0.000000
32.010000 23 0.000000
32.010000 24 0.000000
32.010000 25 0.000000
32.010000 26 0.000000
33.010000 0 0.000000
33.010000 1 0.000000
33.010000 2 0.000000
33.010000 3 0.000000
33.010000 4 0.000000
33.010000 5 0.000000
33.010000 6 0.000000
33.010000 7 0.000000
33.010000 8 0.000000
33.010000 9 0.000000
33.010000 10 0.000000
33.010000 11 0.000000
33.010000 12 0.000000
33.010000 13 0.000000
33.010000 14 0.000000
33.010000 15 0.000000
33.010000 16 0.000000
33.010000 17 0.000000
33.010000 18 0.000000
33.010000 19 0.000000
33.010000 20 0.000000
33.010000 21 0.000000
33.010000 22 0.000000
33.010000 23 0.000000
33.010000 24 0.000000
33.010000 25 0.000000
33.010000 26 0.000000
34.010000 0 0.000000
34.010000 1 0.000000
34.010000 2 0.000000
34.010000 3 0.000000
34.010000 4 0.000000
34.010000 5 0.000000
34.010000 6 0.000000
34.010000 7 0.000000
34.010000 8 0.000000
34.010000 9 0.000000
34.010000 10 0.000000
34.010000 11 0.000000
34.010000 12 0.000000
34.010000 13 0.000000
34.010000 14 0.000000
34.010000 15 0.000000
34.010000 16 0.000000
34.010000 17 0.000000
34.010000 18 0.000000
34.010000 19 0.000000
34.010000 20 0.000000
34.010000 21 0.000000
34.010000 22 0.000000
34.010000 23 0.000000
34.010000 24 0.000000
34.010000 25 0.000000
34.010000 26 0.000000
35.010000 0 0.000000
35.010000 1 0.000000
35.010000 2 0.000000
35.010000 3 0.000000
35.010000 4 0.000000
35.010000 5 0.000000
35.010000 6 0.000000
35.010000 7 0.000000
35.010000 8 0.000000
35.010000 9 0.000000
35.010000 10 0.000000
35.010000 11 0.000000
35.010000 12 0.000000
35.010000 13 0.000000
35.010000 14 0.000000
35.010000 15 0.000000
35.010000 16 0.000000
35.010000 17 0.000000
35.010000 18 0.000000
35.010000 19 0.000000
35.010000 20 0.000000
35.010000 21 0.000000
35.010000 22 0.000000
35.010000 23 0.000000
35.010000 24 0.000000
35.010000 25 0.000000
35.010000 26 0.000000
36.010000 0 0.000000
36.010000 1 0.000000
36.010000 2 0.000000
36.010000 3 0.000000
36.010000 4 0.000000
36.010000 5 0.000000
36.010000 6 0.000000
36.010000 7 0.000000
36.010000 8 0.000000
36.010000 9 0.000000
36.010000 10 0.000000
36.010000 11 0.000000
36.010000 12 0.000000
36.010000 13 0.000000
36.010000 14 0.000000
36.010000 15 0.000000
36.010000 16 0.000000
36.010000 17 0.000000
36.010000 18 0.000000
36.010000 19 0.000000
36.010000 20 0.000000
36.010000 21 0.000000
36.010000 22 0.000000
36.010000 23 0.000000
36.010000 24 0.000000
36.010000 25 0.000000
36.010000 26 0.000000
37.010000 0 0.000000
37.010000 1 0.000000
37.010000 2 0.000000
37.010000 3 0.000000
37.010000 4 0.000000
37.010000 5 0.000000
37.010000 6 0.000000
37.010000 7 0.000000
37.010000 8 0.000000
37.010000 9 0.000000
37.010000 10 0.000000
37.010000 11 0.000000
37.010000 12 0.000000
37.010000 13 0.000000
37.010000 14 0.000000
37.010000 15 0.000000
37.010000 16 0.000000
37.010000 17 0.000000
37.010000 18 0.000000
37.010000 19 0.000000
37.010000 20 0.000000
37.010000 21 0.000000
37.010000 22 0.000000
37.010000 23 0.000000
37.010000 24 0.000000
37.010000 25 0.000000
37.010000 26 0.000000
38.010000 0 0.000000
38.010000 1 0.000000
38.010000 2 0.000000
38.010000 3 0.000000
38.010000 4 0.000000
38.010000 5 0.000000
38.010000 6 0.000000
38.010000 7 0.000000
38.010000 8 0.000000
38.010000 9 0.000000
38.010000 10 0.000000
38.010000 11 0.000000
38.010000 12 0.000000
38.010000 13 0.000000
38.010000 14 0.000000
38.010000 15 0.000000
38.010000 16 0.000000
38.010000 17 0.000000
38.010000 18 0.000000
38.010000 19 0.000000
38.010000 20 0.000000
38.010000 21 0.000000
38.010000 22 0.000000
38.010000 23 0.000000
38.010000 24 0.000000
38.010000 25 0.000000
38.010000 26 0.000000
39.010000 0 0.000000
39.010000 1 0.000000
39.010000 2 0.000000
39.010000 3 0.000000
39.010000 4 0.000000
39.010000 5 0.000000
39.010000 6 0.000000
39.010000 7 0.000000
39.010000 8 0.000000
39.010000 9 0.000000
39.010000 10 0.000000
39.010000 11 0.000000
39.010000 12 0.000000
39.010000 13 0.000000
39.010000 14 0.000000
39.010000 15 0.000000
39.010000 16 0.000000
39.010000 17 0.000000
39.010000 18 0.000000
39.010000 19 0.000000
39.010000 20 0.000000
39.010000 21 0.000000
39.010000 22 0.000000
39.010000 23 0.000000
39.010000 24 0.000000
39.010000 25 0.000000
39.010000 26 0.000000
40.010000 0 0.000000
40.010000 1 0.000000
40.010000 2 0.000000
40.010000 3 0.000000
40.010000 4 0.000000
40.010000 5 0.000000
40.010000 6 0.000000
40.010000 7 0.000000
40.010000 8 0.000000
40.010000 9 0.000000
40.010000 10 0.000000
40.010000 11 0.000000
40.010000 12 0.000000
40.010000 13 0.000000
40.010000 14 0.000000
40.010000 15 0.000000
40.010000 16 0.000000
40.010000 17 0.000000
40.010000 18 0.000000
40.010000 19 0.000000
40.010000 20 0.000000
40.010000 21 0.000000
40.010000 22 0.000000
40.010000 23 0.000000
40.010000 24 0.000000
40.010000 25 0.000000
40.010000 26 0.000000
41.010000 0 0.000000
41.010000 1 0.000000
41.010000 2 0.000000
41.010000 3 0.000000
41.010000 4 0.000000
41.010000 5 0.000000
41.010000 6 0.000000
41.010000 7 0.000000
41.010000 8 0.000000
41.010000 9 0.000000
41.010000 10 0.000000
41.010000 11 0.000000
41.010000 12 0.000000
41.010000 13 0.000000
41.010000 14 0.000000
41.010000 15 0.000000
41.010000 16 0.000000
41.010000 17 0.000000
41.010000 18 0.000000
41.010000 19 0.000000
41.010000 20 0.000000
41.010000 21 0.000000
41.010000 22 0.000000
41.010000 23 0.000000
41.010000 24 0.000000
41.010000 25 0.000000
41.010000 26 0.000000
42.010000 0 0.000000
42.010000 1 0.000000
42.010000 2 0.000000
42.010000 3 0.000000
42.010000 4 0.000000
42.010000 5 0.000000
42.010000 6 0.000000
42.010000 7 0.000000
42.010000 8 0.000000
42.010000 9 0.000000
42.010000 10 0.000000
42.010000 11 0.000000
42.010000 12 0.000000
42.010000 13 0.000000
42.010000 14 0.000000
42.010000 15 0.000000
42.010000 16 0.000000
42.010000 17 0.000000
42.010000 18 0.000000
42.010000 19 0.000000
42.010000 20 0.000000
42.010000 21 0.000000
42.010000 22 0.000000
42.010000 23 0.000000
42.010000 24 0.000000
42.010000 25 0.000000
42.010000 26 0.000000
43.010000 0 0.000000
43.010000 1 0.000000
43.010000 2 0.000000
43.010000 3 0.000000
43.010000 4 0.000000
43.010000 5 0.000000
43.010000 6 0.000000
43.010000 7 0.000000
43.010000 8 0.000000
43.010000 9 0.000000
43.010000 10 0.000000
43.010000 11 0.000000
43.010000 12 0.000000
43.010000 13 0.000000
43.010000 14 0.000000
43.010000 15 0.000000
43.010000 16 0.000000
43.010000 17 0.000000
43.010000 18 0.000000
43.010000 19 0.000000
43.010000 20 0.000000
43.010000 21 0.000000
43.010000 22 0.000000
43.010000 23 0.000000
43.010000 24 0.000000
43.010000 25 0.000000
43.010000 26 0.000000
44.010000 0 0.000000
44.010000 1 0.000000
44.010000 2 0.000000
44.010000 3 0.000000
44.010000 4 0.000000
44.010000 5 0.000000
44.010000 6 0.000000
44.010000 7 0.000000
44.010000 8 0.000000
44.010000 9 0.000000
44.010000 10 0.000000
44.010000 11 0.000000
44.010000 12 0.000000
44.010000 13 0.000000
44.010000 14 0.000000
44.010000 15 0.000000
44.010000 16 0.000000
44.010000 17 0.000000
44.010000 18 0.000000
44.010000 19 0.000000
44.010000 20 0.000000
44.010000 21 0.000000
44.010000 22 0.000000
44.010000 23 0.000000
44.010000 24 0.000000
44.010000 25 0.000000
44.010000 26 0.000000
45.010000 0 0.000000
45.010000 1 0.000000
45.010000 2 0.000000
45.010000 3 0.000000
45.010000 4 0.000000
45.010000 5 0.000000
45.010000 6 0.000000
45.010000 7 0.000000
45.010000 8 0.000000
45.010000 9 0.000000
45.010000 10 0.000000
45.010000 11 0.000000
45.010000 12 0.000000
45.010000 13 0.000000
45.010000 14 0.000000
45.010000 15 0.000000
45.010000 16 0.000000
45.010000 17 0.000000
45.010000 18 0.000000
45.010000 19 0.000000
45.010000 20 0.000000
45.010000 21 0.000000
45.010000 22 0.000000
45.010000 23 0.000000
45.010000 24 0.000000
45.010000 25 0.000000
45.010000 26 0.000000
46.010000 0 0.000000
46.010000 1 0.000000
46.010000 2 0.000000
46.010000 3 0.000000
46.010000 4 0.000000
46.010000 5 0.000000
46.010000 6 0.000000
46.010000 7 0.000000
46.010000 8 0.000000
46.010000 9 0.000000
46.010000 10 0.000000
46.010000 11 0.000000
46.010000 12 0.000000
46.010000 13 0.000000
46.010000 14 0.000000
46.010000 15 0.000000
46.010000 16 0.000000
46.010000 17 0.000000
46.010000 18 0.000000
46.010000 19 0.000000
46.010000 20 0.000000
46.010000 21 0.000000
46.010000 22 0.000000
46.010000 23 0.000000
46.010000 24 0.000000
46.010000 25 0.000000
46.010000 26 0.000000
47.010000 0 0.000000
47.010000 1 0.000000
47.010000 2 0.000000
47.010000 3 0.000000
47.010000 4 0.000000
47.010000 5 0.000000
47.010000 6 0.000000
47.010000 7 0.000000
47.010000 8 0.000000
47.010000 9 0.000000
47.010000 10 0.000000
47.010000 11 0.000000
47.010000 12 0.000000
47.010000 13 0.000000
47.010000 14 0.000000
47.010000 15 0.000000
47.010000 16 0.000000
47.010000 17 0.000000
47.010000 18 0.000000
47.010000 19 0.000000
47.010000 20 0.000000
47.010000 21 0.000000
47.010000 22 0.000000
47.010000 23 0.000000
47.010000 24 0.000000
47.010000 25 0.000000
47.010000 26 0.000000
48.010000 0 0.000000
48.010000 1 0.000000
48.010000 2 0.000000
48.010000 3 0.000000
48.010000 4 0.000000
48.010000 5 0.000000
48.010000 6 0.000000
48.010000 7 0.000000
48.010000 8 0.000000
48.010000 9 0.000000
48.010000 10 0.000000
48.010000 11 0.000000
48.010000 12 0.000000
48.010000 13 0.000000
48.010000 14 0.000000
48.010000 15 0.000000
48.010000 16 0.000000
48.010000 17 0.000000
48.010000 18 0.000000
48.010000 19 0.000000
48.010000 20 0.000000
48.010000 21 0.000000
48.010000 22 0.000000
48.010000 23 0.000000
48.010000 24 0.000000
48.010000 25 0.000000
48.010000 26 0.000000
49.010000 0 0.000000
49.010000 1 0.000000
49.010000 2 0.000000
49.010000 3 0.000000
49.010000 4 0.000000
49.010000 5 0.000000
49.010000 6 0.000000
49.010000 7 0.000000
49.010000 8 0.000000
49.010000 9 0.000000
49.010000 10 0.000000
49.010000 11 0.000000
49.010000 12 0.000000
49.010000 13 0.000000
49.010000 14 0.000000
49.010000 15 0.000000
49.010000 16 0.000000
49.010000 17 0.000000
49.010000 18 0.000000
49.010000 19 0.000000
49.010000 20 0.000000
49.010000 21 0.000000
49.010000 22 0.000000
49.010000 23 0.000000
49.010000 24 0.000000
49.010000 25 0.000000
49.010000 26 0.000000
50.010000 0 0.000000
50.010000 1 0.000000
50.010000 2 0.000000
50.010000 3 0.000000
50.010000 4 0.000000
50.010000 5 0.000000
50.010000 6 0.000000
50.010000 7 0.000000
50.010000 8 0.000000
50.010000 9 0.000000
50.010000 10 0.000000
50.010000 11 0.000000
50.010000 12 0.000000
50.010000 13 0.000000
50.010000 14 0.000000
50.010000 15 0.000000
50.010000 16 0.000000
50.010000 17 0.000000
50.010000 18 0.000000
50.010000 19 0.000000
50.010000 20 0.000000
50.010000 21 0.000000
50.010000 22 0.000000
50.010000 23 0.000000
50.010000 24 0.000000
50.010000 25 0.000000
50.010000 26 0.000000
51.010000 0 0.000000
51.010000 1 0.000000
51.010000 2 0.000000
51.010000 3 0.000000
51.010000 4 0.000000
51.010000 5 0.000000
51.010000 6 0.000000
51.010000 7 0.000000
51.010000 8 0.000000
51.010000 9 0.000000
51.010000 10 0.000000
51.010000 11 0.000000
51.010000 12 0.000000
51.010000 13 0.000000
51.010000 14 0.000000
51.010000 15 0.000000
51.010000 16 0.000000
51.010000 17 0.000000
51.010000 18 0.000000
51.010000 19 0.000000
51.010000 20 0.000000
51.010000 21 0.000000
51.010000 22 0.000000
51.010000 23 0.000000
51.010000 24 0.000000
51.010000 25 0.000000
51.010000 26 0.000000
52.010000 0 0.000000
52.010000 1 0.000000
52.010000 2 0.000000
52.010000 3 0.000000
52.010000 4 0.000000
52.010000 5 0.000000
52.010000 6 0.000000
52.010000 7 0.000000
52.010000 8 0.000000
52.010000 9 0.000000
52.010000 10 0.000000
52.010000 11 0.000000
52.010000 12 0.000000
52.010000 13 0.000000
52.010000 14 0.000000
52.010000 15 0.000000
52.010000 16 0.000000
52.010000 17 0.000000
52.010000 18 0.000000
52.010000 19 0.000000
52.010000 20 0.000000
52.010000 21 0.000000
52.010000 22 0.000000
52.010000 23 0.000000
52.010000 24 0.000000
52.010000 25 0.000000
52.010000 26 0.000000
53.010000 0 0.000000
53.010000 1 0.000000
53.010000 2 0.000000
53.010000 3 0.000000
53.010000 4 0.000000
53.010000 5 0.000000
53.010000 6 0.000000
53.010000 7 0.000000
53.010000 8 0.000000
53.010000 9 0.000000
53.010000 10 0.000000
53.010000 11 0.000000
53.010000 12 0.000000
53.010000 13 0.000000
53.010000 14 0.000000
53.010000 15 0.000000
53.010000 16 0.000000
53.010000 17 0.000000
53.010000 18 0.000000
53.010000 19 0.000000
53.010000 20 0.000000
53.010000 21 0.000000
53.010000 22 0.000000
53.010000 23 0.000000
53.010000 24 0.000000
53.010000 25 0.000000
53.010000 26 0.000000
54.010000 0 0.000000
54.010000 1 0.000000
54.010000 2 0.000000
54.010000 3 0.000000
54.010000 4 0.000000
54.010000 5 0.000000
54.010000 6 0.000000
54.010000 7 0.000000
54.010000 8 0.000000
54.010000 9 0.000000
54.010000 10 0.000000
54.010000 11 0.000000
54.010000 12 0.000000
54.010000 13 0.000000
54.010000 14 0.000000
54.010000 15 0.000000
54.010000 16 0.000000
54.010000 17 0.000000
54.010000 18 0.000000
54.010000 19 0.000000
54.010000 20 0.000000
54.010000 21 0.000000
54.010000 22 0.000000
54.010000 23 0.000000
54.010000 24 0.000000
54.010000 25 0.000000
54.010000 26 0.000000
55.010000 0 0.000000
55.010000 1 0.000000
55.010000 2 0.000000
55.010000 3 0.000000
55.010000 4 0.000000
55.010000 5 0.000000
55.010000 6 0.000000
55.010000 7 0.000000
55.010000 8 0.000000
55.010000 9 0.000000
55.010000 10 0.000000
55.010000 11 0.000000
55.010000 12 0.000000
55.010000 13 0.000000
55.010000 14 0.000000
55.010000 15 0.000000
55.010000 16 0.000000
55.010000 17 0.000000
55.010000 18 0.000000
55.010000 19 0.000000
55.010000 20 0.000000
55.010000 21 0.000000
55.010000 22 0.000000
55.010000 23 0.000000
55.010000 24 0.000000
55.010000 25 0.000000
55.010000 26 0.000000
56.010000 0 0.000000
56.010000 1 0.000000
56.010000 2 0.000000
56.010000 3 0.000000
56.010000 4 0.000000
56.010000 5 0.000000
56.010000 6 0.000000
56.010000 7 0.000000
56.010000 8 0.000000
56.010000 9 0.000000
56.010000 10 0.000000
56.010000 11 0.000000
56.010000 12 0.000000
56.010000 13 0.000000
56.010000 14 0.000000
56.010000 15 0.000000
56.010000 16 0.000000
56.010000 17 0.000000
56.010000 18 0.000000
56.010000 19 0.000000
56.010000 20 0.000000
56.010000 21 0.000000
56.010000 22 0.000000
56.010000 23 0.000000
56.010000 24 0.000000
56.010000 25 0.000000
56.010000 26 0.000000
57.010000 0 0.000000
57.010000 1 0.000000
57.010000 2 0.000000
57.010000 3 0.000000
57.010000 4 0.000000
57.010000 5 0.000000
57.010000 6 0.000000
57.010000 7 0.000000
57.010000 8 0.000000
57.010000 9 0.000000
57.010000 10 0.000000
57.010000 11 0.000000
57.010000 12 0.000000
57.010000 13 0.000000
57.010000 14 0.000000
57.010000 15 0.000000
57.010000 16 0.000000
57.010000 17 0.000000
57.010000 18 0.000000
57.010000 19 0.000000
57.010000 20 0.000000
57.010000 21 0.000000
57.010000 22 0.000000
57.010000 23 0.000000
57.010000 24 0.000000
57.010000 25 0.000000
57.010000 26 0.000000
58.010000 0 0.000000
58.010000 1 0.000000
58.010000 2 0.000000
58.010000 3 0.000000
58.010000 4 0.000000
58.010000 5 0.000000
58.010000 6 0.000000
58.010000 7 0.000000
58.010000 8 0.000000
58.010000 9 0.000000
58.010000 10 0.000000
58.010000 11 0.000000
58.010000 12 0.000000
58.010000 13 0.000000
58.010000 14 0.000000
58.010000 15 0.000000
58.010000 16 0.000000
58.010000 17 0.000000
58.010000 18 0.000000
58.010000 19 0.000000
58.010000 20 0.000000
58.010000 21 0.000000
58.010000 22 0.000000
58.010000 23 0.000000
58.010000 24 0.000000
58.010000 25 0.000000
58.010000 26 0.000000
59.010000 0 0.000000
59.010000 1 0.000000
59.010000 2 0.000000
59.010000 3 0.000000
59.010000 4 0.000000
59.010000 5 0.000000
59.010000 6 0.000000
59.010000 7 0.000000
59.010000 8 0.000000
59.010000 9 0.000000
59.010000 10 0.000000
59.010000 11 0.000000
59.010000 12 0.000000
59.010000 13 0.000000
59.010000 14 0.000000
59.010000 15 0.000000
59.010000 16 0.000000
59.010000 17 0.000000
59.010000 18 0.000000
59.010000 19 0.000000
59.010000 20 0.000000
59.010000 21 0.000000
59.010000 22 0.000000
59.010000 23 0.000000
59.010000 24 0.000000
59.010000 25 0.000000
59.010000 26 0.000000
60.010000 0 0.000000
60.010000 1 0.000000
60.010000 2 0.000000
60.010000 3 0.000000
60.010000 4 0.000000
60.010000 5 0.000000
60.010000 6 0.000000
60.010000 7 0.000000
60.010000 8 0.000000
60.010000 9 0.000000
60.010000 10 0.000000
60.010000 11 0.000000
60.010000 12 0.000000
60.010000 13 0.000000
60.010000 14 0.000000
60.010000 15 0.000000
60.010000 16 0.000000
60.010000 17 0.000000
60.010000 18 0.000000
60.010000 19 0.000000
60.010000 20 0.000000
60.010000 21 0.000000
60.010000 22 0.000000
60.010000 23 0.000000
60.010000 24 0.000000
60.010000 25 0.000000
60.010000 26 0.000000
61.010000 0 0.000000
61.010000 1 0.000000
61.010000 2 0.000000
61.010000 3 0.000000
61.010000 4 0.000000
61.010000 5 0.000000
61.010000 6 0.000000
61.010000 7 0.000000
61.010000 8 0.000000
61.010000 9 0.000000
61.010000 10 0.000000
61.010000 11 0.000000
61.010000 12 0.000000
61.010000 13 0.000000
61.010000 14 0.000000
61.010000 15 0.000000
61.010000 16 0.000000
61.010000 17 0.000000
61.010000 18 0.000000
61.010000 19 0.000000
61.010000 20 0.000000
61.010000 21 0.000000
61.010000 22 0.000000
61.010000 23 0.000000
61.010000 24 0.000000
61.010000 25 0.000000
61.010000 26 0.000000
62.010000 0 0.000000
62.010000 1 0.000000
62.010000 2 0.000000
62.010000 3 0.000000
62.010000 4 0.000000
62.010000 5 0.000000
62.010000 6 0.000000
62.010000 7 0.000000
62.010000 8 0.000000
62.010000 9 0.000000
62.010000 10 0.000000
62.010000 11 0.000000
62.010000 12 0.000000
62.010000 13 0.000000
62.010000 14 0.000000
62.010000 15 0.000000
62.010000 16 0.000000
62.010000 17 0.000000
62.010000 18 0.000000
62.010000 19 0.000000
62.010000 20 0.000000
62.010000 21 0.000000
62.010000 22 0.000000
62.010000 23 0.000000
62.010000 24 0.000000
62.010000 25 0.000000
62.010000 26 0.000000
63.010000 0 0.000000
63.010000 1 0.000000
63.010000 2 0.000000
63.010000 3 0.000000
63.010000 4 0.000000
63.010000 5 0.000000
63.010000 6 0.000000
63.010000 7 0.000000
63.010000 8 0.000000
63.010000 9 0.000000
63.010000 10 0.000000
63.010000 11 0.000000
63.010000 12 0.000000
63.010000 13 0.000000
63.010000 14 0.000000
63.010000 15 0.000000
63.010000 16 0.000000
63.010000 17 0.000000
63.010000 18 0.000000
63.010000 19 0.000000
63.010000 20 0.000000
63.010000 21 0.000000
63.010000 22 0.000000
63.010000 23 0.000000
63.010000 24 0.000000
63.010000 25 0.000000
63.010000 26 0.000000
64.010000 0 0.000000
64.010000 1 0.000000
64.010000 2 0.000000
64.010000 3 0.000000
64.010000 4 0.000000
64.010000 5 0.000000
64.010000 6 0.000000
64.010000 7 0.000000
64.010000 8 0.000000
64.010000 9 0.000000
64.010000 10 0.000000
64.010000 11 0.000000
64.010000 12 0.000000
64.010000 13 0.000000
64.010000 14 0.000000
64.010000 15 0.000000
64.010000 16 0.000000
64.010000 17 0.000000
64.010000 18 0.000000
64.010000 19 0.000000
64.010000 20 0.000000
64.010000 21 0.000000
64.010000 22 0.000000
64.010000 23 0.000000
64.010000 24 0.000000
64.010000 25 0.000000
64.010000 26 0.000000
65.010000 0 0.000000
65.010000 1 0.000000
65.010000 2 0.000000
65.010000 3 0.000000
65.010000 4 0.000000
65.010000 5 0.000000
65.010000 6 0.000000
65.010000 7 0.000000
65.010000 8 0.000000
65.010000 9 0.000000
65.010000 10 0.000000
65.010000 11 0.000000
65.010000 12 0.000000
65.010000 13 0.000000
65.010000 14 0.000000
65.010000 15 0.000000
65.010000 16 0.000000
65.010000 17 0.000000
65.010000 18 0.000000
65.010000 19 0.000000
65.010000 20 0.000000
65.010000 21 0.000000
65.010000 22 0.000000
65.010000 23 0.000000
65.010000 24 0.000000
65.010000 25 0.000000
65.010000 26 0.000000
66.010000 0 0.000000
66.010000 1 0.000000
66.010000 2 0.000000
66.010000 3 0.000000
66.010000 4 0.000000
66.010000 5 0.000000
66.010000 6 0.000000
66.010000 7 0.000000
66.010000 8 0.000000
66.010000 9 0.000000
66.010000 10 0.000000
66.010000 11 0.000000
66.010000 12 0.000000
66.010000 13 0.000000
66.010000 14 0.000000
66.010000 15 0.000000
66.010000 16 0.000000
66.010000 17 0.000000
66.010000 18 0.000000
66.010000 19 0.000000
66.010000 20 0.000000
66.010000 21 0.000000
66.010000 22 0.000000
66.010000 23 0.000000
66.010000 24 0.000000
66.010000 25 0.000000
66.010000 26 0.000000
67.010000 0 0.000000
67.010000 1 0.000000
67.010000 2 0.000000
67.010000 3 0.000000
67.010000 4 0.000000
67.010000 5 0.000000
67.010000 6 0.000000
67.010000 7 0.000000
67.010000 8 0.000000
67.010000 9 0.000000
67.010000 10 0.000000
67.010000 11 0.000000
67.010000 12 0.000000
67.010000 13 0.000000
67.010000 14 0.000000
67.010000 15 0.000000
67.010000 16 0.000000
67.010000 17 0.000000
67.010000 18 0.000000
67.010000 19 0.000000
67.010000 20 0.000000
67.010000 21 0.000000
67.010000 22 0.000000
67.010000 23 0.000000
67.010000 24 0.000000
67.010000 25 0.000000
67.010000 26 0.000000
68.010000 0 0.000000
68.010000 1 0.000000
68.010000 2 0.000000
68.010000 3 0.000000
68.010000 4 0.000000
68.010000 5 0.000000
68.010000 6 0.000000
68.010000 7 0.000000
68.010000 8 0.000000
68.010000 9 0.000000
68.010000 10 0.000000
68.010000 11 0.000000
68.010000 12 0.000000
68.010000 13 0.000000
68.010000 14 0.000000
68.010000 15 0.000000
68.010000 16 0.000000
68.010000 17 0.000000
68.010000 18 0.000000
68.010000 19 0.000000
68.010000 20 0.000000
68.010000 21 0.000000
68.010000 22 0.000000
68.010000 23 0.000000
68.010000 24 0.000000
68.010000 25 0.000000
68.010000 26 0.000000
69.010000 0 0.000000
69.010000 1 0.000000
69.010000 2 0.000000
69.010000 3 0.000000
69.010000 4 0.000000
69.010000 5 0.000000
69.010000 6 0.000000
69.010000 7 0.000000
69.010000 8 0.000000
69.010000 9 0.000000
69.010000 10 0.000000
69.010000 11 0.000000
69.010000 12 0.000000
69.010000 13 0.000000
69.010000 14 0.000000
69.010000 15 0.000000
69.010000 16 0.000000
69.010000 17 0.000000
69.010000 18 0.000000
69.010000 19 0.000000
69.010000 20 0.000000
69.010000 21 0.000000
69.010000 22 0.000000
69.010000 23 0.000000
69.010000 24 0.000000
69.010000 25 0.000000
69.010000 26 0.000000
70.010000 0 0.000000
70.010000 1 0.000000
70.010000 2 0.000000
70.010000 3 0.000000
70.010000 4 0.000000
70.010000 5 0.000000
70.010000 6 0.000000
70.010000 7 0.000000
70.010000 8 0.000000
70.010000 9 0.000000
70.010000 10 0.000000
70.010000 11 0.000000
70.010000 12 0.000000
70.010000 13 0.000000
70.010000 14 0.000000
70.010000 15 0.000000
70.010000 16 0.000000
70.010000 17 0.000000
70.010000 18 0.000000
70.010000 19 0.000000
70.010000 20 0.000000
70.010000 21 0.000000
70.010000 22 0.000000
70.010000 23 0.000000
70.010000 24 0.000000
70.010000 25 0.000000
70.010000 26 0.000000
71.010000 0 0.000000
71.010000 1 0.000000
71.010000 2 0.000000
71.010000 3 0.000000
71.010000 4 0.000000
71.010000 5 0.000000
71.010000 6 0.000000
71.010000 7 0.000000
71.010000 8 0.000000
71.010000 9 0.000000
71.010000 10 0.000000
71.010000 11 0.000000
71.010000 12 0.000000
71.010000 13 0.000000
71.010000 14 0.000000
71.010000 15 0.000000
71.010000 16 0.000000
71.010000 17 0.000000
71.010000 18 0.000000
71.010000 19 0.000000
71.010000 20 0.000000
71.010000 21 0.000000
71.010000 22 0.000000
71.010000 23 0.000000
71.010000 24 0.000000
71.010000 25 0.000000
71.010000 26 0.000000
72.010000 0 0.000000
72.010000 1 0.000000
72.010000 2 0.000000
72.010000 3 0.000000
72.010000 4 0.000000
72.010000 5 0.000000
72.010000 6 0.000000
72.010000 7 0.000000
72.010000 8 0.000000
72.010000 9 0.000000
72.010000 10 0.000000
72.010000 11 0.000000
72.010000 12 0.000000
72.010000 13 0.000000
72.010000 14 0.000000
72.010000 15 0.000000
72.010000 16 0.000000
72.010000 17 0.000000
72.010000 18 0.000000
72.010000 19 0.000000
72.010000 20 0.000000
72.010000 21 0.000000
72.010000 22 0.000000
72.010000 23 0.000000
72.010000 24 0.000000
72.010000 25 0.000000
72.010000 26 0.000000
73.010000 0 0.000000
73.010000 1 0.000000
73.010000 2 0.000000
73.010000 3 0.000000
73.010000 4 0.000000
73.010000 5 0.000000
73.010000 6 0.000000
73.010000 7 0.000000
73.010000 8 0.000000
73.010000 9 0.000000
73.010000 10 0.000000
73.010000 11 0.000000
73.010000 12 0.000000
73.010000 13 0.000000
73.010000 14 0.000000
73.010000 15 0.000000
73.010000 16 0.000000
73.010000 17 0.000000
73.010000 18 0.000000
73.010000 19 0.000000
73.010000 20 0.000000
73.010000 21 0.000000
73.010000 22 0.000000
73.010000 23 0.000000
73.010000 24 0.000000
73.010000 25 0.000000
73.010000 26 0.000000
74.010000 0 0.000000
74.010000 1 0.000000
74.010000 2 0.000000
74.010000 3 0.000000
74.010000 4 0.000000
74.010000 5 0.000000
74.010000 6 0.000000
74.010000 7 0.000000
74.010000 8 0.000000
74.010000 9 0.000000
74.010000 10 0.000000
74.010000 11 0.000000
74.010000 12 0.000000
74.010000 13 0.000000
74.010000 14 0.000000
74.010000 15 0.000000
74.010000 16 0.000000
74.010000 17 0.000000
74.010000 18 0.000000
74.010000 19 0.000000
74.010000 20 0.000000
74.010000 21 0.000000
74.010000 22 0.000000
74.010000 23 0.000000
74.010000 24 0.000000
74.010000 25 0.000000
74.010000 26 0.000000
75.010000 0 0.000000
75.010000 1 0.000000
75.010000 2 0.000000
75.010000 3 0.000000
75.010000 4 0.000000
75.010000 5 0.000000
75.010000 6 0.000000
75.010000 7 0.000000
75.010000 8 0.000000
75.010000 9 0.000000
75.010000 10 0.000000
75.010000 11 0.000000
75.010000 12 0.000000
75.010000 13 0.000000
75.010000 14 0.000000
75.010000 15 0.000000
75.010000 16 0.000000
75.010000 17 0.000000
75.010000 18 0.000000
75.010000 19 0.000000
75.010000 20 0.000000
75.010000 21 0.000000
75.010000 22 0.000000
75.010000 23 0.000000
75.010000 24 0.000000
75.010000 25 0.000000
75.010000 26 0.000000
76.010000 0 0.000000
76.010000 1 0.000000
76.010000 2 0.000000
76.010000 3 0.000000
76.010000 4 0.000000
76.010000 5 0.000000
76.010000 6 0.000000
76.010000 7 0.000000
76.010000 8 0.000000
76.010000 9 0.000000
76.010000 10 0.000000
76.010000 11 0.000000
76.010000 12 0.000000
76.010000 13 0.000000
76.010000 14 0.000000
76.010000 15 0.000000
76.010000 16 0.000000
76.010000 17 0.000000
76.010000 18 0.000000
76.010000 19 0.000000
76.010000 20 0.000000
76.010000 21 0.000000
76.010000 22 0.000000
76.010000 23 0.000000
76.010000 24 0.000000
76.010000 25 0.000000
76.010000 26 0.000000
77.010000 0 0.000000
77.010000 1 0.000000
77.010000 2 0.000000
77.010000 3 0.000000
77.010000 4 0.000000
77.010000 5 0.000000
77.010000 6 0.000000
77.010000 7 0.000000
77.010000 8 0.000000
77.010000 9 0.000000
77.010000 10 0.000000
77.010000 11 0.000000
77.010000 12 0.000000
77.010000 13 0.000000
77.010000 14 0.000000
77.010000 15 0.000000
77.010000 16 0.000000
77.010000 17 0.000000
77.010000 18 0.000000
77.010000 19 0.000000
77.010000 20 0.000000
77.010000 21 0.000000
77.010000 22 0.000000
77.010000 23 0.000000
77.010000 24 0.000000
77.010000 25 0.000000
77.010000 26 0.000000
78.010000 0 0.000000
78.010000 1 0.000000
78.010000 2 0.000000
78.010000 3 0.000000
78.010000 4 0.000000
78.010000 5 0.000000
78.010000 6 0.000000
78.010000 7 0.000000
78.010000 8 0.000000
78.010000 9 0.000000
78.010000 10 0.000000
78.010000 11 0.000000
78.010000 12 0.000000
78.010000 13 0.000000
78.010000 14 0.000000
78.010000 15 0.000000
78.010000 16 0.000000
78.010000 17 0.000000
78.010000 18 0.000000
78.010000 19 0.000000
78.010000 20 0.000000
78.010000 21 0.000000
78.010000 22 0.000000
78.010000 23 0.000000
78.010000 24 0.000000
78.010000 25 0.000000
78.010000 26 0.000000
79.010000 0 0.000000
79.010000 1 0.000000
79.010000 2 0.000000
79.010000 3 0.000000
79.010000 4 0.000000
79.010000 5 0.000000
79.010000 6 0.000000
79.010000 7 0.000000
79.010000 8 0.000000
79.010000 9 0.000000
79.010000 10 0.000000
79.010000 11 0.000000
79.010000 12 0.000000
79.010000 13 0.000000
79.010000 14 0.000000
79.010000 15 0.000000
79.010000 16 0.000000
79.010000 17 0.000000
79.010000 18 0.000000
79.010000 19 0.000000
79.010000 20 0.000000
79.010000 21 0.000000
79.010000 22 0.000000
79.010000 23 0.000000
79.010000 24 0.000000
79.010000 25 0.000000
79.010000 26 0.000000
80.010000 0 0.000000
80.010000 1 0.000000
80.010000 2 0.000000
80.010000 3 0.000000
80.010000 4 0.000000
80.010000 5 0.000000
80.010000 6 0.000000
80.010000 7 0.000000
80.010000 8 0.000000
80.010000 9 0.000000
80.010000 10 0.000000
80.010000 11 0.000000
80.010000 12 0.000000
80.010000 13 0.000000
80.010000 14 0.000000
80.010000 15 0.000000
80.010000 16 0.000000
80.010000 17 0.000000
80.010000 18 0.000000
80.010000 19 0.000000
80.010000 20 0.000000
80.010000 21 0.000000
80.010000 22 0.000000
80.010000 23 0.000000
80.010000 24 0.000000
80.010000 25 0.000000
80.010000 26 0.000000
81.010000 0 0.000000
81.010000 1 0.000000
81.010000 2 0.000000
81.010000 3 0.000000
81.010000 4 0.000000
81.010000 5 0.000000
81.010000 6 0.000000
81.010000 7 0.000000
81.010000 8 0.000000
81.010000 9 0.000000
81.010000 10 0.000000
81.010000 11 0.000000
81.010000 12 0.000000
81.010000 13 0.000000
81.010000 14 0.000000
81.010000 15 0.000000
81.010000 16 0.000000
81.010000 17 0.000000
81.010000 18 0.000000
81.010000 19 0.000000
81.010000 20 0.000000
81.010000 21 0.000000
81.010000 22 0.000000
81.010000 23 0.000000
81.010000 24 0.000000
81.010000 25 0.000000
81.010000 26 0.000000
82.010000 0 0.000000
82.010000 1 0.000000
82.010000 2 0.000000
82.010000 3 0.000000
82.010000 4 0.000000
82.010000 5 0.000000
82.010000 6 0.000000
82.010000 7 0.000000
82.010000 8 0.000000
82.010000 9 0.000000
82.010000 10 0.000000
82.010000 11 0.000000
82.010000 12 0.000000
82.010000 13 0.000000
82.010000 14 0.000000
82.010000 15 0.000000
82.010000 16 0.000000
82.010000 17 0.000000
82.010000 18 0.000000
82.010000 19 0.000000
82.010000 20 0.000000
82.010000 21 0.000000
82.010000 22 0.000000
82.010000 23 0.000000
82.010000 24 0.000000
82.010000 25 0.000000
82.010000 26 0.000000
83.010000 0 0.000000
83.010000 1 0.000000
83.010000 2 0.000000
83.010000 3 0.000000
83.010000 4 0.000000
83.010000 5 0.000000
83.010000 6 0.000000
83.010000 7 0.000000
83.010000 8 0.000000
83.010000 9 0.000000
83.010000 10 0.000000
83.010000 11 0.000000
83.010000 12 0.000000
83.010000 13 0.000000
83.010000 14 0.000000
83.010000 15 0.000000
83.010000 16 0.000000
83.010000 17 0.000000
83.010000 18 0.000000
83.010000 19 0.000000
83.010000 20 0.000000
83.010000 21 0.000000
83.010000 22 0.000000
83.010000 23 0.000000
83.010000 24 0.000000
83.010000 25 0.000000
83.010000 26 0.000000
84.010000 0 0.000000
84.010000 1 0.000000
84.010000 2 0.000000
84.010000 3 0.000000
84.010000 4 0.000000
84.010000 5 0.000000
84.010000 6 0.000000
84.010000 7 0.000000
84.010000 8 0.000000
84.010000 9 0.000000
84.010000 10 0.000000
84.010000 11 0.000000
84.010000 12 0.000000
84.010000 13 0.000000
84.010000 14 0.000000
84.010000 15 0.000000
84.010000 16 0.000000
84.010000 17 0.000000
84.010000 18 0.000000
84.010000 19 0.000000
84.010000 20 0.000000
84.010000 21 0.000000
84.010000 22 0.000000
84.010000 23 0.000000
84.010000 24 0.000000
84.010000 25 0.000000
84.010000 26 0.000000
85.010000 0 0.000000
85.010000 1 0.000000
85.010000 2 0.000000
85.010000 3 0.000000
85.010000 4 0.000000
85.010000 5 0.000000
85.010000 6 0.000000
85.010000 7 0.000000
85.010000 8 0.000000
85.010000 9 0.000000
85.010000 10 0.000000
85.010000 11 0.000000
85.010000 12 0.000000
85.010000 13 0.000000
85.010000 14 0.000000
85.010000 15 0.000000
85.010000 16 0.000000
85.010000 17 0.000000
85.010000 18 0.000000
85.010000 19 0.000000
85.010000 20 0.000000
85.010000 21 0.000000
85.010000 22 0.000000
85.010000 23 0.000000
85.010000 24 0.000000
85.010000 25 0.000000
85.010000 26 0.000000
86.010000 0 0.000000
86.010000 1 0.000000
86.010000 2 0.000000
86.010000 3 0.000000
86.010000 4 0.000000
86.010000 5 0.000000
86.010000 6 0.000000
86.010000 7 0.000000
86.010000 8 0.000000
86.010000 9 0.000000
86.010000 10 0.000000
86.010000 11 0.000000
86.010000 12 0.000000
86.010000 13 0.000000
86.010000 14 0.000000
86.010000 15 0.000000
86.010000 16 0.000000
86.010000 17 0.000000
86.010000 18 0.000000
86.010000 19 0.000000
86.010000 20 0.000000
86.010000 21 0.000000
86.010000 22 0.000000
86.010000 23 0.000000
86.010000 24 0.000000
86.010000 25 0.000000
86.010000 26 0.000000
87.010000 0 0.000000
87.010000 1 0.000000
87.010000 2 0.000000
87.010000 3 0.000000
87.010000 4 0.000000
87.010000 5 0.000000
87.010000 6 0.000000
87.010000 7 0.000000
87.010000 8 0.000000
87.010000 9 0.000000
87.010000 10 0.000000
87.010000 11 0.000000
87.010000 12 0.000000
87.010000 13 0.000000
87.010000 14 0.000000
87.010000 15 0.000000
87.010000 16 0.000000
87.010000 17 0.000000
87.010000 18 0.000000
87.010000 19 0.000000
87.010000 20 0.000000
87.010000 21 0.000000
87.010000 22 0.000000
87.010000 23 0.000000
87.010000 24 0.000000
87.010000 25 0.000000
87.010000 26 0.000000
88.010000 0 0.000000
88.010000 1 0.000000
88.010000 2 0.000000
88.010000 3 0.000000
88.010000 4 0.000000
88.010000 5 0.000000
88.010000 6 0.000000
88.010000 7 0.000000
88.010000 8 0.000000
88.010000 9 0.000000
88.010000 10 0.000000
88.010000 11 0.000000
88.010000 12 0.000000
88.010000 13 0.000000
88.010000 14 0.000000
88.010000 15 0.000000
88.010000 16 0.000000
88.010000 17 0.000000
88.010000 18 0.000000
88.010000 19 0.000000
88.010000 20 0.000000
88.010000 21 0.000000
88.010000 22 0.000000
88.010000 23 0.000000
88.010000 24 0.000000
88.010000 25 0.000000
88.010000 26 0.000000
89.010000 0 0.000000
89.010000 1 0.000000
89.010000 2 0.000000
89.010000 3 0.000000
89.010000 4 0.000000
89.010000 5 0.000000
89.010000 6 0.000000
89.010000 7 0.000000
89.010000 8 0.000000
89.010000 9 0.000000
89.010000 10 0.000000
89.010000 11 0.000000
89.010000 12 0.000000
89.010000 13 0.000000
89.010000 14 0.000000
89.010000 15 0.000000
89.010000 16 0.000000
89.010000 17 0.000000
89.010000 18 0.000000
89.010000 19 0.000000
89.010000 20 0.000000
89.010000 21 0.000000
89.010000 22 0.000000
89.010000 23 0.000000
89.010000 24 0.000000
89.010000 25 0.000000
89.010000 26 0.000000
90.010000 0 0.000000
90.010000 1 0.000000
90.010000 2 0.000000
90.010000 3 0.000000
90.010000 4 0.000000
90.010000 5 0.000000
90.010000 6 0.000000
90.010000 7 0.000000
90.010000 8 0.000000
90.010000 9 0.000000
90.010000 10 0.000000
90.010000 11 0.000000
90.010000 12 0.000000
90.010000 13 0.000000
90.010000 14 0.000000
90.010000 15 0.000000
90.010000 16 0.000000
90.010000 17 0.000000
90.010000 18 0.000000
90.010000 19 0.000000
90.010000 20 0.000000
90.010000 21 0.000000
90.010000 22 0.000000
90.010000 23 0.000000
90.010000 24 0.000000
90.010000 25 0.000000
90.010000 26 0.000000
91.010000 0 0.000000
91.010000 1 0.000000
91.010000 2 0.000000
91.010000 3 0.000000
91.010000 4 0.000000
91.010000 5 0.000000
91.010000 6 0.000000
91.010000 7 0.000000
91.010000 8 0.000000
91.010000 9 0.000000
91.010000 10 0.000000
91.010000 11 0.000000
91.010000 12 0.000000
91.010000 13 0.000000
91.010000 14 0.000000
91.010000 15 0.000000
91.010000 16 0.000000
91.010000 17 0.000000
91.010000 18 0.000000
91.010000 19 0.000000
91.010000 20 0.000000
91.010000 21 0.000000
91.010000 22 0.000000
91.010000 23 0.000000
91.010000 24 0.000000
91.010000 25 0.000000
91.010000 26 0.000000
92.010000 0 0.000000
92.010000 1 0.000000
92.010000 2 0.000000
92.010000 3 0.000000
92.010000 4 0.000000
92.010000 5 0.000000
92.010000 6 0.000000
92.010000 7 0.000000
92.010000 8 0.000000
92.010000 9 0.000000
92.010000 10 0.000000
92.010000 11 0.000000
92.010000 12 0.000000
92.010000 13 0.000000
92.010000 14 0.000000
92.010000 15 0.000000
92.010000 16 0.000000
92.010000 17 0.000000
92.010000 18 0.000000
92.010000 19 0.000000
92.010000 20 0.000000
92.010000 21 0.000000
92.010000 22 0.000000
92.010000 23 0.000000
92.010000 24 0.000000
92.010000 25 0.000000
92.010000 26 0.000000
93.010000 0 0.000000
93.010000 1 0.000000
93.010000 2 0.000000
93.010000 3 0.000000
93.010000 4 0.000000
93.010000 5 0.000000
93.010000 6 0.000000
93.010000 7 0.000000
93.010000 8 0.000000
93.010000 9 0.000000
93.010000 10 0.000000
93.010000 11 0.000000
93.010000 12 0.000000
93.010000 13 0.000000
93.010000 14 0.000000
93.010000 15 0.000000
93.010000 16 0.000000
93.010000 17 0.000000
93.010000 18 0.000000
93.010000 19 0.000000
93.010000 20 0.000000
93.010000 21 0.000000
93.010000 22 0.000000
93.010000 23 0.000000
93.010000 24 0.000000
93.010000 25 0.000000
93.010000 26 0.000000
94.010000 0 0.000000
94.010000 1 0.000000
94.010000 2 0.000000
94.010000 3 0.000000
94.010000 4 0.000000
94.010000 5 0.000000
94.010000 6 0.000000
94.010000 7 0.000000
94.010000 8 0.000000
94.010000 9 0.000000
94.010000 10 0.000000
94.010000 11 0.000000
94.010000 12 0.000000
94.010000 13 0.000000
94.010000 14 0.000000
94.010000 15 0.000000
94.010000 16 0.000000
94.010000 17 0.000000
94.010000 18 0.000000
94.010000 19 0.000000
94.010000 20 0.000000
94.010000 21 0.000000
94.010000 22 0.000000
94.010000 23 0.000000
94.010000 24 0.000000
94.010000 25 0.000000
94.010000 26 0.000000
95.010000 0 0.000000
95.010000 1 0.000000
95.010000 2 0.000000
95.010000 3 0.000000
95.010000 4 0.000000
95.010000 5 0.000000
95.010000 6 0.000000
95.010000 7 0.000000
95.010000 8 0.000000
95.010000 9 0.000000
95.010000 10 0.000000
95.010000 11 0.000000
95.010000 12 0.000000
95.010000 13 0.000000
95.010000 14 0.000000
95.010000 15 0.000000
95.010000 16 0.000000
95.010000 17 0.000000
95.010000 18 0.000000
95.010000 19 0.000000
95.010000 20 0.000000
95.010000 21 0.000000
95.010000 22 0.000000
95.010000 23 0.000000
95.010000 24 0.000000
95.010000 25 0.000000
95.010000 26 0.000000
96.010000 0 0.000000
96.010000 1 0.000000
96.010000 2 0.000000
96.010000 3 0.000000
96.010000 4 0.000000
96.010000 5 0.000000
96.010000 6 0.000000
96.010000 7 0.000000
96.010000 8 0.000000
96.010000 9 0.000000
96.010000 10 0.000000
96.010000 11 0.000000
96.010000 12 0.000000
96.010000 13 0.000000
96.010000 14 0.000000
96.010000 15 0.000000
96.010000 16 0.000000
96.010000 17 0.000000
96.010000 18 0.000000
96.010000 19 0.000000
96.010000 20 0.000000
96.010000 21 0.000000
96.010000 22 0.000000
96.010000 23 0.000000
96.010000 24 0.000000
96.010000 25 0.000000
96.010000 26 0.000000
97.010000 0 0.000000
97.010000 1 0.000000
97.010000 2 0.000000
97.010000 3 0.000000
97.010000 4 0.000000
97.010000 5 0.000000
97.010000 6 0.000000
97.010000 7 0.000000
97.010000 8 0.000000
97.010000 9 0.000000
97.010000 10 0.000000
97.010000 11 0.000000
97.010000 12 0.000000
97.010000 13 0.000000
97.010000 14 0.000000
97.010000 15 0.000000
97.010000 16 0.000000
97.010000 17 0.000000
97.010000 18 0.000000
97.010000 19 0.000000
97.010000 20 0.000000
97.010000 21 0.000000
97.010000 22 0.000000
97.010000 23 0.000000
97.010000 24 0.000000
97.010000 25 0.000000
97.010000 26 0.000000
98.010000 0 0.000000
98.010000 1 0.000000
98.010000 2 0.000000
98.010000 3 0.000000
98.010000 4 0.000000
98.010000 5 0.000000
98.010000 6 0.000000
98.010000 7 0.000000
98.010000 8 0.000000
98.010000 9 0.000000
98.010000 10 0.000000
98.010000 11 0.000000
98.010000 12 0.000000
98.010000 13 0.000000
98.010000 14 0.000000
98.010000 15 0.000000
98.010000 16 0.000000
98.010000 17 0.000000
98.010000 18 0.000000
98.010000 19 0.000000
98.010000 20 0.000000
98.010000 21 0.000000
98.010000 22 0.000000
98.010000 23 0.000000
98.010000 24 0.000000
98.010000 25 0.000000
98.010000 26 0.000000
99.010000 0 0.000000
99.010000 1 0.000000
99.010000 2 0.000000
99.010000 3 0.000000
99.010000 4 0.000000
99.010000 5 0.000000
99.010000 6 0.000000
99.010000 7 0.000000
99.010000 8 0.000000
99.010000 9 0.000000
99.010000 10 0.000000
99.010000 11 0.000000
99.010000 12 0.000000
99.010000 13 0.000000
99.010000 14 0.000000
99.010000 15 0.000000
99.010000 16 0.000000
99.010000 17 0.000000
99.010000 18 0.000000
99.010000 19 0.000000
99.010000 20 0.000000
99.010000 21 0.000000
99.010000 22 0.000000
99.010000 23 0.000000
99.010000 24 0.000000
99.010000 25 0.000000
99.010000 26 0.000000
100.010000 0 0.000000
100.010000 1 0.000000
100.010000 2 0.000000
100.010000 3 0.000000
100.010000 4 0.000000
100.010000 5 0.000000
100.010000 6 0.000000
100.010000 7 0.000000
100.010000 8 0.000000
100.010000 9 0.000000
100.010000 10 0.000000
100.010000 11 0.000000
100.010000 12 0.000000
100.010000 13 0.000000
100.010000 14 0.000000
100.010000 15 0.000000
100.010000 16 0.000000
100.010000 17 0.000000
100.010000 18 0.000000
100.010000 19 0.000000
100.010000 20 0.000000
100.010000 21 0.000000
100.010000 22 0.000000
100.010000 23 0.000000
100.010000 24 0.000000
100.010000 25 0.000000
100.010000 26 0.000000
101.010000 0 0.000000
101.010000 1 0.000000
101.010000 2 0.000000
101.010000 3 0.000000
101.010000 4 0.000000
101.010000 5 0.000000
101.010000 6 0.000000
101.010000 7 0.000000
101.010000 8 0.000000
101.010000 9 0.000000
101.010000 10 0.000000
101.010000 11 0.000000
101.010000 12 0.000000
101.010000 13 0.000000
101.010000 14 0.000000
101.010000 15 0.000000
101.010000 16 0.000000
101.010000 17 0.000000
101.010000 18 0.000000
101.010000 19 0.000000
101.010000 20 0.000000
101.010000 21 0.000000
101.010000 22 0.000000
101.010000 23 0.000000
101.010000 24 0.000000
101.010000 25 0.000000
101.010000 26 0.000000
102.010000 0 0.000000
102.010000 1 0.000000
102.010000 2 0.000000
102.010000 3 0.000000
102.010000 4 0.000000
102.010000 5 0.000000
102.010000 6 0.000000
102.010000 7 0.000000
102.010000 8 0.000000
102.010000 9 0.000000
102.010000 10 0.000000
102.010000 11 0.000000
102.010000 12 0.000000
102.010000 13 0.000000
102.010000 14 0.000000
102.010000 15 0.000000
102.010000 16 0.000000
102.010000 17 0.000000
102.010000 18 0.000000
102.010000 19 0.000000
102.010000 20 0.000000
102.010000 21 0.000000
102.010000 22 0.000000
102.010000 23 0.000000
102.010000 24 0.000000
102.010000 25 0.000000
102.010000 26 0.000000
103.010000 0 0.000000
103.010000 1 0.000000
103.010000 2 0.000000
103.010000 3 0.000000
103.010000 4 0.000000
103.010000 5 0.000000
103.010000 6 0.000000
103.010000 7 0.000000
103.010000 8 0.000000
103.010000 9 0.000000
103.010000 10 0.000000
103.010000 11 0.000000
103.010000 12 0.000000
103.010000 13 0.000000
103.010000 14 0.000000
103.010000 15 0.000000
103.010000 16 0.000000
103.010000 17 0.000000
103.010000 18 0.000000
103.010000 19 0.000000
103.010000 20 0.000000
103.010000 21 0.000000
103.010000 22 0.000000
103.010000 23 0.000000
103.010000 24 0.000000
103.010000 25 0.000000
103.010000 26 0.000000
104.010000 0 0.000000
104.010000 1 0.000000
104.010000 2 0.000000
104.010000 3 0.000000
104.010000 4 0.000000
104.010000 5 0.000000
104.010000 6 0.000000
104.010000 7 0.000000
104.010000 8 0.000000
104.010000 9 0.000000
104.010000 10 0.000000
104.010000 11 0.000000
104.010000 12 0.000000
104.010000 13 0.000000
104.010000 14 0.000000
104.010000 15 0.000000
104.010000 16 0.000000
104.010000 17 0.000000
104.010000 18 0.000000
104.010000 19 0.000000
104.010000 20 0.000000
104.010000 21 0.000000
104.010000 22 0.000000
104.010000 23 0.000000
104.010000 24 0.000000
104.010000 25 0.000000
104.010000 26 0.000000
105.010000 0 0.000000
105.010000 1 0.000000
105.010000 2 0.000000
105.010000 3 0.000000
105.010000 4 0.000000
105.010000 5 0.000000
105.010000 6 0.000000
105.010000 7 0.000000
105.010000 8 0.000000
105.010000 9 0.000000
105.010000 10 0.000000
105.010000 11 0.000000
105.010000 12 0.000000
105.010000 13 0.000000
105.010000 14 0.000000
105.010000 15 0.000000
105.010000 16 0.000000
105.010000 17 0.000000
105.010000 18 0.000000
105.010000 19 0.000000
105.010000 20 0.000000
105.010000 21 0.000000
105.010000 22 0.000000
105.010000 23 0.000000
105.010000 24 0.000000
105.010000 25 0.000000
105.010000 26 0.000000
106.010000 0 0.000000
106.010000 1 0.000000
106.010000 2 0.000000
106.010000 3 0.000000
106.010000 4 0.000000
106.010000 5 0.000000
106.010000 6 0.000000
106.010000 7 0.000000
106.010000 8 0.000000
106.010000 9 0.000000
106.010000 10 0.000000
106.010000 11 0.000000
106.010000 12 0.000000
106.010000 13 0.000000
106.010000 14 0.000000
106.010000 15 0.000000
106.010000 16 0.000000
106.010000 17 0.000000
106.010000 18 0.000000
106.010000 19 0.000000
106.010000 20 0.000000
106.010000 21 0.000000
106.010000 22 0.000000
106.010000 23 0.000000
106.010000 24 0.000000
106.010000 25 0.000000
106.010000 26 0.000000
107.010000 0 0.000000
107.010000 1 0.000000
107.010000 2 0.000000
107.010000 3 0.000000
107.010000 4 0.000000
107.010000 5 0.000000
107.010000 6 0.000000
107.010000 7 0.000000
107.010000 8 0.000000
107.010000 9 0.000000
107.010000 10 0.000000
107.010000 11 0.000000
107.010000 12 0.000000
107.010000 13 0.000000
107.010000 14 0.000000
107.010000 15 0.000000
107.010000 16 0.000000
107.010000 17 0.000000
107.010000 18 0.000000
107.010000 19 0.000000
107.010000 20 0.000000
107.010000 21 0.000000
107.010000 22 0.000000
107.010000 23 0.000000
107.010000 24 0.000000
107.010000 25 0.000000
107.010000 26 0.000000
108.010000 0 0.000000
108.010000 1 0.000000
108.010000 2 0.000000
108.010000 3 0.000000
108.010000 4 0.000000
108.010000 5 0.000000
108.010000 6 0.000000
108.010000 7 0.000000
108.010000 8 0.000000
108.010000 9 0.000000
108.010000 10 0.000000
108.010000 11 0.000000
108.010000 12 0.000000
108.010000 13 0.000000
108.010000 14 0.000000
108.010000 15 0.000000
108.010000 16 0.000000
108.010000 17 0.000000
108.010000 18 0.000000
108.010000 19 0.000000
108.010000 20 0.000000
108.010000 21 0.000000
108.010000 22 0.000000
108.010000 23 0.000000
108.010000 24 0.000000
108.010000 25 0.000000
108.010000 26 0.000000
109.010000 0 0.000000
109.010000 1 0.000000
109.010000 2 0.000000
109.010000 3 0.000000
109.010000 4 0.000000
109.010000 5 0.000000
109.010000 6 0.000000
109.010000 7 0.000000
109.010000 8 0.000000
109.010000 9 0.000000
109.010000 10 0.000000
109.010000 11 0.000000
109.010000 12 0.000000
109.010000 13 0.000000
109.010000 14 0.000000
109.010000 15 0.000000
109.010000 16 0.000000
109.010000 17 0.000000
109.010000 18 0.000000
109.010000 19 0.000000
109.010000 20 0.000000
109.010000 21 0.000000
109.010000 22 0.000000
109.010000 23 0.000000
109.010000 24 0.000000
109.010000 25 0.000000
109.010000 26 0.000000
110.010000 0 0.000000
110.010000 1 0.000000
110.010000 2 0.000000
110.010000 3 0.000000
110.010000 4 0.000000
110.010000 5 0.000000
110.010000 6 0.000000
110.010000 7 0.000000
110.010000 8 0.000000
110.010000 9 0.000000
110.010000 10 0.000000
110.010000 11 0.000000
110.010000 12 0.000000
110.010000 13 0.000000
110.010000 14 0.000000
110.010000 15 0.000000
110.010000 16 0.000000
110.010000 17 0.000000
110.010000 18 0.000000
110.010000 19 0.000000
110.010000 20 0.000000
110.010000 21 0.000000
110.010000 22 0.000000
110.010000 23 0.000000
110.010000 24 0.000000
110.010000 25 0.000000
110.010000 26 0.000000
111.010000 0 0.000000
111.010000 1 0.000000
111.010000 2 0.000000
111.010000 3 0.000000
111.010000 4 0.000000
111.010000 5 0.000000
111.010000 6 0.000000
111.010000 7 0.000000
111.010000 8 0.000000
111.010000 9 0.000000
111.010000 10 0.000000
111.010000 11 0.000000
111.010000 12 0.000000
111.010000 13 0.000000
111.010000 14 0.000000
111.010000 15 0.000000
111.010000 16 0.000000
111.010000 17 0.000000
111.010000 18 0.000000
111.010000 19 0.000000
111.010000 20 0.000000
111.010000 21 0.000000
111.010000 22 0.000000
111.010000 23 0.000000
111.010000 24 0.000000
111.010000 25 0.000000
111.010000 26 0.000000
112.010000 0 0.000000
112.010000 1 0.000000
112.010000 2 0.000000
112.010000 3 0.000000
112.010000 4 0.000000
112.010000 5 0.000000
112.010000 6 0.000000
112.010000 7 0.000000
112.010000 8 0.000000
112.010000 9 0.000000
112.010000 10 0.000000
112.010000 11 0.000000
112.010000 12 0.000000
112.010000 13 0.000000
112.010000 14 0.000000
112.010000 15 0.000000
112.010000 16 0.000000
112.010000 17 0.000000
112.010000 18 0.000000
112.010000 19 0.000000
112.010000 20 0.000000
112.010000 21 0.000000
112.010000 22 0.000000
112.010000 23 0.000000
112.010000 24 0.000000
112.010000 25 0.000000
112.010000 26 0.000000
113.010000 0 0.000000
113.010000 1 0.000000
113.010000 2 0.000000
113.010000 3 0.000000
113.010000 4 0.000000
113.010000 5 0.000000
113.010000 6 0.000000
113.010000 7 0.000000
113.010000 8 0.000000
113.010000 9 0.000000
113.010000 10 0.000000
113.010000 11 0.000000
113.010000 12 0.000000
113.010000 13 0.000000
113.010000 14 0.000000
113.010000 15 0.000000
113.010000 16 0.000000
113.010000 17 0.000000
113.010000 18 0.000000
113.010000 19 0.000000
113.010000 20 0.000000
113.010000 21 0.000000
113.010000 22 0.000000
113.010000 23 0.000000
113.010000 24 0.000000
113.010000 25 0.000000
113.010000 26 0.000000
114.010000 0 0.000000
114.010000 1 0.000000
114.010000 2 0.000000
114.010000 3 0.000000
114.010000 4 0.000000
114.010000 5 0.000000
114.010000 6 0.000000
114.010000 7 0.000000
114.010000 8 0.000000
114.010000 9 0.000000
114.010000 10 0.000000
114.010000 11 0.000000
114.010000 12 0.000000
114.010000 13 0.000000
114.010000 14 0.000000
114.010000 15 0.000000
114.010000 16 0.000000
114.010000 17 0.000000
114.010000 18 0.000000
114.010000 19 0.000000
114.010000 20 0.000000
114.010000 21 0.000000
114.010000 22 0.000000
114.010000 23 0.000000
114.010000 24 0.000000
114.010000 25 0.000000
114.010000 26 0.000000
115.010000 0 0.000000
115.010000 1 0.000000
115.010000 2 0.000000
115.010000 3 0.000000
115.010000 4 0.000000
115.010000 5 0.000000
115.010000 6 0.000000
115.010000 7 0.000000
115.010000 8 0.000000
115.010000 9 0.000000
115.010000 10 0.000000
115.010000 11 0.000000
115.010000 12 0.000000
115.010000 13 0.000000
115.010000 14 0.000000
115.010000 15 0.000000
115.010000 16 0.000000
115.010000 17 0.000000
115.010000 18 0.000000
115.010000 19 0.000000
115.010000 20 0.000000
115.010000 21 0.000000
115.010000 22 0.000000
115.010000 23 0.000000
115.010000 24 0.000000
115.010000 25 0.000000
115.010000 26 0.000000
116.010000 0 0.000000
116.010000 1 0.000000
116.010000 2 0.000000
116.010000 3 0.000000
116.010000 4 0.000000
116.010000 5 0.000000
116.010000 6 0.000000
116.010000 7 0.000000
116.010000 8 0.000000
116.010000 9 0.000000
116.010000 10 0.000000
116.010000 11 0.000000
116.010000 12 0.000000
116.010000 13 0.000000
116.010000 14 0.000000
116.010000 15 0.000000
116.010000 16 0.000000
116.010000 17 0.000000
116.010000 18 0.000000
116.010000 19 0.000000
116.010000 20 0.000000
116.010000 21 0.000000
116.010000 22 0.000000
116.010000 23 0.000000
116.010000 24 0.000000
116.010000 25 0.000000
116.010000 26 0.000000
117.010000 0 0.000000
117.010000 1 0.000000
117.010000 2 0.000000
117.010000 3 0.000000
117.010000 4 0.000000
117.010000 5 0.000000
117.010000 6 0.000000
117.010000 7 0.000000
117.010000 8 0.000000
117.010000 9 0.000000
117.010000 10 0.000000
117.010000 11 0.000000
117.010000 12 0.000000
117.010000 13 0.000000
117.010000 14 0.000000
117.010000 15 0.000000
117.010000 16 0.000000
117.010000 17 0.000000
117.010000 18 0.000000
117.010000 19 0.000000
117.010000 20 0.000000
117.010000 21 0.000000
117.010000 22 0.000000
117.010000 23 0.000000
117.010000 24 0.000000
117.010000 25 0.000000
117.010000 26 0.000000
118.010000 0 0.000000
118.010000 1 0.000000
118.010000 2 0.000000
118.010000 3 0.000000
118.010000 4 0.000000
118.010000 5 0.000000
118.010000 6 0.000000
118.010000 7 0.000000
118.010000 8 0.000000
118.010000 9 0.000000
118.010000 10 0.000000
118.010000 11 0.000000
118.010000 12 0.000000
118.010000 13 0.000000
118.010000 14 0.000000
118.010000 15 0.000000
118.010000 16 0.000000
118.010000 17 0.000000
118.010000 18 0.000000
118.010000 19 0.000000
118.010000 20 0.000000
118.010000 21 0.000000
118.010000 22 0.000000
118.010000 23 0.000000
118.010000 24 0.000000
118.010000 25 0.000000
118.010000 26 0.000000
119.010000 0 0.000000
119.010000 1 0.000000
119.010000 2 0.000000
119.010000 3 0.000000
119.010000 4 0.000000
119.010000 5 0.000000
119.010000 6 0.000000
119.010000 7 0.000000
119.010000 8 0.000000
119.010000 9 0.000000
119.010000 10 0.000000
119.010000 11 0.000000
119.010000 12 0.000000
119.010000 13 0.000000
119.010000 14 0.000000
119.010000 15 0.000000
119.010000 16 0.000000
119.010000 17 0.000000
119.010000 18 0.000000
119.010000 19 0.000000
119.010000 20 0.000000
119.010000 21 0.000000
119.010000 22 0.000000
119.010000 23 0.000000
119.010000 24 0.000000
119.010000 25 0.000000
119.010000 26 0.000000
120.010000 0 0.000000
120.010000 1 0.000000
120.010000 2 0.000000
120.010000 3 0.000000
120.010000 4 0.000000
120.010000 5 0.000000
120.010000 6 0.000000
120.010000 7 0.000000
120.010000 8 0.000000
120.010000 9 0.000000
120.010000 10 0.000000
120.010000 11 0.000000
120.010000 12 0.000000
120.010000 13 0.000000
120.010000 14 0.000000
120.010000 15 0.000000
120.010000 16 0.000000
120.010000 17 0.000000
120.010000 18 0.000000
120.010000 19 0.000000
120.010000 20 0.000000
120.010000 21 0.000000
120.010000 22 0.000000
120.010000 23 0.000000
120.010000 24 0.000000
120.010000 25 0.000000
120.010000 26 0.000000
121.010000 0 0.000000
121.010000 1 0.000000
121.010000 2 0.000000
121.010000 3 0.000000
121.010000 4 0.000000
121.010000 5 0.000000
121.010000 6 0.000000
121.010000 7 0.000000
121.010000 8 0.000000
121.010000 9 0.000000
121.010000 10 0.000000
121.010000 11 0.000000
121.010000 12 0.000000
121.010000 13 0.000000
121.010000 14 0.000000
121.010000 15 0.000000
121.010000 16 0.000000
121.010000 17 0.000000
121.010000 18 0.000000
121.010000 19 0.000000
121.010000 20 0.000000
121.010000 21 0.000000
121.010000 22 0.000000
121.010000 23 0.000000
121.010000 24 0.000000
121.010000 25 0.000000
121.010000 26 0.000000
122.010000 0 0.000000
122.010000 1 0.000000
122.010000 2 0.000000
122.010000 3 0.000000
122.010000 4 0.000000
122.010000 5 0.000000
122.010000 6 0.000000
122.010000 7 0.000000
122.010000 8 0.000000
122.010000 9 0.000000
122.010000 10 0.000000
122.010000 11 0.000000
122.010000 12 0.000000
122.010000 13 0.000000
122.010000 14 0.000000
122.010000 15 0.000000
122.010000 16 0.000000
122.010000 17 0.000000
122.010000 18 0.000000
122.010000 19 0.000000
122.010000 20 0.000000
122.010000 21 0.000000
122.010000 22 0.000000
122.010000 23 0.000000
122.010000 24 0.000000
122.010000 25 0.000000
122.010000 26 0.000000
123.010000 0 0.000000
123.010000 1 0.000000
123.010000 2 0.000000
123.010000 3 0.000000
123.010000 4 0.000000
123.010000 5 0.000000
123.010000 6 0.000000
123.010000 7 0.000000
123.010000 8 0.000000
123.010000 9 0.000000
123.010000 10 0.000000
123.010000 11 0.000000
123.010000 12 0.000000
123.010000 13 0.000000
123.010000 14 0.000000
123.010000 15 0.000000
123.010000 16 0.000000
123.010000 17 0.000000
123.010000 18 0.000000
123.010000 19 0.000000
123.010000 20 0.000000
123.010000 21 0.000000
123.010000 22 0.000000
123.010000 23 0.000000
123.010000 24 0.000000
123.010000 25 0.000000
123.010000 26 0.000000
124.010000 0 0.000000
124.010000 1 0.000000
124.010000 2 0.000000
124.010000 3 0.000000
124.010000 4 0.000000
124.010000 5 0.000000
124.010000 6 0.000000
124.010000 7 0.000000
124.010000 8 0.000000
124.010000 9 0.000000
124.010000 10 0.000000
124.010000 11 0.000000
124.010000 12 0.000000
124.010000 13 0.000000
124.010000 14 0.000000
124.010000 15 0.000000
124.010000 16 0.000000
124.010000 17 0.000000
124.010000 18 0.000000
124.010000 19 0.000000
124.010000 20 0.000000
124.010000 21 0.000000
124.010000 22 0.000000
124.010000 23 0.000000
124.010000 24 0.000000
124.010000 25 0.000000
124.010000 26 0.000000
125.010000 0 0.000000
125.010000 1 0.000000
125.010000 2 0.000000
125.010000 3 0.000000
125.010000 4 0.000000
125.010000 5 0.000000
125.010000 6 0.000000
125.010000 7 0.000000
125.010000 8 0.000000
125.010000 9 0.000000
125.010000 10 0.000000
125.010000 11 0.000000
125.010000 12 0.000000
125.010000 13 0.000000
125.010000 14 0.000000
125.010000 15 0.000000
125.010000 16 0.000000
125.010000 17 0.000000
125.010000 18 0.000000
125.010000 19 0.000000
125.010000 20 0.000000
125.010000 21 0.000000
125.010000 22 0.000000
125.010000 23 0.000000
125.010000 24 0.000000
125.010000 25 0.000000
125.010000 26 0.000000
126.010000 0 0.000000
126.010000 1 0.000000
126.010000 2 0.000000
126.010000 3 0.000000
126.010000 4 0.000000
126.010000 5 0.000000
126.010000 6 0.000000
126.010000 7 0.000000
126.010000 8 0.000000
126.010000 9 0.000000
126.010000 10 0.000000
126.010000 11 0.000000
126.010000 12 0.000000
126.010000 13 0.000000
126.010000 14 0.000000
126.010000 15 0.000000
126.010000 16 0.000000
126.010000 17 0.000000
126.010000 18 0.000000
126.010000 19 0.000000
126.010000 20 0.000000
126.010000 21 0.000000
126.010000 22 0.000000
126.010000 23 0.000000
126.010000 24 0.000000
126.010000 25 0.000000
126.010000 26 0.000000
127.010000 0 0.000000
127.010000 1 0.000000
127.010000 2 0.000000
127.010000 3 0.000000
127.010000 4 0.000000
127.010000 5 0.000000
127.010000 6 0.000000
127.010000 7 0.000000
127.010000 8 0.000000
127.010000 9 0.000000
127.010000 10 0.000000
127.010000 11 0.000000
127.010000 12 0.000000
127.010000 13 0.000000
127.010000 14 0.000000
127.010000 15 0.000000
127.010000 16 0.000000
127.010000 17 0.000000
127.010000 18 0.000000
127.010000 19 0.000000
127.010000 20 0.000000
127.010000 21 0.000000
127.010000 22 0.000000
127.010000 23 0.000000
127.010000 24 0.000000
127.010000 25 0.000000
127.010000 26 0.000000
128.010000 0 0.000000
128.010000 1 0.000000
128.010000 2 0.000000
128.010000 3 0.000000
128.010000 4 0.000000
128.010000 5 0.000000
128.010000 6 0.000000
128.010000 7 0.000000
128.010000 8 0.000000
128.010000 9 0.000000
128.010000 10 0.000000
128.010000 11 0.000000
128.010000 12 0.000000
128.010000 13 0.000000
128.010000 14 0.000000
128.010000 15 0.000000
128.010000 16 0.000000
128.010000 17 0.000000
128.010000 18 0.000000
128.010000 19 0.000000
128.010000 20 0.000000
128.010000 21 0.000000
128.010000 22 0.000000
128.010000 23 0.000000
128.010000 24 0.000000
128.010000 25 0.000000
128.010000 26 0.000000
129.010000 0 0.000000
129.010000 1 0.000000
129.010000 2 0.000000
129.010000 3 0.000000
129.010000 4 0.000000
129.010000 5 0.000000
129.010000 6 0.000000
129.010000 7 0.000000
129.010000 8 0.000000
129.010000 9 0.000000
129.010000 10 0.000000
129.010000 11 0.000000
129.010000 12 0.000000
129.010000 13 0.000000
129.010000 14 0.000000
129.010000 15 0.000000
129.010000 16 0.000000
129.010000 17 0.000000
129.010000 18 0.000000
129.010000 19 0.000000
129.010000 20 0.000000
129.010000 21 0.000000
129.010000 22 0.000000
129.010000 23 0.000000
129.010000 24 0.000000
129.010000 25 0.000000
129.010000 26 0.000000
130.010000 0 0.000000
130.010000 1 0.000000
130.010000 2 0.000000
130.010000 3 0.000000
130.010000 4 0.000000
130.010000 5 0.000000
130.010000 6 0.000000
130.010000 7 0.000000
130.010000 8 0.000000
130.010000 9 0.000000
130.010000 10 0.000000
130.010000 11 0.000000
130.010000 12 0.000000
130.010000 13 0.000000
130.010000 14 0.000000
130.010000 15 0.000000
130.010000 16 0.000000
130.010000 17 0.000000
130.010000 18 0.000000
130.010000 19 0.000000
130.010000 20 0.000000
130.010000 21 0.000000
130.010000 22 0.000000
130.010000 23 0.000000
130.010000 24 0.000000
130.010000 25 0.000000
130.010000 26 0.000000
131.010000 0 0.000000
131.010000 1 0.000000
131.010000 2 0.000000
131.010000 3 0.000000
131.010000 4 0.000000
131.010000 5 0.000000
131.010000 6 0.000000
131.010000 7 0.000000
131.010000 8 0.000000
131.010000 9 0.000000
131.010000 10 0.000000
131.010000 11 0.000000
131.010000 12 0.000000
131.010000 13 0.000000
131.010000 14 0.000000
131.010000 15 0.000000
131.010000 16 0.000000
131.010000 17 0.000000
131.010000 18 0.000000
131.010000 19 0.000000
131.010000 20 0.000000
131.010000 21 0.000000
131.010000 22 0.000000
131.010000 23 0.000000
131.010000 24 0.000000
131.010000 25 0.000000
131.010000 26 0.000000
132.010000 0 0.000000
132.010000 1 0.000000
132.010000 2 0.000000
132.010000 3 0.000000
132.010000 4 0.000000
132.010000 5 0.000000
132.010000 6 0.000000
132.010000 7 0.000000
132.010000 8 0.000000
132.010000 9 0.000000
132.010000 10 0.000000
132.010000 11 0.000000
132.010000 12 0.000000
132.010000 13 0.000000
132.010000 14 0.000000
132.010000 15 0.000000
132.010000 16 0.000000
132.010000 17 0.000000
132.010000 18 0.000000
132.010000 19 0.000000
132.010000 20 0.000000
132.010000 21 0.000000
132.010000 22 0.000000
132.010000 23 0.000000
132.010000 24 0.000000
132.010000 25 0.000000
132.010000 26 0.000000
133.010000 0 0.000000
133.010000 1 0.000000
133.010000 2 0.000000
133.010000 3 0.000000
133.010000 4 0.000000
133.010000 5 0.000000
133.010000 6 0.000000
133.010000 7 0.000000
133.010000 8 0.000000
133.010000 9 0.000000
133.010000 10 0.000000
133.010000 11 0.000000
133.010000 12 0.000000
133.010000 13 0.000000
133.010000 14 0.000000
133.010000 15 0.000000
133.010000 16 0.000000
133.010000 17 0.000000
133.010000 18 0.000000
133.010000 19 0.000000
133.010000 20 0.000000
133.010000 21 0.000000
133.010000 22 0.000000
133.010000 23 0.000000
133.010000 24 0.000000
133.010000 25 0.000000
133.010000 26 0.000000
134.010000 0 0.000000
134.010000 1 0.000000
134.010000 2 0.000000
134.010000 3 0.000000
134.010000 4 0.000000
134.010000 5 0.000000
134.010000 6 0.000000
134.010000 7 0.000000
134.010000 8 0.000000
134.010000 9 0.000000
134.010000 10 0.000000
134.010000 11 0.000000
134.010000 12 0.000000
134.010000 13 0.000000
134.010000 14 0.000000
134.010000 15 0.000000
134.010000 16 0.000000
134.010000 17 0.000000
134.010000 18 0.000000
134.010000 19 0.000000
134.010000 20 0.000000
134.010000 21 0.000000
134.010000 22 0.000000
134.010000 23 0.000000
134.010000 24 0.000000
134.010000 25 0.000000
134.010000 26 0.000000
135.010000 0 0.000000
135.010000 1 0.000000
135.010000 2 0.000000
135.010000 3 0.000000
135.010000 4 0.000000
135.010000 5 0.000000
135.010000 6 0.000000
135.010000 7 0.000000
135.010000 8 0.000000
135.010000 9 0.000000
135.010000 10 0.000000
135.010000 11 0.000000
135.010000 12 0.000000
135.010000 13 0.000000
135.010000 14 0.000000
135.010000 15 0.000000
135.010000 16 0.000000
135.010000 17 0.000000
135.010000 18 0.000000
135.010000 19 0.000000
135.010000 20 0.000000
135.010000 21 0.000000
135.010000 22 0.000000
135.010000 23 0.000000
135.010000 24 0.000000
135.010000 25 0.000000
135.010000 26 0.000000
136.010000 0 0.000000
136.010000 1 0.000000
136.010000 2 0.000000
136.010000 3 0.000000
136.010000 4 0.000000
136.010000 5 0.000000
136.010000 6 0.000000
136.010000 7 0.000000
136.010000 8 0.000000
136.010000 9 0.000000
136.010000 10 0.000000
136.010000 11 0.000000
136.010000 12 0.000000
136.010000 13 0.000000
136.010000 14 0.000000
136.010000 15 0.000000
136.010000 16 0.000000
136.010000 17 0.000000
136.010000 18 0.000000
136.010000 19 0.000000
136.010000 20 0.000000
136.010000 21 0.000000
136.010000 22 0.000000
136.010000 23 0.000000
136.010000 24 0.000000
136.010000 25 0.000000
136.010000 26 0.000000
137.010000 0 0.000000
137.010000 1 0.000000
137.010000 2 0.000000
137.010000 3 0.000000
137.010000 4 0.000000
137.010000 5 0.000000
137.010000 6 0.000000
137.010000 7 0.000000
137.010000 8 0.000000
137.010000 9 0.000000
137.010000 10 0.000000
137.010000 11 0.000000
137.010000 12 0.000000
137.010000 13 0.000000
137.010000 14 0.000000
137.010000 15 0.000000
137.010000 16 0.000000
137.010000 17 0.000000
137.010000 18 0.000000
137.010000 19 0.000000
137.010000 20 0.000000
137.010000 21 0.000000
137.010000 22 0.000000
137.010000 23 0.000000
137.010000 24 0.000000
137.010000 25 0.000000
137.010000 26 0.000000
