0.010000 0 2
0.010000 1 5
0.010000 2 5
0.010000 3 5
0.010000 4 4
0.010000 5 5
0.010000 6 5
0.010000 7 5
0.010000 8 5
0.010000 9 5
0.010000 10 5
0.010000 11 4
0.010000 12 5
0.010000 13 5
0.010000 14 3
0.010000 15 5
0.010000 16 5
0.010000 17 4
0.010000 18 3
0.010000 19 5
0.010000 20 5
0.010000 21 5
1.010000 0 19
1.010000 1 23
1.010000 2 20
1.010000 3 20
1.010000 4 24
1.010000 5 22
1.010000 6 22
1.010000 7 23
1.010000 8 23
1.010000 9 23
1.010000 10 23
1.010000 11 24
1.010000 12 22
1.010000 13 22
1.010000 14 22
1.010000 15 21
1.010000 16 23
1.010000 17 19
1.010000 18 22
1.010000 19 22
1.010000 20 23
1.010000 21 23
2.010000 0 19
2.010000 1 21
2.010000 2 18
2.010000 3 20
2.010000 4 21
2.010000 5 20
2.010000 6 22
2.010000 7 21
2.010000 8 21
2.010000 9 21
2.010000 10 20
2.010000 11 21
2.010000 12 20
2.010000 13 22
2.010000 14 21
2.010000 15 19
2.010000 16 21
2.010000 17 19
2.010000 18 20
2.010000 19 20
2.010000 20 20
2.010000 21 20
3.010000 0 19
3.010000 1 20
3.010000 2 16
3.010000 3 21
3.010000 4 20
3.010000 5 19
3.010000 6 20
3.010000 7 19
3.010000 8 20
3.010000 9 20
3.010000 10 20
3.010000 11 19
3.010000 12 18
3.010000 13 20
3.010000 14 19
3.010000 15 18
3.010000 16 19
3.010000 17 20
3.010000 18 20
3.010000 19 19
3.010000 20 21
3.010000 21 21
4.010000 0 16
4.010000 1 19
4.010000 2 18
4.010000 3 17
4.010000 4 20
4.010000 5 19
4.010000 6 19
4.010000 7 21
4.010000 8 20
4.010000 9 20
4.010000 10 21
4.010000 11 21
4.010000 12 20
4.010000 13 20
4.010000 14 19
4.010000 15 18
4.010000 16 21
4.010000 17 16
4.010000 18 19
4.010000 19 19
4.010000 20 20
4.010000 21 20
5.010000 0 19
5.010000 1 22
5.010000 2 18
5.010000 3 20
5.010000 4 20
5.010000 5 20
5.010000 6 21
5.010000 7 21
5.010000 8 21
5.010000 9 21
5.010000 10 20
5.010000 11 21
5.010000 12 20
5.010000 13 21
5.010000 14 21
5.010000 15 19
5.010000 16 21
5.010000 17 20
5.010000 18 21
5.010000 19 20
5.010000 20 21
5.010000 21 21
6.010000 0 17
6.010000 1 22
6.010000 2 19
6.010000 3 21
6.010000 4 23
6.010000 5 21
6.010000 6 23
6.010000 7 22
6.010000 8 22
6.010000 9 22
6.010000 10 23
6.010000 11 22
6.010000 12 21
6.010000 13 21
6.010000 14 20
6.010000 15 20
6.010000 16 21
6.010000 17 19
6.010000 18 19
6.010000 19 21
6.010000 20 22
6.010000 21 22
7.010000 0 21
7.010000 1 23
7.010000 2 16
7.010000 3 23
7.010000 4 23
7.010000 5 20
7.010000 6 23
7.010000 7 23
7.010000 8 23
7.010000 9 23
7.010000 10 23
7.010000 11 23
7.010000 12 20
7.010000 13 24
7.010000 14 22
7.010000 15 18
7.010000 16 24
7.010000 17 23
7.010000 18 24
7.010000 19 20
7.010000 20 22
7.010000 21 23
8.010000 0 17
8.010000 1 18
8.010000 2 18
8.010000 3 18
8.010000 4 18
8.010000 5 19
8.010000 6 18
8.010000 7 18
8.010000 8 18
8.010000 9 17
8.010000 10 18
8.010000 11 17
8.010000 12 18
8.010000 13 17
8.010000 14 18
8.010000 15 19
8.010000 16 18
8.010000 17 17
8.010000 18 17
8.010000 19 19
8.010000 20 19
8.010000 21 17
9.010000 0 20
9.010000 1 23
9.010000 2 18
9.010000 3 21
9.010000 4 23
9.010000 5 21
9.010000 6 23
9.010000 7 22
9.010000 8 23
9.010000 9 23
9.010000 10 23
9.010000 11 24
9.010000 12 22
9.010000 13 24
9.010000 14 22
9.010000 15 19
9.010000 16 23
9.010000 17 20
9.010000 18 22
9.010000 19 20
9.010000 20 23
9.010000 21 23
10.010000 0 17
10.010000 1 20
10.010000 2 21
10.010000 3 20
10.010000 4 20
10.010000 5 21
10.010000 6 21
10.010000 7 21
10.010000 8 20
10.010000 9 22
10.010000 10 20
10.010000 11 21
10.010000 12 21
10.010000 13 20
10.010000 14 20
10.010000 15 21
10.010000 16 21
10.010000 17 19
10.010000 18 20
10.010000 19 22
10.010000 20 21
10.010000 21 22
11.010000 0 16
11.010000 1 19
11.010000 2 15
11.010000 3 18
11.010000 4 19
11.010000 5 17
11.010000 6 18
11.010000 7 18
11.010000 8 19
11.010000 9 17
11.010000 10 18
11.010000 11 18
11.010000 12 17
11.010000 13 19
11.010000 14 17
11.010000 15 16
11.010000 16 17
11.010000 17 17
11.010000 18 17
11.010000 19 17
11.010000 20 18
11.010000 21 18
12.010000 0 20
12.010000 1 23
12.010000 2 17
12.010000 3 22
12.010000 4 22
12.010000 5 20
12.010000 6 23
12.010000 7 24
12.010000 8 23
12.010000 9 24
12.010000 10 23
12.010000 11 23
12.010000 12 21
12.010000 13 23
12.010000 14 22
12.010000 15 18
12.010000 16 24
12.010000 17 21
12.010000 18 22
12.010000 19 20
12.010000 20 23
12.010000 21 23
13.010000 0 18
13.010000 1 21
13.010000 2 18
13.010000 3 20
13.010000 4 22
13.010000 5 20
13.010000 6 21
13.010000 7 21
13.010000 8 20
13.010000 9 21
13.010000 10 22
13.010000 11 21
13.010000 12 20
13.010000 13 21
13.010000 14 20
13.010000 15 19
13.010000 16 21
13.010000 17 19
13.010000 18 20
13.010000 19 20
13.010000 20 21
13.010000 21 20
14.010000 0 17
14.010000 1 20
14.010000 2 18
14.010000 3 19
14.010000 4 20
14.010000 5 21
14.010000 6 19
14.010000 7 19
14.010000 8 21
14.010000 9 20
14.010000 10 20
14.010000 11 20
14.010000 12 18
14.010000 13 20
14.010000 14 19
14.010000 15 20
14.010000 16 20
14.010000 17 18
14.010000 18 19
14.010000 19 20
14.010000 20 20
14.010000 21 20
15.010000 0 16
15.010000 1 24
15.010000 2 23
15.010000 3 21
15.010000 4 24
15.010000 5 23
15.010000 6 25
15.010000 7 24
15.010000 8 24
15.010000 9 24
15.010000 10 24
15.010000 11 24
15.010000 12 25
15.010000 13 24
15.010000 14 20
15.010000 15 23
15.010000 16 24
15.010000 17 18
15.010000 18 20
15.010000 19 24
15.010000 20 23
15.010000 21 25
16.010000 0 561
16.010000 1 647
16.010000 2 641
16.010000 3 489
16.010000 4 647
16.010000 5 645
16.010000 6 647
16.010000 7 498
16.010000 8 647
16.010000 9 647
16.010000 10 647
16.010000 11 647
16.010000 12 645
16.010000 13 499
16.010000 14 565
16.010000 15 643
16.010000 16 574
16.010000 17 406
16.010000 18 564
16.010000 19 645
16.010000 20 648
16.010000 21 647
17.010000 0 559
17.010000 1 629
17.010000 2 626
17.010000 3 484
17.010000 4 629
17.010000 5 628
17.010000 6 629
17.010000 7 472
17.010000 8 629
17.010000 9 629
17.010000 10 628
17.010000 11 628
17.010000 12 628
17.010000 13 472
17.010000 14 559
17.010000 15 627
17.010000 16 550
17.010000 17 414
17.010000 18 560
17.010000 19 628
17.010000 20 628
17.010000 21 629
18.010000 0 550
18.010000 1 639
18.010000 2 636
18.010000 3 480
18.010000 4 638
18.010000 5 638
18.010000 6 638
18.010000 7 490
18.010000 8 639
18.010000 9 639
18.010000 10 640
18.010000 11 640
18.010000 12 638
18.010000 13 488
18.010000 14 553
18.010000 15 637
18.010000 16 563
18.010000 17 394
18.010000 18 553
18.010000 19 638
18.010000 20 640
18.010000 21 639
19.010000 0 530
19.010000 1 617
19.010000 2 612
19.010000 3 458
19.010000 4 618
19.010000 5 615
19.010000 6 618
19.010000 7 468
19.010000 8 617
19.010000 9 617
19.010000 10 617
19.010000 11 617
19.010000 12 615
19.010000 13 478
19.010000 14 533
19.010000 15 613
19.010000 16 551
19.010000 17 375
19.010000 18 533
19.010000 19 615
19.010000 20 617
19.010000 21 617
20.010000 0 598
20.010000 1 673
20.010000 2 672
20.010000 3 518
20.010000 4 673
20.010000 5 673
20.010000 6 673
20.010000 7 507
20.010000 8 673
20.010000 9 673
20.010000 10 673
20.010000 11 672
20.010000 12 673
20.010000 13 501
20.010000 14 600
20.010000 15 673
20.010000 16 584
20.010000 17 445
20.010000 18 600
20.010000 19 673
20.010000 20 673
20.010000 21 673
21.010000 0 561
21.010000 1 642
21.010000 2 640
21.010000 3 486
21.010000 4 642
21.010000 5 642
21.010000 6 643
21.010000 7 490
21.010000 8 643
21.010000 9 643
21.010000 10 643
21.010000 11 644
21.010000 12 642
21.010000 13 488
21.010000 14 561
21.010000 15 641
21.010000 16 566
21.010000 17 403
21.010000 18 561
21.010000 19 642
21.010000 20 643
21.010000 21 643
22.010000 0 568
22.010000 1 663
22.010000 2 658
22.010000 3 493
22.010000 4 663
22.010000 5 659
22.010000 6 662
22.010000 7 508
22.010000 8 662
22.010000 9 662
22.010000 10 662
22.010000 11 662
22.010000 12 661
22.010000 13 510
22.010000 14 572
22.010000 15 658
22.010000 16 585
22.010000 17 404
22.010000 18 572
22.010000 19 661
22.010000 20 662
22.010000 21 662
23.010000 0 543
23.010000 1 620
23.010000 2 615
23.010000 3 472
23.010000 4 619
23.010000 5 619
23.010000 6 620
23.010000 7 473
23.010000 8 620
23.010000 9 620
23.010000 10 620
23.010000 11 620
23.010000 12 617
23.010000 13 469
23.010000 14 544
23.010000 15 617
23.010000 16 543
23.010000 17 395
23.010000 18 544
23.010000 19 618
23.010000 20 620
23.010000 21 620
24.010000 0 560
24.010000 1 633
24.010000 2 633
24.010000 3 486
24.010000 4 633
24.010000 5 634
24.010000 6 633
24.010000 7 471
24.010000 8 632
24.010000 9 633
24.010000 10 633
24.010000 11 633
24.010000 12 634
24.010000 13 475
24.010000 14 562
24.010000 15 634
24.010000 16 554
24.010000 17 415
24.010000 18 562
24.010000 19 633
24.010000 20 633
24.010000 21 633
25.010000 0 562
25.010000 1 659
25.010000 2 656
25.010000 3 483
25.010000 4 660
25.010000 5 658
25.010000 6 659
25.010000 7 502
25.010000 8 660
25.010000 9 659
25.010000 10 659
25.010000 11 659
25.010000 12 658
25.010000 13 515
25.010000 14 564
25.010000 15 657
25.010000 16 590
25.010000 17 389
25.010000 18 565
25.010000 19 658
25.010000 20 658
25.010000 21 659
26.010000 0 590
26.010000 1 660
26.010000 2 657
26.010000 3 512
26.010000 4 660
26.010000 5 659
26.010000 6 660
26.010000 7 496
26.010000 8 660
26.010000 9 659
26.010000 10 660
26.010000 11 660
26.010000 12 659
26.010000 13 488
26.010000 14 591
26.010000 15 658
26.010000 16 572
26.010000 17 442
26.010000 18 590
26.010000 19 659
26.010000 20 661
26.010000 21 660
27.010000 0 545
27.010000 1 634
27.010000 2 631
27.010000 3 479
27.010000 4 634
27.010000 5 633
27.010000 6 634
27.010000 7 490
27.010000 8 634
27.010000 9 635
27.010000 10 634
27.010000 11 634
27.010000 12 633
27.010000 13 483
27.010000 14 549
27.010000 15 632
27.010000 16 554
27.010000 17 395
27.010000 18 549
27.010000 19 633
27.010000 20 634
27.010000 21 634
28.010000 0 562
28.010000 1 646
28.010000 2 643
28.010000 3 482
28.010000 4 646
28.010000 5 645
28.010000 6 646
28.010000 7 488
28.010000 8 646
28.010000 9 646
28.010000 10 645
28.010000 11 646
28.010000 12 645
28.010000 13 497
28.010000 14 562
28.010000 15 644
28.010000 16 575
28.010000 17 397
28.010000 18 562
28.010000 19 645
28.010000 20 646
28.010000 21 645
29.010000 0 589
29.010000 1 676
29.010000 2 673
29.010000 3 509
29.010000 4 676
29.010000 5 675
29.010000 6 676
29.010000 7 517
29.010000 8 676
29.010000 9 676
29.010000 10 676
29.010000 11 676
29.010000 12 675
29.010000 13 514
29.010000 14 592
29.010000 15 674
29.010000 16 590
29.010000 17 425
29.010000 18 592
29.010000 19 675
29.010000 20 676
29.010000 21 677
30.010000 0 625
30.010000 1 704
30.010000 2 702
30.010000 3 543
30.010000 4 705
30.010000 5 704
30.010000 6 705
30.010000 7 528
30.010000 8 705
30.010000 9 704
30.010000 10 706
30.010000 11 705
30.010000 12 704
30.010000 13 527
30.010000 14 627
30.010000 15 703
30.010000 16 615
30.010000 17 465
30.010000 18 627
30.010000 19 704
30.010000 20 705
30.010000 21 705
31.010000 0 534
31.010000 1 617
31.010000 2 613
31.010000 3 463
31.010000 4 616
31.010000 5 615
31.010000 6 616
31.010000 7 469
31.010000 8 616
31.010000 9 617
31.010000 10 616
31.010000 11 616
31.010000 12 615
31.010000 13 471
31.010000 14 535
31.010000 15 614
31.010000 16 543
31.010000 17 382
31.010000 18 535
31.010000 19 615
31.010000 20 616
31.010000 21 616
32.010000 0 525
32.010000 1 605
32.010000 2 602
32.010000 3 462
32.010000 4 605
32.010000 5 604
32.010000 6 605
32.010000 7 466
32.010000 8 605
32.010000 9 605
32.010000 10 605
32.010000 11 605
32.010000 12 604
32.010000 13 456
32.010000 14 529
32.010000 15 603
32.010000 16 527
32.010000 17 387
32.010000 18 529
32.010000 19 604
32.010000 20 605
32.010000 21 605
33.010000 0 568
33.010000 1 640
33.010000 2 637
33.010000 3 485
33.010000 4 640
33.010000 5 639
33.010000 6 640
33.010000 7 473
33.010000 8 640
33.010000 9 640
33.010000 10 640
33.010000 11 640
33.010000 12 639
33.010000 13 484
33.010000 14 568
33.010000 15 638
33.010000 16 568
33.010000 17 412
33.010000 18 568
33.010000 19 639
33.010000 20 640
33.010000 21 640
34.010000 0 589
34.010000 1 688
34.010000 2 682
34.010000 3 509
34.010000 4 688
34.010000 5 686
34.010000 6 688
34.010000 7 523
34.010000 8 688
34.010000 9 688
34.010000 10 688
34.010000 11 688
34.010000 12 686
34.010000 13 534
34.010000 14 593
34.010000 15 684
34.010000 16 616
34.010000 17 414
34.010000 18 592
34.010000 19 685
34.010000 20 688
34.010000 21 688
35.010000 0 598
35.010000 1 682
35.010000 2 679
35.010000 3 522
35.010000 4 682
35.010000 5 682
35.010000 6 682
35.010000 7 527
35.010000 8 682
35.010000 9 682
35.010000 10 681
35.010000 11 681
35.010000 12 680
35.010000 13 512
35.010000 14 598
35.010000 15 681
35.010000 16 590
35.010000 17 438
35.010000 18 599
35.010000 19 681
35.010000 20 681
35.010000 21 682
36.010000 0 554
36.010000 1 637
36.010000 2 637
36.010000 3 481
36.010000 4 637
36.010000 5 636
36.010000 6 637
36.010000 7 482
36.010000 8 637
36.010000 9 637
36.010000 10 638
36.010000 11 638
36.010000 12 638
36.010000 13 481
36.010000 14 557
36.010000 15 636
36.010000 16 560
36.010000 17 402
36.010000 18 558
36.010000 19 638
36.010000 20 638
36.010000 21 637
37.010000 0 587
37.010000 1 670
37.010000 2 666
37.010000 3 506
37.010000 4 670
37.010000 5 668
37.010000 6 670
37.010000 7 507
37.010000 8 670
37.010000 9 670
37.010000 10 670
37.010000 11 670
37.010000 12 669
37.010000 13 509
37.010000 14 590
37.010000 15 667
37.010000 16 589
37.010000 17 426
37.010000 18 589
37.010000 19 669
37.010000 20 670
37.010000 21 670
38.010000 0 544
38.010000 1 621
38.010000 2 619
38.010000 3 467
38.010000 4 620
38.010000 5 621
38.010000 6 620
38.010000 7 466
38.010000 8 621
38.010000 9 621
38.010000 10 621
38.010000 11 621
38.010000 12 620
38.010000 13 475
38.010000 14 544
38.010000 15 620
38.010000 16 552
38.010000 17 389
38.010000 18 544
38.010000 19 620
38.010000 20 621
38.010000 21 620
39.010000 0 579
39.010000 1 656
39.010000 2 650
39.010000 3 506
39.010000 4 657
39.010000 5 655
39.010000 6 657
39.010000 7 502
39.010000 8 656
39.010000 9 655
39.010000 10 656
39.010000 11 656
39.010000 12 653
39.010000 13 489
39.010000 14 581
39.010000 15 653
39.010000 16 567
39.010000 17 431
39.010000 18 581
39.010000 19 653
39.010000 20 656
39.010000 21 656
40.010000 0 550
40.010000 1 640
40.010000 2 637
40.010000 3 477
40.010000 4 640
40.010000 5 639
40.010000 6 640
40.010000 7 483
40.010000 8 640
40.010000 9 641
40.010000 10 640
40.010000 11 640
40.010000 12 639
40.010000 13 493
40.010000 14 552
40.010000 15 638
40.010000 16 572
40.010000 17 389
40.010000 18 552
40.010000 19 639
40.010000 20 640
40.010000 21 641
41.010000 0 587
41.010000 1 680
41.010000 2 680
41.010000 3 518
41.010000 4 680
41.010000 5 679
41.010000 6 680
41.010000 7 527
41.010000 8 680
41.010000 9 679
41.010000 10 680
41.010000 11 680
41.010000 12 681
41.010000 13 513
41.010000 14 591
41.010000 15 679
41.010000 16 589
41.010000 17 429
41.010000 18 590
41.010000 19 681
41.010000 20 680
41.010000 21 680
42.010000 0 539
42.010000 1 609
42.010000 2 606
42.010000 3 461
42.010000 4 609
42.010000 5 608
42.010000 6 609
42.010000 7 456
42.010000 8 609
42.010000 9 610
42.010000 10 608
42.010000 11 609
42.010000 12 608
42.010000 13 461
42.010000 14 539
42.010000 15 607
42.010000 16 537
42.010000 17 391
42.010000 18 540
42.010000 19 608
42.010000 20 609
42.010000 21 609
43.010000 0 621
43.010000 1 715
43.010000 2 712
43.010000 3 543
43.010000 4 715
43.010000 5 714
43.010000 6 715
43.010000 7 541
43.010000 8 715
43.010000 9 714
43.010000 10 716
43.010000 11 715
43.010000 12 714
43.010000 13 542
43.010000 14 624
43.010000 15 713
43.010000 16 631
43.010000 17 452
43.010000 18 623
43.010000 19 714
43.010000 20 715
43.010000 21 714
44.010000 0 562
44.010000 1 649
44.010000 2 646
44.010000 3 481
44.010000 4 649
44.010000 5 648
44.010000 6 649
44.010000 7 493
44.010000 8 649
44.010000 9 650
44.010000 10 649
44.010000 11 649
44.010000 12 648
44.010000 13 499
44.010000 14 564
44.010000 15 647
44.010000 16 575
44.010000 17 396
44.010000 18 565
44.010000 19 648
44.010000 20 649
44.010000 21 650
45.010000 0 532
45.010000 1 614
45.010000 2 608
45.010000 3 464
45.010000 4 614
45.010000 5 611
45.010000 6 614
45.010000 7 474
45.010000 8 614
45.010000 9 614
45.010000 10 614
45.010000 11 614
45.010000 12 612
45.010000 13 469
45.010000 14 533
45.010000 15 609
45.010000 16 539
45.010000 17 383
45.010000 18 533
45.010000 19 611
45.010000 20 614
45.010000 21 614
46.010000 0 577
46.010000 1 667
46.010000 2 667
46.010000 3 504
46.010000 4 667
46.010000 5 668
46.010000 6 667
46.010000 7 503
46.010000 8 667
46.010000 9 667
46.010000 10 667
46.010000 11 667
46.010000 12 667
46.010000 13 507
46.010000 14 581
46.010000 15 668
46.010000 16 589
46.010000 17 419
46.010000 18 581
46.010000 19 668
46.010000 20 667
46.010000 21 667
47.010000 0 554
47.010000 1 623
47.010000 2 620
47.010000 3 477
47.010000 4 623
47.010000 5 622
47.010000 6 623
47.010000 7 467
47.010000 8 623
47.010000 9 623
47.010000 10 623
47.010000 11 623
47.010000 12 622
47.010000 13 466
47.010000 14 556
47.010000 15 621
47.010000 16 545
47.010000 17 410
47.010000 18 556
47.010000 19 622
47.010000 20 623
47.010000 21 623
48.010000 0 580
48.010000 1 666
48.010000 2 663
48.010000 3 505
48.010000 4 666
48.010000 5 665
48.010000 6 666
48.010000 7 506
48.010000 8 666
48.010000 9 666
48.010000 10 666
48.010000 11 666
48.010000 12 665
48.010000 13 503
48.010000 14 581
48.010000 15 664
48.010000 16 587
48.010000 17 419
48.010000 18 581
48.010000 19 665
48.010000 20 666
48.010000 21 666
49.010000 0 590
49.010000 1 677
49.010000 2 674
49.010000 3 511
49.010000 4 677
49.010000 5 676
49.010000 6 677
49.010000 7 518
49.010000 8 677
49.010000 9 677
49.010000 10 677
49.010000 11 677
49.010000 12 676
49.010000 13 514
49.010000 14 593
49.010000 15 675
49.010000 16 592
49.010000 17 428
49.010000 18 593
49.010000 19 676
49.010000 20 677
49.010000 21 677
50.010000 0 564
50.010000 1 638
50.010000 2 635
50.010000 3 481
50.010000 4 638
50.010000 5 637
50.010000 6 638
50.010000 7 479
50.010000 8 638
50.010000 9 638
50.010000 10 638
50.010000 11 638
50.010000 12 637
50.010000 13 484
50.010000 14 564
50.010000 15 636
50.010000 16 562
50.010000 17 406
50.010000 18 564
50.010000 19 637
50.010000 20 638
50.010000 21 638
51.010000 0 550
51.010000 1 630
51.010000 2 627
51.010000 3 477
51.010000 4 630
51.010000 5 629
51.010000 6 629
51.010000 7 478
51.010000 8 630
51.010000 9 630
51.010000 10 630
51.010000 11 630
51.010000 12 629
51.010000 13 477
51.010000 14 553
51.010000 15 628
51.010000 16 556
51.010000 17 400
51.010000 18 553
51.010000 19 629
51.010000 20 630
51.010000 21 629
52.010000 0 572
52.010000 1 651
52.010000 2 648
52.010000 3 490
52.010000 4 650
52.010000 5 650
52.010000 6 652
52.010000 7 487
52.010000 8 651
52.010000 9 651
52.010000 10 651
52.010000 11 651
52.010000 12 650
52.010000 13 497
52.010000 14 573
52.010000 15 649
52.010000 16 575
52.010000 17 412
52.010000 18 573
52.010000 19 650
52.010000 20 651
52.010000 21 652
53.010000 0 589
53.010000 1 671
53.010000 2 665
53.010000 3 512
53.010000 4 671
53.010000 5 668
53.010000 6 671
53.010000 7 517
53.010000 8 671
53.010000 9 671
53.010000 10 671
53.010000 11 671
53.010000 12 668
53.010000 13 504
53.010000 14 591
53.010000 15 666
53.010000 16 583
53.010000 17 432
53.010000 18 591
53.010000 19 669
53.010000 20 671
53.010000 21 671
54.010000 0 582
54.010000 1 671
54.010000 2 671
54.010000 3 502
54.010000 4 672
54.010000 5 672
54.010000 6 671
54.010000 7 508
54.010000 8 671
54.010000 9 671
54.010000 10 671
54.010000 11 671
54.010000 12 672
54.010000 13 511
54.010000 14 585
54.010000 15 672
54.010000 16 593
54.010000 17 416
54.010000 18 585
54.010000 19 671
54.010000 20 671
54.010000 21 670
55.010000 0 582
55.010000 1 672
55.010000 2 669
55.010000 3 514
55.010000 4 672
55.010000 5 671
55.010000 6 672
55.010000 7 513
55.010000 8 672
55.010000 9 671
55.010000 10 672
55.010000 11 672
55.010000 12 671
55.010000 13 508
55.010000 14 584
55.010000 15 670
55.010000 16 588
55.010000 17 427
55.010000 18 585
55.010000 19 671
55.010000 20 672
55.010000 21 673
56.010000 0 564
56.010000 1 643
56.010000 2 640
56.010000 3 481
56.010000 4 643
56.010000 5 642
56.010000 6 643
56.010000 7 485
56.010000 8 642
56.010000 9 644
56.010000 10 643
56.010000 11 643
56.010000 12 642
56.010000 13 491
56.010000 14 566
56.010000 15 641
56.010000 16 568
56.010000 17 403
56.010000 18 565
56.010000 19 642
56.010000 20 643
56.010000 21 643
57.010000 0 556
57.010000 1 632
57.010000 2 629
57.010000 3 485
57.010000 4 632
57.010000 5 631
57.010000 6 632
57.010000 7 481
57.010000 8 633
57.010000 9 632
57.010000 10 632
57.010000 11 632
57.010000 12 631
57.010000 13 474
57.010000 14 559
57.010000 15 630
57.010000 16 548
57.010000 17 413
57.010000 18 559
57.010000 19 631
57.010000 20 632
57.010000 21 632
58.010000 0 575
58.010000 1 650
58.010000 2 648
58.010000 3 493
58.010000 4 651
58.010000 5 650
58.010000 6 651
58.010000 7 486
58.010000 8 651
58.010000 9 651
58.010000 10 651
58.010000 11 651
58.010000 12 650
58.010000 13 494
58.010000 14 577
58.010000 15 649
58.010000 16 574
58.010000 17 418
58.010000 18 576
58.010000 19 650
58.010000 20 651
58.010000 21 651
59.010000 0 534
59.010000 1 634
59.010000 2 627
59.010000 3 463
59.010000 4 633
59.010000 5 630
59.010000 6 633
59.010000 7 486
59.010000 8 633
59.010000 9 633
59.010000 10 632
59.010000 11 633
59.010000 12 631
59.010000 13 499
59.010000 14 534
59.010000 15 628
59.010000 16 572
59.010000 17 365
59.010000 18 536
59.010000 19 630
59.010000 20 633
59.010000 21 633
60.010000 0 559
60.010000 1 631
60.010000 2 631
60.010000 3 486
60.010000 4 631
60.010000 5 632
60.010000 6 631
60.010000 7 480
60.010000 8 631
60.010000 9 631
60.010000 10 632
60.010000 11 631
60.010000 12 631
60.010000 13 467
60.010000 14 561
60.010000 15 632
60.010000 16 544
60.010000 17 415
60.010000 18 560
60.010000 19 632
60.010000 20 631
60.010000 21 631
61.010000 0 565
61.010000 1 650
61.010000 2 648
61.010000 3 496
61.010000 4 651
61.010000 5 650
61.010000 6 651
61.010000 7 503
61.010000 8 651
61.010000 9 651
61.010000 10 651
61.010000 11 651
61.010000 12 650
61.010000 13 491
61.010000 14 569
61.010000 15 649
61.010000 16 566
61.010000 17 414
61.010000 18 568
61.010000 19 650
61.010000 20 651
61.010000 21 651
62.010000 0 570
62.010000 1 664
62.010000 2 660
62.010000 3 491
62.010000 4 663
62.010000 5 662
62.010000 6 663
62.010000 7 496
62.010000 8 663
62.010000 9 663
62.010000 10 663
62.010000 11 663
62.010000 12 662
62.010000 13 515
62.010000 14 572
62.010000 15 661
62.010000 16 596
62.010000 17 401
62.010000 18 573
62.010000 19 662
62.010000 20 663
62.010000 21 663
63.010000 0 537
63.010000 1 611
63.010000 2 608
63.010000 3 466
63.010000 4 611
63.010000 5 610
63.010000 6 611
63.010000 7 465
63.010000 8 611
63.010000 9 611
63.010000 10 611
63.010000 11 611
63.010000 12 610
63.010000 13 460
63.010000 14 539
63.010000 15 609
63.010000 16 533
63.010000 17 394
63.010000 18 539
63.010000 19 610
63.010000 20 611
63.010000 21 611
64.010000 0 620
64.010000 1 696
64.010000 2 690
64.010000 3 535
64.010000 4 696
64.010000 5 695
64.010000 6 696
64.010000 7 528
64.010000 8 696
64.010000 9 696
64.010000 10 696
64.010000 11 696
64.010000 12 693
64.010000 13 519
64.010000 14 621
64.010000 15 693
64.010000 16 604
64.010000 17 459
64.010000 18 620
64.010000 19 693
64.010000 20 696
64.010000 21 695
65.010000 0 499
65.010000 1 579
65.010000 2 576
65.010000 3 430
65.010000 4 579
65.010000 5 576
65.010000 6 579
65.010000 7 435
65.010000 8 579
65.010000 9 579
65.010000 10 579
65.010000 11 579
65.010000 12 579
65.010000 13 447
65.010000 14 500
65.010000 15 575
65.010000 16 522
65.010000 17 351
65.010000 18 501
65.010000 19 578
65.010000 20 579
65.010000 21 580
66.010000 0 591
66.010000 1 675
66.010000 2 675
66.010000 3 523
66.010000 4 675
66.010000 5 676
66.010000 6 675
66.010000 7 524
66.010000 8 675
66.010000 9 675
66.010000 10 675
66.010000 11 674
66.010000 12 675
66.010000 13 500
66.010000 14 594
66.010000 15 676
66.010000 16 576
66.010000 17 442
66.010000 18 593
66.010000 19 676
66.010000 20 675
66.010000 21 675
67.010000 0 626
67.010000 1 727
67.010000 2 722
67.010000 3 533
67.010000 4 727
67.010000 5 725
67.010000 6 727
67.010000 7 547
67.010000 8 727
67.010000 9 727
67.010000 10 727
67.010000 11 728
67.010000 12 725
67.010000 13 567
67.010000 14 628
67.010000 15 723
67.010000 16 653
67.010000 17 434
67.010000 18 629
67.010000 19 725
67.010000 20 727
67.010000 21 726
68.010000 0 566
68.010000 1 637
68.010000 2 636
68.010000 3 486
68.010000 4 636
68.010000 5 637
68.010000 6 637
68.010000 7 472
68.010000 8 637
68.010000 9 637
68.010000 10 637
68.010000 11 637
68.010000 12 637
68.010000 13 478
68.010000 14 568
68.010000 15 637
68.010000 16 561
68.010000 17 418
68.010000 18 569
68.010000 19 637
68.010000 20 637
68.010000 21 638
69.010000 0 555
69.010000 1 643
69.010000 2 640
69.010000 3 482
69.010000 4 644
69.010000 5 642
69.010000 6 643
69.010000 7 498
69.010000 8 643
69.010000 9 643
69.010000 10 643
69.010000 11 643
69.010000 12 642
69.010000 13 490
69.010000 14 557
69.010000 15 641
69.010000 16 563
69.010000 17 395
69.010000 18 556
69.010000 19 642
69.010000 20 643
69.010000 21 643
70.010000 0 568
70.010000 1 650
70.010000 2 643
70.010000 3 497
70.010000 4 649
70.010000 5 648
70.010000 6 650
70.010000 7 494
70.010000 8 650
70.010000 9 650
70.010000 10 650
70.010000 11 650
70.010000 12 647
70.010000 13 493
70.010000 14 569
70.010000 15 646
70.010000 16 572
70.010000 17 416
70.010000 18 569
70.010000 19 647
70.010000 20 650
70.010000 21 649
71.010000 0 544
71.010000 1 621
71.010000 2 622
71.010000 3 468
71.010000 4 622
71.010000 5 621
71.010000 6 621
71.010000 7 468
71.010000 8 621
71.010000 9 621
71.010000 10 621
71.010000 11 621
71.010000 12 622
71.010000 13 469
71.010000 14 547
71.010000 15 621
71.010000 16 545
71.010000 17 394
71.010000 18 547
71.010000 19 622
71.010000 20 621
71.010000 21 622
72.010000 0 562
72.010000 1 648
72.010000 2 645
72.010000 3 488
72.010000 4 648
72.010000 5 647
72.010000 6 648
72.010000 7 493
72.010000 8 648
72.010000 9 648
72.010000 10 648
72.010000 11 648
72.010000 12 647
72.010000 13 495
72.010000 14 565
72.010000 15 646
72.010000 16 572
72.010000 17 406
72.010000 18 565
72.010000 19 647
72.010000 20 648
72.010000 21 647
73.010000 0 580
73.010000 1 665
73.010000 2 662
73.010000 3 494
73.010000 4 665
73.010000 5 664
73.010000 6 665
73.010000 7 504
73.010000 8 665
73.010000 9 665
73.010000 10 665
73.010000 11 665
73.010000 12 664
73.010000 13 510
73.010000 14 581
73.010000 15 663
73.010000 16 588
73.010000 17 409
73.010000 18 581
73.010000 19 664
73.010000 20 665
73.010000 21 666
74.010000 0 560
74.010000 1 644
74.010000 2 641
74.010000 3 493
74.010000 4 644
74.010000 5 643
74.010000 6 644
74.010000 7 496
74.010000 8 644
74.010000 9 644
74.010000 10 644
74.010000 11 644
74.010000 12 643
74.010000 13 486
74.010000 14 563
74.010000 15 642
74.010000 16 558
74.010000 17 413
74.010000 18 563
74.010000 19 643
74.010000 20 644
74.010000 21 644
75.010000 0 591
75.010000 1 657
75.010000 2 653
75.010000 3 508
75.010000 4 656
75.010000 5 654
75.010000 6 657
75.010000 7 485
75.010000 8 657
75.010000 9 657
75.010000 10 656
75.010000 11 656
75.010000 12 656
75.010000 13 488
75.010000 14 591
75.010000 15 653
75.010000 16 579
75.010000 17 441
75.010000 18 591
75.010000 19 656
75.010000 20 657
75.010000 21 657
76.010000 0 559
76.010000 1 656
76.010000 2 654
76.010000 3 485
76.010000 4 657
76.010000 5 657
76.010000 6 656
76.010000 7 509
76.010000 8 656
76.010000 9 656
76.010000 10 657
76.010000 11 657
76.010000 12 655
76.010000 13 506
76.010000 14 561
76.010000 15 656
76.010000 16 578
76.010000 17 390
76.010000 18 561
76.010000 19 655
76.010000 20 655
76.010000 21 656
77.010000 0 572
77.010000 1 663
77.010000 2 658
77.010000 3 500
77.010000 4 663
77.010000 5 660
77.010000 6 663
77.010000 7 502
77.010000 8 663
77.010000 9 663
77.010000 10 663
77.010000 11 663
77.010000 12 661
77.010000 13 507
77.010000 14 576
77.010000 15 658
77.010000 16 589
77.010000 17 414
77.010000 18 576
77.010000 19 661
77.010000 20 664
77.010000 21 663
78.010000 0 610
78.010000 1 686
78.010000 2 683
78.010000 3 523
78.010000 4 686
78.010000 5 687
78.010000 6 686
78.010000 7 515
78.010000 8 686
78.010000 9 686
78.010000 10 686
78.010000 11 686
78.010000 12 685
78.010000 13 515
78.010000 14 610
78.010000 15 686
78.010000 16 598
78.010000 17 446
78.010000 18 610
78.010000 19 684
78.010000 20 686
78.010000 21 686
79.010000 0 555
79.010000 1 639
79.010000 2 638
79.010000 3 484
79.010000 4 640
79.010000 5 638
79.010000 6 640
79.010000 7 491
79.010000 8 640
79.010000 9 639
79.010000 10 640
79.010000 11 640
79.010000 12 640
79.010000 13 486
79.010000 14 558
79.010000 15 638
79.010000 16 562
79.010000 17 402
79.010000 18 558
79.010000 19 641
79.010000 20 640
79.010000 21 639
80.010000 0 563
80.010000 1 644
80.010000 2 641
80.010000 3 488
80.010000 4 643
80.010000 5 643
80.010000 6 643
80.010000 7 483
80.010000 8 643
80.010000 9 643
80.010000 10 643
80.010000 11 642
80.010000 12 642
80.010000 13 490
80.010000 14 564
80.010000 15 642
80.010000 16 566
80.010000 17 409
80.010000 18 564
80.010000 19 642
80.010000 20 642
80.010000 21 643
81.010000 0 526
81.010000 1 610
81.010000 2 607
81.010000 3 464
81.010000 4 610
81.010000 5 609
81.010000 6 610
81.010000 7 467
81.010000 8 609
81.010000 9 611
81.010000 10 610
81.010000 11 611
81.010000 12 609
81.010000 13 463
81.010000 14 529
81.010000 15 608
81.010000 16 536
81.010000 17 384
81.010000 18 529
81.010000 19 609
81.010000 20 610
81.010000 21 610
82.010000 0 601
82.010000 1 680
82.010000 2 677
82.010000 3 515
82.010000 4 680
82.010000 5 679
82.010000 6 680
82.010000 7 516
82.010000 8 681
82.010000 9 680
82.010000 10 680
82.010000 11 680
82.010000 12 679
82.010000 13 512
82.010000 14 602
82.010000 15 678
82.010000 16 591
82.010000 17 436
82.010000 18 602
82.010000 19 679
82.010000 20 681
82.010000 21 680
83.010000 0 527
83.010000 1 609
83.010000 2 605
83.010000 3 462
83.010000 4 609
83.010000 5 606
83.010000 6 609
83.010000 7 465
83.010000 8 609
83.010000 9 609
83.010000 10 609
83.010000 11 609
83.010000 12 608
83.010000 13 464
83.010000 14 529
83.010000 15 605
83.010000 16 536
83.010000 17 382
83.010000 18 529
83.010000 19 608
83.010000 20 609
83.010000 21 610
84.010000 0 573
84.010000 1 660
84.010000 2 658
84.010000 3 493
84.010000 4 660
84.010000 5 661
84.010000 6 660
84.010000 7 503
84.010000 8 660
84.010000 9 660
84.010000 10 660
84.010000 11 660
84.010000 12 659
84.010000 13 504
84.010000 14 576
84.010000 15 660
84.010000 16 581
84.010000 17 409
84.010000 18 576
84.010000 19 659
84.010000 20 660
84.010000 21 660
85.010000 0 549
85.010000 1 628
85.010000 2 625
85.010000 3 486
85.010000 4 628
85.010000 5 627
85.010000 6 628
85.010000 7 479
85.010000 8 628
85.010000 9 628
85.010000 10 628
85.010000 11 627
85.010000 12 627
85.010000 13 470
85.010000 14 552
85.010000 15 626
85.010000 16 546
85.010000 17 411
85.010000 18 552
85.010000 19 627
85.010000 20 628
85.010000 21 628
86.010000 0 587
86.010000 1 674
86.010000 2 672
86.010000 3 497
86.010000 4 675
86.010000 5 674
86.010000 6 675
86.010000 7 506
86.010000 8 675
86.010000 9 675
86.010000 10 675
86.010000 11 676
86.010000 12 674
86.010000 13 522
86.010000 14 588
86.010000 15 673
86.010000 16 605
86.010000 17 409
86.010000 18 588
86.010000 19 674
86.010000 20 675
86.010000 21 675
87.010000 0 617
87.010000 1 709
87.010000 2 705
87.010000 3 542
87.010000 4 708
87.010000 5 707
87.010000 6 708
87.010000 7 538
87.010000 8 708
87.010000 9 708
87.010000 10 708
87.010000 11 708
87.010000 12 707
87.010000 13 532
87.010000 14 620
87.010000 15 706
87.010000 16 619
87.010000 17 455
87.010000 18 620
87.010000 19 707
87.010000 20 708
87.010000 21 708
88.010000 0 556
88.010000 1 630
88.010000 2 627
88.010000 3 477
88.010000 4 630
88.010000 5 629
88.010000 6 630
88.010000 7 476
88.010000 8 630
88.010000 9 630
88.010000 10 630
88.010000 11 629
88.010000 12 629
88.010000 13 477
88.010000 14 557
88.010000 15 628
88.010000 16 552
88.010000 17 403
88.010000 18 557
88.010000 19 629
88.010000 20 630
88.010000 21 630
89.010000 0 570
89.010000 1 643
89.010000 2 637
89.010000 3 495
89.010000 4 643
89.010000 5 642
89.010000 6 643
89.010000 7 485
89.010000 8 643
89.010000 9 643
89.010000 10 643
89.010000 11 644
89.010000 12 640
89.010000 13 481
89.010000 14 571
89.010000 15 640
89.010000 16 561
89.010000 17 423
89.010000 18 571
89.010000 19 640
89.010000 20 643
89.010000 21 643
90.010000 0 582
90.010000 1 680
90.010000 2 679
90.010000 3 499
90.010000 4 680
90.010000 5 677
90.010000 6 680
90.010000 7 518
90.010000 8 680
90.010000 9 680
90.010000 10 680
90.010000 11 679
90.010000 12 681
90.010000 13 530
90.010000 14 585
90.010000 15 677
90.010000 16 607
90.010000 17 404
90.010000 18 585
90.010000 19 681
90.010000 20 680
90.010000 21 680
91.010000 0 568
91.010000 1 645
91.010000 2 643
91.010000 3 500
91.010000 4 645
91.010000 5 646
91.010000 6 645
91.010000 7 489
91.010000 8 645
91.010000 9 645
91.010000 10 645
91.010000 11 646
91.010000 12 644
91.010000 13 478
91.010000 14 571
91.010000 15 645
91.010000 16 559
91.010000 17 427
91.010000 18 571
91.010000 19 644
91.010000 20 645
91.010000 21 645
92.010000 0 547
92.010000 1 631
92.010000 2 628
92.010000 3 471
92.010000 4 631
92.010000 5 630
92.010000 6 631
92.010000 7 482
92.010000 8 631
92.010000 9 631
92.010000 10 631
92.010000 11 630
92.010000 12 630
92.010000 13 484
92.010000 14 547
92.010000 15 629
92.010000 16 559
92.010000 17 386
92.010000 18 547
92.010000 19 630
92.010000 20 631
92.010000 21 631
93.010000 0 585
93.010000 1 679
93.010000 2 676
93.010000 3 501
93.010000 4 679
93.010000 5 678
93.010000 6 678
93.010000 7 513
93.010000 8 679
93.010000 9 679
93.010000 10 679
93.010000 11 680
93.010000 12 678
93.010000 13 526
93.010000 14 588
93.010000 15 677
93.010000 16 607
93.010000 17 410
93.010000 18 588
93.010000 19 678
93.010000 20 679
93.010000 21 679
94.010000 0 592
94.010000 1 681
94.010000 2 678
94.010000 3 520
94.010000 4 680
94.010000 5 680
94.010000 6 682
94.010000 7 521
94.010000 8 681
94.010000 9 681
94.010000 10 681
94.010000 11 681
94.010000 12 680
94.010000 13 514
94.010000 14 595
94.010000 15 679
94.010000 16 595
94.010000 17 435
94.010000 18 595
94.010000 19 680
94.010000 20 680
94.010000 21 681
95.010000 0 536
95.010000 1 615
95.010000 2 612
95.010000 3 467
95.010000 4 616
95.010000 5 614
95.010000 6 615
95.010000 7 469
95.010000 8 615
95.010000 9 615
95.010000 10 615
95.010000 11 615
95.010000 12 614
95.010000 13 465
95.010000 14 538
95.010000 15 613
95.010000 16 538
95.010000 17 390
95.010000 18 538
95.010000 19 614
95.010000 20 616
95.010000 21 615
96.010000 0 580
96.010000 1 661
96.010000 2 658
96.010000 3 499
96.010000 4 661
96.010000 5 660
96.010000 6 661
96.010000 7 500
96.010000 8 661
96.010000 9 661
96.010000 10 661
96.010000 11 661
96.010000 12 660
96.010000 13 501
96.010000 14 582
96.010000 15 659
96.010000 16 581
96.010000 17 420
96.010000 18 582
96.010000 19 660
96.010000 20 661
96.010000 21 661
97.010000 0 554
97.010000 1 623
97.010000 2 617
97.010000 3 477
97.010000 4 623
97.010000 5 622
97.010000 6 623
97.010000 7 467
97.010000 8 623
97.010000 9 622
97.010000 10 623
97.010000 11 623
97.010000 12 620
97.010000 13 469
97.010000 14 554
97.010000 15 620
97.010000 16 547
97.010000 17 407
97.010000 18 554
97.010000 19 620
97.010000 20 623
97.010000 21 623
98.010000 0 566
98.010000 1 656
98.010000 2 654
98.010000 3 496
98.010000 4 656
98.010000 5 653
98.010000 6 656
98.010000 7 505
98.010000 8 656
98.010000 9 657
98.010000 10 656
98.010000 11 656
98.010000 12 656
98.010000 13 498
98.010000 14 569
98.010000 15 652
98.010000 16 574
98.010000 17 410
98.010000 18 570
98.010000 19 656
98.010000 20 656
98.010000 21 656
99.010000 0 591
99.010000 1 680
99.010000 2 679
99.010000 3 509
99.010000 4 680
99.010000 5 681
99.010000 6 680
99.010000 7 514
99.010000 8 680
99.010000 9 679
99.010000 10 680
99.010000 11 680
99.010000 12 680
99.010000 13 518
99.010000 14 592
99.010000 15 681
99.010000 16 604
99.010000 17 420
99.010000 18 591
99.010000 19 680
99.010000 20 680
99.010000 21 680
100.010000 0 517
100.010000 1 603
100.010000 2 600
100.010000 3 453
100.010000 4 603
100.010000 5 602
100.010000 6 603
100.010000 7 464
100.010000 8 603
100.010000 9 604
100.010000 10 603
100.010000 11 602
100.010000 12 602
100.010000 13 462
100.010000 14 521
100.010000 15 601
100.010000 16 532
100.010000 17 372
100.010000 18 521
100.010000 19 602
100.010000 20 603
100.010000 21 603
101.010000 0 599
101.010000 1 674
101.010000 2 671
101.010000 3 519
101.010000 4 674
101.010000 5 673
101.010000 6 674
101.010000 7 512
101.010000 8 674
101.010000 9 674
101.010000 10 674
101.010000 11 675
101.010000 12 673
101.010000 13 499
101.010000 14 601
101.010000 15 672
101.010000 16 583
101.010000 17 446
101.010000 18 601
101.010000 19 673
101.010000 20 674
101.010000 21 674
102.010000 0 569
102.010000 1 655
102.010000 2 652
102.010000 3 485
102.010000 4 655
102.010000 5 654
102.010000 6 655
102.010000 7 495
102.010000 8 655
102.010000 9 654
102.010000 10 655
102.010000 11 655
102.010000 12 654
102.010000 13 507
102.010000 14 570
102.010000 15 653
102.010000 16 583
102.010000 17 400
102.010000 18 571
102.010000 19 654
102.010000 20 655
102.010000 21 654
103.010000 0 562
103.010000 1 654
103.010000 2 651
103.010000 3 481
103.010000 4 653
103.010000 5 653
103.010000 6 654
103.010000 7 501
103.010000 8 654
103.010000 9 655
103.010000 10 654
103.010000 11 654
103.010000 12 653
103.010000 13 508
103.010000 14 564
103.010000 15 652
103.010000 16 580
103.010000 17 390
103.010000 18 563
103.010000 19 653
103.010000 20 654
103.010000 21 655
104.010000 0 588
104.010000 1 666
104.010000 2 662
104.010000 3 510
104.010000 4 667
104.010000 5 665
104.010000 6 666
104.010000 7 498
104.010000 8 666
104.010000 9 666
104.010000 10 666
104.010000 11 666
104.010000 12 664
104.010000 13 502
104.010000 14 589
104.010000 15 664
104.010000 16 584
104.010000 17 433
104.010000 18 589
104.010000 19 665
104.010000 20 666
104.010000 21 666
105.010000 0 569
105.010000 1 648
105.010000 2 646
105.010000 3 495
105.010000 4 648
105.010000 5 647
105.010000 6 647
105.010000 7 490
105.010000 8 648
105.010000 9 648
105.010000 10 648
105.010000 11 648
105.010000 12 648
105.010000 13 488
105.010000 14 573
105.010000 15 646
105.010000 16 566
105.010000 17 421
105.010000 18 573
105.010000 19 647
105.010000 20 648
105.010000 21 648
106.010000 0 545
106.010000 1 635
106.010000 2 632
106.010000 3 474
106.010000 4 635
106.010000 5 634
106.010000 6 636
106.010000 7 487
106.010000 8 635
106.010000 9 635
106.010000 10 635
106.010000 11 635
106.010000 12 634
106.010000 13 488
106.010000 14 547
106.010000 15 633
106.010000 16 562
106.010000 17 386
106.010000 18 547
106.010000 19 634
106.010000 20 635
106.010000 21 635
107.010000 0 569
107.010000 1 644
107.010000 2 641
107.010000 3 489
107.010000 4 644
107.010000 5 643
107.010000 6 644
107.010000 7 488
107.010000 8 644
107.010000 9 643
107.010000 10 644
107.010000 11 644
107.010000 12 643
107.010000 13 487
107.010000 14 569
107.010000 15 642
107.010000 16 563
107.010000 17 413
107.010000 18 569
107.010000 19 643
107.010000 20 644
107.010000 21 643
108.010000 0 533
108.010000 1 602
108.010000 2 596
108.010000 3 460
108.010000 4 602
108.010000 5 601
108.010000 6 602
108.010000 7 457
108.010000 8 602
108.010000 9 603
108.010000 10 602
108.010000 11 602
108.010000 12 599
108.010000 13 452
108.010000 14 536
108.010000 15 599
108.010000 16 524
108.010000 17 395
108.010000 18 537
108.010000 19 599
108.010000 20 601
108.010000 21 603
109.010000 0 602
109.010000 1 696
109.010000 2 696
109.010000 3 522
109.010000 4 696
109.010000 5 695
109.010000 6 696
109.010000 7 532
109.010000 8 696
109.010000 9 696
109.010000 10 696
109.010000 11 696
109.010000 12 697
109.010000 13 529
109.010000 14 603
109.010000 15 695
109.010000 16 613
109.010000 17 428
109.010000 18 602
109.010000 19 697
109.010000 20 697
109.010000 21 696
110.010000 0 589
110.010000 1 673
110.010000 2 669
110.010000 3 508
110.010000 4 673
110.010000 5 670
110.010000 6 673
110.010000 7 508
110.010000 8 673
110.010000 9 673
110.010000 10 673
110.010000 11 673
110.010000 12 672
110.010000 13 512
110.010000 14 591
110.010000 15 669
110.010000 16 595
110.010000 17 426
110.010000 18 591
110.010000 19 672
110.010000 20 673
110.010000 21 672
111.010000 0 546
111.010000 1 632
111.010000 2 630
111.010000 3 474
111.010000 4 632
111.010000 5 633
111.010000 6 632
111.010000 7 488
111.010000 8 632
111.010000 9 632
111.010000 10 632
111.010000 11 632
111.010000 12 631
111.010000 13 482
111.010000 14 548
111.010000 15 632
111.010000 16 553
111.010000 17 390
111.010000 18 548
111.010000 19 631
111.010000 20 631
111.010000 21 633
112.010000 0 537
112.010000 1 608
112.010000 2 605
112.010000 3 463
112.010000 4 608
112.010000 5 607
112.010000 6 608
112.010000 7 450
112.010000 8 607
112.010000 9 608
112.010000 10 608
112.010000 11 608
112.010000 12 607
112.010000 13 459
112.010000 14 540
112.010000 15 606
112.010000 16 539
112.010000 17 395
112.010000 18 540
112.010000 19 607
112.010000 20 609
112.010000 21 608
113.010000 0 598
113.010000 1 677
113.010000 2 674
113.010000 3 521
113.010000 4 677
113.010000 5 676
113.010000 6 677
113.010000 7 515
113.010000 8 678
113.010000 9 677
113.010000 10 677
113.010000 11 677
113.010000 12 676
113.010000 13 507
113.010000 14 599
113.010000 15 675
113.010000 16 584
113.010000 17 443
113.010000 18 599
113.010000 19 676
113.010000 20 677
113.010000 21 677
114.010000 0 577
114.010000 1 666
114.010000 2 663
114.010000 3 503
114.010000 4 666
114.010000 5 665
114.010000 6 666
114.010000 7 502
114.010000 8 666
114.010000 9 666
114.010000 10 666
114.010000 11 666
114.010000 12 665
114.010000 13 507
114.010000 14 581
114.010000 15 664
114.010000 16 591
114.010000 17 419
114.010000 18 581
114.010000 19 665
114.010000 20 666
114.010000 21 666
115.010000 0 574
115.010000 1 675
115.010000 2 673
115.010000 3 490
115.010000 4 676
115.010000 5 675
115.010000 6 676
115.010000 7 523
115.010000 8 676
115.010000 9 676
115.010000 10 676
115.010000 11 676
115.010000 12 675
115.010000 13 532
115.010000 14 575
115.010000 15 674
115.010000 16 603
115.010000 17 389
115.010000 18 576
115.010000 19 675
115.010000 20 676
115.010000 21 676
116.010000 0 568
116.010000 1 638
116.010000 2 634
116.010000 3 499
116.010000 4 637
116.010000 5 636
116.010000 6 637
116.010000 7 480
116.010000 8 637
116.010000 9 637
116.010000 10 637
116.010000 11 636
116.010000 12 636
116.010000 13 467
116.010000 14 570
116.010000 15 635
116.010000 16 553
116.010000 17 432
116.010000 18 569
116.010000 19 636
116.010000 20 636
116.010000 21 637
117.010000 0 580
117.010000 1 667
117.010000 2 664
117.010000 3 492
117.010000 4 667
117.010000 5 666
117.010000 6 667
117.010000 7 504
117.010000 8 667
117.010000 9 667
117.010000 10 667
117.010000 11 668
117.010000 12 666
117.010000 13 515
117.010000 14 583
117.010000 15 665
117.010000 16 591
117.010000 17 407
117.010000 18 582
117.010000 19 666
117.010000 20 668
117.010000 21 667
118.010000 0 500
118.010000 1 574
118.010000 2 571
118.010000 3 438
118.010000 4 574
118.010000 5 573
118.010000 6 574
118.010000 7 438
118.010000 8 574
118.010000 9 574
118.010000 10 574
118.010000 11 574
118.010000 12 573
118.010000 13 433
118.010000 14 501
118.010000 15 572
118.010000 16 504
118.010000 17 366
118.010000 18 503
118.010000 19 573
118.010000 20 574
118.010000 21 574
119.010000 0 589
119.010000 1 672
119.010000 2 669
119.010000 3 508
119.010000 4 672
119.010000 5 671
119.010000 6 672
119.010000 7 503
119.010000 8 672
119.010000 9 672
119.010000 10 672
119.010000 11 672
119.010000 12 671
119.010000 13 510
119.010000 14 592
119.010000 15 670
119.010000 16 595
119.010000 17 428
119.010000 18 591
119.010000 19 671
119.010000 20 672
119.010000 21 672
120.010000 0 573
120.010000 1 647
120.010000 2 641
120.010000 3 499
120.010000 4 647
120.010000 5 646
120.010000 6 647
120.010000 7 500
120.010000 8 647
120.010000 9 647
120.010000 10 647
120.010000 11 647
120.010000 12 644
120.010000 13 480
120.010000 14 573
120.010000 15 644
120.010000 16 557
120.010000 17 424
120.010000 18 573
120.010000 19 644
120.010000 20 647
120.010000 21 647
121.010000 0 608
121.010000 1 699
121.010000 2 699
121.010000 3 519
121.010000 4 699
121.010000 5 698
121.010000 6 699
121.010000 7 527
121.010000 8 699
121.010000 9 698
121.010000 10 699
121.010000 11 699
121.010000 12 700
121.010000 13 536
121.010000 14 610
121.010000 15 698
121.010000 16 621
121.010000 17 430
121.010000 18 610
121.010000 19 700
121.010000 20 699
121.010000 21 699
122.010000 0 554
122.010000 1 647
122.010000 2 644
122.010000 3 481
122.010000 4 647
122.010000 5 646
122.010000 6 647
122.010000 7 497
122.010000 8 647
122.010000 9 648
122.010000 10 647
122.010000 11 647
122.010000 12 646
122.010000 13 499
122.010000 14 558
122.010000 15 645
122.010000 16 572
122.010000 17 393
122.010000 18 558
122.010000 19 646
122.010000 20 647
122.010000 21 647
123.010000 0 557
123.010000 1 625
123.010000 2 621
123.010000 3 487
123.010000 4 625
123.010000 5 622
123.010000 6 625
123.010000 7 471
123.010000 8 625
123.010000 9 625
123.010000 10 625
123.010000 11 625
123.010000 12 624
123.010000 13 461
123.010000 14 559
123.010000 15 621
123.010000 16 543
123.010000 17 421
123.010000 18 559
123.010000 19 624
123.010000 20 625
123.010000 21 625
124.010000 0 588
124.010000 1 667
124.010000 2 665
124.010000 3 502
124.010000 4 667
124.010000 5 668
124.010000 6 667
124.010000 7 501
124.010000 8 667
124.010000 9 667
124.010000 10 666
124.010000 11 667
124.010000 12 666
124.010000 13 507
124.010000 14 588
124.010000 15 667
124.010000 16 587
124.010000 17 422
124.010000 18 588
124.010000 19 666
124.010000 20 667
124.010000 21 667
125.010000 0 586
125.010000 1 685
125.010000 2 681
125.010000 3 517
125.010000 4 685
125.010000 5 684
125.010000 6 685
125.010000 7 532
125.010000 8 685
125.010000 9 685
125.010000 10 686
125.010000 11 685
125.010000 12 684
125.010000 13 521
125.010000 14 590
125.010000 15 683
125.010000 16 600
125.010000 17 422
125.010000 18 589
125.010000 19 683
125.010000 20 685
125.010000 21 685
126.010000 0 554
126.010000 1 623
126.010000 2 621
126.010000 3 479
126.010000 4 623
126.010000 5 622
126.010000 6 623
126.010000 7 466
126.010000 8 623
126.010000 9 623
126.010000 10 623
126.010000 11 623
126.010000 12 622
126.010000 13 465
126.010000 14 554
126.010000 15 621
126.010000 16 546
126.010000 17 410
126.010000 18 555
126.010000 19 623
126.010000 20 622
126.010000 21 623
127.010000 0 551
127.010000 1 634
127.010000 2 630
127.010000 3 472
127.010000 4 634
127.010000 5 633
127.010000 6 633
127.010000 7 482
127.010000 8 634
127.010000 9 634
127.010000 10 633
127.010000 11 634
127.010000 12 632
127.010000 13 489
127.010000 14 553
127.010000 15 632
127.010000 16 562
127.010000 17 391
127.010000 18 553
127.010000 19 633
127.010000 20 635
127.010000 21 633
128.010000 0 593
128.010000 1 679
128.010000 2 676
128.010000 3 517
128.010000 4 679
128.010000 5 678
128.010000 6 680
128.010000 7 521
128.010000 8 679
128.010000 9 679
128.010000 10 680
128.010000 11 679
128.010000 12 678
128.010000 13 510
128.010000 14 596
128.010000 15 677
128.010000 16 590
128.010000 17 434
128.010000 18 596
128.010000 19 678
128.010000 20 678
128.010000 21 679
129.010000 0 583
129.010000 1 667
129.010000 2 662
129.010000 3 505
129.010000 4 667
129.010000 5 664
129.010000 6 667
129.010000 7 503
129.010000 8 666
129.010000 9 667
129.010000 10 667
129.010000 11 667
129.010000 12 665
129.010000 13 508
129.010000 14 584
129.010000 15 662
129.010000 16 589
129.010000 17 422
129.010000 18 584
129.010000 19 665
129.010000 20 668
129.010000 21 668
130.010000 0 556
130.010000 1 637
130.010000 2 637
130.010000 3 483
130.010000 4 637
130.010000 5 638
130.010000 6 637
130.010000 7 482
130.010000 8 638
130.010000 9 637
130.010000 10 636
130.010000 11 637
130.010000 12 638
130.010000 13 481
130.010000 14 558
130.010000 15 638
130.010000 16 559
130.010000 17 404
130.010000 18 558
130.010000 19 637
130.010000 20 637
130.010000 21 637
131.010000 0 573
131.010000 1 665
131.010000 2 662
131.010000 3 491
131.010000 4 665
131.010000 5 664
131.010000 6 665
131.010000 7 503
131.010000 8 665
131.010000 9 665
131.010000 10 666
131.010000 11 665
131.010000 12 664
131.010000 13 515
131.010000 14 576
131.010000 15 663
131.010000 16 593
131.010000 17 402
131.010000 18 576
131.010000 19 664
131.010000 20 665
131.010000 21 665
132.010000 0 577
132.010000 1 657
132.010000 2 654
132.010000 3 509
132.010000 4 657
132.010000 5 656
132.010000 6 657
132.010000 7 497
132.010000 8 657
132.010000 9 656
132.010000 10 657
132.010000 11 657
132.010000 12 656
132.010000 13 490
132.010000 14 580
132.010000 15 655
132.010000 16 573
132.010000 17 433
132.010000 18 580
132.010000 19 656
132.010000 20 657
132.010000 21 657
133.010000 0 526
133.010000 1 607
133.010000 2 604
133.010000 3 455
133.010000 4 607
133.010000 5 606
133.010000 6 607
133.010000 7 467
133.010000 8 607
133.010000 9 608
133.010000 10 607
133.010000 11 607
133.010000 12 606
133.010000 13 464
133.010000 14 526
133.010000 15 605
133.010000 16 534
133.010000 17 373
133.010000 18 526
133.010000 19 606
133.010000 20 606
133.010000 21 607
134.010000 0 556
134.010000 1 646
134.010000 2 642
134.010000 3 477
134.010000 4 646
134.010000 5 645
134.010000 6 646
134.010000 7 491
134.010000 8 646
134.010000 9 646
134.010000 10 645
134.010000 11 646
134.010000 12 645
134.010000 13 503
134.010000 14 558
134.010000 15 644
134.010000 16 575
134.010000 17 389
134.010000 18 558
134.010000 19 644
134.010000 20 647
134.010000 21 646
135.010000 0 563
135.010000 1 643
135.010000 2 640
135.010000 3 491
135.010000 4 643
135.010000 5 642
135.010000 6 643
135.010000 7 485
135.010000 8 643
135.010000 9 642
135.010000 10 644
135.010000 11 643
135.010000 12 642
135.010000 13 486
135.010000 14 566
135.010000 15 641
135.010000 16 565
135.010000 17 414
135.010000 18 565
135.010000 19 642
135.010000 20 643
135.010000 21 642
136.010000 0 597
136.010000 1 681
136.010000 2 679
136.010000 3 518
136.010000 4 681
136.010000 5 680
136.010000 6 681
136.010000 7 521
136.010000 8 681
136.010000 9 682
136.010000 10 681
136.010000 11 681
136.010000 12 680
136.010000 13 510
136.010000 14 599
136.010000 15 679
136.010000 16 592
136.010000 17 436
136.010000 18 600
136.010000 19 681
136.010000 20 681
136.010000 21 681
137.010000 0 550
137.010000 1 636
137.010000 2 633
137.010000 3 473
137.010000 4 636
137.010000 5 635
137.010000 6 636
137.010000 7 477
137.010000 8 636
137.010000 9 636
137.010000 10 636
137.010000 11 636
137.010000 12 635
137.010000 13 490
137.010000 14 552
137.010000 15 634
137.010000 16 570
137.010000 17 389
137.010000 18 552
137.010000 19 635
137.010000 20 636
137.010000 21 637
138.010000 0 559
138.010000 1 640
138.010000 2 637
138.010000 3 488
138.010000 4 640
138.010000 5 639
138.010000 6 640
138.010000 7 484
138.010000 8 640
138.010000 9 640
138.010000 10 640
138.010000 11 640
138.010000 12 639
138.010000 13 486
138.010000 14 561
138.010000 15 638
138.010000 16 561
138.010000 17 410
138.010000 18 561
138.010000 19 639
138.010000 20 640
138.010000 21 640
139.010000 0 586
139.010000 1 666
139.010000 2 662
139.010000 3 510
139.010000 4 666
139.010000 5 665
139.010000 6 666
139.010000 7 512
139.010000 8 666
139.010000 9 666
139.010000 10 666
139.010000 11 666
139.010000 12 664
139.010000 13 498
139.010000 14 588
139.010000 15 664
139.010000 16 575
139.010000 17 431
139.010000 18 588
139.010000 19 665
139.010000 20 666
139.010000 21 666
140.010000 0 571
140.010000 1 666
140.010000 2 664
140.010000 3 496
140.010000 4 666
140.010000 5 665
140.010000 6 666
140.010000 7 504
140.010000 8 666
140.010000 9 666
140.010000 10 666
140.010000 11 666
140.010000 12 666
140.010000 13 513
140.010000 14 574
140.010000 15 664
140.010000 16 596
140.010000 17 405
140.010000 18 574
140.010000 19 665
140.010000 20 666
140.010000 21 666
141.010000 0 581
141.010000 1 668
141.010000 2 665
141.010000 3 509
141.010000 4 668
141.010000 5 667
141.010000 6 668
141.010000 7 510
141.010000 8 668
141.010000 9 667
141.010000 10 668
141.010000 11 668
141.010000 12 667
141.010000 13 505
141.010000 14 581
141.010000 15 666
141.010000 16 586
141.010000 17 421
141.010000 18 581
141.010000 19 667
141.010000 20 668
141.010000 21 668
142.010000 0 530
142.010000 1 602
142.010000 2 599
142.010000 3 455
142.010000 4 602
142.010000 5 601
142.010000 6 601
142.010000 7 455
142.010000 8 602
142.010000 9 603
142.010000 10 602
142.010000 11 602
142.010000 12 601
142.010000 13 456
142.010000 14 533
142.010000 15 600
142.010000 16 528
142.010000 17 386
142.010000 18 533
142.010000 19 601
142.010000 20 602
142.010000 21 602
143.010000 0 569
143.010000 1 639
143.010000 2 636
143.010000 3 497
143.010000 4 640
143.010000 5 637
143.010000 6 641
143.010000 7 488
143.010000 8 640
143.010000 9 640
143.010000 10 640
143.010000 11 640
143.010000 12 639
143.010000 13 474
143.010000 14 570
143.010000 15 636
143.010000 16 553
143.010000 17 427
143.010000 18 570
143.010000 19 639
143.010000 20 639
143.010000 21 640
144.010000 0 596
144.010000 1 687
144.010000 2 681
144.010000 3 515
144.010000 4 686
144.010000 5 686
144.010000 6 686
144.010000 7 518
144.010000 8 686
144.010000 9 686
144.010000 10 686
144.010000 11 686
144.010000 12 684
144.010000 13 523
144.010000 14 599
144.010000 15 684
144.010000 16 607
144.010000 17 428
144.010000 18 599
144.010000 19 683
144.010000 20 687
144.010000 21 686
145.010000 0 586
145.010000 1 680
145.010000 2 680
145.010000 3 511
145.010000 4 680
145.010000 5 680
145.010000 6 680
145.010000 7 519
145.010000 8 680
145.010000 9 680
145.010000 10 680
145.010000 11 680
145.010000 12 680
145.010000 13 520
145.010000 14 588
145.010000 15 680
145.010000 16 598
145.010000 17 420
145.010000 18 589
145.010000 19 681
145.010000 20 680
145.010000 21 680
146.010000 0 532
146.010000 1 600
146.010000 2 596
146.010000 3 459
146.010000 4 601
146.010000 5 598
146.010000 6 601
146.010000 7 453
146.010000 8 601
146.010000 9 601
146.010000 10 600
146.010000 11 601
146.010000 12 599
146.010000 13 455
146.010000 14 533
146.010000 15 597
146.010000 16 529
146.010000 17 390
146.010000 18 532
146.010000 19 600
146.010000 20 600
146.010000 21 601
147.010000 0 575
147.010000 1 664
147.010000 2 662
147.010000 3 499
147.010000 4 663
147.010000 5 664
147.010000 6 663
147.010000 7 503
147.010000 8 663
147.010000 9 663
147.010000 10 664
147.010000 11 663
147.010000 12 663
147.010000 13 502
147.010000 14 579
147.010000 15 663
147.010000 16 583
147.010000 17 415
147.010000 18 578
147.010000 19 662
147.010000 20 664
147.010000 21 663
148.010000 0 566
148.010000 1 650
148.010000 2 647
148.010000 3 492
148.010000 4 650
148.010000 5 649
148.010000 6 650
148.010000 7 490
148.010000 8 650
148.010000 9 650
148.010000 10 650
148.010000 11 650
148.010000 12 649
148.010000 13 495
148.010000 14 567
148.010000 15 648
148.010000 16 574
148.010000 17 410
148.010000 18 569
148.010000 19 649
148.010000 20 650
148.010000 21 650
149.010000 0 556
149.010000 1 642
149.010000 2 639
149.010000 3 486
149.010000 4 642
149.010000 5 641
149.010000 6 642
149.010000 7 496
149.010000 8 642
149.010000 9 642
149.010000 10 642
149.010000 11 642
149.010000 12 641
149.010000 13 487
149.010000 14 559
149.010000 15 640
149.010000 16 560
149.010000 17 403
149.010000 18 558
149.010000 19 641
149.010000 20 642
149.010000 21 642
