0.010000 0 5
0.010000 1 5
0.010000 2 3
0.010000 3 4
0.010000 4 4
0.010000 5 4
0.010000 6 3
0.010000 7 5
0.010000 8 5
1.010000 0 7
1.010000 1 7
1.010000 2 7
1.010000 3 9
1.010000 4 8
1.010000 5 8
1.010000 6 7
1.010000 7 8
1.010000 8 7
2.010000 0 6
2.010000 1 10
2.010000 2 8
2.010000 3 9
2.010000 4 9
2.010000 5 9
2.010000 6 8
2.010000 7 9
2.010000 8 6
3.010000 0 8
3.010000 1 6
3.010000 2 6
3.010000 3 7
3.010000 4 7
3.010000 5 7
3.010000 6 6
3.010000 7 7
3.010000 8 8
4.010000 0 7
4.010000 1 9
4.010000 2 8
4.010000 3 8
4.010000 4 9
4.010000 5 10
4.010000 6 8
4.010000 7 9
4.010000 8 7
5.010000 0 7
5.010000 1 9
5.010000 2 7
5.010000 3 8
5.010000 4 8
5.010000 5 8
5.010000 6 7
5.010000 7 7
5.010000 8 7
6.010000 0 7
6.010000 1 9
6.010000 2 9
6.010000 3 9
6.010000 4 9
6.010000 5 8
6.010000 6 9
6.010000 7 9
6.010000 8 7
7.010000 0 5
7.010000 1 6
7.010000 2 5
7.010000 3 6
7.010000 4 6
7.010000 5 7
7.010000 6 5
7.010000 7 7
7.010000 8 5
8.010000 0 9
8.010000 1 8
8.010000 2 6
8.010000 3 8
8.010000 4 8
8.010000 5 7
8.010000 6 6
8.010000 7 8
8.010000 8 9
9.010000 0 5
9.010000 1 8
9.010000 2 7
9.010000 3 8
9.010000 4 9
9.010000 5 9
9.010000 6 7
9.010000 7 8
9.010000 8 5
10.010000 0 7
10.010000 1 7
10.010000 2 9
10.010000 3 9
10.010000 4 7
10.010000 5 8
10.010000 6 9
10.010000 7 7
10.010000 8 7
11.010000 0 7
11.010000 1 9
11.010000 2 5
11.010000 3 7
11.010000 4 9
11.010000 5 8
11.010000 6 5
11.010000 7 9
11.010000 8 7
12.010000 0 7
12.010000 1 8
12.010000 2 7
12.010000 3 9
12.010000 4 8
12.010000 5 7
12.010000 6 7
12.010000 7 8
12.010000 8 7
13.010000 0 7
13.010000 1 7
13.010000 2 7
13.010000 3 8
13.010000 4 8
13.010000 5 9
13.010000 6 7
13.010000 7 8
13.010000 8 7
14.010000 0 7
14.010000 1 8
14.010000 2 9
14.010000 3 8
14.010000 4 7
14.010000 5 7
14.010000 6 9
14.010000 7 8
14.010000 8 7
15.010000 0 6
15.010000 1 8
15.010000 2 6
15.010000 3 8
15.010000 4 9
15.010000 5 9
15.010000 6 6
15.010000 7 8
15.010000 8 6
16.010000 0 640
16.010000 1 596
16.010000 2 598
16.010000 3 455
16.010000 4 368
16.010000 5 640
16.010000 6 598
16.010000 7 561
16.010000 8 640
17.010000 0 653
17.010000 1 620
17.010000 2 604
17.010000 3 459
17.010000 4 381
17.010000 5 654
17.010000 6 604
17.010000 7 559
17.010000 8 653
18.010000 0 675
18.010000 1 636
18.010000 2 647
18.010000 3 439
18.010000 4 370
18.010000 5 676
18.010000 6 647
18.010000 7 619
18.010000 8 675
19.010000 0 631
19.010000 1 644
19.010000 2 573
19.010000 3 447
19.010000 4 462
19.010000 5 666
19.010000 6 573
19.010000 7 585
19.010000 8 631
20.010000 0 621
20.010000 1 639
20.010000 2 559
20.010000 3 449
20.010000 4 468
20.010000 5 659
20.010000 6 559
20.010000 7 565
20.010000 8 621
21.010000 0 586
21.010000 1 597
21.010000 2 518
21.010000 3 417
21.010000 4 447
21.010000 5 621
21.010000 6 518
21.010000 7 546
21.010000 8 586
22.010000 0 621
22.010000 1 625
22.010000 2 558
22.010000 3 456
22.010000 4 473
22.010000 5 660
22.010000 6 558
22.010000 7 573
22.010000 8 621
23.010000 0 616
23.010000 1 627
23.010000 2 558
23.010000 3 460
23.010000 4 462
23.010000 5 655
23.010000 6 558
23.010000 7 564
23.010000 8 616
24.010000 0 623
24.010000 1 614
24.010000 2 562
24.010000 3 423
24.010000 4 386
24.010000 5 628
24.010000 6 562
24.010000 7 538
24.010000 8 623
25.010000 0 629
25.010000 1 630
25.010000 2 574
25.010000 3 465
25.010000 4 469
25.010000 5 668
25.010000 6 574
25.010000 7 579
25.010000 8 629
26.010000 0 594
26.010000 1 628
26.010000 2 513
26.010000 3 462
26.010000 4 529
26.010000 5 656
26.010000 6 513
26.010000 7 566
26.010000 8 594
27.010000 0 578
27.010000 1 622
27.010000 2 505
27.010000 3 449
27.010000 4 524
27.010000 5 644
27.010000 6 505
27.010000 7 542
27.010000 8 578
28.010000 0 587
28.010000 1 606
28.010000 2 522
28.010000 3 438
28.010000 4 467
28.010000 5 630
28.010000 6 522
28.010000 7 536
28.010000 8 587
29.010000 0 645
29.010000 1 644
29.010000 2 553
29.010000 3 503
29.010000 4 512
29.010000 5 684
29.010000 6 553
29.010000 7 569
29.010000 8 645
30.010000 0 584
30.010000 1 616
30.010000 2 505
30.010000 3 459
30.010000 4 512
30.010000 5 640
30.010000 6 505
30.010000 7 530
30.010000 8 584
31.010000 0 604
31.010000 1 616
31.010000 2 522
31.010000 3 462
31.010000 4 495
31.010000 5 647
31.010000 6 522
31.010000 7 542
31.010000 8 604
32.010000 0 608
32.010000 1 620
32.010000 2 533
32.010000 3 485
32.010000 4 490
32.010000 5 652
32.010000 6 533
32.010000 7 530
32.010000 8 608
33.010000 0 605
33.010000 1 593
33.010000 2 551
33.010000 3 444
33.010000 4 408
33.010000 5 627
33.010000 6 551
33.010000 7 540
33.010000 8 605
34.010000 0 655
34.010000 1 660
34.010000 2 586
34.010000 3 506
34.010000 4 502
34.010000 5 697
34.010000 6 586
34.010000 7 588
34.010000 8 655
35.010000 0 644
35.010000 1 637
35.010000 2 547
35.010000 3 503
35.010000 4 507
35.010000 5 678
35.010000 6 547
35.010000 7 558
35.010000 8 644
36.010000 0 634
36.010000 1 602
36.010000 2 569
36.010000 3 507
36.010000 4 436
36.010000 5 658
36.010000 6 569
36.010000 7 542
36.010000 8 634
37.010000 0 626
37.010000 1 627
37.010000 2 524
37.010000 3 520
37.010000 4 530
37.010000 5 671
37.010000 6 524
37.010000 7 534
37.010000 8 626
38.010000 0 594
38.010000 1 609
38.010000 2 508
38.010000 3 504
38.010000 4 512
38.010000 5 645
38.010000 6 508
38.010000 7 504
38.010000 8 594
39.010000 0 588
39.010000 1 601
39.010000 2 503
39.010000 3 479
39.010000 4 519
39.010000 5 644
39.010000 6 503
39.010000 7 536
39.010000 8 588
40.010000 0 587
40.010000 1 583
40.010000 2 497
40.010000 3 479
40.010000 4 451
40.010000 5 613
40.010000 6 497
40.010000 7 480
40.010000 8 587
41.010000 0 624
41.010000 1 616
41.010000 2 562
41.010000 3 483
41.010000 4 467
41.010000 5 661
41.010000 6 562
41.010000 7 559
41.010000 8 624
42.010000 0 648
42.010000 1 622
42.010000 2 566
42.010000 3 512
42.010000 4 470
42.010000 5 674
42.010000 6 566
42.010000 7 552
42.010000 8 648
43.010000 0 579
43.010000 1 588
43.010000 2 524
43.010000 3 456
43.010000 4 459
43.010000 5 625
43.010000 6 524
43.010000 7 525
43.010000 8 579
44.010000 0 639
44.010000 1 646
44.010000 2 532
44.010000 3 505
44.010000 4 500
44.010000 5 669
44.010000 6 532
44.010000 7 535
44.010000 8 639
45.010000 0 600
45.010000 1 575
45.010000 2 542
45.010000 3 468
45.010000 4 443
45.010000 5 634
45.010000 6 542
45.010000 7 542
45.010000 8 600
46.010000 0 616
46.010000 1 628
46.010000 2 530
46.010000 3 470
46.010000 4 488
46.010000 5 654
46.010000 6 530
46.010000 7 544
46.010000 8 616
47.010000 0 644
47.010000 1 629
47.010000 2 575
47.010000 3 527
47.010000 4 486
47.010000 5 681
47.010000 6 575
47.010000 7 550
47.010000 8 644
48.010000 0 588
48.010000 1 573
48.010000 2 519
48.010000 3 475
48.010000 4 437
48.010000 5 618
48.010000 6 519
48.010000 7 504
48.010000 8 588
49.010000 0 664
49.010000 1 661
49.010000 2 583
49.010000 3 532
49.010000 4 522
49.010000 5 707
49.010000 6 583
49.010000 7 579
49.010000 8 664
50.010000 0 598
50.010000 1 568
50.010000 2 529
50.010000 3 461
50.010000 4 417
50.010000 5 619
50.010000 6 529
50.010000 7 528
50.010000 8 598
51.010000 0 604
51.010000 1 659
51.010000 2 515
51.010000 3 474
51.010000 4 523
51.010000 5 659
51.010000 6 515
51.010000 7 526
51.010000 8 604
52.010000 0 601
52.010000 1 566
52.010000 2 549
52.010000 3 458
52.010000 4 407
52.010000 5 622
52.010000 6 549
52.010000 7 535
52.010000 8 601
53.010000 0 658
53.010000 1 648
53.010000 2 581
53.010000 3 496
53.010000 4 472
53.010000 5 684
53.010000 6 581
53.010000 7 571
53.010000 8 658
54.010000 0 600
54.010000 1 591
54.010000 2 539
54.010000 3 441
54.010000 4 428
54.010000 5 627
54.010000 6 539
54.010000 7 542
54.010000 8 600
55.010000 0 673
55.010000 1 681
55.010000 2 600
55.010000 3 538
55.010000 4 535
55.010000 5 723
55.010000 6 600
55.010000 7 594
55.010000 8 673
56.010000 0 578
56.010000 1 567
56.010000 2 496
56.010000 3 442
56.010000 4 439
56.010000 5 606
56.010000 6 496
56.010000 7 514
56.010000 8 578
57.010000 0 639
57.010000 1 663
57.010000 2 558
57.010000 3 489
57.010000 4 499
57.010000 5 681
57.010000 6 558
57.010000 7 563
57.010000 8 639
58.010000 0 611
58.010000 1 645
58.010000 2 510
58.010000 3 504
58.010000 4 581
58.010000 5 682
58.010000 6 510
58.010000 7 565
58.010000 8 611
59.010000 0 660
59.010000 1 690
59.010000 2 572
59.010000 3 531
59.010000 4 586
59.010000 5 728
59.010000 6 572
59.010000 7 607
59.010000 8 660
60.010000 0 641
60.010000 1 601
60.010000 2 582
60.010000 3 510
60.010000 4 417
60.010000 5 655
60.010000 6 582
60.010000 7 530
60.010000 8 641
61.010000 0 579
61.010000 1 601
61.010000 2 500
61.010000 3 467
61.010000 4 509
61.010000 5 636
61.010000 6 500
61.010000 7 530
61.010000 8 579
62.010000 0 584
62.010000 1 628
62.010000 2 466
62.010000 3 493
62.010000 4 549
62.010000 5 642
62.010000 6 466
62.010000 7 496
62.010000 8 584
63.010000 0 562
63.010000 1 641
63.010000 2 478
63.010000 3 443
63.010000 4 598
63.010000 5 657
63.010000 6 478
63.010000 7 569
63.010000 8 562
64.010000 0 529
64.010000 1 631
64.010000 2 446
64.010000 3 433
64.010000 4 606
64.010000 5 635
64.010000 6 446
64.010000 7 536
64.010000 8 529
65.010000 0 571
65.010000 1 602
65.010000 2 495
65.010000 3 457
65.010000 4 538
65.010000 5 641
65.010000 6 495
65.010000 7 548
65.010000 8 571
66.010000 0 584
66.010000 1 605
66.010000 2 474
66.010000 3 475
66.010000 4 509
66.010000 5 627
66.010000 6 474
66.010000 7 494
66.010000 8 584
67.010000 0 618
67.010000 1 649
67.010000 2 541
67.010000 3 488
67.010000 4 542
67.010000 5 680
67.010000 6 541
67.010000 7 568
67.010000 8 618
68.010000 0 579
68.010000 1 602
68.010000 2 500
68.010000 3 464
68.010000 4 511
68.010000 5 636
68.010000 6 500
68.010000 7 530
68.010000 8 579
69.010000 0 591
69.010000 1 606
69.010000 2 495
69.010000 3 476
69.010000 4 498
69.010000 5 633
69.010000 6 495
69.010000 7 505
69.010000 8 591
70.010000 0 622
70.010000 1 646
70.010000 2 560
70.010000 3 483
70.010000 4 515
70.010000 5 678
70.010000 6 560
70.010000 7 570
70.010000 8 622
71.010000 0 613
71.010000 1 596
71.010000 2 526
71.010000 3 466
71.010000 4 462
71.010000 5 640
71.010000 6 526
71.010000 7 543
71.010000 8 613
72.010000 0 616
72.010000 1 647
72.010000 2 551
72.010000 3 470
72.010000 4 490
72.010000 5 663
72.010000 6 551
72.010000 7 547
72.010000 8 616
73.010000 0 667
73.010000 1 674
73.010000 2 577
73.010000 3 537
73.010000 4 554
73.010000 5 720
73.010000 6 577
73.010000 7 597
73.010000 8 667
74.010000 0 692
74.010000 1 691
74.010000 2 611
74.010000 3 553
74.010000 4 530
74.010000 5 735
74.010000 6 611
74.010000 7 604
74.010000 8 692
75.010000 0 579
75.010000 1 566
75.010000 2 513
75.010000 3 456
75.010000 4 446
75.010000 5 614
75.010000 6 513
75.010000 7 516
75.010000 8 579
76.010000 0 574
76.010000 1 588
76.010000 2 474
76.010000 3 469
76.010000 4 503
76.010000 5 620
76.010000 6 474
76.010000 7 498
76.010000 8 574
77.010000 0 532
77.010000 1 579
77.010000 2 505
77.010000 3 426
77.010000 4 481
77.010000 5 607
77.010000 6 505
77.010000 7 518
77.010000 8 532
78.010000 0 633
78.010000 1 650
78.010000 2 535
78.010000 3 484
78.010000 4 512
78.010000 5 672
78.010000 6 535
78.010000 7 552
78.010000 8 633
79.010000 0 613
79.010000 1 626
79.010000 2 520
79.010000 3 492
79.010000 4 507
79.010000 5 655
79.010000 6 520
79.010000 7 529
79.010000 8 613
80.010000 0 656
80.010000 1 642
80.010000 2 565
80.010000 3 511
80.010000 4 508
80.010000 5 691
80.010000 6 565
80.010000 7 579
80.010000 8 656
81.010000 0 594
81.010000 1 619
81.010000 2 518
81.010000 3 476
81.010000 4 507
81.010000 5 648
81.010000 6 518
81.010000 7 526
81.010000 8 594
82.010000 0 609
82.010000 1 673
82.010000 2 507
82.010000 3 495
82.010000 4 610
82.010000 5 690
82.010000 6 507
82.010000 7 562
82.010000 8 609
83.010000 0 632
83.010000 1 625
83.010000 2 546
83.010000 3 511
83.010000 4 531
83.010000 5 684
83.010000 6 546
83.010000 7 581
83.010000 8 632
84.010000 0 569
84.010000 1 606
84.010000 2 489
84.010000 3 477
84.010000 4 505
84.010000 5 624
84.010000 6 489
84.010000 7 480
84.010000 8 569
85.010000 0 651
85.010000 1 621
85.010000 2 539
85.010000 3 533
85.010000 4 529
85.010000 5 688
85.010000 6 539
85.010000 7 573
85.010000 8 651
86.010000 0 586
86.010000 1 610
86.010000 2 520
86.010000 3 512
86.010000 4 497
86.010000 5 640
86.010000 6 520
86.010000 7 481
86.010000 8 586
87.010000 0 590
87.010000 1 554
87.010000 2 496
87.010000 3 512
87.010000 4 446
87.010000 5 613
87.010000 6 496
87.010000 7 473
87.010000 8 590
88.010000 0 635
88.010000 1 681
88.010000 2 523
88.010000 3 515
88.010000 4 601
88.010000 5 704
88.010000 6 523
88.010000 7 577
88.010000 8 635
89.010000 0 591
89.010000 1 698
89.010000 2 471
89.010000 3 483
89.010000 4 688
89.010000 5 702
89.010000 6 471
89.010000 7 585
89.010000 8 591
90.010000 0 565
90.010000 1 595
90.010000 2 509
90.010000 3 441
90.010000 4 524
90.010000 5 640
90.010000 6 509
90.010000 7 566
90.010000 8 565
91.010000 0 601
91.010000 1 641
91.010000 2 503
91.010000 3 486
91.010000 4 521
91.010000 5 650
91.010000 6 503
91.010000 7 504
91.010000 8 601
92.010000 0 583
92.010000 1 579
92.010000 2 514
92.010000 3 461
92.010000 4 467
92.010000 5 626
92.010000 6 514
92.010000 7 532
92.010000 8 583
93.010000 0 579
93.010000 1 603
93.010000 2 502
93.010000 3 459
93.010000 4 512
93.010000 5 636
93.010000 6 502
93.010000 7 531
93.010000 8 579
94.010000 0 570
94.010000 1 605
94.010000 2 490
94.010000 3 452
94.010000 4 497
94.010000 5 624
94.010000 6 490
94.010000 7 512
94.010000 8 570
95.010000 0 636
95.010000 1 725
95.010000 2 492
95.010000 3 526
95.010000 4 685
95.010000 5 724
95.010000 6 492
95.010000 7 562
95.010000 8 636
96.010000 0 574
96.010000 1 566
96.010000 2 548
96.010000 3 441
96.010000 4 463
96.010000 5 635
96.010000 6 548
96.010000 7 589
96.010000 8 574
97.010000 0 567
97.010000 1 599
97.010000 2 476
97.010000 3 452
97.010000 4 486
97.010000 5 612
97.010000 6 476
97.010000 7 486
97.010000 8 567
98.010000 0 656
98.010000 1 677
98.010000 2 552
98.010000 3 504
98.010000 4 527
98.010000 5 694
98.010000 6 552
98.010000 7 560
98.010000 8 656
99.010000 0 596
99.010000 1 586
99.010000 2 539
99.010000 3 450
99.010000 4 457
99.010000 5 635
99.010000 6 539
99.010000 7 553
99.010000 8 596
100.010000 0 616
100.010000 1 623
100.010000 2 531
100.010000 3 495
100.010000 4 482
100.010000 5 652
100.010000 6 531
100.010000 7 525
100.010000 8 616
101.010000 0 651
101.010000 1 646
101.010000 2 586
101.010000 3 491
101.010000 4 489
101.010000 5 691
101.010000 6 586
101.010000 7 592
101.010000 8 651
102.010000 0 578
102.010000 1 576
102.010000 2 515
102.010000 3 448
102.010000 4 442
102.010000 5 613
102.010000 6 515
102.010000 7 512
102.010000 8 578
103.010000 0 614
103.010000 1 621
103.010000 2 538
103.010000 3 478
103.010000 4 489
103.010000 5 657
103.010000 6 538
103.010000 7 551
103.010000 8 614
104.010000 0 616
104.010000 1 630
104.010000 2 546
104.010000 3 436
104.010000 4 454
104.010000 5 646
104.010000 6 546
104.010000 7 554
104.010000 8 616
105.010000 0 622
105.010000 1 587
105.010000 2 583
105.010000 3 422
105.010000 4 366
105.010000 5 629
105.010000 6 583
105.010000 7 571
105.010000 8 622
106.010000 0 645
106.010000 1 618
106.010000 2 556
106.010000 3 462
106.010000 4 417
106.010000 5 646
106.010000 6 556
106.010000 7 538
106.010000 8 645
107.010000 0 604
107.010000 1 582
107.010000 2 552
107.010000 3 485
107.010000 4 428
107.010000 5 634
107.010000 6 552
107.010000 7 525
107.010000 8 604
108.010000 0 668
108.010000 1 659
108.010000 2 586
108.010000 3 544
108.010000 4 505
108.010000 5 703
108.010000 6 586
108.010000 7 559
108.010000 8 668
109.010000 0 671
109.010000 1 643
109.010000 2 593
109.010000 3 554
109.010000 4 507
109.010000 5 709
109.010000 6 593
109.010000 7 583
109.010000 8 671
110.010000 0 610
110.010000 1 597
110.010000 2 527
110.010000 3 495
110.010000 4 472
110.010000 5 643
110.010000 6 527
110.010000 7 520
110.010000 8 610
111.010000 0 618
111.010000 1 604
111.010000 2 527
111.010000 3 496
111.010000 4 472
111.010000 5 646
111.010000 6 527
111.010000 7 519
111.010000 8 618
112.010000 0 611
112.010000 1 606
112.010000 2 537
112.010000 3 475
112.010000 4 467
112.010000 5 644
112.010000 6 537
112.010000 7 530
112.010000 8 611
113.010000 0 662
113.010000 1 668
113.010000 2 593
113.010000 3 542
113.010000 4 529
113.010000 5 712
113.010000 6 593
113.010000 7 578
113.010000 8 662
114.010000 0 607
114.010000 1 579
114.010000 2 518
114.010000 3 518
114.010000 4 467
114.010000 5 639
114.010000 6 518
114.010000 7 506
114.010000 8 607
115.010000 0 547
115.010000 1 534
115.010000 2 487
115.010000 3 408
115.010000 4 387
115.010000 5 568
115.010000 6 487
115.010000 7 483
115.010000 8 547
116.010000 0 699
116.010000 1 684
116.010000 2 622
116.010000 3 517
116.010000 4 481
116.010000 5 719
116.010000 6 622
116.010000 7 604
116.010000 8 699
117.010000 0 628
117.010000 1 619
117.010000 2 554
117.010000 3 489
117.010000 4 471
117.010000 5 662
117.010000 6 554
117.010000 7 549
117.010000 8 628
118.010000 0 646
118.010000 1 627
118.010000 2 583
118.010000 3 512
118.010000 4 486
118.010000 5 686
118.010000 6 583
118.010000 7 582
118.010000 8 646
119.010000 0 608
119.010000 1 637
119.010000 2 512
119.010000 3 470
119.010000 4 504
119.010000 5 649
119.010000 6 512
119.010000 7 520
119.010000 8 608
120.010000 0 646
120.010000 1 647
120.010000 2 563
120.010000 3 505
120.010000 4 510
120.010000 5 688
120.010000 6 563
120.010000 7 575
120.010000 8 646
121.010000 0 621
121.010000 1 648
121.010000 2 544
121.010000 3 498
121.010000 4 535
121.010000 5 681
121.010000 6 544
121.010000 7 565
121.010000 8 621
122.010000 0 551
122.010000 1 610
122.010000 2 469
122.010000 3 456
122.010000 4 562
122.010000 5 633
122.010000 6 469
122.010000 7 529
122.010000 8 551
123.010000 0 594
123.010000 1 613
123.010000 2 494
123.010000 3 471
123.010000 4 517
123.010000 5 642
123.010000 6 494
123.010000 7 521
123.010000 8 594
124.010000 0 592
124.010000 1 625
124.010000 2 523
124.010000 3 477
124.010000 4 519
124.010000 5 654
124.010000 6 523
124.010000 7 540
124.010000 8 592
125.010000 0 563
125.010000 1 536
125.010000 2 522
125.010000 3 382
125.010000 4 333
125.010000 5 567
125.010000 6 522
125.010000 7 505
125.010000 8 563
126.010000 0 692
126.010000 1 699
126.010000 2 611
126.010000 3 487
126.010000 4 504
126.010000 5 721
126.010000 6 611
126.010000 7 618
126.010000 8 692
127.010000 0 661
127.010000 1 656
127.010000 2 598
127.010000 3 493
127.010000 4 491
127.010000 5 700
127.010000 6 598
127.010000 7 607
127.010000 8 661
128.010000 0 586
128.010000 1 623
128.010000 2 513
128.010000 3 461
128.010000 4 510
128.010000 5 644
128.010000 6 513
128.010000 7 533
128.010000 8 586
129.010000 0 614
129.010000 1 613
129.010000 2 535
129.010000 3 472
129.010000 4 491
129.010000 5 655
129.010000 6 535
129.010000 7 556
129.010000 8 614
130.010000 0 617
130.010000 1 635
130.010000 2 532
130.010000 3 491
130.010000 4 509
130.010000 5 663
130.010000 6 532
130.010000 7 537
130.010000 8 617
131.010000 0 664
131.010000 1 642
131.010000 2 575
131.010000 3 527
131.010000 4 479
131.010000 5 688
131.010000 6 575
131.010000 7 559
131.010000 8 664
132.010000 0 603
132.010000 1 615
132.010000 2 557
132.010000 3 477
132.010000 4 477
132.010000 5 654
132.010000 6 557
132.010000 7 547
132.010000 8 603
133.010000 0 599
133.010000 1 618
133.010000 2 500
133.010000 3 478
133.010000 4 534
133.010000 5 653
133.010000 6 500
133.010000 7 542
133.010000 8 599
134.010000 0 602
134.010000 1 623
134.010000 2 521
134.010000 3 488
134.010000 4 529
134.010000 5 658
134.010000 6 521
134.010000 7 533
134.010000 8 602
135.010000 0 640
135.010000 1 622
135.010000 2 526
135.010000 3 529
135.010000 4 513
135.010000 5 671
135.010000 6 526
135.010000 7 531
135.010000 8 640
136.010000 0 562
136.010000 1 561
136.010000 2 501
136.010000 3 469
136.010000 4 449
136.010000 5 605
136.010000 6 501
136.010000 7 489
136.010000 8 562
137.010000 0 620
137.010000 1 592
137.010000 2 545
137.010000 3 527
137.010000 4 466
137.010000 5 651
137.010000 6 545
137.010000 7 511
137.010000 8 620
138.010000 0 626
138.010000 1 603
138.010000 2 521
138.010000 3 515
138.010000 4 485
138.010000 5 651
138.010000 6 521
138.010000 7 511
138.010000 8 626
139.010000 0 676
139.010000 1 649
139.010000 2 606
139.010000 3 571
139.010000 4 505
139.010000 5 713
139.010000 6 606
139.010000 7 564
139.010000 8 676
140.010000 0 635
140.010000 1 615
140.010000 2 554
140.010000 3 520
140.010000 4 487
140.010000 5 669
140.010000 6 554
140.010000 7 540
140.010000 8 635
141.010000 0 640
141.010000 1 640
141.010000 2 545
141.010000 3 478
141.010000 4 499
141.010000 5 672
141.010000 6 545
141.010000 7 564
141.010000 8 640
142.010000 0 627
142.010000 1 618
142.010000 2 559
142.010000 3 528
142.010000 4 492
142.010000 5 671
142.010000 6 559
142.010000 7 537
142.010000 8 627
143.010000 0 637
143.010000 1 612
143.010000 2 552
143.010000 3 532
143.010000 4 485
143.010000 5 668
143.010000 6 552
143.010000 7 528
143.010000 8 637
144.010000 0 591
144.010000 1 605
144.010000 2 534
144.010000 3 470
144.010000 4 484
144.010000 5 643
144.010000 6 534
144.010000 7 537
144.010000 8 591
145.010000 0 572
145.010000 1 544
145.010000 2 483
145.010000 3 472
145.010000 4 430
145.010000 5 593
145.010000 6 483
145.010000 7 470
145.010000 8 572
146.010000 0 641
146.010000 1 641
146.010000 2 552
146.010000 3 520
146.010000 4 499
146.010000 5 677
146.010000 6 552
146.010000 7 538
146.010000 8 641
147.010000 0 635
147.010000 1 648
147.010000 2 539
147.010000 3 515
147.010000 4 540
147.010000 5 686
147.010000 6 539
147.010000 7 559
147.010000 8 635
148.010000 0 599
148.010000 1 622
148.010000 2 517
148.010000 3 483
148.010000 4 538
148.010000 5 662
148.010000 6 517
148.010000 7 557
148.010000 8 599
149.010000 0 600
149.010000 1 620
149.010000 2 529
149.010000 3 483
149.010000 4 513
149.010000 5 655
149.010000 6 529
149.010000 7 536
149.010000 8 600
