0.010000 0 5
0.010000 1 5
0.010000 2 4
0.010000 3 5
0.010000 4 4
0.010000 5 3
0.010000 6 5
0.010000 7 5
0.010000 8 5
0.010000 9 5
0.010000 10 5
0.010000 11 4
0.010000 12 5
0.010000 13 5
0.010000 14 5
0.010000 15 3
0.010000 16 5
0.010000 17 5
0.010000 18 5
0.010000 19 5
0.010000 20 5
0.010000 21 5
0.010000 22 4
1.010000 0 21
1.010000 1 24
1.010000 2 18
1.010000 3 23
1.010000 4 24
1.010000 5 23
1.010000 6 24
1.010000 7 24
1.010000 8 24
1.010000 9 24
1.010000 10 24
1.010000 11 24
1.010000 12 21
1.010000 13 24
1.010000 14 23
1.010000 15 21
1.010000 16 24
1.010000 17 22
1.010000 18 23
1.010000 19 21
1.010000 20 24
1.010000 21 24
1.010000 22 25
2.010000 0 14
2.010000 1 21
2.010000 2 22
2.010000 3 18
2.010000 4 22
2.010000 5 22
2.010000 6 20
2.010000 7 21
2.010000 8 21
2.010000 9 21
2.010000 10 21
2.010000 11 22
2.010000 12 22
2.010000 13 21
2.010000 14 18
2.010000 15 22
2.010000 16 21
2.010000 17 16
2.010000 18 18
2.010000 19 22
2.010000 20 21
2.010000 21 21
2.010000 22 21
3.010000 0 24
3.010000 1 23
3.010000 2 17
3.010000 3 24
3.010000 4 23
3.010000 5 22
3.010000 6 23
3.010000 7 23
3.010000 8 23
3.010000 9 23
3.010000 10 22
3.010000 11 23
3.010000 12 20
3.010000 13 23
3.010000 14 24
3.010000 15 20
3.010000 16 22
3.010000 17 24
3.010000 18 24
3.010000 19 20
3.010000 20 23
3.010000 21 23
3.010000 22 22
4.010000 0 17
4.010000 1 20
4.010000 2 19
4.010000 3 19
4.010000 4 20
4.010000 5 17
4.010000 6 21
4.010000 7 20
4.010000 8 19
4.010000 9 20
4.010000 10 21
4.010000 11 19
4.010000 12 21
4.010000 13 20
4.010000 14 19
4.010000 15 17
4.010000 16 21
4.010000 17 18
4.010000 18 19
4.010000 19 21
4.010000 20 20
4.010000 21 20
4.010000 22 20
5.010000 0 18
5.010000 1 21
5.010000 2 19
5.010000 3 20
5.010000 4 20
5.010000 5 22
5.010000 6 21
5.010000 7 20
5.010000 8 21
5.010000 9 21
5.010000 10 21
5.010000 11 22
5.010000 12 20
5.010000 13 21
5.010000 14 20
5.010000 15 21
5.010000 16 21
5.010000 17 19
5.010000 18 20
5.010000 19 20
5.010000 20 21
5.010000 21 21
5.010000 22 21
6.010000 0 20
6.010000 1 22
6.010000 2 19
6.010000 3 22
6.010000 4 23
6.010000 5 20
6.010000 6 23
6.010000 7 24
6.010000 8 24
6.010000 9 23
6.010000 10 23
6.010000 11 23
6.010000 12 22
6.010000 13 23
6.010000 14 22
6.010000 15 19
6.010000 16 23
6.010000 17 21
6.010000 18 22
6.010000 19 22
6.010000 20 23
6.010000 21 23
6.010000 22 23
7.010000 0 23
7.010000 1 29
7.010000 2 23
7.010000 3 26
7.010000 4 29
7.010000 5 27
7.010000 6 27
7.010000 7 28
7.010000 8 28
7.010000 9 27
7.010000 10 28
7.010000 11 28
7.010000 12 26
7.010000 13 27
7.010000 14 26
7.010000 15 25
7.010000 16 27
7.010000 17 24
7.010000 18 25
7.010000 19 25
7.010000 20 28
7.010000 21 28
7.010000 22 29
8.010000 0 16
8.010000 1 18
8.010000 2 18
8.010000 3 17
8.010000 4 18
8.010000 5 18
8.010000 6 18
8.010000 7 18
8.010000 8 17
8.010000 9 19
8.010000 10 17
8.010000 11 17
8.010000 12 18
8.010000 13 19
8.010000 14 18
8.010000 15 18
8.010000 16 19
8.010000 17 17
8.010000 18 19
8.010000 19 19
8.010000 20 18
8.010000 21 17
8.010000 22 18
9.010000 0 20
9.010000 1 22
9.010000 2 20
9.010000 3 22
9.010000 4 22
9.010000 5 23
9.010000 6 23
9.010000 7 23
9.010000 8 23
9.010000 9 23
9.010000 10 24
9.010000 11 24
9.010000 12 22
9.010000 13 22
9.010000 14 22
9.010000 15 22
9.010000 16 22
9.010000 17 21
9.010000 18 21
9.010000 19 22
9.010000 20 23
9.010000 21 24
9.010000 22 23
10.010000 0 13
10.010000 1 20
10.010000 2 16
10.010000 3 18
10.010000 4 20
10.010000 5 18
10.010000 6 20
10.010000 7 19
10.010000 8 20
10.010000 9 19
10.010000 10 19
10.010000 11 18
10.010000 12 18
10.010000 13 20
10.010000 14 16
10.010000 15 17
10.010000 16 20
10.010000 17 16
10.010000 18 17
10.010000 19 18
10.010000 20 19
10.010000 21 19
10.010000 22 19
11.010000 0 24
11.010000 1 23
11.010000 2 17
11.010000 3 23
11.010000 4 23
11.010000 5 22
11.010000 6 22
11.010000 7 23
11.010000 8 23
11.010000 9 23
11.010000 10 23
11.010000 11 24
11.010000 12 20
11.010000 13 22
11.010000 14 24
11.010000 15 20
11.010000 16 23
11.010000 17 23
11.010000 18 24
11.010000 19 20
11.010000 20 23
11.010000 21 22
11.010000 22 23
12.010000 0 16
12.010000 1 22
12.010000 2 22
12.010000 3 19
12.010000 4 22
12.010000 5 21
12.010000 6 23
12.010000 7 22
12.010000 8 21
12.010000 9 22
12.010000 10 22
12.010000 11 21
12.010000 12 23
12.010000 13 23
12.010000 14 20
12.010000 15 21
12.010000 16 22
12.010000 17 17
12.010000 18 19
12.010000 19 23
12.010000 20 22
12.010000 21 23
12.010000 22 22
13.010000 0 21
13.010000 1 22
13.010000 2 19
13.010000 3 21
13.010000 4 22
13.010000 5 21
13.010000 6 22
13.010000 7 22
13.010000 8 23
13.010000 9 21
13.010000 10 22
13.010000 11 22
13.010000 12 21
13.010000 13 22
13.010000 14 22
13.010000 15 20
13.010000 16 21
13.010000 17 21
13.010000 18 23
13.010000 19 21
13.010000 20 21
13.010000 21 22
13.010000 22 22
14.010000 0 18
14.010000 1 23
14.010000 2 19
14.010000 3 22
14.010000 4 23
14.010000 5 20
14.010000 6 23
14.010000 7 22
14.010000 8 23
14.010000 9 24
14.010000 10 23
14.010000 11 24
14.010000 12 22
14.010000 13 23
14.010000 14 20
14.010000 15 19
14.010000 16 24
14.010000 17 20
14.010000 18 21
14.010000 19 22
14.010000 20 24
14.010000 21 23
14.010000 22 23
15.010000 0 16
15.010000 1 21
15.010000 2 19
15.010000 3 21
15.010000 4 21
15.010000 5 22
15.010000 6 21
15.010000 7 22
15.010000 8 21
15.010000 9 21
15.010000 10 21
15.010000 11 21
15.010000 12 20
15.010000 13 21
15.010000 14 19
15.010000 15 21
15.010000 16 21
15.010000 17 19
15.010000 18 18
15.010000 19 20
15.010000 20 20
15.010000 21 21
15.010000 22 21
16.010000 0 543
16.010000 1 621
16.010000 2 615
16.010000 3 472
16.010000 4 620
16.010000 5 619
16.010000 6 621
16.010000 7 477
16.010000 8 621
16.010000 9 621
16.010000 10 477
16.010000 11 621
16.010000 12 619
16.010000 13 621
16.010000 14 547
16.010000 15 617
16.010000 16 551
16.010000 17 397
16.010000 18 546
16.010000 19 619
16.010000 20 622
16.010000 21 621
16.010000 22 621
17.010000 0 554
17.010000 1 640
17.010000 2 637
17.010000 3 485
17.010000 4 641
17.010000 5 639
17.010000 6 640
17.010000 7 489
17.010000 8 640
17.010000 9 639
17.010000 10 487
17.010000 11 640
17.010000 12 639
17.010000 13 640
17.010000 14 556
17.010000 15 638
17.010000 16 563
17.010000 17 402
17.010000 18 557
17.010000 19 639
17.010000 20 640
17.010000 21 640
17.010000 22 640
18.010000 0 558
18.010000 1 635
18.010000 2 632
18.010000 3 483
18.010000 4 634
18.010000 5 634
18.010000 6 635
18.010000 7 480
18.010000 8 635
18.010000 9 636
18.010000 10 479
18.010000 11 635
18.010000 12 634
18.010000 13 635
18.010000 14 560
18.010000 15 633
18.010000 16 558
18.010000 17 408
18.010000 18 560
18.010000 19 634
18.010000 20 635
18.010000 21 635
18.010000 22 635
19.010000 0 547
19.010000 1 627
19.010000 2 624
19.010000 3 473
19.010000 4 628
19.010000 5 626
19.010000 6 627
19.010000 7 480
19.010000 8 627
19.010000 9 626
19.010000 10 477
19.010000 11 627
19.010000 12 626
19.010000 13 626
19.010000 14 547
19.010000 15 625
19.010000 16 551
19.010000 17 392
19.010000 18 547
19.010000 19 626
19.010000 20 627
19.010000 21 627
19.010000 22 627
20.010000 0 583
20.010000 1 677
20.010000 2 674
20.010000 3 498
20.010000 4 677
20.010000 5 676
20.010000 6 677
20.010000 7 514
20.010000 8 677
20.010000 9 678
20.010000 10 527
20.010000 11 676
20.010000 12 676
20.010000 13 678
20.010000 14 586
20.010000 15 675
20.010000 16 602
20.010000 17 407
20.010000 18 586
20.010000 19 676
20.010000 20 677
20.010000 21 677
20.010000 22 677
21.010000 0 523
21.010000 1 593
21.010000 2 590
21.010000 3 455
21.010000 4 593
21.010000 5 592
21.010000 6 593
21.010000 7 448
21.010000 8 593
21.010000 9 593
21.010000 10 445
21.010000 11 593
21.010000 12 592
21.010000 13 593
21.010000 14 524
21.010000 15 591
21.010000 16 520
21.010000 17 386
21.010000 18 524
21.010000 19 592
21.010000 20 593
21.010000 21 593
21.010000 22 593
22.010000 0 615
22.010000 1 698
22.010000 2 695
22.010000 3 531
22.010000 4 698
22.010000 5 697
22.010000 6 698
22.010000 7 529
22.010000 8 698
22.010000 9 698
22.010000 10 526
22.010000 11 699
22.010000 12 697
22.010000 13 698
22.010000 14 617
22.010000 15 696
22.010000 16 609
22.010000 17 450
22.010000 18 617
22.010000 19 697
22.010000 20 697
22.010000 21 698
22.010000 22 698
23.010000 0 574
23.010000 1 663
23.010000 2 660
23.010000 3 503
23.010000 4 663
23.010000 5 662
23.010000 6 663
23.010000 7 503
23.010000 8 663
23.010000 9 663
23.010000 10 503
23.010000 11 663
23.010000 12 662
23.010000 13 663
23.010000 14 578
23.010000 15 661
23.010000 16 585
23.010000 17 419
23.010000 18 578
23.010000 19 662
23.010000 20 664
23.010000 21 663
23.010000 22 663
24.010000 0 548
24.010000 1 624
24.010000 2 617
24.010000 3 471
24.010000 4 624
24.010000 5 621
24.010000 6 624
24.010000 7 476
24.010000 8 624
24.010000 9 624
24.010000 10 476
24.010000 11 624
24.010000 12 621
24.010000 13 624
24.010000 14 548
24.010000 15 619
24.010000 16 549
24.010000 17 394
24.010000 18 548
24.010000 19 621
24.010000 20 624
24.010000 21 624
24.010000 22 624
25.010000 0 600
25.010000 1 697
25.010000 2 698
25.010000 3 526
25.010000 4 697
25.010000 5 698
25.010000 6 697
25.010000 7 534
25.010000 8 697
25.010000 9 697
25.010000 10 529
25.010000 11 697
25.010000 12 698
25.010000 13 697
25.010000 14 604
25.010000 15 698
25.010000 16 611
25.010000 17 434
25.010000 18 604
25.010000 19 698
25.010000 20 697
25.010000 21 697
25.010000 22 697
26.010000 0 533
26.010000 1 604
26.010000 2 600
26.010000 3 462
26.010000 4 604
26.010000 5 601
26.010000 6 604
26.010000 7 456
26.010000 8 604
26.010000 9 603
26.010000 10 456
26.010000 11 604
26.010000 12 603
26.010000 13 604
26.010000 14 533
26.010000 15 600
26.010000 16 531
26.010000 17 390
26.010000 18 533
26.010000 19 603
26.010000 20 604
26.010000 21 604
26.010000 22 604
27.010000 0 587
27.010000 1 672
27.010000 2 670
27.010000 3 508
27.010000 4 672
27.010000 5 673
27.010000 6 672
27.010000 7 505
27.010000 8 672
27.010000 9 673
27.010000 10 509
27.010000 11 672
27.010000 12 671
27.010000 13 672
27.010000 14 590
27.010000 15 672
27.010000 16 593
27.010000 17 426
27.010000 18 590
27.010000 19 671
27.010000 20 672
27.010000 21 672
27.010000 22 672
28.010000 0 563
28.010000 1 642
28.010000 2 639
28.010000 3 484
28.010000 4 642
28.010000 5 641
28.010000 6 642
28.010000 7 488
28.010000 8 642
28.010000 9 642
28.010000 10 490
28.010000 11 642
28.010000 12 641
28.010000 13 641
28.010000 14 564
28.010000 15 640
28.010000 16 564
28.010000 17 406
28.010000 18 564
28.010000 19 641
28.010000 20 642
28.010000 21 641
28.010000 22 642
29.010000 0 561
29.010000 1 660
29.010000 2 657
29.010000 3 494
29.010000 4 660
29.010000 5 659
29.010000 6 660
29.010000 7 514
29.010000 8 660
29.010000 9 660
29.010000 10 506
29.010000 11 659
29.010000 12 659
29.010000 13 661
29.010000 14 564
29.010000 15 658
29.010000 16 583
29.010000 17 399
29.010000 18 564
29.010000 19 659
29.010000 20 660
29.010000 21 661
29.010000 22 659
30.010000 0 588
30.010000 1 666
30.010000 2 663
30.010000 3 506
30.010000 4 666
30.010000 5 665
30.010000 6 666
30.010000 7 504
30.010000 8 666
30.010000 9 666
30.010000 10 501
30.010000 11 667
30.010000 12 665
30.010000 13 666
30.010000 14 590
30.010000 15 664
30.010000 16 581
30.010000 17 430
30.010000 18 591
30.010000 19 665
30.010000 20 666
30.010000 21 666
30.010000 22 666
31.010000 0 552
31.010000 1 625
31.010000 2 622
31.010000 3 472
31.010000 4 625
31.010000 5 624
31.010000 6 625
31.010000 7 466
31.010000 8 625
31.010000 9 625
31.010000 10 475
31.010000 11 625
31.010000 12 624
31.010000 13 625
31.010000 14 555
31.010000 15 623
31.010000 16 552
31.010000 17 401
31.010000 18 553
31.010000 19 624
31.010000 20 625
31.010000 21 625
31.010000 22 626
32.010000 0 566
32.010000 1 654
32.010000 2 651
32.010000 3 489
32.010000 4 654
32.010000 5 653
32.010000 6 654
32.010000 7 499
32.010000 8 654
32.010000 9 654
32.010000 10 503
32.010000 11 653
32.010000 12 653
32.010000 13 654
32.010000 14 568
32.010000 15 652
32.010000 16 578
32.010000 17 404
32.010000 18 569
32.010000 19 653
32.010000 20 654
32.010000 21 654
32.010000 22 654
33.010000 0 615
33.010000 1 687
33.010000 2 685
33.010000 3 536
33.010000 4 688
33.010000 5 687
33.010000 6 688
33.010000 7 518
33.010000 8 688
33.010000 9 688
33.010000 10 506
33.010000 11 689
33.010000 12 687
33.010000 13 688
33.010000 14 617
33.010000 15 686
33.010000 16 595
33.010000 17 464
33.010000 18 616
33.010000 19 687
33.010000 20 688
33.010000 21 688
33.010000 22 688
34.010000 0 562
34.010000 1 661
34.010000 2 657
34.010000 3 486
34.010000 4 660
34.010000 5 659
34.010000 6 660
34.010000 7 506
34.010000 8 660
34.010000 9 660
34.010000 10 515
34.010000 11 660
34.010000 12 659
34.010000 13 660
34.010000 14 563
34.010000 15 658
34.010000 16 589
34.010000 17 390
34.010000 18 565
34.010000 19 659
34.010000 20 660
34.010000 21 660
34.010000 22 659
35.010000 0 556
35.010000 1 638
35.010000 2 634
35.010000 3 482
35.010000 4 637
35.010000 5 635
35.010000 6 638
35.010000 7 486
35.010000 8 638
35.010000 9 638
35.010000 10 486
35.010000 11 638
35.010000 12 637
35.010000 13 638
35.010000 14 557
35.010000 15 634
35.010000 16 563
35.010000 17 400
35.010000 18 556
35.010000 19 637
35.010000 20 638
35.010000 21 638
35.010000 22 639
36.010000 0 515
36.010000 1 597
36.010000 2 595
36.010000 3 449
36.010000 4 598
36.010000 5 598
36.010000 6 597
36.010000 7 461
36.010000 8 597
36.010000 9 597
36.010000 10 455
36.010000 11 597
36.010000 12 596
36.010000 13 597
36.010000 14 518
36.010000 15 597
36.010000 16 524
36.010000 17 370
36.010000 18 518
36.010000 19 596
36.010000 20 597
36.010000 21 596
36.010000 22 596
37.010000 0 587
37.010000 1 659
37.010000 2 653
37.010000 3 508
37.010000 4 659
37.010000 5 657
37.010000 6 658
37.010000 7 496
37.010000 8 659
37.010000 9 659
37.010000 10 491
37.010000 11 659
37.010000 12 656
37.010000 13 659
37.010000 14 589
37.010000 15 655
37.010000 16 574
37.010000 17 438
37.010000 18 589
37.010000 19 657
37.010000 20 659
37.010000 21 660
37.010000 22 660
38.010000 0 546
38.010000 1 624
38.010000 2 624
38.010000 3 470
38.010000 4 624
38.010000 5 624
38.010000 6 625
38.010000 7 474
38.010000 8 624
38.010000 9 624
38.010000 10 475
38.010000 11 624
38.010000 12 625
38.010000 13 623
38.010000 14 547
38.010000 15 624
38.010000 16 547
38.010000 17 393
38.010000 18 547
38.010000 19 624
38.010000 20 624
38.010000 21 624
38.010000 22 624
39.010000 0 583
39.010000 1 670
39.010000 2 668
39.010000 3 505
39.010000 4 670
39.010000 5 670
39.010000 6 671
39.010000 7 509
39.010000 8 671
39.010000 9 671
39.010000 10 511
39.010000 11 671
39.010000 12 670
39.010000 13 672
39.010000 14 587
39.010000 15 669
39.010000 16 594
39.010000 17 421
39.010000 18 586
39.010000 19 670
39.010000 20 671
39.010000 21 671
39.010000 22 671
40.010000 0 564
40.010000 1 645
40.010000 2 641
40.010000 3 490
40.010000 4 645
40.010000 5 643
40.010000 6 644
40.010000 7 488
40.010000 8 644
40.010000 9 644
40.010000 10 488
40.010000 11 644
40.010000 12 643
40.010000 13 644
40.010000 14 564
40.010000 15 642
40.010000 16 565
40.010000 17 410
40.010000 18 565
40.010000 19 643
40.010000 20 644
40.010000 21 643
40.010000 22 643
41.010000 0 593
41.010000 1 684
41.010000 2 681
41.010000 3 520
41.010000 4 684
41.010000 5 683
41.010000 6 684
41.010000 7 522
41.010000 8 684
41.010000 9 684
41.010000 10 516
41.010000 11 684
41.010000 12 683
41.010000 13 683
41.010000 14 595
41.010000 15 682
41.010000 16 602
41.010000 17 431
41.010000 18 595
41.010000 19 683
41.010000 20 684
41.010000 21 685
41.010000 22 685
42.010000 0 577
42.010000 1 670
42.010000 2 667
42.010000 3 497
42.010000 4 670
42.010000 5 669
42.010000 6 670
42.010000 7 506
42.010000 8 669
42.010000 9 670
42.010000 10 521
42.010000 11 670
42.010000 12 669
42.010000 13 671
42.010000 14 579
42.010000 15 668
42.010000 16 598
42.010000 17 406
42.010000 18 579
42.010000 19 669
42.010000 20 670
42.010000 21 670
42.010000 22 669
43.010000 0 535
43.010000 1 610
43.010000 2 607
43.010000 3 472
43.010000 4 610
43.010000 5 609
43.010000 6 610
43.010000 7 465
43.010000 8 611
43.010000 9 610
43.010000 10 453
43.010000 11 610
43.010000 12 609
43.010000 13 610
43.010000 14 539
43.010000 15 608
43.010000 16 530
43.010000 17 402
43.010000 18 539
43.010000 19 609
43.010000 20 610
43.010000 21 610
43.010000 22 611
44.010000 0 539
44.010000 1 624
44.010000 2 620
44.010000 3 462
44.010000 4 624
44.010000 5 622
44.010000 6 624
44.010000 7 478
44.010000 8 624
44.010000 9 623
44.010000 10 485
44.010000 11 624
44.010000 12 623
44.010000 13 623
44.010000 14 539
44.010000 15 621
44.010000 16 554
44.010000 17 376
44.010000 18 539
44.010000 19 623
44.010000 20 624
44.010000 21 624
44.010000 22 624
45.010000 0 633
45.010000 1 706
45.010000 2 702
45.010000 3 549
45.010000 4 706
45.010000 5 706
45.010000 6 706
45.010000 7 528
45.010000 8 705
45.010000 9 707
45.010000 10 521
45.010000 11 705
45.010000 12 703
45.010000 13 707
45.010000 14 635
45.010000 15 704
45.010000 16 612
45.010000 17 478
45.010000 18 635
45.010000 19 704
45.010000 20 706
45.010000 21 706
45.010000 22 706
46.010000 0 540
46.010000 1 633
46.010000 2 632
46.010000 3 461
46.010000 4 633
46.010000 5 632
46.010000 6 633
46.010000 7 483
46.010000 8 634
46.010000 9 633
46.010000 10 496
46.010000 11 634
46.010000 12 634
46.010000 13 633
46.010000 14 543
46.010000 15 632
46.010000 16 565
46.010000 17 371
46.010000 18 543
46.010000 19 633
46.010000 20 633
46.010000 21 633
46.010000 22 633
47.010000 0 552
47.010000 1 622
47.010000 2 619
47.010000 3 490
47.010000 4 622
47.010000 5 621
47.010000 6 622
47.010000 7 471
47.010000 8 622
47.010000 9 622
47.010000 10 456
47.010000 11 622
47.010000 12 621
47.010000 13 621
47.010000 14 555
47.010000 15 620
47.010000 16 538
47.010000 17 423
47.010000 18 554
47.010000 19 621
47.010000 20 622
47.010000 21 622
47.010000 22 622
48.010000 0 581
48.010000 1 680
48.010000 2 677
48.010000 3 506
48.010000 4 680
48.010000 5 679
48.010000 6 680
48.010000 7 523
48.010000 8 680
48.010000 9 680
48.010000 10 525
48.010000 11 680
48.010000 12 679
48.010000 13 681
48.010000 14 583
48.010000 15 678
48.010000 16 602
48.010000 17 409
48.010000 18 583
48.010000 19 679
48.010000 20 680
48.010000 21 680
48.010000 22 680
49.010000 0 544
49.010000 1 629
49.010000 2 626
49.010000 3 469
49.010000 4 629
49.010000 5 628
49.010000 6 629
49.010000 7 476
49.010000 8 629
49.010000 9 629
49.010000 10 484
49.010000 11 629
49.010000 12 628
49.010000 13 629
49.010000 14 546
49.010000 15 627
49.010000 16 561
49.010000 17 387
49.010000 18 547
49.010000 19 628
49.010000 20 629
49.010000 21 629
49.010000 22 629
50.010000 0 552
50.010000 1 624
50.010000 2 618
50.010000 3 477
50.010000 4 624
50.010000 5 623
50.010000 6 624
50.010000 7 475
50.010000 8 624
50.010000 9 623
50.010000 10 470
50.010000 11 624
50.010000 12 621
50.010000 13 624
50.010000 14 553
50.010000 15 621
50.010000 16 544
50.010000 17 405
50.010000 18 553
50.010000 19 621
50.010000 20 624
50.010000 21 624
50.010000 22 624
51.010000 0 590
51.010000 1 671
51.010000 2 671
51.010000 3 515
51.010000 4 671
51.010000 5 670
51.010000 6 671
51.010000 7 505
51.010000 8 671
51.010000 9 672
51.010000 10 501
51.010000 11 671
51.010000 12 672
51.010000 13 671
51.010000 14 593
51.010000 15 670
51.010000 16 587
51.010000 17 437
51.010000 18 592
51.010000 19 672
51.010000 20 671
51.010000 21 671
51.010000 22 671
52.010000 0 574
52.010000 1 655
52.010000 2 652
52.010000 3 492
52.010000 4 655
52.010000 5 654
52.010000 6 655
52.010000 7 492
52.010000 8 654
52.010000 9 655
52.010000 10 503
52.010000 11 655
52.010000 12 654
52.010000 13 655
52.010000 14 576
52.010000 15 653
52.010000 16 578
52.010000 17 413
52.010000 18 576
52.010000 19 654
52.010000 20 655
52.010000 21 655
52.010000 22 655
53.010000 0 555
53.010000 1 641
53.010000 2 634
53.010000 3 480
53.010000 4 641
53.010000 5 638
53.010000 6 641
53.010000 7 492
53.010000 8 642
53.010000 9 641
53.010000 10 493
53.010000 11 641
53.010000 12 638
53.010000 13 641
53.010000 14 555
53.010000 15 636
53.010000 16 567
53.010000 17 394
53.010000 18 556
53.010000 19 638
53.010000 20 641
53.010000 21 641
53.010000 22 641
54.010000 0 560
54.010000 1 647
54.010000 2 648
54.010000 3 483
54.010000 4 647
54.010000 5 648
54.010000 6 647
54.010000 7 489
54.010000 8 647
54.010000 9 646
54.010000 10 496
54.010000 11 647
54.010000 12 648
54.010000 13 647
54.010000 14 563
54.010000 15 648
54.010000 16 575
54.010000 17 399
54.010000 18 562
54.010000 19 648
54.010000 20 646
54.010000 21 647
54.010000 22 647
55.010000 0 573
55.010000 1 650
55.010000 2 648
55.010000 3 491
55.010000 4 650
55.010000 5 650
55.010000 6 651
55.010000 7 493
55.010000 8 651
55.010000 9 652
55.010000 10 495
55.010000 11 651
55.010000 12 650
55.010000 13 651
55.010000 14 575
55.010000 15 649
55.010000 16 569
55.010000 17 415
55.010000 18 576
55.010000 19 650
55.010000 20 652
55.010000 21 651
55.010000 22 651
56.010000 0 549
56.010000 1 633
56.010000 2 626
56.010000 3 479
56.010000 4 633
56.010000 5 630
56.010000 6 632
56.010000 7 484
56.010000 8 632
56.010000 9 632
56.010000 10 480
56.010000 11 632
56.010000 12 630
56.010000 13 632
56.010000 14 550
56.010000 15 628
56.010000 16 556
56.010000 17 397
56.010000 18 550
56.010000 19 629
56.010000 20 632
56.010000 21 632
56.010000 22 632
57.010000 0 586
57.010000 1 673
57.010000 2 673
57.010000 3 511
57.010000 4 673
57.010000 5 673
57.010000 6 673
57.010000 7 511
57.010000 8 673
57.010000 9 673
57.010000 10 508
57.010000 11 673
57.010000 12 673
57.010000 13 673
57.010000 14 589
57.010000 15 673
57.010000 16 590
57.010000 17 428
57.010000 18 590
57.010000 19 674
57.010000 20 673
57.010000 21 673
57.010000 22 673
58.010000 0 573
58.010000 1 661
58.010000 2 658
58.010000 3 489
58.010000 4 661
58.010000 5 660
58.010000 6 661
58.010000 7 503
58.010000 8 660
58.010000 9 661
58.010000 10 513
58.010000 11 661
58.010000 12 660
58.010000 13 661
58.010000 14 575
58.010000 15 659
58.010000 16 587
58.010000 17 402
58.010000 18 574
58.010000 19 660
58.010000 20 660
58.010000 21 660
58.010000 22 661
59.010000 0 537
59.010000 1 616
59.010000 2 613
59.010000 3 471
59.010000 4 616
59.010000 5 615
59.010000 6 616
59.010000 7 471
59.010000 8 617
59.010000 9 616
59.010000 10 464
59.010000 11 616
59.010000 12 615
59.010000 13 616
59.010000 14 538
59.010000 15 614
59.010000 16 538
59.010000 17 393
59.010000 18 538
59.010000 19 615
59.010000 20 616
59.010000 21 617
59.010000 22 616
60.010000 0 618
60.010000 1 707
60.010000 2 702
60.010000 3 537
60.010000 4 706
60.010000 5 706
60.010000 6 707
60.010000 7 532
60.010000 8 707
60.010000 9 706
60.010000 10 539
60.010000 11 706
60.010000 12 704
60.010000 13 707
60.010000 14 621
60.010000 15 704
60.010000 16 625
60.010000 17 451
60.010000 18 620
60.010000 19 705
60.010000 20 707
60.010000 21 707
60.010000 22 707
61.010000 0 532
61.010000 1 621
61.010000 2 621
61.010000 3 459
61.010000 4 623
61.010000 5 621
61.010000 6 622
61.010000 7 479
61.010000 8 622
61.010000 9 623
61.010000 10 480
61.010000 11 623
61.010000 12 623
61.010000 13 622
61.010000 14 535
61.010000 15 621
61.010000 16 551
61.010000 17 373
61.010000 18 536
61.010000 19 622
61.010000 20 623
61.010000 21 622
61.010000 22 621
62.010000 0 567
62.010000 1 633
62.010000 2 627
62.010000 3 492
62.010000 4 632
62.010000 5 631
62.010000 6 632
62.010000 7 474
62.010000 8 632
62.010000 9 632
62.010000 10 465
62.010000 11 632
62.010000 12 630
62.010000 13 632
62.010000 14 567
62.010000 15 629
62.010000 16 549
62.010000 17 426
62.010000 18 567
62.010000 19 629
62.010000 20 632
62.010000 21 632
62.010000 22 633
63.010000 0 563
63.010000 1 652
63.010000 2 650
63.010000 3 487
63.010000 4 652
63.010000 5 651
63.010000 6 651
63.010000 7 499
63.010000 8 652
63.010000 9 652
63.010000 10 500
63.010000 11 652
63.010000 12 651
63.010000 13 652
63.010000 14 566
63.010000 15 651
63.010000 16 576
63.010000 17 401
63.010000 18 566
63.010000 19 653
63.010000 20 652
63.010000 21 652
63.010000 22 652
64.010000 0 568
64.010000 1 632
64.010000 2 627
64.010000 3 490
64.010000 4 632
64.010000 5 631
64.010000 6 633
64.010000 7 473
64.010000 8 632
64.010000 9 632
64.010000 10 469
64.010000 11 632
64.010000 12 630
64.010000 13 632
64.010000 14 569
64.010000 15 629
64.010000 16 548
64.010000 17 427
64.010000 18 569
64.010000 19 629
64.010000 20 632
64.010000 21 632
64.010000 22 632
65.010000 0 559
65.010000 1 645
65.010000 2 645
65.010000 3 487
65.010000 4 645
65.010000 5 644
65.010000 6 645
65.010000 7 489
65.010000 8 645
65.010000 9 645
65.010000 10 490
65.010000 11 645
65.010000 12 646
65.010000 13 644
65.010000 14 563
65.010000 15 644
65.010000 16 571
65.010000 17 405
65.010000 18 562
65.010000 19 646
65.010000 20 644
65.010000 21 645
65.010000 22 645
66.010000 0 565
66.010000 1 644
66.010000 2 641
66.010000 3 482
66.010000 4 644
66.010000 5 643
66.010000 6 643
66.010000 7 483
66.010000 8 644
66.010000 9 644
66.010000 10 493
66.010000 11 644
66.010000 12 643
66.010000 13 645
66.010000 14 565
66.010000 15 642
66.010000 16 572
66.010000 17 403
66.010000 18 566
66.010000 19 643
66.010000 20 644
66.010000 21 644
66.010000 22 644
67.010000 0 590
67.010000 1 683
67.010000 2 677
67.010000 3 517
67.010000 4 683
67.010000 5 680
67.010000 6 684
67.010000 7 527
67.010000 8 683
67.010000 9 683
67.010000 10 520
67.010000 11 683
67.010000 12 681
67.010000 13 683
67.010000 14 592
67.010000 15 678
67.010000 16 598
67.010000 17 426
67.010000 18 592
67.010000 19 680
67.010000 20 684
67.010000 21 683
67.010000 22 683
68.010000 0 569
68.010000 1 656
68.010000 2 656
68.010000 3 490
68.010000 4 656
68.010000 5 657
68.010000 6 656
68.010000 7 498
68.010000 8 655
68.010000 9 655
68.010000 10 503
68.010000 11 656
68.010000 12 656
68.010000 13 656
68.010000 14 571
68.010000 15 657
68.010000 16 580
68.010000 17 405
68.010000 18 571
68.010000 19 657
68.010000 20 656
68.010000 21 656
68.010000 22 656
69.010000 0 593
69.010000 1 681
69.010000 2 678
69.010000 3 515
69.010000 4 681
69.010000 5 680
69.010000 6 681
69.010000 7 519
69.010000 8 682
69.010000 9 682
69.010000 10 516
69.010000 11 681
69.010000 12 680
69.010000 13 680
69.010000 14 595
69.010000 15 679
69.010000 16 598
69.010000 17 429
69.010000 18 595
69.010000 19 680
69.010000 20 681
69.010000 21 681
69.010000 22 681
70.010000 0 543
70.010000 1 618
70.010000 2 611
70.010000 3 473
70.010000 4 618
70.010000 5 615
70.010000 6 618
70.010000 7 469
70.010000 8 618
70.010000 9 618
70.010000 10 465
70.010000 11 618
70.010000 12 615
70.010000 13 619
70.010000 14 545
70.010000 15 613
70.010000 16 544
70.010000 17 400
70.010000 18 545
70.010000 19 615
70.010000 20 618
70.010000 21 618
70.010000 22 618
71.010000 0 571
71.010000 1 667
71.010000 2 665
71.010000 3 491
71.010000 4 667
71.010000 5 666
71.010000 6 667
71.010000 7 510
71.010000 8 667
71.010000 9 667
71.010000 10 518
71.010000 11 667
71.010000 12 666
71.010000 13 667
71.010000 14 574
71.010000 15 665
71.010000 16 594
71.010000 17 398
71.010000 18 574
71.010000 19 667
71.010000 20 667
71.010000 21 667
71.010000 22 667
72.010000 0 558
72.010000 1 633
72.010000 2 631
72.010000 3 492
72.010000 4 632
72.010000 5 634
72.010000 6 633
72.010000 7 487
72.010000 8 632
72.010000 9 633
72.010000 10 470
72.010000 11 633
72.010000 12 633
72.010000 13 633
72.010000 14 559
72.010000 15 633
72.010000 16 544
72.010000 17 418
72.010000 18 559
72.010000 19 631
72.010000 20 633
72.010000 21 633
72.010000 22 633
73.010000 0 526
73.010000 1 608
73.010000 2 607
73.010000 3 447
73.010000 4 609
73.010000 5 607
73.010000 6 608
73.010000 7 456
73.010000 8 609
73.010000 9 608
73.010000 10 473
73.010000 11 608
73.010000 12 608
73.010000 13 608
73.010000 14 529
73.010000 15 607
73.010000 16 544
73.010000 17 369
73.010000 18 529
73.010000 19 609
73.010000 20 608
73.010000 21 608
73.010000 22 608
74.010000 0 593
74.010000 1 676
74.010000 2 673
74.010000 3 513
74.010000 4 676
74.010000 5 675
74.010000 6 676
74.010000 7 514
74.010000 8 676
74.010000 9 675
74.010000 10 509
74.010000 11 676
74.010000 12 675
74.010000 13 676
74.010000 14 595
74.010000 15 674
74.010000 16 594
74.010000 17 431
74.010000 18 595
74.010000 19 675
74.010000 20 676
74.010000 21 675
74.010000 22 676
75.010000 0 574
75.010000 1 654
75.010000 2 651
75.010000 3 494
75.010000 4 654
75.010000 5 653
75.010000 6 654
75.010000 7 495
75.010000 8 654
75.010000 9 655
75.010000 10 497
75.010000 11 654
75.010000 12 653
75.010000 13 653
75.010000 14 575
75.010000 15 652
75.010000 16 574
75.010000 17 415
75.010000 18 575
75.010000 19 653
75.010000 20 654
75.010000 21 655
75.010000 22 654
76.010000 0 556
76.010000 1 641
76.010000 2 635
76.010000 3 481
76.010000 4 640
76.010000 5 639
76.010000 6 640
76.010000 7 487
76.010000 8 641
76.010000 9 641
76.010000 10 493
76.010000 11 641
76.010000 12 638
76.010000 13 642
76.010000 14 558
76.010000 15 637
76.010000 16 569
76.010000 17 398
76.010000 18 558
76.010000 19 639
76.010000 20 641
76.010000 21 641
76.010000 22 641
77.010000 0 556
77.010000 1 627
77.010000 2 625
77.010000 3 483
77.010000 4 628
77.010000 5 627
77.010000 6 628
77.010000 7 472
77.010000 8 627
77.010000 9 627
77.010000 10 468
77.010000 11 627
77.010000 12 626
77.010000 13 627
77.010000 14 558
77.010000 15 626
77.010000 16 545
77.010000 17 414
77.010000 18 558
77.010000 19 626
77.010000 20 627
77.010000 21 626
77.010000 22 627
78.010000 0 560
78.010000 1 654
78.010000 2 652
78.010000 3 483
78.010000 4 654
78.010000 5 651
78.010000 6 653
78.010000 7 502
78.010000 8 654
78.010000 9 654
78.010000 10 507
78.010000 11 654
78.010000 12 655
78.010000 13 654
78.010000 14 563
78.010000 15 651
78.010000 16 581
78.010000 17 392
78.010000 18 563
78.010000 19 654
78.010000 20 654
78.010000 21 655
78.010000 22 654
79.010000 0 572
79.010000 1 637
79.010000 2 636
79.010000 3 500
79.010000 4 638
79.010000 5 639
79.010000 6 639
79.010000 7 476
79.010000 8 637
79.010000 9 638
79.010000 10 467
79.010000 11 638
79.010000 12 637
79.010000 13 638
79.010000 14 574
79.010000 15 638
79.010000 16 554
79.010000 17 436
79.010000 18 574
79.010000 19 637
79.010000 20 638
79.010000 21 638
79.010000 22 638
80.010000 0 564
80.010000 1 670
80.010000 2 664
80.010000 3 494
80.010000 4 669
80.010000 5 668
80.010000 6 668
80.010000 7 517
80.010000 8 670
80.010000 9 669
80.010000 10 523
80.010000 11 669
80.010000 12 666
80.010000 13 669
80.010000 14 567
80.010000 15 666
80.010000 16 597
80.010000 17 393
80.010000 18 567
80.010000 19 667
80.010000 20 669
80.010000 21 669
80.010000 22 669
81.010000 0 609
81.010000 1 676
81.010000 2 675
81.010000 3 517
81.010000 4 676
81.010000 5 675
81.010000 6 677
81.010000 7 501
81.010000 8 676
81.010000 9 676
81.010000 10 502
81.010000 11 676
81.010000 12 677
81.010000 13 676
81.010000 14 610
81.010000 15 675
81.010000 16 590
81.010000 17 450
81.010000 18 610
81.010000 19 676
81.010000 20 676
81.010000 21 676
81.010000 22 676
82.010000 0 578
82.010000 1 666
82.010000 2 663
82.010000 3 504
82.010000 4 666
82.010000 5 665
82.010000 6 666
82.010000 7 509
82.010000 8 666
82.010000 9 666
82.010000 10 507
82.010000 11 666
82.010000 12 665
82.010000 13 665
82.010000 14 579
82.010000 15 664
82.010000 16 586
82.010000 17 417
82.010000 18 579
82.010000 19 665
82.010000 20 666
82.010000 21 666
82.010000 22 666
83.010000 0 570
83.010000 1 645
83.010000 2 642
83.010000 3 496
83.010000 4 645
83.010000 5 644
83.010000 6 645
83.010000 7 486
83.010000 8 644
83.010000 9 645
83.010000 10 483
83.010000 11 644
83.010000 12 644
83.010000 13 646
83.010000 14 572
83.010000 15 643
83.010000 16 566
83.010000 17 423
83.010000 18 572
83.010000 19 644
83.010000 20 644
83.010000 21 645
83.010000 22 644
84.010000 0 532
84.010000 1 624
84.010000 2 620
84.010000 3 462
84.010000 4 624
84.010000 5 623
84.010000 6 624
84.010000 7 479
84.010000 8 625
84.010000 9 623
84.010000 10 484
84.010000 11 625
84.010000 12 623
84.010000 13 624
84.010000 14 535
84.010000 15 622
84.010000 16 555
84.010000 17 373
84.010000 18 535
84.010000 19 622
84.010000 20 625
84.010000 21 624
84.010000 22 624
85.010000 0 574
85.010000 1 658
85.010000 2 657
85.010000 3 497
85.010000 4 659
85.010000 5 658
85.010000 6 659
85.010000 7 499
85.010000 8 659
85.010000 9 660
85.010000 10 501
85.010000 11 659
85.010000 12 658
85.010000 13 659
85.010000 14 576
85.010000 15 657
85.010000 16 581
85.010000 17 414
85.010000 18 576
85.010000 19 659
85.010000 20 659
85.010000 21 659
85.010000 22 660
86.010000 0 577
86.010000 1 657
86.010000 2 653
86.010000 3 498
86.010000 4 656
86.010000 5 655
86.010000 6 656
86.010000 7 496
86.010000 8 655
86.010000 9 656
86.010000 10 497
86.010000 11 656
86.010000 12 655
86.010000 13 656
86.010000 14 578
86.010000 15 654
86.010000 16 575
86.010000 17 420
86.010000 18 578
86.010000 19 655
86.010000 20 656
86.010000 21 656
86.010000 22 656
87.010000 0 547
87.010000 1 639
87.010000 2 636
87.010000 3 484
87.010000 4 639
87.010000 5 638
87.010000 6 639
87.010000 7 494
87.010000 8 640
87.010000 9 639
87.010000 10 487
87.010000 11 639
87.010000 12 638
87.010000 13 639
87.010000 14 551
87.010000 15 637
87.010000 16 560
87.010000 17 397
87.010000 18 551
87.010000 19 638
87.010000 20 639
87.010000 21 639
87.010000 22 639
88.010000 0 580
88.010000 1 655
88.010000 2 648
88.010000 3 504
88.010000 4 655
88.010000 5 652
88.010000 6 655
88.010000 7 497
88.010000 8 655
88.010000 9 654
88.010000 10 492
88.010000 11 655
88.010000 12 652
88.010000 13 655
88.010000 14 580
88.010000 15 650
88.010000 16 572
88.010000 17 428
88.010000 18 580
88.010000 19 652
88.010000 20 655
88.010000 21 655
88.010000 22 655
89.010000 0 583
89.010000 1 661
89.010000 2 661
89.010000 3 502
89.010000 4 661
89.010000 5 662
89.010000 6 661
89.010000 7 497
89.010000 8 660
89.010000 9 662
89.010000 10 497
89.010000 11 661
89.010000 12 662
89.010000 13 661
89.010000 14 586
89.010000 15 662
89.010000 16 578
89.010000 17 427
89.010000 18 586
89.010000 19 661
89.010000 20 661
89.010000 21 661
89.010000 22 661
90.010000 0 553
90.010000 1 648
90.010000 2 646
90.010000 3 480
90.010000 4 648
90.010000 5 647
90.010000 6 648
90.010000 7 500
90.010000 8 648
90.010000 9 648
90.010000 10 503
90.010000 11 647
90.010000 12 647
90.010000 13 648
90.010000 14 554
90.010000 15 646
90.010000 16 576
90.010000 17 386
90.010000 18 554
90.010000 19 648
90.010000 20 648
90.010000 21 648
90.010000 22 647
91.010000 0 632
91.010000 1 716
91.010000 2 713
91.010000 3 554
91.010000 4 716
91.010000 5 715
91.010000 6 715
91.010000 7 539
91.010000 8 717
91.010000 9 716
91.010000 10 530
91.010000 11 717
91.010000 12 715
91.010000 13 716
91.010000 14 634
91.010000 15 714
91.010000 16 625
91.010000 17 472
91.010000 18 634
91.010000 19 715
91.010000 20 716
91.010000 21 716
91.010000 22 717
92.010000 0 531
92.010000 1 623
92.010000 2 620
92.010000 3 458
92.010000 4 623
92.010000 5 622
92.010000 6 624
92.010000 7 479
92.010000 8 623
92.010000 9 623
92.010000 10 487
92.010000 11 623
92.010000 12 622
92.010000 13 623
92.010000 14 534
92.010000 15 621
92.010000 16 553
92.010000 17 369
92.010000 18 534
92.010000 19 622
92.010000 20 623
92.010000 21 623
92.010000 22 623
93.010000 0 563
93.010000 1 635
93.010000 2 632
93.010000 3 492
93.010000 4 634
93.010000 5 634
93.010000 6 635
93.010000 7 481
93.010000 8 635
93.010000 9 635
93.010000 10 472
93.010000 11 635
93.010000 12 634
93.010000 13 635
93.010000 14 564
93.010000 15 633
93.010000 16 552
93.010000 17 421
93.010000 18 564
93.010000 19 634
93.010000 20 635
93.010000 21 635
93.010000 22 635
94.010000 0 574
94.010000 1 654
94.010000 2 651
94.010000 3 493
94.010000 4 655
94.010000 5 653
94.010000 6 654
94.010000 7 490
94.010000 8 654
94.010000 9 654
94.010000 10 499
94.010000 11 654
94.010000 12 653
94.010000 13 654
94.010000 14 576
94.010000 15 652
94.010000 16 578
94.010000 17 415
94.010000 18 576
94.010000 19 653
94.010000 20 653
94.010000 21 654
94.010000 22 654
95.010000 0 584
95.010000 1 683
95.010000 2 680
95.010000 3 519
95.010000 4 683
95.010000 5 682
95.010000 6 683
95.010000 7 525
95.010000 8 683
95.010000 9 683
95.010000 10 520
95.010000 11 683
95.010000 12 682
95.010000 13 683
95.010000 14 588
95.010000 15 681
95.010000 16 601
95.010000 17 425
95.010000 18 588
95.010000 19 682
95.010000 20 683
95.010000 21 683
95.010000 22 683
96.010000 0 563
96.010000 1 646
96.010000 2 643
96.010000 3 485
96.010000 4 646
96.010000 5 645
96.010000 6 646
96.010000 7 493
96.010000 8 646
96.010000 9 646
96.010000 10 493
96.010000 11 646
96.010000 12 645
96.010000 13 646
96.010000 14 565
96.010000 15 644
96.010000 16 568
96.010000 17 404
96.010000 18 565
96.010000 19 645
96.010000 20 646
96.010000 21 646
96.010000 22 646
97.010000 0 549
97.010000 1 624
97.010000 2 621
97.010000 3 471
97.010000 4 624
97.010000 5 623
97.010000 6 624
97.010000 7 469
97.010000 8 624
97.010000 9 623
97.010000 10 473
97.010000 11 624
97.010000 12 623
97.010000 13 624
97.010000 14 550
97.010000 15 622
97.010000 16 552
97.010000 17 396
97.010000 18 550
97.010000 19 623
97.010000 20 625
97.010000 21 624
97.010000 22 624
98.010000 0 554
98.010000 1 634
98.010000 2 631
98.010000 3 482
98.010000 4 634
98.010000 5 633
98.010000 6 634
98.010000 7 481
98.010000 8 634
98.010000 9 635
98.010000 10 481
98.010000 11 634
98.010000 12 633
98.010000 13 634
98.010000 14 555
98.010000 15 632
98.010000 16 557
98.010000 17 403
98.010000 18 555
98.010000 19 633
98.010000 20 633
98.010000 21 634
98.010000 22 634
99.010000 0 592
99.010000 1 677
99.010000 2 674
99.010000 3 511
99.010000 4 677
99.010000 5 676
99.010000 6 677
99.010000 7 512
99.010000 8 677
99.010000 9 677
99.010000 10 513
99.010000 11 677
99.010000 12 676
99.010000 13 677
99.010000 14 595
99.010000 15 675
99.010000 16 596
99.010000 17 429
99.010000 18 595
99.010000 19 676
99.010000 20 678
99.010000 21 677
99.010000 22 677
100.010000 0 548
100.010000 1 639
100.010000 2 632
100.010000 3 478
100.010000 4 639
100.010000 5 637
100.010000 6 639
100.010000 7 493
100.010000 8 639
100.010000 9 639
100.010000 10 495
100.010000 11 639
100.010000 12 636
100.010000 13 639
100.010000 14 549
100.010000 15 635
100.010000 16 566
100.010000 17 388
100.010000 18 549
100.010000 19 636
100.010000 20 639
100.010000 21 638
100.010000 22 639
101.010000 0 553
101.010000 1 635
101.010000 2 636
101.010000 3 483
101.010000 4 635
101.010000 5 635
101.010000 6 635
101.010000 7 485
101.010000 8 635
101.010000 9 635
101.010000 10 479
101.010000 11 635
101.010000 12 636
101.010000 13 635
101.010000 14 557
101.010000 15 635
101.010000 16 552
101.010000 17 406
101.010000 18 557
101.010000 19 636
101.010000 20 635
101.010000 21 636
101.010000 22 635
102.010000 0 525
102.010000 1 603
102.010000 2 600
102.010000 3 445
102.010000 4 602
102.010000 5 602
102.010000 6 603
102.010000 7 452
102.010000 8 603
102.010000 9 603
102.010000 10 470
102.010000 11 603
102.010000 12 602
102.010000 13 603
102.010000 14 525
102.010000 15 601
102.010000 16 540
102.010000 17 366
102.010000 18 525
102.010000 19 602
102.010000 20 603
102.010000 21 603
102.010000 22 603
103.010000 0 547
103.010000 1 617
103.010000 2 614
103.010000 3 480
103.010000 4 618
103.010000 5 616
103.010000 6 617
103.010000 7 467
103.010000 8 617
103.010000 9 617
103.010000 10 456
103.010000 11 617
103.010000 12 616
103.010000 13 617
103.010000 14 550
103.010000 15 615
103.010000 16 534
103.010000 17 414
103.010000 18 551
103.010000 19 616
103.010000 20 617
103.010000 21 617
103.010000 22 617
104.010000 0 628
104.010000 1 726
104.010000 2 723
104.010000 3 545
104.010000 4 726
104.010000 5 725
104.010000 6 726
104.010000 7 553
104.010000 8 726
104.010000 9 726
104.010000 10 556
104.010000 11 726
104.010000 12 725
104.010000 13 726
104.010000 14 631
104.010000 15 724
104.010000 16 640
104.010000 17 450
104.010000 18 630
104.010000 19 725
104.010000 20 726
104.010000 21 726
104.010000 22 726
105.010000 0 569
105.010000 1 637
105.010000 2 634
105.010000 3 490
105.010000 4 637
105.010000 5 636
105.010000 6 637
105.010000 7 479
105.010000 8 637
105.010000 9 637
105.010000 10 474
105.010000 11 637
105.010000 12 636
105.010000 13 637
105.010000 14 571
105.010000 15 635
105.010000 16 555
105.010000 17 423
105.010000 18 570
105.010000 19 636
105.010000 20 636
105.010000 21 637
105.010000 22 637
106.010000 0 566
106.010000 1 656
106.010000 2 653
106.010000 3 498
106.010000 4 656
106.010000 5 655
106.010000 6 656
106.010000 7 504
106.010000 8 656
106.010000 9 656
106.010000 10 497
106.010000 11 656
106.010000 12 655
106.010000 13 656
106.010000 14 568
106.010000 15 654
106.010000 16 576
106.010000 17 411
106.010000 18 569
106.010000 19 655
106.010000 20 657
106.010000 21 656
106.010000 22 656
107.010000 0 549
107.010000 1 623
107.010000 2 620
107.010000 3 468
107.010000 4 623
107.010000 5 622
107.010000 6 623
107.010000 7 469
107.010000 8 623
107.010000 9 623
107.010000 10 476
107.010000 11 623
107.010000 12 622
107.010000 13 622
107.010000 14 549
107.010000 15 621
107.010000 16 550
107.010000 17 393
107.010000 18 549
107.010000 19 622
107.010000 20 623
107.010000 21 623
107.010000 22 623
108.010000 0 588
108.010000 1 671
108.010000 2 668
108.010000 3 509
108.010000 4 671
108.010000 5 670
108.010000 6 671
108.010000 7 511
108.010000 8 671
108.010000 9 671
108.010000 10 506
108.010000 11 671
108.010000 12 670
108.010000 13 672
108.010000 14 591
108.010000 15 669
108.010000 16 586
108.010000 17 430
108.010000 18 592
108.010000 19 670
108.010000 20 671
108.010000 21 671
108.010000 22 671
109.010000 0 573
109.010000 1 656
109.010000 2 653
109.010000 3 497
109.010000 4 656
109.010000 5 655
109.010000 6 656
109.010000 7 499
109.010000 8 656
109.010000 9 656
109.010000 10 499
109.010000 11 656
109.010000 12 655
109.010000 13 656
109.010000 14 576
109.010000 15 654
109.010000 16 576
109.010000 17 416
109.010000 18 574
109.010000 19 655
109.010000 20 656
109.010000 21 655
109.010000 22 655
110.010000 0 566
110.010000 1 642
110.010000 2 639
110.010000 3 489
110.010000 4 641
110.010000 5 641
110.010000 6 642
110.010000 7 484
110.010000 8 641
110.010000 9 642
110.010000 10 485
110.010000 11 642
110.010000 12 641
110.010000 13 642
110.010000 14 566
110.010000 15 640
110.010000 16 565
110.010000 17 413
110.010000 18 567
110.010000 19 641
110.010000 20 642
110.010000 21 642
110.010000 22 642
111.010000 0 583
111.010000 1 661
111.010000 2 655
111.010000 3 510
111.010000 4 662
111.010000 5 658
111.010000 6 661
111.010000 7 504
111.010000 8 662
111.010000 9 661
111.010000 10 492
111.010000 11 661
111.010000 12 659
111.010000 13 661
111.010000 14 585
111.010000 15 656
111.010000 16 573
111.010000 17 434
111.010000 18 585
111.010000 19 658
111.010000 20 661
111.010000 21 662
111.010000 22 662
112.010000 0 556
112.010000 1 641
112.010000 2 638
112.010000 3 479
112.010000 4 641
112.010000 5 641
112.010000 6 641
112.010000 7 486
112.010000 8 641
112.010000 9 641
112.010000 10 490
112.010000 11 641
112.010000 12 639
112.010000 13 641
112.010000 14 558
112.010000 15 640
112.010000 16 570
112.010000 17 396
112.010000 18 558
112.010000 19 641
112.010000 20 641
112.010000 21 641
112.010000 22 641
113.010000 0 594
113.010000 1 686
113.010000 2 686
113.010000 3 517
113.010000 4 686
113.010000 5 686
113.010000 6 686
113.010000 7 522
113.010000 8 686
113.010000 9 686
113.010000 10 522
113.010000 11 685
113.010000 12 687
113.010000 13 686
113.010000 14 596
113.010000 15 686
113.010000 16 605
113.010000 17 427
113.010000 18 596
113.010000 19 686
113.010000 20 686
113.010000 21 686
113.010000 22 686
114.010000 0 572
114.010000 1 664
114.010000 2 659
114.010000 3 497
114.010000 4 665
114.010000 5 663
114.010000 6 665
114.010000 7 508
114.010000 8 665
114.010000 9 665
114.010000 10 515
114.010000 11 666
114.010000 12 663
114.010000 13 665
114.010000 14 574
114.010000 15 661
114.010000 16 589
114.010000 17 407
114.010000 18 575
114.010000 19 662
114.010000 20 664
114.010000 21 665
114.010000 22 665
115.010000 0 530
115.010000 1 610
115.010000 2 605
115.010000 3 454
115.010000 4 609
115.010000 5 608
115.010000 6 609
115.010000 7 460
115.010000 8 609
115.010000 9 609
115.010000 10 468
115.010000 11 609
115.010000 12 607
115.010000 13 609
115.010000 14 534
115.010000 15 607
115.010000 16 541
115.010000 17 378
115.010000 18 532
115.010000 19 608
115.010000 20 610
115.010000 21 609
115.010000 22 609
116.010000 0 556
116.010000 1 632
116.010000 2 633
116.010000 3 484
116.010000 4 632
116.010000 5 632
116.010000 6 632
116.010000 7 483
116.010000 8 632
116.010000 9 632
116.010000 10 472
116.010000 11 632
116.010000 12 633
116.010000 13 632
116.010000 14 557
116.010000 15 632
116.010000 16 547
116.010000 17 409
116.010000 18 558
116.010000 19 633
116.010000 20 632
116.010000 21 632
116.010000 22 632
117.010000 0 591
117.010000 1 684
117.010000 2 681
117.010000 3 516
117.010000 4 684
117.010000 5 683
117.010000 6 684
117.010000 7 517
117.010000 8 684
117.010000 9 684
117.010000 10 522
117.010000 11 683
117.010000 12 683
117.010000 13 684
117.010000 14 592
117.010000 15 682
117.010000 16 610
117.010000 17 424
117.010000 18 592
117.010000 19 683
117.010000 20 684
117.010000 21 684
117.010000 22 684
118.010000 0 593
118.010000 1 671
118.010000 2 668
118.010000 3 512
118.010000 4 671
118.010000 5 670
118.010000 6 671
118.010000 7 507
118.010000 8 671
118.010000 9 671
118.010000 10 505
118.010000 11 672
118.010000 12 670
118.010000 13 671
118.010000 14 595
118.010000 15 669
118.010000 16 584
118.010000 17 436
118.010000 18 595
118.010000 19 670
118.010000 20 671
118.010000 21 671
118.010000 22 671
119.010000 0 551
119.010000 1 638
119.010000 2 635
119.010000 3 484
119.010000 4 638
119.010000 5 637
119.010000 6 638
119.010000 7 491
119.010000 8 638
119.010000 9 638
119.010000 10 485
119.010000 11 638
119.010000 12 637
119.010000 13 638
119.010000 14 553
119.010000 15 636
119.010000 16 559
119.010000 17 400
119.010000 18 554
119.010000 19 637
119.010000 20 638
119.010000 21 638
119.010000 22 638
120.010000 0 582
120.010000 1 670
120.010000 2 667
120.010000 3 507
120.010000 4 670
120.010000 5 669
120.010000 6 670
120.010000 7 508
120.010000 8 670
120.010000 9 670
120.010000 10 508
120.010000 11 670
120.010000 12 669
120.010000 13 670
120.010000 14 586
120.010000 15 668
120.010000 16 592
120.010000 17 423
120.010000 18 585
120.010000 19 669
120.010000 20 670
120.010000 21 670
120.010000 22 670
121.010000 0 547
121.010000 1 619
121.010000 2 616
121.010000 3 470
121.010000 4 619
121.010000 5 618
121.010000 6 619
121.010000 7 466
121.010000 8 619
121.010000 9 619
121.010000 10 468
121.010000 11 619
121.010000 12 618
121.010000 13 619
121.010000 14 547
121.010000 15 617
121.010000 16 544
121.010000 17 397
121.010000 18 547
121.010000 19 618
121.010000 20 619
121.010000 21 619
121.010000 22 619
122.010000 0 535
122.010000 1 621
122.010000 2 618
122.010000 3 465
122.010000 4 621
122.010000 5 620
122.010000 6 621
122.010000 7 475
122.010000 8 621
122.010000 9 621
122.010000 10 476
122.010000 11 621
122.010000 12 620
122.010000 13 621
122.010000 14 538
122.010000 15 619
122.010000 16 550
122.010000 17 382
122.010000 18 538
122.010000 19 620
122.010000 20 621
122.010000 21 621
122.010000 22 621
123.010000 0 581
123.010000 1 660
123.010000 2 657
123.010000 3 501
123.010000 4 660
123.010000 5 659
123.010000 6 660
123.010000 7 500
123.010000 8 660
123.010000 9 660
123.010000 10 501
123.010000 11 659
123.010000 12 659
123.010000 13 660
123.010000 14 582
123.010000 15 658
123.010000 16 577
123.010000 17 423
123.010000 18 582
123.010000 19 659
123.010000 20 660
123.010000 21 660
123.010000 22 660
124.010000 0 541
124.010000 1 630
124.010000 2 627
124.010000 3 477
124.010000 4 630
124.010000 5 629
124.010000 6 630
124.010000 7 484
124.010000 8 630
124.010000 9 630
124.010000 10 481
124.010000 11 631
124.010000 12 629
124.010000 13 630
124.010000 14 545
124.010000 15 628
124.010000 16 553
124.010000 17 393
124.010000 18 545
124.010000 19 629
124.010000 20 630
124.010000 21 630
124.010000 22 630
125.010000 0 606
125.010000 1 696
125.010000 2 693
125.010000 3 525
125.010000 4 696
125.010000 5 695
125.010000 6 696
125.010000 7 530
125.010000 8 696
125.010000 9 696
125.010000 10 529
125.010000 11 696
125.010000 12 695
125.010000 13 695
125.010000 14 608
125.010000 15 694
125.010000 16 613
125.010000 17 437
125.010000 18 608
125.010000 19 695
125.010000 20 696
125.010000 21 696
125.010000 22 696
126.010000 0 555
126.010000 1 636
126.010000 2 630
126.010000 3 477
126.010000 4 636
126.010000 5 635
126.010000 6 636
126.010000 7 483
126.010000 8 636
126.010000 9 636
126.010000 10 487
126.010000 11 636
126.010000 12 633
126.010000 13 636
126.010000 14 556
126.010000 15 633
126.010000 16 563
126.010000 17 396
126.010000 18 556
126.010000 19 633
126.010000 20 636
126.010000 21 636
126.010000 22 636
127.010000 0 587
127.010000 1 670
127.010000 2 669
127.010000 3 507
127.010000 4 670
127.010000 5 669
127.010000 6 670
127.010000 7 507
127.010000 8 670
127.010000 9 670
127.010000 10 506
127.010000 11 669
127.010000 12 671
127.010000 13 671
127.010000 14 589
127.010000 15 669
127.010000 16 589
127.010000 17 426
127.010000 18 589
127.010000 19 670
127.010000 20 670
127.010000 21 670
127.010000 22 670
128.010000 0 542
128.010000 1 625
128.010000 2 623
128.010000 3 476
128.010000 4 625
128.010000 5 624
128.010000 6 625
128.010000 7 478
128.010000 8 624
128.010000 9 625
128.010000 10 475
128.010000 11 626
128.010000 12 624
128.010000 13 625
128.010000 14 543
128.010000 15 623
128.010000 16 548
128.010000 17 395
128.010000 18 544
128.010000 19 625
128.010000 20 625
128.010000 21 625
128.010000 22 624
129.010000 0 579
129.010000 1 654
129.010000 2 651
129.010000 3 498
129.010000 4 654
129.010000 5 653
129.010000 6 654
129.010000 7 487
129.010000 8 655
129.010000 9 654
129.010000 10 493
129.010000 11 654
129.010000 12 653
129.010000 13 654
129.010000 14 583
129.010000 15 652
129.010000 16 574
129.010000 17 427
129.010000 18 582
129.010000 19 653
129.010000 20 654
129.010000 21 654
129.010000 22 655
130.010000 0 533
130.010000 1 613
130.010000 2 609
130.010000 3 462
130.010000 4 613
130.010000 5 612
130.010000 6 613
130.010000 7 476
130.010000 8 613
130.010000 9 613
130.010000 10 467
130.010000 11 613
130.010000 12 612
130.010000 13 612
130.010000 14 534
130.010000 15 611
130.010000 16 534
130.010000 17 382
130.010000 18 534
130.010000 19 611
130.010000 20 613
130.010000 21 613
130.010000 22 613
131.010000 0 566
131.010000 1 644
131.010000 2 638
131.010000 3 491
131.010000 4 644
131.010000 5 641
131.010000 6 644
131.010000 7 486
131.010000 8 644
131.010000 9 644
131.010000 10 487
131.010000 11 644
131.010000 12 641
131.010000 13 645
131.010000 14 567
131.010000 15 639
131.010000 16 568
131.010000 17 414
131.010000 18 567
131.010000 19 642
131.010000 20 644
131.010000 21 644
131.010000 22 644
132.010000 0 567
132.010000 1 644
132.010000 2 645
132.010000 3 493
132.010000 4 644
132.010000 5 645
132.010000 6 644
132.010000 7 485
132.010000 8 644
132.010000 9 644
132.010000 10 482
132.010000 11 644
132.010000 12 645
132.010000 13 643
132.010000 14 569
132.010000 15 645
132.010000 16 563
132.010000 17 418
132.010000 18 569
132.010000 19 645
132.010000 20 644
132.010000 21 644
132.010000 22 644
133.010000 0 629
133.010000 1 727
133.010000 2 725
133.010000 3 545
133.010000 4 728
133.010000 5 727
133.010000 6 728
133.010000 7 560
133.010000 8 728
133.010000 9 727
133.010000 10 559
133.010000 11 728
133.010000 12 727
133.010000 13 728
133.010000 14 631
133.010000 15 726
133.010000 16 640
133.010000 17 448
133.010000 18 631
133.010000 19 727
133.010000 20 728
133.010000 21 728
133.010000 22 727
134.010000 0 561
134.010000 1 643
134.010000 2 639
134.010000 3 484
134.010000 4 642
134.010000 5 641
134.010000 6 642
134.010000 7 481
134.010000 8 642
134.010000 9 643
134.010000 10 487
134.010000 11 642
134.010000 12 641
134.010000 13 643
134.010000 14 565
134.010000 15 640
134.010000 16 568
134.010000 17 408
134.010000 18 565
134.010000 19 641
134.010000 20 642
134.010000 21 642
134.010000 22 643
135.010000 0 570
135.010000 1 638
135.010000 2 632
135.010000 3 492
135.010000 4 638
135.010000 5 636
135.010000 6 638
135.010000 7 482
135.010000 8 638
135.010000 9 638
135.010000 10 477
135.010000 11 638
135.010000 12 636
135.010000 13 638
135.010000 14 570
135.010000 15 634
135.010000 16 554
135.010000 17 423
135.010000 18 570
135.010000 19 635
135.010000 20 638
135.010000 21 637
135.010000 22 638
136.010000 0 558
136.010000 1 659
136.010000 2 659
136.010000 3 490
136.010000 4 659
136.010000 5 659
136.010000 6 659
136.010000 7 505
136.010000 8 659
136.010000 9 659
136.010000 10 508
136.010000 11 659
136.010000 12 659
136.010000 13 659
136.010000 14 562
136.010000 15 659
136.010000 16 588
136.010000 17 394
136.010000 18 562
136.010000 19 660
136.010000 20 659
136.010000 21 660
136.010000 22 659
137.010000 0 545
137.010000 1 616
137.010000 2 613
137.010000 3 469
137.010000 4 616
137.010000 5 615
137.010000 6 616
137.010000 7 470
137.010000 8 615
137.010000 9 616
137.010000 10 466
137.010000 11 616
137.010000 12 615
137.010000 13 616
137.010000 14 545
137.010000 15 614
137.010000 16 535
137.010000 17 397
137.010000 18 545
137.010000 19 615
137.010000 20 616
137.010000 21 616
137.010000 22 615
138.010000 0 567
138.010000 1 654
138.010000 2 651
138.010000 3 490
138.010000 4 654
138.010000 5 653
138.010000 6 654
138.010000 7 491
138.010000 8 655
138.010000 9 653
138.010000 10 500
138.010000 11 654
138.010000 12 653
138.010000 13 654
138.010000 14 570
138.010000 15 652
138.010000 16 584
138.010000 17 406
138.010000 18 570
138.010000 19 653
138.010000 20 654
138.010000 21 654
138.010000 22 655
139.010000 0 589
139.010000 1 672
139.010000 2 669
139.010000 3 515
139.010000 4 672
139.010000 5 671
139.010000 6 672
139.010000 7 513
139.010000 8 672
139.010000 9 673
139.010000 10 505
139.010000 11 672
139.010000 12 671
139.010000 13 672
139.010000 14 592
139.010000 15 670
139.010000 16 583
139.010000 17 436
139.010000 18 592
139.010000 19 671
139.010000 20 672
139.010000 21 672
139.010000 22 672
140.010000 0 572
140.010000 1 651
140.010000 2 648
140.010000 3 494
140.010000 4 651
140.010000 5 650
140.010000 6 651
140.010000 7 495
140.010000 8 650
140.010000 9 651
140.010000 10 494
140.010000 11 651
140.010000 12 650
140.010000 13 651
140.010000 14 572
140.010000 15 649
140.010000 16 569
140.010000 17 414
140.010000 18 572
140.010000 19 650
140.010000 20 651
140.010000 21 651
140.010000 22 651
141.010000 0 604
141.010000 1 697
141.010000 2 692
141.010000 3 526
141.010000 4 697
141.010000 5 695
141.010000 6 697
141.010000 7 528
141.010000 8 698
141.010000 9 697
141.010000 10 531
141.010000 11 697
141.010000 12 695
141.010000 13 697
141.010000 14 608
141.010000 15 693
141.010000 16 617
141.010000 17 438
141.010000 18 608
141.010000 19 695
141.010000 20 697
141.010000 21 697
141.010000 22 697
142.010000 0 558
142.010000 1 640
142.010000 2 639
142.010000 3 485
142.010000 4 640
142.010000 5 640
142.010000 6 639
142.010000 7 487
142.010000 8 640
142.010000 9 640
142.010000 10 483
142.010000 11 640
142.010000 12 640
142.010000 13 640
142.010000 14 559
142.010000 15 640
142.010000 16 564
142.010000 17 403
142.010000 18 559
142.010000 19 640
142.010000 20 640
142.010000 21 640
142.010000 22 640
143.010000 0 564
143.010000 1 640
143.010000 2 634
143.010000 3 487
143.010000 4 640
143.010000 5 637
143.010000 6 641
143.010000 7 484
143.010000 8 640
143.010000 9 640
143.010000 10 485
143.010000 11 640
143.010000 12 637
143.010000 13 640
143.010000 14 565
143.010000 15 635
143.010000 16 562
143.010000 17 412
143.010000 18 565
143.010000 19 638
143.010000 20 640
143.010000 21 640
143.010000 22 640
144.010000 0 560
144.010000 1 641
144.010000 2 640
144.010000 3 487
144.010000 4 642
144.010000 5 643
144.010000 6 642
144.010000 7 488
144.010000 8 642
144.010000 9 642
144.010000 10 487
144.010000 11 642
144.010000 12 642
144.010000 13 642
144.010000 14 563
144.010000 15 643
144.010000 16 564
144.010000 17 408
144.010000 18 562
144.010000 19 641
144.010000 20 642
144.010000 21 641
144.010000 22 642
145.010000 0 561
145.010000 1 638
145.010000 2 636
145.010000 3 486
145.010000 4 637
145.010000 5 637
145.010000 6 638
145.010000 7 488
145.010000 8 637
145.010000 9 638
145.010000 10 480
145.010000 11 638
145.010000 12 637
145.010000 13 638
145.010000 14 562
145.010000 15 635
145.010000 16 555
145.010000 17 410
145.010000 18 563
145.010000 19 637
145.010000 20 638
145.010000 21 639
145.010000 22 638
146.010000 0 590
146.010000 1 684
146.010000 2 681
146.010000 3 511
146.010000 4 684
146.010000 5 682
146.010000 6 683
146.010000 7 514
146.010000 8 684
146.010000 9 683
146.010000 10 524
146.010000 11 683
146.010000 12 683
146.010000 13 683
146.010000 14 594
146.010000 15 682
146.010000 16 607
146.010000 17 423
146.010000 18 594
146.010000 19 683
146.010000 20 682
146.010000 21 683
146.010000 22 683
147.010000 0 565
147.010000 1 639
147.010000 2 636
147.010000 3 490
147.010000 4 639
147.010000 5 638
147.010000 6 639
147.010000 7 485
147.010000 8 639
147.010000 9 639
147.010000 10 478
147.010000 11 639
147.010000 12 638
147.010000 13 639
147.010000 14 567
147.010000 15 637
147.010000 16 555
147.010000 17 418
147.010000 18 567
147.010000 19 638
147.010000 20 640
147.010000 21 639
147.010000 22 639
148.010000 0 540
148.010000 1 624
148.010000 2 621
148.010000 3 464
148.010000 4 624
148.010000 5 623
148.010000 6 624
148.010000 7 470
148.010000 8 624
148.010000 9 624
148.010000 10 483
148.010000 11 623
148.010000 12 623
148.010000 13 624
148.010000 14 541
148.010000 15 622
148.010000 16 559
148.010000 17 380
148.010000 18 540
148.010000 19 623
148.010000 20 624
148.010000 21 624
148.010000 22 624
149.010000 0 593
149.010000 1 676
149.010000 2 673
149.010000 3 517
149.010000 4 677
149.010000 5 674
149.010000 6 677
149.010000 7 515
149.010000 8 677
149.010000 9 677
149.010000 10 508
149.010000 11 678
149.010000 12 676
149.010000 13 677
149.010000 14 595
149.010000 15 673
149.010000 16 594
149.010000 17 435
149.010000 18 596
149.010000 19 676
149.010000 20 677
149.010000 21 677
149.010000 22 677
