0.010000 0 5
0.010000 1 5
0.010000 2 4
0.010000 3 5
0.010000 4 4
0.010000 5 3
0.010000 6 5
0.010000 7 5
0.010000 8 5
0.010000 9 5
0.010000 10 5
0.010000 11 4
0.010000 12 5
0.010000 13 5
0.010000 14 5
0.010000 15 3
0.010000 16 5
0.010000 17 5
0.010000 18 5
0.010000 19 5
0.010000 20 5
0.010000 21 5
0.010000 22 4
0.010000 23 5
0.010000 24 5
0.010000 25 5
1.010000 0 23
1.010000 1 26
1.010000 2 20
1.010000 3 25
1.010000 4 27
1.010000 5 25
1.010000 6 26
1.010000 7 26
1.010000 8 26
1.010000 9 25
1.010000 10 26
1.010000 11 27
1.010000 12 23
1.010000 13 26
1.010000 14 25
1.010000 15 23
1.010000 16 26
1.010000 17 24
1.010000 18 25
1.010000 19 23
1.010000 20 26
1.010000 21 26
1.010000 22 27
1.010000 23 26
1.010000 24 26
1.010000 25 26
2.010000 0 24
2.010000 1 28
2.010000 2 25
2.010000 3 27
2.010000 4 28
2.010000 5 27
2.010000 6 27
2.010000 7 28
2.010000 8 28
2.010000 9 29
2.010000 10 27
2.010000 11 27
2.010000 12 27
2.010000 13 28
2.010000 14 26
2.010000 15 26
2.010000 16 28
2.010000 17 26
2.010000 18 27
2.010000 19 27
2.010000 20 28
2.010000 21 28
2.010000 22 28
2.010000 23 28
2.010000 24 28
2.010000 25 28
3.010000 0 20
3.010000 1 21
3.010000 2 22
3.010000 3 21
3.010000 4 21
3.010000 5 21
3.010000 6 23
3.010000 7 22
3.010000 8 22
3.010000 9 22
3.010000 10 23
3.010000 11 23
3.010000 12 23
3.010000 13 22
3.010000 14 22
3.010000 15 21
3.010000 16 21
3.010000 17 20
3.010000 18 21
3.010000 19 23
3.010000 20 22
3.010000 21 22
3.010000 22 22
3.010000 23 22
3.010000 24 22
3.010000 25 21
4.010000 0 18
4.010000 1 26
4.010000 2 23
4.010000 3 22
4.010000 4 26
4.010000 5 26
4.010000 6 25
4.010000 7 25
4.010000 8 25
4.010000 9 25
4.010000 10 25
4.010000 11 25
4.010000 12 24
4.010000 13 25
4.010000 14 22
4.010000 15 25
4.010000 16 25
4.010000 17 20
4.010000 18 22
4.010000 19 24
4.010000 20 25
4.010000 21 25
4.010000 22 25
4.010000 23 25
4.010000 24 25
4.010000 25 26
5.010000 0 24
5.010000 1 24
5.010000 2 21
5.010000 3 23
5.010000 4 24
5.010000 5 23
5.010000 6 23
5.010000 7 23
5.010000 8 24
5.010000 9 24
5.010000 10 24
5.010000 11 24
5.010000 12 23
5.010000 13 24
5.010000 14 25
5.010000 15 22
5.010000 16 25
5.010000 17 23
5.010000 18 25
5.010000 19 23
5.010000 20 23
5.010000 21 24
5.010000 22 24
5.010000 23 24
5.010000 24 24
5.010000 25 24
6.010000 0 24
6.010000 1 25
6.010000 2 23
6.010000 3 27
6.010000 4 26
6.010000 5 25
6.010000 6 27
6.010000 7 27
6.010000 8 25
6.010000 9 26
6.010000 10 25
6.010000 11 26
6.010000 12 25
6.010000 13 26
6.010000 14 25
6.010000 15 24
6.010000 16 26
6.010000 17 26
6.010000 18 25
6.010000 19 25
6.010000 20 27
6.010000 21 26
6.010000 22 26
6.010000 23 25
6.010000 24 25
6.010000 25 25
7.010000 0 19
7.010000 1 25
7.010000 2 22
7.010000 3 22
7.010000 4 25
7.010000 5 24
7.010000 6 25
7.010000 7 25
7.010000 8 26
7.010000 9 25
7.010000 10 26
7.010000 11 25
7.010000 12 24
7.010000 13 25
7.010000 14 22
7.010000 15 23
7.010000 16 25
7.010000 17 20
7.010000 18 23
7.010000 19 24
7.010000 20 25
7.010000 21 25
7.010000 22 25
7.010000 23 26
7.010000 24 26
7.010000 25 25
8.010000 0 23
8.010000 1 25
8.010000 2 21
8.010000 3 25
8.010000 4 23
8.010000 5 23
8.010000 6 23
8.010000 7 24
8.010000 8 24
8.010000 9 24
8.010000 10 24
8.010000 11 23
8.010000 12 23
8.010000 13 24
8.010000 14 24
8.010000 15 22
8.010000 16 24
8.010000 17 25
8.010000 18 24
8.010000 19 23
8.010000 20 24
8.010000 21 24
8.010000 22 24
8.010000 23 24
8.010000 24 24
8.010000 25 24
9.010000 0 23
9.010000 1 25
9.010000 2 22
9.010000 3 24
9.010000 4 26
9.010000 5 24
9.010000 6 26
9.010000 7 25
9.010000 8 25
9.010000 9 24
9.010000 10 24
9.010000 11 26
9.010000 12 24
9.010000 13 25
9.010000 14 25
9.010000 15 23
9.010000 16 25
9.010000 17 23
9.010000 18 24
9.010000 19 24
9.010000 20 25
9.010000 21 25
9.010000 22 24
9.010000 23 24
9.010000 24 25
9.010000 25 25
10.010000 0 23
10.010000 1 26
10.010000 2 20
10.010000 3 25
10.010000 4 26
10.010000 5 23
10.010000 6 26
10.010000 7 25
10.010000 8 26
10.010000 9 27
10.010000 10 27
10.010000 11 26
10.010000 12 23
10.010000 13 25
10.010000 14 25
10.010000 15 21
10.010000 16 26
10.010000 17 24
10.010000 18 25
10.010000 19 24
10.010000 20 26
10.010000 21 26
10.010000 22 27
10.010000 23 27
10.010000 24 26
10.010000 25 27
11.010000 0 23
11.010000 1 26
11.010000 2 22
11.010000 3 25
11.010000 4 26
11.010000 5 25
11.010000 6 26
11.010000 7 27
11.010000 8 25
11.010000 9 26
11.010000 10 26
11.010000 11 26
11.010000 12 25
11.010000 13 27
11.010000 14 25
11.010000 15 24
11.010000 16 26
11.010000 17 24
11.010000 18 25
11.010000 19 24
11.010000 20 26
11.010000 21 26
11.010000 22 26
11.010000 23 26
11.010000 24 25
11.010000 25 26
12.010000 0 17
12.010000 1 24
12.010000 2 25
12.010000 3 21
12.010000 4 24
12.010000 5 25
12.010000 6 24
12.010000 7 24
12.010000 8 25
12.010000 9 24
12.010000 10 24
12.010000 11 24
12.010000 12 25
12.010000 13 24
12.010000 14 21
12.010000 15 25
12.010000 16 24
12.010000 17 19
12.010000 18 21
12.010000 19 25
12.010000 20 24
12.010000 21 24
12.010000 22 24
12.010000 23 24
12.010000 24 25
12.010000 25 23
13.010000 0 27
13.010000 1 26
13.010000 2 20
13.010000 3 27
13.010000 4 26
13.010000 5 25
13.010000 6 26
13.010000 7 26
13.010000 8 26
13.010000 9 26
13.010000 10 25
13.010000 11 25
13.010000 12 23
13.010000 13 25
13.010000 14 27
13.010000 15 23
13.010000 16 25
13.010000 17 27
13.010000 18 27
13.010000 19 23
13.010000 20 26
13.010000 21 26
13.010000 22 26
13.010000 23 26
13.010000 24 26
13.010000 25 27
14.010000 0 22
14.010000 1 25
14.010000 2 21
14.010000 3 24
14.010000 4 24
14.010000 5 23
14.010000 6 25
14.010000 7 25
14.010000 8 25
14.010000 9 25
14.010000 10 25
14.010000 11 26
14.010000 12 24
14.010000 13 26
14.010000 14 24
14.010000 15 22
14.010000 16 26
14.010000 17 23
14.010000 18 24
14.010000 19 24
14.010000 20 25
14.010000 21 24
14.010000 22 25
14.010000 23 25
14.010000 24 25
14.010000 25 25
15.010000 0 20
15.010000 1 25
15.010000 2 26
15.010000 3 24
15.010000 4 26
15.010000 5 25
15.010000 6 25
15.010000 7 24
15.010000 8 25
15.010000 9 25
15.010000 10 25
15.010000 11 25
15.010000 12 26
15.010000 13 25
15.010000 14 23
15.010000 15 25
15.010000 16 25
15.010000 17 22
15.010000 18 22
15.010000 19 26
15.010000 20 25
15.010000 21 25
15.010000 22 25
15.010000 23 25
15.010000 24 24
15.010000 25 24
16.010000 0 20
16.010000 1 26
16.010000 2 22
16.010000 3 24
16.010000 4 26
16.010000 5 25
16.010000 6 26
16.010000 7 26
16.010000 8 26
16.010000 9 26
16.010000 10 27
16.010000 11 26
16.010000 12 24
16.010000 13 26
16.010000 14 23
16.010000 15 24
16.010000 16 26
16.010000 17 22
16.010000 18 24
16.010000 19 25
16.010000 20 26
16.010000 21 27
16.010000 22 26
16.010000 23 26
16.010000 24 27
16.010000 25 26
17.010000 0 22
17.010000 1 24
17.010000 2 22
17.010000 3 22
17.010000 4 23
17.010000 5 23
17.010000 6 24
17.010000 7 25
17.010000 8 24
17.010000 9 24
17.010000 10 24
17.010000 11 24
17.010000 12 24
17.010000 13 24
17.010000 14 23
17.010000 15 22
17.010000 16 24
17.010000 17 21
17.010000 18 24
17.010000 19 23
17.010000 20 24
17.010000 21 24
17.010000 22 24
17.010000 23 24
17.010000 24 23
17.010000 25 25
18.010000 0 21
18.010000 1 26
18.010000 2 23
18.010000 3 25
18.010000 4 27
18.010000 5 25
18.010000 6 26
18.010000 7 26
18.010000 8 26
18.010000 9 26
18.010000 10 26
18.010000 11 26
18.010000 12 25
18.010000 13 26
18.010000 14 24
18.010000 15 24
18.010000 16 25
18.010000 17 23
18.010000 18 23
18.010000 19 25
18.010000 20 26
18.010000 21 26
18.010000 22 26
18.010000 23 26
18.010000 24 27
18.010000 25 26
19.010000 0 557
19.010000 1 636
19.010000 2 630
19.010000 3 487
19.010000 4 636
19.010000 5 634
19.010000 6 636
19.010000 7 490
19.010000 8 636
19.010000 9 636
19.010000 10 636
19.010000 11 636
19.010000 12 634
19.010000 13 636
19.010000 14 560
19.010000 15 632
19.010000 16 564
19.010000 17 410
19.010000 18 560
19.010000 19 634
19.010000 20 636
19.010000 21 636
19.010000 22 489
19.010000 23 636
19.010000 24 636
19.010000 25 635
20.010000 0 572
20.010000 1 662
20.010000 2 659
20.010000 3 498
20.010000 4 662
20.010000 5 661
20.010000 6 662
20.010000 7 507
20.010000 8 662
20.010000 9 662
20.010000 10 661
20.010000 11 662
20.010000 12 661
20.010000 13 662
20.010000 14 575
20.010000 15 660
20.010000 16 583
20.010000 17 411
20.010000 18 574
20.010000 19 661
20.010000 20 661
20.010000 21 662
20.010000 22 510
20.010000 23 662
20.010000 24 662
20.010000 25 663
21.010000 0 544
21.010000 1 616
21.010000 2 612
21.010000 3 473
21.010000 4 616
21.010000 5 614
21.010000 6 616
21.010000 7 466
21.010000 8 616
21.010000 9 616
21.010000 10 617
21.010000 11 616
21.010000 12 615
21.010000 13 616
21.010000 14 544
21.010000 15 613
21.010000 16 541
21.010000 17 401
21.010000 18 545
21.010000 19 615
21.010000 20 617
21.010000 21 615
21.010000 22 463
21.010000 23 615
21.010000 24 616
21.010000 25 616
22.010000 0 563
22.010000 1 645
22.010000 2 643
22.010000 3 488
22.010000 4 645
22.010000 5 645
22.010000 6 645
22.010000 7 486
22.010000 8 645
22.010000 9 645
22.010000 10 645
22.010000 11 645
22.010000 12 644
22.010000 13 645
22.010000 14 565
22.010000 15 644
22.010000 16 571
22.010000 17 408
22.010000 18 565
22.010000 19 644
22.010000 20 644
22.010000 21 646
22.010000 22 491
22.010000 23 646
22.010000 24 645
22.010000 25 645
23.010000 0 542
23.010000 1 632
23.010000 2 627
23.010000 3 478
23.010000 4 632
23.010000 5 631
23.010000 6 631
23.010000 7 492
23.010000 8 632
23.010000 9 632
23.010000 10 632
23.010000 11 632
23.010000 12 629
23.010000 13 632
23.010000 14 546
23.010000 15 629
23.010000 16 554
23.010000 17 392
23.010000 18 545
23.010000 19 630
23.010000 20 633
23.010000 21 632
23.010000 22 484
23.010000 23 632
23.010000 24 632
23.010000 25 632
24.010000 0 595
24.010000 1 673
24.010000 2 672
24.010000 3 512
24.010000 4 673
24.010000 5 672
24.010000 6 674
24.010000 7 503
24.010000 8 673
24.010000 9 673
24.010000 10 673
24.010000 11 673
24.010000 12 674
24.010000 13 672
24.010000 14 595
24.010000 15 672
24.010000 16 595
24.010000 17 434
24.010000 18 596
24.010000 19 673
24.010000 20 673
24.010000 21 673
24.010000 22 508
24.010000 23 672
24.010000 24 673
24.010000 25 673
25.010000 0 550
25.010000 1 621
25.010000 2 618
25.010000 3 476
25.010000 4 621
25.010000 5 620
25.010000 6 621
25.010000 7 465
25.010000 8 620
25.010000 9 621
25.010000 10 621
25.010000 11 621
25.010000 12 620
25.010000 13 622
25.010000 14 552
25.010000 15 619
25.010000 16 545
25.010000 17 407
25.010000 18 552
25.010000 19 620
25.010000 20 621
25.010000 21 621
25.010000 22 468
25.010000 23 622
25.010000 24 621
25.010000 25 621
26.010000 0 578
26.010000 1 668
26.010000 2 665
26.010000 3 497
26.010000 4 668
26.010000 5 667
26.010000 6 668
26.010000 7 510
26.010000 8 669
26.010000 9 668
26.010000 10 668
26.010000 11 668
26.010000 12 667
26.010000 13 668
26.010000 14 580
26.010000 15 666
26.010000 16 592
26.010000 17 409
26.010000 18 580
26.010000 19 667
26.010000 20 668
26.010000 21 668
26.010000 22 516
26.010000 23 667
26.010000 24 668
26.010000 25 668
27.010000 0 523
27.010000 1 607
27.010000 2 604
27.010000 3 455
27.010000 4 607
27.010000 5 606
27.010000 6 607
27.010000 7 467
27.010000 8 607
27.010000 9 607
27.010000 10 607
27.010000 11 607
27.010000 12 606
27.010000 13 607
27.010000 14 527
27.010000 15 605
27.010000 16 537
27.010000 17 375
27.010000 18 526
27.010000 19 606
27.010000 20 606
27.010000 21 606
27.010000 22 467
27.010000 23 608
27.010000 24 607
27.010000 25 607
28.010000 0 574
28.010000 1 642
28.010000 2 639
28.010000 3 499
28.010000 4 642
28.010000 5 641
28.010000 6 642
28.010000 7 486
28.010000 8 642
28.010000 9 641
28.010000 10 642
28.010000 11 642
28.010000 12 641
28.010000 13 642
28.010000 14 575
28.010000 15 640
28.010000 16 556
28.010000 17 432
28.010000 18 576
28.010000 19 641
28.010000 20 643
28.010000 21 643
28.010000 22 473
28.010000 23 642
28.010000 24 642
28.010000 25 642
29.010000 0 566
29.010000 1 659
29.010000 2 656
29.010000 3 483
29.010000 4 659
29.010000 5 658
29.010000 6 659
29.010000 7 495
29.010000 8 659
29.010000 9 660
29.010000 10 659
29.010000 11 659
29.010000 12 658
29.010000 13 659
29.010000 14 569
29.010000 15 657
29.010000 16 593
29.010000 17 394
29.010000 18 569
29.010000 19 658
29.010000 20 659
29.010000 21 659
29.010000 22 519
29.010000 23 659
29.010000 24 659
29.010000 25 659
30.010000 0 561
30.010000 1 634
30.010000 2 631
30.010000 3 484
30.010000 4 634
30.010000 5 633
30.010000 6 634
30.010000 7 477
30.010000 8 634
30.010000 9 634
30.010000 10 633
30.010000 11 633
30.010000 12 633
30.010000 13 634
30.010000 14 561
30.010000 15 632
30.010000 16 560
30.010000 17 410
30.010000 18 561
30.010000 19 633
30.010000 20 634
30.010000 21 634
30.010000 22 479
30.010000 23 633
30.010000 24 634
30.010000 25 634
31.010000 0 547
31.010000 1 636
31.010000 2 633
31.010000 3 483
31.010000 4 635
31.010000 5 635
31.010000 6 636
31.010000 7 498
31.010000 8 636
31.010000 9 636
31.010000 10 637
31.010000 11 637
31.010000 12 635
31.010000 13 636
31.010000 14 551
31.010000 15 634
31.010000 16 551
31.010000 17 399
31.010000 18 551
31.010000 19 635
31.010000 20 636
31.010000 21 636
31.010000 22 483
31.010000 23 637
31.010000 24 636
31.010000 25 636
32.010000 0 592
32.010000 1 667
32.010000 2 664
32.010000 3 509
32.010000 4 667
32.010000 5 666
32.010000 6 667
32.010000 7 497
32.010000 8 667
32.010000 9 667
32.010000 10 667
32.010000 11 667
32.010000 12 666
32.010000 13 667
32.010000 14 593
32.010000 15 665
32.010000 16 589
32.010000 17 434
32.010000 18 593
32.010000 19 666
32.010000 20 666
32.010000 21 667
32.010000 22 503
32.010000 23 667
32.010000 24 667
32.010000 25 667
33.010000 0 546
33.010000 1 629
33.010000 2 626
33.010000 3 479
33.010000 4 629
33.010000 5 628
33.010000 6 629
33.010000 7 478
33.010000 8 629
33.010000 9 629
33.010000 10 629
33.010000 11 629
33.010000 12 628
33.010000 13 629
33.010000 14 549
33.010000 15 627
33.010000 16 557
33.010000 17 399
33.010000 18 548
33.010000 19 628
33.010000 20 630
33.010000 21 629
33.010000 22 478
33.010000 23 629
33.010000 24 628
33.010000 25 628
34.010000 0 616
34.010000 1 698
34.010000 2 692
34.010000 3 531
34.010000 4 698
34.010000 5 695
34.010000 6 698
34.010000 7 526
34.010000 8 698
34.010000 9 698
34.010000 10 698
34.010000 11 698
34.010000 12 696
34.010000 13 697
34.010000 14 616
34.010000 15 693
34.010000 16 614
34.010000 17 449
34.010000 18 617
34.010000 19 695
34.010000 20 698
34.010000 21 698
34.010000 22 530
34.010000 23 698
34.010000 24 699
34.010000 25 699
35.010000 0 581
35.010000 1 671
35.010000 2 671
35.010000 3 508
35.010000 4 671
35.010000 5 672
35.010000 6 671
35.010000 7 517
35.010000 8 671
35.010000 9 671
35.010000 10 671
35.010000 11 671
35.010000 12 671
35.010000 13 672
35.010000 14 584
35.010000 15 672
35.010000 16 587
35.010000 17 421
35.010000 18 584
35.010000 19 672
35.010000 20 671
35.010000 21 670
35.010000 22 508
35.010000 23 670
35.010000 24 671
35.010000 25 671
36.010000 0 551
36.010000 1 632
36.010000 2 629
36.010000 3 475
36.010000 4 632
36.010000 5 631
36.010000 6 632
36.010000 7 477
36.010000 8 632
36.010000 9 632
36.010000 10 632
36.010000 11 632
36.010000 12 631
36.010000 13 631
36.010000 14 552
36.010000 15 630
36.010000 16 561
36.010000 17 396
36.010000 18 553
36.010000 19 631
36.010000 20 632
36.010000 21 632
36.010000 22 486
36.010000 23 633
36.010000 24 632
36.010000 25 632
37.010000 0 561
37.010000 1 650
37.010000 2 647
37.010000 3 496
37.010000 4 650
37.010000 5 649
37.010000 6 650
37.010000 7 503
37.010000 8 650
37.010000 9 650
37.010000 10 650
37.010000 11 650
37.010000 12 649
37.010000 13 651
37.010000 14 565
37.010000 15 648
37.010000 16 566
37.010000 17 411
37.010000 18 564
37.010000 19 649
37.010000 20 650
37.010000 21 651
37.010000 22 492
37.010000 23 650
37.010000 24 650
37.010000 25 650
38.010000 0 543
38.010000 1 627
38.010000 2 624
38.010000 3 468
38.010000 4 627
38.010000 5 626
38.010000 6 627
38.010000 7 482
38.010000 8 627
38.010000 9 627
38.010000 10 627
38.010000 11 627
38.010000 12 626
38.010000 13 627
38.010000 14 543
38.010000 15 625
38.010000 16 555
38.010000 17 383
38.010000 18 543
38.010000 19 626
38.010000 20 626
38.010000 21 627
38.010000 22 483
38.010000 23 627
38.010000 24 627
38.010000 25 627
39.010000 0 593
39.010000 1 672
39.010000 2 669
39.010000 3 510
39.010000 4 672
39.010000 5 671
39.010000 6 672
39.010000 7 502
39.010000 8 672
39.010000 9 672
39.010000 10 672
39.010000 11 672
39.010000 12 671
39.010000 13 672
39.010000 14 597
39.010000 15 670
39.010000 16 592
39.010000 17 436
39.010000 18 597
39.010000 19 671
39.010000 20 673
39.010000 21 672
39.010000 22 510
39.010000 23 672
39.010000 24 672
39.010000 25 672
40.010000 0 601
40.010000 1 669
40.010000 2 663
40.010000 3 517
40.010000 4 669
40.010000 5 667
40.010000 6 669
40.010000 7 501
40.010000 8 669
40.010000 9 669
40.010000 10 669
40.010000 11 669
40.010000 12 666
40.010000 13 669
40.010000 14 602
40.010000 15 665
40.010000 16 583
40.010000 17 449
40.010000 18 602
40.010000 19 667
40.010000 20 669
40.010000 21 669
40.010000 22 498
40.010000 23 669
40.010000 24 669
40.010000 25 669
41.010000 0 554
41.010000 1 654
41.010000 2 654
41.010000 3 483
41.010000 4 654
41.010000 5 654
41.010000 6 654
41.010000 7 504
41.010000 8 654
41.010000 9 654
41.010000 10 653
41.010000 11 654
41.010000 12 655
41.010000 13 654
41.010000 14 556
41.010000 15 654
41.010000 16 584
41.010000 17 385
41.010000 18 556
41.010000 19 654
41.010000 20 653
41.010000 21 654
41.010000 22 511
41.010000 23 654
41.010000 24 654
41.010000 25 654
42.010000 0 557
42.010000 1 639
42.010000 2 636
42.010000 3 482
42.010000 4 639
42.010000 5 638
42.010000 6 639
42.010000 7 490
42.010000 8 639
42.010000 9 639
42.010000 10 640
42.010000 11 639
42.010000 12 638
42.010000 13 638
42.010000 14 559
42.010000 15 637
42.010000 16 562
42.010000 17 402
42.010000 18 559
42.010000 19 638
42.010000 20 639
42.010000 21 639
42.010000 22 486
42.010000 23 639
42.010000 24 639
42.010000 25 639
43.010000 0 554
43.010000 1 629
43.010000 2 626
43.010000 3 478
43.010000 4 629
43.010000 5 628
43.010000 6 629
43.010000 7 470
43.010000 8 629
43.010000 9 629
43.010000 10 628
43.010000 11 629
43.010000 12 628
43.010000 13 630
43.010000 14 555
43.010000 15 627
43.010000 16 555
43.010000 17 404
43.010000 18 555
43.010000 19 628
43.010000 20 630
43.010000 21 629
43.010000 22 480
43.010000 23 629
43.010000 24 629
43.010000 25 629
44.010000 0 579
44.010000 1 662
44.010000 2 659
44.010000 3 503
44.010000 4 662
44.010000 5 661
44.010000 6 662
44.010000 7 500
44.010000 8 662
44.010000 9 662
44.010000 10 663
44.010000 11 662
44.010000 12 661
44.010000 13 662
44.010000 14 582
44.010000 15 660
44.010000 16 584
44.010000 17 424
44.010000 18 582
44.010000 19 661
44.010000 20 662
44.010000 21 662
44.010000 22 502
44.010000 23 662
44.010000 24 662
44.010000 25 662
45.010000 0 550
45.010000 1 639
45.010000 2 636
45.010000 3 481
45.010000 4 639
45.010000 5 638
45.010000 6 638
45.010000 7 495
45.010000 8 639
45.010000 9 639
45.010000 10 638
45.010000 11 639
45.010000 12 638
45.010000 13 639
45.010000 14 553
45.010000 15 637
45.010000 16 563
45.010000 17 394
45.010000 18 552
45.010000 19 638
45.010000 20 639
45.010000 21 639
45.010000 22 490
45.010000 23 638
45.010000 24 639
45.010000 25 639
46.010000 0 562
46.010000 1 638
46.010000 2 636
46.010000 3 488
46.010000 4 639
46.010000 5 638
46.010000 6 640
46.010000 7 484
46.010000 8 639
46.010000 9 639
46.010000 10 640
46.010000 11 639
46.010000 12 638
46.010000 13 639
46.010000 14 564
46.010000 15 637
46.010000 16 559
46.010000 17 414
46.010000 18 565
46.010000 19 638
46.010000 20 639
46.010000 21 639
46.010000 22 483
46.010000 23 640
46.010000 24 639
46.010000 25 638
47.010000 0 553
47.010000 1 633
47.010000 2 629
47.010000 3 477
47.010000 4 632
47.010000 5 631
47.010000 6 632
47.010000 7 473
47.010000 8 632
47.010000 9 632
47.010000 10 632
47.010000 11 632
47.010000 12 631
47.010000 13 632
47.010000 14 555
47.010000 15 630
47.010000 16 564
47.010000 17 400
47.010000 18 555
47.010000 19 631
47.010000 20 632
47.010000 21 632
47.010000 22 480
47.010000 23 632
47.010000 24 632
47.010000 25 633
48.010000 0 566
48.010000 1 640
48.010000 2 637
48.010000 3 487
48.010000 4 640
48.010000 5 639
48.010000 6 640
48.010000 7 485
48.010000 8 640
48.010000 9 640
48.010000 10 640
48.010000 11 640
48.010000 12 639
48.010000 13 640
48.010000 14 566
48.010000 15 638
48.010000 16 560
48.010000 17 412
48.010000 18 566
48.010000 19 639
48.010000 20 640
48.010000 21 640
48.010000 22 485
48.010000 23 639
48.010000 24 640
48.010000 25 640
49.010000 0 553
49.010000 1 633
49.010000 2 629
49.010000 3 481
49.010000 4 633
49.010000 5 632
49.010000 6 632
49.010000 7 488
49.010000 8 633
49.010000 9 633
49.010000 10 633
49.010000 11 633
49.010000 12 631
49.010000 13 633
49.010000 14 556
49.010000 15 631
49.010000 16 553
49.010000 17 404
49.010000 18 556
49.010000 19 632
49.010000 20 633
49.010000 21 633
49.010000 22 480
49.010000 23 633
49.010000 24 633
49.010000 25 632
50.010000 0 566
50.010000 1 651
50.010000 2 649
50.010000 3 489
50.010000 4 651
50.010000 5 650
50.010000 6 652
50.010000 7 495
50.010000 8 651
50.010000 9 651
50.010000 10 651
50.010000 11 651
50.010000 12 651
50.010000 13 651
50.010000 14 569
50.010000 15 649
50.010000 16 573
50.010000 17 408
50.010000 18 569
50.010000 19 650
50.010000 20 651
50.010000 21 651
50.010000 22 498
50.010000 23 652
50.010000 24 651
50.010000 25 652
51.010000 0 567
51.010000 1 638
51.010000 2 635
51.010000 3 495
51.010000 4 638
51.010000 5 637
51.010000 6 638
51.010000 7 487
51.010000 8 638
51.010000 9 638
51.010000 10 637
51.010000 11 638
51.010000 12 637
51.010000 13 638
51.010000 14 569
51.010000 15 636
51.010000 16 550
51.010000 17 425
51.010000 18 568
51.010000 19 637
51.010000 20 638
51.010000 21 638
51.010000 22 475
51.010000 23 638
51.010000 24 638
51.010000 25 638
52.010000 0 596
52.010000 1 687
52.010000 2 681
52.010000 3 504
52.010000 4 687
52.010000 5 686
52.010000 6 687
52.010000 7 518
52.010000 8 687
52.010000 9 686
52.010000 10 688
52.010000 11 687
52.010000 12 684
52.010000 13 687
52.010000 14 597
52.010000 15 684
52.010000 16 616
52.010000 17 414
52.010000 18 598
52.010000 19 684
52.010000 20 687
52.010000 21 687
52.010000 22 538
52.010000 23 687
52.010000 24 687
52.010000 25 687
53.010000 0 558
53.010000 1 632
53.010000 2 631
53.010000 3 490
53.010000 4 632
53.010000 5 631
53.010000 6 632
53.010000 7 483
53.010000 8 632
53.010000 9 632
53.010000 10 632
53.010000 11 632
53.010000 12 633
53.010000 13 632
53.010000 14 560
53.010000 15 631
53.010000 16 547
53.010000 17 418
53.010000 18 560
53.010000 19 632
53.010000 20 632
53.010000 21 631
53.010000 22 470
53.010000 23 632
53.010000 24 632
53.010000 25 632
54.010000 0 593
54.010000 1 679
54.010000 2 674
54.010000 3 513
54.010000 4 679
54.010000 5 677
54.010000 6 679
54.010000 7 515
54.010000 8 678
54.010000 9 680
54.010000 10 679
54.010000 11 679
54.010000 12 677
54.010000 13 679
54.010000 14 594
54.010000 15 675
54.010000 16 600
54.010000 17 428
54.010000 18 594
54.010000 19 677
54.010000 20 679
54.010000 21 680
54.010000 22 518
54.010000 23 679
54.010000 24 679
54.010000 25 679
55.010000 0 548
55.010000 1 630
55.010000 2 627
55.010000 3 479
55.010000 4 630
55.010000 5 630
55.010000 6 630
55.010000 7 480
55.010000 8 631
55.010000 9 630
55.010000 10 630
55.010000 11 630
55.010000 12 628
55.010000 13 630
55.010000 14 550
55.010000 15 629
55.010000 16 555
55.010000 17 399
55.010000 18 550
55.010000 19 629
55.010000 20 630
55.010000 21 630
55.010000 22 478
55.010000 23 630
55.010000 24 630
55.010000 25 630
56.010000 0 535
56.010000 1 620
56.010000 2 619
56.010000 3 459
56.010000 4 620
56.010000 5 618
56.010000 6 620
56.010000 7 467
56.010000 8 620
56.010000 9 620
56.010000 10 620
56.010000 11 620
56.010000 12 621
56.010000 13 619
56.010000 14 537
56.010000 15 618
56.010000 16 557
56.010000 17 376
56.010000 18 537
56.010000 19 621
56.010000 20 620
56.010000 21 620
56.010000 22 483
56.010000 23 619
56.010000 24 620
56.010000 25 620
57.010000 0 591
57.010000 1 674
57.010000 2 672
57.010000 3 522
57.010000 4 674
57.010000 5 674
57.010000 6 674
57.010000 7 516
57.010000 8 674
57.010000 9 674
57.010000 10 674
57.010000 11 674
57.010000 12 673
57.010000 13 675
57.010000 14 593
57.010000 15 673
57.010000 16 584
57.010000 17 441
57.010000 18 593
57.010000 19 673
57.010000 20 673
57.010000 21 674
57.010000 22 503
57.010000 23 675
57.010000 24 674
57.010000 25 673
58.010000 0 607
58.010000 1 699
58.010000 2 697
58.010000 3 527
58.010000 4 699
58.010000 5 699
58.010000 6 700
58.010000 7 535
58.010000 8 700
58.010000 9 700
58.010000 10 700
58.010000 11 700
58.010000 12 699
58.010000 13 700
58.010000 14 610
58.010000 15 698
58.010000 16 618
58.010000 17 437
58.010000 18 610
58.010000 19 699
58.010000 20 701
58.010000 21 700
58.010000 22 534
58.010000 23 700
58.010000 24 700
58.010000 25 700
59.010000 0 570
59.010000 1 656
59.010000 2 651
59.010000 3 498
59.010000 4 656
59.010000 5 654
59.010000 6 655
59.010000 7 503
59.010000 8 654
59.010000 9 655
59.010000 10 655
59.010000 11 655
59.010000 12 653
59.010000 13 655
59.010000 14 572
59.010000 15 652
59.010000 16 573
59.010000 17 415
59.010000 18 572
59.010000 19 653
59.010000 20 655
59.010000 21 655
59.010000 22 496
59.010000 23 655
59.010000 24 655
59.010000 25 656
60.010000 0 535
60.010000 1 612
60.010000 2 610
60.010000 3 462
60.010000 4 612
60.010000 5 611
60.010000 6 612
60.010000 7 458
60.010000 8 613
60.010000 9 612
60.010000 10 612
60.010000 11 611
60.010000 12 612
60.010000 13 612
60.010000 14 536
60.010000 15 611
60.010000 16 547
60.010000 17 386
60.010000 18 536
60.010000 19 612
60.010000 20 612
60.010000 21 612
60.010000 22 467
60.010000 23 612
60.010000 24 612
60.010000 25 612
61.010000 0 588
61.010000 1 670
61.010000 2 667
61.010000 3 507
61.010000 4 670
61.010000 5 669
61.010000 6 670
61.010000 7 511
61.010000 8 670
61.010000 9 670
61.010000 10 670
61.010000 11 671
61.010000 12 669
61.010000 13 670
61.010000 14 590
61.010000 15 668
61.010000 16 585
61.010000 17 427
61.010000 18 590
61.010000 19 669
61.010000 20 670
61.010000 21 670
61.010000 22 509
61.010000 23 670
61.010000 24 670
61.010000 25 670
62.010000 0 556
62.010000 1 636
62.010000 2 631
62.010000 3 483
62.010000 4 636
62.010000 5 633
62.010000 6 636
62.010000 7 481
62.010000 8 636
62.010000 9 636
62.010000 10 636
62.010000 11 636
62.010000 12 634
62.010000 13 635
62.010000 14 558
62.010000 15 631
62.010000 16 563
62.010000 17 405
62.010000 18 558
62.010000 19 634
62.010000 20 636
62.010000 21 636
62.010000 22 486
62.010000 23 636
62.010000 24 636
62.010000 25 636
63.010000 0 571
63.010000 1 653
63.010000 2 652
63.010000 3 499
63.010000 4 653
63.010000 5 654
63.010000 6 653
63.010000 7 496
63.010000 8 653
63.010000 9 652
63.010000 10 653
63.010000 11 653
63.010000 12 653
63.010000 13 654
63.010000 14 574
63.010000 15 654
63.010000 16 570
63.010000 17 421
63.010000 18 575
63.010000 19 653
63.010000 20 653
63.010000 21 653
63.010000 22 493
63.010000 23 653
63.010000 24 653
63.010000 25 653
64.010000 0 576
64.010000 1 662
64.010000 2 659
64.010000 3 501
64.010000 4 662
64.010000 5 661
64.010000 6 662
64.010000 7 506
64.010000 8 662
64.010000 9 663
64.010000 10 662
64.010000 11 662
64.010000 12 661
64.010000 13 662
64.010000 14 578
64.010000 15 660
64.010000 16 582
64.010000 17 416
64.010000 18 577
64.010000 19 661
64.010000 20 662
64.010000 21 661
64.010000 22 505
64.010000 23 662
64.010000 24 662
64.010000 25 661
65.010000 0 563
65.010000 1 642
65.010000 2 639
65.010000 3 485
65.010000 4 642
65.010000 5 641
65.010000 6 642
65.010000 7 482
65.010000 8 642
65.010000 9 642
65.010000 10 642
65.010000 11 642
65.010000 12 641
65.010000 13 641
65.010000 14 565
65.010000 15 640
65.010000 16 568
65.010000 17 408
65.010000 18 565
65.010000 19 641
65.010000 20 642
65.010000 21 643
65.010000 22 490
65.010000 23 642
65.010000 24 642
65.010000 25 643
66.010000 0 567
66.010000 1 655
66.010000 2 652
66.010000 3 491
66.010000 4 655
66.010000 5 654
66.010000 6 655
66.010000 7 502
66.010000 8 655
66.010000 9 655
66.010000 10 655
66.010000 11 655
66.010000 12 654
66.010000 13 656
66.010000 14 569
66.010000 15 653
66.010000 16 579
66.010000 17 405
66.010000 18 569
66.010000 19 654
66.010000 20 655
66.010000 21 655
66.010000 22 501
66.010000 23 655
66.010000 24 655
66.010000 25 655
67.010000 0 542
67.010000 1 618
67.010000 2 615
67.010000 3 472
67.010000 4 618
67.010000 5 617
67.010000 6 617
67.010000 7 465
67.010000 8 618
67.010000 9 618
67.010000 10 618
67.010000 11 618
67.010000 12 617
67.010000 13 618
67.010000 14 545
67.010000 15 616
67.010000 16 545
67.010000 17 399
67.010000 18 544
67.010000 19 617
67.010000 20 618
67.010000 21 618
67.010000 22 471
67.010000 23 618
67.010000 24 618
67.010000 25 617
68.010000 0 570
68.010000 1 659
68.010000 2 656
68.010000 3 501
68.010000 4 658
68.010000 5 658
68.010000 6 660
68.010000 7 510
68.010000 8 658
68.010000 9 659
68.010000 10 658
68.010000 11 659
68.010000 12 658
68.010000 13 659
68.010000 14 571
68.010000 15 657
68.010000 16 578
68.010000 17 414
68.010000 18 573
68.010000 19 658
68.010000 20 658
68.010000 21 659
68.010000 22 501
68.010000 23 659
68.010000 24 658
68.010000 25 660
69.010000 0 576
69.010000 1 672
69.010000 2 669
69.010000 3 502
69.010000 4 673
69.010000 5 671
69.010000 6 672
69.010000 7 515
69.010000 8 673
69.010000 9 672
69.010000 10 673
69.010000 11 672
69.010000 12 671
69.010000 13 672
69.010000 14 579
69.010000 15 670
69.010000 16 594
69.010000 17 409
69.010000 18 578
69.010000 19 671
69.010000 20 673
69.010000 21 672
69.010000 22 517
69.010000 23 672
69.010000 24 673
69.010000 25 672
70.010000 0 596
70.010000 1 674
70.010000 2 671
70.010000 3 514
70.010000 4 674
70.010000 5 673
70.010000 6 674
70.010000 7 509
70.010000 8 674
70.010000 9 674
70.010000 10 673
70.010000 11 673
70.010000 12 673
70.010000 13 674
70.010000 14 596
70.010000 15 672
70.010000 16 593
70.010000 17 435
70.010000 18 596
70.010000 19 673
70.010000 20 673
70.010000 21 674
70.010000 22 510
70.010000 23 673
70.010000 24 674
70.010000 25 674
71.010000 0 555
71.010000 1 631
71.010000 2 627
71.010000 3 483
71.010000 4 631
71.010000 5 628
71.010000 6 631
71.010000 7 477
71.010000 8 631
71.010000 9 631
71.010000 10 632
71.010000 11 631
71.010000 12 630
71.010000 13 631
71.010000 14 559
71.010000 15 627
71.010000 16 551
71.010000 17 412
71.010000 18 559
71.010000 19 630
71.010000 20 632
71.010000 21 631
71.010000 22 477
71.010000 23 632
71.010000 24 631
71.010000 25 631
72.010000 0 535
72.010000 1 619
72.010000 2 617
72.010000 3 455
72.010000 4 619
72.010000 5 620
72.010000 6 619
72.010000 7 468
72.010000 8 619
72.010000 9 619
72.010000 10 619
72.010000 11 620
72.010000 12 618
72.010000 13 619
72.010000 14 535
72.010000 15 619
72.010000 16 556
72.010000 17 370
72.010000 18 535
72.010000 19 618
72.010000 20 619
72.010000 21 619
72.010000 22 482
72.010000 23 618
72.010000 24 619
72.010000 25 619
73.010000 0 562
73.010000 1 636
73.010000 2 633
73.010000 3 497
73.010000 4 636
73.010000 5 635
73.010000 6 636
73.010000 7 485
73.010000 8 636
73.010000 9 636
73.010000 10 636
73.010000 11 636
73.010000 12 635
73.010000 13 636
73.010000 14 566
73.010000 15 634
73.010000 16 548
73.010000 17 428
73.010000 18 566
73.010000 19 635
73.010000 20 636
73.010000 21 636
73.010000 22 471
73.010000 23 637
73.010000 24 636
73.010000 25 636
74.010000 0 588
74.010000 1 674
74.010000 2 671
74.010000 3 510
74.010000 4 674
74.010000 5 673
74.010000 6 674
74.010000 7 508
74.010000 8 674
74.010000 9 674
74.010000 10 674
74.010000 11 674
74.010000 12 673
74.010000 13 674
74.010000 14 590
74.010000 15 672
74.010000 16 598
74.010000 17 426
74.010000 18 590
74.010000 19 673
74.010000 20 674
74.010000 21 674
74.010000 22 513
74.010000 23 674
74.010000 24 674
74.010000 25 674
75.010000 0 571
75.010000 1 650
75.010000 2 644
75.010000 3 496
75.010000 4 650
75.010000 5 649
75.010000 6 650
75.010000 7 505
75.010000 8 650
75.010000 9 650
75.010000 10 650
75.010000 11 650
75.010000 12 647
75.010000 13 650
75.010000 14 571
75.010000 15 647
75.010000 16 562
75.010000 17 416
75.010000 18 571
75.010000 19 647
75.010000 20 650
75.010000 21 650
75.010000 22 491
75.010000 23 650
75.010000 24 650
75.010000 25 650
76.010000 0 543
76.010000 1 618
76.010000 2 614
76.010000 3 478
76.010000 4 617
76.010000 5 615
76.010000 6 618
76.010000 7 469
76.010000 8 618
76.010000 9 618
76.010000 10 618
76.010000 11 618
76.010000 12 617
76.010000 13 618
76.010000 14 545
76.010000 15 614
76.010000 16 543
76.010000 17 405
76.010000 18 545
76.010000 19 617
76.010000 20 618
76.010000 21 618
76.010000 22 463
76.010000 23 618
76.010000 24 618
76.010000 25 618
77.010000 0 547
77.010000 1 631
77.010000 2 632
77.010000 3 468
77.010000 4 632
77.010000 5 632
77.010000 6 630
77.010000 7 475
77.010000 8 631
77.010000 9 631
77.010000 10 631
77.010000 11 631
77.010000 12 632
77.010000 13 631
77.010000 14 550
77.010000 15 632
77.010000 16 563
77.010000 17 387
77.010000 18 550
77.010000 19 632
77.010000 20 631
77.010000 21 631
77.010000 22 486
77.010000 23 631
77.010000 24 631
77.010000 25 631
78.010000 0 581
78.010000 1 656
78.010000 2 653
78.010000 3 508
78.010000 4 656
78.010000 5 655
78.010000 6 657
78.010000 7 501
78.010000 8 656
78.010000 9 656
78.010000 10 656
78.010000 11 656
78.010000 12 655
78.010000 13 655
78.010000 14 584
78.010000 15 654
78.010000 16 566
78.010000 17 436
78.010000 18 583
78.010000 19 655
78.010000 20 655
78.010000 21 656
78.010000 22 490
78.010000 23 656
78.010000 24 656
78.010000 25 656
79.010000 0 590
79.010000 1 681
79.010000 2 678
79.010000 3 507
79.010000 4 681
79.010000 5 680
79.010000 6 681
79.010000 7 513
79.010000 8 681
79.010000 9 681
79.010000 10 681
79.010000 11 681
79.010000 12 680
79.010000 13 681
79.010000 14 590
79.010000 15 679
79.010000 16 609
79.010000 17 416
79.010000 18 591
79.010000 19 680
79.010000 20 682
79.010000 21 681
79.010000 22 526
79.010000 23 681
79.010000 24 681
79.010000 25 681
80.010000 0 508
80.010000 1 584
80.010000 2 581
80.010000 3 442
80.010000 4 584
80.010000 5 583
80.010000 6 584
80.010000 7 442
80.010000 8 583
80.010000 9 584
80.010000 10 584
80.010000 11 584
80.010000 12 583
80.010000 13 585
80.010000 14 510
80.010000 15 582
80.010000 16 517
80.010000 17 368
80.010000 18 510
80.010000 19 583
80.010000 20 583
80.010000 21 584
80.010000 22 449
80.010000 23 584
80.010000 24 584
80.010000 25 584
81.010000 0 605
81.010000 1 684
81.010000 2 679
81.010000 3 524
81.010000 4 684
81.010000 5 681
81.010000 6 684
81.010000 7 520
81.010000 8 685
81.010000 9 684
81.010000 10 684
81.010000 11 684
81.010000 12 682
81.010000 13 684
81.010000 14 607
81.010000 15 679
81.010000 16 597
81.010000 17 447
81.010000 18 607
81.010000 19 682
81.010000 20 685
81.010000 21 684
81.010000 22 513
81.010000 23 683
81.010000 24 684
81.010000 25 684
82.010000 0 607
82.010000 1 695
82.010000 2 694
82.010000 3 526
82.010000 4 695
82.010000 5 696
82.010000 6 695
82.010000 7 532
82.010000 8 695
82.010000 9 695
82.010000 10 695
82.010000 11 695
82.010000 12 695
82.010000 13 694
82.010000 14 609
82.010000 15 696
82.010000 16 607
82.010000 17 440
82.010000 18 609
82.010000 19 695
82.010000 20 695
82.010000 21 695
82.010000 22 528
82.010000 23 696
82.010000 24 694
82.010000 25 694
83.010000 0 568
83.010000 1 646
83.010000 2 643
83.010000 3 492
83.010000 4 646
83.010000 5 645
83.010000 6 646
83.010000 7 489
83.010000 8 646
83.010000 9 646
83.010000 10 646
83.010000 11 646
83.010000 12 645
83.010000 13 647
83.010000 14 570
83.010000 15 644
83.010000 16 567
83.010000 17 416
83.010000 18 570
83.010000 19 645
83.010000 20 646
83.010000 21 646
83.010000 22 486
83.010000 23 646
83.010000 24 647
83.010000 25 647
84.010000 0 542
84.010000 1 625
84.010000 2 622
84.010000 3 476
84.010000 4 625
84.010000 5 624
84.010000 6 625
84.010000 7 481
84.010000 8 625
84.010000 9 625
84.010000 10 625
84.010000 11 625
84.010000 12 624
84.010000 13 625
84.010000 14 544
84.010000 15 623
84.010000 16 547
84.010000 17 395
84.010000 18 544
84.010000 19 624
84.010000 20 625
84.010000 21 625
84.010000 22 475
84.010000 23 625
84.010000 24 625
84.010000 25 625
85.010000 0 552
85.010000 1 638
85.010000 2 635
85.010000 3 474
85.010000 4 638
85.010000 5 637
85.010000 6 638
85.010000 7 484
85.010000 8 638
85.010000 9 638
85.010000 10 638
85.010000 11 638
85.010000 12 637
85.010000 13 638
85.010000 14 555
85.010000 15 636
85.010000 16 570
85.010000 17 391
85.010000 18 555
85.010000 19 637
85.010000 20 638
85.010000 21 637
85.010000 22 494
85.010000 23 638
85.010000 24 638
85.010000 25 637
86.010000 0 587
86.010000 1 671
86.010000 2 668
86.010000 3 515
86.010000 4 671
86.010000 5 670
86.010000 6 671
86.010000 7 515
86.010000 8 671
86.010000 9 671
86.010000 10 671
86.010000 11 671
86.010000 12 670
86.010000 13 670
86.010000 14 588
86.010000 15 669
86.010000 16 584
86.010000 17 432
86.010000 18 588
86.010000 19 670
86.010000 20 671
86.010000 21 671
86.010000 22 505
86.010000 23 671
86.010000 24 671
86.010000 25 672
87.010000 0 564
87.010000 1 634
87.010000 2 631
87.010000 3 489
87.010000 4 634
87.010000 5 633
87.010000 6 633
87.010000 7 483
87.010000 8 634
87.010000 9 634
87.010000 10 634
87.010000 11 634
87.010000 12 633
87.010000 13 635
87.010000 14 567
87.010000 15 632
87.010000 16 548
87.010000 17 422
87.010000 18 567
87.010000 19 633
87.010000 20 634
87.010000 21 635
87.010000 22 471
87.010000 23 634
87.010000 24 634
87.010000 25 634
88.010000 0 576
88.010000 1 676
88.010000 2 673
88.010000 3 498
88.010000 4 676
88.010000 5 675
88.010000 6 677
88.010000 7 513
88.010000 8 676
88.010000 9 676
88.010000 10 676
88.010000 11 676
88.010000 12 675
88.010000 13 676
88.010000 14 579
88.010000 15 674
88.010000 16 606
88.010000 17 401
88.010000 18 578
88.010000 19 675
88.010000 20 676
88.010000 21 676
88.010000 22 531
88.010000 23 676
88.010000 24 676
88.010000 25 676
89.010000 0 584
89.010000 1 671
89.010000 2 668
89.010000 3 505
89.010000 4 671
89.010000 5 670
89.010000 6 671
89.010000 7 508
89.010000 8 671
89.010000 9 671
89.010000 10 671
89.010000 11 671
89.010000 12 670
89.010000 13 671
89.010000 14 586
89.010000 15 669
89.010000 16 593
89.010000 17 421
89.010000 18 587
89.010000 19 670
89.010000 20 671
89.010000 21 671
89.010000 22 515
89.010000 23 671
89.010000 24 671
89.010000 25 671
90.010000 0 599
90.010000 1 686
90.010000 2 681
90.010000 3 517
90.010000 4 686
90.010000 5 685
90.010000 6 686
90.010000 7 521
90.010000 8 686
90.010000 9 686
90.010000 10 686
90.010000 11 686
90.010000 12 683
90.010000 13 686
90.010000 14 601
90.010000 15 683
90.010000 16 605
90.010000 17 432
90.010000 18 601
90.010000 19 684
90.010000 20 686
90.010000 21 686
90.010000 22 525
90.010000 23 686
90.010000 24 686
90.010000 25 686
91.010000 0 547
91.010000 1 625
91.010000 2 624
91.010000 3 479
91.010000 4 625
91.010000 5 624
91.010000 6 625
91.010000 7 477
91.010000 8 625
91.010000 9 625
91.010000 10 625
91.010000 11 625
91.010000 12 626
91.010000 13 625
91.010000 14 549
91.010000 15 624
91.010000 16 547
91.010000 17 403
91.010000 18 549
91.010000 19 625
91.010000 20 625
91.010000 21 625
91.010000 22 469
91.010000 23 625
91.010000 24 625
91.010000 25 625
92.010000 0 546
92.010000 1 619
92.010000 2 616
92.010000 3 468
92.010000 4 619
92.010000 5 618
92.010000 6 619
92.010000 7 467
92.010000 8 618
92.010000 9 619
92.010000 10 619
92.010000 11 619
92.010000 12 618
92.010000 13 619
92.010000 14 547
92.010000 15 617
92.010000 16 546
92.010000 17 395
92.010000 18 547
92.010000 19 618
92.010000 20 619
92.010000 21 619
92.010000 22 471
92.010000 23 619
92.010000 24 619
92.010000 25 619
93.010000 0 595
93.010000 1 687
93.010000 2 684
93.010000 3 515
93.010000 4 687
93.010000 5 686
93.010000 6 687
93.010000 7 526
93.010000 8 688
93.010000 9 687
93.010000 10 686
93.010000 11 687
93.010000 12 686
93.010000 13 687
93.010000 14 597
93.010000 15 685
93.010000 16 608
93.010000 17 426
93.010000 18 598
93.010000 19 686
93.010000 20 687
93.010000 21 686
93.010000 22 526
93.010000 23 687
93.010000 24 687
93.010000 25 687
94.010000 0 553
94.010000 1 625
94.010000 2 622
94.010000 3 484
94.010000 4 625
94.010000 5 624
94.010000 6 625
94.010000 7 474
94.010000 8 625
94.010000 9 625
94.010000 10 626
94.010000 11 625
94.010000 12 624
94.010000 13 625
94.010000 14 556
94.010000 15 623
94.010000 16 543
94.010000 17 414
94.010000 18 554
94.010000 19 624
94.010000 20 624
94.010000 21 626
94.010000 22 466
94.010000 23 625
94.010000 24 625
94.010000 25 625
95.010000 0 585
95.010000 1 679
95.010000 2 676
95.010000 3 507
95.010000 4 679
95.010000 5 678
95.010000 6 679
95.010000 7 519
95.010000 8 679
95.010000 9 679
95.010000 10 679
95.010000 11 679
95.010000 12 678
95.010000 13 679
95.010000 14 587
95.010000 15 677
95.010000 16 602
95.010000 17 416
95.010000 18 588
95.010000 19 678
95.010000 20 680
95.010000 21 679
95.010000 22 523
95.010000 23 679
95.010000 24 679
95.010000 25 679
96.010000 0 576
96.010000 1 643
96.010000 2 637
96.010000 3 495
96.010000 4 643
96.010000 5 640
96.010000 6 643
96.010000 7 483
96.010000 8 643
96.010000 9 643
96.010000 10 643
96.010000 11 643
96.010000 12 640
96.010000 13 642
96.010000 14 576
96.010000 15 638
96.010000 16 562
96.010000 17 427
96.010000 18 576
96.010000 19 641
96.010000 20 643
96.010000 21 642
96.010000 22 484
96.010000 23 643
96.010000 24 643
96.010000 25 643
97.010000 0 573
97.010000 1 647
97.010000 2 647
97.010000 3 494
97.010000 4 647
97.010000 5 648
97.010000 6 647
97.010000 7 486
97.010000 8 647
97.010000 9 647
97.010000 10 647
97.010000 11 647
97.010000 12 648
97.010000 13 648
97.010000 14 576
97.010000 15 648
97.010000 16 566
97.010000 17 423
97.010000 18 576
97.010000 19 647
97.010000 20 647
97.010000 21 648
97.010000 22 483
97.010000 23 647
97.010000 24 647
97.010000 25 647
98.010000 0 555
98.010000 1 654
98.010000 2 651
98.010000 3 490
98.010000 4 654
98.010000 5 653
98.010000 6 654
98.010000 7 508
98.010000 8 654
98.010000 9 654
98.010000 10 654
98.010000 11 654
98.010000 12 653
98.010000 13 654
98.010000 14 558
98.010000 15 652
98.010000 16 579
98.010000 17 395
98.010000 18 558
98.010000 19 653
98.010000 20 654
98.010000 21 654
98.010000 22 506
98.010000 23 654
98.010000 24 654
98.010000 25 653
99.010000 0 566
99.010000 1 635
99.010000 2 632
99.010000 3 494
99.010000 4 635
99.010000 5 634
99.010000 6 635
99.010000 7 478
99.010000 8 635
99.010000 9 635
99.010000 10 635
99.010000 11 635
99.010000 12 634
99.010000 13 635
99.010000 14 567
99.010000 15 633
99.010000 16 552
99.010000 17 426
99.010000 18 567
99.010000 19 634
99.010000 20 635
99.010000 21 635
99.010000 22 471
99.010000 23 635
99.010000 24 635
99.010000 25 636
100.010000 0 546
100.010000 1 626
100.010000 2 621
100.010000 3 470
100.010000 4 626
100.010000 5 625
100.010000 6 626
100.010000 7 480
100.010000 8 626
100.010000 9 625
100.010000 10 626
100.010000 11 625
100.010000 12 624
100.010000 13 625
100.010000 14 547
100.010000 15 624
100.010000 16 552
100.010000 17 390
100.010000 18 547
100.010000 19 624
100.010000 20 626
100.010000 21 626
100.010000 22 483
100.010000 23 626
100.010000 24 626
100.010000 25 625
101.010000 0 590
101.010000 1 675
101.010000 2 674
101.010000 3 506
101.010000 4 675
101.010000 5 674
101.010000 6 675
101.010000 7 506
101.010000 8 675
101.010000 9 676
101.010000 10 675
101.010000 11 676
101.010000 12 675
101.010000 13 676
101.010000 14 593
101.010000 15 673
101.010000 16 598
101.010000 17 424
101.010000 18 593
101.010000 19 675
101.010000 20 675
101.010000 21 675
101.010000 22 514
101.010000 23 675
101.010000 24 675
101.010000 25 676
102.010000 0 539
102.010000 1 622
102.010000 2 620
102.010000 3 467
102.010000 4 623
102.010000 5 622
102.010000 6 623
102.010000 7 473
102.010000 8 623
102.010000 9 623
102.010000 10 623
102.010000 11 623
102.010000 12 622
102.010000 13 623
102.010000 14 542
102.010000 15 621
102.010000 16 553
102.010000 17 387
102.010000 18 542
102.010000 19 622
102.010000 20 623
102.010000 21 623
102.010000 22 482
102.010000 23 623
102.010000 24 623
102.010000 25 623
103.010000 0 561
103.010000 1 638
103.010000 2 634
103.010000 3 490
103.010000 4 637
103.010000 5 636
103.010000 6 637
103.010000 7 487
103.010000 8 637
103.010000 9 637
103.010000 10 637
103.010000 11 636
103.010000 12 636
103.010000 13 637
103.010000 14 563
103.010000 15 635
103.010000 16 554
103.010000 17 416
103.010000 18 563
103.010000 19 636
103.010000 20 637
103.010000 21 637
103.010000 22 477
103.010000 23 637
103.010000 24 637
103.010000 25 637
104.010000 0 598
104.010000 1 684
104.010000 2 680
104.010000 3 513
104.010000 4 684
104.010000 5 681
104.010000 6 684
104.010000 7 515
104.010000 8 683
104.010000 9 684
104.010000 10 684
104.010000 11 685
104.010000 12 683
104.010000 13 684
104.010000 14 599
104.010000 15 680
104.010000 16 608
104.010000 17 427
104.010000 18 599
104.010000 19 683
104.010000 20 684
104.010000 21 684
104.010000 22 525
104.010000 23 684
104.010000 24 684
104.010000 25 684
105.010000 0 566
105.010000 1 643
105.010000 2 641
105.010000 3 499
105.010000 4 643
105.010000 5 644
105.010000 6 643
105.010000 7 490
105.010000 8 644
105.010000 9 643
105.010000 10 642
105.010000 11 643
105.010000 12 642
105.010000 13 643
105.010000 14 568
105.010000 15 643
105.010000 16 557
105.010000 17 425
105.010000 18 568
105.010000 19 642
105.010000 20 643
105.010000 21 643
105.010000 22 480
105.010000 23 643
105.010000 24 643
105.010000 25 643
106.010000 0 542
106.010000 1 626
106.010000 2 623
106.010000 3 468
106.010000 4 626
106.010000 5 625
106.010000 6 626
106.010000 7 478
106.010000 8 626
106.010000 9 626
106.010000 10 627
106.010000 11 626
106.010000 12 625
106.010000 13 626
106.010000 14 545
106.010000 15 624
106.010000 16 554
106.010000 17 387
106.010000 18 545
106.010000 19 625
106.010000 20 626
106.010000 21 626
106.010000 22 481
106.010000 23 626
106.010000 24 626
106.010000 25 626
107.010000 0 584
107.010000 1 655
107.010000 2 652
107.010000 3 513
107.010000 4 655
107.010000 5 654
107.010000 6 655
107.010000 7 501
107.010000 8 655
107.010000 9 655
107.010000 10 655
107.010000 11 655
107.010000 12 654
107.010000 13 655
107.010000 14 584
107.010000 15 653
107.010000 16 562
107.010000 17 441
107.010000 18 584
107.010000 19 654
107.010000 20 654
107.010000 21 655
107.010000 22 483
107.010000 23 655
107.010000 24 655
107.010000 25 655
108.010000 0 587
108.010000 1 680
108.010000 2 677
108.010000 3 502
108.010000 4 680
108.010000 5 679
108.010000 6 680
108.010000 7 506
108.010000 8 680
108.010000 9 680
108.010000 10 680
108.010000 11 680
108.010000 12 679
108.010000 13 680
108.010000 14 590
108.010000 15 678
108.010000 16 616
108.010000 17 413
108.010000 18 591
108.010000 19 679
108.010000 20 680
108.010000 21 679
108.010000 22 530
108.010000 23 680
108.010000 24 680
108.010000 25 680
109.010000 0 593
109.010000 1 666
109.010000 2 663
109.010000 3 513
109.010000 4 666
109.010000 5 665
109.010000 6 666
109.010000 7 511
109.010000 8 666
109.010000 9 666
109.010000 10 665
109.010000 11 666
109.010000 12 665
109.010000 13 665
109.010000 14 596
109.010000 15 664
109.010000 16 573
109.010000 17 442
109.010000 18 594
109.010000 19 665
109.010000 20 667
109.010000 21 667
109.010000 22 497
109.010000 23 665
109.010000 24 666
109.010000 25 665
110.010000 0 506
110.010000 1 590
110.010000 2 584
110.010000 3 437
110.010000 4 590
110.010000 5 587
110.010000 6 590
110.010000 7 451
110.010000 8 590
110.010000 9 590
110.010000 10 591
110.010000 11 590
110.010000 12 587
110.010000 13 591
110.010000 14 507
110.010000 15 585
110.010000 16 527
110.010000 17 354
110.010000 18 508
110.010000 19 588
110.010000 20 590
110.010000 21 590
110.010000 22 460
110.010000 23 591
110.010000 24 590
110.010000 25 591
111.010000 0 591
111.010000 1 676
111.010000 2 676
111.010000 3 507
111.010000 4 676
111.010000 5 677
111.010000 6 676
111.010000 7 514
111.010000 8 676
111.010000 9 676
111.010000 10 676
111.010000 11 676
111.010000 12 677
111.010000 13 676
111.010000 14 593
111.010000 15 677
111.010000 16 594
111.010000 17 424
111.010000 18 593
111.010000 19 676
111.010000 20 676
111.010000 21 676
111.010000 22 515
111.010000 23 676
111.010000 24 676
111.010000 25 676
112.010000 0 601
112.010000 1 686
112.010000 2 683
112.010000 3 521
112.010000 4 686
112.010000 5 685
112.010000 6 686
112.010000 7 517
112.010000 8 686
112.010000 9 685
112.010000 10 686
112.010000 11 686
112.010000 12 685
112.010000 13 686
112.010000 14 603
112.010000 15 684
112.010000 16 606
112.010000 17 438
112.010000 18 603
112.010000 19 685
112.010000 20 686
112.010000 21 686
112.010000 22 521
112.010000 23 686
112.010000 24 686
112.010000 25 686
113.010000 0 570
113.010000 1 670
113.010000 2 667
113.010000 3 503
113.010000 4 670
113.010000 5 669
113.010000 6 670
113.010000 7 521
113.010000 8 670
113.010000 9 671
113.010000 10 670
113.010000 11 670
113.010000 12 669
113.010000 13 670
113.010000 14 573
113.010000 15 668
113.010000 16 591
113.010000 17 407
113.010000 18 573
113.010000 19 669
113.010000 20 670
113.010000 21 670
113.010000 22 515
113.010000 23 670
113.010000 24 670
113.010000 25 670
114.010000 0 577
114.010000 1 646
114.010000 2 643
114.010000 3 496
114.010000 4 646
114.010000 5 645
114.010000 6 646
114.010000 7 481
114.010000 8 646
114.010000 9 646
114.010000 10 646
114.010000 11 646
114.010000 12 645
114.010000 13 646
114.010000 14 579
114.010000 15 644
114.010000 16 566
114.010000 17 429
114.010000 18 579
114.010000 19 645
114.010000 20 646
114.010000 21 646
114.010000 22 486
114.010000 23 646
114.010000 24 645
114.010000 25 646
115.010000 0 535
115.010000 1 607
115.010000 2 604
115.010000 3 460
115.010000 4 607
115.010000 5 606
115.010000 6 607
115.010000 7 460
115.010000 8 607
115.010000 9 607
115.010000 10 607
115.010000 11 607
115.010000 12 606
115.010000 13 607
115.010000 14 535
115.010000 15 605
115.010000 16 534
115.010000 17 387
115.010000 18 535
115.010000 19 606
115.010000 20 607
115.010000 21 607
115.010000 22 461
115.010000 23 606
115.010000 24 608
115.010000 25 607
116.010000 0 587
116.010000 1 676
116.010000 2 673
116.010000 3 507
116.010000 4 676
116.010000 5 675
116.010000 6 676
116.010000 7 519
116.010000 8 676
116.010000 9 676
116.010000 10 676
116.010000 11 676
116.010000 12 675
116.010000 13 675
116.010000 14 590
116.010000 15 674
116.010000 16 593
116.010000 17 421
116.010000 18 590
116.010000 19 675
116.010000 20 676
116.010000 21 676
116.010000 22 519
116.010000 23 676
116.010000 24 676
116.010000 25 676
117.010000 0 573
117.010000 1 664
117.010000 2 661
117.010000 3 502
117.010000 4 664
117.010000 5 663
117.010000 6 664
117.010000 7 502
117.010000 8 664
117.010000 9 664
117.010000 10 664
117.010000 11 664
117.010000 12 663
117.010000 13 665
117.010000 14 576
117.010000 15 662
117.010000 16 591
117.010000 17 415
117.010000 18 576
117.010000 19 663
117.010000 20 664
117.010000 21 664
117.010000 22 507
117.010000 23 665
117.010000 24 664
117.010000 25 664
118.010000 0 515
118.010000 1 593
118.010000 2 590
118.010000 3 447
118.010000 4 593
118.010000 5 592
118.010000 6 593
118.010000 7 456
118.010000 8 593
118.010000 9 593
118.010000 10 593
118.010000 11 592
118.010000 12 592
118.010000 13 593
118.010000 14 517
118.010000 15 591
118.010000 16 522
118.010000 17 371
118.010000 18 517
118.010000 19 592
118.010000 20 593
118.010000 21 593
118.010000 22 454
118.010000 23 593
118.010000 24 593
118.010000 25 593
119.010000 0 596
119.010000 1 661
119.010000 2 658
119.010000 3 508
119.010000 4 661
119.010000 5 660
119.010000 6 661
119.010000 7 496
119.010000 8 661
119.010000 9 661
119.010000 10 661
119.010000 11 662
119.010000 12 660
119.010000 13 661
119.010000 14 596
119.010000 15 659
119.010000 16 574
119.010000 17 442
119.010000 18 596
119.010000 19 660
119.010000 20 661
119.010000 21 661
119.010000 22 492
119.010000 23 660
119.010000 24 661
119.010000 25 661
120.010000 0 556
120.010000 1 635
120.010000 2 629
120.010000 3 482
120.010000 4 635
120.010000 5 632
120.010000 6 635
120.010000 7 483
120.010000 8 635
120.010000 9 635
120.010000 10 635
120.010000 11 635
120.010000 12 632
120.010000 13 635
120.010000 14 558
120.010000 15 630
120.010000 16 560
120.010000 17 405
120.010000 18 558
120.010000 19 633
120.010000 20 635
120.010000 21 635
120.010000 22 483
120.010000 23 636
120.010000 24 635
120.010000 25 635
121.010000 0 589
121.010000 1 676
121.010000 2 676
121.010000 3 517
121.010000 4 676
121.010000 5 677
121.010000 6 676
121.010000 7 513
121.010000 8 676
121.010000 9 676
121.010000 10 676
121.010000 11 676
121.010000 12 677
121.010000 13 676
121.010000 14 593
121.010000 15 677
121.010000 16 593
121.010000 17 435
121.010000 18 593
121.010000 19 676
121.010000 20 676
121.010000 21 676
121.010000 22 508
121.010000 23 676
121.010000 24 676
121.010000 25 676
122.010000 0 558
122.010000 1 640
122.010000 2 637
122.010000 3 478
122.010000 4 640
122.010000 5 639
122.010000 6 640
122.010000 7 486
122.010000 8 640
122.010000 9 640
122.010000 10 640
122.010000 11 640
122.010000 12 639
122.010000 13 640
122.010000 14 558
122.010000 15 638
122.010000 16 569
122.010000 17 395
122.010000 18 558
122.010000 19 639
122.010000 20 639
122.010000 21 640
122.010000 22 492
122.010000 23 640
122.010000 24 640
122.010000 25 640
123.010000 0 573
123.010000 1 662
123.010000 2 659
123.010000 3 498
123.010000 4 662
123.010000 5 661
123.010000 6 662
123.010000 7 503
123.010000 8 662
123.010000 9 662
123.010000 10 662
123.010000 11 662
123.010000 12 661
123.010000 13 662
123.010000 14 577
123.010000 15 660
123.010000 16 585
123.010000 17 414
123.010000 18 577
123.010000 19 661
123.010000 20 663
123.010000 21 662
123.010000 22 508
123.010000 23 662
123.010000 24 662
123.010000 25 662
124.010000 0 576
124.010000 1 654
124.010000 2 651
124.010000 3 497
124.010000 4 654
124.010000 5 653
124.010000 6 654
124.010000 7 497
124.010000 8 654
124.010000 9 654
124.010000 10 653
124.010000 11 654
124.010000 12 653
124.010000 13 654
124.010000 14 577
124.010000 15 652
124.010000 16 572
124.010000 17 420
124.010000 18 578
124.010000 19 653
124.010000 20 654
124.010000 21 654
124.010000 22 496
124.010000 23 654
124.010000 24 654
124.010000 25 654
125.010000 0 577
125.010000 1 655
125.010000 2 652
125.010000 3 497
125.010000 4 655
125.010000 5 654
125.010000 6 655
125.010000 7 499
125.010000 8 655
125.010000 9 655
125.010000 10 656
125.010000 11 655
125.010000 12 654
125.010000 13 655
125.010000 14 578
125.010000 15 653
125.010000 16 574
125.010000 17 419
125.010000 18 577
125.010000 19 654
125.010000 20 655
125.010000 21 655
125.010000 22 494
125.010000 23 655
125.010000 24 655
125.010000 25 655
126.010000 0 558
126.010000 1 651
126.010000 2 648
126.010000 3 486
126.010000 4 651
126.010000 5 650
126.010000 6 651
126.010000 7 498
126.010000 8 651
126.010000 9 651
126.010000 10 651
126.010000 11 651
126.010000 12 650
126.010000 13 651
126.010000 14 560
126.010000 15 649
126.010000 16 582
126.010000 17 395
126.010000 18 560
126.010000 19 650
126.010000 20 651
126.010000 21 651
126.010000 22 503
126.010000 23 651
126.010000 24 650
126.010000 25 650
127.010000 0 522
127.010000 1 589
127.010000 2 585
127.010000 3 450
127.010000 4 590
127.010000 5 589
127.010000 6 590
127.010000 7 449
127.010000 8 590
127.010000 9 590
127.010000 10 590
127.010000 11 590
127.010000 12 587
127.010000 13 590
127.010000 14 525
127.010000 15 587
127.010000 16 515
127.010000 17 385
127.010000 18 525
127.010000 19 588
127.010000 20 590
127.010000 21 590
127.010000 22 445
127.010000 23 590
127.010000 24 591
127.010000 25 591
128.010000 0 570
128.010000 1 649
128.010000 2 647
128.010000 3 498
128.010000 4 648
128.010000 5 647
128.010000 6 648
128.010000 7 495
128.010000 8 648
128.010000 9 648
128.010000 10 648
128.010000 11 648
128.010000 12 649
128.010000 13 648
128.010000 14 571
128.010000 15 647
128.010000 16 564
128.010000 17 421
128.010000 18 571
128.010000 19 648
128.010000 20 648
128.010000 21 648
128.010000 22 484
128.010000 23 648
128.010000 24 648
128.010000 25 648
129.010000 0 597
129.010000 1 684
129.010000 2 681
129.010000 3 513
129.010000 4 684
129.010000 5 683
129.010000 6 684
129.010000 7 516
129.010000 8 684
129.010000 9 684
129.010000 10 684
129.010000 11 684
129.010000 12 683
129.010000 13 684
129.010000 14 601
129.010000 15 682
129.010000 16 605
129.010000 17 431
129.010000 18 601
129.010000 19 683
129.010000 20 684
129.010000 21 684
129.010000 22 525
129.010000 23 684
129.010000 24 684
129.010000 25 684
130.010000 0 561
130.010000 1 646
130.010000 2 643
130.010000 3 485
130.010000 4 646
130.010000 5 645
130.010000 6 646
130.010000 7 495
130.010000 8 646
130.010000 9 646
130.010000 10 646
130.010000 11 646
130.010000 12 645
130.010000 13 646
130.010000 14 561
130.010000 15 644
130.010000 16 571
130.010000 17 399
130.010000 18 561
130.010000 19 645
130.010000 20 646
130.010000 21 646
130.010000 22 494
130.010000 23 646
130.010000 24 646
130.010000 25 646
131.010000 0 558
131.010000 1 640
131.010000 2 634
131.010000 3 488
131.010000 4 640
131.010000 5 639
131.010000 6 640
131.010000 7 493
131.010000 8 640
131.010000 9 640
131.010000 10 640
131.010000 11 640
131.010000 12 637
131.010000 13 639
131.010000 14 560
131.010000 15 637
131.010000 16 561
131.010000 17 408
131.010000 18 560
131.010000 19 637
131.010000 20 640
131.010000 21 640
131.010000 22 485
131.010000 23 640
131.010000 24 640
131.010000 25 640
132.010000 0 566
132.010000 1 655
132.010000 2 656
132.010000 3 489
132.010000 4 656
132.010000 5 655
132.010000 6 656
132.010000 7 501
132.010000 8 656
132.010000 9 656
132.010000 10 656
132.010000 11 656
132.010000 12 657
132.010000 13 657
132.010000 14 569
132.010000 15 655
132.010000 16 581
132.010000 17 402
132.010000 18 569
132.010000 19 657
132.010000 20 656
132.010000 21 656
132.010000 22 504
132.010000 23 656
132.010000 24 656
132.010000 25 656
133.010000 0 605
133.010000 1 688
133.010000 2 683
133.010000 3 528
133.010000 4 687
133.010000 5 686
133.010000 6 687
133.010000 7 512
133.010000 8 687
133.010000 9 687
133.010000 10 687
133.010000 11 687
133.010000 12 686
133.010000 13 687
133.010000 14 608
133.010000 15 685
133.010000 16 605
133.010000 17 450
133.010000 18 608
133.010000 19 685
133.010000 20 687
133.010000 21 687
133.010000 22 519
133.010000 23 687
133.010000 24 687
133.010000 25 687
134.010000 0 583
134.010000 1 668
134.010000 2 663
134.010000 3 505
134.010000 4 668
134.010000 5 665
134.010000 6 668
134.010000 7 513
134.010000 8 668
134.010000 9 668
134.010000 10 668
134.010000 11 668
134.010000 12 666
134.010000 13 668
134.010000 14 584
134.010000 15 663
134.010000 16 586
134.010000 17 420
134.010000 18 584
134.010000 19 666
134.010000 20 668
134.010000 21 668
134.010000 22 509
134.010000 23 668
134.010000 24 668
134.010000 25 668
135.010000 0 531
135.010000 1 621
135.010000 2 621
135.010000 3 463
135.010000 4 621
135.010000 5 622
135.010000 6 621
135.010000 7 479
135.010000 8 621
135.010000 9 621
135.010000 10 621
135.010000 11 620
135.010000 12 621
135.010000 13 621
135.010000 14 534
135.010000 15 622
135.010000 16 550
135.010000 17 377
135.010000 18 534
135.010000 19 622
135.010000 20 621
135.010000 21 621
135.010000 22 479
135.010000 23 621
135.010000 24 621
135.010000 25 621
136.010000 0 561
136.010000 1 626
136.010000 2 624
136.010000 3 479
136.010000 4 627
136.010000 5 626
136.010000 6 627
136.010000 7 467
136.010000 8 627
136.010000 9 627
136.010000 10 627
136.010000 11 628
136.010000 12 626
136.010000 13 627
136.010000 14 562
136.010000 15 625
136.010000 16 550
136.010000 17 413
136.010000 18 562
136.010000 19 626
136.010000 20 627
136.010000 21 627
136.010000 22 472
136.010000 23 627
136.010000 24 627
136.010000 25 627
137.010000 0 518
137.010000 1 612
137.010000 2 608
137.010000 3 458
137.010000 4 611
137.010000 5 610
137.010000 6 611
137.010000 7 470
137.010000 8 611
137.010000 9 611
137.010000 10 611
137.010000 11 611
137.010000 12 610
137.010000 13 611
137.010000 14 521
137.010000 15 609
137.010000 16 544
137.010000 17 369
137.010000 18 521
137.010000 19 610
137.010000 20 611
137.010000 21 611
137.010000 22 474
137.010000 23 611
137.010000 24 611
137.010000 25 611
138.010000 0 615
138.010000 1 696
138.010000 2 693
138.010000 3 529
138.010000 4 696
138.010000 5 695
138.010000 6 696
138.010000 7 526
138.010000 8 696
138.010000 9 696
138.010000 10 696
138.010000 11 696
138.010000 12 695
138.010000 13 696
138.010000 14 617
138.010000 15 694
138.010000 16 608
138.010000 17 450
138.010000 18 617
138.010000 19 695
138.010000 20 696
138.010000 21 696
138.010000 22 527
138.010000 23 696
138.010000 24 696
138.010000 25 696
139.010000 0 581
139.010000 1 661
139.010000 2 658
139.010000 3 507
139.010000 4 661
139.010000 5 660
139.010000 6 661
139.010000 7 504
139.010000 8 661
139.010000 9 661
139.010000 10 661
139.010000 11 661
139.010000 12 660
139.010000 13 661
139.010000 14 583
139.010000 15 659
139.010000 16 577
139.010000 17 429
139.010000 18 583
139.010000 19 660
139.010000 20 661
139.010000 21 661
139.010000 22 496
139.010000 23 661
139.010000 24 661
139.010000 25 661
140.010000 0 581
140.010000 1 663
140.010000 2 661
140.010000 3 500
140.010000 4 664
140.010000 5 662
140.010000 6 664
140.010000 7 504
140.010000 8 664
140.010000 9 664
140.010000 10 664
140.010000 11 664
140.010000 12 663
140.010000 13 664
140.010000 14 581
140.010000 15 661
140.010000 16 587
140.010000 17 416
140.010000 18 581
140.010000 19 663
140.010000 20 663
140.010000 21 664
140.010000 22 510
140.010000 23 663
140.010000 24 664
140.010000 25 664
141.010000 0 580
141.010000 1 670
141.010000 2 666
141.010000 3 504
141.010000 4 669
141.010000 5 669
141.010000 6 669
141.010000 7 507
141.010000 8 669
141.010000 9 669
141.010000 10 669
141.010000 11 669
141.010000 12 668
141.010000 13 669
141.010000 14 584
141.010000 15 668
141.010000 16 591
141.010000 17 419
141.010000 18 583
141.010000 19 668
141.010000 20 670
141.010000 21 669
141.010000 22 510
141.010000 23 670
141.010000 24 669
141.010000 25 669
142.010000 0 530
142.010000 1 621
142.010000 2 618
142.010000 3 462
142.010000 4 621
142.010000 5 620
142.010000 6 621
142.010000 7 477
142.010000 8 621
142.010000 9 621
142.010000 10 621
142.010000 11 620
142.010000 12 620
142.010000 13 621
142.010000 14 532
142.010000 15 619
142.010000 16 554
142.010000 17 374
142.010000 18 533
142.010000 19 620
142.010000 20 621
142.010000 21 621
142.010000 22 483
142.010000 23 621
142.010000 24 621
142.010000 25 621
143.010000 0 531
143.010000 1 591
143.010000 2 587
143.010000 3 460
143.010000 4 591
143.010000 5 588
143.010000 6 591
143.010000 7 447
143.010000 8 591
143.010000 9 591
143.010000 10 591
143.010000 11 592
143.010000 12 590
143.010000 13 591
143.010000 14 531
143.010000 15 587
143.010000 16 512
143.010000 17 399
143.010000 18 531
143.010000 19 590
143.010000 20 591
143.010000 21 591
143.010000 22 437
143.010000 23 591
143.010000 24 591
143.010000 25 591
144.010000 0 574
144.010000 1 661
144.010000 2 659
144.010000 3 496
144.010000 4 661
144.010000 5 662
144.010000 6 661
144.010000 7 499
144.010000 8 661
144.010000 9 661
144.010000 10 661
144.010000 11 661
144.010000 12 660
144.010000 13 661
144.010000 14 578
144.010000 15 661
144.010000 16 586
144.010000 17 414
144.010000 18 578
144.010000 19 660
144.010000 20 661
144.010000 21 661
144.010000 22 507
144.010000 23 661
144.010000 24 661
144.010000 25 661
145.010000 0 597
145.010000 1 681
145.010000 2 678
145.010000 3 522
145.010000 4 681
145.010000 5 680
145.010000 6 681
145.010000 7 524
145.010000 8 681
145.010000 9 681
145.010000 10 681
145.010000 11 681
145.010000 12 680
145.010000 13 681
145.010000 14 599
145.010000 15 679
145.010000 16 592
145.010000 17 440
145.010000 18 599
145.010000 19 680
145.010000 20 681
145.010000 21 681
145.010000 22 510
145.010000 23 681
145.010000 24 681
145.010000 25 681
146.010000 0 573
146.010000 1 659
146.010000 2 656
146.010000 3 489
146.010000 4 659
146.010000 5 658
146.010000 6 659
146.010000 7 502
146.010000 8 659
146.010000 9 659
146.010000 10 659
146.010000 11 659
146.010000 12 658
146.010000 13 659
146.010000 14 573
146.010000 15 657
146.010000 16 586
146.010000 17 402
146.010000 18 573
146.010000 19 658
146.010000 20 659
146.010000 21 659
146.010000 22 508
146.010000 23 659
146.010000 24 659
146.010000 25 659
147.010000 0 573
147.010000 1 654
147.010000 2 651
147.010000 3 498
147.010000 4 654
147.010000 5 653
147.010000 6 654
147.010000 7 496
147.010000 8 654
147.010000 9 653
147.010000 10 654
147.010000 11 654
147.010000 12 653
147.010000 13 653
147.010000 14 575
147.010000 15 652
147.010000 16 575
147.010000 17 419
147.010000 18 575
147.010000 19 653
147.010000 20 654
147.010000 21 654
147.010000 22 497
147.010000 23 654
147.010000 24 654
147.010000 25 654
148.010000 0 523
148.010000 1 602
148.010000 2 599
148.010000 3 453
148.010000 4 602
148.010000 5 601
148.010000 6 602
148.010000 7 455
148.010000 8 602
148.010000 9 603
148.010000 10 602
148.010000 11 602
148.010000 12 601
148.010000 13 603
148.010000 14 525
148.010000 15 600
148.010000 16 535
148.010000 17 376
148.010000 18 525
148.010000 19 601
148.010000 20 602
148.010000 21 602
148.010000 22 462
148.010000 23 602
148.010000 24 601
148.010000 25 602
149.010000 0 557
149.010000 1 632
149.010000 2 629
149.010000 3 479
149.010000 4 632
149.010000 5 631
149.010000 6 632
149.010000 7 481
149.010000 8 632
149.010000 9 632
149.010000 10 632
149.010000 11 632
149.010000 12 631
149.010000 13 632
149.010000 14 559
149.010000 15 630
149.010000 16 550
149.010000 17 406
149.010000 18 559
149.010000 19 631
149.010000 20 632
149.010000 21 632
149.010000 22 481
149.010000 23 632
149.010000 24 633
149.010000 25 632
