0.010000 0 3
0.010000 1 4
0.010000 2 4
0.010000 3 4
0.010000 4 3
0.010000 5 3
0.010000 6 4
0.010000 7 3
1.010000 0 8
1.010000 1 7
1.010000 2 6
1.010000 3 6
1.010000 4 7
1.010000 5 8
1.010000 6 6
1.010000 7 8
2.010000 0 6
2.010000 1 7
2.010000 2 7
2.010000 3 8
2.010000 4 7
2.010000 5 6
2.010000 6 8
2.010000 7 7
3.010000 0 7
3.010000 1 7
3.010000 2 7
3.010000 3 7
3.010000 4 8
3.010000 5 7
3.010000 6 7
3.010000 7 6
4.010000 0 7
4.010000 1 7
4.010000 2 7
4.010000 3 7
4.010000 4 6
4.010000 5 8
4.010000 6 7
4.010000 7 7
5.010000 0 8
5.010000 1 8
5.010000 2 8
5.010000 3 8
5.010000 4 8
5.010000 5 7
5.010000 6 8
5.010000 7 8
6.010000 0 6
6.010000 1 6
6.010000 2 6
6.010000 3 5
6.010000 4 6
6.010000 5 7
6.010000 6 6
6.010000 7 7
7.010000 0 10
7.010000 1 10
7.010000 2 10
7.010000 3 10
7.010000 4 10
7.010000 5 9
7.010000 6 9
7.010000 7 9
8.010000 0 5
8.010000 1 4
8.010000 2 5
8.010000 3 5
8.010000 4 5
8.010000 5 6
8.010000 6 6
8.010000 7 6
9.010000 0 7
9.010000 1 7
9.010000 2 8
9.010000 3 8
9.010000 4 7
9.010000 5 6
9.010000 6 7
9.010000 7 6
10.010000 0 6
10.010000 1 6
10.010000 2 6
10.010000 3 6
10.010000 4 7
10.010000 5 6
10.010000 6 6
10.010000 7 6
11.010000 0 8
11.010000 1 9
11.010000 2 7
11.010000 3 7
11.010000 4 7
11.010000 5 9
11.010000 6 7
11.010000 7 9
12.010000 0 7
12.010000 1 7
12.010000 2 7
12.010000 3 7
12.010000 4 8
12.010000 5 7
12.010000 6 7
12.010000 7 6
13.010000 0 7
13.010000 1 6
13.010000 2 6
13.010000 3 6
13.010000 4 5
13.010000 5 6
13.010000 6 6
13.010000 7 7
14.010000 0 8
14.010000 1 9
14.010000 2 9
14.010000 3 10
14.010000 4 9
14.010000 5 8
14.010000 6 9
14.010000 7 8
15.010000 0 6
15.010000 1 5
15.010000 2 5
15.010000 3 4
15.010000 4 5
15.010000 5 6
15.010000 6 5
15.010000 7 6
16.010000 0 650
16.010000 1 539
16.010000 2 443
16.010000 3 549
16.010000 4 652
16.010000 5 651
16.010000 6 652
16.010000 7 435
17.010000 0 650
17.010000 1 542
17.010000 2 435
17.010000 3 543
17.010000 4 649
17.010000 5 649
17.010000 6 649
17.010000 7 433
18.010000 0 633
18.010000 1 533
18.010000 2 421
18.010000 3 525
18.010000 4 632
18.010000 5 633
18.010000 6 632
18.010000 7 429
19.010000 0 601
19.010000 1 495
19.010000 2 408
19.010000 3 508
19.010000 4 602
19.010000 5 601
19.010000 6 602
19.010000 7 397
20.010000 0 679
20.010000 1 558
20.010000 2 463
20.010000 3 573
20.010000 4 679
20.010000 5 679
20.010000 6 679
20.010000 7 450
21.010000 0 665
21.010000 1 564
21.010000 2 439
21.010000 3 548
21.010000 4 665
21.010000 5 666
21.010000 6 666
21.010000 7 456
22.010000 0 637
22.010000 1 534
22.010000 2 424
22.010000 3 535
22.010000 4 638
22.010000 5 637
22.010000 6 637
22.010000 7 424
23.010000 0 658
23.010000 1 543
23.010000 2 446
23.010000 3 550
23.010000 4 657
23.010000 5 657
23.010000 6 656
23.010000 7 439
24.010000 0 666
24.010000 1 561
24.010000 2 441
24.010000 3 551
24.010000 4 666
24.010000 5 667
24.010000 6 667
24.010000 7 450
25.010000 0 654
25.010000 1 548
25.010000 2 436
25.010000 3 548
25.010000 4 654
25.010000 5 653
25.010000 6 654
25.010000 7 438
26.010000 0 667
26.010000 1 552
26.010000 2 450
26.010000 3 558
26.010000 4 667
26.010000 5 667
26.010000 6 667
26.010000 7 448
27.010000 0 669
27.010000 1 556
27.010000 2 452
27.010000 3 563
27.010000 4 669
27.010000 5 668
27.010000 6 668
27.010000 7 445
28.010000 0 615
28.010000 1 514
28.010000 2 412
28.010000 3 511
28.010000 4 615
28.010000 5 615
28.010000 6 615
28.010000 7 415
29.010000 0 650
29.010000 1 554
29.010000 2 421
29.010000 3 533
29.010000 4 650
29.010000 5 651
29.010000 6 651
29.010000 7 447
30.010000 0 677
30.010000 1 554
30.010000 2 467
30.010000 3 570
30.010000 4 677
30.010000 5 677
30.010000 6 677
30.010000 7 447
31.010000 0 659
31.010000 1 545
31.010000 2 448
31.010000 3 557
31.010000 4 660
31.010000 5 660
31.010000 6 660
31.010000 7 438
32.010000 0 649
32.010000 1 540
32.010000 2 435
32.010000 3 542
32.010000 4 648
32.010000 5 648
32.010000 6 648
32.010000 7 433
33.010000 0 654
33.010000 1 552
33.010000 2 433
33.010000 3 537
33.010000 4 654
33.010000 5 654
33.010000 6 654
33.010000 7 447
34.010000 0 637
34.010000 1 525
34.010000 2 433
34.010000 3 537
34.010000 4 637
34.010000 5 637
34.010000 6 637
34.010000 7 423
35.010000 0 622
35.010000 1 528
35.010000 2 410
35.010000 3 515
35.010000 4 621
35.010000 5 622
35.010000 6 621
35.010000 7 422
36.010000 0 686
36.010000 1 573
36.010000 2 458
36.010000 3 573
36.010000 4 687
36.010000 5 686
36.010000 6 687
36.010000 7 459
37.010000 0 647
37.010000 1 538
37.010000 2 436
37.010000 3 546
37.010000 4 647
37.010000 5 647
37.010000 6 647
37.010000 7 428
38.010000 0 654
38.010000 1 552
38.010000 2 436
38.010000 3 541
38.010000 4 654
38.010000 5 655
38.010000 6 655
38.010000 7 445
39.010000 0 669
39.010000 1 545
39.010000 2 459
39.010000 3 565
39.010000 4 669
39.010000 5 668
39.010000 6 668
39.010000 7 440
40.010000 0 618
40.010000 1 523
40.010000 2 407
40.010000 3 511
40.010000 4 617
40.010000 5 618
40.010000 6 618
40.010000 7 421
41.010000 0 691
41.010000 1 565
41.010000 2 476
41.010000 3 590
41.010000 4 691
41.010000 5 691
41.010000 6 690
41.010000 7 450
42.010000 0 637
42.010000 1 543
42.010000 2 414
42.010000 3 523
42.010000 4 638
42.010000 5 637
42.010000 6 638
42.010000 7 436
43.010000 0 661
43.010000 1 558
43.010000 2 438
43.010000 3 545
43.010000 4 661
43.010000 5 661
43.010000 6 660
43.010000 7 450
44.010000 0 666
44.010000 1 543
44.010000 2 457
44.010000 3 568
44.010000 4 666
44.010000 5 666
44.010000 6 667
44.010000 7 436
45.010000 0 673
45.010000 1 561
45.010000 2 452
45.010000 3 563
45.010000 4 673
45.010000 5 673
45.010000 6 673
45.010000 7 450
46.010000 0 670
46.010000 1 565
46.010000 2 445
46.010000 3 556
46.010000 4 670
46.010000 5 670
46.010000 6 670
46.010000 7 451
47.010000 0 623
47.010000 1 523
47.010000 2 416
47.010000 3 517
47.010000 4 622
47.010000 5 623
47.010000 6 623
47.010000 7 421
48.010000 0 652
48.010000 1 538
48.010000 2 443
48.010000 3 545
48.010000 4 653
48.010000 5 652
48.010000 6 652
48.010000 7 436
49.010000 0 655
49.010000 1 556
49.010000 2 431
49.010000 3 543
49.010000 4 654
49.010000 5 655
49.010000 6 655
49.010000 7 443
50.010000 0 693
50.010000 1 570
50.010000 2 472
50.010000 3 587
50.010000 4 694
50.010000 5 693
50.010000 6 693
50.010000 7 456
51.010000 0 644
51.010000 1 537
51.010000 2 433
51.010000 3 534
51.010000 4 643
51.010000 5 644
51.010000 6 643
51.010000 7 437
52.010000 0 641
52.010000 1 533
52.010000 2 431
52.010000 3 539
52.010000 4 642
52.010000 5 641
52.010000 6 642
52.010000 7 425
53.010000 0 653
53.010000 1 553
53.010000 2 429
53.010000 3 543
53.010000 4 652
53.010000 5 653
53.010000 6 653
53.010000 7 442
54.010000 0 643
54.010000 1 535
54.010000 2 434
54.010000 3 535
54.010000 4 645
54.010000 5 644
54.010000 6 644
54.010000 7 435
55.010000 0 675
55.010000 1 557
55.010000 2 458
55.010000 3 569
55.010000 4 674
55.010000 5 674
55.010000 6 674
55.010000 7 444
56.010000 0 687
56.010000 1 574
56.010000 2 460
56.010000 3 569
56.010000 4 687
56.010000 5 687
56.010000 6 687
56.010000 7 465
57.010000 0 621
57.010000 1 516
57.010000 2 418
57.010000 3 527
57.010000 4 621
57.010000 5 621
57.010000 6 621
57.010000 7 409
58.010000 0 644
58.010000 1 542
58.010000 2 425
58.010000 3 529
58.010000 4 644
58.010000 5 644
58.010000 6 644
58.010000 7 443
59.010000 0 657
59.010000 1 545
59.010000 2 445
59.010000 3 550
59.010000 4 657
59.010000 5 657
59.010000 6 657
59.010000 7 438
60.010000 0 667
60.010000 1 555
60.010000 2 448
60.010000 3 560
60.010000 4 667
60.010000 5 667
60.010000 6 667
60.010000 7 445
61.010000 0 659
61.010000 1 550
61.010000 2 442
61.010000 3 551
61.010000 4 659
61.010000 5 659
61.010000 6 659
61.010000 7 441
62.010000 0 655
62.010000 1 554
62.010000 2 432
62.010000 3 534
62.010000 4 655
62.010000 5 655
62.010000 6 655
62.010000 7 452
63.010000 0 639
63.010000 1 525
63.010000 2 438
63.010000 3 548
63.010000 4 640
63.010000 5 640
63.010000 6 640
63.010000 7 417
64.010000 0 715
64.010000 1 600
64.010000 2 474
64.010000 3 594
64.010000 4 714
64.010000 5 714
64.010000 6 713
64.010000 7 481
65.010000 0 615
65.010000 1 503
65.010000 2 422
65.010000 3 517
65.010000 4 615
65.010000 5 615
65.010000 6 616
65.010000 7 409
66.010000 0 618
66.010000 1 529
66.010000 2 405
66.010000 3 511
66.010000 4 618
66.010000 5 618
66.010000 6 619
66.010000 7 422
67.010000 0 682
67.010000 1 558
67.010000 2 467
67.010000 3 575
67.010000 4 683
67.010000 5 683
67.010000 6 682
67.010000 7 451
68.010000 0 638
68.010000 1 531
68.010000 2 428
68.010000 3 534
68.010000 4 637
68.010000 5 637
68.010000 6 637
68.010000 7 424
69.010000 0 658
69.010000 1 553
69.010000 2 438
69.010000 3 547
69.010000 4 658
69.010000 5 658
69.010000 6 658
69.010000 7 443
70.010000 0 652
70.010000 1 544
70.010000 2 437
70.010000 3 542
70.010000 4 652
70.010000 5 652
70.010000 6 652
70.010000 7 440
71.010000 0 675
71.010000 1 569
71.010000 2 447
71.010000 3 558
71.010000 4 675
71.010000 5 675
71.010000 6 675
71.010000 7 458
72.010000 0 636
72.010000 1 519
72.010000 2 439
72.010000 3 541
72.010000 4 636
72.010000 5 636
72.010000 6 636
72.010000 7 416
73.010000 0 650
73.010000 1 552
73.010000 2 427
73.010000 3 531
73.010000 4 650
73.010000 5 650
73.010000 6 650
73.010000 7 447
74.010000 0 663
74.010000 1 560
74.010000 2 439
74.010000 3 549
74.010000 4 662
74.010000 5 663
74.010000 6 663
74.010000 7 449
75.010000 0 636
75.010000 1 523
75.010000 2 435
75.010000 3 545
75.010000 4 638
75.010000 5 636
75.010000 6 637
75.010000 7 416
76.010000 0 662
76.010000 1 553
76.010000 2 441
76.010000 3 547
76.010000 4 661
76.010000 5 662
76.010000 6 661
76.010000 7 447
77.010000 0 674
77.010000 1 575
77.010000 2 442
77.010000 3 560
77.010000 4 675
77.010000 5 675
77.010000 6 675
77.010000 7 456
78.010000 0 655
78.010000 1 539
78.010000 2 443
78.010000 3 550
78.010000 4 653
78.010000 5 654
78.010000 6 653
78.010000 7 438
79.010000 0 668
79.010000 1 555
79.010000 2 450
79.010000 3 553
79.010000 4 669
79.010000 5 668
79.010000 6 669
79.010000 7 451
80.010000 0 656
80.010000 1 541
80.010000 2 449
80.010000 3 555
80.010000 4 657
80.010000 5 657
80.010000 6 657
80.010000 7 434
81.010000 0 646
81.010000 1 538
81.010000 2 432
81.010000 3 540
81.010000 4 645
81.010000 5 645
81.010000 6 645
81.010000 7 431
82.010000 0 666
82.010000 1 558
82.010000 2 444
82.010000 3 555
82.010000 4 666
82.010000 5 666
82.010000 6 666
82.010000 7 448
83.010000 0 650
83.010000 1 541
83.010000 2 439
83.010000 3 547
83.010000 4 649
83.010000 5 650
83.010000 6 649
83.010000 7 432
84.010000 0 646
84.010000 1 542
84.010000 2 430
84.010000 3 538
84.010000 4 647
84.010000 5 646
84.010000 6 647
84.010000 7 433
85.010000 0 658
85.010000 1 546
85.010000 2 445
85.010000 3 550
85.010000 4 658
85.010000 5 658
85.010000 6 657
85.010000 7 441
86.010000 0 648
86.010000 1 544
86.010000 2 433
86.010000 3 543
86.010000 4 649
86.010000 5 649
86.010000 6 650
86.010000 7 434
87.010000 0 651
87.010000 1 542
87.010000 2 435
87.010000 3 540
87.010000 4 650
87.010000 5 650
87.010000 6 650
87.010000 7 439
88.010000 0 631
88.010000 1 529
88.010000 2 422
88.010000 3 528
88.010000 4 631
88.010000 5 631
88.010000 6 631
88.010000 7 421
89.010000 0 698
89.010000 1 570
89.010000 2 479
89.010000 3 588
89.010000 4 698
89.010000 5 698
89.010000 6 698
89.010000 7 464
90.010000 0 618
90.010000 1 530
90.010000 2 400
90.010000 3 504
90.010000 4 617
90.010000 5 618
90.010000 6 618
90.010000 7 428
91.010000 0 670
91.010000 1 558
91.010000 2 452
91.010000 3 563
91.010000 4 670
91.010000 5 670
91.010000 6 669
91.010000 7 445
92.010000 0 663
92.010000 1 554
92.010000 2 445
92.010000 3 555
92.010000 4 665
92.010000 5 664
92.010000 6 665
92.010000 7 444
93.010000 0 652
93.010000 1 534
93.010000 2 448
93.010000 3 552
93.010000 4 651
93.010000 5 651
93.010000 6 652
93.010000 7 431
94.010000 0 678
94.010000 1 568
94.010000 2 451
94.010000 3 562
94.010000 4 678
94.010000 5 679
94.010000 6 678
94.010000 7 459
95.010000 0 618
95.010000 1 515
95.010000 2 413
95.010000 3 517
95.010000 4 618
95.010000 5 617
95.010000 6 617
95.010000 7 411
96.010000 0 630
96.010000 1 533
96.010000 2 418
96.010000 3 517
96.010000 4 631
96.010000 5 631
96.010000 6 630
96.010000 7 434
97.010000 0 660
97.010000 1 549
97.010000 2 442
97.010000 3 553
97.010000 4 659
97.010000 5 659
97.010000 6 660
97.010000 7 438
98.010000 0 670
98.010000 1 556
98.010000 2 453
98.010000 3 562
98.010000 4 670
98.010000 5 670
98.010000 6 670
98.010000 7 446
99.010000 0 673
99.010000 1 557
99.010000 2 456
99.010000 3 566
99.010000 4 672
99.010000 5 673
99.010000 6 672
99.010000 7 449
100.010000 0 652
100.010000 1 549
100.010000 2 433
100.010000 3 540
100.010000 4 653
100.010000 5 652
100.010000 6 653
100.010000 7 439
101.010000 0 630
101.010000 1 529
101.010000 2 419
101.010000 3 530
101.010000 4 630
101.010000 5 630
101.010000 6 629
101.010000 7 420
102.010000 0 656
102.010000 1 550
102.010000 2 439
102.010000 3 546
102.010000 4 655
102.010000 5 655
102.010000 6 657
102.010000 7 441
103.010000 0 641
103.010000 1 540
103.010000 2 426
103.010000 3 531
103.010000 4 640
103.010000 5 641
103.010000 6 641
103.010000 7 434
104.010000 0 665
104.010000 1 545
104.010000 2 458
104.010000 3 564
104.010000 4 666
104.010000 5 666
104.010000 6 665
104.010000 7 440
105.010000 0 680
105.010000 1 563
105.010000 2 457
105.010000 3 567
105.010000 4 680
105.010000 5 679
105.010000 6 680
105.010000 7 454
106.010000 0 614
106.010000 1 525
106.010000 2 400
106.010000 3 504
106.010000 4 614
106.010000 5 614
106.010000 6 614
106.010000 7 420
107.010000 0 658
107.010000 1 543
107.010000 2 450
107.010000 3 558
107.010000 4 659
107.010000 5 659
107.010000 6 659
107.010000 7 434
108.010000 0 669
108.010000 1 566
108.010000 2 442
108.010000 3 553
108.010000 4 668
108.010000 5 669
108.010000 6 668
108.010000 7 455
109.010000 0 636
109.010000 1 523
109.010000 2 432
109.010000 3 536
109.010000 4 636
109.010000 5 635
109.010000 6 636
109.010000 7 418
110.010000 0 680
110.010000 1 574
110.010000 2 452
110.010000 3 563
110.010000 4 681
110.010000 5 681
110.010000 6 681
110.010000 7 462
111.010000 0 666
111.010000 1 562
111.010000 2 438
111.010000 3 554
111.010000 4 665
111.010000 5 665
111.010000 6 664
111.010000 7 448
112.010000 0 665
112.010000 1 546
112.010000 2 454
112.010000 3 559
112.010000 4 665
112.010000 5 665
112.010000 6 666
112.010000 7 442
113.010000 0 651
113.010000 1 544
113.010000 2 436
113.010000 3 544
113.010000 4 651
113.010000 5 651
113.010000 6 651
113.010000 7 436
114.010000 0 626
114.010000 1 522
114.010000 2 420
114.010000 3 526
114.010000 4 626
114.010000 5 626
114.010000 6 626
114.010000 7 417
115.010000 0 675
115.010000 1 566
115.010000 2 451
115.010000 3 558
115.010000 4 676
115.010000 5 676
115.010000 6 676
115.010000 7 461
116.010000 0 667
116.010000 1 551
116.010000 2 451
116.010000 3 563
116.010000 4 666
116.010000 5 666
116.010000 6 666
116.010000 7 439
117.010000 0 647
117.010000 1 543
117.010000 2 431
117.010000 3 540
117.010000 4 647
117.010000 5 647
117.010000 6 647
117.010000 7 434
118.010000 0 625
118.010000 1 523
118.010000 2 419
118.010000 3 518
118.010000 4 625
118.010000 5 625
118.010000 6 625
118.010000 7 422
119.010000 0 672
119.010000 1 564
119.010000 2 447
119.010000 3 562
119.010000 4 672
119.010000 5 672
119.010000 6 672
119.010000 7 450
120.010000 0 672
120.010000 1 552
120.010000 2 459
120.010000 3 567
120.010000 4 672
120.010000 5 672
120.010000 6 671
120.010000 7 446
121.010000 0 644
121.010000 1 544
121.010000 2 425
121.010000 3 534
121.010000 4 644
121.010000 5 645
121.010000 6 645
121.010000 7 434
122.010000 0 657
122.010000 1 542
122.010000 2 449
122.010000 3 555
122.010000 4 657
122.010000 5 656
122.010000 6 657
122.010000 7 433
123.010000 0 647
123.010000 1 545
123.010000 2 430
123.010000 3 530
123.010000 4 648
123.010000 5 648
123.010000 6 648
123.010000 7 447
124.010000 0 645
124.010000 1 538
124.010000 2 433
124.010000 3 545
124.010000 4 645
124.010000 5 645
124.010000 6 645
124.010000 7 426
125.010000 0 658
125.010000 1 555
125.010000 2 434
125.010000 3 547
125.010000 4 657
125.010000 5 657
125.010000 6 657
125.010000 7 441
126.010000 0 676
126.010000 1 558
126.010000 2 459
126.010000 3 565
126.010000 4 676
126.010000 5 676
126.010000 6 676
126.010000 7 453
127.010000 0 668
127.010000 1 562
127.010000 2 446
127.010000 3 560
127.010000 4 669
127.010000 5 668
127.010000 6 669
127.010000 7 448
128.010000 0 636
128.010000 1 535
128.010000 2 420
128.010000 3 528
128.010000 4 636
128.010000 5 637
128.010000 6 636
128.010000 7 431
129.010000 0 653
129.010000 1 534
129.010000 2 447
129.010000 3 547
129.010000 4 652
129.010000 5 653
129.010000 6 652
129.010000 7 433
130.010000 0 654
130.010000 1 558
130.010000 2 428
130.010000 3 540
130.010000 4 654
130.010000 5 653
130.010000 6 654
130.010000 7 444
131.010000 0 658
131.010000 1 543
131.010000 2 447
131.010000 3 552
131.010000 4 658
131.010000 5 658
131.010000 6 658
131.010000 7 439
132.010000 0 628
132.010000 1 526
132.010000 2 419
132.010000 3 525
132.010000 4 627
132.010000 5 628
132.010000 6 627
132.010000 7 423
133.010000 0 649
133.010000 1 542
133.010000 2 435
133.010000 3 538
133.010000 4 650
133.010000 5 649
133.010000 6 650
133.010000 7 437
134.010000 0 661
134.010000 1 548
134.010000 2 447
134.010000 3 558
134.010000 4 661
134.010000 5 661
134.010000 6 660
134.010000 7 438
135.010000 0 689
135.010000 1 579
135.010000 2 458
135.010000 3 571
135.010000 4 689
135.010000 5 689
135.010000 6 690
135.010000 7 465
136.010000 0 645
136.010000 1 537
136.010000 2 434
136.010000 3 540
136.010000 4 644
136.010000 5 645
136.010000 6 644
136.010000 7 433
137.010000 0 649
137.010000 1 540
137.010000 2 435
137.010000 3 543
137.010000 4 650
137.010000 5 650
137.010000 6 650
137.010000 7 433
138.010000 0 667
138.010000 1 561
138.010000 2 447
138.010000 3 558
138.010000 4 668
138.010000 5 667
138.010000 6 668
138.010000 7 447
139.010000 0 664
139.010000 1 539
139.010000 2 457
139.010000 3 561
139.010000 4 662
139.010000 5 663
139.010000 6 663
139.010000 7 439
140.010000 0 637
140.010000 1 540
140.010000 2 418
140.010000 3 531
140.010000 4 638
140.010000 5 637
140.010000 6 637
140.010000 7 428
141.010000 0 639
141.010000 1 541
141.010000 2 422
141.010000 3 527
141.010000 4 639
141.010000 5 639
141.010000 6 639
141.010000 7 434
142.010000 0 642
142.010000 1 538
142.010000 2 427
142.010000 3 532
142.010000 4 642
142.010000 5 642
142.010000 6 642
142.010000 7 436
143.010000 0 675
143.010000 1 554
143.010000 2 462
143.010000 3 571
143.010000 4 675
143.010000 5 675
143.010000 6 675
143.010000 7 445
144.010000 0 636
144.010000 1 525
144.010000 2 433
144.010000 3 538
144.010000 4 635
144.010000 5 636
144.010000 6 636
144.010000 7 420
145.010000 0 656
145.010000 1 555
145.010000 2 431
145.010000 3 541
145.010000 4 657
145.010000 5 656
145.010000 6 656
145.010000 7 447
146.010000 0 666
146.010000 1 557
146.010000 2 448
146.010000 3 557
146.010000 4 667
146.010000 5 667
146.010000 6 667
146.010000 7 447
147.010000 0 682
147.010000 1 569
147.010000 2 457
147.010000 3 566
147.010000 4 681
147.010000 5 681
147.010000 6 680
147.010000 7 458
148.010000 0 628
148.010000 1 519
148.010000 2 425
148.010000 3 534
148.010000 4 628
148.010000 5 628
148.010000 6 629
148.010000 7 412
149.010000 0 663
149.010000 1 550
149.010000 2 449
149.010000 3 552
149.010000 4 663
149.010000 5 663
149.010000 6 663
149.010000 7 445
