0.010000 0 17
0.010000 1 22
0.010000 2 19
0.010000 3 22
0.010000 4 22
0.010000 5 18
0.010000 6 21
0.010000 7 22
0.010000 8 21
0.010000 9 21
0.010000 10 22
0.010000 11 21
0.010000 12 21
0.010000 13 22
0.010000 14 17
0.010000 15 17
0.010000 16 22
0.010000 17 21
0.010000 18 21
0.010000 19 21
0.010000 20 22
0.010000 21 22
0.010000 22 18
0.010000 23 20
0.010000 24 22
0.010000 25 21
0.010000 26 22
0.010000 27 21
1.010000 0 1233
1.010000 1 1335
1.010000 2 1238
1.010000 3 1329
1.010000 4 1339
1.010000 5 1316
1.010000 6 1363
1.010000 7 1284
1.010000 8 1357
1.010000 9 1326
1.010000 10 1307
1.010000 11 1332
1.010000 12 1292
1.010000 13 1311
1.010000 14 1311
1.010000 15 1284
1.010000 16 1350
1.010000 17 1316
1.010000 18 1327
1.010000 19 1321
1.010000 20 1352
1.010000 21 1300
1.010000 22 1303
1.010000 23 1353
1.010000 24 1331
1.010000 25 1321
1.010000 26 1354
1.010000 27 1365
2.010000 0 1145
2.010000 1 1262
2.010000 2 1178
2.010000 3 1222
2.010000 4 1236
2.010000 5 1249
2.010000 6 1257
2.010000 7 1271
2.010000 8 1239
2.010000 9 1271
2.010000 10 1190
2.010000 11 1249
2.010000 12 1254
2.010000 13 1233
2.010000 14 1225
2.010000 15 1229
2.010000 16 1233
2.010000 17 1193
2.010000 18 1227
2.010000 19 1235
2.010000 20 1210
2.010000 21 1264
2.010000 22 1253
2.010000 23 1234
2.010000 24 1243
2.010000 25 1244
2.010000 26 1272
2.010000 27 1255
3.010000 0 1250
3.010000 1 1338
3.010000 2 1238
3.010000 3 1272
3.010000 4 1274
3.010000 5 1284
3.010000 6 1313
3.010000 7 1278
3.010000 8 1330
3.010000 9 1288
3.010000 10 1290
3.010000 11 1315
3.010000 12 1313
3.010000 13 1298
3.010000 14 1316
3.010000 15 1263
3.010000 16 1308
3.010000 17 1256
3.010000 18 1309
3.010000 19 1292
3.010000 20 1333
3.010000 21 1322
3.010000 22 1294
3.010000 23 1271
3.010000 24 1331
3.010000 25 1296
3.010000 26 1313
3.010000 27 1311
4.010000 0 1338
4.010000 1 1452
4.010000 2 1377
4.010000 3 1451
4.010000 4 1448
4.010000 5 1447
4.010000 6 1466
4.010000 7 1440
4.010000 8 1469
4.010000 9 1467
4.010000 10 1458
4.010000 11 1465
4.010000 12 1448
4.010000 13 1448
4.010000 14 1416
4.010000 15 1416
4.010000 16 1482
4.010000 17 1406
4.010000 18 1428
4.010000 19 1447
4.010000 20 1436
4.010000 21 1462
4.010000 22 1445
4.010000 23 1468
4.010000 24 1442
4.010000 25 1445
4.010000 26 1463
4.010000 27 1468
5.010000 0 1179
5.010000 1 1236
5.010000 2 1137
5.010000 3 1207
5.010000 4 1218
5.010000 5 1208
5.010000 6 1238
5.010000 7 1205
5.010000 8 1237
5.010000 9 1246
5.010000 10 1213
5.010000 11 1235
5.010000 12 1208
5.010000 13 1214
5.010000 14 1243
5.010000 15 1181
5.010000 16 1232
5.010000 17 1194
5.010000 18 1227
5.010000 19 1212
5.010000 20 1247
5.010000 21 1221
5.010000 22 1208
5.010000 23 1213
5.010000 24 1213
5.010000 25 1214
5.010000 26 1229
5.010000 27 1230
6.010000 0 1175
6.010000 1 1280
6.010000 2 1191
6.010000 3 1261
6.010000 4 1260
6.010000 5 1278
6.010000 6 1278
6.010000 7 1257
6.010000 8 1257
6.010000 9 1275
6.010000 10 1240
6.010000 11 1301
6.010000 12 1258
6.010000 13 1287
6.010000 14 1238
6.010000 15 1252
6.010000 16 1275
6.010000 17 1233
6.010000 18 1259
6.010000 19 1259
6.010000 20 1267
6.010000 21 1271
6.010000 22 1289
6.010000 23 1257
6.010000 24 1260
6.010000 25 1262
6.010000 26 1278
6.010000 27 1274
7.010000 0 1394
7.010000 1 1443
7.010000 2 1335
7.010000 3 1438
7.010000 4 1420
7.010000 5 1414
7.010000 6 1441
7.010000 7 1371
7.010000 8 1439
7.010000 9 1436
7.010000 10 1404
7.010000 11 1416
7.010000 12 1406
7.010000 13 1422
7.010000 14 1449
7.010000 15 1372
7.010000 16 1467
7.010000 17 1422
7.010000 18 1432
7.010000 19 1405
7.010000 20 1431
7.010000 21 1427
7.010000 22 1415
7.010000 23 1411
7.010000 24 1412
7.010000 25 1422
7.010000 26 1429
7.010000 27 1439
8.010000 0 1392
8.010000 1 1537
8.010000 2 1427
8.010000 3 1524
8.010000 4 1513
8.010000 5 1498
8.010000 6 1532
8.010000 7 1532
8.010000 8 1524
8.010000 9 1524
8.010000 10 1485
8.010000 11 1515
8.010000 12 1506
8.010000 13 1474
8.010000 14 1477
8.010000 15 1480
8.010000 16 1517
8.010000 17 1498
8.010000 18 1499
8.010000 19 1512
8.010000 20 1511
8.010000 21 1511
8.010000 22 1462
8.010000 23 1502
8.010000 24 1471
8.010000 25 1507
8.010000 26 1521
8.010000 27 1527
9.010000 0 1228
9.010000 1 1291
9.010000 2 1198
9.010000 3 1244
9.010000 4 1270
9.010000 5 1279
9.010000 6 1256
9.010000 7 1256
9.010000 8 1289
9.010000 9 1273
9.010000 10 1252
9.010000 11 1288
9.010000 12 1273
9.010000 13 1253
9.010000 14 1277
9.010000 15 1267
9.010000 16 1285
9.010000 17 1210
9.010000 18 1272
9.010000 19 1276
9.010000 20 1276
9.010000 21 1269
9.010000 22 1298
9.010000 23 1258
9.010000 24 1299
9.010000 25 1256
9.010000 26 1283
9.010000 27 1271
10.010000 0 1282
10.010000 1 1376
10.010000 2 1282
10.010000 3 1368
10.010000 4 1355
10.010000 5 1350
10.010000 6 1370
10.010000 7 1341
10.010000 8 1370
10.010000 9 1372
10.010000 10 1338
10.010000 11 1369
10.010000 12 1352
10.010000 13 1378
10.010000 14 1351
10.010000 15 1321
10.010000 16 1371
10.010000 17 1346
10.010000 18 1357
10.010000 19 1349
10.010000 20 1360
10.010000 21 1361
10.010000 22 1347
10.010000 23 1347
10.010000 24 1316
10.010000 25 1358
10.010000 26 1363
10.010000 27 1367
11.010000 0 1350
11.010000 1 1440
11.010000 2 1344
11.010000 3 1438
11.010000 4 1419
11.010000 5 1413
11.010000 6 1436
11.010000 7 1404
11.010000 8 1432
11.010000 9 1432
11.010000 10 1392
11.010000 11 1430
11.010000 12 1421
11.010000 13 1411
11.010000 14 1417
11.010000 15 1396
11.010000 16 1434
11.010000 17 1413
11.010000 18 1413
11.010000 19 1419
11.010000 20 1423
11.010000 21 1422
11.010000 22 1376
11.010000 23 1407
11.010000 24 1414
11.010000 25 1413
11.010000 26 1432
11.010000 27 1429
12.010000 0 1292
12.010000 1 1385
12.010000 2 1323
12.010000 3 1349
12.010000 4 1361
12.010000 5 1375
12.010000 6 1378
12.010000 7 1350
12.010000 8 1386
12.010000 9 1374
12.010000 10 1310
12.010000 11 1378
12.010000 12 1374
12.010000 13 1381
12.010000 14 1367
12.010000 15 1351
12.010000 16 1381
12.010000 17 1320
12.010000 18 1363
12.010000 19 1369
12.010000 20 1370
12.010000 21 1372
12.010000 22 1362
12.010000 23 1354
12.010000 24 1366
12.010000 25 1362
12.010000 26 1395
12.010000 27 1352
13.010000 0 1123
13.010000 1 1202
13.010000 2 1111
13.010000 3 1168
13.010000 4 1183
13.010000 5 1175
13.010000 6 1196
13.010000 7 1171
13.010000 8 1201
13.010000 9 1191
13.010000 10 1203
13.010000 11 1209
13.010000 12 1182
13.010000 13 1175
13.010000 14 1188
13.010000 15 1158
13.010000 16 1194
13.010000 17 1153
13.010000 18 1191
13.010000 19 1184
13.010000 20 1186
13.010000 21 1185
13.010000 22 1208
13.010000 23 1173
13.010000 24 1181
13.010000 25 1176
13.010000 26 1197
13.010000 27 1192
14.010000 0 1322
14.010000 1 1425
14.010000 2 1326
14.010000 3 1405
14.010000 4 1403
14.010000 5 1404
14.010000 6 1419
14.010000 7 1385
14.010000 8 1417
14.010000 9 1416
14.010000 10 1360
14.010000 11 1412
14.010000 12 1389
14.010000 13 1389
14.010000 14 1397
14.010000 15 1376
14.010000 16 1409
14.010000 17 1382
14.010000 18 1396
14.010000 19 1393
14.010000 20 1401
14.010000 21 1376
14.010000 22 1387
14.010000 23 1390
14.010000 24 1396
14.010000 25 1398
14.010000 26 1413
14.010000 27 1441
15.010000 0 1163
15.010000 1 1238
15.010000 2 1186
15.010000 3 1226
15.010000 4 1241
15.010000 5 1228
15.010000 6 1260
15.010000 7 1222
15.010000 8 1252
15.010000 9 1256
15.010000 10 1243
15.010000 11 1254
15.010000 12 1256
15.010000 13 1239
15.010000 14 1230
15.010000 15 1206
15.010000 16 1256
15.010000 17 1197
15.010000 18 1232
15.010000 19 1240
15.010000 20 1245
15.010000 21 1276
15.010000 22 1236
15.010000 23 1249
15.010000 24 1260
15.010000 25 1235
15.010000 26 1249
15.010000 27 1249
16.010000 0 1562
16.010000 1 1754
16.010000 2 1661
16.010000 3 1714
16.010000 4 1731
16.010000 5 1740
16.010000 6 1748
16.010000 7 1714
16.010000 8 1746
16.010000 9 1746
16.010000 10 1708
16.010000 11 1743
16.010000 12 1725
16.010000 13 1632
16.010000 14 1659
16.010000 15 1712
16.010000 16 1702
16.010000 17 1624
16.010000 18 1650
16.010000 19 1723
16.010000 20 1735
16.010000 21 1731
16.010000 22 1718
16.010000 23 1722
16.010000 24 1722
16.010000 25 1619
16.010000 26 1740
16.010000 27 1745
17.010000 0 1540
17.010000 1 1678
17.010000 2 1594
17.010000 3 1678
17.010000 4 1656
17.010000 5 1648
17.010000 6 1677
17.010000 7 1641
17.010000 8 1670
17.010000 9 1671
17.010000 10 1640
17.010000 11 1668
17.010000 12 1661
17.010000 13 1551
17.010000 14 1585
17.010000 15 1620
17.010000 16 1611
17.010000 17 1578
17.010000 18 1595
17.010000 19 1653
17.010000 20 1664
17.010000 21 1687
17.010000 22 1623
17.010000 23 1645
17.010000 24 1650
17.010000 25 1556
17.010000 26 1668
17.010000 27 1656
18.010000 0 1413
18.010000 1 1599
18.010000 2 1524
18.010000 3 1572
18.010000 4 1586
18.010000 5 1557
18.010000 6 1592
18.010000 7 1572
18.010000 8 1639
18.010000 9 1595
18.010000 10 1569
18.010000 11 1617
18.010000 12 1590
18.010000 13 1442
18.010000 14 1483
18.010000 15 1534
18.010000 16 1503
18.010000 17 1458
18.010000 18 1490
18.010000 19 1588
18.010000 20 1588
18.010000 21 1584
18.010000 22 1599
18.010000 23 1576
18.010000 24 1611
18.010000 25 1441
18.010000 26 1602
18.010000 27 1611
19.010000 0 1522
19.010000 1 1726
19.010000 2 1640
19.010000 3 1666
19.010000 4 1691
19.010000 5 1703
19.010000 6 1703
19.010000 7 1669
19.010000 8 1666
19.010000 9 1711
19.010000 10 1665
19.010000 11 1692
19.010000 12 1699
19.010000 13 1551
19.010000 14 1610
19.010000 15 1687
19.010000 16 1633
19.010000 17 1579
19.010000 18 1619
19.010000 19 1692
19.010000 20 1679
19.010000 21 1706
19.010000 22 1675
19.010000 23 1681
19.010000 24 1681
19.010000 25 1589
19.010000 26 1696
19.010000 27 1698
20.010000 0 1478
20.010000 1 1624
20.010000 2 1586
20.010000 3 1608
20.010000 4 1616
20.010000 5 1624
20.010000 6 1639
20.010000 7 1611
20.010000 8 1652
20.010000 9 1638
20.010000 10 1605
20.010000 11 1661
20.010000 12 1630
20.010000 13 1513
20.010000 14 1539
20.010000 15 1590
20.010000 16 1575
20.010000 17 1499
20.010000 18 1531
20.010000 19 1627
20.010000 20 1632
20.010000 21 1631
20.010000 22 1616
20.010000 23 1639
20.010000 24 1626
20.010000 25 1487
20.010000 26 1638
20.010000 27 1627
21.010000 0 1583
21.010000 1 1748
21.010000 2 1652
21.010000 3 1715
21.010000 4 1725
21.010000 5 1719
21.010000 6 1746
21.010000 7 1712
21.010000 8 1738
21.010000 9 1741
21.010000 10 1713
21.010000 11 1722
21.010000 12 1720
21.010000 13 1614
21.010000 14 1668
21.010000 15 1684
21.010000 16 1687
21.010000 17 1631
21.010000 18 1661
21.010000 19 1719
21.010000 20 1732
21.010000 21 1752
21.010000 22 1723
21.010000 23 1723
21.010000 24 1719
21.010000 25 1619
21.010000 26 1739
21.010000 27 1742
22.010000 0 1487
22.010000 1 1637
22.010000 2 1545
22.010000 3 1636
22.010000 4 1614
22.010000 5 1613
22.010000 6 1629
22.010000 7 1604
22.010000 8 1631
22.010000 9 1631
22.010000 10 1634
22.010000 11 1645
22.010000 12 1614
22.010000 13 1501
22.010000 14 1549
22.010000 15 1588
22.010000 16 1587
22.010000 17 1535
22.010000 18 1534
22.010000 19 1607
22.010000 20 1592
22.010000 21 1605
22.010000 22 1610
22.010000 23 1605
22.010000 24 1614
22.010000 25 1476
22.010000 26 1625
22.010000 27 1629
23.010000 0 1559
23.010000 1 1708
23.010000 2 1593
23.010000 3 1686
23.010000 4 1684
23.010000 5 1677
23.010000 6 1694
23.010000 7 1674
23.010000 8 1721
23.010000 9 1686
23.010000 10 1665
23.010000 11 1706
23.010000 12 1659
23.010000 13 1497
23.010000 14 1618
23.010000 15 1663
23.010000 16 1623
23.010000 17 1587
23.010000 18 1612
23.010000 19 1688
23.010000 20 1696
23.010000 21 1676
23.010000 22 1672
23.010000 23 1669
23.010000 24 1679
23.010000 25 1539
23.010000 26 1696
23.010000 27 1705
24.010000 0 1474
24.010000 1 1650
24.010000 2 1591
24.010000 3 1634
24.010000 4 1632
24.010000 5 1619
24.010000 6 1653
24.010000 7 1610
24.010000 8 1632
24.010000 9 1650
24.010000 10 1646
24.010000 11 1632
24.010000 12 1650
24.010000 13 1484
24.010000 14 1549
24.010000 15 1597
24.010000 16 1574
24.010000 17 1531
24.010000 18 1550
24.010000 19 1641
24.010000 20 1636
24.010000 21 1653
24.010000 22 1620
24.010000 23 1633
24.010000 24 1625
24.010000 25 1490
24.010000 26 1644
24.010000 27 1661
25.010000 0 1587
25.010000 1 1730
25.010000 2 1651
25.010000 3 1698
25.010000 4 1716
25.010000 5 1710
25.010000 6 1746
25.010000 7 1699
25.010000 8 1754
25.010000 9 1730
25.010000 10 1715
25.010000 11 1737
25.010000 12 1715
25.010000 13 1589
25.010000 14 1665
25.010000 15 1674
25.010000 16 1663
25.010000 17 1610
25.010000 18 1639
25.010000 19 1701
25.010000 20 1717
25.010000 21 1697
25.010000 22 1707
25.010000 23 1699
25.010000 24 1679
25.010000 25 1599
25.010000 26 1722
25.010000 27 1720
26.010000 0 1504
26.010000 1 1633
26.010000 2 1573
26.010000 3 1600
26.010000 4 1605
26.010000 5 1611
26.010000 6 1638
26.010000 7 1594
26.010000 8 1615
26.010000 9 1623
26.010000 10 1594
26.010000 11 1607
26.010000 12 1615
26.010000 13 1475
26.010000 14 1547
26.010000 15 1595
26.010000 16 1560
26.010000 17 1501
26.010000 18 1552
26.010000 19 1631
26.010000 20 1626
26.010000 21 1619
26.010000 22 1601
26.010000 23 1604
26.010000 24 1633
26.010000 25 1469
26.010000 26 1619
26.010000 27 1624
27.010000 0 1368
27.010000 1 1514
27.010000 2 1432
27.010000 3 1517
27.010000 4 1493
27.010000 5 1502
27.010000 6 1508
27.010000 7 1497
27.010000 8 1513
27.010000 9 1508
27.010000 10 1482
27.010000 11 1532
27.010000 12 1486
27.010000 13 1325
27.010000 14 1423
27.010000 15 1475
27.010000 16 1440
27.010000 17 1413
27.010000 18 1403
27.010000 19 1498
27.010000 20 1504
27.010000 21 1516
27.010000 22 1492
27.010000 23 1478
27.010000 24 1493
27.010000 25 1335
27.010000 26 1531
27.010000 27 1506
28.010000 0 1545
28.010000 1 1797
28.010000 2 1709
28.010000 3 1749
28.010000 4 1765
28.010000 5 1767
28.010000 6 1779
28.010000 7 1752
28.010000 8 1767
28.010000 9 1772
28.010000 10 1727
28.010000 11 1755
28.010000 12 1777
28.010000 13 1621
28.010000 14 1646
28.010000 15 1765
28.010000 16 1705
28.010000 17 1645
28.010000 18 1655
28.010000 19 1777
28.010000 20 1770
28.010000 21 1762
28.010000 22 1740
28.010000 23 1783
28.010000 24 1755
28.010000 25 1623
28.010000 26 1746
28.010000 27 1787
29.010000 0 1505
29.010000 1 1615
29.010000 2 1523
29.010000 3 1596
29.010000 4 1591
29.010000 5 1610
29.010000 6 1622
29.010000 7 1617
29.010000 8 1619
29.010000 9 1634
29.010000 10 1597
29.010000 11 1621
29.010000 12 1568
29.010000 13 1488
29.010000 14 1552
29.010000 15 1552
29.010000 16 1553
29.010000 17 1494
29.010000 18 1545
29.010000 19 1574
29.010000 20 1618
29.010000 21 1635
29.010000 22 1601
29.010000 23 1598
29.010000 24 1596
29.010000 25 1443
29.010000 26 1625
29.010000 27 1617
30.010000 0 1420
30.010000 1 1640
30.010000 2 1492
30.010000 3 1597
30.010000 4 1612
30.010000 5 1585
30.010000 6 1629
30.010000 7 1602
30.010000 8 1624
30.010000 9 1620
30.010000 10 1591
30.010000 11 1620
30.010000 12 1596
30.010000 13 1487
30.010000 14 1504
30.010000 15 1556
30.010000 16 1554
30.010000 17 1496
30.010000 18 1522
30.010000 19 1594
30.010000 20 1610
30.010000 21 1637
30.010000 22 1603
30.010000 23 1601
30.010000 24 1623
30.010000 25 1525
30.010000 26 1635
30.010000 27 1646
31.010000 0 1516
31.010000 1 1662
31.010000 2 1582
31.010000 3 1651
31.010000 4 1638
31.010000 5 1630
31.010000 6 1658
31.010000 7 1621
31.010000 8 1654
31.010000 9 1653
31.010000 10 1620
31.010000 11 1653
31.010000 12 1638
31.010000 13 1542
31.010000 14 1569
31.010000 15 1596
31.010000 16 1589
31.010000 17 1549
31.010000 18 1565
31.010000 19 1637
31.010000 20 1647
31.010000 21 1641
31.010000 22 1639
31.010000 23 1622
31.010000 24 1630
31.010000 25 1510
31.010000 26 1647
31.010000 27 1648
32.010000 0 1500
32.010000 1 1687
32.010000 2 1600
32.010000 3 1657
32.010000 4 1669
32.010000 5 1663
32.010000 6 1699
32.010000 7 1689
32.010000 8 1685
32.010000 9 1705
32.010000 10 1648
32.010000 11 1678
32.010000 12 1668
32.010000 13 1541
32.010000 14 1578
32.010000 15 1648
32.010000 16 1617
32.010000 17 1556
32.010000 18 1583
32.010000 19 1673
32.010000 20 1668
32.010000 21 1670
32.010000 22 1648
32.010000 23 1649
32.010000 24 1657
32.010000 25 1517
32.010000 26 1683
32.010000 27 1673
33.010000 0 1497
33.010000 1 1654
33.010000 2 1565
33.010000 3 1628
33.010000 4 1636
33.010000 5 1641
33.010000 6 1650
33.010000 7 1621
33.010000 8 1663
33.010000 9 1640
33.010000 10 1615
33.010000 11 1645
33.010000 12 1634
33.010000 13 1502
33.010000 14 1551
33.010000 15 1624
33.010000 16 1611
33.010000 17 1527
33.010000 18 1567
33.010000 19 1636
33.010000 20 1642
33.010000 21 1635
33.010000 22 1632
33.010000 23 1641
33.010000 24 1628
33.010000 25 1489
33.010000 26 1636
33.010000 27 1647
34.010000 0 1478
34.010000 1 1658
34.010000 2 1550
34.010000 3 1625
34.010000 4 1664
34.010000 5 1636
34.010000 6 1652
34.010000 7 1627
34.010000 8 1653
34.010000 9 1645
34.010000 10 1615
34.010000 11 1671
34.010000 12 1633
34.010000 13 1484
34.010000 14 1537
34.010000 15 1619
34.010000 16 1569
34.010000 17 1509
34.010000 18 1553
34.010000 19 1632
34.010000 20 1645
34.010000 21 1660
34.010000 22 1634
34.010000 23 1635
34.010000 24 1638
34.010000 25 1488
34.010000 26 1651
34.010000 27 1647
35.010000 0 1459
35.010000 1 1602
35.010000 2 1493
35.010000 3 1589
35.010000 4 1610
35.010000 5 1566
35.010000 6 1620
35.010000 7 1576
35.010000 8 1611
35.010000 9 1598
35.010000 10 1572
35.010000 11 1595
35.010000 12 1576
35.010000 13 1465
35.010000 14 1505
35.010000 15 1541
35.010000 16 1542
35.010000 17 1496
35.010000 18 1528
35.010000 19 1579
35.010000 20 1590
35.010000 21 1590
35.010000 22 1597
35.010000 23 1577
35.010000 24 1580
35.010000 25 1465
35.010000 26 1599
35.010000 27 1608
36.010000 0 1577
36.010000 1 1774
36.010000 2 1682
36.010000 3 1744
36.010000 4 1751
36.010000 5 1754
36.010000 6 1764
36.010000 7 1739
36.010000 8 1770
36.010000 9 1764
36.010000 10 1727
36.010000 11 1766
36.010000 12 1741
36.010000 13 1623
36.010000 14 1673
36.010000 15 1729
36.010000 16 1705
36.010000 17 1648
36.010000 18 1654
36.010000 19 1748
36.010000 20 1776
36.010000 21 1750
36.010000 22 1740
36.010000 23 1747
36.010000 24 1753
36.010000 25 1619
36.010000 26 1761
36.010000 27 1758
37.010000 0 1469
37.010000 1 1642
37.010000 2 1560
37.010000 3 1613
37.010000 4 1622
37.010000 5 1618
37.010000 6 1638
37.010000 7 1613
37.010000 8 1637
37.010000 9 1635
37.010000 10 1606
37.010000 11 1633
37.010000 12 1619
37.010000 13 1481
37.010000 14 1522
37.010000 15 1582
37.010000 16 1569
37.010000 17 1507
37.010000 18 1553
37.010000 19 1610
37.010000 20 1650
37.010000 21 1656
37.010000 22 1616
37.010000 23 1618
37.010000 24 1645
37.010000 25 1485
37.010000 26 1630
37.010000 27 1633
38.010000 0 1472
38.010000 1 1620
38.010000 2 1498
38.010000 3 1598
38.010000 4 1593
38.010000 5 1582
38.010000 6 1610
38.010000 7 1588
38.010000 8 1609
38.010000 9 1607
38.010000 10 1615
38.010000 11 1613
38.010000 12 1577
38.010000 13 1459
38.010000 14 1526
38.010000 15 1543
38.010000 16 1567
38.010000 17 1495
38.010000 18 1513
38.010000 19 1569
38.010000 20 1606
38.010000 21 1606
38.010000 22 1629
38.010000 23 1591
38.010000 24 1576
38.010000 25 1460
38.010000 26 1606
38.010000 27 1603
39.010000 0 1565
39.010000 1 1739
39.010000 2 1671
39.010000 3 1733
39.010000 4 1718
39.010000 5 1722
39.010000 6 1733
39.010000 7 1705
39.010000 8 1731
39.010000 9 1728
39.010000 10 1695
39.010000 11 1729
39.010000 12 1731
39.010000 13 1575
39.010000 14 1635
39.010000 15 1705
39.010000 16 1641
39.010000 17 1635
39.010000 18 1633
39.010000 19 1722
39.010000 20 1719
39.010000 21 1717
39.010000 22 1705
39.010000 23 1708
39.010000 24 1719
39.010000 25 1597
39.010000 26 1739
39.010000 27 1728
40.010000 0 1470
40.010000 1 1603
40.010000 2 1514
40.010000 3 1572
40.010000 4 1582
40.010000 5 1576
40.010000 6 1613
40.010000 7 1573
40.010000 8 1597
40.010000 9 1609
40.010000 10 1574
40.010000 11 1621
40.010000 12 1578
40.010000 13 1449
40.010000 14 1511
40.010000 15 1549
40.010000 16 1557
40.010000 17 1465
40.010000 18 1513
40.010000 19 1582
40.010000 20 1608
40.010000 21 1610
40.010000 22 1583
40.010000 23 1575
40.010000 24 1585
40.010000 25 1441
40.010000 26 1594
40.010000 27 1595
41.010000 0 1535
41.010000 1 1691
41.010000 2 1610
41.010000 3 1674
41.010000 4 1681
41.010000 5 1682
41.010000 6 1694
41.010000 7 1664
41.010000 8 1695
41.010000 9 1686
41.010000 10 1652
41.010000 11 1685
41.010000 12 1671
41.010000 13 1541
41.010000 14 1616
41.010000 15 1659
41.010000 16 1627
41.010000 17 1587
41.010000 18 1606
41.010000 19 1673
41.010000 20 1680
41.010000 21 1681
41.010000 22 1671
41.010000 23 1689
41.010000 24 1663
41.010000 25 1549
41.010000 26 1686
41.010000 27 1684
42.010000 0 1373
42.010000 1 1569
42.010000 2 1476
42.010000 3 1547
42.010000 4 1548
42.010000 5 1539
42.010000 6 1572
42.010000 7 1539
42.010000 8 1569
42.010000 9 1559
42.010000 10 1533
42.010000 11 1558
42.010000 12 1540
42.010000 13 1422
42.010000 14 1456
42.010000 15 1513
42.010000 16 1489
42.010000 17 1434
42.010000 18 1446
42.010000 19 1540
42.010000 20 1550
42.010000 21 1569
42.010000 22 1544
42.010000 23 1566
42.010000 24 1543
42.010000 25 1396
42.010000 26 1575
42.010000 27 1561
43.010000 0 1474
43.010000 1 1636
43.010000 2 1537
43.010000 3 1601
43.010000 4 1621
43.010000 5 1608
43.010000 6 1645
43.010000 7 1604
43.010000 8 1624
43.010000 9 1640
43.010000 10 1595
43.010000 11 1626
43.010000 12 1609
43.010000 13 1502
43.010000 14 1543
43.010000 15 1585
43.010000 16 1553
43.010000 17 1510
43.010000 18 1541
43.010000 19 1611
43.010000 20 1616
43.010000 21 1615
43.010000 22 1612
43.010000 23 1611
43.010000 24 1622
43.010000 25 1499
43.010000 26 1620
43.010000 27 1634
44.010000 0 1393
44.010000 1 1584
44.010000 2 1505
44.010000 3 1563
44.010000 4 1586
44.010000 5 1576
44.010000 6 1581
44.010000 7 1562
44.010000 8 1576
44.010000 9 1577
44.010000 10 1553
44.010000 11 1581
44.010000 12 1557
44.010000 13 1448
44.010000 14 1464
44.010000 15 1545
44.010000 16 1512
44.010000 17 1448
44.010000 18 1470
44.010000 19 1557
44.010000 20 1572
44.010000 21 1596
44.010000 22 1576
44.010000 23 1561
44.010000 24 1575
44.010000 25 1425
44.010000 26 1577
44.010000 27 1577
45.010000 0 1358
45.010000 1 1553
45.010000 2 1499
45.010000 3 1532
45.010000 4 1533
45.010000 5 1539
45.010000 6 1565
45.010000 7 1552
45.010000 8 1546
45.010000 9 1540
45.010000 10 1517
45.010000 11 1540
45.010000 12 1548
45.010000 13 1367
45.010000 14 1434
45.010000 15 1526
45.010000 16 1466
45.010000 17 1414
45.010000 18 1423
45.010000 19 1548
45.010000 20 1549
45.010000 21 1533
45.010000 22 1521
45.010000 23 1527
45.010000 24 1525
45.010000 25 1385
45.010000 26 1540
45.010000 27 1541
46.010000 0 1519
46.010000 1 1666
46.010000 2 1577
46.010000 3 1643
46.010000 4 1646
46.010000 5 1655
46.010000 6 1662
46.010000 7 1634
46.010000 8 1667
46.010000 9 1658
46.010000 10 1625
46.010000 11 1661
46.010000 12 1638
46.010000 13 1504
46.010000 14 1571
46.010000 15 1632
46.010000 16 1593
46.010000 17 1543
46.010000 18 1575
46.010000 19 1644
46.010000 20 1649
46.010000 21 1653
46.010000 22 1659
46.010000 23 1636
46.010000 24 1650
46.010000 25 1524
46.010000 26 1667
46.010000 27 1658
47.010000 0 1458
47.010000 1 1588
47.010000 2 1473
47.010000 3 1579
47.010000 4 1562
47.010000 5 1539
47.010000 6 1578
47.010000 7 1559
47.010000 8 1582
47.010000 9 1576
47.010000 10 1570
47.010000 11 1585
47.010000 12 1559
47.010000 13 1439
47.010000 14 1500
47.010000 15 1517
47.010000 16 1508
47.010000 17 1471
47.010000 18 1499
47.010000 19 1564
47.010000 20 1599
47.010000 21 1566
47.010000 22 1567
47.010000 23 1559
47.010000 24 1594
47.010000 25 1418
47.010000 26 1575
47.010000 27 1580
48.010000 0 1529
48.010000 1 1736
48.010000 2 1663
48.010000 3 1695
48.010000 4 1693
48.010000 5 1725
48.010000 6 1725
48.010000 7 1695
48.010000 8 1726
48.010000 9 1722
48.010000 10 1690
48.010000 11 1720
48.010000 12 1719
48.010000 13 1567
48.010000 14 1621
48.010000 15 1711
48.010000 16 1646
48.010000 17 1585
48.010000 18 1605
48.010000 19 1716
48.010000 20 1689
48.010000 21 1715
48.010000 22 1698
48.010000 23 1715
48.010000 24 1709
48.010000 25 1596
48.010000 26 1742
48.010000 27 1721
49.010000 0 1547
49.010000 1 1681
49.010000 2 1587
49.010000 3 1670
49.010000 4 1661
49.010000 5 1637
49.010000 6 1673
49.010000 7 1645
49.010000 8 1680
49.010000 9 1669
49.010000 10 1656
49.010000 11 1687
49.010000 12 1665
49.010000 13 1562
49.010000 14 1583
49.010000 15 1625
49.010000 16 1614
49.010000 17 1574
49.010000 18 1606
49.010000 19 1673
49.010000 20 1663
49.010000 21 1663
49.010000 22 1655
49.010000 23 1646
49.010000 24 1661
49.010000 25 1544
49.010000 26 1677
49.010000 27 1673
50.010000 0 1607
50.010000 1 1757
50.010000 2 1668
50.010000 3 1749
50.010000 4 1734
50.010000 5 1747
50.010000 6 1761
50.010000 7 1728
50.010000 8 1754
50.010000 9 1759
50.010000 10 1683
50.010000 11 1747
50.010000 12 1725
50.010000 13 1642
50.010000 14 1678
50.010000 15 1692
50.010000 16 1714
50.010000 17 1653
50.010000 18 1662
50.010000 19 1711
50.010000 20 1749
50.010000 21 1752
50.010000 22 1736
50.010000 23 1761
50.010000 24 1733
50.010000 25 1622
50.010000 26 1752
50.010000 27 1754
51.010000 0 1411
51.010000 1 1581
51.010000 2 1494
51.010000 3 1578
51.010000 4 1586
51.010000 5 1545
51.010000 6 1597
51.010000 7 1520
51.010000 8 1576
51.010000 9 1572
51.010000 10 1571
51.010000 11 1570
51.010000 12 1550
51.010000 13 1405
51.010000 14 1466
51.010000 15 1514
51.010000 16 1499
51.010000 17 1467
51.010000 18 1472
51.010000 19 1566
51.010000 20 1593
51.010000 21 1586
51.010000 22 1555
51.010000 23 1555
51.010000 24 1559
51.010000 25 1427
51.010000 26 1591
51.010000 27 1575
52.010000 0 1636
52.010000 1 1767
52.010000 2 1673
52.010000 3 1753
52.010000 4 1747
52.010000 5 1737
52.010000 6 1764
52.010000 7 1730
52.010000 8 1761
52.010000 9 1756
52.010000 10 1712
52.010000 11 1768
52.010000 12 1750
52.010000 13 1626
52.010000 14 1686
52.010000 15 1720
52.010000 16 1705
52.010000 17 1671
52.010000 18 1701
52.010000 19 1746
52.010000 20 1723
52.010000 21 1750
52.010000 22 1731
52.010000 23 1737
52.010000 24 1742
52.010000 25 1625
52.010000 26 1737
52.010000 27 1754
53.010000 0 1514
53.010000 1 1682
53.010000 2 1585
53.010000 3 1647
53.010000 4 1662
53.010000 5 1668
53.010000 6 1672
53.010000 7 1666
53.010000 8 1680
53.010000 9 1665
53.010000 10 1669
53.010000 11 1678
53.010000 12 1653
53.010000 13 1521
53.010000 14 1577
53.010000 15 1646
53.010000 16 1609
53.010000 17 1541
53.010000 18 1589
53.010000 19 1662
53.010000 20 1666
53.010000 21 1662
53.010000 22 1656
53.010000 23 1644
53.010000 24 1662
53.010000 25 1520
53.010000 26 1673
53.010000 27 1672
54.010000 0 1474
54.010000 1 1670
54.010000 2 1561
54.010000 3 1628
54.010000 4 1627
54.010000 5 1630
54.010000 6 1644
54.010000 7 1605
54.010000 8 1646
54.010000 9 1638
54.010000 10 1614
54.010000 11 1639
54.010000 12 1627
54.010000 13 1510
54.010000 14 1543
54.010000 15 1615
54.010000 16 1584
54.010000 17 1526
54.010000 18 1547
54.010000 19 1634
54.010000 20 1659
54.010000 21 1635
54.010000 22 1620
54.010000 23 1621
54.010000 24 1625
54.010000 25 1519
54.010000 26 1645
54.010000 27 1643
55.010000 0 1347
55.010000 1 1549
55.010000 2 1443
55.010000 3 1517
55.010000 4 1536
55.010000 5 1522
55.010000 6 1539
55.010000 7 1552
55.010000 8 1556
55.010000 9 1560
55.010000 10 1509
55.010000 11 1538
55.010000 12 1508
55.010000 13 1385
55.010000 14 1417
55.010000 15 1489
55.010000 16 1455
55.010000 17 1393
55.010000 18 1416
55.010000 19 1506
55.010000 20 1532
55.010000 21 1553
55.010000 22 1543
55.010000 23 1537
55.010000 24 1521
55.010000 25 1358
55.010000 26 1537
55.010000 27 1537
56.010000 0 1550
56.010000 1 1706
56.010000 2 1620
56.010000 3 1696
56.010000 4 1693
56.010000 5 1687
56.010000 6 1711
56.010000 7 1653
56.010000 8 1724
56.010000 9 1720
56.010000 10 1686
56.010000 11 1704
56.010000 12 1696
56.010000 13 1577
56.010000 14 1620
56.010000 15 1664
56.010000 16 1655
56.010000 17 1609
56.010000 18 1635
56.010000 19 1694
56.010000 20 1726
56.010000 21 1725
56.010000 22 1693
56.010000 23 1687
56.010000 24 1692
56.010000 25 1587
56.010000 26 1717
56.010000 27 1709
57.010000 0 1562
57.010000 1 1721
57.010000 2 1623
57.010000 3 1702
57.010000 4 1699
57.010000 5 1697
57.010000 6 1691
57.010000 7 1687
57.010000 8 1741
57.010000 9 1726
57.010000 10 1679
57.010000 11 1714
57.010000 12 1697
57.010000 13 1578
57.010000 14 1645
57.010000 15 1679
57.010000 16 1649
57.010000 17 1614
57.010000 18 1620
57.010000 19 1699
57.010000 20 1678
57.010000 21 1698
57.010000 22 1689
57.010000 23 1685
57.010000 24 1701
57.010000 25 1574
57.010000 26 1718
57.010000 27 1709
58.010000 0 1367
58.010000 1 1546
58.010000 2 1482
58.010000 3 1517
58.010000 4 1513
58.010000 5 1520
58.010000 6 1557
58.010000 7 1546
58.010000 8 1544
58.010000 9 1559
58.010000 10 1507
58.010000 11 1537
58.010000 12 1544
58.010000 13 1404
58.010000 14 1440
58.010000 15 1505
58.010000 16 1466
58.010000 17 1419
58.010000 18 1439
58.010000 19 1531
58.010000 20 1548
58.010000 21 1526
58.010000 22 1513
58.010000 23 1491
58.010000 24 1517
58.010000 25 1374
58.010000 26 1557
58.010000 27 1554
59.010000 0 1510
59.010000 1 1705
59.010000 2 1616
59.010000 3 1661
59.010000 4 1674
59.010000 5 1675
59.010000 6 1703
59.010000 7 1693
59.010000 8 1693
59.010000 9 1713
59.010000 10 1672
59.010000 11 1700
59.010000 12 1672
59.010000 13 1552
59.010000 14 1587
59.010000 15 1642
59.010000 16 1638
59.010000 17 1545
59.010000 18 1602
59.010000 19 1695
59.010000 20 1709
59.010000 21 1705
59.010000 22 1681
59.010000 23 1700
59.010000 24 1687
59.010000 25 1570
59.010000 26 1698
59.010000 27 1693
60.010000 0 1546
60.010000 1 1735
60.010000 2 1638
60.010000 3 1712
60.010000 4 1732
60.010000 5 1721
60.010000 6 1759
60.010000 7 1701
60.010000 8 1720
60.010000 9 1732
60.010000 10 1703
60.010000 11 1724
60.010000 12 1706
60.010000 13 1570
60.010000 14 1629
60.010000 15 1689
60.010000 16 1662
60.010000 17 1608
60.010000 18 1625
60.010000 19 1699
60.010000 20 1695
60.010000 21 1720
60.010000 22 1708
60.010000 23 1743
60.010000 24 1738
60.010000 25 1587
60.010000 26 1728
60.010000 27 1732
61.010000 0 1451
61.010000 1 1586
61.010000 2 1520
61.010000 3 1583
61.010000 4 1569
61.010000 5 1564
61.010000 6 1563
61.010000 7 1557
61.010000 8 1603
61.010000 9 1593
61.010000 10 1555
61.010000 11 1585
61.010000 12 1582
61.010000 13 1449
61.010000 14 1495
61.010000 15 1541
61.010000 16 1524
61.010000 17 1471
61.010000 18 1491
61.010000 19 1574
61.010000 20 1575
61.010000 21 1577
61.010000 22 1566
61.010000 23 1570
61.010000 24 1566
61.010000 25 1442
61.010000 26 1579
61.010000 27 1584
62.010000 0 1653
62.010000 1 1818
62.010000 2 1684
62.010000 3 1777
62.010000 4 1822
62.010000 5 1777
62.010000 6 1803
62.010000 7 1778
62.010000 8 1804
62.010000 9 1797
62.010000 10 1756
62.010000 11 1802
62.010000 12 1774
62.010000 13 1668
62.010000 14 1726
62.010000 15 1748
62.010000 16 1745
62.010000 17 1694
62.010000 18 1726
62.010000 19 1770
62.010000 20 1791
62.010000 21 1781
62.010000 22 1770
62.010000 23 1741
62.010000 24 1795
62.010000 25 1678
62.010000 26 1806
62.010000 27 1802
63.010000 0 1450
63.010000 1 1633
63.010000 2 1567
63.010000 3 1614
63.010000 4 1610
63.010000 5 1615
63.010000 6 1635
63.010000 7 1597
63.010000 8 1611
63.010000 9 1628
63.010000 10 1597
63.010000 11 1619
63.010000 12 1615
63.010000 13 1489
63.010000 14 1506
63.010000 15 1601
63.010000 16 1562
63.010000 17 1501
63.010000 18 1517
63.010000 19 1634
63.010000 20 1611
63.010000 21 1635
63.010000 22 1581
63.010000 23 1601
63.010000 24 1609
63.010000 25 1505
63.010000 26 1619
63.010000 27 1617
64.010000 0 1367
64.010000 1 1564
64.010000 2 1488
64.010000 3 1540
64.010000 4 1538
64.010000 5 1544
64.010000 6 1579
64.010000 7 1563
64.010000 8 1579
64.010000 9 1582
64.010000 10 1528
64.010000 11 1553
64.010000 12 1537
64.010000 13 1424
64.010000 14 1433
64.010000 15 1519
64.010000 16 1518
64.010000 17 1418
64.010000 18 1442
64.010000 19 1554
64.010000 20 1554
64.010000 21 1549
64.010000 22 1532
64.010000 23 1541
64.010000 24 1538
64.010000 25 1419
64.010000 26 1535
64.010000 27 1553
65.010000 0 1488
65.010000 1 1667
65.010000 2 1580
65.010000 3 1627
65.010000 4 1646
65.010000 5 1643
65.010000 6 1660
65.010000 7 1631
65.010000 8 1661
65.010000 9 1656
65.010000 10 1628
65.010000 11 1662
65.010000 12 1634
65.010000 13 1527
65.010000 14 1571
65.010000 15 1617
65.010000 16 1605
65.010000 17 1539
65.010000 18 1575
65.010000 19 1655
65.010000 20 1669
65.010000 21 1646
65.010000 22 1637
65.010000 23 1638
65.010000 24 1671
65.010000 25 1500
65.010000 26 1681
65.010000 27 1657
66.010000 0 1483
66.010000 1 1653
66.010000 2 1581
66.010000 3 1611
66.010000 4 1614
66.010000 5 1623
66.010000 6 1626
66.010000 7 1605
66.010000 8 1649
66.010000 9 1631
66.010000 10 1608
66.010000 11 1630
66.010000 12 1619
66.010000 13 1521
66.010000 14 1539
66.010000 15 1602
66.010000 16 1574
66.010000 17 1512
66.010000 18 1555
66.010000 19 1633
66.010000 20 1626
66.010000 21 1602
66.010000 22 1608
66.010000 23 1620
66.010000 24 1620
66.010000 25 1481
66.010000 26 1620
66.010000 27 1629
67.010000 0 1502
67.010000 1 1686
67.010000 2 1593
67.010000 3 1651
67.010000 4 1666
67.010000 5 1653
67.010000 6 1676
67.010000 7 1650
67.010000 8 1682
67.010000 9 1675
67.010000 10 1677
67.010000 11 1678
67.010000 12 1675
67.010000 13 1530
67.010000 14 1581
67.010000 15 1643
67.010000 16 1616
67.010000 17 1550
67.010000 18 1579
67.010000 19 1670
67.010000 20 1668
67.010000 21 1664
67.010000 22 1659
67.010000 23 1641
67.010000 24 1661
67.010000 25 1531
67.010000 26 1700
67.010000 27 1672
68.010000 0 1486
68.010000 1 1663
68.010000 2 1584
68.010000 3 1642
68.010000 4 1642
68.010000 5 1635
68.010000 6 1660
68.010000 7 1628
68.010000 8 1658
68.010000 9 1667
68.010000 10 1628
68.010000 11 1648
68.010000 12 1654
68.010000 13 1468
68.010000 14 1554
68.010000 15 1621
68.010000 16 1606
68.010000 17 1537
68.010000 18 1556
68.010000 19 1648
68.010000 20 1645
68.010000 21 1668
68.010000 22 1634
68.010000 23 1639
68.010000 24 1637
68.010000 25 1539
68.010000 26 1655
68.010000 27 1653
69.010000 0 1530
69.010000 1 1702
69.010000 2 1605
69.010000 3 1677
69.010000 4 1686
69.010000 5 1688
69.010000 6 1697
69.010000 7 1674
69.010000 8 1696
69.010000 9 1700
69.010000 10 1666
69.010000 11 1673
69.010000 12 1662
69.010000 13 1602
69.010000 14 1598
69.010000 15 1640
69.010000 16 1654
69.010000 17 1584
69.010000 18 1611
69.010000 19 1670
69.010000 20 1683
69.010000 21 1690
69.010000 22 1676
69.010000 23 1674
69.010000 24 1676
69.010000 25 1578
69.010000 26 1711
69.010000 27 1696
70.010000 0 1478
70.010000 1 1624
70.010000 2 1579
70.010000 3 1612
70.010000 4 1607
70.010000 5 1610
70.010000 6 1623
70.010000 7 1591
70.010000 8 1635
70.010000 9 1620
70.010000 10 1594
70.010000 11 1641
70.010000 12 1619
70.010000 13 1463
70.010000 14 1521
70.010000 15 1584
70.010000 16 1562
70.010000 17 1502
70.010000 18 1530
70.010000 19 1623
70.010000 20 1614
70.010000 21 1614
70.010000 22 1601
70.010000 23 1606
70.010000 24 1604
70.010000 25 1456
70.010000 26 1621
70.010000 27 1614
71.010000 0 1491
71.010000 1 1630
71.010000 2 1537
71.010000 3 1623
71.010000 4 1612
71.010000 5 1589
71.010000 6 1642
71.010000 7 1599
71.010000 8 1628
71.010000 9 1620
71.010000 10 1595
71.010000 11 1626
71.010000 12 1611
71.010000 13 1472
71.010000 14 1540
71.010000 15 1569
71.010000 16 1561
71.010000 17 1519
71.010000 18 1544
71.010000 19 1612
71.010000 20 1629
71.010000 21 1590
71.010000 22 1603
71.010000 23 1625
71.010000 24 1607
71.010000 25 1467
71.010000 26 1634
71.010000 27 1627
72.010000 0 1520
72.010000 1 1639
72.010000 2 1527
72.010000 3 1639
72.010000 4 1625
72.010000 5 1621
72.010000 6 1643
72.010000 7 1633
72.010000 8 1640
72.010000 9 1638
72.010000 10 1644
72.010000 11 1646
72.010000 12 1597
72.010000 13 1469
72.010000 14 1555
72.010000 15 1582
72.010000 16 1562
72.010000 17 1531
72.010000 18 1559
72.010000 19 1608
72.010000 20 1633
72.010000 21 1631
72.010000 22 1629
72.010000 23 1649
72.010000 24 1624
72.010000 25 1479
72.010000 26 1633
72.010000 27 1635
73.010000 0 1457
73.010000 1 1599
73.010000 2 1501
73.010000 3 1582
73.010000 4 1578
73.010000 5 1576
73.010000 6 1598
73.010000 7 1570
73.010000 8 1604
73.010000 9 1589
73.010000 10 1559
73.010000 11 1594
73.010000 12 1571
73.010000 13 1468
73.010000 14 1515
73.010000 15 1545
73.010000 16 1520
73.010000 17 1478
73.010000 18 1495
73.010000 19 1566
73.010000 20 1595
73.010000 21 1613
73.010000 22 1581
73.010000 23 1597
73.010000 24 1573
73.010000 25 1442
73.010000 26 1589
73.010000 27 1588
74.010000 0 1662
74.010000 1 1820
74.010000 2 1728
74.010000 3 1799
74.010000 4 1793
74.010000 5 1784
74.010000 6 1815
74.010000 7 1780
74.010000 8 1800
74.010000 9 1815
74.010000 10 1776
74.010000 11 1813
74.010000 12 1795
74.010000 13 1725
74.010000 14 1731
74.010000 15 1762
74.010000 16 1787
74.010000 17 1705
74.010000 18 1726
74.010000 19 1813
74.010000 20 1804
74.010000 21 1792
74.010000 22 1759
74.010000 23 1788
74.010000 24 1796
74.010000 25 1676
74.010000 26 1807
74.010000 27 1808
75.010000 0 1626
75.010000 1 1784
75.010000 2 1685
75.010000 3 1770
75.010000 4 1778
75.010000 5 1772
75.010000 6 1796
75.010000 7 1800
75.010000 8 1791
75.010000 9 1796
75.010000 10 1758
75.010000 11 1792
75.010000 12 1768
75.010000 13 1655
75.010000 14 1712
75.010000 15 1738
75.010000 16 1733
75.010000 17 1696
75.010000 18 1722
75.010000 19 1764
75.010000 20 1785
75.010000 21 1784
75.010000 22 1771
75.010000 23 1796
75.010000 24 1769
75.010000 25 1669
75.010000 26 1769
75.010000 27 1793
76.010000 0 1507
76.010000 1 1704
76.010000 2 1628
76.010000 3 1667
76.010000 4 1680
76.010000 5 1683
76.010000 6 1696
76.010000 7 1667
76.010000 8 1698
76.010000 9 1692
76.010000 10 1653
76.010000 11 1663
76.010000 12 1691
76.010000 13 1571
76.010000 14 1598
76.010000 15 1674
76.010000 16 1641
76.010000 17 1573
76.010000 18 1589
76.010000 19 1694
76.010000 20 1679
76.010000 21 1692
76.010000 22 1670
76.010000 23 1671
76.010000 24 1674
76.010000 25 1585
76.010000 26 1714
76.010000 27 1668
77.010000 0 1513
77.010000 1 1696
77.010000 2 1584
77.010000 3 1680
77.010000 4 1681
77.010000 5 1663
77.010000 6 1699
77.010000 7 1664
77.010000 8 1695
77.010000 9 1683
77.010000 10 1657
77.010000 11 1684
77.010000 12 1663
77.010000 13 1546
77.010000 14 1595
77.010000 15 1637
77.010000 16 1627
77.010000 17 1584
77.010000 18 1593
77.010000 19 1663
77.010000 20 1676
77.010000 21 1676
77.010000 22 1662
77.010000 23 1670
77.010000 24 1670
77.010000 25 1565
77.010000 26 1689
77.010000 27 1709
78.010000 0 1395
78.010000 1 1550
78.010000 2 1462
78.010000 3 1525
78.010000 4 1524
78.010000 5 1517
78.010000 6 1547
78.010000 7 1514
78.010000 8 1567
78.010000 9 1543
78.010000 10 1520
78.010000 11 1539
78.010000 12 1526
78.010000 13 1384
78.010000 14 1453
78.010000 15 1494
78.010000 16 1490
78.010000 17 1414
78.010000 18 1444
78.010000 19 1528
78.010000 20 1538
78.010000 21 1563
78.010000 22 1525
78.010000 23 1522
78.010000 24 1528
78.010000 25 1404
78.010000 26 1540
78.010000 27 1553
79.010000 0 1596
79.010000 1 1765
79.010000 2 1680
79.010000 3 1732
79.010000 4 1756
79.010000 5 1731
79.010000 6 1755
79.010000 7 1725
79.010000 8 1753
79.010000 9 1765
79.010000 10 1721
79.010000 11 1748
79.010000 12 1754
79.010000 13 1609
79.010000 14 1671
79.010000 15 1729
79.010000 16 1689
79.010000 17 1634
79.010000 18 1662
79.010000 19 1764
79.010000 20 1742
79.010000 21 1711
79.010000 22 1727
79.010000 23 1735
79.010000 24 1739
79.010000 25 1613
79.010000 26 1730
79.010000 27 1772
80.010000 0 1421
80.010000 1 1537
80.010000 2 1446
80.010000 3 1530
80.010000 4 1524
80.010000 5 1529
80.010000 6 1539
80.010000 7 1511
80.010000 8 1548
80.010000 9 1538
80.010000 10 1547
80.010000 11 1543
80.010000 12 1489
80.010000 13 1390
80.010000 14 1457
80.010000 15 1473
80.010000 16 1474
80.010000 17 1423
80.010000 18 1459
80.010000 19 1514
80.010000 20 1539
80.010000 21 1538
80.010000 22 1546
80.010000 23 1520
80.010000 24 1522
80.010000 25 1379
80.010000 26 1559
80.010000 27 1537
81.010000 0 1602
81.010000 1 1750
81.010000 2 1623
81.010000 3 1712
81.010000 4 1721
81.010000 5 1715
81.010000 6 1745
81.010000 7 1710
81.010000 8 1726
81.010000 9 1742
81.010000 10 1706
81.010000 11 1741
81.010000 12 1722
81.010000 13 1599
81.010000 14 1663
81.010000 15 1688
81.010000 16 1688
81.010000 17 1616
81.010000 18 1664
81.010000 19 1694
81.010000 20 1733
81.010000 21 1749
81.010000 22 1723
81.010000 23 1718
81.010000 24 1726
81.010000 25 1595
81.010000 26 1735
81.010000 27 1724
82.010000 0 1625
82.010000 1 1786
82.010000 2 1703
82.010000 3 1768
82.010000 4 1763
82.010000 5 1765
82.010000 6 1787
82.010000 7 1753
82.010000 8 1800
82.010000 9 1783
82.010000 10 1745
82.010000 11 1776
82.010000 12 1761
82.010000 13 1678
82.010000 14 1707
82.010000 15 1738
82.010000 16 1743
82.010000 17 1687
82.010000 18 1702
82.010000 19 1780
82.010000 20 1765
82.010000 21 1746
82.010000 22 1752
82.010000 23 1728
82.010000 24 1754
82.010000 25 1683
82.010000 26 1757
82.010000 27 1792
83.010000 0 1459
83.010000 1 1611
83.010000 2 1540
83.010000 3 1598
83.010000 4 1601
83.010000 5 1602
83.010000 6 1604
83.010000 7 1551
83.010000 8 1621
83.010000 9 1622
83.010000 10 1575
83.010000 11 1629
83.010000 12 1596
83.010000 13 1460
83.010000 14 1518
83.010000 15 1583
83.010000 16 1542
83.010000 17 1484
83.010000 18 1496
83.010000 19 1595
83.010000 20 1626
83.010000 21 1598
83.010000 22 1586
83.010000 23 1588
83.010000 24 1609
83.010000 25 1446
83.010000 26 1606
83.010000 27 1606
84.010000 0 1366
84.010000 1 1560
84.010000 2 1437
84.010000 3 1530
84.010000 4 1524
84.010000 5 1533
84.010000 6 1548
84.010000 7 1544
84.010000 8 1534
84.010000 9 1520
84.010000 10 1507
84.010000 11 1544
84.010000 12 1489
84.010000 13 1361
84.010000 14 1434
84.010000 15 1506
84.010000 16 1458
84.010000 17 1421
84.010000 18 1426
84.010000 19 1522
84.010000 20 1524
84.010000 21 1520
84.010000 22 1519
84.010000 23 1542
84.010000 24 1525
84.010000 25 1358
84.010000 26 1555
84.010000 27 1535
85.010000 0 1418
85.010000 1 1621
85.010000 2 1526
85.010000 3 1578
85.010000 4 1590
85.010000 5 1572
85.010000 6 1590
85.010000 7 1564
85.010000 8 1616
85.010000 9 1575
85.010000 10 1563
85.010000 11 1590
85.010000 12 1598
85.010000 13 1426
85.010000 14 1497
85.010000 15 1560
85.010000 16 1534
85.010000 17 1467
85.010000 18 1488
85.010000 19 1587
85.010000 20 1581
85.010000 21 1609
85.010000 22 1606
85.010000 23 1571
85.010000 24 1582
85.010000 25 1432
85.010000 26 1594
85.010000 27 1587
86.010000 0 1523
86.010000 1 1668
86.010000 2 1562
86.010000 3 1653
86.010000 4 1680
86.010000 5 1640
86.010000 6 1666
86.010000 7 1631
86.010000 8 1658
86.010000 9 1679
86.010000 10 1652
86.010000 11 1669
86.010000 12 1643
86.010000 13 1557
86.010000 14 1591
86.010000 15 1613
86.010000 16 1596
86.010000 17 1563
86.010000 18 1582
86.010000 19 1637
86.010000 20 1656
86.010000 21 1650
86.010000 22 1658
86.010000 23 1647
86.010000 24 1626
86.010000 25 1517
86.010000 26 1662
86.010000 27 1664
87.010000 0 1584
87.010000 1 1731
87.010000 2 1643
87.010000 3 1703
87.010000 4 1708
87.010000 5 1709
87.010000 6 1713
87.010000 7 1691
87.010000 8 1722
87.010000 9 1746
87.010000 10 1699
87.010000 11 1730
87.010000 12 1705
87.010000 13 1591
87.010000 14 1646
87.010000 15 1677
87.010000 16 1686
87.010000 17 1602
87.010000 18 1645
87.010000 19 1708
87.010000 20 1722
87.010000 21 1718
87.010000 22 1703
87.010000 23 1699
87.010000 24 1711
87.010000 25 1582
87.010000 26 1733
87.010000 27 1714
88.010000 0 1569
88.010000 1 1713
88.010000 2 1645
88.010000 3 1715
88.010000 4 1688
88.010000 5 1710
88.010000 6 1749
88.010000 7 1699
88.010000 8 1744
88.010000 9 1727
88.010000 10 1692
88.010000 11 1725
88.010000 12 1711
88.010000 13 1585
88.010000 14 1641
88.010000 15 1672
88.010000 16 1664
88.010000 17 1614
88.010000 18 1620
88.010000 19 1693
88.010000 20 1719
88.010000 21 1716
88.010000 22 1682
88.010000 23 1739
88.010000 24 1702
88.010000 25 1580
88.010000 26 1723
88.010000 27 1726
89.010000 0 1443
89.010000 1 1617
89.010000 2 1544
89.010000 3 1589
89.010000 4 1617
89.010000 5 1583
89.010000 6 1610
89.010000 7 1585
89.010000 8 1610
89.010000 9 1603
89.010000 10 1582
89.010000 11 1628
89.010000 12 1605
89.010000 13 1448
89.010000 14 1494
89.010000 15 1563
89.010000 16 1509
89.010000 17 1469
89.010000 18 1511
89.010000 19 1606
89.010000 20 1602
89.010000 21 1623
89.010000 22 1610
89.010000 23 1578
89.010000 24 1622
89.010000 25 1445
89.010000 26 1603
89.010000 27 1599
90.010000 0 1540
90.010000 1 1693
90.010000 2 1597
90.010000 3 1657
90.010000 4 1672
90.010000 5 1685
90.010000 6 1688
90.010000 7 1659
90.010000 8 1691
90.010000 9 1685
90.010000 10 1650
90.010000 11 1688
90.010000 12 1667
90.010000 13 1585
90.010000 14 1625
90.010000 15 1661
90.010000 16 1631
90.010000 17 1569
90.010000 18 1597
90.010000 19 1670
90.010000 20 1677
90.010000 21 1674
90.010000 22 1670
90.010000 23 1659
90.010000 24 1666
90.010000 25 1558
90.010000 26 1685
90.010000 27 1684
91.010000 0 1398
91.010000 1 1603
91.010000 2 1506
91.010000 3 1593
91.010000 4 1574
91.010000 5 1588
91.010000 6 1600
91.010000 7 1599
91.010000 8 1588
91.010000 9 1612
91.010000 10 1560
91.010000 11 1585
91.010000 12 1576
91.010000 13 1432
91.010000 14 1486
91.010000 15 1561
91.010000 16 1517
91.010000 17 1488
91.010000 18 1468
91.010000 19 1568
91.010000 20 1577
91.010000 21 1578
91.010000 22 1568
91.010000 23 1576
91.010000 24 1579
91.010000 25 1465
91.010000 26 1589
91.010000 27 1615
92.010000 0 1582
92.010000 1 1755
92.010000 2 1618
92.010000 3 1740
92.010000 4 1716
92.010000 5 1702
92.010000 6 1730
92.010000 7 1705
92.010000 8 1733
92.010000 9 1707
92.010000 10 1695
92.010000 11 1727
92.010000 12 1702
92.010000 13 1609
92.010000 14 1648
92.010000 15 1667
92.010000 16 1671
92.010000 17 1653
92.010000 18 1643
92.010000 19 1695
92.010000 20 1720
92.010000 21 1721
92.010000 22 1707
92.010000 23 1704
92.010000 24 1708
92.010000 25 1624
92.010000 26 1730
92.010000 27 1726
93.010000 0 1388
93.010000 1 1578
93.010000 2 1488
93.010000 3 1551
93.010000 4 1560
93.010000 5 1546
93.010000 6 1594
93.010000 7 1547
93.010000 8 1571
93.010000 9 1594
93.010000 10 1548
93.010000 11 1568
93.010000 12 1559
93.010000 13 1408
93.010000 14 1468
93.010000 15 1525
93.010000 16 1494
93.010000 17 1446
93.010000 18 1480
93.010000 19 1559
93.010000 20 1556
93.010000 21 1564
93.010000 22 1546
93.010000 23 1557
93.010000 24 1588
93.010000 25 1437
93.010000 26 1576
93.010000 27 1593
94.010000 0 1574
94.010000 1 1727
94.010000 2 1632
94.010000 3 1708
94.010000 4 1707
94.010000 5 1707
94.010000 6 1721
94.010000 7 1691
94.010000 8 1718
94.010000 9 1710
94.010000 10 1661
94.010000 11 1715
94.010000 12 1697
94.010000 13 1596
94.010000 14 1636
94.010000 15 1672
94.010000 16 1668
94.010000 17 1624
94.010000 18 1644
94.010000 19 1702
94.010000 20 1708
94.010000 21 1708
94.010000 22 1700
94.010000 23 1710
94.010000 24 1679
94.010000 25 1598
94.010000 26 1717
94.010000 27 1717
95.010000 0 1495
95.010000 1 1678
95.010000 2 1580
95.010000 3 1670
95.010000 4 1684
95.010000 5 1641
95.010000 6 1675
95.010000 7 1642
95.010000 8 1673
95.010000 9 1667
95.010000 10 1626
95.010000 11 1669
95.010000 12 1658
95.010000 13 1549
95.010000 14 1569
95.010000 15 1625
95.010000 16 1605
95.010000 17 1567
95.010000 18 1551
95.010000 19 1656
95.010000 20 1672
95.010000 21 1658
95.010000 22 1646
95.010000 23 1645
95.010000 24 1650
95.010000 25 1532
95.010000 26 1666
95.010000 27 1690
96.010000 0 1480
96.010000 1 1643
96.010000 2 1561
96.010000 3 1600
96.010000 4 1649
96.010000 5 1621
96.010000 6 1631
96.010000 7 1601
96.010000 8 1652
96.010000 9 1626
96.010000 10 1607
96.010000 11 1638
96.010000 12 1626
96.010000 13 1486
96.010000 14 1546
96.010000 15 1608
96.010000 16 1569
96.010000 17 1494
96.010000 18 1541
96.010000 19 1634
96.010000 20 1615
96.010000 21 1621
96.010000 22 1621
96.010000 23 1611
96.010000 24 1652
96.010000 25 1486
96.010000 26 1659
96.010000 27 1609
97.010000 0 1567
97.010000 1 1723
97.010000 2 1634
97.010000 3 1686
97.010000 4 1704
97.010000 5 1695
97.010000 6 1720
97.010000 7 1682
97.010000 8 1719
97.010000 9 1711
97.010000 10 1691
97.010000 11 1711
97.010000 12 1707
97.010000 13 1591
97.010000 14 1653
97.010000 15 1681
97.010000 16 1661
97.010000 17 1605
97.010000 18 1630
97.010000 19 1705
97.010000 20 1705
97.010000 21 1702
97.010000 22 1690
97.010000 23 1687
97.010000 24 1694
97.010000 25 1585
97.010000 26 1690
97.010000 27 1712
98.010000 0 1355
98.010000 1 1516
98.010000 2 1417
98.010000 3 1504
98.010000 4 1521
98.010000 5 1497
98.010000 6 1528
98.010000 7 1497
98.010000 8 1512
98.010000 9 1526
98.010000 10 1474
98.010000 11 1501
98.010000 12 1489
98.010000 13 1325
98.010000 14 1419
98.010000 15 1474
98.010000 16 1420
98.010000 17 1394
98.010000 18 1400
98.010000 19 1483
98.010000 20 1505
98.010000 21 1504
98.010000 22 1497
98.010000 23 1508
98.010000 24 1492
98.010000 25 1342
98.010000 26 1517
98.010000 27 1517
99.010000 0 1558
99.010000 1 1760
99.010000 2 1675
99.010000 3 1724
99.010000 4 1744
99.010000 5 1728
99.010000 6 1742
99.010000 7 1715
99.010000 8 1748
99.010000 9 1766
99.010000 10 1725
99.010000 11 1741
99.010000 12 1747
99.010000 13 1606
99.010000 14 1640
99.010000 15 1710
99.010000 16 1682
99.010000 17 1621
99.010000 18 1652
99.010000 19 1741
99.010000 20 1728
99.010000 21 1746
99.010000 22 1752
99.010000 23 1728
99.010000 24 1704
99.010000 25 1635
99.010000 26 1762
99.010000 27 1740
100.010000 0 1544
100.010000 1 1733
100.010000 2 1631
100.010000 3 1709
100.010000 4 1690
100.010000 5 1696
100.010000 6 1728
100.010000 7 1704
100.010000 8 1725
100.010000 9 1727
100.010000 10 1688
100.010000 11 1725
100.010000 12 1706
100.010000 13 1589
100.010000 14 1628
100.010000 15 1668
100.010000 16 1674
100.010000 17 1607
100.010000 18 1625
100.010000 19 1702
100.010000 20 1741
100.010000 21 1738
100.010000 22 1701
100.010000 23 1704
100.010000 24 1705
100.010000 25 1586
100.010000 26 1722
100.010000 27 1726
101.010000 0 1502
101.010000 1 1680
101.010000 2 1576
101.010000 3 1632
101.010000 4 1664
101.010000 5 1636
101.010000 6 1660
101.010000 7 1636
101.010000 8 1664
101.010000 9 1660
101.010000 10 1623
101.010000 11 1656
101.010000 12 1652
101.010000 13 1512
101.010000 14 1578
101.010000 15 1622
101.010000 16 1587
101.010000 17 1532
101.010000 18 1567
101.010000 19 1650
101.010000 20 1647
101.010000 21 1670
101.010000 22 1642
101.010000 23 1635
101.010000 24 1644
101.010000 25 1513
101.010000 26 1660
101.010000 27 1656
102.010000 0 1510
102.010000 1 1663
102.010000 2 1574
102.010000 3 1660
102.010000 4 1643
102.010000 5 1631
102.010000 6 1659
102.010000 7 1630
102.010000 8 1657
102.010000 9 1655
102.010000 10 1623
102.010000 11 1651
102.010000 12 1649
102.010000 13 1498
102.010000 14 1572
102.010000 15 1617
102.010000 16 1580
102.010000 17 1559
102.010000 18 1558
102.010000 19 1645
102.010000 20 1649
102.010000 21 1640
102.010000 22 1634
102.010000 23 1635
102.010000 24 1662
102.010000 25 1509
102.010000 26 1632
102.010000 27 1673
103.010000 0 1589
103.010000 1 1738
103.010000 2 1635
103.010000 3 1718
103.010000 4 1719
103.010000 5 1714
103.010000 6 1729
103.010000 7 1694
103.010000 8 1727
103.010000 9 1723
103.010000 10 1683
103.010000 11 1724
103.010000 12 1711
103.010000 13 1596
103.010000 14 1650
103.010000 15 1697
103.010000 16 1672
103.010000 17 1642
103.010000 18 1655
103.010000 19 1715
103.010000 20 1715
103.010000 21 1714
103.010000 22 1707
103.010000 23 1701
103.010000 24 1687
103.010000 25 1600
103.010000 26 1720
103.010000 27 1720
104.010000 0 1464
104.010000 1 1624
104.010000 2 1536
104.010000 3 1607
104.010000 4 1603
104.010000 5 1603
104.010000 6 1624
104.010000 7 1600
104.010000 8 1628
104.010000 9 1626
104.010000 10 1600
104.010000 11 1636
104.010000 12 1593
104.010000 13 1519
104.010000 14 1511
104.010000 15 1570
104.010000 16 1571
104.010000 17 1474
104.010000 18 1517
104.010000 19 1614
104.010000 20 1617
104.010000 21 1617
104.010000 22 1639
104.010000 23 1609
104.010000 24 1617
104.010000 25 1473
104.010000 26 1621
104.010000 27 1621
105.010000 0 1516
105.010000 1 1703
105.010000 2 1595
105.010000 3 1666
105.010000 4 1703
105.010000 5 1696
105.010000 6 1679
105.010000 7 1669
105.010000 8 1687
105.010000 9 1682
105.010000 10 1647
105.010000 11 1682
105.010000 12 1670
105.010000 13 1542
105.010000 14 1589
105.010000 15 1687
105.010000 16 1621
105.010000 17 1578
105.010000 18 1600
105.010000 19 1677
105.010000 20 1642
105.010000 21 1666
105.010000 22 1663
105.010000 23 1659
105.010000 24 1676
105.010000 25 1547
105.010000 26 1691
105.010000 27 1682
106.010000 0 1525
106.010000 1 1716
106.010000 2 1594
106.010000 3 1684
106.010000 4 1687
106.010000 5 1643
106.010000 6 1710
106.010000 7 1698
106.010000 8 1698
106.010000 9 1695
106.010000 10 1665
106.010000 11 1694
106.010000 12 1670
106.010000 13 1566
106.010000 14 1591
106.010000 15 1609
106.010000 16 1642
106.010000 17 1581
106.010000 18 1600
106.010000 19 1671
106.010000 20 1718
106.010000 21 1704
106.010000 22 1671
106.010000 23 1678
106.010000 24 1676
106.010000 25 1561
106.010000 26 1689
106.010000 27 1694
107.010000 0 1468
107.010000 1 1606
107.010000 2 1543
107.010000 3 1606
107.010000 4 1593
107.010000 5 1612
107.010000 6 1610
107.010000 7 1582
107.010000 8 1617
107.010000 9 1607
107.010000 10 1580
107.010000 11 1638
107.010000 12 1598
107.010000 13 1478
107.010000 14 1506
107.010000 15 1584
107.010000 16 1568
107.010000 17 1500
107.010000 18 1532
107.010000 19 1603
107.010000 20 1602
107.010000 21 1603
107.010000 22 1604
107.010000 23 1586
107.010000 24 1593
107.010000 25 1464
107.010000 26 1630
107.010000 27 1605
108.010000 0 1616
108.010000 1 1805
108.010000 2 1737
108.010000 3 1782
108.010000 4 1760
108.010000 5 1794
108.010000 6 1795
108.010000 7 1730
108.010000 8 1801
108.010000 9 1792
108.010000 10 1754
108.010000 11 1786
108.010000 12 1796
108.010000 13 1654
108.010000 14 1717
108.010000 15 1791
108.010000 16 1741
108.010000 17 1703
108.010000 18 1695
108.010000 19 1786
108.010000 20 1775
108.010000 21 1782
108.010000 22 1758
108.010000 23 1776
108.010000 24 1783
108.010000 25 1668
108.010000 26 1786
108.010000 27 1791
109.010000 0 1506
109.010000 1 1621
109.010000 2 1484
109.010000 3 1613
109.010000 4 1604
109.010000 5 1568
109.010000 6 1628
109.010000 7 1631
109.010000 8 1633
109.010000 9 1621
109.010000 10 1591
109.010000 11 1622
109.010000 12 1579
109.010000 13 1468
109.010000 14 1562
109.010000 15 1509
109.010000 16 1553
109.010000 17 1531
109.010000 18 1546
109.010000 19 1570
109.010000 20 1616
109.010000 21 1637
109.010000 22 1602
109.010000 23 1602
109.010000 24 1602
109.010000 25 1473
109.010000 26 1617
109.010000 27 1618
110.010000 0 1409
110.010000 1 1640
110.010000 2 1582
110.010000 3 1605
110.010000 4 1644
110.010000 5 1614
110.010000 6 1631
110.010000 7 1606
110.010000 8 1646
110.010000 9 1626
110.010000 10 1602
110.010000 11 1625
110.010000 12 1647
110.010000 13 1513
110.010000 14 1479
110.010000 15 1604
110.010000 16 1599
110.010000 17 1467
110.010000 18 1503
110.010000 19 1629
110.010000 20 1621
110.010000 21 1621
110.010000 22 1611
110.010000 23 1606
110.010000 24 1610
110.010000 25 1488
110.010000 26 1632
110.010000 27 1625
111.010000 0 1578
111.010000 1 1758
111.010000 2 1633
111.010000 3 1709
111.010000 4 1688
111.010000 5 1729
111.010000 6 1730
111.010000 7 1702
111.010000 8 1736
111.010000 9 1724
111.010000 10 1695
111.010000 11 1735
111.010000 12 1712
111.010000 13 1587
111.010000 14 1654
111.010000 15 1713
111.010000 16 1667
111.010000 17 1613
111.010000 18 1641
111.010000 19 1718
111.010000 20 1720
111.010000 21 1718
111.010000 22 1710
111.010000 23 1701
111.010000 24 1718
111.010000 25 1599
111.010000 26 1727
111.010000 27 1727
112.010000 0 1622
112.010000 1 1770
112.010000 2 1666
112.010000 3 1749
112.010000 4 1757
112.010000 5 1740
112.010000 6 1767
112.010000 7 1702
112.010000 8 1768
112.010000 9 1757
112.010000 10 1727
112.010000 11 1763
112.010000 12 1746
112.010000 13 1643
112.010000 14 1702
112.010000 15 1721
112.010000 16 1715
112.010000 17 1672
112.010000 18 1683
112.010000 19 1747
112.010000 20 1755
112.010000 21 1723
112.010000 22 1738
112.010000 23 1740
112.010000 24 1757
112.010000 25 1634
112.010000 26 1766
112.010000 27 1777
113.010000 0 1497
113.010000 1 1663
113.010000 2 1551
113.010000 3 1647
113.010000 4 1635
113.010000 5 1645
113.010000 6 1651
113.010000 7 1630
113.010000 8 1657
113.010000 9 1647
113.010000 10 1620
113.010000 11 1653
113.010000 12 1627
113.010000 13 1505
113.010000 14 1556
113.010000 15 1619
113.010000 16 1588
113.010000 17 1542
113.010000 18 1551
113.010000 19 1630
113.010000 20 1663
113.010000 21 1640
113.010000 22 1632
113.010000 23 1631
113.010000 24 1658
113.010000 25 1497
113.010000 26 1649
113.010000 27 1671
114.010000 0 1476
114.010000 1 1640
114.010000 2 1530
114.010000 3 1618
114.010000 4 1620
114.010000 5 1637
114.010000 6 1635
114.010000 7 1622
114.010000 8 1634
114.010000 9 1642
114.010000 10 1592
114.010000 11 1647
114.010000 12 1603
114.010000 13 1504
114.010000 14 1537
114.010000 15 1604
114.010000 16 1577
114.010000 17 1522
114.010000 18 1545
114.010000 19 1603
114.010000 20 1622
114.010000 21 1651
114.010000 22 1612
114.010000 23 1608
114.010000 24 1611
114.010000 25 1492
114.010000 26 1630
114.010000 27 1629
115.010000 0 1678
115.010000 1 1856
115.010000 2 1771
115.010000 3 1833
115.010000 4 1841
115.010000 5 1822
115.010000 6 1878
115.010000 7 1815
115.010000 8 1837
115.010000 9 1856
115.010000 10 1825
115.010000 11 1850
115.010000 12 1847
115.010000 13 1724
115.010000 14 1763
115.010000 15 1800
115.010000 16 1802
115.010000 17 1741
115.010000 18 1765
115.010000 19 1843
115.010000 20 1820
115.010000 21 1851
115.010000 22 1831
115.010000 23 1858
115.010000 24 1837
115.010000 25 1733
115.010000 26 1851
115.010000 27 1832
116.010000 0 1402
116.010000 1 1575
116.010000 2 1477
116.010000 3 1559
116.010000 4 1538
116.010000 5 1550
116.010000 6 1554
116.010000 7 1534
116.010000 8 1557
116.010000 9 1554
116.010000 10 1517
116.010000 11 1558
116.010000 12 1542
116.010000 13 1392
116.010000 14 1453
116.010000 15 1519
116.010000 16 1475
116.010000 17 1438
116.010000 18 1441
116.010000 19 1529
116.010000 20 1571
116.010000 21 1566
116.010000 22 1567
116.010000 23 1532
116.010000 24 1539
116.010000 25 1381
116.010000 26 1550
116.010000 27 1545
117.010000 0 1503
117.010000 1 1655
117.010000 2 1551
117.010000 3 1642
117.010000 4 1663
117.010000 5 1633
117.010000 6 1653
117.010000 7 1628
117.010000 8 1662
117.010000 9 1643
117.010000 10 1617
117.010000 11 1675
117.010000 12 1625
117.010000 13 1506
117.010000 14 1548
117.010000 15 1607
117.010000 16 1566
117.010000 17 1541
117.010000 18 1569
117.010000 19 1629
117.010000 20 1641
117.010000 21 1637
117.010000 22 1648
117.010000 23 1629
117.010000 24 1630
117.010000 25 1505
117.010000 26 1653
117.010000 27 1647
118.010000 0 1549
118.010000 1 1717
118.010000 2 1612
118.010000 3 1693
118.010000 4 1694
118.010000 5 1698
118.010000 6 1708
118.010000 7 1679
118.010000 8 1730
118.010000 9 1699
118.010000 10 1637
118.010000 11 1703
118.010000 12 1680
118.010000 13 1570
118.010000 14 1621
118.010000 15 1687
118.010000 16 1645
118.010000 17 1612
118.010000 18 1625
118.010000 19 1697
118.010000 20 1698
118.010000 21 1701
118.010000 22 1684
118.010000 23 1689
118.010000 24 1688
118.010000 25 1581
118.010000 26 1707
118.010000 27 1706
119.010000 0 1425
119.010000 1 1574
119.010000 2 1492
119.010000 3 1561
119.010000 4 1559
119.010000 5 1575
119.010000 6 1571
119.010000 7 1547
119.010000 8 1574
119.010000 9 1593
119.010000 10 1572
119.010000 11 1572
119.010000 12 1544
119.010000 13 1445
119.010000 14 1484
119.010000 15 1541
119.010000 16 1518
119.010000 17 1459
119.010000 18 1477
119.010000 19 1548
119.010000 20 1562
119.010000 21 1569
119.010000 22 1553
119.010000 23 1535
119.010000 24 1555
119.010000 25 1457
119.010000 26 1565
119.010000 27 1568
120.010000 0 1448
120.010000 1 1639
120.010000 2 1582
120.010000 3 1623
120.010000 4 1613
120.010000 5 1625
120.010000 6 1656
120.010000 7 1612
120.010000 8 1633
120.010000 9 1661
120.010000 10 1606
120.010000 11 1641
120.010000 12 1622
120.010000 13 1483
120.010000 14 1527
120.010000 15 1606
120.010000 16 1567
120.010000 17 1519
120.010000 18 1535
120.010000 19 1640
120.010000 20 1621
120.010000 21 1644
120.010000 22 1604
120.010000 23 1616
120.010000 24 1621
120.010000 25 1486
120.010000 26 1629
120.010000 27 1636
121.010000 0 1563
121.010000 1 1720
121.010000 2 1650
121.010000 3 1711
121.010000 4 1679
121.010000 5 1706
121.010000 6 1718
121.010000 7 1687
121.010000 8 1713
121.010000 9 1715
121.010000 10 1682
121.010000 11 1710
121.010000 12 1705
121.010000 13 1584
121.010000 14 1631
121.010000 15 1675
121.010000 16 1682
121.010000 17 1610
121.010000 18 1619
121.010000 19 1693
121.010000 20 1704
121.010000 21 1686
121.010000 22 1688
121.010000 23 1692
121.010000 24 1695
121.010000 25 1575
121.010000 26 1713
121.010000 27 1709
122.010000 0 1574
122.010000 1 1780
122.010000 2 1641
122.010000 3 1736
122.010000 4 1743
122.010000 5 1727
122.010000 6 1746
122.010000 7 1723
122.010000 8 1758
122.010000 9 1747
122.010000 10 1717
122.010000 11 1750
122.010000 12 1727
122.010000 13 1620
122.010000 14 1664
122.010000 15 1702
122.010000 16 1670
122.010000 17 1632
122.010000 18 1647
122.010000 19 1728
122.010000 20 1743
122.010000 21 1727
122.010000 22 1730
122.010000 23 1730
122.010000 24 1761
122.010000 25 1633
122.010000 26 1756
122.010000 27 1754
123.010000 0 1480
123.010000 1 1664
123.010000 2 1602
123.010000 3 1631
123.010000 4 1641
123.010000 5 1678
123.010000 6 1660
123.010000 7 1629
123.010000 8 1658
123.010000 9 1662
123.010000 10 1635
123.010000 11 1654
123.010000 12 1654
123.010000 13 1476
123.010000 14 1561
123.010000 15 1654
123.010000 16 1609
123.010000 17 1530
123.010000 18 1546
123.010000 19 1638
123.010000 20 1642
123.010000 21 1650
123.010000 22 1632
123.010000 23 1631
123.010000 24 1633
123.010000 25 1491
123.010000 26 1651
123.010000 27 1649
124.010000 0 1634
124.010000 1 1814
124.010000 2 1732
124.010000 3 1793
124.010000 4 1791
124.010000 5 1765
124.010000 6 1794
124.010000 7 1780
124.010000 8 1809
124.010000 9 1832
124.010000 10 1787
124.010000 11 1798
124.010000 12 1794
124.010000 13 1722
124.010000 14 1721
124.010000 15 1732
124.010000 16 1768
124.010000 17 1696
124.010000 18 1710
124.010000 19 1790
124.010000 20 1796
124.010000 21 1828
124.010000 22 1787
124.010000 23 1793
124.010000 24 1767
124.010000 25 1711
124.010000 26 1806
124.010000 27 1809
125.010000 0 1399
125.010000 1 1546
125.010000 2 1443
125.010000 3 1542
125.010000 4 1550
125.010000 5 1508
125.010000 6 1567
125.010000 7 1520
125.010000 8 1537
125.010000 9 1541
125.010000 10 1512
125.010000 11 1541
125.010000 12 1514
125.010000 13 1391
125.010000 14 1449
125.010000 15 1478
125.010000 16 1452
125.010000 17 1450
125.010000 18 1470
125.010000 19 1516
125.010000 20 1528
125.010000 21 1551
125.010000 22 1518
125.010000 23 1519
125.010000 24 1522
125.010000 25 1398
125.010000 26 1534
125.010000 27 1561
126.010000 0 1488
126.010000 1 1679
126.010000 2 1591
126.010000 3 1659
126.010000 4 1656
126.010000 5 1655
126.010000 6 1649
126.010000 7 1649
126.010000 8 1686
126.010000 9 1687
126.010000 10 1629
126.010000 11 1672
126.010000 12 1657
126.010000 13 1529
126.010000 14 1562
126.010000 15 1637
126.010000 16 1617
126.010000 17 1547
126.010000 18 1554
126.010000 19 1659
126.010000 20 1665
126.010000 21 1660
126.010000 22 1650
126.010000 23 1683
126.010000 24 1651
126.010000 25 1525
126.010000 26 1685
126.010000 27 1666
127.010000 0 1527
127.010000 1 1690
127.010000 2 1583
127.010000 3 1658
127.010000 4 1669
127.010000 5 1651
127.010000 6 1708
127.010000 7 1652
127.010000 8 1686
127.010000 9 1681
127.010000 10 1628
127.010000 11 1679
127.010000 12 1665
127.010000 13 1562
127.010000 14 1596
127.010000 15 1632
127.010000 16 1628
127.010000 17 1559
127.010000 18 1600
127.010000 19 1667
127.010000 20 1676
127.010000 21 1687
127.010000 22 1668
127.010000 23 1658
127.010000 24 1665
127.010000 25 1560
127.010000 26 1678
127.010000 27 1683
128.010000 0 1546
128.010000 1 1705
128.010000 2 1588
128.010000 3 1677
128.010000 4 1687
128.010000 5 1683
128.010000 6 1698
128.010000 7 1675
128.010000 8 1714
128.010000 9 1692
128.010000 10 1664
128.010000 11 1720
128.010000 12 1672
128.010000 13 1553
128.010000 14 1623
128.010000 15 1648
128.010000 16 1639
128.010000 17 1588
128.010000 18 1611
128.010000 19 1662
128.010000 20 1686
128.010000 21 1680
128.010000 22 1674
128.010000 23 1671
128.010000 24 1682
128.010000 25 1553
128.010000 26 1698
128.010000 27 1692
129.010000 0 1530
129.010000 1 1683
129.010000 2 1599
129.010000 3 1674
129.010000 4 1661
129.010000 5 1660
129.010000 6 1681
129.010000 7 1652
129.010000 8 1686
129.010000 9 1678
129.010000 10 1644
129.010000 11 1685
129.010000 12 1659
129.010000 13 1553
129.010000 14 1574
129.010000 15 1636
129.010000 16 1628
129.010000 17 1562
129.010000 18 1589
129.010000 19 1677
129.010000 20 1697
129.010000 21 1678
129.010000 22 1666
129.010000 23 1686
129.010000 24 1663
129.010000 25 1553
129.010000 26 1673
129.010000 27 1654
130.010000 0 1464
130.010000 1 1651
130.010000 2 1617
130.010000 3 1615
130.010000 4 1632
130.010000 5 1644
130.010000 6 1651
130.010000 7 1618
130.010000 8 1648
130.010000 9 1641
130.010000 10 1612
130.010000 11 1645
130.010000 12 1648
130.010000 13 1507
130.010000 14 1538
130.010000 15 1628
130.010000 16 1567
130.010000 17 1509
130.010000 18 1553
130.010000 19 1660
130.010000 20 1659
130.010000 21 1639
130.010000 22 1624
130.010000 23 1653
130.010000 24 1631
130.010000 25 1494
130.010000 26 1642
130.010000 27 1645
131.010000 0 1601
131.010000 1 1746
131.010000 2 1638
131.010000 3 1720
131.010000 4 1725
131.010000 5 1717
131.010000 6 1736
131.010000 7 1703
131.010000 8 1738
131.010000 9 1731
131.010000 10 1694
131.010000 11 1740
131.010000 12 1717
131.010000 13 1610
131.010000 14 1666
131.010000 15 1701
131.010000 16 1681
131.010000 17 1629
131.010000 18 1652
131.010000 19 1723
131.010000 20 1730
131.010000 21 1716
131.010000 22 1713
131.010000 23 1711
131.010000 24 1722
131.010000 25 1608
131.010000 26 1735
131.010000 27 1737
132.010000 0 1451
132.010000 1 1575
132.010000 2 1480
132.010000 3 1571
132.010000 4 1585
132.010000 5 1545
132.010000 6 1568
132.010000 7 1541
132.010000 8 1571
132.010000 9 1560
132.010000 10 1556
132.010000 11 1582
132.010000 12 1541
132.010000 13 1390
132.010000 14 1501
132.010000 15 1524
132.010000 16 1485
132.010000 17 1477
132.010000 18 1487
132.010000 19 1555
132.010000 20 1567
132.010000 21 1550
132.010000 22 1550
132.010000 23 1559
132.010000 24 1548
132.010000 25 1401
132.010000 26 1564
132.010000 27 1563
133.010000 0 1506
133.010000 1 1672
133.010000 2 1567
133.010000 3 1646
133.010000 4 1652
133.010000 5 1647
133.010000 6 1661
133.010000 7 1638
133.010000 8 1664
133.010000 9 1652
133.010000 10 1625
133.010000 11 1656
133.010000 12 1640
133.010000 13 1515
133.010000 14 1577
133.010000 15 1624
133.010000 16 1605
133.010000 17 1547
133.010000 18 1572
133.010000 19 1641
133.010000 20 1675
133.010000 21 1648
133.010000 22 1659
133.010000 23 1640
133.010000 24 1645
133.010000 25 1506
133.010000 26 1650
133.010000 27 1653
134.010000 0 1449
134.010000 1 1632
134.010000 2 1527
134.010000 3 1617
134.010000 4 1611
134.010000 5 1621
134.010000 6 1634
134.010000 7 1640
134.010000 8 1630
134.010000 9 1635
134.010000 10 1605
134.010000 11 1656
134.010000 12 1579
134.010000 13 1508
134.010000 14 1512
134.010000 15 1564
134.010000 16 1564
134.010000 17 1500
134.010000 18 1518
134.010000 19 1583
134.010000 20 1636
134.010000 21 1645
134.010000 22 1604
134.010000 23 1615
134.010000 24 1604
134.010000 25 1474
134.010000 26 1626
134.010000 27 1625
135.010000 0 1578
135.010000 1 1738
135.010000 2 1676
135.010000 3 1706
135.010000 4 1709
135.010000 5 1718
135.010000 6 1728
135.010000 7 1710
135.010000 8 1732
135.010000 9 1726
135.010000 10 1654
135.010000 11 1727
135.010000 12 1739
135.010000 13 1592
135.010000 14 1637
135.010000 15 1708
135.010000 16 1673
135.010000 17 1612
135.010000 18 1655
135.010000 19 1724
135.010000 20 1718
135.010000 21 1721
135.010000 22 1710
135.010000 23 1706
135.010000 24 1709
135.010000 25 1587
135.010000 26 1725
135.010000 27 1723
136.010000 0 1529
136.010000 1 1673
136.010000 2 1566
136.010000 3 1656
136.010000 4 1655
136.010000 5 1646
136.010000 6 1676
136.010000 7 1646
136.010000 8 1671
136.010000 9 1666
136.010000 10 1659
136.010000 11 1671
136.010000 12 1634
136.010000 13 1540
136.010000 14 1577
136.010000 15 1605
136.010000 16 1621
136.010000 17 1556
136.010000 18 1593
136.010000 19 1640
136.010000 20 1664
136.010000 21 1670
136.010000 22 1647
136.010000 23 1644
136.010000 24 1647
136.010000 25 1541
136.010000 26 1668
136.010000 27 1668
137.010000 0 1624
137.010000 1 1788
137.010000 2 1665
137.010000 3 1759
137.010000 4 1767
137.010000 5 1760
137.010000 6 1782
137.010000 7 1751
137.010000 8 1785
137.010000 9 1778
137.010000 10 1739
137.010000 11 1781
137.010000 12 1761
137.010000 13 1662
137.010000 14 1705
137.010000 15 1735
137.010000 16 1727
137.010000 17 1671
137.010000 18 1696
137.010000 19 1744
137.010000 20 1770
137.010000 21 1767
137.010000 22 1759
137.010000 23 1756
137.010000 24 1766
137.010000 25 1662
137.010000 26 1779
137.010000 27 1779
138.010000 0 1415
138.010000 1 1622
138.010000 2 1551
138.010000 3 1588
138.010000 4 1601
138.010000 5 1604
138.010000 6 1618
138.010000 7 1611
138.010000 8 1619
138.010000 9 1614
138.010000 10 1583
138.010000 11 1612
138.010000 12 1621
138.010000 13 1426
138.010000 14 1510
138.010000 15 1589
138.010000 16 1530
138.010000 17 1474
138.010000 18 1496
138.010000 19 1601
138.010000 20 1601
138.010000 21 1601
138.010000 22 1592
138.010000 23 1612
138.010000 24 1597
138.010000 25 1446
138.010000 26 1628
138.010000 27 1626
139.010000 0 1629
139.010000 1 1781
139.010000 2 1668
139.010000 3 1750
139.010000 4 1731
139.010000 5 1750
139.010000 6 1753
139.010000 7 1738
139.010000 8 1776
139.010000 9 1779
139.010000 10 1742
139.010000 11 1769
139.010000 12 1750
139.010000 13 1649
139.010000 14 1705
139.010000 15 1731
139.010000 16 1712
139.010000 17 1660
139.010000 18 1683
139.010000 19 1752
139.010000 20 1738
139.010000 21 1757
139.010000 22 1748
139.010000 23 1743
139.010000 24 1778
139.010000 25 1654
139.010000 26 1775
139.010000 27 1784
140.010000 0 1517
140.010000 1 1698
140.010000 2 1649
140.010000 3 1667
140.010000 4 1670
140.010000 5 1689
140.010000 6 1682
140.010000 7 1669
140.010000 8 1694
140.010000 9 1706
140.010000 10 1661
140.010000 11 1700
140.010000 12 1691
140.010000 13 1552
140.010000 14 1589
140.010000 15 1671
140.010000 16 1631
140.010000 17 1560
140.010000 18 1592
140.010000 19 1698
140.010000 20 1678
140.010000 21 1687
140.010000 22 1666
140.010000 23 1676
140.010000 24 1673
140.010000 25 1533
140.010000 26 1693
140.010000 27 1677
141.010000 0 1463
141.010000 1 1624
141.010000 2 1550
141.010000 3 1597
141.010000 4 1637
141.010000 5 1599
141.010000 6 1623
141.010000 7 1594
141.010000 8 1622
141.010000 9 1618
141.010000 10 1592
141.010000 11 1616
141.010000 12 1605
141.010000 13 1475
141.010000 14 1533
141.010000 15 1576
141.010000 16 1561
141.010000 17 1489
141.010000 18 1522
141.010000 19 1621
141.010000 20 1614
141.010000 21 1612
141.010000 22 1623
141.010000 23 1604
141.010000 24 1603
141.010000 25 1469
141.010000 26 1630
141.010000 27 1616
142.010000 0 1476
142.010000 1 1630
142.010000 2 1538
142.010000 3 1630
142.010000 4 1620
142.010000 5 1612
142.010000 6 1633
142.010000 7 1609
142.010000 8 1623
142.010000 9 1616
142.010000 10 1586
142.010000 11 1643
142.010000 12 1610
142.010000 13 1477
142.010000 14 1526
142.010000 15 1593
142.010000 16 1536
142.010000 17 1530
142.010000 18 1533
142.010000 19 1602
142.010000 20 1615
142.010000 21 1610
142.010000 22 1604
142.010000 23 1628
142.010000 24 1610
142.010000 25 1466
142.010000 26 1622
142.010000 27 1627
143.010000 0 1497
143.010000 1 1662
143.010000 2 1564
143.010000 3 1625
143.010000 4 1641
143.010000 5 1633
143.010000 6 1677
143.010000 7 1622
143.010000 8 1660
143.010000 9 1657
143.010000 10 1662
143.010000 11 1654
143.010000 12 1636
143.010000 13 1485
143.010000 14 1569
143.010000 15 1613
143.010000 16 1584
143.010000 17 1519
143.010000 18 1553
143.010000 19 1640
143.010000 20 1644
143.010000 21 1666
143.010000 22 1635
143.010000 23 1620
143.010000 24 1641
143.010000 25 1485
143.010000 26 1655
143.010000 27 1668
144.010000 0 1528
144.010000 1 1675
144.010000 2 1555
144.010000 3 1650
144.010000 4 1651
144.010000 5 1656
144.010000 6 1665
144.010000 7 1643
144.010000 8 1672
144.010000 9 1658
144.010000 10 1632
144.010000 11 1689
144.010000 12 1631
144.010000 13 1509
144.010000 14 1574
144.010000 15 1639
144.010000 16 1617
144.010000 17 1539
144.010000 18 1578
144.010000 19 1654
144.010000 20 1659
144.010000 21 1676
144.010000 22 1650
144.010000 23 1643
144.010000 24 1652
144.010000 25 1510
144.010000 26 1665
144.010000 27 1662
145.010000 0 1555
145.010000 1 1703
145.010000 2 1597
145.010000 3 1670
145.010000 4 1663
145.010000 5 1664
145.010000 6 1682
145.010000 7 1656
145.010000 8 1691
145.010000 9 1681
145.010000 10 1648
145.010000 11 1686
145.010000 12 1673
145.010000 13 1561
145.010000 14 1609
145.010000 15 1650
145.010000 16 1622
145.010000 17 1570
145.010000 18 1593
145.010000 19 1674
145.010000 20 1694
145.010000 21 1676
145.010000 22 1665
145.010000 23 1660
145.010000 24 1666
145.010000 25 1545
145.010000 26 1681
145.010000 27 1659
146.010000 0 1514
146.010000 1 1726
146.010000 2 1616
146.010000 3 1680
146.010000 4 1711
146.010000 5 1691
146.010000 6 1724
146.010000 7 1688
146.010000 8 1723
146.010000 9 1716
146.010000 10 1688
146.010000 11 1709
146.010000 12 1696
146.010000 13 1580
146.010000 14 1631
146.010000 15 1661
146.010000 16 1650
146.010000 17 1604
146.010000 18 1620
146.010000 19 1687
146.010000 20 1704
146.010000 21 1701
146.010000 22 1707
146.010000 23 1691
146.010000 24 1702
146.010000 25 1619
146.010000 26 1715
146.010000 27 1730
147.010000 0 1512
147.010000 1 1663
147.010000 2 1586
147.010000 3 1646
147.010000 4 1665
147.010000 5 1654
147.010000 6 1660
147.010000 7 1634
147.010000 8 1660
147.010000 9 1656
147.010000 10 1623
147.010000 11 1636
147.010000 12 1639
147.010000 13 1527
147.010000 14 1574
147.010000 15 1632
147.010000 16 1611
147.010000 17 1542
147.010000 18 1560
147.010000 19 1646
147.010000 20 1649
147.010000 21 1647
147.010000 22 1639
147.010000 23 1664
147.010000 24 1664
147.010000 25 1493
147.010000 26 1651
147.010000 27 1651
148.010000 0 1514
148.010000 1 1720
148.010000 2 1629
148.010000 3 1678
148.010000 4 1695
148.010000 5 1700
148.010000 6 1720
148.010000 7 1683
148.010000 8 1710
148.010000 9 1708
148.010000 10 1676
148.010000 11 1698
148.010000 12 1690
148.010000 13 1566
148.010000 14 1604
148.010000 15 1671
148.010000 16 1660
148.010000 17 1593
148.010000 18 1628
148.010000 19 1686
148.010000 20 1697
148.010000 21 1699
148.010000 22 1684
148.010000 23 1688
148.010000 24 1684
148.010000 25 1602
148.010000 26 1708
148.010000 27 1736
149.010000 0 1440
149.010000 1 1600
149.010000 2 1497
149.010000 3 1581
149.010000 4 1582
149.010000 5 1573
149.010000 6 1593
149.010000 7 1571
149.010000 8 1617
149.010000 9 1589
149.010000 10 1558
149.010000 11 1622
149.010000 12 1575
149.010000 13 1434
149.010000 14 1504
149.010000 15 1558
149.010000 16 1521
149.010000 17 1477
149.010000 18 1494
149.010000 19 1577
149.010000 20 1585
149.010000 21 1586
149.010000 22 1593
149.010000 23 1566
149.010000 24 1582
149.010000 25 1468
149.010000 26 1600
149.010000 27 1584
