0.010000 0 21
0.010000 1 18
0.010000 2 16
0.010000 3 21
0.010000 4 14
0.010000 5 21
0.010000 6 21
0.010000 7 15
1.010000 0 156
1.010000 1 139
1.010000 2 160
1.010000 3 151
1.010000 4 149
1.010000 5 161
1.010000 6 144
1.010000 7 165
2.010000 0 104
2.010000 1 105
2.010000 2 104
2.010000 3 96
2.010000 4 96
2.010000 5 102
2.010000 6 96
2.010000 7 102
3.010000 0 147
3.010000 1 141
3.010000 2 147
3.010000 3 139
3.010000 4 139
3.010000 5 142
3.010000 6 137
3.010000 7 142
4.010000 0 142
4.010000 1 125
4.010000 2 142
4.010000 3 134
4.010000 4 134
4.010000 5 144
4.010000 6 134
4.010000 7 144
5.010000 0 71
5.010000 1 75
5.010000 2 76
5.010000 3 66
5.010000 4 77
5.010000 5 70
5.010000 6 67
5.010000 7 79
6.010000 0 143
6.010000 1 126
6.010000 2 143
6.010000 3 135
6.010000 4 134
6.010000 5 145
6.010000 6 135
6.010000 7 145
7.010000 0 125
7.010000 1 118
7.010000 2 126
7.010000 3 117
7.010000 4 119
7.010000 5 125
7.010000 6 117
7.010000 7 126
8.010000 0 125
8.010000 1 116
8.010000 2 125
8.010000 3 117
8.010000 4 117
8.010000 5 124
8.010000 6 117
8.010000 7 125
9.010000 0 104
9.010000 1 105
9.010000 2 104
9.010000 3 96
9.010000 4 96
9.010000 5 102
9.010000 6 96
9.010000 7 102
10.010000 0 144
10.010000 1 134
10.010000 2 142
10.010000 3 134
10.010000 4 125
10.010000 5 144
10.010000 6 134
10.010000 7 142
11.010000 0 125
11.010000 1 117
11.010000 2 124
11.010000 3 116
11.010000 4 117
11.010000 5 125
11.010000 6 117
11.010000 7 125
12.010000 0 142
12.010000 1 125
12.010000 2 142
12.010000 3 134
12.010000 4 134
12.010000 5 144
12.010000 6 134
12.010000 7 144
13.010000 0 123
13.010000 1 115
13.010000 2 123
13.010000 3 115
13.010000 4 115
13.010000 5 123
13.010000 6 115
13.010000 7 123
14.010000 0 106
14.010000 1 107
14.010000 2 105
14.010000 3 98
14.010000 4 97
14.010000 5 104
14.010000 6 98
14.010000 7 104
15.010000 0 152
15.010000 1 125
15.010000 2 147
15.010000 3 139
15.010000 4 139
15.010000 5 151
15.010000 6 133
15.010000 7 148
16.010000 0 682
16.010000 1 588
16.010000 2 743
16.010000 3 624
16.010000 4 635
16.010000 5 741
16.010000 6 586
16.010000 7 693
17.010000 0 676
17.010000 1 608
17.010000 2 741
17.010000 3 614
17.010000 4 613
17.010000 5 741
17.010000 6 606
17.010000 7 679
18.010000 0 670
18.010000 1 577
18.010000 2 723
18.010000 3 598
18.010000 4 599
18.010000 5 728
18.010000 6 586
18.010000 7 664
19.010000 0 644
19.010000 1 590
19.010000 2 718
19.010000 3 578
19.010000 4 591
19.010000 5 721
19.010000 6 602
19.010000 7 666
20.010000 0 646
20.010000 1 751
20.010000 2 758
20.010000 3 533
20.010000 4 523
20.010000 5 760
20.010000 6 768
20.010000 7 644
21.010000 0 641
21.010000 1 659
21.010000 2 714
21.010000 3 558
21.010000 4 540
21.010000 5 717
21.010000 6 632
21.010000 7 628
22.010000 0 740
22.010000 1 635
22.010000 2 806
22.010000 3 671
22.010000 4 679
22.010000 5 804
22.010000 6 638
22.010000 7 746
23.010000 0 652
23.010000 1 608
23.010000 2 723
23.010000 3 590
23.010000 4 600
23.010000 5 715
23.010000 6 600
23.010000 7 664
24.010000 0 695
24.010000 1 652
24.010000 2 761
24.010000 3 618
24.010000 4 608
24.010000 5 763
24.010000 6 653
24.010000 7 682
25.010000 0 679
25.010000 1 681
25.010000 2 763
25.010000 3 597
25.010000 4 599
25.010000 5 762
25.010000 6 673
25.010000 7 685
26.010000 0 669
26.010000 1 659
26.010000 2 764
26.010000 3 602
26.010000 4 620
26.010000 5 770
26.010000 6 668
26.010000 7 701
27.010000 0 634
27.010000 1 623
27.010000 2 700
27.010000 3 544
27.010000 4 527
27.010000 5 694
27.010000 6 611
27.010000 7 616
28.010000 0 623
28.010000 1 502
28.010000 2 666
28.010000 3 577
28.010000 4 575
28.010000 5 657
28.010000 6 495
28.010000 7 616
29.010000 0 728
29.010000 1 530
29.010000 2 757
29.010000 3 687
29.010000 4 692
29.010000 5 762
29.010000 6 536
29.010000 7 719
30.010000 0 705
30.010000 1 637
30.010000 2 771
30.010000 3 628
30.010000 4 630
30.010000 5 778
30.010000 6 642
30.010000 7 697
31.010000 0 730
31.010000 1 637
31.010000 2 792
31.010000 3 668
31.010000 4 660
31.010000 5 793
31.010000 6 622
31.010000 7 726
32.010000 0 654
32.010000 1 593
32.010000 2 712
32.010000 3 584
32.010000 4 572
32.010000 5 716
32.010000 6 604
32.010000 7 640
33.010000 0 718
33.010000 1 761
33.010000 2 829
33.010000 3 626
33.010000 4 647
33.010000 5 819
33.010000 6 735
33.010000 7 745
34.010000 0 610
34.010000 1 637
34.010000 2 682
34.010000 3 508
34.010000 4 499
34.010000 5 689
34.010000 6 641
34.010000 7 599
35.010000 0 674
35.010000 1 663
35.010000 2 751
35.010000 3 590
35.010000 4 598
35.010000 5 746
35.010000 6 641
35.010000 7 671
36.010000 0 708
36.010000 1 628
36.010000 2 773
36.010000 3 645
36.010000 4 635
36.010000 5 776
36.010000 6 629
36.010000 7 708
37.010000 0 739
37.010000 1 642
37.010000 2 804
37.010000 3 671
37.010000 4 681
37.010000 5 799
37.010000 6 637
37.010000 7 746
38.010000 0 679
38.010000 1 592
38.010000 2 739
38.010000 3 621
38.010000 4 618
38.010000 5 739
38.010000 6 593
38.010000 7 683
39.010000 0 590
39.010000 1 703
39.010000 2 707
39.010000 3 488
39.010000 4 507
39.010000 5 711
39.010000 6 719
39.010000 7 615
40.010000 0 724
40.010000 1 691
40.010000 2 799
40.010000 3 640
40.010000 4 626
40.010000 5 791
40.010000 6 669
40.010000 7 716
41.010000 0 606
41.010000 1 539
41.010000 2 666
41.010000 3 545
41.010000 4 556
41.010000 5 668
41.010000 6 545
41.010000 7 614
42.010000 0 711
42.010000 1 495
42.010000 2 723
42.010000 3 673
42.010000 4 656
42.010000 5 725
42.010000 6 492
42.010000 7 691
43.010000 0 640
43.010000 1 562
43.010000 2 695
43.010000 3 575
43.010000 4 580
43.010000 5 700
43.010000 6 569
43.010000 7 642
44.010000 0 678
44.010000 1 621
44.010000 2 749
44.010000 3 608
44.010000 4 616
44.010000 5 747
44.010000 6 617
44.010000 7 684
45.010000 0 785
45.010000 1 685
45.010000 2 838
45.010000 3 713
45.010000 4 679
45.010000 5 838
45.010000 6 681
45.010000 7 752
46.010000 0 738
46.010000 1 635
46.010000 2 815
46.010000 3 659
46.010000 4 696
46.010000 5 811
46.010000 6 646
46.010000 7 768
47.010000 0 645
47.010000 1 588
47.010000 2 713
47.010000 3 579
47.010000 4 577
47.010000 5 710
47.010000 6 594
47.010000 7 655
48.010000 0 666
48.010000 1 521
48.010000 2 692
48.010000 3 628
48.010000 4 612
48.010000 5 701
48.010000 6 516
48.010000 7 648
49.010000 0 757
49.010000 1 779
49.010000 2 855
49.010000 3 656
49.010000 4 663
49.010000 5 858
49.010000 6 772
49.010000 7 764
50.010000 0 634
50.010000 1 659
50.010000 2 719
50.010000 3 552
50.010000 4 547
50.010000 5 718
50.010000 6 659
50.010000 7 643
51.010000 0 642
51.010000 1 628
51.010000 2 722
51.010000 3 561
51.010000 4 565
51.010000 5 718
51.010000 6 632
51.010000 7 649
52.010000 0 702
52.010000 1 685
52.010000 2 771
52.010000 3 617
52.010000 4 597
52.010000 5 774
52.010000 6 690
52.010000 7 680
53.010000 0 683
53.010000 1 663
53.010000 2 761
53.010000 3 604
53.010000 4 603
53.010000 5 762
53.010000 6 666
53.010000 7 683
54.010000 0 653
54.010000 1 604
54.010000 2 726
54.010000 3 571
54.010000 4 591
54.010000 5 721
54.010000 6 598
54.010000 7 674
55.010000 0 693
55.010000 1 630
55.010000 2 752
55.010000 3 625
55.010000 4 609
55.010000 5 751
55.010000 6 626
55.010000 7 676
56.010000 0 649
56.010000 1 566
56.010000 2 718
56.010000 3 581
56.010000 4 612
56.010000 5 713
56.010000 6 566
56.010000 7 670
57.010000 0 705
57.010000 1 615
57.010000 2 764
57.010000 3 642
57.010000 4 634
57.010000 5 765
57.010000 6 609
57.010000 7 705
58.010000 0 723
58.010000 1 627
58.010000 2 785
58.010000 3 655
58.010000 4 643
58.010000 5 781
58.010000 6 625
58.010000 7 705
59.010000 0 683
59.010000 1 656
59.010000 2 758
59.010000 3 603
59.010000 4 616
59.010000 5 763
59.010000 6 664
59.010000 7 689
60.010000 0 624
60.010000 1 640
60.010000 2 690
60.010000 3 544
60.010000 4 506
60.010000 5 695
60.010000 6 637
60.010000 7 606
61.010000 0 698
61.010000 1 661
61.010000 2 770
61.010000 3 614
61.010000 4 626
61.010000 5 771
61.010000 6 660
61.010000 7 709
62.010000 0 750
62.010000 1 668
62.010000 2 822
62.010000 3 679
62.010000 4 679
62.010000 5 820
62.010000 6 659
62.010000 7 754
63.010000 0 652
63.010000 1 541
63.010000 2 699
63.010000 3 595
63.010000 4 600
63.010000 5 699
63.010000 6 541
63.010000 7 657
64.010000 0 648
64.010000 1 703
64.010000 2 746
64.010000 3 554
64.010000 4 552
64.010000 5 742
64.010000 6 698
64.010000 7 642
65.010000 0 710
65.010000 1 611
65.010000 2 769
65.010000 3 651
65.010000 4 651
65.010000 5 772
65.010000 6 626
65.010000 7 719
66.010000 0 712
66.010000 1 677
66.010000 2 779
66.010000 3 636
66.010000 4 611
66.010000 5 783
66.010000 6 676
66.010000 7 684
67.010000 0 616
67.010000 1 674
67.010000 2 715
67.010000 3 524
67.010000 4 532
67.010000 5 714
67.010000 6 673
67.010000 7 634
68.010000 0 657
68.010000 1 656
68.010000 2 741
68.010000 3 568
68.010000 4 574
68.010000 5 743
68.010000 6 654
68.010000 7 671
69.010000 0 703
69.010000 1 646
69.010000 2 762
69.010000 3 624
69.010000 4 617
69.010000 5 764
69.010000 6 637
69.010000 7 686
70.010000 0 737
70.010000 1 670
70.010000 2 814
70.010000 3 660
70.010000 4 671
70.010000 5 810
70.010000 6 669
70.010000 7 744
71.010000 0 616
71.010000 1 522
71.010000 2 670
71.010000 3 564
71.010000 4 588
71.010000 5 671
71.010000 6 518
71.010000 7 625
72.010000 0 669
72.010000 1 566
72.010000 2 709
72.010000 3 602
72.010000 4 587
72.010000 5 710
72.010000 6 567
72.010000 7 651
73.010000 0 703
73.010000 1 565
73.010000 2 748
73.010000 3 653
73.010000 4 647
73.010000 5 744
73.010000 6 565
73.010000 7 695
74.010000 0 695
74.010000 1 552
74.010000 2 743
74.010000 3 648
74.010000 4 650
74.010000 5 743
74.010000 6 552
74.010000 7 709
75.010000 0 736
75.010000 1 733
75.010000 2 821
75.010000 3 644
75.010000 4 637
75.010000 5 820
75.010000 6 735
75.010000 7 726
76.010000 0 674
76.010000 1 689
76.010000 2 761
76.010000 3 587
76.010000 4 594
76.010000 5 759
76.010000 6 676
76.010000 7 678
77.010000 0 623
77.010000 1 449
77.010000 2 653
77.010000 3 591
77.010000 4 579
77.010000 5 649
77.010000 6 451
77.010000 7 625
78.010000 0 715
78.010000 1 427
78.010000 2 722
78.010000 3 703
78.010000 4 703
78.010000 5 720
78.010000 6 427
78.010000 7 714
79.010000 0 796
79.010000 1 527
79.010000 2 808
79.010000 3 771
79.010000 4 765
79.010000 5 822
79.010000 6 523
79.010000 7 784
80.010000 0 721
80.010000 1 693
80.010000 2 805
80.010000 3 632
80.010000 4 644
80.010000 5 803
80.010000 6 687
80.010000 7 727
81.010000 0 694
81.010000 1 620
81.010000 2 757
81.010000 3 626
81.010000 4 621
81.010000 5 757
81.010000 6 621
81.010000 7 694
82.010000 0 718
82.010000 1 650
82.010000 2 785
82.010000 3 639
82.010000 4 641
82.010000 5 790
82.010000 6 650
82.010000 7 720
83.010000 0 616
83.010000 1 546
83.010000 2 676
83.010000 3 558
83.010000 4 564
83.010000 5 675
83.010000 6 551
83.010000 7 623
84.010000 0 664
84.010000 1 656
84.010000 2 742
84.010000 3 571
84.010000 4 574
84.010000 5 747
84.010000 6 657
84.010000 7 667
85.010000 0 656
85.010000 1 469
85.010000 2 685
85.010000 3 625
85.010000 4 618
85.010000 5 684
85.010000 6 476
85.010000 7 659
86.010000 0 764
86.010000 1 534
86.010000 2 784
86.010000 3 740
86.010000 4 723
86.010000 5 790
86.010000 6 537
86.010000 7 735
87.010000 0 704
87.010000 1 622
87.010000 2 774
87.010000 3 645
87.010000 4 654
87.010000 5 778
87.010000 6 624
87.010000 7 722
88.010000 0 738
88.010000 1 654
88.010000 2 802
88.010000 3 663
88.010000 4 666
88.010000 5 803
88.010000 6 650
88.010000 7 736
89.010000 0 644
89.010000 1 562
89.010000 2 688
89.010000 3 581
89.010000 4 568
89.010000 5 694
89.010000 6 562
89.010000 7 629
90.010000 0 644
90.010000 1 692
90.010000 2 741
90.010000 3 546
90.010000 4 558
90.010000 5 737
90.010000 6 687
90.010000 7 659
91.010000 0 669
91.010000 1 621
91.010000 2 728
91.010000 3 600
91.010000 4 599
91.010000 5 735
91.010000 6 616
91.010000 7 668
92.010000 0 678
92.010000 1 719
92.010000 2 775
92.010000 3 586
92.010000 4 583
92.010000 5 773
92.010000 6 712
92.010000 7 676
93.010000 0 698
93.010000 1 601
93.010000 2 765
93.010000 3 632
93.010000 4 646
93.010000 5 762
93.010000 6 603
93.010000 7 725
94.010000 0 671
94.010000 1 588
94.010000 2 718
94.010000 3 608
94.010000 4 586
94.010000 5 721
94.010000 6 594
94.010000 7 652
95.010000 0 706
95.010000 1 633
95.010000 2 777
95.010000 3 639
95.010000 4 640
95.010000 5 775
95.010000 6 636
95.010000 7 710
96.010000 0 687
96.010000 1 646
96.010000 2 750
96.010000 3 611
96.010000 4 595
96.010000 5 752
96.010000 6 643
96.010000 7 671
97.010000 0 771
97.010000 1 629
97.010000 2 815
97.010000 3 696
97.010000 4 674
97.010000 5 813
97.010000 6 634
97.010000 7 750
98.010000 0 668
98.010000 1 492
98.010000 2 722
98.010000 3 637
98.010000 4 679
98.010000 5 726
98.010000 6 496
98.010000 7 704
99.010000 0 704
99.010000 1 648
99.010000 2 748
99.010000 3 616
99.010000 4 594
99.010000 5 756
99.010000 6 636
99.010000 7 667
100.010000 0 636
100.010000 1 512
100.010000 2 691
100.010000 3 589
100.010000 4 615
100.010000 5 688
100.010000 6 518
100.010000 7 665
101.010000 0 729
101.010000 1 601
101.010000 2 792
101.010000 3 674
101.010000 4 689
101.010000 5 784
101.010000 6 599
101.010000 7 732
102.010000 0 675
102.010000 1 438
102.010000 2 679
102.010000 3 633
102.010000 4 634
102.010000 5 676
102.010000 6 444
102.010000 7 672
103.010000 0 768
103.010000 1 682
103.010000 2 838
103.010000 3 704
103.010000 4 695
103.010000 5 840
103.010000 6 674
103.010000 7 756
104.010000 0 721
104.010000 1 655
104.010000 2 787
104.010000 3 657
104.010000 4 661
104.010000 5 794
104.010000 6 650
104.010000 7 731
105.010000 0 633
105.010000 1 517
105.010000 2 672
105.010000 3 585
105.010000 4 569
105.010000 5 682
105.010000 6 526
105.010000 7 625
106.010000 0 665
106.010000 1 607
106.010000 2 725
106.010000 3 593
106.010000 4 587
106.010000 5 737
106.010000 6 605
106.010000 7 668
107.010000 0 753
107.010000 1 722
107.010000 2 827
107.010000 3 664
107.010000 4 647
107.010000 5 816
107.010000 6 721
107.010000 7 730
108.010000 0 581
108.010000 1 628
108.010000 2 692
108.010000 3 508
108.010000 4 545
108.010000 5 692
108.010000 6 637
108.010000 7 624
109.010000 0 629
109.010000 1 578
109.010000 2 704
109.010000 3 571
109.010000 4 595
109.010000 5 700
109.010000 6 566
109.010000 7 648
110.010000 0 691
110.010000 1 616
110.010000 2 730
110.010000 3 616
110.010000 4 577
110.010000 5 733
110.010000 6 612
110.010000 7 661
111.010000 0 766
111.010000 1 704
111.010000 2 833
111.010000 3 668
111.010000 4 659
111.010000 5 831
111.010000 6 692
111.010000 7 741
112.010000 0 686
112.010000 1 655
112.010000 2 777
112.010000 3 620
112.010000 4 648
112.010000 5 773
112.010000 6 658
112.010000 7 720
113.010000 0 661
113.010000 1 563
113.010000 2 707
113.010000 3 604
113.010000 4 587
113.010000 5 707
113.010000 6 564
113.010000 7 647
114.010000 0 708
114.010000 1 665
114.010000 2 788
114.010000 3 624
114.010000 4 640
114.010000 5 786
114.010000 6 650
114.010000 7 718
115.010000 0 725
115.010000 1 666
115.010000 2 806
115.010000 3 653
115.010000 4 667
115.010000 5 802
115.010000 6 683
115.010000 7 731
116.010000 0 594
116.010000 1 631
116.010000 2 679
116.010000 3 509
116.010000 4 516
116.010000 5 685
116.010000 6 639
116.010000 7 605
117.010000 0 741
117.010000 1 630
117.010000 2 778
117.010000 3 665
117.010000 4 633
117.010000 5 776
117.010000 6 614
117.010000 7 700
118.010000 0 701
118.010000 1 614
118.010000 2 768
118.010000 3 627
118.010000 4 659
118.010000 5 769
118.010000 6 610
118.010000 7 726
119.010000 0 691
119.010000 1 644
119.010000 2 769
119.010000 3 627
119.010000 4 630
119.010000 5 765
119.010000 6 642
119.010000 7 692
120.010000 0 638
120.010000 1 712
120.010000 2 734
120.010000 3 523
120.010000 4 517
120.010000 5 740
120.010000 6 721
120.010000 7 644
121.010000 0 579
121.010000 1 669
121.010000 2 675
121.010000 3 474
121.010000 4 474
121.010000 5 681
121.010000 6 681
121.010000 7 583
122.010000 0 769
122.010000 1 732
122.010000 2 839
122.010000 3 675
122.010000 4 662
122.010000 5 826
122.010000 6 694
122.010000 7 739
123.010000 0 739
123.010000 1 577
123.010000 2 787
123.010000 3 694
123.010000 4 696
123.010000 5 792
123.010000 6 591
123.010000 7 752
124.010000 0 607
124.010000 1 600
124.010000 2 683
124.010000 3 531
124.010000 4 548
124.010000 5 681
124.010000 6 602
124.010000 7 606
125.010000 0 690
125.010000 1 642
125.010000 2 752
125.010000 3 614
125.010000 4 601
125.010000 5 760
125.010000 6 646
125.010000 7 685
126.010000 0 637
126.010000 1 588
126.010000 2 703
126.010000 3 566
126.010000 4 575
126.010000 5 705
126.010000 6 594
126.010000 7 644
127.010000 0 728
127.010000 1 650
127.010000 2 786
127.010000 3 657
127.010000 4 636
127.010000 5 786
127.010000 6 643
127.010000 7 707
128.010000 0 629
128.010000 1 540
128.010000 2 701
128.010000 3 565
128.010000 4 595
128.010000 5 689
128.010000 6 547
128.010000 7 655
129.010000 0 719
129.010000 1 499
129.010000 2 737
129.010000 3 690
129.010000 4 686
129.010000 5 741
129.010000 6 496
129.010000 7 710
130.010000 0 705
130.010000 1 658
130.010000 2 769
130.010000 3 622
130.010000 4 617
130.010000 5 780
130.010000 6 661
130.010000 7 697
131.010000 0 716
131.010000 1 675
131.010000 2 804
131.010000 3 635
131.010000 4 655
131.010000 5 796
131.010000 6 665
131.010000 7 731
132.010000 0 711
132.010000 1 692
132.010000 2 771
132.010000 3 619
132.010000 4 600
132.010000 5 774
132.010000 6 702
132.010000 7 689
133.010000 0 611
133.010000 1 650
133.010000 2 704
133.010000 3 521
133.010000 4 534
133.010000 5 708
133.010000 6 666
133.010000 7 625
134.010000 0 723
134.010000 1 657
134.010000 2 782
134.010000 3 642
134.010000 4 643
134.010000 5 779
134.010000 6 641
134.010000 7 712
135.010000 0 665
135.010000 1 508
135.010000 2 702
135.010000 3 616
135.010000 4 615
135.010000 5 704
135.010000 6 530
135.010000 7 665
136.010000 0 729
136.010000 1 521
136.010000 2 755
136.010000 3 698
136.010000 4 688
136.010000 5 749
136.010000 6 511
136.010000 7 725
137.010000 0 706
137.010000 1 587
137.010000 2 761
137.010000 3 653
137.010000 4 648
137.010000 5 761
137.010000 6 594
137.010000 7 708
138.010000 0 741
138.010000 1 622
138.010000 2 795
138.010000 3 674
138.010000 4 682
138.010000 5 797
138.010000 6 624
138.010000 7 735
139.010000 0 681
139.010000 1 571
139.010000 2 725
139.010000 3 620
139.010000 4 608
139.010000 5 725
139.010000 6 571
139.010000 7 665
140.010000 0 664
140.010000 1 620
140.010000 2 733
140.010000 3 579
140.010000 4 585
140.010000 5 729
140.010000 6 607
140.010000 7 663
141.010000 0 717
141.010000 1 646
141.010000 2 785
141.010000 3 649
141.010000 4 634
141.010000 5 785
141.010000 6 647
141.010000 7 709
142.010000 0 726
142.010000 1 649
142.010000 2 795
142.010000 3 654
142.010000 4 660
142.010000 5 799
142.010000 6 656
142.010000 7 731
143.010000 0 599
143.010000 1 466
143.010000 2 632
143.010000 3 554
143.010000 4 556
143.010000 5 628
143.010000 6 461
143.010000 7 591
144.010000 0 724
144.010000 1 635
144.010000 2 781
144.010000 3 649
144.010000 4 651
144.010000 5 785
144.010000 6 631
144.010000 7 716
145.010000 0 722
145.010000 1 445
145.010000 2 730
145.010000 3 700
145.010000 4 695
145.010000 5 722
145.010000 6 444
145.010000 7 729
146.010000 0 711
146.010000 1 411
146.010000 2 720
146.010000 3 700
146.010000 4 705
146.010000 5 716
146.010000 6 413
146.010000 7 727
147.010000 0 791
147.010000 1 602
147.010000 2 819
147.010000 3 745
147.010000 4 736
147.010000 5 832
147.010000 6 605
147.010000 7 757
148.010000 0 774
148.010000 1 669
148.010000 2 846
148.010000 3 704
148.010000 4 713
148.010000 5 844
148.010000 6 674
148.010000 7 775
149.010000 0 725
149.010000 1 643
149.010000 2 786
149.010000 3 653
149.010000 4 649
149.010000 5 785
149.010000 6 631
149.010000 7 721
