0.010000 0 16
0.010000 1 18
0.010000 2 12
0.010000 3 17
0.010000 4 16
0.010000 5 15
0.010000 6 12
0.010000 7 17
0.010000 8 16
0.010000 9 16
0.010000 10 17
1.010000 0 204
1.010000 1 194
1.010000 2 202
1.010000 3 213
1.010000 4 200
1.010000 5 203
1.010000 6 202
1.010000 7 219
1.010000 8 204
1.010000 9 193
1.010000 10 196
2.010000 0 155
2.010000 1 162
2.010000 2 155
2.010000 3 171
2.010000 4 162
2.010000 5 163
2.010000 6 155
2.010000 7 168
2.010000 8 155
2.010000 9 172
2.010000 10 156
3.010000 0 191
3.010000 1 192
3.010000 2 193
3.010000 3 198
3.010000 4 177
3.010000 5 192
3.010000 6 193
3.010000 7 202
3.010000 8 191
3.010000 9 192
3.010000 10 183
4.010000 0 215
4.010000 1 220
4.010000 2 209
4.010000 3 224
4.010000 4 215
4.010000 5 217
4.010000 6 209
4.010000 7 226
4.010000 8 215
4.010000 9 209
4.010000 10 209
5.010000 0 150
5.010000 1 154
5.010000 2 152
5.010000 3 158
5.010000 4 149
5.010000 5 154
5.010000 6 152
5.010000 7 162
5.010000 8 150
5.010000 9 160
5.010000 10 145
6.010000 0 161
6.010000 1 164
6.010000 2 152
6.010000 3 166
6.010000 4 170
6.010000 5 163
6.010000 6 152
6.010000 7 170
6.010000 8 161
6.010000 9 162
6.010000 10 156
7.010000 0 141
7.010000 1 133
7.010000 2 132
7.010000 3 137
7.010000 4 133
7.010000 5 145
7.010000 6 132
7.010000 7 150
7.010000 8 141
7.010000 9 134
7.010000 10 127
8.010000 0 251
8.010000 1 257
8.010000 2 250
8.010000 3 263
8.010000 4 239
8.010000 5 245
8.010000 6 250
8.010000 7 258
8.010000 8 251
8.010000 9 246
8.010000 10 247
9.010000 0 150
9.010000 1 148
9.010000 2 141
9.010000 3 150
9.010000 4 140
9.010000 5 145
9.010000 6 141
9.010000 7 152
9.010000 8 150
9.010000 9 154
9.010000 10 140
10.010000 0 198
10.010000 1 205
10.010000 2 201
10.010000 3 201
10.010000 4 202
10.010000 5 208
10.010000 6 201
10.010000 7 216
10.010000 8 198
10.010000 9 207
10.010000 10 194
11.010000 0 170
11.010000 1 164
11.010000 2 165
11.010000 3 169
11.010000 4 161
11.010000 5 174
11.010000 6 165
11.010000 7 175
11.010000 8 170
11.010000 9 164
11.010000 10 146
12.010000 0 191
12.010000 1 193
12.010000 2 183
12.010000 3 195
12.010000 4 188
12.010000 5 182
12.010000 6 183
12.010000 7 206
12.010000 8 191
12.010000 9 191
12.010000 10 183
13.010000 0 163
13.010000 1 168
13.010000 2 167
13.010000 3 171
13.010000 4 167
13.010000 5 181
13.010000 6 167
13.010000 7 177
13.010000 8 163
13.010000 9 172
13.010000 10 162
14.010000 0 161
14.010000 1 160
14.010000 2 156
14.010000 3 173
14.010000 4 157
14.010000 5 160
14.010000 6 156
14.010000 7 168
14.010000 8 161
14.010000 9 160
14.010000 10 153
15.010000 0 171
15.010000 1 175
15.010000 2 167
15.010000 3 170
15.010000 4 181
15.010000 5 177
15.010000 6 167
15.010000 7 185
15.010000 8 171
15.010000 9 177
15.010000 10 165
16.010000 0 893
16.010000 1 1053
16.010000 2 1050
16.010000 3 773
16.010000 4 760
16.010000 5 1055
16.010000 6 1050
16.010000 7 927
16.010000 8 893
16.010000 9 1051
16.010000 10 1046
17.010000 0 882
17.010000 1 1034
17.010000 2 1027
17.010000 3 750
17.010000 4 743
17.010000 5 1036
17.010000 6 1027
17.010000 7 896
17.010000 8 882
17.010000 9 1032
17.010000 10 1024
18.010000 0 921
18.010000 1 1068
18.010000 2 1060
18.010000 3 769
18.010000 4 762
18.010000 5 1074
18.010000 6 1060
18.010000 7 926
18.010000 8 921
18.010000 9 1073
18.010000 10 1059
19.010000 0 862
19.010000 1 1011
19.010000 2 1016
19.010000 3 728
19.010000 4 717
19.010000 5 1015
19.010000 6 1016
19.010000 7 873
19.010000 8 862
19.010000 9 1013
19.010000 10 1005
20.010000 0 961
20.010000 1 1121
20.010000 2 1107
20.010000 3 825
20.010000 4 821
20.010000 5 1122
20.010000 6 1107
20.010000 7 985
20.010000 8 961
20.010000 9 1120
20.010000 10 1114
21.010000 0 893
21.010000 1 1052
21.010000 2 1046
21.010000 3 757
21.010000 4 749
21.010000 5 1055
21.010000 6 1046
21.010000 7 915
21.010000 8 893
21.010000 9 1053
21.010000 10 1056
22.010000 0 872
22.010000 1 1030
22.010000 2 1026
22.010000 3 740
22.010000 4 734
22.010000 5 1034
22.010000 6 1026
22.010000 7 890
22.010000 8 872
22.010000 9 1030
22.010000 10 1036
23.010000 0 894
23.010000 1 1057
23.010000 2 1040
23.010000 3 760
23.010000 4 756
23.010000 5 1047
23.010000 6 1040
23.010000 7 915
23.010000 8 894
23.010000 9 1049
23.010000 10 1026
24.010000 0 910
24.010000 1 1051
24.010000 2 1050
24.010000 3 768
24.010000 4 760
24.010000 5 1060
24.010000 6 1050
24.010000 7 915
24.010000 8 910
24.010000 9 1049
24.010000 10 1053
25.010000 0 884
25.010000 1 1052
25.010000 2 1047
25.010000 3 762
25.010000 4 771
25.010000 5 1044
25.010000 6 1047
25.010000 7 919
25.010000 8 884
25.010000 9 1049
25.010000 10 1032
26.010000 0 909
26.010000 1 1056
26.010000 2 1056
26.010000 3 764
26.010000 4 745
26.010000 5 1067
26.010000 6 1056
26.010000 7 915
26.010000 8 909
26.010000 9 1059
26.010000 10 1053
27.010000 0 922
27.010000 1 1098
27.010000 2 1101
27.010000 3 775
27.010000 4 784
27.010000 5 1098
27.010000 6 1101
27.010000 7 941
27.010000 8 922
27.010000 9 1097
27.010000 10 1088
28.010000 0 871
28.010000 1 1014
28.010000 2 1015
28.010000 3 731
28.010000 4 707
28.010000 5 1022
28.010000 6 1015
28.010000 7 866
28.010000 8 871
28.010000 9 1014
28.010000 10 1008
29.010000 0 893
29.010000 1 1063
29.010000 2 1065
29.010000 3 749
29.010000 4 763
29.010000 5 1064
29.010000 6 1065
29.010000 7 928
29.010000 8 893
29.010000 9 1061
29.010000 10 1054
30.010000 0 941
30.010000 1 1076
30.010000 2 1057
30.010000 3 803
30.010000 4 768
30.010000 5 1072
30.010000 6 1057
30.010000 7 941
30.010000 8 941
30.010000 9 1070
30.010000 10 1064
31.010000 0 935
31.010000 1 1079
31.010000 2 1043
31.010000 3 797
31.010000 4 801
31.010000 5 1081
31.010000 6 1043
31.010000 7 959
31.010000 8 935
31.010000 9 1090
31.010000 10 1071
32.010000 0 909
32.010000 1 1051
32.010000 2 1049
32.010000 3 761
32.010000 4 740
32.010000 5 1054
32.010000 6 1049
32.010000 7 904
32.010000 8 909
32.010000 9 1050
32.010000 10 1042
33.010000 0 892
33.010000 1 1043
33.010000 2 1044
33.010000 3 757
33.010000 4 747
33.010000 5 1050
33.010000 6 1044
33.010000 7 904
33.010000 8 892
33.010000 9 1048
33.010000 10 1035
34.010000 0 912
34.010000 1 1086
34.010000 2 1081
34.010000 3 766
34.010000 4 779
34.010000 5 1095
34.010000 6 1081
34.010000 7 949
34.010000 8 912
34.010000 9 1085
34.010000 10 1079
35.010000 0 891
35.010000 1 1035
35.010000 2 1030
35.010000 3 753
35.010000 4 746
35.010000 5 1039
35.010000 6 1030
35.010000 7 904
35.010000 8 891
35.010000 9 1037
35.010000 10 1029
36.010000 0 894
36.010000 1 1054
36.010000 2 1046
36.010000 3 758
36.010000 4 763
36.010000 5 1051
36.010000 6 1046
36.010000 7 921
36.010000 8 894
36.010000 9 1051
36.010000 10 1046
37.010000 0 858
37.010000 1 1011
37.010000 2 1019
37.010000 3 730
37.010000 4 711
37.010000 5 1015
37.010000 6 1019
37.010000 7 866
37.010000 8 858
37.010000 9 1011
37.010000 10 1003
38.010000 0 929
38.010000 1 1107
38.010000 2 1115
38.010000 3 792
38.010000 4 786
38.010000 5 1107
38.010000 6 1115
38.010000 7 954
38.010000 8 929
38.010000 9 1107
38.010000 10 1095
39.010000 0 899
39.010000 1 1040
39.010000 2 1051
39.010000 3 753
39.010000 4 732
39.010000 5 1043
39.010000 6 1051
39.010000 7 902
39.010000 8 899
39.010000 9 1034
39.010000 10 1034
40.010000 0 888
40.010000 1 1061
40.010000 2 1063
40.010000 3 748
40.010000 4 744
40.010000 5 1054
40.010000 6 1063
40.010000 7 912
40.010000 8 888
40.010000 9 1063
40.010000 10 1059
41.010000 0 892
41.010000 1 1056
41.010000 2 1064
41.010000 3 755
41.010000 4 749
41.010000 5 1056
41.010000 6 1064
41.010000 7 908
41.010000 8 892
41.010000 9 1056
41.010000 10 1048
42.010000 0 903
42.010000 1 1060
42.010000 2 1039
42.010000 3 782
42.010000 4 785
42.010000 5 1060
42.010000 6 1039
42.010000 7 938
42.010000 8 903
42.010000 9 1062
42.010000 10 1051
43.010000 0 1020
43.010000 1 1134
43.010000 2 1069
43.010000 3 885
43.010000 4 857
43.010000 5 1136
43.010000 6 1069
43.010000 7 1014
43.010000 8 1020
43.010000 9 1134
43.010000 10 1127
44.010000 0 862
44.010000 1 1052
44.010000 2 1043
44.010000 3 733
44.010000 4 784
44.010000 5 1053
44.010000 6 1043
44.010000 7 935
44.010000 8 862
44.010000 9 1060
44.010000 10 1038
45.010000 0 881
45.010000 1 1028
45.010000 2 1029
45.010000 3 739
45.010000 4 720
45.010000 5 1028
45.010000 6 1029
45.010000 7 884
45.010000 8 881
45.010000 9 1024
45.010000 10 1027
46.010000 0 906
46.010000 1 1040
46.010000 2 1036
46.010000 3 774
46.010000 4 735
46.010000 5 1041
46.010000 6 1036
46.010000 7 888
46.010000 8 906
46.010000 9 1041
46.010000 10 1035
47.010000 0 910
47.010000 1 1056
47.010000 2 1052
47.010000 3 752
47.010000 4 749
47.010000 5 1067
47.010000 6 1052
47.010000 7 914
47.010000 8 910
47.010000 9 1064
47.010000 10 1052
48.010000 0 929
48.010000 1 1100
48.010000 2 1092
48.010000 3 803
48.010000 4 794
48.010000 5 1087
48.010000 6 1092
48.010000 7 963
48.010000 8 929
48.010000 9 1094
48.010000 10 1090
49.010000 0 875
49.010000 1 1029
49.010000 2 1029
49.010000 3 737
49.010000 4 727
49.010000 5 1030
49.010000 6 1029
49.010000 7 888
49.010000 8 875
49.010000 9 1024
49.010000 10 1021
50.010000 0 928
50.010000 1 1065
50.010000 2 1046
50.010000 3 793
50.010000 4 783
50.010000 5 1069
50.010000 6 1046
50.010000 7 944
50.010000 8 928
50.010000 9 1059
50.010000 10 1057
51.010000 0 892
51.010000 1 1058
51.010000 2 1061
51.010000 3 759
51.010000 4 762
51.010000 5 1061
51.010000 6 1061
51.010000 7 924
51.010000 8 892
51.010000 9 1057
51.010000 10 1050
52.010000 0 909
52.010000 1 1063
52.010000 2 1055
52.010000 3 763
52.010000 4 755
52.010000 5 1077
52.010000 6 1055
52.010000 7 911
52.010000 8 909
52.010000 9 1064
52.010000 10 1067
53.010000 0 891
53.010000 1 1037
53.010000 2 1038
53.010000 3 752
53.010000 4 731
53.010000 5 1039
53.010000 6 1038
53.010000 7 895
53.010000 8 891
53.010000 9 1037
53.010000 10 1028
54.010000 0 878
54.010000 1 1022
54.010000 2 1013
54.010000 3 728
54.010000 4 727
54.010000 5 1013
54.010000 6 1013
54.010000 7 894
54.010000 8 878
54.010000 9 1027
54.010000 10 1010
55.010000 0 925
55.010000 1 1083
55.010000 2 1086
55.010000 3 759
55.010000 4 755
55.010000 5 1094
55.010000 6 1086
55.010000 7 933
55.010000 8 925
55.010000 9 1089
55.010000 10 1076
56.010000 0 922
56.010000 1 1074
56.010000 2 1072
56.010000 3 794
56.010000 4 778
56.010000 5 1078
56.010000 6 1072
56.010000 7 942
56.010000 8 922
56.010000 9 1071
56.010000 10 1069
57.010000 0 873
57.010000 1 1028
57.010000 2 1026
57.010000 3 729
57.010000 4 733
57.010000 5 1026
57.010000 6 1026
57.010000 7 890
57.010000 8 873
57.010000 9 1024
57.010000 10 1015
58.010000 0 927
58.010000 1 1067
58.010000 2 1040
58.010000 3 797
58.010000 4 787
58.010000 5 1067
58.010000 6 1040
58.010000 7 932
58.010000 8 927
58.010000 9 1066
58.010000 10 1061
59.010000 0 891
59.010000 1 1040
59.010000 2 1043
59.010000 3 745
59.010000 4 738
59.010000 5 1041
59.010000 6 1043
59.010000 7 903
59.010000 8 891
59.010000 9 1040
59.010000 10 1031
60.010000 0 913
60.010000 1 1078
60.010000 2 1076
60.010000 3 782
60.010000 4 785
60.010000 5 1078
60.010000 6 1076
60.010000 7 946
60.010000 8 913
60.010000 9 1079
60.010000 10 1071
61.010000 0 870
61.010000 1 1028
61.010000 2 1021
61.010000 3 733
61.010000 4 731
61.010000 5 1030
61.010000 6 1021
61.010000 7 882
61.010000 8 870
61.010000 9 1025
61.010000 10 1024
62.010000 0 958
62.010000 1 1110
62.010000 2 1102
62.010000 3 823
62.010000 4 803
62.010000 5 1113
62.010000 6 1102
62.010000 7 981
62.010000 8 958
62.010000 9 1112
62.010000 10 1094
63.010000 0 904
63.010000 1 1058
63.010000 2 1049
63.010000 3 767
63.010000 4 762
63.010000 5 1058
63.010000 6 1049
63.010000 7 911
63.010000 8 904
63.010000 9 1058
63.010000 10 1049
64.010000 0 904
64.010000 1 1063
64.010000 2 1063
64.010000 3 773
64.010000 4 771
64.010000 5 1063
64.010000 6 1063
64.010000 7 940
64.010000 8 904
64.010000 9 1064
64.010000 10 1055
65.010000 0 900
65.010000 1 1050
65.010000 2 1040
65.010000 3 766
65.010000 4 757
65.010000 5 1053
65.010000 6 1040
65.010000 7 906
65.010000 8 900
65.010000 9 1053
65.010000 10 1043
66.010000 0 885
66.010000 1 1038
66.010000 2 1038
66.010000 3 735
66.010000 4 716
66.010000 5 1034
66.010000 6 1038
66.010000 7 887
66.010000 8 885
66.010000 9 1034
66.010000 10 1025
67.010000 0 882
67.010000 1 1061
67.010000 2 1061
67.010000 3 743
67.010000 4 753
67.010000 5 1056
67.010000 6 1061
67.010000 7 914
67.010000 8 882
67.010000 9 1057
67.010000 10 1049
68.010000 0 868
68.010000 1 1027
68.010000 2 1036
68.010000 3 728
68.010000 4 721
68.010000 5 1031
68.010000 6 1036
68.010000 7 884
68.010000 8 868
68.010000 9 1024
68.010000 10 1017
69.010000 0 972
69.010000 1 1109
69.010000 2 1064
69.010000 3 823
69.010000 4 825
69.010000 5 1108
69.010000 6 1064
69.010000 7 986
69.010000 8 972
69.010000 9 1101
69.010000 10 1108
70.010000 0 907
70.010000 1 1066
70.010000 2 1062
70.010000 3 768
70.010000 4 771
70.010000 5 1069
70.010000 6 1062
70.010000 7 936
70.010000 8 907
70.010000 9 1067
70.010000 10 1058
71.010000 0 908
71.010000 1 1059
71.010000 2 1057
71.010000 3 777
71.010000 4 756
71.010000 5 1058
71.010000 6 1057
71.010000 7 919
71.010000 8 908
71.010000 9 1056
71.010000 10 1050
72.010000 0 896
72.010000 1 1062
72.010000 2 1056
72.010000 3 764
72.010000 4 779
72.010000 5 1063
72.010000 6 1056
72.010000 7 937
72.010000 8 896
72.010000 9 1062
72.010000 10 1053
73.010000 0 912
73.010000 1 1054
73.010000 2 1053
73.010000 3 781
73.010000 4 742
73.010000 5 1056
73.010000 6 1053
73.010000 7 903
73.010000 8 912
73.010000 9 1056
73.010000 10 1051
74.010000 0 917
74.010000 1 1074
74.010000 2 1064
74.010000 3 759
74.010000 4 774
74.010000 5 1069
74.010000 6 1064
74.010000 7 937
74.010000 8 917
74.010000 9 1067
74.010000 10 1059
75.010000 0 918
75.010000 1 1062
75.010000 2 1057
75.010000 3 775
75.010000 4 747
75.010000 5 1053
75.010000 6 1057
75.010000 7 913
75.010000 8 918
75.010000 9 1060
75.010000 10 1063
76.010000 0 846
76.010000 1 1022
76.010000 2 1018
76.010000 3 707
76.010000 4 738
76.010000 5 1022
76.010000 6 1018
76.010000 7 890
76.010000 8 846
76.010000 9 1027
76.010000 10 1010
77.010000 0 929
77.010000 1 1085
77.010000 2 1079
77.010000 3 786
77.010000 4 764
77.010000 5 1089
77.010000 6 1079
77.010000 7 929
77.010000 8 929
77.010000 9 1085
77.010000 10 1086
78.010000 0 900
78.010000 1 1036
78.010000 2 1027
78.010000 3 761
78.010000 4 739
78.010000 5 1035
78.010000 6 1027
78.010000 7 902
78.010000 8 900
78.010000 9 1024
78.010000 10 1024
79.010000 0 866
79.010000 1 1034
79.010000 2 1027
79.010000 3 730
79.010000 4 735
79.010000 5 1028
79.010000 6 1027
79.010000 7 892
79.010000 8 866
79.010000 9 1031
79.010000 10 1033
80.010000 0 862
80.010000 1 1007
80.010000 2 1007
80.010000 3 725
80.010000 4 707
80.010000 5 1008
80.010000 6 1007
80.010000 7 862
80.010000 8 862
80.010000 9 1013
80.010000 10 1001
81.010000 0 927
81.010000 1 1069
81.010000 2 1069
81.010000 3 790
81.010000 4 782
81.010000 5 1080
81.010000 6 1069
81.010000 7 940
81.010000 8 927
81.010000 9 1068
81.010000 10 1067
82.010000 0 922
82.010000 1 1071
82.010000 2 1063
82.010000 3 777
82.010000 4 771
82.010000 5 1076
82.010000 6 1063
82.010000 7 936
82.010000 8 922
82.010000 9 1072
82.010000 10 1064
83.010000 0 892
83.010000 1 1050
83.010000 2 1047
83.010000 3 757
83.010000 4 745
83.010000 5 1050
83.010000 6 1047
83.010000 7 923
83.010000 8 892
83.010000 9 1050
83.010000 10 1038
84.010000 0 896
84.010000 1 1050
84.010000 2 1034
84.010000 3 762
84.010000 4 740
84.010000 5 1043
84.010000 6 1034
84.010000 7 877
84.010000 8 896
84.010000 9 1043
84.010000 10 1035
85.010000 0 924
85.010000 1 1082
85.010000 2 1076
85.010000 3 780
85.010000 4 780
85.010000 5 1069
85.010000 6 1076
85.010000 7 948
85.010000 8 924
85.010000 9 1077
85.010000 10 1072
86.010000 0 902
86.010000 1 1057
86.010000 2 1061
86.010000 3 754
86.010000 4 747
86.010000 5 1069
86.010000 6 1061
86.010000 7 915
86.010000 8 902
86.010000 9 1060
86.010000 10 1051
87.010000 0 904
87.010000 1 1063
87.010000 2 1052
87.010000 3 779
87.010000 4 772
87.010000 5 1056
87.010000 6 1052
87.010000 7 928
87.010000 8 904
87.010000 9 1061
87.010000 10 1057
88.010000 0 905
88.010000 1 1075
88.010000 2 1074
88.010000 3 761
88.010000 4 770
88.010000 5 1078
88.010000 6 1074
88.010000 7 933
88.010000 8 905
88.010000 9 1082
88.010000 10 1066
89.010000 0 875
89.010000 1 1010
89.010000 2 1002
89.010000 3 745
89.010000 4 722
89.010000 5 1010
89.010000 6 1002
89.010000 7 875
89.010000 8 875
89.010000 9 1009
89.010000 10 1000
90.010000 0 902
90.010000 1 1065
90.010000 2 1053
90.010000 3 767
90.010000 4 773
90.010000 5 1067
90.010000 6 1053
90.010000 7 928
90.010000 8 902
90.010000 9 1056
90.010000 10 1061
91.010000 0 906
91.010000 1 1069
91.010000 2 1064
91.010000 3 772
91.010000 4 769
91.010000 5 1064
91.010000 6 1064
91.010000 7 926
91.010000 8 906
91.010000 9 1067
91.010000 10 1067
92.010000 0 905
92.010000 1 1047
92.010000 2 1048
92.010000 3 762
92.010000 4 743
92.010000 5 1050
92.010000 6 1048
92.010000 7 904
92.010000 8 905
92.010000 9 1046
92.010000 10 1039
93.010000 0 890
93.010000 1 1062
93.010000 2 1040
93.010000 3 746
93.010000 4 753
93.010000 5 1047
93.010000 6 1040
93.010000 7 908
93.010000 8 890
93.010000 9 1057
93.010000 10 1041
94.010000 0 906
94.010000 1 1047
94.010000 2 1047
94.010000 3 773
94.010000 4 742
94.010000 5 1049
94.010000 6 1047
94.010000 7 907
94.010000 8 906
94.010000 9 1048
94.010000 10 1041
95.010000 0 902
95.010000 1 1069
95.010000 2 1062
95.010000 3 767
95.010000 4 778
95.010000 5 1066
95.010000 6 1062
95.010000 7 932
95.010000 8 902
95.010000 9 1067
95.010000 10 1061
96.010000 0 910
96.010000 1 1070
96.010000 2 1065
96.010000 3 765
96.010000 4 768
96.010000 5 1069
96.010000 6 1065
96.010000 7 929
96.010000 8 910
96.010000 9 1066
96.010000 10 1062
97.010000 0 870
97.010000 1 1022
97.010000 2 1017
97.010000 3 732
97.010000 4 726
97.010000 5 1022
97.010000 6 1017
97.010000 7 878
97.010000 8 870
97.010000 9 1029
97.010000 10 1016
98.010000 0 941
98.010000 1 1102
98.010000 2 1103
98.010000 3 802
98.010000 4 782
98.010000 5 1105
98.010000 6 1103
98.010000 7 960
98.010000 8 941
98.010000 9 1104
98.010000 10 1093
99.010000 0 874
99.010000 1 1024
99.010000 2 1023
99.010000 3 738
99.010000 4 744
99.010000 5 1027
99.010000 6 1023
99.010000 7 900
99.010000 8 874
99.010000 9 1021
99.010000 10 1017
100.010000 0 908
100.010000 1 1048
100.010000 2 1045
100.010000 3 757
100.010000 4 741
100.010000 5 1050
100.010000 6 1045
100.010000 7 915
100.010000 8 908
100.010000 9 1048
100.010000 10 1040
101.010000 0 920
101.010000 1 1066
101.010000 2 1061
101.010000 3 792
101.010000 4 767
101.010000 5 1068
101.010000 6 1061
101.010000 7 925
101.010000 8 920
101.010000 9 1057
101.010000 10 1057
102.010000 0 873
102.010000 1 1021
102.010000 2 1015
102.010000 3 729
102.010000 4 729
102.010000 5 1021
102.010000 6 1015
102.010000 7 891
102.010000 8 873
102.010000 9 1029
102.010000 10 1011
103.010000 0 906
103.010000 1 1056
103.010000 2 1053
103.010000 3 766
103.010000 4 755
103.010000 5 1056
103.010000 6 1053
103.010000 7 919
103.010000 8 906
103.010000 9 1048
103.010000 10 1049
104.010000 0 938
104.010000 1 1091
104.010000 2 1082
104.010000 3 798
104.010000 4 781
104.010000 5 1092
104.010000 6 1082
104.010000 7 943
104.010000 8 938
104.010000 9 1090
104.010000 10 1081
105.010000 0 912
105.010000 1 1077
105.010000 2 1069
105.010000 3 767
105.010000 4 784
105.010000 5 1078
105.010000 6 1069
105.010000 7 937
105.010000 8 912
105.010000 9 1075
105.010000 10 1069
106.010000 0 892
106.010000 1 1038
106.010000 2 1025
106.010000 3 748
106.010000 4 725
106.010000 5 1028
106.010000 6 1025
106.010000 7 890
106.010000 8 892
106.010000 9 1027
106.010000 10 1019
107.010000 0 891
107.010000 1 1043
107.010000 2 1045
107.010000 3 747
107.010000 4 745
107.010000 5 1046
107.010000 6 1045
107.010000 7 913
107.010000 8 891
107.010000 9 1046
107.010000 10 1036
108.010000 0 913
108.010000 1 1055
108.010000 2 1048
108.010000 3 769
108.010000 4 753
108.010000 5 1059
108.010000 6 1048
108.010000 7 915
108.010000 8 913
108.010000 9 1054
108.010000 10 1050
109.010000 0 900
109.010000 1 1058
109.010000 2 1071
109.010000 3 765
109.010000 4 766
109.010000 5 1068
109.010000 6 1071
109.010000 7 923
109.010000 8 900
109.010000 9 1064
109.010000 10 1057
110.010000 0 945
110.010000 1 1079
110.010000 2 1063
110.010000 3 802
110.010000 4 782
110.010000 5 1081
110.010000 6 1063
110.010000 7 944
110.010000 8 945
110.010000 9 1080
110.010000 10 1072
111.010000 0 878
111.010000 1 1034
111.010000 2 1020
111.010000 3 734
111.010000 4 748
111.010000 5 1040
111.010000 6 1020
111.010000 7 892
111.010000 8 878
111.010000 9 1034
111.010000 10 1028
112.010000 0 895
112.010000 1 1038
112.010000 2 1035
112.010000 3 755
112.010000 4 734
112.010000 5 1051
112.010000 6 1035
112.010000 7 893
112.010000 8 895
112.010000 9 1040
112.010000 10 1031
113.010000 0 911
113.010000 1 1081
113.010000 2 1076
113.010000 3 776
113.010000 4 783
113.010000 5 1085
113.010000 6 1076
113.010000 7 949
113.010000 8 911
113.010000 9 1080
113.010000 10 1075
114.010000 0 931
114.010000 1 1080
114.010000 2 1076
114.010000 3 798
114.010000 4 769
114.010000 5 1085
114.010000 6 1076
114.010000 7 936
114.010000 8 931
114.010000 9 1082
114.010000 10 1075
115.010000 0 908
115.010000 1 1071
115.010000 2 1066
115.010000 3 771
115.010000 4 764
115.010000 5 1069
115.010000 6 1066
115.010000 7 929
115.010000 8 908
115.010000 9 1069
115.010000 10 1073
116.010000 0 877
116.010000 1 1039
116.010000 2 1042
116.010000 3 755
116.010000 4 745
116.010000 5 1045
116.010000 6 1042
116.010000 7 905
116.010000 8 877
116.010000 9 1041
116.010000 10 1031
117.010000 0 880
117.010000 1 1038
117.010000 2 1029
117.010000 3 745
117.010000 4 756
117.010000 5 1039
117.010000 6 1029
117.010000 7 905
117.010000 8 880
117.010000 9 1036
117.010000 10 1028
118.010000 0 915
118.010000 1 1063
118.010000 2 1059
118.010000 3 768
118.010000 4 739
118.010000 5 1063
118.010000 6 1059
118.010000 7 908
118.010000 8 915
118.010000 9 1061
118.010000 10 1064
119.010000 0 905
119.010000 1 1067
119.010000 2 1063
119.010000 3 775
119.010000 4 773
119.010000 5 1069
119.010000 6 1063
119.010000 7 933
119.010000 8 905
119.010000 9 1068
119.010000 10 1059
120.010000 0 911
120.010000 1 1062
120.010000 2 1055
120.010000 3 763
120.010000 4 761
120.010000 5 1064
120.010000 6 1055
120.010000 7 923
120.010000 8 911
120.010000 9 1059
120.010000 10 1050
121.010000 0 901
121.010000 1 1045
121.010000 2 1043
121.010000 3 748
121.010000 4 750
121.010000 5 1045
121.010000 6 1043
121.010000 7 912
121.010000 8 901
121.010000 9 1045
121.010000 10 1039
122.010000 0 869
122.010000 1 1038
122.010000 2 1038
122.010000 3 740
122.010000 4 747
122.010000 5 1036
122.010000 6 1038
122.010000 7 890
122.010000 8 869
122.010000 9 1038
122.010000 10 1028
123.010000 0 952
123.010000 1 1083
123.010000 2 1074
123.010000 3 805
123.010000 4 773
123.010000 5 1077
123.010000 6 1074
123.010000 7 943
123.010000 8 952
123.010000 9 1075
123.010000 10 1074
124.010000 0 874
124.010000 1 1043
124.010000 2 1040
124.010000 3 737
124.010000 4 738
124.010000 5 1054
124.010000 6 1040
124.010000 7 894
124.010000 8 874
124.010000 9 1054
124.010000 10 1046
125.010000 0 916
125.010000 1 1059
125.010000 2 1052
125.010000 3 776
125.010000 4 769
125.010000 5 1062
125.010000 6 1052
125.010000 7 929
125.010000 8 916
125.010000 9 1050
125.010000 10 1051
126.010000 0 882
126.010000 1 1038
126.010000 2 1032
126.010000 3 748
126.010000 4 743
126.010000 5 1039
126.010000 6 1032
126.010000 7 899
126.010000 8 882
126.010000 9 1046
126.010000 10 1029
127.010000 0 894
127.010000 1 1053
127.010000 2 1056
127.010000 3 757
127.010000 4 764
127.010000 5 1054
127.010000 6 1056
127.010000 7 925
127.010000 8 894
127.010000 9 1049
127.010000 10 1048
128.010000 0 887
128.010000 1 1034
128.010000 2 1027
128.010000 3 753
128.010000 4 738
128.010000 5 1034
128.010000 6 1027
128.010000 7 890
128.010000 8 887
128.010000 9 1034
128.010000 10 1027
129.010000 0 927
129.010000 1 1089
129.010000 2 1083
129.010000 3 793
129.010000 4 782
129.010000 5 1092
129.010000 6 1083
129.010000 7 946
129.010000 8 927
129.010000 9 1088
129.010000 10 1080
130.010000 0 868
130.010000 1 1025
130.010000 2 1023
130.010000 3 741
130.010000 4 734
130.010000 5 1026
130.010000 6 1023
130.010000 7 895
130.010000 8 868
130.010000 9 1021
130.010000 10 1019
131.010000 0 948
131.010000 1 1107
131.010000 2 1099
131.010000 3 805
131.010000 4 781
131.010000 5 1103
131.010000 6 1099
131.010000 7 953
131.010000 8 948
131.010000 9 1105
131.010000 10 1107
132.010000 0 843
132.010000 1 992
132.010000 2 978
132.010000 3 702
132.010000 4 725
132.010000 5 989
132.010000 6 978
132.010000 7 865
132.010000 8 843
132.010000 9 986
132.010000 10 976
133.010000 0 964
133.010000 1 1120
133.010000 2 1119
133.010000 3 827
133.010000 4 799
133.010000 5 1115
133.010000 6 1119
133.010000 7 973
133.010000 8 964
133.010000 9 1119
133.010000 10 1108
134.010000 0 882
134.010000 1 1031
134.010000 2 1027
134.010000 3 731
134.010000 4 741
134.010000 5 1043
134.010000 6 1027
134.010000 7 902
134.010000 8 882
134.010000 9 1035
134.010000 10 1032
135.010000 0 923
135.010000 1 1067
135.010000 2 1062
135.010000 3 787
135.010000 4 752
135.010000 5 1056
135.010000 6 1062
135.010000 7 916
135.010000 8 923
135.010000 9 1066
135.010000 10 1051
136.010000 0 852
136.010000 1 1012
136.010000 2 1018
136.010000 3 714
136.010000 4 716
136.010000 5 1026
136.010000 6 1018
136.010000 7 878
136.010000 8 852
136.010000 9 1022
136.010000 10 1010
137.010000 0 934
137.010000 1 1087
137.010000 2 1077
137.010000 3 790
137.010000 4 783
137.010000 5 1087
137.010000 6 1077
137.010000 7 946
137.010000 8 934
137.010000 9 1083
137.010000 10 1077
138.010000 0 906
138.010000 1 1058
138.010000 2 1066
138.010000 3 769
138.010000 4 771
138.010000 5 1068
138.010000 6 1066
138.010000 7 931
138.010000 8 906
138.010000 9 1062
138.010000 10 1057
139.010000 0 916
139.010000 1 1057
139.010000 2 1051
139.010000 3 774
139.010000 4 755
139.010000 5 1058
139.010000 6 1051
139.010000 7 913
139.010000 8 916
139.010000 9 1058
139.010000 10 1050
140.010000 0 911
140.010000 1 1066
140.010000 2 1059
140.010000 3 778
140.010000 4 761
140.010000 5 1070
140.010000 6 1059
140.010000 7 925
140.010000 8 911
140.010000 9 1066
140.010000 10 1060
141.010000 0 891
141.010000 1 1055
141.010000 2 1045
141.010000 3 757
141.010000 4 770
141.010000 5 1054
141.010000 6 1045
141.010000 7 921
141.010000 8 891
141.010000 9 1053
141.010000 10 1046
142.010000 0 910
142.010000 1 1060
142.010000 2 1058
142.010000 3 769
142.010000 4 744
142.010000 5 1063
142.010000 6 1058
142.010000 7 909
142.010000 8 910
142.010000 9 1058
142.010000 10 1053
143.010000 0 870
143.010000 1 1029
143.010000 2 1031
143.010000 3 730
143.010000 4 716
143.010000 5 1028
143.010000 6 1031
143.010000 7 878
143.010000 8 870
143.010000 9 1033
143.010000 10 1021
144.010000 0 910
144.010000 1 1085
144.010000 2 1096
144.010000 3 771
144.010000 4 769
144.010000 5 1087
144.010000 6 1096
144.010000 7 936
144.010000 8 910
144.010000 9 1078
144.010000 10 1084
145.010000 0 877
145.010000 1 1030
145.010000 2 1032
145.010000 3 729
145.010000 4 715
145.010000 5 1026
145.010000 6 1032
145.010000 7 877
145.010000 8 877
145.010000 9 1026
145.010000 10 1016
146.010000 0 872
146.010000 1 1037
146.010000 2 1046
146.010000 3 737
146.010000 4 741
146.010000 5 1039
146.010000 6 1046
146.010000 7 907
146.010000 8 872
146.010000 9 1039
146.010000 10 1030
147.010000 0 887
147.010000 1 1046
147.010000 2 1050
147.010000 3 761
147.010000 4 748
147.010000 5 1047
147.010000 6 1050
147.010000 7 903
147.010000 8 887
147.010000 9 1050
147.010000 10 1044
148.010000 0 1010
148.010000 1 1135
148.010000 2 1062
148.010000 3 885
148.010000 4 871
148.010000 5 1131
148.010000 6 1062
148.010000 7 1019
148.010000 8 1010
148.010000 9 1125
148.010000 10 1122
149.010000 0 884
149.010000 1 1039
149.010000 2 1042
149.010000 3 739
149.010000 4 740
149.010000 5 1043
149.010000 6 1042
149.010000 7 906
149.010000 8 884
149.010000 9 1039
149.010000 10 1032
