0.010000 0 0
0.010000 1 0
0.010000 2 0
0.010000 3 0
0.010000 4 0
0.010000 5 0
0.010000 6 0
0.010000 7 0
0.010000 8 0
0.010000 9 0
0.010000 10 0
0.010000 11 0
0.010000 12 0
0.010000 13 0
0.010000 14 0
0.010000 15 0
0.010000 16 0
0.010000 17 0
0.010000 18 0
0.010000 19 0
0.010000 20 0
0.010000 21 0
0.010000 22 0
0.010000 23 0
1.010000 0 0
1.010000 1 0
1.010000 2 0
1.010000 3 0
1.010000 4 0
1.010000 5 0
1.010000 6 0
1.010000 7 0
1.010000 8 0
1.010000 9 0
1.010000 10 0
1.010000 11 0
1.010000 12 0
1.010000 13 0
1.010000 14 0
1.010000 15 0
1.010000 16 0
1.010000 17 0
1.010000 18 0
1.010000 19 0
1.010000 20 0
1.010000 21 0
1.010000 22 0
1.010000 23 0
2.010000 0 0
2.010000 1 0
2.010000 2 0
2.010000 3 0
2.010000 4 0
2.010000 5 0
2.010000 6 0
2.010000 7 0
2.010000 8 0
2.010000 9 0
2.010000 10 0
2.010000 11 0
2.010000 12 0
2.010000 13 0
2.010000 14 0
2.010000 15 0
2.010000 16 0
2.010000 17 0
2.010000 18 0
2.010000 19 0
2.010000 20 0
2.010000 21 0
2.010000 22 0
2.010000 23 0
3.010000 0 0
3.010000 1 0
3.010000 2 0
3.010000 3 0
3.010000 4 0
3.010000 5 0
3.010000 6 0
3.010000 7 0
3.010000 8 0
3.010000 9 0
3.010000 10 0
3.010000 11 0
3.010000 12 0
3.010000 13 0
3.010000 14 0
3.010000 15 0
3.010000 16 0
3.010000 17 0
3.010000 18 0
3.010000 19 0
3.010000 20 0
3.010000 21 0
3.010000 22 0
3.010000 23 0
4.010000 0 0
4.010000 1 0
4.010000 2 0
4.010000 3 0
4.010000 4 0
4.010000 5 0
4.010000 6 0
4.010000 7 0
4.010000 8 0
4.010000 9 0
4.010000 10 0
4.010000 11 0
4.010000 12 0
4.010000 13 0
4.010000 14 0
4.010000 15 0
4.010000 16 0
4.010000 17 0
4.010000 18 0
4.010000 19 0
4.010000 20 0
4.010000 21 0
4.010000 22 0
4.010000 23 0
5.010000 0 0
5.010000 1 0
5.010000 2 0
5.010000 3 0
5.010000 4 0
5.010000 5 0
5.010000 6 0
5.010000 7 0
5.010000 8 0
5.010000 9 0
5.010000 10 0
5.010000 11 0
5.010000 12 0
5.010000 13 0
5.010000 14 0
5.010000 15 0
5.010000 16 0
5.010000 17 0
5.010000 18 0
5.010000 19 0
5.010000 20 0
5.010000 21 0
5.010000 22 0
5.010000 23 0
6.010000 0 0
6.010000 1 0
6.010000 2 0
6.010000 3 0
6.010000 4 0
6.010000 5 0
6.010000 6 0
6.010000 7 0
6.010000 8 0
6.010000 9 0
6.010000 10 0
6.010000 11 0
6.010000 12 0
6.010000 13 0
6.010000 14 0
6.010000 15 0
6.010000 16 0
6.010000 17 0
6.010000 18 0
6.010000 19 0
6.010000 20 0
6.010000 21 0
6.010000 22 0
6.010000 23 0
7.010000 0 0
7.010000 1 0
7.010000 2 0
7.010000 3 0
7.010000 4 0
7.010000 5 0
7.010000 6 0
7.010000 7 0
7.010000 8 0
7.010000 9 0
7.010000 10 0
7.010000 11 0
7.010000 12 0
7.010000 13 0
7.010000 14 0
7.010000 15 0
7.010000 16 0
7.010000 17 0
7.010000 18 0
7.010000 19 0
7.010000 20 0
7.010000 21 0
7.010000 22 0
7.010000 23 0
8.010000 0 0
8.010000 1 0
8.010000 2 0
8.010000 3 0
8.010000 4 0
8.010000 5 0
8.010000 6 0
8.010000 7 0
8.010000 8 0
8.010000 9 0
8.010000 10 0
8.010000 11 0
8.010000 12 0
8.010000 13 0
8.010000 14 0
8.010000 15 0
8.010000 16 0
8.010000 17 0
8.010000 18 0
8.010000 19 0
8.010000 20 0
8.010000 21 0
8.010000 22 0
8.010000 23 0
9.010000 0 0
9.010000 1 0
9.010000 2 0
9.010000 3 0
9.010000 4 0
9.010000 5 0
9.010000 6 0
9.010000 7 0
9.010000 8 0
9.010000 9 0
9.010000 10 0
9.010000 11 0
9.010000 12 0
9.010000 13 0
9.010000 14 0
9.010000 15 0
9.010000 16 0
9.010000 17 0
9.010000 18 0
9.010000 19 0
9.010000 20 0
9.010000 21 0
9.010000 22 0
9.010000 23 0
10.010000 0 0
10.010000 1 0
10.010000 2 0
10.010000 3 0
10.010000 4 0
10.010000 5 0
10.010000 6 0
10.010000 7 0
10.010000 8 0
10.010000 9 0
10.010000 10 0
10.010000 11 0
10.010000 12 0
10.010000 13 0
10.010000 14 0
10.010000 15 0
10.010000 16 0
10.010000 17 0
10.010000 18 0
10.010000 19 0
10.010000 20 0
10.010000 21 0
10.010000 22 0
10.010000 23 0
11.010000 0 0
11.010000 1 0
11.010000 2 0
11.010000 3 0
11.010000 4 0
11.010000 5 0
11.010000 6 0
11.010000 7 0
11.010000 8 0
11.010000 9 0
11.010000 10 0
11.010000 11 0
11.010000 12 0
11.010000 13 0
11.010000 14 0
11.010000 15 0
11.010000 16 0
11.010000 17 0
11.010000 18 0
11.010000 19 0
11.010000 20 0
11.010000 21 0
11.010000 22 0
11.010000 23 0
12.010000 0 0
12.010000 1 0
12.010000 2 0
12.010000 3 0
12.010000 4 0
12.010000 5 0
12.010000 6 0
12.010000 7 0
12.010000 8 0
12.010000 9 0
12.010000 10 0
12.010000 11 0
12.010000 12 0
12.010000 13 0
12.010000 14 0
12.010000 15 0
12.010000 16 0
12.010000 17 0
12.010000 18 0
12.010000 19 0
12.010000 20 0
12.010000 21 0
12.010000 22 0
12.010000 23 0
13.010000 0 0
13.010000 1 0
13.010000 2 0
13.010000 3 0
13.010000 4 0
13.010000 5 0
13.010000 6 0
13.010000 7 0
13.010000 8 0
13.010000 9 0
13.010000 10 0
13.010000 11 0
13.010000 12 0
13.010000 13 0
13.010000 14 0
13.010000 15 0
13.010000 16 0
13.010000 17 0
13.010000 18 0
13.010000 19 0
13.010000 20 0
13.010000 21 0
13.010000 22 0
13.010000 23 0
14.010000 0 0
14.010000 1 0
14.010000 2 0
14.010000 3 0
14.010000 4 0
14.010000 5 0
14.010000 6 0
14.010000 7 0
14.010000 8 0
14.010000 9 0
14.010000 10 0
14.010000 11 0
14.010000 12 0
14.010000 13 0
14.010000 14 0
14.010000 15 0
14.010000 16 0
14.010000 17 0
14.010000 18 0
14.010000 19 0
14.010000 20 0
14.010000 21 0
14.010000 22 0
14.010000 23 0
15.010000 0 0
15.010000 1 1
15.010000 2 1
15.010000 3 1
15.010000 4 1
15.010000 5 1
15.010000 6 1
15.010000 7 1
15.010000 8 1
15.010000 9 1
15.010000 10 1
15.010000 11 1
15.010000 12 1
15.010000 13 1
15.010000 14 0
15.010000 15 1
15.010000 16 1
15.010000 17 0
15.010000 18 0
15.010000 19 1
15.010000 20 1
15.010000 21 1
15.010000 22 1
15.010000 23 1
16.010000 0 303
16.010000 1 376
16.010000 2 369
16.010000 3 365
16.010000 4 368
16.010000 5 375
16.010000 6 276
16.010000 7 376
16.010000 8 376
16.010000 9 376
16.010000 10 372
16.010000 11 376
16.010000 12 371
16.010000 13 372
16.010000 14 315
16.010000 15 374
16.010000 16 321
16.010000 17 304
16.010000 18 311
16.010000 19 375
16.010000 20 376
16.010000 21 284
16.010000 22 368
16.010000 23 372
17.010000 0 210
17.010000 1 252
17.010000 2 252
17.010000 3 252
17.010000 4 252
17.010000 5 252
17.010000 6 168
17.010000 7 252
17.010000 8 252
17.010000 9 252
17.010000 10 252
17.010000 11 252
17.010000 12 252
17.010000 13 252
17.010000 14 210
17.010000 15 252
17.010000 16 210
17.010000 17 210
17.010000 18 210
17.010000 19 252
17.010000 20 252
17.010000 21 168
17.010000 22 252
17.010000 23 252
18.010000 0 205
18.010000 1 247
18.010000 2 247
18.010000 3 247
18.010000 4 247
18.010000 5 247
18.010000 6 163
18.010000 7 247
18.010000 8 247
18.010000 9 247
18.010000 10 247
18.010000 11 247
18.010000 12 247
18.010000 13 247
18.010000 14 205
18.010000 15 247
18.010000 16 207
18.010000 17 205
18.010000 18 205
18.010000 19 247
18.010000 20 247
18.010000 21 166
18.010000 22 247
18.010000 23 247
19.010000 0 215
19.010000 1 257
19.010000 2 257
19.010000 3 257
19.010000 4 257
19.010000 5 257
19.010000 6 173
19.010000 7 257
19.010000 8 257
19.010000 9 257
19.010000 10 257
19.010000 11 257
19.010000 12 257
19.010000 13 257
19.010000 14 215
19.010000 15 257
19.010000 16 213
19.010000 17 215
19.010000 18 215
19.010000 19 257
19.010000 20 257
19.010000 21 170
19.010000 22 257
19.010000 23 257
20.010000 0 220
20.010000 1 264
20.010000 2 264
20.010000 3 264
20.010000 4 264
20.010000 5 264
20.010000 6 176
20.010000 7 264
20.010000 8 264
20.010000 9 264
20.010000 10 264
20.010000 11 264
20.010000 12 264
20.010000 13 264
20.010000 14 220
20.010000 15 264
20.010000 16 220
20.010000 17 220
20.010000 18 220
20.010000 19 264
20.010000 20 264
20.010000 21 176
20.010000 22 264
20.010000 23 264
21.010000 0 191
21.010000 1 230
21.010000 2 230
21.010000 3 230
21.010000 4 230
21.010000 5 230
21.010000 6 153
21.010000 7 230
21.010000 8 230
21.010000 9 230
21.010000 10 230
21.010000 11 230
21.010000 12 230
21.010000 13 230
21.010000 14 191
21.010000 15 230
21.010000 16 192
21.010000 17 191
21.010000 18 191
21.010000 19 230
21.010000 20 230
21.010000 21 154
21.010000 22 230
21.010000 23 230
22.010000 0 199
22.010000 1 238
22.010000 2 238
22.010000 3 238
22.010000 4 238
22.010000 5 238
22.010000 6 159
22.010000 7 238
22.010000 8 238
22.010000 9 238
22.010000 10 238
22.010000 11 238
22.010000 12 238
22.010000 13 238
22.010000 14 199
22.010000 15 238
22.010000 16 198
22.010000 17 199
22.010000 18 199
22.010000 19 238
22.010000 20 238
22.010000 21 158
22.010000 22 238
22.010000 23 238
23.010000 0 175
23.010000 1 211
23.010000 2 211
23.010000 3 211
23.010000 4 211
23.010000 5 211
23.010000 6 139
23.010000 7 211
23.010000 8 211
23.010000 9 211
23.010000 10 211
23.010000 11 211
23.010000 12 211
23.010000 13 211
23.010000 14 175
23.010000 15 211
23.010000 16 177
23.010000 17 175
23.010000 18 175
23.010000 19 211
23.010000 20 211
23.010000 21 142
23.010000 22 211
23.010000 23 211
24.010000 0 200
24.010000 1 240
24.010000 2 240
24.010000 3 240
24.010000 4 240
24.010000 5 240
24.010000 6 160
24.010000 7 240
24.010000 8 240
24.010000 9 240
24.010000 10 240
24.010000 11 240
24.010000 12 240
24.010000 13 240
24.010000 14 200
24.010000 15 240
24.010000 16 200
24.010000 17 200
24.010000 18 200
24.010000 19 240
24.010000 20 240
24.010000 21 160
24.010000 22 240
24.010000 23 240
25.010000 0 195
25.010000 1 233
25.010000 2 233
25.010000 3 233
25.010000 4 233
25.010000 5 233
25.010000 6 157
25.010000 7 233
25.010000 8 233
25.010000 9 233
25.010000 10 233
25.010000 11 233
25.010000 12 233
25.010000 13 233
25.010000 14 195
25.010000 15 233
25.010000 16 193
25.010000 17 195
25.010000 18 195
25.010000 19 233
25.010000 20 233
25.010000 21 154
25.010000 22 233
25.010000 23 233
26.010000 0 220
26.010000 1 264
26.010000 2 264
26.010000 3 264
26.010000 4 264
26.010000 5 264
26.010000 6 176
26.010000 7 264
26.010000 8 264
26.010000 9 264
26.010000 10 264
26.010000 11 264
26.010000 12 264
26.010000 13 264
26.010000 14 220
26.010000 15 264
26.010000 16 220
26.010000 17 220
26.010000 18 220
26.010000 19 264
26.010000 20 264
26.010000 21 176
26.010000 22 264
26.010000 23 264
27.010000 0 210
27.010000 1 252
27.010000 2 252
27.010000 3 252
27.010000 4 252
27.010000 5 252
27.010000 6 168
27.010000 7 252
27.010000 8 252
27.010000 9 252
27.010000 10 252
27.010000 11 252
27.010000 12 252
27.010000 13 252
27.010000 14 210
27.010000 15 252
27.010000 16 210
27.010000 17 210
27.010000 18 210
27.010000 19 252
27.010000 20 252
27.010000 21 168
27.010000 22 252
27.010000 23 252
28.010000 0 200
28.010000 1 240
28.010000 2 240
28.010000 3 240
28.010000 4 240
28.010000 5 240
28.010000 6 160
28.010000 7 240
28.010000 8 240
28.010000 9 240
28.010000 10 240
28.010000 11 240
28.010000 12 240
28.010000 13 240
28.010000 14 200
28.010000 15 240
28.010000 16 200
28.010000 17 200
28.010000 18 200
28.010000 19 240
28.010000 20 240
28.010000 21 160
28.010000 22 240
28.010000 23 240
29.010000 0 210
29.010000 1 252
29.010000 2 252
29.010000 3 252
29.010000 4 252
29.010000 5 252
29.010000 6 168
29.010000 7 252
29.010000 8 252
29.010000 9 252
29.010000 10 252
29.010000 11 252
29.010000 12 252
29.010000 13 252
29.010000 14 210
29.010000 15 252
29.010000 16 210
29.010000 17 210
29.010000 18 210
29.010000 19 252
29.010000 20 252
29.010000 21 168
29.010000 22 252
29.010000 23 252
30.010000 0 190
30.010000 1 228
30.010000 2 228
30.010000 3 228
30.010000 4 228
30.010000 5 228
30.010000 6 152
30.010000 7 228
30.010000 8 228
30.010000 9 228
30.010000 10 228
30.010000 11 228
30.010000 12 228
30.010000 13 228
30.010000 14 190
30.010000 15 228
30.010000 16 190
30.010000 17 190
30.010000 18 190
30.010000 19 228
30.010000 20 228
30.010000 21 152
30.010000 22 228
30.010000 23 228
31.010000 0 189
31.010000 1 227
31.010000 2 227
31.010000 3 227
31.010000 4 227
31.010000 5 227
31.010000 6 151
31.010000 7 227
31.010000 8 227
31.010000 9 227
31.010000 10 227
31.010000 11 227
31.010000 12 227
31.010000 13 227
31.010000 14 189
31.010000 15 227
31.010000 16 190
31.010000 17 189
31.010000 18 189
31.010000 19 227
31.010000 20 227
31.010000 21 151
31.010000 22 227
31.010000 23 227
32.010000 0 208
32.010000 1 250
32.010000 2 250
32.010000 3 250
32.010000 4 250
32.010000 5 250
32.010000 6 166
32.010000 7 250
32.010000 8 250
32.010000 9 250
32.010000 10 250
32.010000 11 250
32.010000 12 250
32.010000 13 250
32.010000 14 208
32.010000 15 250
32.010000 16 209
32.010000 17 208
32.010000 18 208
32.010000 19 250
32.010000 20 250
32.010000 21 167
32.010000 22 250
32.010000 23 250
33.010000 0 203
33.010000 1 243
33.010000 2 243
33.010000 3 243
33.010000 4 243
33.010000 5 243
33.010000 6 163
33.010000 7 243
33.010000 8 243
33.010000 9 243
33.010000 10 243
33.010000 11 243
33.010000 12 243
33.010000 13 243
33.010000 14 203
33.010000 15 243
33.010000 16 201
33.010000 17 203
33.010000 18 203
33.010000 19 243
33.010000 20 243
33.010000 21 162
33.010000 22 243
33.010000 23 243
34.010000 0 230
34.010000 1 276
34.010000 2 276
34.010000 3 276
34.010000 4 276
34.010000 5 276
34.010000 6 184
34.010000 7 276
34.010000 8 276
34.010000 9 276
34.010000 10 276
34.010000 11 276
34.010000 12 276
34.010000 13 276
34.010000 14 230
34.010000 15 276
34.010000 16 230
34.010000 17 230
34.010000 18 230
34.010000 19 276
34.010000 20 276
34.010000 21 184
34.010000 22 276
34.010000 23 276
35.010000 0 210
35.010000 1 252
35.010000 2 252
35.010000 3 252
35.010000 4 252
35.010000 5 252
35.010000 6 168
35.010000 7 252
35.010000 8 252
35.010000 9 252
35.010000 10 252
35.010000 11 252
35.010000 12 252
35.010000 13 252
35.010000 14 210
35.010000 15 252
35.010000 16 210
35.010000 17 210
35.010000 18 210
35.010000 19 252
35.010000 20 252
35.010000 21 168
35.010000 22 252
35.010000 23 252
36.010000 0 190
36.010000 1 228
36.010000 2 228
36.010000 3 228
36.010000 4 228
36.010000 5 228
36.010000 6 152
36.010000 7 228
36.010000 8 228
36.010000 9 228
36.010000 10 228
36.010000 11 228
36.010000 12 228
36.010000 13 228
36.010000 14 190
36.010000 15 228
36.010000 16 190
36.010000 17 190
36.010000 18 190
36.010000 19 228
36.010000 20 228
36.010000 21 152
36.010000 22 228
36.010000 23 228
37.010000 0 210
37.010000 1 252
37.010000 2 252
37.010000 3 252
37.010000 4 252
37.010000 5 252
37.010000 6 168
37.010000 7 252
37.010000 8 252
37.010000 9 252
37.010000 10 252
37.010000 11 252
37.010000 12 252
37.010000 13 252
37.010000 14 210
37.010000 15 252
37.010000 16 210
37.010000 17 210
37.010000 18 210
37.010000 19 252
37.010000 20 252
37.010000 21 168
37.010000 22 252
37.010000 23 252
38.010000 0 180
38.010000 1 216
38.010000 2 216
38.010000 3 216
38.010000 4 216
38.010000 5 216
38.010000 6 144
38.010000 7 216
38.010000 8 216
38.010000 9 216
38.010000 10 216
38.010000 11 216
38.010000 12 216
38.010000 13 216
38.010000 14 180
38.010000 15 216
38.010000 16 180
38.010000 17 180
38.010000 18 180
38.010000 19 216
38.010000 20 216
38.010000 21 144
38.010000 22 216
38.010000 23 216
39.010000 0 180
39.010000 1 216
39.010000 2 216
39.010000 3 216
39.010000 4 216
39.010000 5 216
39.010000 6 144
39.010000 7 216
39.010000 8 216
39.010000 9 216
39.010000 10 216
39.010000 11 216
39.010000 12 216
39.010000 13 216
39.010000 14 180
39.010000 15 216
39.010000 16 180
39.010000 17 180
39.010000 18 180
39.010000 19 216
39.010000 20 216
39.010000 21 144
39.010000 22 216
39.010000 23 216
40.010000 0 188
40.010000 1 226
40.010000 2 226
40.010000 3 226
40.010000 4 226
40.010000 5 226
40.010000 6 150
40.010000 7 226
40.010000 8 226
40.010000 9 226
40.010000 10 226
40.010000 11 226
40.010000 12 226
40.010000 13 226
40.010000 14 188
40.010000 15 226
40.010000 16 189
40.010000 17 188
40.010000 18 188
40.010000 19 226
40.010000 20 226
40.010000 21 151
40.010000 22 226
40.010000 23 226
41.010000 0 208
41.010000 1 250
41.010000 2 250
41.010000 3 250
41.010000 4 250
41.010000 5 250
41.010000 6 166
41.010000 7 250
41.010000 8 250
41.010000 9 250
41.010000 10 250
41.010000 11 250
41.010000 12 250
41.010000 13 250
41.010000 14 208
41.010000 15 250
41.010000 16 209
41.010000 17 208
41.010000 18 208
41.010000 19 250
41.010000 20 250
41.010000 21 167
41.010000 22 250
41.010000 23 250
42.010000 0 185
42.010000 1 223
42.010000 2 223
42.010000 3 223
42.010000 4 223
42.010000 5 223
42.010000 6 150
42.010000 7 223
42.010000 8 223
42.010000 9 223
42.010000 10 223
42.010000 11 223
42.010000 12 223
42.010000 13 223
42.010000 14 185
42.010000 15 223
42.010000 16 185
42.010000 17 185
42.010000 18 185
42.010000 19 223
42.010000 20 223
42.010000 21 149
42.010000 22 223
42.010000 23 223
43.010000 0 211
43.010000 1 253
43.010000 2 253
43.010000 3 253
43.010000 4 253
43.010000 5 253
43.010000 6 168
43.010000 7 253
43.010000 8 253
43.010000 9 253
43.010000 10 253
43.010000 11 253
43.010000 12 253
43.010000 13 253
43.010000 14 211
43.010000 15 253
43.010000 16 211
43.010000 17 211
43.010000 18 211
43.010000 19 253
43.010000 20 253
43.010000 21 169
43.010000 22 253
43.010000 23 253
44.010000 0 209
44.010000 1 251
44.010000 2 251
44.010000 3 251
44.010000 4 251
44.010000 5 251
44.010000 6 168
44.010000 7 251
44.010000 8 251
44.010000 9 251
44.010000 10 251
44.010000 11 251
44.010000 12 251
44.010000 13 251
44.010000 14 209
44.010000 15 251
44.010000 16 209
44.010000 17 209
44.010000 18 209
44.010000 19 251
44.010000 20 251
44.010000 21 167
44.010000 22 251
44.010000 23 251
45.010000 0 189
45.010000 1 225
45.010000 2 225
45.010000 3 225
45.010000 4 225
45.010000 5 225
45.010000 6 150
45.010000 7 225
45.010000 8 225
45.010000 9 225
45.010000 10 225
45.010000 11 225
45.010000 12 225
45.010000 13 225
45.010000 14 189
45.010000 15 225
45.010000 16 187
45.010000 17 189
45.010000 18 189
45.010000 19 225
45.010000 20 225
45.010000 21 149
45.010000 22 225
45.010000 23 225
46.010000 0 200
46.010000 1 240
46.010000 2 240
46.010000 3 240
46.010000 4 240
46.010000 5 240
46.010000 6 160
46.010000 7 240
46.010000 8 240
46.010000 9 240
46.010000 10 240
46.010000 11 240
46.010000 12 240
46.010000 13 240
46.010000 14 200
46.010000 15 240
46.010000 16 200
46.010000 17 200
46.010000 18 200
46.010000 19 240
46.010000 20 240
46.010000 21 160
46.010000 22 240
46.010000 23 240
47.010000 0 210
47.010000 1 252
47.010000 2 252
47.010000 3 252
47.010000 4 252
47.010000 5 252
47.010000 6 168
47.010000 7 252
47.010000 8 252
47.010000 9 252
47.010000 10 252
47.010000 11 252
47.010000 12 252
47.010000 13 252
47.010000 14 210
47.010000 15 252
47.010000 16 210
47.010000 17 210
47.010000 18 210
47.010000 19 252
47.010000 20 252
47.010000 21 168
47.010000 22 252
47.010000 23 252
48.010000 0 200
48.010000 1 240
48.010000 2 240
48.010000 3 240
48.010000 4 240
48.010000 5 240
48.010000 6 160
48.010000 7 240
48.010000 8 240
48.010000 9 240
48.010000 10 240
48.010000 11 240
48.010000 12 240
48.010000 13 240
48.010000 14 200
48.010000 15 240
48.010000 16 200
48.010000 17 200
48.010000 18 200
48.010000 19 240
48.010000 20 240
48.010000 21 160
48.010000 22 240
48.010000 23 240
49.010000 0 200
49.010000 1 240
49.010000 2 240
49.010000 3 240
49.010000 4 240
49.010000 5 240
49.010000 6 160
49.010000 7 240
49.010000 8 240
49.010000 9 240
49.010000 10 240
49.010000 11 240
49.010000 12 240
49.010000 13 240
49.010000 14 200
49.010000 15 240
49.010000 16 200
49.010000 17 200
49.010000 18 200
49.010000 19 240
49.010000 20 240
49.010000 21 160
49.010000 22 240
49.010000 23 240
50.010000 0 191
50.010000 1 231
50.010000 2 231
50.010000 3 231
50.010000 4 231
50.010000 5 231
50.010000 6 154
50.010000 7 231
50.010000 8 231
50.010000 9 231
50.010000 10 231
50.010000 11 231
50.010000 12 231
50.010000 13 231
50.010000 14 191
50.010000 15 231
50.010000 16 193
50.010000 17 191
50.010000 18 191
50.010000 19 231
50.010000 20 231
50.010000 21 155
50.010000 22 231
50.010000 23 231
51.010000 0 199
51.010000 1 237
51.010000 2 237
51.010000 3 237
51.010000 4 237
51.010000 5 237
51.010000 6 158
51.010000 7 237
51.010000 8 237
51.010000 9 237
51.010000 10 237
51.010000 11 237
51.010000 12 237
51.010000 13 237
51.010000 14 199
51.010000 15 237
51.010000 16 197
51.010000 17 199
51.010000 18 199
51.010000 19 237
51.010000 20 237
51.010000 21 157
51.010000 22 237
51.010000 23 237
52.010000 0 180
52.010000 1 216
52.010000 2 216
52.010000 3 216
52.010000 4 216
52.010000 5 216
52.010000 6 144
52.010000 7 216
52.010000 8 216
52.010000 9 216
52.010000 10 216
52.010000 11 216
52.010000 12 216
52.010000 13 216
52.010000 14 180
52.010000 15 216
52.010000 16 180
52.010000 17 180
52.010000 18 180
52.010000 19 216
52.010000 20 216
52.010000 21 144
52.010000 22 216
52.010000 23 216
53.010000 0 180
53.010000 1 216
53.010000 2 216
53.010000 3 216
53.010000 4 216
53.010000 5 216
53.010000 6 144
53.010000 7 216
53.010000 8 216
53.010000 9 216
53.010000 10 216
53.010000 11 216
53.010000 12 216
53.010000 13 216
53.010000 14 180
53.010000 15 216
53.010000 16 180
53.010000 17 180
53.010000 18 180
53.010000 19 216
53.010000 20 216
53.010000 21 144
53.010000 22 216
53.010000 23 216
54.010000 0 185
54.010000 1 223
54.010000 2 223
54.010000 3 223
54.010000 4 223
54.010000 5 223
54.010000 6 147
54.010000 7 223
54.010000 8 223
54.010000 9 223
54.010000 10 223
54.010000 11 223
54.010000 12 223
54.010000 13 223
54.010000 14 185
54.010000 15 223
54.010000 16 187
54.010000 17 185
54.010000 18 185
54.010000 19 223
54.010000 20 223
54.010000 21 150
54.010000 22 223
54.010000 23 223
55.010000 0 224
55.010000 1 268
55.010000 2 268
55.010000 3 268
55.010000 4 268
55.010000 5 268
55.010000 6 180
55.010000 7 268
55.010000 8 268
55.010000 9 268
55.010000 10 268
55.010000 11 268
55.010000 12 268
55.010000 13 268
55.010000 14 224
55.010000 15 268
55.010000 16 223
55.010000 17 224
55.010000 18 224
55.010000 19 268
55.010000 20 268
55.010000 21 177
55.010000 22 268
55.010000 23 268
56.010000 0 201
56.010000 1 241
56.010000 2 241
56.010000 3 241
56.010000 4 241
56.010000 5 241
56.010000 6 161
56.010000 7 241
56.010000 8 241
56.010000 9 241
56.010000 10 241
56.010000 11 241
56.010000 12 241
56.010000 13 241
56.010000 14 201
56.010000 15 241
56.010000 16 200
56.010000 17 201
56.010000 18 201
56.010000 19 241
56.010000 20 241
56.010000 21 161
56.010000 22 241
56.010000 23 241
57.010000 0 200
57.010000 1 240
57.010000 2 240
57.010000 3 240
57.010000 4 240
57.010000 5 240
57.010000 6 160
57.010000 7 240
57.010000 8 240
57.010000 9 240
57.010000 10 240
57.010000 11 240
57.010000 12 240
57.010000 13 240
57.010000 14 200
57.010000 15 240
57.010000 16 200
57.010000 17 200
57.010000 18 200
57.010000 19 240
57.010000 20 240
57.010000 21 160
57.010000 22 240
57.010000 23 240
58.010000 0 201
58.010000 1 243
58.010000 2 243
58.010000 3 243
58.010000 4 243
58.010000 5 243
58.010000 6 162
58.010000 7 243
58.010000 8 243
58.010000 9 243
58.010000 10 243
58.010000 11 243
58.010000 12 243
58.010000 13 243
58.010000 14 201
58.010000 15 243
58.010000 16 203
58.010000 17 201
58.010000 18 201
58.010000 19 243
58.010000 20 243
58.010000 21 163
58.010000 22 243
58.010000 23 243
59.010000 0 209
59.010000 1 249
59.010000 2 249
59.010000 3 249
59.010000 4 249
59.010000 5 249
59.010000 6 166
59.010000 7 249
59.010000 8 249
59.010000 9 249
59.010000 10 249
59.010000 11 249
59.010000 12 249
59.010000 13 249
59.010000 14 209
59.010000 15 249
59.010000 16 207
59.010000 17 209
59.010000 18 209
59.010000 19 249
59.010000 20 249
59.010000 21 165
59.010000 22 249
59.010000 23 249
60.010000 0 170
60.010000 1 204
60.010000 2 204
60.010000 3 204
60.010000 4 204
60.010000 5 204
60.010000 6 136
60.010000 7 204
60.010000 8 204
60.010000 9 204
60.010000 10 204
60.010000 11 204
60.010000 12 204
60.010000 13 204
60.010000 14 170
60.010000 15 204
60.010000 16 170
60.010000 17 170
60.010000 18 170
60.010000 19 204
60.010000 20 204
60.010000 21 136
60.010000 22 204
60.010000 23 204
61.010000 0 215
61.010000 1 259
61.010000 2 259
61.010000 3 259
61.010000 4 259
61.010000 5 259
61.010000 6 171
61.010000 7 259
61.010000 8 259
61.010000 9 259
61.010000 10 259
61.010000 11 259
61.010000 12 259
61.010000 13 259
61.010000 14 215
61.010000 15 259
61.010000 16 217
61.010000 17 215
61.010000 18 215
61.010000 19 259
61.010000 20 259
61.010000 21 174
61.010000 22 259
61.010000 23 259
62.010000 0 205
62.010000 1 245
62.010000 2 245
62.010000 3 245
62.010000 4 245
62.010000 5 245
62.010000 6 165
62.010000 7 245
62.010000 8 245
62.010000 9 245
62.010000 10 245
62.010000 11 245
62.010000 12 245
62.010000 13 245
62.010000 14 205
62.010000 15 245
62.010000 16 203
62.010000 17 205
62.010000 18 205
62.010000 19 245
62.010000 20 245
62.010000 21 162
62.010000 22 245
62.010000 23 245
63.010000 0 200
63.010000 1 240
63.010000 2 240
63.010000 3 240
63.010000 4 240
63.010000 5 240
63.010000 6 160
63.010000 7 240
63.010000 8 240
63.010000 9 240
63.010000 10 240
63.010000 11 240
63.010000 12 240
63.010000 13 240
63.010000 14 200
63.010000 15 240
63.010000 16 200
63.010000 17 200
63.010000 18 200
63.010000 19 240
63.010000 20 240
63.010000 21 160
63.010000 22 240
63.010000 23 240
64.010000 0 210
64.010000 1 252
64.010000 2 252
64.010000 3 252
64.010000 4 252
64.010000 5 252
64.010000 6 168
64.010000 7 252
64.010000 8 252
64.010000 9 252
64.010000 10 252
64.010000 11 252
64.010000 12 252
64.010000 13 252
64.010000 14 210
64.010000 15 252
64.010000 16 210
64.010000 17 210
64.010000 18 210
64.010000 19 252
64.010000 20 252
64.010000 21 168
64.010000 22 252
64.010000 23 252
65.010000 0 211
65.010000 1 255
65.010000 2 255
65.010000 3 255
65.010000 4 255
65.010000 5 255
65.010000 6 170
65.010000 7 255
65.010000 8 255
65.010000 9 255
65.010000 10 255
65.010000 11 255
65.010000 12 255
65.010000 13 255
65.010000 14 211
65.010000 15 255
65.010000 16 213
65.010000 17 211
65.010000 18 211
65.010000 19 255
65.010000 20 255
65.010000 21 171
65.010000 22 255
65.010000 23 255
66.010000 0 199
66.010000 1 237
66.010000 2 237
66.010000 3 237
66.010000 4 237
66.010000 5 237
66.010000 6 158
66.010000 7 237
66.010000 8 237
66.010000 9 237
66.010000 10 237
66.010000 11 237
66.010000 12 237
66.010000 13 237
66.010000 14 199
66.010000 15 237
66.010000 16 197
66.010000 17 199
66.010000 18 199
66.010000 19 237
66.010000 20 237
66.010000 21 157
66.010000 22 237
66.010000 23 237
67.010000 0 200
67.010000 1 240
67.010000 2 240
67.010000 3 240
67.010000 4 240
67.010000 5 240
67.010000 6 160
67.010000 7 240
67.010000 8 240
67.010000 9 240
67.010000 10 240
67.010000 11 240
67.010000 12 240
67.010000 13 240
67.010000 14 200
67.010000 15 240
67.010000 16 200
67.010000 17 200
67.010000 18 200
67.010000 19 240
67.010000 20 240
67.010000 21 160
67.010000 22 240
67.010000 23 240
68.010000 0 199
68.010000 1 239
68.010000 2 239
68.010000 3 239
68.010000 4 239
68.010000 5 239
68.010000 6 159
68.010000 7 239
68.010000 8 239
68.010000 9 239
68.010000 10 239
68.010000 11 239
68.010000 12 239
68.010000 13 239
68.010000 14 199
68.010000 15 239
68.010000 16 200
68.010000 17 199
68.010000 18 199
68.010000 19 239
68.010000 20 239
68.010000 21 159
68.010000 22 239
68.010000 23 239
69.010000 0 201
69.010000 1 241
69.010000 2 241
69.010000 3 241
69.010000 4 241
69.010000 5 241
69.010000 6 161
69.010000 7 241
69.010000 8 241
69.010000 9 241
69.010000 10 241
69.010000 11 241
69.010000 12 241
69.010000 13 241
69.010000 14 201
69.010000 15 241
69.010000 16 200
69.010000 17 201
69.010000 18 201
69.010000 19 241
69.010000 20 241
69.010000 21 161
69.010000 22 241
69.010000 23 241
70.010000 0 200
70.010000 1 240
70.010000 2 240
70.010000 3 240
70.010000 4 240
70.010000 5 240
70.010000 6 160
70.010000 7 240
70.010000 8 240
70.010000 9 240
70.010000 10 240
70.010000 11 240
70.010000 12 240
70.010000 13 240
70.010000 14 200
70.010000 15 240
70.010000 16 200
70.010000 17 200
70.010000 18 200
70.010000 19 240
70.010000 20 240
70.010000 21 160
70.010000 22 240
70.010000 23 240
71.010000 0 180
71.010000 1 216
71.010000 2 216
71.010000 3 216
71.010000 4 216
71.010000 5 216
71.010000 6 144
71.010000 7 216
71.010000 8 216
71.010000 9 216
71.010000 10 216
71.010000 11 216
71.010000 12 216
71.010000 13 216
71.010000 14 180
71.010000 15 216
71.010000 16 180
71.010000 17 180
71.010000 18 180
71.010000 19 216
71.010000 20 216
71.010000 21 144
71.010000 22 216
71.010000 23 216
72.010000 0 181
72.010000 1 219
72.010000 2 219
72.010000 3 219
72.010000 4 219
72.010000 5 219
72.010000 6 146
72.010000 7 219
72.010000 8 219
72.010000 9 219
72.010000 10 219
72.010000 11 219
72.010000 12 219
72.010000 13 219
72.010000 14 181
72.010000 15 219
72.010000 16 183
72.010000 17 181
72.010000 18 181
72.010000 19 219
72.010000 20 219
72.010000 21 147
72.010000 22 219
72.010000 23 219
73.010000 0 199
73.010000 1 237
73.010000 2 237
73.010000 3 237
73.010000 4 237
73.010000 5 237
73.010000 6 158
73.010000 7 237
73.010000 8 237
73.010000 9 237
73.010000 10 237
73.010000 11 237
73.010000 12 237
73.010000 13 237
73.010000 14 199
73.010000 15 237
73.010000 16 197
73.010000 17 199
73.010000 18 199
73.010000 19 237
73.010000 20 237
73.010000 21 157
73.010000 22 237
73.010000 23 237
74.010000 0 182
74.010000 1 220
74.010000 2 220
74.010000 3 220
74.010000 4 220
74.010000 5 220
74.010000 6 146
74.010000 7 220
74.010000 8 220
74.010000 9 220
74.010000 10 220
74.010000 11 220
74.010000 12 220
74.010000 13 220
74.010000 14 182
74.010000 15 220
74.010000 16 184
74.010000 17 182
74.010000 18 182
74.010000 19 220
74.010000 20 220
74.010000 21 148
74.010000 22 220
74.010000 23 220
75.010000 0 188
75.010000 1 224
75.010000 2 224
75.010000 3 224
75.010000 4 224
75.010000 5 224
75.010000 6 150
75.010000 7 224
75.010000 8 224
75.010000 9 224
75.010000 10 224
75.010000 11 224
75.010000 12 224
75.010000 13 224
75.010000 14 188
75.010000 15 224
75.010000 16 186
75.010000 17 188
75.010000 18 188
75.010000 19 224
75.010000 20 224
75.010000 21 148
75.010000 22 224
75.010000 23 224
76.010000 0 190
76.010000 1 228
76.010000 2 228
76.010000 3 228
76.010000 4 228
76.010000 5 228
76.010000 6 152
76.010000 7 228
76.010000 8 228
76.010000 9 228
76.010000 10 228
76.010000 11 228
76.010000 12 228
76.010000 13 228
76.010000 14 190
76.010000 15 228
76.010000 16 190
76.010000 17 190
76.010000 18 190
76.010000 19 228
76.010000 20 228
76.010000 21 152
76.010000 22 228
76.010000 23 228
77.010000 0 211
77.010000 1 255
77.010000 2 255
77.010000 3 255
77.010000 4 255
77.010000 5 255
77.010000 6 170
77.010000 7 255
77.010000 8 255
77.010000 9 255
77.010000 10 255
77.010000 11 255
77.010000 12 255
77.010000 13 255
77.010000 14 211
77.010000 15 255
77.010000 16 213
77.010000 17 211
77.010000 18 211
77.010000 19 255
77.010000 20 255
77.010000 21 171
77.010000 22 255
77.010000 23 255
78.010000 0 180
78.010000 1 216
78.010000 2 216
78.010000 3 216
78.010000 4 216
78.010000 5 216
78.010000 6 144
78.010000 7 216
78.010000 8 216
78.010000 9 216
78.010000 10 216
78.010000 11 216
78.010000 12 216
78.010000 13 216
78.010000 14 180
78.010000 15 216
78.010000 16 180
78.010000 17 180
78.010000 18 180
78.010000 19 216
78.010000 20 216
78.010000 21 144
78.010000 22 216
78.010000 23 216
79.010000 0 204
79.010000 1 244
79.010000 2 244
79.010000 3 244
79.010000 4 244
79.010000 5 244
79.010000 6 161
79.010000 7 244
79.010000 8 244
79.010000 9 244
79.010000 10 244
79.010000 11 244
79.010000 12 244
79.010000 13 244
79.010000 14 204
79.010000 15 244
79.010000 16 204
79.010000 17 204
79.010000 18 204
79.010000 19 244
79.010000 20 244
79.010000 21 163
79.010000 22 244
79.010000 23 244
80.010000 0 185
80.010000 1 221
80.010000 2 221
80.010000 3 221
80.010000 4 221
80.010000 5 221
80.010000 6 149
80.010000 7 221
80.010000 8 221
80.010000 9 221
80.010000 10 221
80.010000 11 221
80.010000 12 221
80.010000 13 221
80.010000 14 185
80.010000 15 221
80.010000 16 183
80.010000 17 185
80.010000 18 185
80.010000 19 221
80.010000 20 221
80.010000 21 146
80.010000 22 221
80.010000 23 221
81.010000 0 200
81.010000 1 240
81.010000 2 240
81.010000 3 240
81.010000 4 240
81.010000 5 240
81.010000 6 160
81.010000 7 240
81.010000 8 240
81.010000 9 240
81.010000 10 240
81.010000 11 240
81.010000 12 240
81.010000 13 240
81.010000 14 200
81.010000 15 240
81.010000 16 200
81.010000 17 200
81.010000 18 200
81.010000 19 240
81.010000 20 240
81.010000 21 160
81.010000 22 240
81.010000 23 240
82.010000 0 201
82.010000 1 243
82.010000 2 243
82.010000 3 243
82.010000 4 243
82.010000 5 243
82.010000 6 162
82.010000 7 243
82.010000 8 243
82.010000 9 243
82.010000 10 243
82.010000 11 243
82.010000 12 243
82.010000 13 243
82.010000 14 201
82.010000 15 243
82.010000 16 203
82.010000 17 201
82.010000 18 201
82.010000 19 243
82.010000 20 243
82.010000 21 163
82.010000 22 243
82.010000 23 243
83.010000 0 219
83.010000 1 261
83.010000 2 261
83.010000 3 261
83.010000 4 261
83.010000 5 261
83.010000 6 174
83.010000 7 261
83.010000 8 261
83.010000 9 261
83.010000 10 261
83.010000 11 261
83.010000 12 261
83.010000 13 261
83.010000 14 219
83.010000 15 261
83.010000 16 217
83.010000 17 219
83.010000 18 219
83.010000 19 261
83.010000 20 261
83.010000 21 173
83.010000 22 261
83.010000 23 261
84.010000 0 210
84.010000 1 252
84.010000 2 252
84.010000 3 252
84.010000 4 252
84.010000 5 252
84.010000 6 168
84.010000 7 252
84.010000 8 252
84.010000 9 252
84.010000 10 252
84.010000 11 252
84.010000 12 252
84.010000 13 252
84.010000 14 210
84.010000 15 252
84.010000 16 210
84.010000 17 210
84.010000 18 210
84.010000 19 252
84.010000 20 252
84.010000 21 168
84.010000 22 252
84.010000 23 252
85.010000 0 180
85.010000 1 216
85.010000 2 216
85.010000 3 216
85.010000 4 216
85.010000 5 216
85.010000 6 144
85.010000 7 216
85.010000 8 216
85.010000 9 216
85.010000 10 216
85.010000 11 216
85.010000 12 216
85.010000 13 216
85.010000 14 180
85.010000 15 216
85.010000 16 180
85.010000 17 180
85.010000 18 180
85.010000 19 216
85.010000 20 216
85.010000 21 144
85.010000 22 216
85.010000 23 216
86.010000 0 220
86.010000 1 264
86.010000 2 264
86.010000 3 264
86.010000 4 264
86.010000 5 264
86.010000 6 176
86.010000 7 264
86.010000 8 264
86.010000 9 264
86.010000 10 264
86.010000 11 264
86.010000 12 264
86.010000 13 264
86.010000 14 220
86.010000 15 264
86.010000 16 220
86.010000 17 220
86.010000 18 220
86.010000 19 264
86.010000 20 264
86.010000 21 176
86.010000 22 264
86.010000 23 264
87.010000 0 179
87.010000 1 215
87.010000 2 215
87.010000 3 215
87.010000 4 215
87.010000 5 215
87.010000 6 143
87.010000 7 215
87.010000 8 215
87.010000 9 215
87.010000 10 215
87.010000 11 215
87.010000 12 215
87.010000 13 215
87.010000 14 179
87.010000 15 215
87.010000 16 180
87.010000 17 179
87.010000 18 179
87.010000 19 215
87.010000 20 215
87.010000 21 143
87.010000 22 215
87.010000 23 215
88.010000 0 181
88.010000 1 217
88.010000 2 217
88.010000 3 217
88.010000 4 217
88.010000 5 217
88.010000 6 145
88.010000 7 217
88.010000 8 217
88.010000 9 217
88.010000 10 217
88.010000 11 217
88.010000 12 217
88.010000 13 217
88.010000 14 181
88.010000 15 217
88.010000 16 180
88.010000 17 181
88.010000 18 181
88.010000 19 217
88.010000 20 217
88.010000 21 145
88.010000 22 217
88.010000 23 217
89.010000 0 210
89.010000 1 252
89.010000 2 252
89.010000 3 252
89.010000 4 252
89.010000 5 252
89.010000 6 168
89.010000 7 252
89.010000 8 252
89.010000 9 252
89.010000 10 252
89.010000 11 252
89.010000 12 252
89.010000 13 252
89.010000 14 210
89.010000 15 252
89.010000 16 210
89.010000 17 210
89.010000 18 210
89.010000 19 252
89.010000 20 252
89.010000 21 168
89.010000 22 252
89.010000 23 252
90.010000 0 180
90.010000 1 216
90.010000 2 216
90.010000 3 216
90.010000 4 216
90.010000 5 216
90.010000 6 144
90.010000 7 216
90.010000 8 216
90.010000 9 216
90.010000 10 216
90.010000 11 216
90.010000 12 216
90.010000 13 216
90.010000 14 180
90.010000 15 216
90.010000 16 180
90.010000 17 180
90.010000 18 180
90.010000 19 216
90.010000 20 216
90.010000 21 144
90.010000 22 216
90.010000 23 216
91.010000 0 212
91.010000 1 256
91.010000 2 256
91.010000 3 256
91.010000 4 256
91.010000 5 256
91.010000 6 170
91.010000 7 256
91.010000 8 256
91.010000 9 256
91.010000 10 256
91.010000 11 256
91.010000 12 256
91.010000 13 256
91.010000 14 212
91.010000 15 256
91.010000 16 214
91.010000 17 212
91.010000 18 212
91.010000 19 256
91.010000 20 256
91.010000 21 172
91.010000 22 256
91.010000 23 256
92.010000 0 207
92.010000 1 247
92.010000 2 247
92.010000 3 247
92.010000 4 247
92.010000 5 247
92.010000 6 165
92.010000 7 247
92.010000 8 247
92.010000 9 247
92.010000 10 247
92.010000 11 247
92.010000 12 247
92.010000 13 247
92.010000 14 207
92.010000 15 247
92.010000 16 206
92.010000 17 207
92.010000 18 207
92.010000 19 247
92.010000 20 247
92.010000 21 163
92.010000 22 247
92.010000 23 247
93.010000 0 182
93.010000 1 220
93.010000 2 220
93.010000 3 220
93.010000 4 220
93.010000 5 220
93.010000 6 147
93.010000 7 220
93.010000 8 220
93.010000 9 220
93.010000 10 220
93.010000 11 220
93.010000 12 220
93.010000 13 220
93.010000 14 182
93.010000 15 220
93.010000 16 183
93.010000 17 182
93.010000 18 182
93.010000 19 220
93.010000 20 220
93.010000 21 148
93.010000 22 220
93.010000 23 220
94.010000 0 194
94.010000 1 232
94.010000 2 232
94.010000 3 232
94.010000 4 232
94.010000 5 232
94.010000 6 153
94.010000 7 232
94.010000 8 232
94.010000 9 232
94.010000 10 232
94.010000 11 232
94.010000 12 232
94.010000 13 232
94.010000 14 194
94.010000 15 232
94.010000 16 194
94.010000 17 194
94.010000 18 194
94.010000 19 232
94.010000 20 232
94.010000 21 155
94.010000 22 232
94.010000 23 232
95.010000 0 224
95.010000 1 268
95.010000 2 268
95.010000 3 268
95.010000 4 268
95.010000 5 268
95.010000 6 180
95.010000 7 268
95.010000 8 268
95.010000 9 268
95.010000 10 268
95.010000 11 268
95.010000 12 268
95.010000 13 268
95.010000 14 224
95.010000 15 268
95.010000 16 223
95.010000 17 224
95.010000 18 224
95.010000 19 268
95.010000 20 268
95.010000 21 177
95.010000 22 268
95.010000 23 268
96.010000 0 201
96.010000 1 241
96.010000 2 241
96.010000 3 241
96.010000 4 241
96.010000 5 241
96.010000 6 161
96.010000 7 241
96.010000 8 241
96.010000 9 241
96.010000 10 241
96.010000 11 241
96.010000 12 241
96.010000 13 241
96.010000 14 201
96.010000 15 241
96.010000 16 200
96.010000 17 201
96.010000 18 201
96.010000 19 241
96.010000 20 241
96.010000 21 161
96.010000 22 241
96.010000 23 241
97.010000 0 211
97.010000 1 255
97.010000 2 255
97.010000 3 255
97.010000 4 255
97.010000 5 255
97.010000 6 170
97.010000 7 255
97.010000 8 255
97.010000 9 255
97.010000 10 255
97.010000 11 255
97.010000 12 255
97.010000 13 255
97.010000 14 211
97.010000 15 255
97.010000 16 213
97.010000 17 211
97.010000 18 211
97.010000 19 255
97.010000 20 255
97.010000 21 171
97.010000 22 255
97.010000 23 255
98.010000 0 199
98.010000 1 237
98.010000 2 237
98.010000 3 237
98.010000 4 237
98.010000 5 237
98.010000 6 158
98.010000 7 237
98.010000 8 237
98.010000 9 237
98.010000 10 237
98.010000 11 237
98.010000 12 237
98.010000 13 237
98.010000 14 199
98.010000 15 237
98.010000 16 197
98.010000 17 199
98.010000 18 199
98.010000 19 237
98.010000 20 237
98.010000 21 157
98.010000 22 237
98.010000 23 237
99.010000 0 190
99.010000 1 228
99.010000 2 228
99.010000 3 228
99.010000 4 228
99.010000 5 228
99.010000 6 152
99.010000 7 228
99.010000 8 228
99.010000 9 228
99.010000 10 228
99.010000 11 228
99.010000 12 228
99.010000 13 228
99.010000 14 190
99.010000 15 228
99.010000 16 190
99.010000 17 190
99.010000 18 190
99.010000 19 228
99.010000 20 228
99.010000 21 152
99.010000 22 228
99.010000 23 228
100.010000 0 220
100.010000 1 264
100.010000 2 264
100.010000 3 264
100.010000 4 264
100.010000 5 264
100.010000 6 176
100.010000 7 264
100.010000 8 264
100.010000 9 264
100.010000 10 264
100.010000 11 264
100.010000 12 264
100.010000 13 264
100.010000 14 220
100.010000 15 264
100.010000 16 220
100.010000 17 220
100.010000 18 220
100.010000 19 264
100.010000 20 264
100.010000 21 176
100.010000 22 264
100.010000 23 264
101.010000 0 229
101.010000 1 275
101.010000 2 275
101.010000 3 275
101.010000 4 275
101.010000 5 275
101.010000 6 183
101.010000 7 275
101.010000 8 275
101.010000 9 275
101.010000 10 275
101.010000 11 275
101.010000 12 275
101.010000 13 275
101.010000 14 229
101.010000 15 275
101.010000 16 230
101.010000 17 229
101.010000 18 229
101.010000 19 275
101.010000 20 275
101.010000 21 183
101.010000 22 275
101.010000 23 275
102.010000 0 190
102.010000 1 228
102.010000 2 228
102.010000 3 228
102.010000 4 228
102.010000 5 228
102.010000 6 152
102.010000 7 228
102.010000 8 228
102.010000 9 228
102.010000 10 228
102.010000 11 228
102.010000 12 228
102.010000 13 228
102.010000 14 190
102.010000 15 228
102.010000 16 190
102.010000 17 190
102.010000 18 190
102.010000 19 228
102.010000 20 228
102.010000 21 152
102.010000 22 228
102.010000 23 228
103.010000 0 221
103.010000 1 265
103.010000 2 265
103.010000 3 265
103.010000 4 265
103.010000 5 265
103.010000 6 177
103.010000 7 265
103.010000 8 265
103.010000 9 265
103.010000 10 265
103.010000 11 265
103.010000 12 265
103.010000 13 265
103.010000 14 221
103.010000 15 265
103.010000 16 220
103.010000 17 221
103.010000 18 221
103.010000 19 265
103.010000 20 265
103.010000 21 177
103.010000 22 265
103.010000 23 265
104.010000 0 221
104.010000 1 266
104.010000 2 266
104.010000 3 266
104.010000 4 266
104.010000 5 266
104.010000 6 177
104.010000 7 266
104.010000 8 266
104.010000 9 266
104.010000 10 266
104.010000 11 266
104.010000 12 266
104.010000 13 266
104.010000 14 221
104.010000 15 266
104.010000 16 222
104.010000 17 221
104.010000 18 221
104.010000 19 266
104.010000 20 266
104.010000 21 178
104.010000 22 266
104.010000 23 266
105.010000 0 189
105.010000 1 226
105.010000 2 226
105.010000 3 226
105.010000 4 226
105.010000 5 226
105.010000 6 151
105.010000 7 226
105.010000 8 226
105.010000 9 226
105.010000 10 226
105.010000 11 226
105.010000 12 226
105.010000 13 226
105.010000 14 189
105.010000 15 226
105.010000 16 188
105.010000 17 189
105.010000 18 189
105.010000 19 226
105.010000 20 226
105.010000 21 150
105.010000 22 226
105.010000 23 226
106.010000 0 191
106.010000 1 231
106.010000 2 231
106.010000 3 231
106.010000 4 231
106.010000 5 231
106.010000 6 154
106.010000 7 231
106.010000 8 231
106.010000 9 231
106.010000 10 231
106.010000 11 231
106.010000 12 231
106.010000 13 231
106.010000 14 191
106.010000 15 231
106.010000 16 193
106.010000 17 191
106.010000 18 191
106.010000 19 231
106.010000 20 231
106.010000 21 155
106.010000 22 231
106.010000 23 231
107.010000 0 199
107.010000 1 237
107.010000 2 237
107.010000 3 237
107.010000 4 237
107.010000 5 237
107.010000 6 158
107.010000 7 237
107.010000 8 237
107.010000 9 237
107.010000 10 237
107.010000 11 237
107.010000 12 237
107.010000 13 237
107.010000 14 199
107.010000 15 237
107.010000 16 197
107.010000 17 199
107.010000 18 199
107.010000 19 237
107.010000 20 237
107.010000 21 157
107.010000 22 237
107.010000 23 237
108.010000 0 196
108.010000 1 236
108.010000 2 236
108.010000 3 236
108.010000 4 236
108.010000 5 236
108.010000 6 156
108.010000 7 236
108.010000 8 236
108.010000 9 236
108.010000 10 236
108.010000 11 236
108.010000 12 236
108.010000 13 236
108.010000 14 196
108.010000 15 236
108.010000 16 198
108.010000 17 196
108.010000 18 196
108.010000 19 236
108.010000 20 236
108.010000 21 158
108.010000 22 236
108.010000 23 236
109.010000 0 204
109.010000 1 244
109.010000 2 244
109.010000 3 244
109.010000 4 244
109.010000 5 244
109.010000 6 164
109.010000 7 244
109.010000 8 244
109.010000 9 244
109.010000 10 244
109.010000 11 244
109.010000 12 244
109.010000 13 244
109.010000 14 204
109.010000 15 244
109.010000 16 202
109.010000 17 204
109.010000 18 204
109.010000 19 244
109.010000 20 244
109.010000 21 162
109.010000 22 244
109.010000 23 244
110.010000 0 190
110.010000 1 228
110.010000 2 228
110.010000 3 228
110.010000 4 228
110.010000 5 228
110.010000 6 152
110.010000 7 228
110.010000 8 228
110.010000 9 228
110.010000 10 228
110.010000 11 228
110.010000 12 228
110.010000 13 228
110.010000 14 190
110.010000 15 228
110.010000 16 190
110.010000 17 190
110.010000 18 190
110.010000 19 228
110.010000 20 228
110.010000 21 152
110.010000 22 228
110.010000 23 228
111.010000 0 220
111.010000 1 264
111.010000 2 264
111.010000 3 264
111.010000 4 264
111.010000 5 264
111.010000 6 176
111.010000 7 264
111.010000 8 264
111.010000 9 264
111.010000 10 264
111.010000 11 264
111.010000 12 264
111.010000 13 264
111.010000 14 220
111.010000 15 264
111.010000 16 220
111.010000 17 220
111.010000 18 220
111.010000 19 264
111.010000 20 264
111.010000 21 176
111.010000 22 264
111.010000 23 264
112.010000 0 191
112.010000 1 231
112.010000 2 231
112.010000 3 231
112.010000 4 231
112.010000 5 231
112.010000 6 154
112.010000 7 231
112.010000 8 231
112.010000 9 231
112.010000 10 231
112.010000 11 231
112.010000 12 231
112.010000 13 231
112.010000 14 191
112.010000 15 231
112.010000 16 193
112.010000 17 191
112.010000 18 191
112.010000 19 231
112.010000 20 231
112.010000 21 155
112.010000 22 231
112.010000 23 231
113.010000 0 210
113.010000 1 252
113.010000 2 252
113.010000 3 252
113.010000 4 252
113.010000 5 252
113.010000 6 168
113.010000 7 252
113.010000 8 252
113.010000 9 252
113.010000 10 252
113.010000 11 252
113.010000 12 252
113.010000 13 252
113.010000 14 210
113.010000 15 252
113.010000 16 210
113.010000 17 210
113.010000 18 210
113.010000 19 252
113.010000 20 252
113.010000 21 168
113.010000 22 252
113.010000 23 252
114.010000 0 219
114.010000 1 261
114.010000 2 261
114.010000 3 261
114.010000 4 261
114.010000 5 261
114.010000 6 174
114.010000 7 261
114.010000 8 261
114.010000 9 261
114.010000 10 261
114.010000 11 261
114.010000 12 261
114.010000 13 261
114.010000 14 219
114.010000 15 261
114.010000 16 217
114.010000 17 219
114.010000 18 219
114.010000 19 261
114.010000 20 261
114.010000 21 173
114.010000 22 261
114.010000 23 261
115.010000 0 210
115.010000 1 252
115.010000 2 252
115.010000 3 252
115.010000 4 252
115.010000 5 252
115.010000 6 168
115.010000 7 252
115.010000 8 252
115.010000 9 252
115.010000 10 252
115.010000 11 252
115.010000 12 252
115.010000 13 252
115.010000 14 210
115.010000 15 252
115.010000 16 210
115.010000 17 210
115.010000 18 210
115.010000 19 252
115.010000 20 252
115.010000 21 168
115.010000 22 252
115.010000 23 252
116.010000 0 210
116.010000 1 252
116.010000 2 252
116.010000 3 252
116.010000 4 252
116.010000 5 252
116.010000 6 168
116.010000 7 252
116.010000 8 252
116.010000 9 252
116.010000 10 252
116.010000 11 252
116.010000 12 252
116.010000 13 252
116.010000 14 210
116.010000 15 252
116.010000 16 210
116.010000 17 210
116.010000 18 210
116.010000 19 252
116.010000 20 252
116.010000 21 168
116.010000 22 252
116.010000 23 252
117.010000 0 200
117.010000 1 240
117.010000 2 240
117.010000 3 240
117.010000 4 240
117.010000 5 240
117.010000 6 160
117.010000 7 240
117.010000 8 240
117.010000 9 240
117.010000 10 240
117.010000 11 240
117.010000 12 240
117.010000 13 240
117.010000 14 200
117.010000 15 240
117.010000 16 200
117.010000 17 200
117.010000 18 200
117.010000 19 240
117.010000 20 240
117.010000 21 160
117.010000 22 240
117.010000 23 240
118.010000 0 201
118.010000 1 243
118.010000 2 243
118.010000 3 243
118.010000 4 243
118.010000 5 243
118.010000 6 162
118.010000 7 243
118.010000 8 243
118.010000 9 243
118.010000 10 243
118.010000 11 243
118.010000 12 243
118.010000 13 243
118.010000 14 201
118.010000 15 243
118.010000 16 203
118.010000 17 201
118.010000 18 201
118.010000 19 243
118.010000 20 243
118.010000 21 163
118.010000 22 243
118.010000 23 243
119.010000 0 224
119.010000 1 268
119.010000 2 268
119.010000 3 268
119.010000 4 268
119.010000 5 268
119.010000 6 177
119.010000 7 268
119.010000 8 268
119.010000 9 268
119.010000 10 268
119.010000 11 268
119.010000 12 268
119.010000 13 268
119.010000 14 224
119.010000 15 268
119.010000 16 224
119.010000 17 224
119.010000 18 224
119.010000 19 268
119.010000 20 268
119.010000 21 179
119.010000 22 268
119.010000 23 268
120.010000 0 195
120.010000 1 233
120.010000 2 233
120.010000 3 233
120.010000 4 233
120.010000 5 233
120.010000 6 157
120.010000 7 233
120.010000 8 233
120.010000 9 233
120.010000 10 233
120.010000 11 233
120.010000 12 233
120.010000 13 233
120.010000 14 195
120.010000 15 233
120.010000 16 193
120.010000 17 195
120.010000 18 195
120.010000 19 233
120.010000 20 233
120.010000 21 154
120.010000 22 233
120.010000 23 233
121.010000 0 180
121.010000 1 216
121.010000 2 216
121.010000 3 216
121.010000 4 216
121.010000 5 216
121.010000 6 144
121.010000 7 216
121.010000 8 216
121.010000 9 216
121.010000 10 216
121.010000 11 216
121.010000 12 216
121.010000 13 216
121.010000 14 180
121.010000 15 216
121.010000 16 180
121.010000 17 180
121.010000 18 180
121.010000 19 216
121.010000 20 216
121.010000 21 144
121.010000 22 216
121.010000 23 216
122.010000 0 200
122.010000 1 240
122.010000 2 240
122.010000 3 240
122.010000 4 240
122.010000 5 240
122.010000 6 160
122.010000 7 240
122.010000 8 240
122.010000 9 240
122.010000 10 240
122.010000 11 240
122.010000 12 240
122.010000 13 240
122.010000 14 200
122.010000 15 240
122.010000 16 200
122.010000 17 200
122.010000 18 200
122.010000 19 240
122.010000 20 240
122.010000 21 160
122.010000 22 240
122.010000 23 240
123.010000 0 235
123.010000 1 283
123.010000 2 283
123.010000 3 283
123.010000 4 283
123.010000 5 283
123.010000 6 187
123.010000 7 283
123.010000 8 283
123.010000 9 283
123.010000 10 283
123.010000 11 283
123.010000 12 283
123.010000 13 283
123.010000 14 235
123.010000 15 283
123.010000 16 237
123.010000 17 235
123.010000 18 235
123.010000 19 283
123.010000 20 283
123.010000 21 190
123.010000 22 283
123.010000 23 283
124.010000 0 185
124.010000 1 221
124.010000 2 221
124.010000 3 221
124.010000 4 221
124.010000 5 221
124.010000 6 149
124.010000 7 221
124.010000 8 221
124.010000 9 221
124.010000 10 221
124.010000 11 221
124.010000 12 221
124.010000 13 221
124.010000 14 185
124.010000 15 221
124.010000 16 183
124.010000 17 185
124.010000 18 185
124.010000 19 221
124.010000 20 221
124.010000 21 146
124.010000 22 221
124.010000 23 221
125.010000 0 200
125.010000 1 240
125.010000 2 240
125.010000 3 240
125.010000 4 240
125.010000 5 240
125.010000 6 160
125.010000 7 240
125.010000 8 240
125.010000 9 240
125.010000 10 240
125.010000 11 240
125.010000 12 240
125.010000 13 240
125.010000 14 200
125.010000 15 240
125.010000 16 200
125.010000 17 200
125.010000 18 200
125.010000 19 240
125.010000 20 240
125.010000 21 160
125.010000 22 240
125.010000 23 240
126.010000 0 180
126.010000 1 216
126.010000 2 216
126.010000 3 216
126.010000 4 216
126.010000 5 216
126.010000 6 144
126.010000 7 216
126.010000 8 216
126.010000 9 216
126.010000 10 216
126.010000 11 216
126.010000 12 216
126.010000 13 216
126.010000 14 180
126.010000 15 216
126.010000 16 180
126.010000 17 180
126.010000 18 180
126.010000 19 216
126.010000 20 216
126.010000 21 144
126.010000 22 216
126.010000 23 216
127.010000 0 200
127.010000 1 240
127.010000 2 240
127.010000 3 240
127.010000 4 240
127.010000 5 240
127.010000 6 160
127.010000 7 240
127.010000 8 240
127.010000 9 240
127.010000 10 240
127.010000 11 240
127.010000 12 240
127.010000 13 240
127.010000 14 200
127.010000 15 240
127.010000 16 200
127.010000 17 200
127.010000 18 200
127.010000 19 240
127.010000 20 240
127.010000 21 160
127.010000 22 240
127.010000 23 240
128.010000 0 200
128.010000 1 240
128.010000 2 240
128.010000 3 240
128.010000 4 240
128.010000 5 240
128.010000 6 160
128.010000 7 240
128.010000 8 240
128.010000 9 240
128.010000 10 240
128.010000 11 240
128.010000 12 240
128.010000 13 240
128.010000 14 200
128.010000 15 240
128.010000 16 200
128.010000 17 200
128.010000 18 200
128.010000 19 240
128.010000 20 240
128.010000 21 160
128.010000 22 240
128.010000 23 240
129.010000 0 220
129.010000 1 264
129.010000 2 264
129.010000 3 264
129.010000 4 264
129.010000 5 264
129.010000 6 176
129.010000 7 264
129.010000 8 264
129.010000 9 264
129.010000 10 264
129.010000 11 264
129.010000 12 264
129.010000 13 264
129.010000 14 220
129.010000 15 264
129.010000 16 220
129.010000 17 220
129.010000 18 220
129.010000 19 264
129.010000 20 264
129.010000 21 176
129.010000 22 264
129.010000 23 264
130.010000 0 240
130.010000 1 288
130.010000 2 288
130.010000 3 288
130.010000 4 288
130.010000 5 288
130.010000 6 192
130.010000 7 288
130.010000 8 288
130.010000 9 288
130.010000 10 288
130.010000 11 288
130.010000 12 288
130.010000 13 288
130.010000 14 240
130.010000 15 288
130.010000 16 240
130.010000 17 240
130.010000 18 240
130.010000 19 288
130.010000 20 288
130.010000 21 192
130.010000 22 288
130.010000 23 288
131.010000 0 221
131.010000 1 267
131.010000 2 267
131.010000 3 267
131.010000 4 267
131.010000 5 267
131.010000 6 178
131.010000 7 267
131.010000 8 267
131.010000 9 267
131.010000 10 267
131.010000 11 267
131.010000 12 267
131.010000 13 267
131.010000 14 221
131.010000 15 267
131.010000 16 223
131.010000 17 221
131.010000 18 221
131.010000 19 267
131.010000 20 267
131.010000 21 179
131.010000 22 267
131.010000 23 267
132.010000 0 200
132.010000 1 239
132.010000 2 239
132.010000 3 239
132.010000 4 239
132.010000 5 239
132.010000 6 159
132.010000 7 239
132.010000 8 239
132.010000 9 239
132.010000 10 239
132.010000 11 239
132.010000 12 239
132.010000 13 239
132.010000 14 200
132.010000 15 239
132.010000 16 199
132.010000 17 200
132.010000 18 200
132.010000 19 239
132.010000 20 239
132.010000 21 159
132.010000 22 239
132.010000 23 239
133.010000 0 209
133.010000 1 250
133.010000 2 250
133.010000 3 250
133.010000 4 250
133.010000 5 250
133.010000 6 167
133.010000 7 250
133.010000 8 250
133.010000 9 250
133.010000 10 250
133.010000 11 250
133.010000 12 250
133.010000 13 250
133.010000 14 209
133.010000 15 250
133.010000 16 208
133.010000 17 209
133.010000 18 209
133.010000 19 250
133.010000 20 250
133.010000 21 166
133.010000 22 250
133.010000 23 250
134.010000 0 200
134.010000 1 240
134.010000 2 240
134.010000 3 240
134.010000 4 240
134.010000 5 240
134.010000 6 160
134.010000 7 240
134.010000 8 240
134.010000 9 240
134.010000 10 240
134.010000 11 240
134.010000 12 240
134.010000 13 240
134.010000 14 200
134.010000 15 240
134.010000 16 200
134.010000 17 200
134.010000 18 200
134.010000 19 240
134.010000 20 240
134.010000 21 160
134.010000 22 240
134.010000 23 240
135.010000 0 190
135.010000 1 228
135.010000 2 228
135.010000 3 228
135.010000 4 228
135.010000 5 228
135.010000 6 152
135.010000 7 228
135.010000 8 228
135.010000 9 228
135.010000 10 228
135.010000 11 228
135.010000 12 228
135.010000 13 228
135.010000 14 190
135.010000 15 228
135.010000 16 190
135.010000 17 190
135.010000 18 190
135.010000 19 228
135.010000 20 228
135.010000 21 152
135.010000 22 228
135.010000 23 228
136.010000 0 221
136.010000 1 267
136.010000 2 267
136.010000 3 267
136.010000 4 267
136.010000 5 267
136.010000 6 178
136.010000 7 267
136.010000 8 267
136.010000 9 267
136.010000 10 267
136.010000 11 267
136.010000 12 267
136.010000 13 267
136.010000 14 221
136.010000 15 267
136.010000 16 223
136.010000 17 221
136.010000 18 221
136.010000 19 267
136.010000 20 267
136.010000 21 179
136.010000 22 267
136.010000 23 267
137.010000 0 204
137.010000 1 244
137.010000 2 244
137.010000 3 244
137.010000 4 244
137.010000 5 244
137.010000 6 161
137.010000 7 244
137.010000 8 244
137.010000 9 244
137.010000 10 244
137.010000 11 244
137.010000 12 244
137.010000 13 244
137.010000 14 204
137.010000 15 244
137.010000 16 204
137.010000 17 204
137.010000 18 204
137.010000 19 244
137.010000 20 244
137.010000 21 163
137.010000 22 244
137.010000 23 244
138.010000 0 195
138.010000 1 233
138.010000 2 233
138.010000 3 233
138.010000 4 233
138.010000 5 233
138.010000 6 157
138.010000 7 233
138.010000 8 233
138.010000 9 233
138.010000 10 233
138.010000 11 233
138.010000 12 233
138.010000 13 233
138.010000 14 195
138.010000 15 233
138.010000 16 193
138.010000 17 195
138.010000 18 195
138.010000 19 233
138.010000 20 233
138.010000 21 154
138.010000 22 233
138.010000 23 233
139.010000 0 175
139.010000 1 211
139.010000 2 211
139.010000 3 211
139.010000 4 211
139.010000 5 211
139.010000 6 139
139.010000 7 211
139.010000 8 211
139.010000 9 211
139.010000 10 211
139.010000 11 211
139.010000 12 211
139.010000 13 211
139.010000 14 175
139.010000 15 211
139.010000 16 177
139.010000 17 175
139.010000 18 175
139.010000 19 211
139.010000 20 211
139.010000 21 142
139.010000 22 211
139.010000 23 211
140.010000 0 205
140.010000 1 245
140.010000 2 245
140.010000 3 245
140.010000 4 245
140.010000 5 245
140.010000 6 165
140.010000 7 245
140.010000 8 245
140.010000 9 245
140.010000 10 245
140.010000 11 245
140.010000 12 245
140.010000 13 245
140.010000 14 205
140.010000 15 245
140.010000 16 203
140.010000 17 205
140.010000 18 205
140.010000 19 245
140.010000 20 245
140.010000 21 162
140.010000 22 245
140.010000 23 245
141.010000 0 200
141.010000 1 240
141.010000 2 240
141.010000 3 240
141.010000 4 240
141.010000 5 240
141.010000 6 160
141.010000 7 240
141.010000 8 240
141.010000 9 240
141.010000 10 240
141.010000 11 240
141.010000 12 240
141.010000 13 240
141.010000 14 200
141.010000 15 240
141.010000 16 200
141.010000 17 200
141.010000 18 200
141.010000 19 240
141.010000 20 240
141.010000 21 160
141.010000 22 240
141.010000 23 240
142.010000 0 210
142.010000 1 252
142.010000 2 252
142.010000 3 252
142.010000 4 252
142.010000 5 252
142.010000 6 168
142.010000 7 252
142.010000 8 252
142.010000 9 252
142.010000 10 252
142.010000 11 252
142.010000 12 252
142.010000 13 252
142.010000 14 210
142.010000 15 252
142.010000 16 210
142.010000 17 210
142.010000 18 210
142.010000 19 252
142.010000 20 252
142.010000 21 168
142.010000 22 252
142.010000 23 252
143.010000 0 210
143.010000 1 252
143.010000 2 252
143.010000 3 252
143.010000 4 252
143.010000 5 252
143.010000 6 168
143.010000 7 252
143.010000 8 252
143.010000 9 252
143.010000 10 252
143.010000 11 252
143.010000 12 252
143.010000 13 252
143.010000 14 210
143.010000 15 252
143.010000 16 210
143.010000 17 210
143.010000 18 210
143.010000 19 252
143.010000 20 252
143.010000 21 168
143.010000 22 252
143.010000 23 252
144.010000 0 190
144.010000 1 228
144.010000 2 228
144.010000 3 228
144.010000 4 228
144.010000 5 228
144.010000 6 152
144.010000 7 228
144.010000 8 228
144.010000 9 228
144.010000 10 228
144.010000 11 228
144.010000 12 228
144.010000 13 228
144.010000 14 190
144.010000 15 228
144.010000 16 190
144.010000 17 190
144.010000 18 190
144.010000 19 228
144.010000 20 228
144.010000 21 152
144.010000 22 228
144.010000 23 228
145.010000 0 210
145.010000 1 252
145.010000 2 252
145.010000 3 252
145.010000 4 252
145.010000 5 252
145.010000 6 168
145.010000 7 252
145.010000 8 252
145.010000 9 252
145.010000 10 252
145.010000 11 252
145.010000 12 252
145.010000 13 252
145.010000 14 210
145.010000 15 252
145.010000 16 210
145.010000 17 210
145.010000 18 210
145.010000 19 252
145.010000 20 252
145.010000 21 168
145.010000 22 252
145.010000 23 252
146.010000 0 191
146.010000 1 231
146.010000 2 231
146.010000 3 231
146.010000 4 231
146.010000 5 231
146.010000 6 154
146.010000 7 231
146.010000 8 231
146.010000 9 231
146.010000 10 231
146.010000 11 231
146.010000 12 231
146.010000 13 231
146.010000 14 191
146.010000 15 231
146.010000 16 193
146.010000 17 191
146.010000 18 191
146.010000 19 231
146.010000 20 231
146.010000 21 155
146.010000 22 231
146.010000 23 231
147.010000 0 199
147.010000 1 237
147.010000 2 237
147.010000 3 237
147.010000 4 237
147.010000 5 237
147.010000 6 158
147.010000 7 237
147.010000 8 237
147.010000 9 237
147.010000 10 237
147.010000 11 237
147.010000 12 237
147.010000 13 237
147.010000 14 199
147.010000 15 237
147.010000 16 197
147.010000 17 199
147.010000 18 199
147.010000 19 237
147.010000 20 237
147.010000 21 157
147.010000 22 237
147.010000 23 237
148.010000 0 175
148.010000 1 211
148.010000 2 211
148.010000 3 211
148.010000 4 211
148.010000 5 211
148.010000 6 139
148.010000 7 211
148.010000 8 211
148.010000 9 211
148.010000 10 211
148.010000 11 211
148.010000 12 211
148.010000 13 211
148.010000 14 175
148.010000 15 211
148.010000 16 177
148.010000 17 175
148.010000 18 175
148.010000 19 211
148.010000 20 211
148.010000 21 142
148.010000 22 211
148.010000 23 211
149.010000 0 204
149.010000 1 244
149.010000 2 244
149.010000 3 244
149.010000 4 244
149.010000 5 244
149.010000 6 164
149.010000 7 244
149.010000 8 244
149.010000 9 244
149.010000 10 244
149.010000 11 244
149.010000 12 244
149.010000 13 244
149.010000 14 204
149.010000 15 244
149.010000 16 203
149.010000 17 204
149.010000 18 204
149.010000 19 244
149.010000 20 244
149.010000 21 161
149.010000 22 244
149.010000 23 244
