0.010000 0 19991590273549710947573483623451459584.000000
0.010000 1 19991590273549710947573483623451459584.000000
0.010000 2 19991590273549710947573483623451459584.000000
0.010000 3 19991590273549710947573483623451459584.000000
0.010000 4 19991590273549710947573483623451459584.000000
0.010000 5 19991590273549710947573483623451459584.000000
0.010000 6 19991590273549710947573483623451459584.000000
0.010000 7 19991590273549710947573483623451459584.000000
0.010000 8 19991590273549710947573483623451459584.000000
0.010000 9 19991590273549710947573483623451459584.000000
0.010000 10 19991590273549710947573483623451459584.000000
0.010000 11 19991590273549710947573483623451459584.000000
0.010000 12 19991590273549710947573483623451459584.000000
0.010000 13 19991590273549710947573483623451459584.000000
0.010000 14 19991590273549710947573483623451459584.000000
0.010000 15 19991590273549710947573483623451459584.000000
0.010000 16 19991590273549710947573483623451459584.000000
0.010000 17 19991590273549710947573483623451459584.000000
1.010000 0 0.000000
1.010000 1 0.000000
1.010000 2 0.000000
1.010000 3 0.000000
1.010000 4 0.000000
1.010000 5 0.000000
1.010000 6 0.000000
1.010000 7 0.000000
1.010000 8 0.000000
1.010000 9 0.000000
1.010000 10 0.000000
1.010000 11 0.000000
1.010000 12 0.000000
1.010000 13 0.000000
1.010000 14 0.000000
1.010000 15 0.000000
1.010000 16 0.000000
1.010000 17 0.000000
2.010000 0 0.000000
2.010000 1 0.000000
2.010000 2 0.000000
2.010000 3 0.000000
2.010000 4 0.000000
2.010000 5 0.000000
2.010000 6 0.000000
2.010000 7 0.000000
2.010000 8 0.000000
2.010000 9 0.000000
2.010000 10 0.000000
2.010000 11 0.000000
2.010000 12 0.000000
2.010000 13 0.000000
2.010000 14 0.000000
2.010000 15 0.000000
2.010000 16 0.000000
2.010000 17 0.000000
3.010000 0 0.000000
3.010000 1 0.000000
3.010000 2 0.000000
3.010000 3 0.000000
3.010000 4 0.000000
3.010000 5 0.000000
3.010000 6 0.000000
3.010000 7 0.000000
3.010000 8 0.000000
3.010000 9 0.000000
3.010000 10 0.000000
3.010000 11 0.000000
3.010000 12 0.000000
3.010000 13 0.000000
3.010000 14 0.000000
3.010000 15 0.000000
3.010000 16 0.000000
3.010000 17 0.000000
4.010000 0 0.000000
4.010000 1 0.000000
4.010000 2 0.000000
4.010000 3 0.000000
4.010000 4 0.000000
4.010000 5 0.000000
4.010000 6 0.000000
4.010000 7 0.000000
4.010000 8 0.000000
4.010000 9 0.000000
4.010000 10 0.000000
4.010000 11 0.000000
4.010000 12 0.000000
4.010000 13 0.000000
4.010000 14 0.000000
4.010000 15 0.000000
4.010000 16 0.000000
4.010000 17 0.000000
5.010000 0 0.000000
5.010000 1 0.000000
5.010000 2 0.000000
5.010000 3 0.000000
5.010000 4 0.000000
5.010000 5 0.000000
5.010000 6 0.000000
5.010000 7 0.000000
5.010000 8 0.000000
5.010000 9 0.000000
5.010000 10 0.000000
5.010000 11 0.000000
5.010000 12 0.000000
5.010000 13 0.000000
5.010000 14 0.000000
5.010000 15 0.000000
5.010000 16 0.000000
5.010000 17 0.000000
6.010000 0 0.000000
6.010000 1 0.000000
6.010000 2 0.000000
6.010000 3 0.000000
6.010000 4 0.000000
6.010000 5 0.000000
6.010000 6 0.000000
6.010000 7 0.000000
6.010000 8 0.000000
6.010000 9 0.000000
6.010000 10 0.000000
6.010000 11 0.000000
6.010000 12 0.000000
6.010000 13 0.000000
6.010000 14 0.000000
6.010000 15 0.000000
6.010000 16 0.000000
6.010000 17 0.000000
7.010000 0 0.000000
7.010000 1 0.000000
7.010000 2 0.000000
7.010000 3 0.000000
7.010000 4 0.000000
7.010000 5 0.000000
7.010000 6 0.000000
7.010000 7 0.000000
7.010000 8 0.000000
7.010000 9 0.000000
7.010000 10 0.000000
7.010000 11 0.000000
7.010000 12 0.000000
7.010000 13 0.000000
7.010000 14 0.000000
7.010000 15 0.000000
7.010000 16 0.000000
7.010000 17 0.000000
8.010000 0 0.000000
8.010000 1 0.000000
8.010000 2 0.000000
8.010000 3 0.000000
8.010000 4 0.000000
8.010000 5 0.000000
8.010000 6 0.000000
8.010000 7 0.000000
8.010000 8 0.000000
8.010000 9 0.000000
8.010000 10 0.000000
8.010000 11 0.000000
8.010000 12 0.000000
8.010000 13 0.000000
8.010000 14 0.000000
8.010000 15 0.000000
8.010000 16 0.000000
8.010000 17 0.000000
9.010000 0 0.000000
9.010000 1 0.000000
9.010000 2 0.000000
9.010000 3 0.000000
9.010000 4 0.000000
9.010000 5 0.000000
9.010000 6 0.000000
9.010000 7 0.000000
9.010000 8 0.000000
9.010000 9 0.000000
9.010000 10 0.000000
9.010000 11 0.000000
9.010000 12 0.000000
9.010000 13 0.000000
9.010000 14 0.000000
9.010000 15 0.000000
9.010000 16 0.000000
9.010000 17 0.000000
10.010000 0 0.000000
10.010000 1 0.000000
10.010000 2 0.000000
10.010000 3 0.000000
10.010000 4 0.000000
10.010000 5 0.000000
10.010000 6 0.000000
10.010000 7 0.000000
10.010000 8 0.000000
10.010000 9 0.000000
10.010000 10 0.000000
10.010000 11 0.000000
10.010000 12 0.000000
10.010000 13 0.000000
10.010000 14 0.000000
10.010000 15 0.000000
10.010000 16 0.000000
10.010000 17 0.000000
11.010000 0 0.000000
11.010000 1 0.000000
11.010000 2 0.000000
11.010000 3 0.000000
11.010000 4 0.000000
11.010000 5 0.000000
11.010000 6 0.000000
11.010000 7 0.000000
11.010000 8 0.000000
11.010000 9 0.000000
11.010000 10 0.000000
11.010000 11 0.000000
11.010000 12 0.000000
11.010000 13 0.000000
11.010000 14 0.000000
11.010000 15 0.000000
11.010000 16 0.000000
11.010000 17 0.000000
12.010000 0 0.000000
12.010000 1 0.000000
12.010000 2 0.000000
12.010000 3 0.000000
12.010000 4 0.000000
12.010000 5 0.000000
12.010000 6 0.000000
12.010000 7 0.000000
12.010000 8 0.000000
12.010000 9 0.000000
12.010000 10 0.000000
12.010000 11 0.000000
12.010000 12 0.000000
12.010000 13 0.000000
12.010000 14 0.000000
12.010000 15 0.000000
12.010000 16 0.000000
12.010000 17 0.000000
13.010000 0 0.000000
13.010000 1 0.000000
13.010000 2 0.000000
13.010000 3 0.000000
13.010000 4 0.000000
13.010000 5 0.000000
13.010000 6 0.000000
13.010000 7 0.000000
13.010000 8 0.000000
13.010000 9 0.000000
13.010000 10 0.000000
13.010000 11 0.000000
13.010000 12 0.000000
13.010000 13 0.000000
13.010000 14 0.000000
13.010000 15 0.000000
13.010000 16 0.000000
13.010000 17 0.000000
14.010000 0 0.000000
14.010000 1 0.000000
14.010000 2 0.000000
14.010000 3 0.000000
14.010000 4 0.000000
14.010000 5 0.000000
14.010000 6 0.000000
14.010000 7 0.000000
14.010000 8 0.000000
14.010000 9 0.000000
14.010000 10 0.000000
14.010000 11 0.000000
14.010000 12 0.000000
14.010000 13 0.000000
14.010000 14 0.000000
14.010000 15 0.000000
14.010000 16 0.000000
14.010000 17 0.000000
15.010000 0 0.000000
15.010000 1 0.000000
15.010000 2 0.000000
15.010000 3 0.000000
15.010000 4 0.000000
15.010000 5 0.000000
15.010000 6 0.000000
15.010000 7 0.000000
15.010000 8 0.000000
15.010000 9 0.000000
15.010000 10 0.000000
15.010000 11 0.000000
15.010000 12 0.000000
15.010000 13 0.000000
15.010000 14 0.000000
15.010000 15 0.000000
15.010000 16 0.000000
15.010000 17 0.000000
16.010000 0 0.000000
16.010000 1 0.000000
16.010000 2 0.000000
16.010000 3 0.000000
16.010000 4 0.000000
16.010000 5 0.000000
16.010000 6 0.000000
16.010000 7 0.000000
16.010000 8 0.000000
16.010000 9 0.000000
16.010000 10 0.000000
16.010000 11 0.000000
16.010000 12 0.000000
16.010000 13 0.000000
16.010000 14 0.000000
16.010000 15 0.000000
16.010000 16 0.000000
16.010000 17 0.000000
17.010000 0 0.000000
17.010000 1 0.000000
17.010000 2 0.000000
17.010000 3 0.000000
17.010000 4 0.000000
17.010000 5 0.000000
17.010000 6 0.000000
17.010000 7 0.000000
17.010000 8 0.000000
17.010000 9 0.000000
17.010000 10 0.000000
17.010000 11 0.000000
17.010000 12 0.000000
17.010000 13 0.000000
17.010000 14 0.000000
17.010000 15 0.000000
17.010000 16 0.000000
17.010000 17 0.000000
18.010000 0 0.000000
18.010000 1 0.000000
18.010000 2 0.000000
18.010000 3 0.000000
18.010000 4 0.000000
18.010000 5 0.000000
18.010000 6 0.000000
18.010000 7 0.000000
18.010000 8 0.000000
18.010000 9 0.000000
18.010000 10 0.000000
18.010000 11 0.000000
18.010000 12 0.000000
18.010000 13 0.000000
18.010000 14 0.000000
18.010000 15 0.000000
18.010000 16 0.000000
18.010000 17 0.000000
19.010000 0 0.000000
19.010000 1 0.000000
19.010000 2 0.000000
19.010000 3 0.000000
19.010000 4 0.000000
19.010000 5 0.000000
19.010000 6 0.000000
19.010000 7 0.000000
19.010000 8 0.000000
19.010000 9 0.000000
19.010000 10 0.000000
19.010000 11 0.000000
19.010000 12 0.000000
19.010000 13 0.000000
19.010000 14 0.000000
19.010000 15 0.000000
19.010000 16 0.000000
19.010000 17 0.000000
20.010000 0 0.000000
20.010000 1 0.000000
20.010000 2 0.000000
20.010000 3 0.000000
20.010000 4 0.000000
20.010000 5 0.000000
20.010000 6 0.000000
20.010000 7 0.000000
20.010000 8 0.000000
20.010000 9 0.000000
20.010000 10 0.000000
20.010000 11 0.000000
20.010000 12 0.000000
20.010000 13 0.000000
20.010000 14 0.000000
20.010000 15 0.000000
20.010000 16 0.000000
20.010000 17 0.000000
21.010000 0 0.000000
21.010000 1 0.000000
21.010000 2 0.000000
21.010000 3 0.000000
21.010000 4 0.000000
21.010000 5 0.000000
21.010000 6 0.000000
21.010000 7 0.000000
21.010000 8 0.000000
21.010000 9 0.000000
21.010000 10 0.000000
21.010000 11 0.000000
21.010000 12 0.000000
21.010000 13 0.000000
21.010000 14 0.000000
21.010000 15 0.000000
21.010000 16 0.000000
21.010000 17 0.000000
22.010000 0 0.000000
22.010000 1 0.000000
22.010000 2 0.000000
22.010000 3 0.000000
22.010000 4 0.000000
22.010000 5 0.000000
22.010000 6 0.000000
22.010000 7 0.000000
22.010000 8 0.000000
22.010000 9 0.000000
22.010000 10 0.000000
22.010000 11 0.000000
22.010000 12 0.000000
22.010000 13 0.000000
22.010000 14 0.000000
22.010000 15 0.000000
22.010000 16 0.000000
22.010000 17 0.000000
