0.010000 0 0
0.010000 1 0
0.010000 2 0
0.010000 3 0
0.010000 4 0
0.010000 5 0
0.010000 6 0
0.010000 7 0
0.010000 8 0
0.010000 9 0
0.010000 10 0
0.010000 11 0
0.010000 12 0
0.010000 13 0
0.010000 14 0
0.010000 15 0
0.010000 16 0
0.010000 17 0
0.010000 18 0
0.010000 19 0
0.010000 20 0
0.010000 21 0
0.010000 22 0
1.010000 0 0
1.010000 1 0
1.010000 2 0
1.010000 3 0
1.010000 4 0
1.010000 5 0
1.010000 6 0
1.010000 7 0
1.010000 8 0
1.010000 9 0
1.010000 10 0
1.010000 11 0
1.010000 12 0
1.010000 13 0
1.010000 14 0
1.010000 15 0
1.010000 16 0
1.010000 17 0
1.010000 18 0
1.010000 19 0
1.010000 20 0
1.010000 21 0
1.010000 22 0
2.010000 0 0
2.010000 1 0
2.010000 2 0
2.010000 3 0
2.010000 4 0
2.010000 5 0
2.010000 6 0
2.010000 7 0
2.010000 8 0
2.010000 9 0
2.010000 10 0
2.010000 11 0
2.010000 12 0
2.010000 13 0
2.010000 14 0
2.010000 15 0
2.010000 16 0
2.010000 17 0
2.010000 18 0
2.010000 19 0
2.010000 20 0
2.010000 21 0
2.010000 22 0
3.010000 0 0
3.010000 1 0
3.010000 2 0
3.010000 3 0
3.010000 4 0
3.010000 5 0
3.010000 6 0
3.010000 7 0
3.010000 8 0
3.010000 9 0
3.010000 10 0
3.010000 11 0
3.010000 12 0
3.010000 13 0
3.010000 14 0
3.010000 15 0
3.010000 16 0
3.010000 17 0
3.010000 18 0
3.010000 19 0
3.010000 20 0
3.010000 21 0
3.010000 22 0
4.010000 0 0
4.010000 1 0
4.010000 2 0
4.010000 3 0
4.010000 4 0
4.010000 5 0
4.010000 6 0
4.010000 7 0
4.010000 8 0
4.010000 9 0
4.010000 10 0
4.010000 11 0
4.010000 12 0
4.010000 13 0
4.010000 14 0
4.010000 15 0
4.010000 16 0
4.010000 17 0
4.010000 18 0
4.010000 19 0
4.010000 20 0
4.010000 21 0
4.010000 22 0
5.010000 0 0
5.010000 1 0
5.010000 2 0
5.010000 3 0
5.010000 4 0
5.010000 5 0
5.010000 6 0
5.010000 7 0
5.010000 8 0
5.010000 9 0
5.010000 10 0
5.010000 11 0
5.010000 12 0
5.010000 13 0
5.010000 14 0
5.010000 15 0
5.010000 16 0
5.010000 17 0
5.010000 18 0
5.010000 19 0
5.010000 20 0
5.010000 21 0
5.010000 22 0
6.010000 0 0
6.010000 1 0
6.010000 2 0
6.010000 3 0
6.010000 4 0
6.010000 5 0
6.010000 6 0
6.010000 7 0
6.010000 8 0
6.010000 9 0
6.010000 10 0
6.010000 11 0
6.010000 12 0
6.010000 13 0
6.010000 14 0
6.010000 15 0
6.010000 16 0
6.010000 17 0
6.010000 18 0
6.010000 19 0
6.010000 20 0
6.010000 21 0
6.010000 22 0
7.010000 0 0
7.010000 1 0
7.010000 2 0
7.010000 3 0
7.010000 4 0
7.010000 5 0
7.010000 6 0
7.010000 7 0
7.010000 8 0
7.010000 9 0
7.010000 10 0
7.010000 11 0
7.010000 12 0
7.010000 13 0
7.010000 14 0
7.010000 15 0
7.010000 16 0
7.010000 17 0
7.010000 18 0
7.010000 19 0
7.010000 20 0
7.010000 21 0
7.010000 22 0
8.010000 0 0
8.010000 1 0
8.010000 2 0
8.010000 3 0
8.010000 4 0
8.010000 5 0
8.010000 6 0
8.010000 7 0
8.010000 8 0
8.010000 9 0
8.010000 10 0
8.010000 11 0
8.010000 12 0
8.010000 13 0
8.010000 14 0
8.010000 15 0
8.010000 16 0
8.010000 17 0
8.010000 18 0
8.010000 19 0
8.010000 20 0
8.010000 21 0
8.010000 22 0
9.010000 0 0
9.010000 1 0
9.010000 2 0
9.010000 3 0
9.010000 4 0
9.010000 5 0
9.010000 6 0
9.010000 7 0
9.010000 8 0
9.010000 9 0
9.010000 10 0
9.010000 11 0
9.010000 12 0
9.010000 13 0
9.010000 14 0
9.010000 15 0
9.010000 16 0
9.010000 17 0
9.010000 18 0
9.010000 19 0
9.010000 20 0
9.010000 21 0
9.010000 22 0
10.010000 0 0
10.010000 1 0
10.010000 2 0
10.010000 3 0
10.010000 4 0
10.010000 5 0
10.010000 6 0
10.010000 7 0
10.010000 8 0
10.010000 9 0
10.010000 10 0
10.010000 11 0
10.010000 12 0
10.010000 13 0
10.010000 14 0
10.010000 15 0
10.010000 16 0
10.010000 17 0
10.010000 18 0
10.010000 19 0
10.010000 20 0
10.010000 21 0
10.010000 22 0
11.010000 0 0
11.010000 1 0
11.010000 2 0
11.010000 3 0
11.010000 4 0
11.010000 5 0
11.010000 6 0
11.010000 7 0
11.010000 8 0
11.010000 9 0
11.010000 10 0
11.010000 11 0
11.010000 12 0
11.010000 13 0
11.010000 14 0
11.010000 15 0
11.010000 16 0
11.010000 17 0
11.010000 18 0
11.010000 19 0
11.010000 20 0
11.010000 21 0
11.010000 22 0
12.010000 0 0
12.010000 1 0
12.010000 2 0
12.010000 3 0
12.010000 4 0
12.010000 5 0
12.010000 6 0
12.010000 7 0
12.010000 8 0
12.010000 9 0
12.010000 10 0
12.010000 11 0
12.010000 12 0
12.010000 13 0
12.010000 14 0
12.010000 15 0
12.010000 16 0
12.010000 17 0
12.010000 18 0
12.010000 19 0
12.010000 20 0
12.010000 21 0
12.010000 22 0
13.010000 0 0
13.010000 1 0
13.010000 2 0
13.010000 3 0
13.010000 4 0
13.010000 5 0
13.010000 6 0
13.010000 7 0
13.010000 8 0
13.010000 9 0
13.010000 10 0
13.010000 11 0
13.010000 12 0
13.010000 13 0
13.010000 14 0
13.010000 15 0
13.010000 16 0
13.010000 17 0
13.010000 18 0
13.010000 19 0
13.010000 20 0
13.010000 21 0
13.010000 22 0
14.010000 0 0
14.010000 1 0
14.010000 2 0
14.010000 3 0
14.010000 4 0
14.010000 5 0
14.010000 6 0
14.010000 7 0
14.010000 8 0
14.010000 9 0
14.010000 10 0
14.010000 11 0
14.010000 12 0
14.010000 13 0
14.010000 14 0
14.010000 15 0
14.010000 16 0
14.010000 17 0
14.010000 18 0
14.010000 19 0
14.010000 20 0
14.010000 21 0
14.010000 22 0
15.010000 0 0
15.010000 1 1
15.010000 2 1
15.010000 3 1
15.010000 4 1
15.010000 5 1
15.010000 6 1
15.010000 7 1
15.010000 8 1
15.010000 9 1
15.010000 10 1
15.010000 11 1
15.010000 12 1
15.010000 13 1
15.010000 14 0
15.010000 15 1
15.010000 16 1
15.010000 17 0
15.010000 18 0
15.010000 19 1
15.010000 20 1
15.010000 21 1
15.010000 22 1
16.010000 0 326
16.010000 1 384
16.010000 2 384
16.010000 3 399
16.010000 4 400
16.010000 5 395
16.010000 6 304
16.010000 7 384
16.010000 8 400
16.010000 9 400
16.010000 10 311
16.010000 11 392
16.010000 12 395
16.010000 13 392
16.010000 14 334
16.010000 15 394
16.010000 16 343
16.010000 17 341
16.010000 18 336
16.010000 19 394
16.010000 20 400
16.010000 21 396
16.010000 22 400
17.010000 0 180
17.010000 1 216
17.010000 2 216
17.010000 3 216
17.010000 4 216
17.010000 5 216
17.010000 6 144
17.010000 7 216
17.010000 8 216
17.010000 9 216
17.010000 10 144
17.010000 11 216
17.010000 12 216
17.010000 13 216
17.010000 14 180
17.010000 15 216
17.010000 16 180
17.010000 17 180
17.010000 18 180
17.010000 19 216
17.010000 20 216
17.010000 21 216
17.010000 22 216
18.010000 0 195
18.010000 1 235
18.010000 2 235
18.010000 3 235
18.010000 4 235
18.010000 5 235
18.010000 6 155
18.010000 7 235
18.010000 8 235
18.010000 9 235
18.010000 10 158
18.010000 11 235
18.010000 12 235
18.010000 13 235
18.010000 14 195
18.010000 15 235
18.010000 16 197
18.010000 17 195
18.010000 18 195
18.010000 19 235
18.010000 20 235
18.010000 21 235
18.010000 22 235
19.010000 0 194
19.010000 1 232
19.010000 2 232
19.010000 3 232
19.010000 4 232
19.010000 5 232
19.010000 6 156
19.010000 7 232
19.010000 8 232
19.010000 9 232
19.010000 10 153
19.010000 11 232
19.010000 12 232
19.010000 13 232
19.010000 14 194
19.010000 15 232
19.010000 16 193
19.010000 17 194
19.010000 18 194
19.010000 19 232
19.010000 20 232
19.010000 21 232
19.010000 22 232
20.010000 0 191
20.010000 1 229
20.010000 2 229
20.010000 3 229
20.010000 4 229
20.010000 5 229
20.010000 6 153
20.010000 7 229
20.010000 8 229
20.010000 9 229
20.010000 10 153
20.010000 11 229
20.010000 12 229
20.010000 13 229
20.010000 14 191
20.010000 15 229
20.010000 16 190
20.010000 17 191
20.010000 18 191
20.010000 19 229
20.010000 20 229
20.010000 21 229
20.010000 22 229
21.010000 0 209
21.010000 1 251
21.010000 2 251
21.010000 3 251
21.010000 4 251
21.010000 5 251
21.010000 6 167
21.010000 7 251
21.010000 8 251
21.010000 9 251
21.010000 10 167
21.010000 11 251
21.010000 12 251
21.010000 13 251
21.010000 14 209
21.010000 15 251
21.010000 16 210
21.010000 17 209
21.010000 18 209
21.010000 19 251
21.010000 20 251
21.010000 21 251
21.010000 22 251
22.010000 0 191
22.010000 1 229
22.010000 2 229
22.010000 3 229
22.010000 4 229
22.010000 5 229
22.010000 6 153
22.010000 7 229
22.010000 8 229
22.010000 9 229
22.010000 10 153
22.010000 11 229
22.010000 12 229
22.010000 13 229
22.010000 14 191
22.010000 15 229
22.010000 16 190
22.010000 17 191
22.010000 18 191
22.010000 19 229
22.010000 20 229
22.010000 21 229
22.010000 22 229
23.010000 0 170
23.010000 1 204
23.010000 2 204
23.010000 3 204
23.010000 4 204
23.010000 5 204
23.010000 6 136
23.010000 7 204
23.010000 8 204
23.010000 9 204
23.010000 10 136
23.010000 11 204
23.010000 12 204
23.010000 13 204
23.010000 14 170
23.010000 15 204
23.010000 16 170
23.010000 17 170
23.010000 18 170
23.010000 19 204
23.010000 20 204
23.010000 21 204
23.010000 22 204
24.010000 0 199
24.010000 1 239
24.010000 2 239
24.010000 3 239
24.010000 4 239
24.010000 5 239
24.010000 6 159
24.010000 7 239
24.010000 8 239
24.010000 9 239
24.010000 10 159
24.010000 11 239
24.010000 12 239
24.010000 13 239
24.010000 14 199
24.010000 15 239
24.010000 16 200
24.010000 17 199
24.010000 18 199
24.010000 19 239
24.010000 20 239
24.010000 21 239
24.010000 22 239
25.010000 0 201
25.010000 1 241
25.010000 2 241
25.010000 3 241
25.010000 4 241
25.010000 5 241
25.010000 6 161
25.010000 7 241
25.010000 8 241
25.010000 9 241
25.010000 10 161
25.010000 11 241
25.010000 12 241
25.010000 13 241
25.010000 14 201
25.010000 15 241
25.010000 16 200
25.010000 17 201
25.010000 18 201
25.010000 19 241
25.010000 20 241
25.010000 21 241
25.010000 22 241
26.010000 0 200
26.010000 1 240
26.010000 2 240
26.010000 3 240
26.010000 4 240
26.010000 5 240
26.010000 6 160
26.010000 7 240
26.010000 8 240
26.010000 9 240
26.010000 10 160
26.010000 11 240
26.010000 12 240
26.010000 13 240
26.010000 14 200
26.010000 15 240
26.010000 16 200
26.010000 17 200
26.010000 18 200
26.010000 19 240
26.010000 20 240
26.010000 21 240
26.010000 22 240
27.010000 0 210
27.010000 1 252
27.010000 2 252
27.010000 3 252
27.010000 4 252
27.010000 5 252
27.010000 6 168
27.010000 7 252
27.010000 8 252
27.010000 9 252
27.010000 10 168
27.010000 11 252
27.010000 12 252
27.010000 13 252
27.010000 14 210
27.010000 15 252
27.010000 16 210
27.010000 17 210
27.010000 18 210
27.010000 19 252
27.010000 20 252
27.010000 21 252
27.010000 22 252
28.010000 0 180
28.010000 1 216
28.010000 2 216
28.010000 3 216
28.010000 4 216
28.010000 5 216
28.010000 6 144
28.010000 7 216
28.010000 8 216
28.010000 9 216
28.010000 10 144
28.010000 11 216
28.010000 12 216
28.010000 13 216
28.010000 14 180
28.010000 15 216
28.010000 16 180
28.010000 17 180
28.010000 18 180
28.010000 19 216
28.010000 20 216
28.010000 21 216
28.010000 22 216
29.010000 0 200
29.010000 1 240
29.010000 2 240
29.010000 3 240
29.010000 4 240
29.010000 5 240
29.010000 6 160
29.010000 7 240
29.010000 8 240
29.010000 9 240
29.010000 10 160
29.010000 11 240
29.010000 12 240
29.010000 13 240
29.010000 14 200
29.010000 15 240
29.010000 16 200
29.010000 17 200
29.010000 18 200
29.010000 19 240
29.010000 20 240
29.010000 21 240
29.010000 22 240
30.010000 0 211
30.010000 1 255
30.010000 2 255
30.010000 3 255
30.010000 4 255
30.010000 5 255
30.010000 6 170
30.010000 7 255
30.010000 8 255
30.010000 9 255
30.010000 10 171
30.010000 11 255
30.010000 12 255
30.010000 13 255
30.010000 14 211
30.010000 15 255
30.010000 16 213
30.010000 17 211
30.010000 18 211
30.010000 19 255
30.010000 20 255
30.010000 21 255
30.010000 22 255
31.010000 0 189
31.010000 1 225
31.010000 2 225
31.010000 3 225
31.010000 4 225
31.010000 5 225
31.010000 6 150
31.010000 7 225
31.010000 8 225
31.010000 9 225
31.010000 10 149
31.010000 11 225
31.010000 12 225
31.010000 13 225
31.010000 14 189
31.010000 15 225
31.010000 16 187
31.010000 17 189
31.010000 18 189
31.010000 19 225
31.010000 20 225
31.010000 21 225
31.010000 22 225
32.010000 0 220
32.010000 1 264
32.010000 2 264
32.010000 3 264
32.010000 4 264
32.010000 5 264
32.010000 6 176
32.010000 7 264
32.010000 8 264
32.010000 9 264
32.010000 10 176
32.010000 11 264
32.010000 12 264
32.010000 13 264
32.010000 14 220
32.010000 15 264
32.010000 16 220
32.010000 17 220
32.010000 18 220
32.010000 19 264
32.010000 20 264
32.010000 21 264
32.010000 22 264
33.010000 0 228
33.010000 1 274
33.010000 2 274
33.010000 3 274
33.010000 4 274
33.010000 5 274
33.010000 6 182
33.010000 7 274
33.010000 8 274
33.010000 9 274
33.010000 10 183
33.010000 11 274
33.010000 12 274
33.010000 13 274
33.010000 14 228
33.010000 15 274
33.010000 16 229
33.010000 17 228
33.010000 18 228
33.010000 19 274
33.010000 20 274
33.010000 21 274
33.010000 22 274
34.010000 0 202
34.010000 1 242
34.010000 2 242
34.010000 3 242
34.010000 4 242
34.010000 5 242
34.010000 6 162
34.010000 7 242
34.010000 8 242
34.010000 9 242
34.010000 10 161
34.010000 11 242
34.010000 12 242
34.010000 13 242
34.010000 14 202
34.010000 15 242
34.010000 16 201
34.010000 17 202
34.010000 18 202
34.010000 19 242
34.010000 20 242
34.010000 21 242
34.010000 22 242
35.010000 0 210
35.010000 1 252
35.010000 2 252
35.010000 3 252
35.010000 4 252
35.010000 5 252
35.010000 6 168
35.010000 7 252
35.010000 8 252
35.010000 9 252
35.010000 10 168
35.010000 11 252
35.010000 12 252
35.010000 13 252
35.010000 14 210
35.010000 15 252
35.010000 16 210
35.010000 17 210
35.010000 18 210
35.010000 19 252
35.010000 20 252
35.010000 21 252
35.010000 22 252
36.010000 0 190
36.010000 1 228
36.010000 2 228
36.010000 3 228
36.010000 4 228
36.010000 5 228
36.010000 6 152
36.010000 7 228
36.010000 8 228
36.010000 9 228
36.010000 10 152
36.010000 11 228
36.010000 12 228
36.010000 13 228
36.010000 14 190
36.010000 15 228
36.010000 16 190
36.010000 17 190
36.010000 18 190
36.010000 19 228
36.010000 20 228
36.010000 21 228
36.010000 22 228
37.010000 0 200
37.010000 1 240
37.010000 2 240
37.010000 3 240
37.010000 4 240
37.010000 5 240
37.010000 6 160
37.010000 7 240
37.010000 8 240
37.010000 9 240
37.010000 10 160
37.010000 11 240
37.010000 12 240
37.010000 13 240
37.010000 14 200
37.010000 15 240
37.010000 16 200
37.010000 17 200
37.010000 18 200
37.010000 19 240
37.010000 20 240
37.010000 21 240
37.010000 22 240
38.010000 0 198
38.010000 1 238
38.010000 2 238
38.010000 3 238
38.010000 4 238
38.010000 5 238
38.010000 6 158
38.010000 7 238
38.010000 8 238
38.010000 9 238
38.010000 10 159
38.010000 11 238
38.010000 12 238
38.010000 13 238
38.010000 14 198
38.010000 15 238
38.010000 16 199
38.010000 17 198
38.010000 18 198
38.010000 19 238
38.010000 20 238
38.010000 21 238
38.010000 22 238
39.010000 0 172
39.010000 1 206
39.010000 2 206
39.010000 3 206
39.010000 4 206
39.010000 5 206
39.010000 6 138
39.010000 7 206
39.010000 8 206
39.010000 9 206
39.010000 10 137
39.010000 11 206
39.010000 12 206
39.010000 13 206
39.010000 14 172
39.010000 15 206
39.010000 16 171
39.010000 17 172
39.010000 18 172
39.010000 19 206
39.010000 20 206
39.010000 21 206
39.010000 22 206
40.010000 0 210
40.010000 1 252
40.010000 2 252
40.010000 3 252
40.010000 4 252
40.010000 5 252
40.010000 6 168
40.010000 7 252
40.010000 8 252
40.010000 9 252
40.010000 10 168
40.010000 11 252
40.010000 12 252
40.010000 13 252
40.010000 14 210
40.010000 15 252
40.010000 16 210
40.010000 17 210
40.010000 18 210
40.010000 19 252
40.010000 20 252
40.010000 21 252
40.010000 22 252
41.010000 0 179
41.010000 1 215
41.010000 2 215
41.010000 3 215
41.010000 4 215
41.010000 5 215
41.010000 6 143
41.010000 7 215
41.010000 8 215
41.010000 9 215
41.010000 10 143
41.010000 11 215
41.010000 12 215
41.010000 13 215
41.010000 14 179
41.010000 15 215
41.010000 16 180
41.010000 17 179
41.010000 18 179
41.010000 19 215
41.010000 20 215
41.010000 21 215
41.010000 22 215
42.010000 0 190
42.010000 1 228
42.010000 2 228
42.010000 3 228
42.010000 4 228
42.010000 5 228
42.010000 6 152
42.010000 7 228
42.010000 8 228
42.010000 9 228
42.010000 10 152
42.010000 11 228
42.010000 12 228
42.010000 13 228
42.010000 14 190
42.010000 15 228
42.010000 16 190
42.010000 17 190
42.010000 18 190
42.010000 19 228
42.010000 20 228
42.010000 21 228
42.010000 22 228
43.010000 0 206
43.010000 1 248
43.010000 2 248
43.010000 3 248
43.010000 4 248
43.010000 5 248
43.010000 6 164
43.010000 7 248
43.010000 8 248
43.010000 9 248
43.010000 10 167
43.010000 11 248
43.010000 12 248
43.010000 13 248
43.010000 14 206
43.010000 15 248
43.010000 16 207
43.010000 17 206
43.010000 18 206
43.010000 19 248
43.010000 20 248
43.010000 21 248
43.010000 22 248
44.010000 0 194
44.010000 1 232
44.010000 2 232
44.010000 3 232
44.010000 4 232
44.010000 5 232
44.010000 6 156
44.010000 7 232
44.010000 8 232
44.010000 9 232
44.010000 10 153
44.010000 11 232
44.010000 12 232
44.010000 13 232
44.010000 14 194
44.010000 15 232
44.010000 16 193
44.010000 17 194
44.010000 18 194
44.010000 19 232
44.010000 20 232
44.010000 21 232
44.010000 22 232
45.010000 0 202
45.010000 1 244
45.010000 2 244
45.010000 3 244
45.010000 4 244
45.010000 5 244
45.010000 6 163
45.010000 7 244
45.010000 8 244
45.010000 9 244
45.010000 10 164
45.010000 11 244
45.010000 12 244
45.010000 13 244
45.010000 14 202
45.010000 15 244
45.010000 16 203
45.010000 17 202
45.010000 18 202
45.010000 19 244
45.010000 20 244
45.010000 21 244
45.010000 22 244
46.010000 0 202
46.010000 1 242
46.010000 2 242
46.010000 3 242
46.010000 4 242
46.010000 5 242
46.010000 6 160
46.010000 7 242
46.010000 8 242
46.010000 9 242
46.010000 10 162
46.010000 11 242
46.010000 12 242
46.010000 13 242
46.010000 14 202
46.010000 15 242
46.010000 16 202
46.010000 17 202
46.010000 18 202
46.010000 19 242
46.010000 20 242
46.010000 21 242
46.010000 22 242
47.010000 0 197
47.010000 1 235
47.010000 2 235
47.010000 3 235
47.010000 4 235
47.010000 5 235
47.010000 6 158
47.010000 7 235
47.010000 8 235
47.010000 9 235
47.010000 10 155
47.010000 11 235
47.010000 12 235
47.010000 13 235
47.010000 14 197
47.010000 15 235
47.010000 16 195
47.010000 17 197
47.010000 18 197
47.010000 19 235
47.010000 20 235
47.010000 21 235
47.010000 22 235
48.010000 0 230
48.010000 1 276
48.010000 2 276
48.010000 3 276
48.010000 4 276
48.010000 5 276
48.010000 6 184
48.010000 7 276
48.010000 8 276
48.010000 9 276
48.010000 10 184
48.010000 11 276
48.010000 12 276
48.010000 13 276
48.010000 14 230
48.010000 15 276
48.010000 16 230
48.010000 17 230
48.010000 18 230
48.010000 19 276
48.010000 20 276
48.010000 21 276
48.010000 22 276
49.010000 0 197
49.010000 1 237
49.010000 2 237
49.010000 3 237
49.010000 4 237
49.010000 5 237
49.010000 6 157
49.010000 7 237
49.010000 8 237
49.010000 9 237
49.010000 10 158
49.010000 11 237
49.010000 12 237
49.010000 13 237
49.010000 14 197
49.010000 15 237
49.010000 16 199
49.010000 17 197
49.010000 18 197
49.010000 19 237
49.010000 20 237
49.010000 21 237
49.010000 22 237
50.010000 0 194
50.010000 1 234
50.010000 2 234
50.010000 3 234
50.010000 4 234
50.010000 5 234
50.010000 6 157
50.010000 7 234
50.010000 8 234
50.010000 9 234
50.010000 10 157
50.010000 11 234
50.010000 12 234
50.010000 13 234
50.010000 14 194
50.010000 15 234
50.010000 16 194
50.010000 17 194
50.010000 18 194
50.010000 19 234
50.010000 20 234
50.010000 21 234
50.010000 22 234
51.010000 0 209
51.010000 1 249
51.010000 2 249
51.010000 3 249
51.010000 4 249
51.010000 5 249
51.010000 6 166
51.010000 7 249
51.010000 8 249
51.010000 9 249
51.010000 10 165
51.010000 11 249
51.010000 12 249
51.010000 13 249
51.010000 14 209
51.010000 15 249
51.010000 16 207
51.010000 17 209
51.010000 18 209
51.010000 19 249
51.010000 20 249
51.010000 21 249
51.010000 22 249
52.010000 0 200
52.010000 1 240
52.010000 2 240
52.010000 3 240
52.010000 4 240
52.010000 5 240
52.010000 6 160
52.010000 7 240
52.010000 8 240
52.010000 9 240
52.010000 10 160
52.010000 11 240
52.010000 12 240
52.010000 13 240
52.010000 14 200
52.010000 15 240
52.010000 16 200
52.010000 17 200
52.010000 18 200
52.010000 19 240
52.010000 20 240
52.010000 21 240
52.010000 22 240
53.010000 0 220
53.010000 1 264
53.010000 2 264
53.010000 3 264
53.010000 4 264
53.010000 5 264
53.010000 6 176
53.010000 7 264
53.010000 8 264
53.010000 9 264
53.010000 10 176
53.010000 11 264
53.010000 12 264
53.010000 13 264
53.010000 14 220
53.010000 15 264
53.010000 16 220
53.010000 17 220
53.010000 18 220
53.010000 19 264
53.010000 20 264
53.010000 21 264
53.010000 22 264
54.010000 0 180
54.010000 1 216
54.010000 2 216
54.010000 3 216
54.010000 4 216
54.010000 5 216
54.010000 6 144
54.010000 7 216
54.010000 8 216
54.010000 9 216
54.010000 10 144
54.010000 11 216
54.010000 12 216
54.010000 13 216
54.010000 14 180
54.010000 15 216
54.010000 16 180
54.010000 17 180
54.010000 18 180
54.010000 19 216
54.010000 20 216
54.010000 21 216
54.010000 22 216
55.010000 0 177
55.010000 1 213
55.010000 2 213
55.010000 3 213
55.010000 4 213
55.010000 5 213
55.010000 6 141
55.010000 7 213
55.010000 8 213
55.010000 9 213
55.010000 10 142
55.010000 11 213
55.010000 12 213
55.010000 13 213
55.010000 14 177
55.010000 15 213
55.010000 16 179
55.010000 17 177
55.010000 18 177
55.010000 19 213
55.010000 20 213
55.010000 21 213
55.010000 22 213
56.010000 0 193
56.010000 1 231
56.010000 2 231
56.010000 3 231
56.010000 4 231
56.010000 5 231
56.010000 6 155
56.010000 7 231
56.010000 8 231
56.010000 9 231
56.010000 10 154
56.010000 11 231
56.010000 12 231
56.010000 13 231
56.010000 14 193
56.010000 15 231
56.010000 16 191
56.010000 17 193
56.010000 18 193
56.010000 19 231
56.010000 20 231
56.010000 21 231
56.010000 22 231
57.010000 0 200
57.010000 1 240
57.010000 2 240
57.010000 3 240
57.010000 4 240
57.010000 5 240
57.010000 6 160
57.010000 7 240
57.010000 8 240
57.010000 9 240
57.010000 10 160
57.010000 11 240
57.010000 12 240
57.010000 13 240
57.010000 14 200
57.010000 15 240
57.010000 16 200
57.010000 17 200
57.010000 18 200
57.010000 19 240
57.010000 20 240
57.010000 21 240
57.010000 22 240
58.010000 0 201
58.010000 1 243
58.010000 2 243
58.010000 3 243
58.010000 4 243
58.010000 5 243
58.010000 6 162
58.010000 7 243
58.010000 8 243
58.010000 9 243
58.010000 10 163
58.010000 11 243
58.010000 12 243
58.010000 13 243
58.010000 14 201
58.010000 15 243
58.010000 16 203
58.010000 17 201
58.010000 18 201
58.010000 19 243
58.010000 20 243
58.010000 21 243
58.010000 22 243
59.010000 0 209
59.010000 1 249
59.010000 2 249
59.010000 3 249
59.010000 4 249
59.010000 5 249
59.010000 6 166
59.010000 7 249
59.010000 8 249
59.010000 9 249
59.010000 10 165
59.010000 11 249
59.010000 12 249
59.010000 13 249
59.010000 14 209
59.010000 15 249
59.010000 16 207
59.010000 17 209
59.010000 18 209
59.010000 19 249
59.010000 20 249
59.010000 21 249
59.010000 22 249
60.010000 0 200
60.010000 1 240
60.010000 2 240
60.010000 3 240
60.010000 4 240
60.010000 5 240
60.010000 6 160
60.010000 7 240
60.010000 8 240
60.010000 9 240
60.010000 10 160
60.010000 11 240
60.010000 12 240
60.010000 13 240
60.010000 14 200
60.010000 15 240
60.010000 16 200
60.010000 17 200
60.010000 18 200
60.010000 19 240
60.010000 20 240
60.010000 21 240
60.010000 22 240
61.010000 0 200
61.010000 1 240
61.010000 2 240
61.010000 3 240
61.010000 4 240
61.010000 5 240
61.010000 6 160
61.010000 7 240
61.010000 8 240
61.010000 9 240
61.010000 10 160
61.010000 11 240
61.010000 12 240
61.010000 13 240
61.010000 14 200
61.010000 15 240
61.010000 16 200
61.010000 17 200
61.010000 18 200
61.010000 19 240
61.010000 20 240
61.010000 21 240
61.010000 22 240
62.010000 0 191
62.010000 1 231
62.010000 2 231
62.010000 3 231
62.010000 4 231
62.010000 5 231
62.010000 6 154
62.010000 7 231
62.010000 8 231
62.010000 9 231
62.010000 10 155
62.010000 11 231
62.010000 12 231
62.010000 13 231
62.010000 14 191
62.010000 15 231
62.010000 16 193
62.010000 17 191
62.010000 18 191
62.010000 19 231
62.010000 20 231
62.010000 21 231
62.010000 22 231
63.010000 0 199
63.010000 1 237
63.010000 2 237
63.010000 3 237
63.010000 4 237
63.010000 5 237
63.010000 6 158
63.010000 7 237
63.010000 8 237
63.010000 9 237
63.010000 10 157
63.010000 11 237
63.010000 12 237
63.010000 13 237
63.010000 14 199
63.010000 15 237
63.010000 16 197
63.010000 17 199
63.010000 18 199
63.010000 19 237
63.010000 20 237
63.010000 21 237
63.010000 22 237
64.010000 0 200
64.010000 1 240
64.010000 2 240
64.010000 3 240
64.010000 4 240
64.010000 5 240
64.010000 6 160
64.010000 7 240
64.010000 8 240
64.010000 9 240
64.010000 10 160
64.010000 11 240
64.010000 12 240
64.010000 13 240
64.010000 14 200
64.010000 15 240
64.010000 16 200
64.010000 17 200
64.010000 18 200
64.010000 19 240
64.010000 20 240
64.010000 21 240
64.010000 22 240
65.010000 0 210
65.010000 1 252
65.010000 2 252
65.010000 3 252
65.010000 4 252
65.010000 5 252
65.010000 6 168
65.010000 7 252
65.010000 8 252
65.010000 9 252
65.010000 10 168
65.010000 11 252
65.010000 12 252
65.010000 13 252
65.010000 14 210
65.010000 15 252
65.010000 16 210
65.010000 17 210
65.010000 18 210
65.010000 19 252
65.010000 20 252
65.010000 21 252
65.010000 22 252
66.010000 0 200
66.010000 1 240
66.010000 2 240
66.010000 3 240
66.010000 4 240
66.010000 5 240
66.010000 6 160
66.010000 7 240
66.010000 8 240
66.010000 9 240
66.010000 10 160
66.010000 11 240
66.010000 12 240
66.010000 13 240
66.010000 14 200
66.010000 15 240
66.010000 16 200
66.010000 17 200
66.010000 18 200
66.010000 19 240
66.010000 20 240
66.010000 21 240
66.010000 22 240
67.010000 0 180
67.010000 1 216
67.010000 2 216
67.010000 3 216
67.010000 4 216
67.010000 5 216
67.010000 6 144
67.010000 7 216
67.010000 8 216
67.010000 9 216
67.010000 10 144
67.010000 11 216
67.010000 12 216
67.010000 13 216
67.010000 14 180
67.010000 15 216
67.010000 16 180
67.010000 17 180
67.010000 18 180
67.010000 19 216
67.010000 20 216
67.010000 21 216
67.010000 22 216
68.010000 0 200
68.010000 1 240
68.010000 2 240
68.010000 3 240
68.010000 4 240
68.010000 5 240
68.010000 6 160
68.010000 7 240
68.010000 8 240
68.010000 9 240
68.010000 10 160
68.010000 11 240
68.010000 12 240
68.010000 13 240
68.010000 14 200
68.010000 15 240
68.010000 16 200
68.010000 17 200
68.010000 18 200
68.010000 19 240
68.010000 20 240
68.010000 21 240
68.010000 22 240
69.010000 0 195
69.010000 1 235
69.010000 2 235
69.010000 3 235
69.010000 4 235
69.010000 5 235
69.010000 6 155
69.010000 7 235
69.010000 8 235
69.010000 9 235
69.010000 10 158
69.010000 11 235
69.010000 12 235
69.010000 13 235
69.010000 14 195
69.010000 15 235
69.010000 16 197
69.010000 17 195
69.010000 18 195
69.010000 19 235
69.010000 20 235
69.010000 21 235
69.010000 22 235
70.010000 0 195
70.010000 1 233
70.010000 2 233
70.010000 3 233
70.010000 4 233
70.010000 5 233
70.010000 6 157
70.010000 7 233
70.010000 8 233
70.010000 9 233
70.010000 10 154
70.010000 11 233
70.010000 12 233
70.010000 13 233
70.010000 14 195
70.010000 15 233
70.010000 16 193
70.010000 17 195
70.010000 18 195
70.010000 19 233
70.010000 20 233
70.010000 21 233
70.010000 22 233
71.010000 0 220
71.010000 1 264
71.010000 2 264
71.010000 3 264
71.010000 4 264
71.010000 5 264
71.010000 6 176
71.010000 7 264
71.010000 8 264
71.010000 9 264
71.010000 10 176
71.010000 11 264
71.010000 12 264
71.010000 13 264
71.010000 14 220
71.010000 15 264
71.010000 16 220
71.010000 17 220
71.010000 18 220
71.010000 19 264
71.010000 20 264
71.010000 21 264
71.010000 22 264
72.010000 0 230
72.010000 1 276
72.010000 2 276
72.010000 3 276
72.010000 4 276
72.010000 5 276
72.010000 6 184
72.010000 7 276
72.010000 8 276
72.010000 9 276
72.010000 10 184
72.010000 11 276
72.010000 12 276
72.010000 13 276
72.010000 14 230
72.010000 15 276
72.010000 16 230
72.010000 17 230
72.010000 18 230
72.010000 19 276
72.010000 20 276
72.010000 21 276
72.010000 22 276
73.010000 0 210
73.010000 1 252
73.010000 2 252
73.010000 3 252
73.010000 4 252
73.010000 5 252
73.010000 6 168
73.010000 7 252
73.010000 8 252
73.010000 9 252
73.010000 10 168
73.010000 11 252
73.010000 12 252
73.010000 13 252
73.010000 14 210
73.010000 15 252
73.010000 16 210
73.010000 17 210
73.010000 18 210
73.010000 19 252
73.010000 20 252
73.010000 21 252
73.010000 22 252
74.010000 0 190
74.010000 1 228
74.010000 2 228
74.010000 3 228
74.010000 4 228
74.010000 5 228
74.010000 6 152
74.010000 7 228
74.010000 8 228
74.010000 9 228
74.010000 10 152
74.010000 11 228
74.010000 12 228
74.010000 13 228
74.010000 14 190
74.010000 15 228
74.010000 16 190
74.010000 17 190
74.010000 18 190
74.010000 19 228
74.010000 20 228
74.010000 21 228
74.010000 22 228
75.010000 0 201
75.010000 1 243
75.010000 2 243
75.010000 3 243
75.010000 4 243
75.010000 5 243
75.010000 6 162
75.010000 7 243
75.010000 8 243
75.010000 9 243
75.010000 10 163
75.010000 11 243
75.010000 12 243
75.010000 13 243
75.010000 14 201
75.010000 15 243
75.010000 16 203
75.010000 17 201
75.010000 18 201
75.010000 19 243
75.010000 20 243
75.010000 21 243
75.010000 22 243
76.010000 0 204
76.010000 1 244
76.010000 2 244
76.010000 3 244
76.010000 4 244
76.010000 5 244
76.010000 6 161
76.010000 7 244
76.010000 8 244
76.010000 9 244
76.010000 10 163
76.010000 11 244
76.010000 12 244
76.010000 13 244
76.010000 14 204
76.010000 15 244
76.010000 16 204
76.010000 17 204
76.010000 18 204
76.010000 19 244
76.010000 20 244
76.010000 21 244
76.010000 22 244
77.010000 0 214
77.010000 1 256
77.010000 2 256
77.010000 3 256
77.010000 4 256
77.010000 5 256
77.010000 6 172
77.010000 7 256
77.010000 8 256
77.010000 9 256
77.010000 10 169
77.010000 11 256
77.010000 12 256
77.010000 13 256
77.010000 14 214
77.010000 15 256
77.010000 16 213
77.010000 17 214
77.010000 18 214
77.010000 19 256
77.010000 20 256
77.010000 21 256
77.010000 22 256
78.010000 0 191
78.010000 1 229
78.010000 2 229
78.010000 3 229
78.010000 4 229
78.010000 5 229
78.010000 6 153
78.010000 7 229
78.010000 8 229
78.010000 9 229
78.010000 10 153
78.010000 11 229
78.010000 12 229
78.010000 13 229
78.010000 14 191
78.010000 15 229
78.010000 16 190
78.010000 17 191
78.010000 18 191
78.010000 19 229
78.010000 20 229
78.010000 21 229
78.010000 22 229
79.010000 0 200
79.010000 1 240
79.010000 2 240
79.010000 3 240
79.010000 4 240
79.010000 5 240
79.010000 6 160
79.010000 7 240
79.010000 8 240
79.010000 9 240
79.010000 10 160
79.010000 11 240
79.010000 12 240
79.010000 13 240
79.010000 14 200
79.010000 15 240
79.010000 16 200
79.010000 17 200
79.010000 18 200
79.010000 19 240
79.010000 20 240
79.010000 21 240
79.010000 22 240
80.010000 0 200
80.010000 1 240
80.010000 2 240
80.010000 3 240
80.010000 4 240
80.010000 5 240
80.010000 6 160
80.010000 7 240
80.010000 8 240
80.010000 9 240
80.010000 10 160
80.010000 11 240
80.010000 12 240
80.010000 13 240
80.010000 14 200
80.010000 15 240
80.010000 16 200
80.010000 17 200
80.010000 18 200
80.010000 19 240
80.010000 20 240
80.010000 21 240
80.010000 22 240
81.010000 0 210
81.010000 1 252
81.010000 2 252
81.010000 3 252
81.010000 4 252
81.010000 5 252
81.010000 6 168
81.010000 7 252
81.010000 8 252
81.010000 9 252
81.010000 10 168
81.010000 11 252
81.010000 12 252
81.010000 13 252
81.010000 14 210
81.010000 15 252
81.010000 16 210
81.010000 17 210
81.010000 18 210
81.010000 19 252
81.010000 20 252
81.010000 21 252
81.010000 22 252
82.010000 0 181
82.010000 1 219
82.010000 2 219
82.010000 3 219
82.010000 4 219
82.010000 5 219
82.010000 6 146
82.010000 7 219
82.010000 8 219
82.010000 9 219
82.010000 10 147
82.010000 11 219
82.010000 12 219
82.010000 13 219
82.010000 14 181
82.010000 15 219
82.010000 16 183
82.010000 17 181
82.010000 18 181
82.010000 19 219
82.010000 20 219
82.010000 21 219
82.010000 22 219
83.010000 0 174
83.010000 1 208
83.010000 2 208
83.010000 3 208
83.010000 4 208
83.010000 5 208
83.010000 6 137
83.010000 7 208
83.010000 8 208
83.010000 9 208
83.010000 10 139
83.010000 11 208
83.010000 12 208
83.010000 13 208
83.010000 14 174
83.010000 15 208
83.010000 16 174
83.010000 17 174
83.010000 18 174
83.010000 19 208
83.010000 20 208
83.010000 21 208
83.010000 22 208
84.010000 0 190
84.010000 1 228
84.010000 2 228
84.010000 3 228
84.010000 4 228
84.010000 5 228
84.010000 6 152
84.010000 7 228
84.010000 8 228
84.010000 9 228
84.010000 10 152
84.010000 11 228
84.010000 12 228
84.010000 13 228
84.010000 14 190
84.010000 15 228
84.010000 16 190
84.010000 17 190
84.010000 18 190
84.010000 19 228
84.010000 20 228
84.010000 21 228
84.010000 22 228
85.010000 0 210
85.010000 1 252
85.010000 2 252
85.010000 3 252
85.010000 4 252
85.010000 5 252
85.010000 6 168
85.010000 7 252
85.010000 8 252
85.010000 9 252
85.010000 10 168
85.010000 11 252
85.010000 12 252
85.010000 13 252
85.010000 14 210
85.010000 15 252
85.010000 16 210
85.010000 17 210
85.010000 18 210
85.010000 19 252
85.010000 20 252
85.010000 21 252
85.010000 22 252
86.010000 0 182
86.010000 1 218
86.010000 2 218
86.010000 3 218
86.010000 4 218
86.010000 5 218
86.010000 6 146
86.010000 7 218
86.010000 8 218
86.010000 9 218
86.010000 10 144
86.010000 11 218
86.010000 12 218
86.010000 13 218
86.010000 14 182
86.010000 15 218
86.010000 16 182
86.010000 17 182
86.010000 18 182
86.010000 19 218
86.010000 20 218
86.010000 21 218
86.010000 22 218
87.010000 0 188
87.010000 1 226
87.010000 2 226
87.010000 3 226
87.010000 4 226
87.010000 5 226
87.010000 6 150
87.010000 7 226
87.010000 8 226
87.010000 9 226
87.010000 10 152
87.010000 11 226
87.010000 12 226
87.010000 13 226
87.010000 14 188
87.010000 15 226
87.010000 16 188
87.010000 17 188
87.010000 18 188
87.010000 19 226
87.010000 20 226
87.010000 21 226
87.010000 22 226
88.010000 0 205
88.010000 1 245
88.010000 2 245
88.010000 3 245
88.010000 4 245
88.010000 5 245
88.010000 6 165
88.010000 7 245
88.010000 8 245
88.010000 9 245
88.010000 10 162
88.010000 11 245
88.010000 12 245
88.010000 13 245
88.010000 14 205
88.010000 15 245
88.010000 16 203
88.010000 17 205
88.010000 18 205
88.010000 19 245
88.010000 20 245
88.010000 21 245
88.010000 22 245
89.010000 0 195
89.010000 1 235
89.010000 2 235
89.010000 3 235
89.010000 4 235
89.010000 5 235
89.010000 6 155
89.010000 7 235
89.010000 8 235
89.010000 9 235
89.010000 10 158
89.010000 11 235
89.010000 12 235
89.010000 13 235
89.010000 14 195
89.010000 15 235
89.010000 16 197
89.010000 17 195
89.010000 18 195
89.010000 19 235
89.010000 20 235
89.010000 21 235
89.010000 22 235
90.010000 0 205
90.010000 1 245
90.010000 2 245
90.010000 3 245
90.010000 4 245
90.010000 5 245
90.010000 6 165
90.010000 7 245
90.010000 8 245
90.010000 9 245
90.010000 10 162
90.010000 11 245
90.010000 12 245
90.010000 13 245
90.010000 14 205
90.010000 15 245
90.010000 16 203
90.010000 17 205
90.010000 18 205
90.010000 19 245
90.010000 20 245
90.010000 21 245
90.010000 22 245
91.010000 0 190
91.010000 1 228
91.010000 2 228
91.010000 3 228
91.010000 4 228
91.010000 5 228
91.010000 6 152
91.010000 7 228
91.010000 8 228
91.010000 9 228
91.010000 10 152
91.010000 11 228
91.010000 12 228
91.010000 13 228
91.010000 14 190
91.010000 15 228
91.010000 16 190
91.010000 17 190
91.010000 18 190
91.010000 19 228
91.010000 20 228
91.010000 21 228
91.010000 22 228
92.010000 0 200
92.010000 1 240
92.010000 2 240
92.010000 3 240
92.010000 4 240
92.010000 5 240
92.010000 6 160
92.010000 7 240
92.010000 8 240
92.010000 9 240
92.010000 10 160
92.010000 11 240
92.010000 12 240
92.010000 13 240
92.010000 14 200
92.010000 15 240
92.010000 16 200
92.010000 17 200
92.010000 18 200
92.010000 19 240
92.010000 20 240
92.010000 21 240
92.010000 22 240
93.010000 0 205
93.010000 1 247
93.010000 2 247
93.010000 3 247
93.010000 4 247
93.010000 5 247
93.010000 6 163
93.010000 7 247
93.010000 8 247
93.010000 9 247
93.010000 10 166
93.010000 11 247
93.010000 12 247
93.010000 13 247
93.010000 14 205
93.010000 15 247
93.010000 16 207
93.010000 17 205
93.010000 18 205
93.010000 19 247
93.010000 20 247
93.010000 21 247
93.010000 22 247
94.010000 0 185
94.010000 1 221
94.010000 2 221
94.010000 3 221
94.010000 4 221
94.010000 5 221
94.010000 6 149
94.010000 7 221
94.010000 8 221
94.010000 9 221
94.010000 10 146
94.010000 11 221
94.010000 12 221
94.010000 13 221
94.010000 14 185
94.010000 15 221
94.010000 16 183
94.010000 17 185
94.010000 18 185
94.010000 19 221
94.010000 20 221
94.010000 21 221
94.010000 22 221
95.010000 0 201
95.010000 1 243
95.010000 2 243
95.010000 3 243
95.010000 4 243
95.010000 5 243
95.010000 6 162
95.010000 7 243
95.010000 8 243
95.010000 9 243
95.010000 10 163
95.010000 11 243
95.010000 12 243
95.010000 13 243
95.010000 14 201
95.010000 15 243
95.010000 16 203
95.010000 17 201
95.010000 18 201
95.010000 19 243
95.010000 20 243
95.010000 21 243
95.010000 22 243
96.010000 0 219
96.010000 1 261
96.010000 2 261
96.010000 3 261
96.010000 4 261
96.010000 5 261
96.010000 6 174
96.010000 7 261
96.010000 8 261
96.010000 9 261
96.010000 10 173
96.010000 11 261
96.010000 12 261
96.010000 13 261
96.010000 14 219
96.010000 15 261
96.010000 16 217
96.010000 17 219
96.010000 18 219
96.010000 19 261
96.010000 20 261
96.010000 21 261
96.010000 22 261
97.010000 0 200
97.010000 1 240
97.010000 2 240
97.010000 3 240
97.010000 4 240
97.010000 5 240
97.010000 6 160
97.010000 7 240
97.010000 8 240
97.010000 9 240
97.010000 10 160
97.010000 11 240
97.010000 12 240
97.010000 13 240
97.010000 14 200
97.010000 15 240
97.010000 16 200
97.010000 17 200
97.010000 18 200
97.010000 19 240
97.010000 20 240
97.010000 21 240
97.010000 22 240
98.010000 0 210
98.010000 1 252
98.010000 2 252
98.010000 3 252
98.010000 4 252
98.010000 5 252
98.010000 6 168
98.010000 7 252
98.010000 8 252
98.010000 9 252
98.010000 10 168
98.010000 11 252
98.010000 12 252
98.010000 13 252
98.010000 14 210
98.010000 15 252
98.010000 16 210
98.010000 17 210
98.010000 18 210
98.010000 19 252
98.010000 20 252
98.010000 21 252
98.010000 22 252
99.010000 0 205
99.010000 1 247
99.010000 2 247
99.010000 3 247
99.010000 4 247
99.010000 5 247
99.010000 6 163
99.010000 7 247
99.010000 8 247
99.010000 9 247
99.010000 10 166
99.010000 11 247
99.010000 12 247
99.010000 13 247
99.010000 14 205
99.010000 15 247
99.010000 16 207
99.010000 17 205
99.010000 18 205
99.010000 19 247
99.010000 20 247
99.010000 21 247
99.010000 22 247
100.010000 0 214
100.010000 1 256
100.010000 2 256
100.010000 3 256
100.010000 4 256
100.010000 5 256
100.010000 6 172
100.010000 7 256
100.010000 8 256
100.010000 9 256
100.010000 10 169
100.010000 11 256
100.010000 12 256
100.010000 13 256
100.010000 14 214
100.010000 15 256
100.010000 16 213
100.010000 17 214
100.010000 18 214
100.010000 19 256
100.010000 20 256
100.010000 21 256
100.010000 22 256
101.010000 0 182
101.010000 1 220
101.010000 2 220
101.010000 3 220
101.010000 4 220
101.010000 5 220
101.010000 6 147
101.010000 7 220
101.010000 8 220
101.010000 9 220
101.010000 10 148
101.010000 11 220
101.010000 12 220
101.010000 13 220
101.010000 14 182
101.010000 15 220
101.010000 16 183
101.010000 17 182
101.010000 18 182
101.010000 19 220
101.010000 20 220
101.010000 21 220
101.010000 22 220
102.010000 0 189
102.010000 1 225
102.010000 2 225
102.010000 3 225
102.010000 4 225
102.010000 5 225
102.010000 6 150
102.010000 7 225
102.010000 8 225
102.010000 9 225
102.010000 10 149
102.010000 11 225
102.010000 12 225
102.010000 13 225
102.010000 14 189
102.010000 15 225
102.010000 16 187
102.010000 17 189
102.010000 18 189
102.010000 19 225
102.010000 20 225
102.010000 21 225
102.010000 22 225
103.010000 0 171
103.010000 1 207
103.010000 2 207
103.010000 3 207
103.010000 4 207
103.010000 5 207
103.010000 6 138
103.010000 7 207
103.010000 8 207
103.010000 9 207
103.010000 10 139
103.010000 11 207
103.010000 12 207
103.010000 13 207
103.010000 14 171
103.010000 15 207
103.010000 16 173
103.010000 17 171
103.010000 18 171
103.010000 19 207
103.010000 20 207
103.010000 21 207
103.010000 22 207
104.010000 0 221
104.010000 1 265
104.010000 2 265
104.010000 3 265
104.010000 4 265
104.010000 5 265
104.010000 6 176
104.010000 7 265
104.010000 8 265
104.010000 9 265
104.010000 10 177
104.010000 11 265
104.010000 12 265
104.010000 13 265
104.010000 14 221
104.010000 15 265
104.010000 16 221
104.010000 17 221
104.010000 18 221
104.010000 19 265
104.010000 20 265
104.010000 21 265
104.010000 22 265
105.010000 0 218
105.010000 1 260
105.010000 2 260
105.010000 3 260
105.010000 4 260
105.010000 5 260
105.010000 6 174
105.010000 7 260
105.010000 8 260
105.010000 9 260
105.010000 10 172
105.010000 11 260
105.010000 12 260
105.010000 13 260
105.010000 14 218
105.010000 15 260
105.010000 16 216
105.010000 17 218
105.010000 18 218
105.010000 19 260
105.010000 20 260
105.010000 21 260
105.010000 22 260
106.010000 0 210
106.010000 1 252
106.010000 2 252
106.010000 3 252
106.010000 4 252
106.010000 5 252
106.010000 6 168
106.010000 7 252
106.010000 8 252
106.010000 9 252
106.010000 10 168
106.010000 11 252
106.010000 12 252
106.010000 13 252
106.010000 14 210
106.010000 15 252
106.010000 16 210
106.010000 17 210
106.010000 18 210
106.010000 19 252
106.010000 20 252
106.010000 21 252
106.010000 22 252
107.010000 0 200
107.010000 1 240
107.010000 2 240
107.010000 3 240
107.010000 4 240
107.010000 5 240
107.010000 6 160
107.010000 7 240
107.010000 8 240
107.010000 9 240
107.010000 10 160
107.010000 11 240
107.010000 12 240
107.010000 13 240
107.010000 14 200
107.010000 15 240
107.010000 16 200
107.010000 17 200
107.010000 18 200
107.010000 19 240
107.010000 20 240
107.010000 21 240
107.010000 22 240
108.010000 0 190
108.010000 1 228
108.010000 2 228
108.010000 3 228
108.010000 4 228
108.010000 5 228
108.010000 6 152
108.010000 7 228
108.010000 8 228
108.010000 9 228
108.010000 10 152
108.010000 11 228
108.010000 12 228
108.010000 13 228
108.010000 14 190
108.010000 15 228
108.010000 16 190
108.010000 17 190
108.010000 18 190
108.010000 19 228
108.010000 20 228
108.010000 21 228
108.010000 22 228
109.010000 0 175
109.010000 1 211
109.010000 2 211
109.010000 3 211
109.010000 4 211
109.010000 5 211
109.010000 6 139
109.010000 7 211
109.010000 8 211
109.010000 9 211
109.010000 10 142
109.010000 11 211
109.010000 12 211
109.010000 13 211
109.010000 14 175
109.010000 15 211
109.010000 16 177
109.010000 17 175
109.010000 18 175
109.010000 19 211
109.010000 20 211
109.010000 21 211
109.010000 22 211
110.010000 0 185
110.010000 1 221
110.010000 2 221
110.010000 3 221
110.010000 4 221
110.010000 5 221
110.010000 6 149
110.010000 7 221
110.010000 8 221
110.010000 9 221
110.010000 10 146
110.010000 11 221
110.010000 12 221
110.010000 13 221
110.010000 14 185
110.010000 15 221
110.010000 16 183
110.010000 17 185
110.010000 18 185
110.010000 19 221
110.010000 20 221
110.010000 21 221
110.010000 22 221
111.010000 0 211
111.010000 1 255
111.010000 2 255
111.010000 3 255
111.010000 4 255
111.010000 5 255
111.010000 6 170
111.010000 7 255
111.010000 8 255
111.010000 9 255
111.010000 10 171
111.010000 11 255
111.010000 12 255
111.010000 13 255
111.010000 14 211
111.010000 15 255
111.010000 16 213
111.010000 17 211
111.010000 18 211
111.010000 19 255
111.010000 20 255
111.010000 21 255
111.010000 22 255
112.010000 0 219
112.010000 1 261
112.010000 2 261
112.010000 3 261
112.010000 4 261
112.010000 5 261
112.010000 6 174
112.010000 7 261
112.010000 8 261
112.010000 9 261
112.010000 10 173
112.010000 11 261
112.010000 12 261
112.010000 13 261
112.010000 14 219
112.010000 15 261
112.010000 16 217
112.010000 17 219
112.010000 18 219
112.010000 19 261
112.010000 20 261
112.010000 21 261
112.010000 22 261
113.010000 0 202
113.010000 1 244
113.010000 2 244
113.010000 3 244
113.010000 4 244
113.010000 5 244
113.010000 6 162
113.010000 7 244
113.010000 8 244
113.010000 9 244
113.010000 10 164
113.010000 11 244
113.010000 12 244
113.010000 13 244
113.010000 14 202
113.010000 15 244
113.010000 16 204
113.010000 17 202
113.010000 18 202
113.010000 19 244
113.010000 20 244
113.010000 21 244
113.010000 22 244
114.010000 0 208
114.010000 1 248
114.010000 2 248
114.010000 3 248
114.010000 4 248
114.010000 5 248
114.010000 6 166
114.010000 7 248
114.010000 8 248
114.010000 9 248
114.010000 10 164
114.010000 11 248
114.010000 12 248
114.010000 13 248
114.010000 14 208
114.010000 15 248
114.010000 16 206
114.010000 17 208
114.010000 18 208
114.010000 19 248
114.010000 20 248
114.010000 21 248
114.010000 22 248
115.010000 0 190
115.010000 1 228
115.010000 2 228
115.010000 3 228
115.010000 4 228
115.010000 5 228
115.010000 6 152
115.010000 7 228
115.010000 8 228
115.010000 9 228
115.010000 10 152
115.010000 11 228
115.010000 12 228
115.010000 13 228
115.010000 14 190
115.010000 15 228
115.010000 16 190
115.010000 17 190
115.010000 18 190
115.010000 19 228
115.010000 20 228
115.010000 21 228
115.010000 22 228
116.010000 0 180
116.010000 1 216
116.010000 2 216
116.010000 3 216
116.010000 4 216
116.010000 5 216
116.010000 6 144
116.010000 7 216
116.010000 8 216
116.010000 9 216
116.010000 10 144
116.010000 11 216
116.010000 12 216
116.010000 13 216
116.010000 14 180
116.010000 15 216
116.010000 16 180
116.010000 17 180
116.010000 18 180
116.010000 19 216
116.010000 20 216
116.010000 21 216
116.010000 22 216
117.010000 0 201
117.010000 1 243
117.010000 2 243
117.010000 3 243
117.010000 4 243
117.010000 5 243
117.010000 6 162
117.010000 7 243
117.010000 8 243
117.010000 9 243
117.010000 10 163
117.010000 11 243
117.010000 12 243
117.010000 13 243
117.010000 14 201
117.010000 15 243
117.010000 16 203
117.010000 17 201
117.010000 18 201
117.010000 19 243
117.010000 20 243
117.010000 21 243
117.010000 22 243
118.010000 0 209
118.010000 1 249
118.010000 2 249
118.010000 3 249
118.010000 4 249
118.010000 5 249
118.010000 6 166
118.010000 7 249
118.010000 8 249
118.010000 9 249
118.010000 10 165
118.010000 11 249
118.010000 12 249
118.010000 13 249
118.010000 14 209
118.010000 15 249
118.010000 16 207
118.010000 17 209
118.010000 18 209
118.010000 19 249
118.010000 20 249
118.010000 21 249
118.010000 22 249
119.010000 0 199
119.010000 1 239
119.010000 2 239
119.010000 3 239
119.010000 4 239
119.010000 5 239
119.010000 6 159
119.010000 7 239
119.010000 8 239
119.010000 9 239
119.010000 10 159
119.010000 11 239
119.010000 12 239
119.010000 13 239
119.010000 14 199
119.010000 15 239
119.010000 16 200
119.010000 17 199
119.010000 18 199
119.010000 19 239
119.010000 20 239
119.010000 21 239
119.010000 22 239
120.010000 0 191
120.010000 1 229
120.010000 2 229
120.010000 3 229
120.010000 4 229
120.010000 5 229
120.010000 6 153
120.010000 7 229
120.010000 8 229
120.010000 9 229
120.010000 10 153
120.010000 11 229
120.010000 12 229
120.010000 13 229
120.010000 14 191
120.010000 15 229
120.010000 16 190
120.010000 17 191
120.010000 18 191
120.010000 19 229
120.010000 20 229
120.010000 21 229
120.010000 22 229
121.010000 0 200
121.010000 1 240
121.010000 2 240
121.010000 3 240
121.010000 4 240
121.010000 5 240
121.010000 6 160
121.010000 7 240
121.010000 8 240
121.010000 9 240
121.010000 10 160
121.010000 11 240
121.010000 12 240
121.010000 13 240
121.010000 14 200
121.010000 15 240
121.010000 16 200
121.010000 17 200
121.010000 18 200
121.010000 19 240
121.010000 20 240
121.010000 21 240
121.010000 22 240
122.010000 0 210
122.010000 1 252
122.010000 2 252
122.010000 3 252
122.010000 4 252
122.010000 5 252
122.010000 6 168
122.010000 7 252
122.010000 8 252
122.010000 9 252
122.010000 10 168
122.010000 11 252
122.010000 12 252
122.010000 13 252
122.010000 14 210
122.010000 15 252
122.010000 16 210
122.010000 17 210
122.010000 18 210
122.010000 19 252
122.010000 20 252
122.010000 21 252
122.010000 22 252
123.010000 0 210
123.010000 1 252
123.010000 2 252
123.010000 3 252
123.010000 4 252
123.010000 5 252
123.010000 6 168
123.010000 7 252
123.010000 8 252
123.010000 9 252
123.010000 10 168
123.010000 11 252
123.010000 12 252
123.010000 13 252
123.010000 14 210
123.010000 15 252
123.010000 16 210
123.010000 17 210
123.010000 18 210
123.010000 19 252
123.010000 20 252
123.010000 21 252
123.010000 22 252
124.010000 0 209
124.010000 1 251
124.010000 2 251
124.010000 3 251
124.010000 4 251
124.010000 5 251
124.010000 6 167
124.010000 7 251
124.010000 8 251
124.010000 9 251
124.010000 10 167
124.010000 11 251
124.010000 12 251
124.010000 13 251
124.010000 14 209
124.010000 15 251
124.010000 16 210
124.010000 17 209
124.010000 18 209
124.010000 19 251
124.010000 20 251
124.010000 21 251
124.010000 22 251
125.010000 0 186
125.010000 1 224
125.010000 2 224
125.010000 3 224
125.010000 4 224
125.010000 5 224
125.010000 6 148
125.010000 7 224
125.010000 8 224
125.010000 9 224
125.010000 10 151
125.010000 11 224
125.010000 12 224
125.010000 13 224
125.010000 14 186
125.010000 15 224
125.010000 16 187
125.010000 17 186
125.010000 18 186
125.010000 19 224
125.010000 20 224
125.010000 21 224
125.010000 22 224
126.010000 0 215
126.010000 1 257
126.010000 2 257
126.010000 3 257
126.010000 4 257
126.010000 5 257
126.010000 6 173
126.010000 7 257
126.010000 8 257
126.010000 9 257
126.010000 10 170
126.010000 11 257
126.010000 12 257
126.010000 13 257
126.010000 14 215
126.010000 15 257
126.010000 16 213
126.010000 17 215
126.010000 18 215
126.010000 19 257
126.010000 20 257
126.010000 21 257
126.010000 22 257
127.010000 0 190
127.010000 1 228
127.010000 2 228
127.010000 3 228
127.010000 4 228
127.010000 5 228
127.010000 6 152
127.010000 7 228
127.010000 8 228
127.010000 9 228
127.010000 10 152
127.010000 11 228
127.010000 12 228
127.010000 13 228
127.010000 14 190
127.010000 15 228
127.010000 16 190
127.010000 17 190
127.010000 18 190
127.010000 19 228
127.010000 20 228
127.010000 21 228
127.010000 22 228
128.010000 0 200
128.010000 1 240
128.010000 2 240
128.010000 3 240
128.010000 4 240
128.010000 5 240
128.010000 6 160
128.010000 7 240
128.010000 8 240
128.010000 9 240
128.010000 10 160
128.010000 11 240
128.010000 12 240
128.010000 13 240
128.010000 14 200
128.010000 15 240
128.010000 16 200
128.010000 17 200
128.010000 18 200
128.010000 19 240
128.010000 20 240
128.010000 21 240
128.010000 22 240
129.010000 0 186
129.010000 1 224
129.010000 2 224
129.010000 3 224
129.010000 4 224
129.010000 5 224
129.010000 6 148
129.010000 7 224
129.010000 8 224
129.010000 9 224
129.010000 10 150
129.010000 11 224
129.010000 12 224
129.010000 13 224
129.010000 14 186
129.010000 15 224
129.010000 16 188
129.010000 17 186
129.010000 18 186
129.010000 19 224
129.010000 20 224
129.010000 21 224
129.010000 22 224
130.010000 0 209
130.010000 1 251
130.010000 2 251
130.010000 3 251
130.010000 4 251
130.010000 5 251
130.010000 6 167
130.010000 7 251
130.010000 8 251
130.010000 9 251
130.010000 10 168
130.010000 11 251
130.010000 12 251
130.010000 13 251
130.010000 14 209
130.010000 15 251
130.010000 16 209
130.010000 17 209
130.010000 18 209
130.010000 19 251
130.010000 20 251
130.010000 21 251
130.010000 22 251
131.010000 0 185
131.010000 1 221
131.010000 2 221
131.010000 3 221
131.010000 4 221
131.010000 5 221
131.010000 6 149
131.010000 7 221
131.010000 8 221
131.010000 9 221
131.010000 10 146
131.010000 11 221
131.010000 12 221
131.010000 13 221
131.010000 14 185
131.010000 15 221
131.010000 16 183
131.010000 17 185
131.010000 18 185
131.010000 19 221
131.010000 20 221
131.010000 21 221
131.010000 22 221
132.010000 0 210
132.010000 1 252
132.010000 2 252
132.010000 3 252
132.010000 4 252
132.010000 5 252
132.010000 6 168
132.010000 7 252
132.010000 8 252
132.010000 9 252
132.010000 10 168
132.010000 11 252
132.010000 12 252
132.010000 13 252
132.010000 14 210
132.010000 15 252
132.010000 16 210
132.010000 17 210
132.010000 18 210
132.010000 19 252
132.010000 20 252
132.010000 21 252
132.010000 22 252
133.010000 0 180
133.010000 1 216
133.010000 2 216
133.010000 3 216
133.010000 4 216
133.010000 5 216
133.010000 6 144
133.010000 7 216
133.010000 8 216
133.010000 9 216
133.010000 10 144
133.010000 11 216
133.010000 12 216
133.010000 13 216
133.010000 14 180
133.010000 15 216
133.010000 16 180
133.010000 17 180
133.010000 18 180
133.010000 19 216
133.010000 20 216
133.010000 21 216
133.010000 22 216
134.010000 0 190
134.010000 1 228
134.010000 2 228
134.010000 3 228
134.010000 4 228
134.010000 5 228
134.010000 6 152
134.010000 7 228
134.010000 8 228
134.010000 9 228
134.010000 10 152
134.010000 11 228
134.010000 12 228
134.010000 13 228
134.010000 14 190
134.010000 15 228
134.010000 16 190
134.010000 17 190
134.010000 18 190
134.010000 19 228
134.010000 20 228
134.010000 21 228
134.010000 22 228
135.010000 0 190
135.010000 1 228
135.010000 2 228
135.010000 3 228
135.010000 4 228
135.010000 5 228
135.010000 6 152
135.010000 7 228
135.010000 8 228
135.010000 9 228
135.010000 10 152
135.010000 11 228
135.010000 12 228
135.010000 13 228
135.010000 14 190
135.010000 15 228
135.010000 16 190
135.010000 17 190
135.010000 18 190
135.010000 19 228
135.010000 20 228
135.010000 21 228
135.010000 22 228
136.010000 0 215
136.010000 1 259
136.010000 2 259
136.010000 3 259
136.010000 4 259
136.010000 5 259
136.010000 6 171
136.010000 7 259
136.010000 8 259
136.010000 9 259
136.010000 10 174
136.010000 11 259
136.010000 12 259
136.010000 13 259
136.010000 14 215
136.010000 15 259
136.010000 16 217
136.010000 17 215
136.010000 18 215
136.010000 19 259
136.010000 20 259
136.010000 21 259
136.010000 22 259
137.010000 0 212
137.010000 1 254
137.010000 2 254
137.010000 3 254
137.010000 4 254
137.010000 5 254
137.010000 6 170
137.010000 7 254
137.010000 8 254
137.010000 9 254
137.010000 10 168
137.010000 11 254
137.010000 12 254
137.010000 13 254
137.010000 14 212
137.010000 15 254
137.010000 16 212
137.010000 17 212
137.010000 18 212
137.010000 19 254
137.010000 20 254
137.010000 21 254
137.010000 22 254
138.010000 0 201
138.010000 1 241
138.010000 2 241
138.010000 3 241
138.010000 4 241
138.010000 5 241
138.010000 6 161
138.010000 7 241
138.010000 8 241
138.010000 9 241
138.010000 10 161
138.010000 11 241
138.010000 12 241
138.010000 13 241
138.010000 14 201
138.010000 15 241
138.010000 16 200
138.010000 17 201
138.010000 18 201
138.010000 19 241
138.010000 20 241
138.010000 21 241
138.010000 22 241
139.010000 0 192
139.010000 1 230
139.010000 2 230
139.010000 3 230
139.010000 4 230
139.010000 5 230
139.010000 6 154
139.010000 7 230
139.010000 8 230
139.010000 9 230
139.010000 10 153
139.010000 11 230
139.010000 12 230
139.010000 13 230
139.010000 14 192
139.010000 15 230
139.010000 16 191
139.010000 17 192
139.010000 18 192
139.010000 19 230
139.010000 20 230
139.010000 21 230
139.010000 22 230
140.010000 0 200
140.010000 1 240
140.010000 2 240
140.010000 3 240
140.010000 4 240
140.010000 5 240
140.010000 6 160
140.010000 7 240
140.010000 8 240
140.010000 9 240
140.010000 10 160
140.010000 11 240
140.010000 12 240
140.010000 13 240
140.010000 14 200
140.010000 15 240
140.010000 16 200
140.010000 17 200
140.010000 18 200
140.010000 19 240
140.010000 20 240
140.010000 21 240
140.010000 22 240
141.010000 0 199
141.010000 1 239
141.010000 2 239
141.010000 3 239
141.010000 4 239
141.010000 5 239
141.010000 6 159
141.010000 7 239
141.010000 8 239
141.010000 9 239
141.010000 10 159
141.010000 11 239
141.010000 12 239
141.010000 13 239
141.010000 14 199
141.010000 15 239
141.010000 16 200
141.010000 17 199
141.010000 18 199
141.010000 19 239
141.010000 20 239
141.010000 21 239
141.010000 22 239
142.010000 0 201
142.010000 1 241
142.010000 2 241
142.010000 3 241
142.010000 4 241
142.010000 5 241
142.010000 6 161
142.010000 7 241
142.010000 8 241
142.010000 9 241
142.010000 10 161
142.010000 11 241
142.010000 12 241
142.010000 13 241
142.010000 14 201
142.010000 15 241
142.010000 16 200
142.010000 17 201
142.010000 18 201
142.010000 19 241
142.010000 20 241
142.010000 21 241
142.010000 22 241
143.010000 0 231
143.010000 1 279
143.010000 2 279
143.010000 3 279
143.010000 4 279
143.010000 5 279
143.010000 6 186
143.010000 7 279
143.010000 8 279
143.010000 9 279
143.010000 10 187
143.010000 11 279
143.010000 12 279
143.010000 13 279
143.010000 14 231
143.010000 15 279
143.010000 16 233
143.010000 17 231
143.010000 18 231
143.010000 19 279
143.010000 20 279
143.010000 21 279
143.010000 22 279
144.010000 0 189
144.010000 1 225
144.010000 2 225
144.010000 3 225
144.010000 4 225
144.010000 5 225
144.010000 6 150
144.010000 7 225
144.010000 8 225
144.010000 9 225
144.010000 10 149
144.010000 11 225
144.010000 12 225
144.010000 13 225
144.010000 14 189
144.010000 15 225
144.010000 16 187
144.010000 17 189
144.010000 18 189
144.010000 19 225
144.010000 20 225
144.010000 21 225
144.010000 22 225
145.010000 0 191
145.010000 1 230
145.010000 2 230
145.010000 3 230
145.010000 4 230
145.010000 5 230
145.010000 6 153
145.010000 7 230
145.010000 8 230
145.010000 9 230
145.010000 10 154
145.010000 11 230
145.010000 12 230
145.010000 13 230
145.010000 14 191
145.010000 15 230
145.010000 16 192
145.010000 17 191
145.010000 18 191
145.010000 19 230
145.010000 20 230
145.010000 21 230
145.010000 22 230
146.010000 0 189
146.010000 1 226
146.010000 2 226
146.010000 3 226
146.010000 4 226
146.010000 5 226
146.010000 6 151
146.010000 7 226
146.010000 8 226
146.010000 9 226
146.010000 10 150
146.010000 11 226
146.010000 12 226
146.010000 13 226
146.010000 14 189
146.010000 15 226
146.010000 16 188
146.010000 17 189
146.010000 18 189
146.010000 19 226
146.010000 20 226
146.010000 21 226
146.010000 22 226
147.010000 0 170
147.010000 1 204
147.010000 2 204
147.010000 3 204
147.010000 4 204
147.010000 5 204
147.010000 6 136
147.010000 7 204
147.010000 8 204
147.010000 9 204
147.010000 10 136
147.010000 11 204
147.010000 12 204
147.010000 13 204
147.010000 14 170
147.010000 15 204
147.010000 16 170
147.010000 17 170
147.010000 18 170
147.010000 19 204
147.010000 20 204
147.010000 21 204
147.010000 22 204
148.010000 0 191
148.010000 1 231
148.010000 2 231
148.010000 3 231
148.010000 4 231
148.010000 5 231
148.010000 6 154
148.010000 7 231
148.010000 8 231
148.010000 9 231
148.010000 10 155
148.010000 11 231
148.010000 12 231
148.010000 13 231
148.010000 14 191
148.010000 15 231
148.010000 16 193
148.010000 17 191
148.010000 18 191
148.010000 19 231
148.010000 20 231
148.010000 21 231
148.010000 22 231
149.010000 0 199
149.010000 1 237
149.010000 2 237
149.010000 3 237
149.010000 4 237
149.010000 5 237
149.010000 6 158
149.010000 7 237
149.010000 8 237
149.010000 9 237
149.010000 10 157
149.010000 11 237
149.010000 12 237
149.010000 13 237
149.010000 14 199
149.010000 15 237
149.010000 16 197
149.010000 17 199
149.010000 18 199
149.010000 19 237
149.010000 20 237
149.010000 21 237
149.010000 22 237
