0.010000 0 25
0.010000 1 25
0.010000 2 4
0.010000 3 25
0.010000 4 25
0.010000 5 17
0.010000 6 25
0.010000 7 25
0.010000 8 25
0.010000 9 24
0.010000 10 25
0.010000 11 25
0.010000 12 14
0.010000 13 25
0.010000 14 25
0.010000 15 11
0.010000 16 25
0.010000 17 25
0.010000 18 25
0.010000 19 14
0.010000 20 25
0.010000 21 25
0.010000 22 25
1.010000 0 1078
1.010000 1 1221
1.010000 2 1099
1.010000 3 1177
1.010000 4 1210
1.010000 5 1169
1.010000 6 1225
1.010000 7 1165
1.010000 8 1206
1.010000 9 1191
1.010000 10 1153
1.010000 11 1204
1.010000 12 1194
1.010000 13 1176
1.010000 14 1180
1.010000 15 1149
1.010000 16 1178
1.010000 17 1156
1.010000 18 1174
1.010000 19 1176
1.010000 20 1186
1.010000 21 1191
1.010000 22 1173
2.010000 0 666
2.010000 1 752
2.010000 2 668
2.010000 3 720
2.010000 4 733
2.010000 5 729
2.010000 6 732
2.010000 7 724
2.010000 8 737
2.010000 9 744
2.010000 10 710
2.010000 11 722
2.010000 12 718
2.010000 13 720
2.010000 14 734
2.010000 15 711
2.010000 16 735
2.010000 17 700
2.010000 18 712
2.010000 19 720
2.010000 20 748
2.010000 21 728
2.010000 22 740
3.010000 0 915
3.010000 1 1063
3.010000 2 966
3.010000 3 1001
3.010000 4 1047
3.010000 5 1041
3.010000 6 1042
3.010000 7 1027
3.010000 8 1056
3.010000 9 1041
3.010000 10 1016
3.010000 11 1030
3.010000 12 1036
3.010000 13 987
3.010000 14 1027
3.010000 15 1030
3.010000 16 1032
3.010000 17 988
3.010000 18 1019
3.010000 19 1033
3.010000 20 1007
3.010000 21 1025
3.010000 22 994
4.010000 0 680
4.010000 1 756
4.010000 2 671
4.010000 3 745
4.010000 4 744
4.010000 5 730
4.010000 6 753
4.010000 7 735
4.010000 8 746
4.010000 9 767
4.010000 10 754
4.010000 11 744
4.010000 12 730
4.010000 13 731
4.010000 14 734
4.010000 15 706
4.010000 16 741
4.010000 17 730
4.010000 18 731
4.010000 19 724
4.010000 20 735
4.010000 21 738
4.010000 22 735
5.010000 0 860
5.010000 1 948
5.010000 2 844
5.010000 3 928
5.010000 4 927
5.010000 5 913
5.010000 6 933
5.010000 7 913
5.010000 8 929
5.010000 9 912
5.010000 10 873
5.010000 11 929
5.010000 12 914
5.010000 13 909
5.010000 14 922
5.010000 15 896
5.010000 16 925
5.010000 17 917
5.010000 18 914
5.010000 19 912
5.010000 20 919
5.010000 21 917
5.010000 22 913
6.010000 0 775
6.010000 1 882
6.010000 2 791
6.010000 3 843
6.010000 4 869
6.010000 5 847
6.010000 6 881
6.010000 7 851
6.010000 8 868
6.010000 9 866
6.010000 10 843
6.010000 11 863
6.010000 12 862
6.010000 13 849
6.010000 14 852
6.010000 15 838
6.010000 16 859
6.010000 17 827
6.010000 18 846
6.010000 19 854
6.010000 20 854
6.010000 21 844
6.010000 22 850
7.010000 0 697
7.010000 1 799
7.010000 2 713
7.010000 3 778
7.010000 4 784
7.010000 5 768
7.010000 6 793
7.010000 7 776
7.010000 8 786
7.010000 9 790
7.010000 10 761
7.010000 11 782
7.010000 12 774
7.010000 13 779
7.010000 14 766
7.010000 15 751
7.010000 16 779
7.010000 17 760
7.010000 18 765
7.010000 19 771
7.010000 20 772
7.010000 21 786
7.010000 22 770
8.010000 0 783
8.010000 1 903
8.010000 2 829
8.010000 3 870
8.010000 4 886
8.010000 5 875
8.010000 6 893
8.010000 7 870
8.010000 8 888
8.010000 9 891
8.010000 10 865
8.010000 11 881
8.010000 12 876
8.010000 13 880
8.010000 14 857
8.010000 15 858
8.010000 16 881
8.010000 17 853
8.010000 18 870
8.010000 19 888
8.010000 20 877
8.010000 21 852
8.010000 22 867
9.010000 0 746
9.010000 1 818
9.010000 2 732
9.010000 3 802
9.010000 4 786
9.010000 5 784
9.010000 6 817
9.010000 7 796
9.010000 8 810
9.010000 9 818
9.010000 10 789
9.010000 11 806
9.010000 12 781
9.010000 13 793
9.010000 14 812
9.010000 15 751
9.010000 16 806
9.010000 17 785
9.010000 18 796
9.010000 19 794
9.010000 20 805
9.010000 21 824
9.010000 22 795
10.010000 0 765
10.010000 1 841
10.010000 2 736
10.010000 3 819
10.010000 4 827
10.010000 5 811
10.010000 6 832
10.010000 7 812
10.010000 8 837
10.010000 9 827
10.010000 10 806
10.010000 11 828
10.010000 12 819
10.010000 13 811
10.010000 14 813
10.010000 15 799
10.010000 16 822
10.010000 17 800
10.010000 18 819
10.010000 19 801
10.010000 20 818
10.010000 21 815
10.010000 22 817
11.010000 0 767
11.010000 1 895
11.010000 2 822
11.010000 3 860
11.010000 4 880
11.010000 5 867
11.010000 6 887
11.010000 7 868
11.010000 8 878
11.010000 9 885
11.010000 10 854
11.010000 11 877
11.010000 12 886
11.010000 13 857
11.010000 14 847
11.010000 15 850
11.010000 16 874
11.010000 17 843
11.010000 18 859
11.010000 19 865
11.010000 20 870
11.010000 21 870
11.010000 22 865
12.010000 0 767
12.010000 1 869
12.010000 2 773
12.010000 3 836
12.010000 4 849
12.010000 5 837
12.010000 6 856
12.010000 7 843
12.010000 8 853
12.010000 9 854
12.010000 10 832
12.010000 11 862
12.010000 12 838
12.010000 13 836
12.010000 14 840
12.010000 15 818
12.010000 16 844
12.010000 17 818
12.010000 18 832
12.010000 19 836
12.010000 20 841
12.010000 21 841
12.010000 22 838
13.010000 0 833
13.010000 1 943
13.010000 2 836
13.010000 3 912
13.010000 4 925
13.010000 5 912
13.010000 6 934
13.010000 7 912
13.010000 8 932
13.010000 9 931
13.010000 10 907
13.010000 11 926
13.010000 12 902
13.010000 13 903
13.010000 14 910
13.010000 15 894
13.010000 16 919
13.010000 17 895
13.010000 18 909
13.010000 19 913
13.010000 20 930
13.010000 21 915
13.010000 22 890
14.010000 0 718
14.010000 1 820
14.010000 2 747
14.010000 3 791
14.010000 4 803
14.010000 5 793
14.010000 6 817
14.010000 7 793
14.010000 8 805
14.010000 9 829
14.010000 10 785
14.010000 11 800
14.010000 12 801
14.010000 13 788
14.010000 14 794
14.010000 15 767
14.010000 16 798
14.010000 17 779
14.010000 18 789
14.010000 19 786
14.010000 20 792
14.010000 21 798
14.010000 22 790
15.010000 0 800
15.010000 1 914
15.010000 2 820
15.010000 3 862
15.010000 4 887
15.010000 5 873
15.010000 6 891
15.010000 7 871
15.010000 8 889
15.010000 9 870
15.010000 10 866
15.010000 11 884
15.010000 12 886
15.010000 13 869
15.010000 14 872
15.010000 15 858
15.010000 16 885
15.010000 17 844
15.010000 18 869
15.010000 19 876
15.010000 20 876
15.010000 21 877
15.010000 22 872
16.010000 0 1163
16.010000 1 1092
16.010000 2 1016
16.010000 3 1230
16.010000 4 1226
16.010000 5 1212
16.010000 6 1239
16.010000 7 1139
16.010000 8 1234
16.010000 9 1243
16.010000 10 1216
16.010000 11 1236
16.010000 12 1089
16.010000 13 1219
16.010000 14 1236
16.010000 15 1056
16.010000 16 1234
16.010000 17 1214
16.010000 18 1217
16.010000 19 1076
16.010000 20 1231
16.010000 21 1187
16.010000 22 1222
17.010000 0 1092
17.010000 1 1061
17.010000 2 1075
17.010000 3 1144
17.010000 4 1161
17.010000 5 1158
17.010000 6 1176
17.010000 7 940
17.010000 8 1149
17.010000 9 1174
17.010000 10 1134
17.010000 11 1153
17.010000 12 1109
17.010000 13 1139
17.010000 14 1160
17.010000 15 1127
17.010000 16 1153
17.010000 17 1138
17.010000 18 1148
17.010000 19 1147
17.010000 20 1146
17.010000 21 1048
17.010000 22 1137
18.010000 0 1188
18.010000 1 1169
18.010000 2 1154
18.010000 3 1249
18.010000 4 1265
18.010000 5 1240
18.010000 6 1267
18.010000 7 1053
18.010000 8 1270
18.010000 9 1243
18.010000 10 1231
18.010000 11 1256
18.010000 12 1250
18.010000 13 1238
18.010000 14 1254
18.010000 15 1230
18.010000 16 1251
18.010000 17 1243
18.010000 18 1245
18.010000 19 1224
18.010000 20 1248
18.010000 21 1163
18.010000 22 1250
19.010000 0 1092
19.010000 1 1049
19.010000 2 1064
19.010000 3 1124
19.010000 4 1141
19.010000 5 1122
19.010000 6 1143
19.010000 7 901
19.010000 8 1143
19.010000 9 1134
19.010000 10 1117
19.010000 11 1136
19.010000 12 1125
19.010000 13 1118
19.010000 14 1132
19.010000 15 1108
19.010000 16 1154
19.010000 17 1115
19.010000 18 1145
19.010000 19 1125
19.010000 20 1135
19.010000 21 1011
19.010000 22 1154
20.010000 0 1111
20.010000 1 1129
20.010000 2 1191
20.010000 3 1211
20.010000 4 1229
20.010000 5 1231
20.010000 6 1234
20.010000 7 980
20.010000 8 1224
20.010000 9 1242
20.010000 10 1198
20.010000 11 1217
20.010000 12 1228
20.010000 13 1209
20.010000 14 1192
20.010000 15 1229
20.010000 16 1210
20.010000 17 1188
20.010000 18 1189
20.010000 19 1223
20.010000 20 1205
20.010000 21 1098
20.010000 22 1206
21.010000 0 1238
21.010000 1 1237
21.010000 2 1197
21.010000 3 1328
21.010000 4 1317
21.010000 5 1290
21.010000 6 1338
21.010000 7 1143
21.010000 8 1314
21.010000 9 1339
21.010000 10 1302
21.010000 11 1310
21.010000 12 1267
21.010000 13 1310
21.010000 14 1301
21.010000 15 1212
21.010000 16 1327
21.010000 17 1305
21.010000 18 1300
21.010000 19 1253
21.010000 20 1320
21.010000 21 1235
21.010000 22 1292
22.010000 0 1219
22.010000 1 1193
22.010000 2 1205
22.010000 3 1281
22.010000 4 1279
22.010000 5 1249
22.010000 6 1269
22.010000 7 1063
22.010000 8 1293
22.010000 9 1256
22.010000 10 1265
22.010000 11 1299
22.010000 12 1261
22.010000 13 1265
22.010000 14 1253
22.010000 15 1243
22.010000 16 1272
22.010000 17 1223
22.010000 18 1233
22.010000 19 1311
22.010000 20 1280
22.010000 21 1159
22.010000 22 1269
23.010000 0 1180
23.010000 1 1251
23.010000 2 1099
23.010000 3 1245
23.010000 4 1290
23.010000 5 1285
23.010000 6 1332
23.010000 7 1237
23.010000 8 1324
23.010000 9 1340
23.010000 10 1294
23.010000 11 1293
23.010000 12 1277
23.010000 13 1300
23.010000 14 1321
23.010000 15 1238
23.010000 16 1305
23.010000 17 1213
23.010000 18 1273
23.010000 19 1163
23.010000 20 1293
23.010000 21 1242
23.010000 22 1300
24.010000 0 1122
24.010000 1 1165
24.010000 2 1028
24.010000 3 1233
24.010000 4 1218
24.010000 5 1236
24.010000 6 1265
24.010000 7 1179
24.010000 8 1251
24.010000 9 1261
24.010000 10 1221
24.010000 11 1264
24.010000 12 1172
24.010000 13 1258
24.010000 14 1197
24.010000 15 1140
24.010000 16 1246
24.010000 17 1229
24.010000 18 1252
24.010000 19 1077
24.010000 20 1254
24.010000 21 1188
24.010000 22 1237
25.010000 0 1323
25.010000 1 1235
25.010000 2 1128
25.010000 3 1386
25.010000 4 1313
25.010000 5 1389
25.010000 6 1394
25.010000 7 1304
25.010000 8 1402
25.010000 9 1392
25.010000 10 1307
25.010000 11 1386
25.010000 12 1275
25.010000 13 1335
25.010000 14 1372
25.010000 15 1273
25.010000 16 1380
25.010000 17 1363
25.010000 18 1375
25.010000 19 1182
25.010000 20 1375
25.010000 21 1328
25.010000 22 1381
26.010000 0 1222
26.010000 1 1192
26.010000 2 1053
26.010000 3 1271
26.010000 4 1219
26.010000 5 1254
26.010000 6 1278
26.010000 7 1191
26.010000 8 1279
26.010000 9 1276
26.010000 10 1189
26.010000 11 1279
26.010000 12 1219
26.010000 13 1254
26.010000 14 1268
26.010000 15 1194
26.010000 16 1270
26.010000 17 1255
26.010000 18 1263
26.010000 19 1112
26.010000 20 1267
26.010000 21 1184
26.010000 22 1275
27.010000 0 1167
27.010000 1 1081
27.010000 2 997
27.010000 3 1206
27.010000 4 1126
27.010000 5 1186
27.010000 6 1216
27.010000 7 1101
27.010000 8 1193
27.010000 9 1202
27.010000 10 1111
27.010000 11 1198
27.010000 12 1119
27.010000 13 1204
27.010000 14 1187
27.010000 15 1097
27.010000 16 1198
27.010000 17 1197
27.010000 18 1204
27.010000 19 1039
27.010000 20 1187
27.010000 21 1113
27.010000 22 1189
28.010000 0 1272
28.010000 1 1314
28.010000 2 1205
28.010000 3 1384
28.010000 4 1304
28.010000 5 1393
28.010000 6 1409
28.010000 7 1320
28.010000 8 1407
28.010000 9 1402
28.010000 10 1281
28.010000 11 1398
28.010000 12 1369
28.010000 13 1377
28.010000 14 1333
28.010000 15 1351
28.010000 16 1393
28.010000 17 1317
28.010000 18 1330
28.010000 19 1266
28.010000 20 1386
28.010000 21 1338
28.010000 22 1389
29.010000 0 1103
29.010000 1 1160
29.010000 2 1118
29.010000 3 1170
29.010000 4 1149
29.010000 5 1229
29.010000 6 1241
29.010000 7 1126
29.010000 8 1238
29.010000 9 1251
29.010000 10 1163
29.010000 11 1233
29.010000 12 1233
29.010000 13 1230
29.010000 14 1231
29.010000 15 1221
29.010000 16 1225
29.010000 17 1157
29.010000 18 1216
29.010000 19 1169
29.010000 20 1228
29.010000 21 1148
29.010000 22 1217
30.010000 0 1324
30.010000 1 1338
30.010000 2 1148
30.010000 3 1420
30.010000 4 1415
30.010000 5 1438
30.010000 6 1465
30.010000 7 1410
30.010000 8 1460
30.010000 9 1461
30.010000 10 1405
30.010000 11 1434
30.010000 12 1311
30.010000 13 1430
30.010000 14 1418
30.010000 15 1278
30.010000 16 1463
30.010000 17 1398
30.010000 18 1421
30.010000 19 1194
30.010000 20 1445
30.010000 21 1389
30.010000 22 1447
31.010000 0 1110
31.010000 1 1062
31.010000 2 976
31.010000 3 1175
31.010000 4 1128
31.010000 5 1181
31.010000 6 1189
31.010000 7 1093
31.010000 8 1198
31.010000 9 1183
31.010000 10 1106
31.010000 11 1196
31.010000 12 1096
31.010000 13 1168
31.010000 14 1173
31.010000 15 1083
31.010000 16 1175
31.010000 17 1168
31.010000 18 1173
31.010000 19 1017
31.010000 20 1183
31.010000 21 1102
31.010000 22 1167
32.010000 0 1133
32.010000 1 953
32.010000 2 758
32.010000 3 1158
32.010000 4 1173
32.010000 5 1139
32.010000 6 1175
32.010000 7 1149
32.010000 8 1167
32.010000 9 1178
32.010000 10 1148
32.010000 11 1178
32.010000 12 922
32.010000 13 1157
32.010000 14 1173
32.010000 15 895
32.010000 16 1167
32.010000 17 1157
32.010000 18 1180
32.010000 19 823
32.010000 20 1169
32.010000 21 1162
32.010000 22 1148
33.010000 0 1256
33.010000 1 1240
33.010000 2 1155
33.010000 3 1333
33.010000 4 1243
33.010000 5 1319
33.010000 6 1328
33.010000 7 1234
33.010000 8 1333
33.010000 9 1340
33.010000 10 1258
33.010000 11 1335
33.010000 12 1285
33.010000 13 1311
33.010000 14 1275
33.010000 15 1279
33.010000 16 1328
33.010000 17 1285
33.010000 18 1308
33.010000 19 1227
33.010000 20 1328
33.010000 21 1242
33.010000 22 1323
34.010000 0 1233
34.010000 1 1270
34.010000 2 1139
34.010000 3 1299
34.010000 4 1288
34.010000 5 1327
34.010000 6 1356
34.010000 7 1279
34.010000 8 1351
34.010000 9 1352
34.010000 10 1273
34.010000 11 1343
34.010000 12 1296
34.010000 13 1334
34.010000 14 1336
34.010000 15 1265
34.010000 16 1341
34.010000 17 1277
34.010000 18 1331
34.010000 19 1202
34.010000 20 1329
34.010000 21 1294
34.010000 22 1335
35.010000 0 1237
35.010000 1 1205
35.010000 2 1091
35.010000 3 1316
35.010000 4 1272
35.010000 5 1293
35.010000 6 1320
35.010000 7 1220
35.010000 8 1315
35.010000 9 1316
35.010000 10 1254
35.010000 11 1314
35.010000 12 1234
35.010000 13 1291
35.010000 14 1299
35.010000 15 1210
35.010000 16 1308
35.010000 17 1300
35.010000 18 1295
35.010000 19 1155
35.010000 20 1320
35.010000 21 1230
35.010000 22 1298
36.010000 0 1164
36.010000 1 1106
36.010000 2 983
36.010000 3 1228
36.010000 4 1202
36.010000 5 1207
36.010000 6 1231
36.010000 7 1151
36.010000 8 1240
36.010000 9 1238
36.010000 10 1169
36.010000 11 1224
36.010000 12 1125
36.010000 13 1237
36.010000 14 1216
36.010000 15 1102
36.010000 16 1225
36.010000 17 1212
36.010000 18 1211
36.010000 19 1045
36.010000 20 1224
36.010000 21 1138
36.010000 22 1214
37.010000 0 1182
37.010000 1 1087
37.010000 2 949
37.010000 3 1260
37.010000 4 1265
37.010000 5 1252
37.010000 6 1281
37.010000 7 1258
37.010000 8 1277
37.010000 9 1283
37.010000 10 1260
37.010000 11 1274
37.010000 12 1063
37.010000 13 1263
37.010000 14 1248
37.010000 15 1026
37.010000 16 1275
37.010000 17 1235
37.010000 18 1247
37.010000 19 998
37.010000 20 1266
37.010000 21 1269
37.010000 22 1257
38.010000 0 1205
38.010000 1 1091
38.010000 2 959
38.010000 3 1243
38.010000 4 1224
38.010000 5 1240
38.010000 6 1263
38.010000 7 1201
38.010000 8 1255
38.010000 9 1263
38.010000 10 1208
38.010000 11 1269
38.010000 12 1088
38.010000 13 1247
38.010000 14 1265
38.010000 15 1071
38.010000 16 1268
38.010000 17 1227
38.010000 18 1244
38.010000 19 1025
38.010000 20 1253
38.010000 21 1222
38.010000 22 1256
39.010000 0 1260
39.010000 1 1311
39.010000 2 1176
39.010000 3 1383
39.010000 4 1369
39.010000 5 1381
39.010000 6 1415
39.010000 7 1343
39.010000 8 1407
39.010000 9 1412
39.010000 10 1338
39.010000 11 1403
39.010000 12 1320
39.010000 13 1388
39.010000 14 1353
39.010000 15 1294
39.010000 16 1399
39.010000 17 1369
39.010000 18 1386
39.010000 19 1260
39.010000 20 1396
39.010000 21 1353
39.010000 22 1400
40.010000 0 1201
40.010000 1 1163
40.010000 2 1026
40.010000 3 1276
40.010000 4 1256
40.010000 5 1272
40.010000 6 1314
40.010000 7 1248
40.010000 8 1304
40.010000 9 1310
40.010000 10 1243
40.010000 11 1320
40.010000 12 1169
40.010000 13 1288
40.010000 14 1272
40.010000 15 1132
40.010000 16 1280
40.010000 17 1249
40.010000 18 1274
40.010000 19 1095
40.010000 20 1315
40.010000 21 1250
40.010000 22 1286
41.010000 0 1255
41.010000 1 1215
41.010000 2 1134
41.010000 3 1294
41.010000 4 1188
41.010000 5 1287
41.010000 6 1299
41.010000 7 1179
41.010000 8 1294
41.010000 9 1290
41.010000 10 1148
41.010000 11 1284
41.010000 12 1292
41.010000 13 1279
41.010000 14 1311
41.010000 15 1270
41.010000 16 1305
41.010000 17 1291
41.010000 18 1284
41.010000 19 1176
41.010000 20 1278
41.010000 21 1187
41.010000 22 1276
42.010000 0 1273
42.010000 1 1300
42.010000 2 1193
42.010000 3 1347
42.010000 4 1295
42.010000 5 1358
42.010000 6 1373
42.010000 7 1283
42.010000 8 1368
42.010000 9 1369
42.010000 10 1287
42.010000 11 1369
42.010000 12 1326
42.010000 13 1347
42.010000 14 1315
42.010000 15 1313
42.010000 16 1339
42.010000 17 1317
42.010000 18 1369
42.010000 19 1255
42.010000 20 1356
42.010000 21 1286
42.010000 22 1345
43.010000 0 1287
43.010000 1 1323
43.010000 2 1184
43.010000 3 1411
43.010000 4 1369
43.010000 5 1404
43.010000 6 1427
43.010000 7 1352
43.010000 8 1434
43.010000 9 1427
43.010000 10 1340
43.010000 11 1415
43.010000 12 1340
43.010000 13 1403
43.010000 14 1398
43.010000 15 1318
43.010000 16 1410
43.010000 17 1390
43.010000 18 1357
43.010000 19 1246
43.010000 20 1408
43.010000 21 1348
43.010000 22 1397
44.010000 0 1217
44.010000 1 1248
44.010000 2 1121
44.010000 3 1299
44.010000 4 1258
44.010000 5 1318
44.010000 6 1333
44.010000 7 1249
44.010000 8 1331
44.010000 9 1329
44.010000 10 1241
44.010000 11 1324
44.010000 12 1279
44.010000 13 1306
44.010000 14 1303
44.010000 15 1264
44.010000 16 1318
44.010000 17 1275
44.010000 18 1298
44.010000 19 1182
44.010000 20 1316
44.010000 21 1252
44.010000 22 1326
45.010000 0 1198
45.010000 1 1181
45.010000 2 1054
45.010000 3 1265
45.010000 4 1206
45.010000 5 1262
45.010000 6 1276
45.010000 7 1193
45.010000 8 1278
45.010000 9 1270
45.010000 10 1188
45.010000 11 1273
45.010000 12 1208
45.010000 13 1251
45.010000 14 1265
45.010000 15 1197
45.010000 16 1258
45.010000 17 1243
45.010000 18 1239
45.010000 19 1115
45.010000 20 1260
45.010000 21 1200
45.010000 22 1251
46.010000 0 1210
46.010000 1 1235
46.010000 2 1114
46.010000 3 1293
46.010000 4 1220
46.010000 5 1298
46.010000 6 1315
46.010000 7 1207
46.010000 8 1315
46.010000 9 1300
46.010000 10 1196
46.010000 11 1297
46.010000 12 1273
46.010000 13 1286
46.010000 14 1281
46.010000 15 1263
46.010000 16 1281
46.010000 17 1262
46.010000 18 1267
46.010000 19 1172
46.010000 20 1295
46.010000 21 1203
46.010000 22 1302
47.010000 0 1191
47.010000 1 1136
47.010000 2 1020
47.010000 3 1248
47.010000 4 1200
47.010000 5 1230
47.010000 6 1261
47.010000 7 1195
47.010000 8 1243
47.010000 9 1258
47.010000 10 1226
47.010000 11 1256
47.010000 12 1149
47.010000 13 1245
47.010000 14 1244
47.010000 15 1113
47.010000 16 1268
47.010000 17 1219
47.010000 18 1231
47.010000 19 1077
47.010000 20 1256
47.010000 21 1209
47.010000 22 1232
48.010000 0 1199
48.010000 1 1194
48.010000 2 1104
48.010000 3 1279
48.010000 4 1206
48.010000 5 1274
48.010000 6 1293
48.010000 7 1207
48.010000 8 1294
48.010000 9 1286
48.010000 10 1205
48.010000 11 1286
48.010000 12 1240
48.010000 13 1275
48.010000 14 1262
48.010000 15 1211
48.010000 16 1286
48.010000 17 1253
48.010000 18 1252
48.010000 19 1143
48.010000 20 1274
48.010000 21 1215
48.010000 22 1254
49.010000 0 1114
49.010000 1 1102
49.010000 2 953
49.010000 3 1186
49.010000 4 1188
49.010000 5 1208
49.010000 6 1211
49.010000 7 1157
49.010000 8 1234
49.010000 9 1210
49.010000 10 1181
49.010000 11 1208
49.010000 12 1107
49.010000 13 1185
49.010000 14 1189
49.010000 15 1094
49.010000 16 1199
49.010000 17 1167
49.010000 18 1189
49.010000 19 1004
49.010000 20 1199
49.010000 21 1149
49.010000 22 1189
50.010000 0 1228
50.010000 1 1234
50.010000 2 1105
50.010000 3 1307
50.010000 4 1257
50.010000 5 1309
50.010000 6 1329
50.010000 7 1254
50.010000 8 1332
50.010000 9 1324
50.010000 10 1248
50.010000 11 1313
50.010000 12 1252
50.010000 13 1294
50.010000 14 1298
50.010000 15 1238
50.010000 16 1284
50.010000 17 1271
50.010000 18 1279
50.010000 19 1166
50.010000 20 1288
50.010000 21 1253
50.010000 22 1280
51.010000 0 1256
51.010000 1 1302
51.010000 2 1151
51.010000 3 1351
51.010000 4 1299
51.010000 5 1343
51.010000 6 1370
51.010000 7 1285
51.010000 8 1350
51.010000 9 1364
51.010000 10 1280
51.010000 11 1364
51.010000 12 1316
51.010000 13 1354
51.010000 14 1330
51.010000 15 1286
51.010000 16 1388
51.010000 17 1325
51.010000 18 1339
51.010000 19 1216
51.010000 20 1372
51.010000 21 1292
51.010000 22 1346
52.010000 0 1257
52.010000 1 1297
52.010000 2 1162
52.010000 3 1351
52.010000 4 1296
52.010000 5 1356
52.010000 6 1367
52.010000 7 1313
52.010000 8 1367
52.010000 9 1365
52.010000 10 1256
52.010000 11 1358
52.010000 12 1305
52.010000 13 1362
52.010000 14 1341
52.010000 15 1301
52.010000 16 1296
52.010000 17 1318
52.010000 18 1316
52.010000 19 1233
52.010000 20 1325
52.010000 21 1306
52.010000 22 1320
53.010000 0 1175
53.010000 1 1080
53.010000 2 909
53.010000 3 1228
53.010000 4 1217
53.010000 5 1213
53.010000 6 1246
53.010000 7 1225
53.010000 8 1239
53.010000 9 1247
53.010000 10 1244
53.010000 11 1243
53.010000 12 1045
53.010000 13 1228
53.010000 14 1226
53.010000 15 1014
53.010000 16 1243
53.010000 17 1209
53.010000 18 1238
53.010000 19 978
53.010000 20 1245
53.010000 21 1209
53.010000 22 1228
54.010000 0 1175
54.010000 1 1165
54.010000 2 1031
54.010000 3 1257
54.010000 4 1210
54.010000 5 1227
54.010000 6 1263
54.010000 7 1192
54.010000 8 1254
54.010000 9 1265
54.010000 10 1226
54.010000 11 1250
54.010000 12 1148
54.010000 13 1248
54.010000 14 1227
54.010000 15 1105
54.010000 16 1229
54.010000 17 1225
54.010000 18 1232
54.010000 19 1092
54.010000 20 1240
54.010000 21 1235
54.010000 22 1214
55.010000 0 1280
55.010000 1 1221
55.010000 2 1099
55.010000 3 1341
55.010000 4 1296
55.010000 5 1332
55.010000 6 1352
55.010000 7 1287
55.010000 8 1347
55.010000 9 1349
55.010000 10 1290
55.010000 11 1345
55.010000 12 1236
55.010000 13 1331
55.010000 14 1336
55.010000 15 1215
55.010000 16 1322
55.010000 17 1319
55.010000 18 1323
55.010000 19 1147
55.010000 20 1332
55.010000 21 1297
55.010000 22 1307
56.010000 0 1273
56.010000 1 1272
56.010000 2 1191
56.010000 3 1338
56.010000 4 1259
56.010000 5 1343
56.010000 6 1361
56.010000 7 1258
56.010000 8 1352
56.010000 9 1356
56.010000 10 1233
56.010000 11 1352
56.010000 12 1328
56.010000 13 1358
56.010000 14 1344
56.010000 15 1311
56.010000 16 1340
56.010000 17 1329
56.010000 18 1343
56.010000 19 1237
56.010000 20 1341
56.010000 21 1266
56.010000 22 1316
57.010000 0 1141
57.010000 1 1179
57.010000 2 1037
57.010000 3 1238
57.010000 4 1235
57.010000 5 1246
57.010000 6 1284
57.010000 7 1210
57.010000 8 1268
57.010000 9 1286
57.010000 10 1238
57.010000 11 1268
57.010000 12 1175
57.010000 13 1260
57.010000 14 1223
57.010000 15 1143
57.010000 16 1268
57.010000 17 1193
57.010000 18 1218
57.010000 19 1105
57.010000 20 1255
57.010000 21 1220
57.010000 22 1238
58.010000 0 1170
58.010000 1 1119
58.010000 2 940
58.010000 3 1248
58.010000 4 1213
58.010000 5 1244
58.010000 6 1265
58.010000 7 1224
58.010000 8 1261
58.010000 9 1251
58.010000 10 1218
58.010000 11 1249
58.010000 12 1092
58.010000 13 1253
58.010000 14 1235
58.010000 15 1083
58.010000 16 1256
58.010000 17 1221
58.010000 18 1230
58.010000 19 1000
58.010000 20 1256
58.010000 21 1237
58.010000 22 1253
59.010000 0 1085
59.010000 1 1061
59.010000 2 938
59.010000 3 1145
59.010000 4 1121
59.010000 5 1140
59.010000 6 1165
59.010000 7 1093
59.010000 8 1162
59.010000 9 1163
59.010000 10 1151
59.010000 11 1156
59.010000 12 1061
59.010000 13 1148
59.010000 14 1145
59.010000 15 1041
59.010000 16 1129
59.010000 17 1120
59.010000 18 1142
59.010000 19 991
59.010000 20 1154
59.010000 21 1105
59.010000 22 1118
60.010000 0 1159
60.010000 1 1125
60.010000 2 1022
60.010000 3 1227
60.010000 4 1151
60.010000 5 1229
60.010000 6 1238
60.010000 7 1153
60.010000 8 1238
60.010000 9 1237
60.010000 10 1154
60.010000 11 1250
60.010000 12 1166
60.010000 13 1224
60.010000 14 1207
60.010000 15 1159
60.010000 16 1235
60.010000 17 1191
60.010000 18 1198
60.010000 19 1071
60.010000 20 1252
60.010000 21 1173
60.010000 22 1208
61.010000 0 1307
61.010000 1 1291
61.010000 2 1128
61.010000 3 1394
61.010000 4 1361
61.010000 5 1370
61.010000 6 1404
61.010000 7 1348
61.010000 8 1387
61.010000 9 1402
61.010000 10 1348
61.010000 11 1392
61.010000 12 1259
61.010000 13 1372
61.010000 14 1373
61.010000 15 1229
61.010000 16 1373
61.010000 17 1379
61.010000 18 1382
61.010000 19 1195
61.010000 20 1358
61.010000 21 1329
61.010000 22 1354
62.010000 0 1208
62.010000 1 1253
62.010000 2 1168
62.010000 3 1310
62.010000 4 1226
62.010000 5 1319
62.010000 6 1330
62.010000 7 1222
62.010000 8 1326
62.010000 9 1324
62.010000 10 1212
62.010000 11 1316
62.010000 12 1316
62.010000 13 1299
62.010000 14 1284
62.010000 15 1311
62.010000 16 1308
62.010000 17 1282
62.010000 18 1285
62.010000 19 1216
62.010000 20 1317
62.010000 21 1227
62.010000 22 1300
63.010000 0 1243
63.010000 1 1256
63.010000 2 1143
63.010000 3 1322
63.010000 4 1241
63.010000 5 1302
63.010000 6 1335
63.010000 7 1236
63.010000 8 1313
63.010000 9 1326
63.010000 10 1222
63.010000 11 1293
63.010000 12 1279
63.010000 13 1300
63.010000 14 1309
63.010000 15 1251
63.010000 16 1290
63.010000 17 1300
63.010000 18 1277
63.010000 19 1189
63.010000 20 1300
63.010000 21 1264
63.010000 22 1281
64.010000 0 1163
64.010000 1 1234
64.010000 2 1122
64.010000 3 1241
64.010000 4 1188
64.010000 5 1282
64.010000 6 1291
64.010000 7 1215
64.010000 8 1287
64.010000 9 1306
64.010000 10 1202
64.010000 11 1299
64.010000 12 1259
64.010000 13 1271
64.010000 14 1250
64.010000 15 1249
64.010000 16 1253
64.010000 17 1209
64.010000 18 1265
64.010000 19 1164
64.010000 20 1276
64.010000 21 1245
64.010000 22 1239
65.010000 0 1199
65.010000 1 1119
65.010000 2 974
65.010000 3 1240
65.010000 4 1243
65.010000 5 1249
65.010000 6 1257
65.010000 7 1203
65.010000 8 1265
65.010000 9 1268
65.010000 10 1222
65.010000 11 1262
65.010000 12 1110
65.010000 13 1251
65.010000 14 1260
65.010000 15 1094
65.010000 16 1262
65.010000 17 1226
65.010000 18 1258
65.010000 19 1039
65.010000 20 1252
65.010000 21 1221
65.010000 22 1250
66.010000 0 1202
66.010000 1 1208
66.010000 2 1057
66.010000 3 1298
66.010000 4 1252
66.010000 5 1304
66.010000 6 1328
66.010000 7 1268
66.010000 8 1320
66.010000 9 1318
66.010000 10 1265
66.010000 11 1315
66.010000 12 1201
66.010000 13 1300
66.010000 14 1273
66.010000 15 1186
66.010000 16 1289
66.010000 17 1244
66.010000 18 1258
66.010000 19 1123
66.010000 20 1306
66.010000 21 1272
66.010000 22 1284
67.010000 0 1143
67.010000 1 1076
67.010000 2 910
67.010000 3 1204
67.010000 4 1197
67.010000 5 1198
67.010000 6 1221
67.010000 7 1190
67.010000 8 1220
67.010000 9 1222
67.010000 10 1197
67.010000 11 1234
67.010000 12 1041
67.010000 13 1212
67.010000 14 1201
67.010000 15 1015
67.010000 16 1225
67.010000 17 1180
67.010000 18 1200
67.010000 19 978
67.010000 20 1218
67.010000 21 1204
67.010000 22 1217
68.010000 0 1167
68.010000 1 1148
68.010000 2 994
68.010000 3 1266
68.010000 4 1282
68.010000 5 1263
68.010000 6 1286
68.010000 7 1234
68.010000 8 1283
68.010000 9 1285
68.010000 10 1245
68.010000 11 1274
68.010000 12 1137
68.010000 13 1265
68.010000 14 1259
68.010000 15 1109
68.010000 16 1274
68.010000 17 1250
68.010000 18 1240
68.010000 19 1048
68.010000 20 1264
68.010000 21 1238
68.010000 22 1263
69.010000 0 1174
69.010000 1 1141
69.010000 2 965
69.010000 3 1223
69.010000 4 1181
69.010000 5 1201
69.010000 6 1239
69.010000 7 1189
69.010000 8 1237
69.010000 9 1238
69.010000 10 1185
69.010000 11 1237
69.010000 12 1128
69.010000 13 1244
69.010000 14 1222
69.010000 15 1098
69.010000 16 1194
69.010000 17 1191
69.010000 18 1221
69.010000 19 1054
69.010000 20 1230
69.010000 21 1185
69.010000 22 1212
70.010000 0 1231
70.010000 1 1267
70.010000 2 1140
70.010000 3 1328
70.010000 4 1257
70.010000 5 1330
70.010000 6 1342
70.010000 7 1283
70.010000 8 1336
70.010000 9 1338
70.010000 10 1250
70.010000 11 1338
70.010000 12 1278
70.010000 13 1283
70.010000 14 1305
70.010000 15 1273
70.010000 16 1294
70.010000 17 1291
70.010000 18 1288
70.010000 19 1199
70.010000 20 1323
70.010000 21 1275
70.010000 22 1306
71.010000 0 1173
71.010000 1 1180
71.010000 2 1052
71.010000 3 1249
71.010000 4 1148
71.010000 5 1244
71.010000 6 1269
71.010000 7 1212
71.010000 8 1248
71.010000 9 1270
71.010000 10 1190
71.010000 11 1279
71.010000 12 1184
71.010000 13 1273
71.010000 14 1231
71.010000 15 1168
71.010000 16 1227
71.010000 17 1212
71.010000 18 1226
71.010000 19 1110
71.010000 20 1273
71.010000 21 1205
71.010000 22 1197
72.010000 0 1229
72.010000 1 1217
72.010000 2 1082
72.010000 3 1293
72.010000 4 1215
72.010000 5 1262
72.010000 6 1308
72.010000 7 1212
72.010000 8 1297
72.010000 9 1297
72.010000 10 1227
72.010000 11 1287
72.010000 12 1261
72.010000 13 1275
72.010000 14 1299
72.010000 15 1224
72.010000 16 1267
72.010000 17 1281
72.010000 18 1279
72.010000 19 1156
72.010000 20 1290
72.010000 21 1213
72.010000 22 1271
73.010000 0 1152
73.010000 1 1186
73.010000 2 1101
73.010000 3 1269
73.010000 4 1258
73.010000 5 1278
73.010000 6 1295
73.010000 7 1208
73.010000 8 1286
73.010000 9 1295
73.010000 10 1248
73.010000 11 1280
73.010000 12 1193
73.010000 13 1268
73.010000 14 1231
73.010000 15 1168
73.010000 16 1277
73.010000 17 1233
73.010000 18 1236
73.010000 19 1141
73.010000 20 1287
73.010000 21 1241
73.010000 22 1245
74.010000 0 1194
74.010000 1 1160
74.010000 2 1038
74.010000 3 1271
74.010000 4 1254
74.010000 5 1281
74.010000 6 1294
74.010000 7 1229
74.010000 8 1291
74.010000 9 1295
74.010000 10 1239
74.010000 11 1285
74.010000 12 1174
74.010000 13 1292
74.010000 14 1273
74.010000 15 1152
74.010000 16 1291
74.010000 17 1254
74.010000 18 1268
74.010000 19 1078
74.010000 20 1280
74.010000 21 1231
74.010000 22 1272
75.010000 0 1186
75.010000 1 1170
75.010000 2 1052
75.010000 3 1243
75.010000 4 1164
75.010000 5 1264
75.010000 6 1255
75.010000 7 1206
75.010000 8 1274
75.010000 9 1284
75.010000 10 1174
75.010000 11 1281
75.010000 12 1193
75.010000 13 1255
75.010000 14 1235
75.010000 15 1192
75.010000 16 1233
75.010000 17 1210
75.010000 18 1247
75.010000 19 1100
75.010000 20 1259
75.010000 21 1224
75.010000 22 1234
76.010000 0 1292
76.010000 1 1248
76.010000 2 1088
76.010000 3 1334
76.010000 4 1293
76.010000 5 1307
76.010000 6 1345
76.010000 7 1263
76.010000 8 1326
76.010000 9 1321
76.010000 10 1283
76.010000 11 1340
76.010000 12 1242
76.010000 13 1317
76.010000 14 1342
76.010000 15 1210
76.010000 16 1325
76.010000 17 1325
76.010000 18 1348
76.010000 19 1179
76.010000 20 1333
76.010000 21 1276
76.010000 22 1348
77.010000 0 1211
77.010000 1 1088
77.010000 2 911
77.010000 3 1250
77.010000 4 1213
77.010000 5 1225
77.010000 6 1259
77.010000 7 1207
77.010000 8 1248
77.010000 9 1270
77.010000 10 1177
77.010000 11 1250
77.010000 12 1074
77.010000 13 1242
77.010000 14 1265
77.010000 15 1054
77.010000 16 1246
77.010000 17 1249
77.010000 18 1243
77.010000 19 983
77.010000 20 1241
77.010000 21 1230
77.010000 22 1229
78.010000 0 1128
78.010000 1 1095
78.010000 2 1032
78.010000 3 1156
78.010000 4 1090
78.010000 5 1156
78.010000 6 1173
78.010000 7 1047
78.010000 8 1180
78.010000 9 1163
78.010000 10 1080
78.010000 11 1163
78.010000 12 1151
78.010000 13 1163
78.010000 14 1191
78.010000 15 1139
78.010000 16 1157
78.010000 17 1152
78.010000 18 1158
78.010000 19 1078
78.010000 20 1154
78.010000 21 1040
78.010000 22 1148
79.010000 0 1082
79.010000 1 1040
79.010000 2 1058
79.010000 3 1150
79.010000 4 1124
79.010000 5 1143
79.010000 6 1151
79.010000 7 1009
79.010000 8 1166
79.010000 9 1167
79.010000 10 1168
79.010000 11 1172
79.010000 12 1098
79.010000 13 1164
79.010000 14 1102
79.010000 15 1076
79.010000 16 1161
79.010000 17 1070
79.010000 18 1108
79.010000 19 1119
79.010000 20 1167
79.010000 21 1064
79.010000 22 1162
80.010000 0 1114
80.010000 1 1056
80.010000 2 1043
80.010000 3 1157
80.010000 4 1127
80.010000 5 1138
80.010000 6 1146
80.010000 7 969
80.010000 8 1153
80.010000 9 1137
80.010000 10 1099
80.010000 11 1147
80.010000 12 1128
80.010000 13 1135
80.010000 14 1122
80.010000 15 1117
80.010000 16 1140
80.010000 17 1146
80.010000 18 1163
80.010000 19 1092
80.010000 20 1135
80.010000 21 1031
80.010000 22 1133
81.010000 0 1216
81.010000 1 1268
81.010000 2 1277
81.010000 3 1339
81.010000 4 1337
81.010000 5 1351
81.010000 6 1356
81.010000 7 1168
81.010000 8 1363
81.010000 9 1362
81.010000 10 1290
81.010000 11 1365
81.010000 12 1356
81.010000 13 1340
81.010000 14 1315
81.010000 15 1344
81.010000 16 1344
81.010000 17 1296
81.010000 18 1285
81.010000 19 1333
81.010000 20 1342
81.010000 21 1261
81.010000 22 1339
82.010000 0 1263
82.010000 1 1404
82.010000 2 1370
82.010000 3 1414
82.010000 4 1440
82.010000 5 1465
82.010000 6 1480
82.010000 7 1296
82.010000 8 1478
82.010000 9 1475
82.010000 10 1440
82.010000 11 1452
82.010000 12 1459
82.010000 13 1440
82.010000 14 1431
82.010000 15 1459
82.010000 16 1457
82.010000 17 1391
82.010000 18 1397
82.010000 19 1448
82.010000 20 1452
82.010000 21 1359
82.010000 22 1454
83.010000 0 1161
83.010000 1 1142
83.010000 2 1166
83.010000 3 1261
83.010000 4 1258
83.010000 5 1245
83.010000 6 1266
83.010000 7 1043
83.010000 8 1251
83.010000 9 1275
83.010000 10 1237
83.010000 11 1256
83.010000 12 1208
83.010000 13 1246
83.010000 14 1217
83.010000 15 1175
83.010000 16 1257
83.010000 17 1233
83.010000 18 1222
83.010000 19 1199
83.010000 20 1245
83.010000 21 1160
83.010000 22 1242
84.010000 0 1169
84.010000 1 1171
84.010000 2 1086
84.010000 3 1262
84.010000 4 1253
84.010000 5 1241
84.010000 6 1264
84.010000 7 1120
84.010000 8 1262
84.010000 9 1260
84.010000 10 1241
84.010000 11 1276
84.010000 12 1166
84.010000 13 1221
84.010000 14 1228
84.010000 15 1162
84.010000 16 1255
84.010000 17 1235
84.010000 18 1226
84.010000 19 1173
84.010000 20 1253
84.010000 21 1175
84.010000 22 1247
85.010000 0 1123
85.010000 1 1031
85.010000 2 1007
85.010000 3 1131
85.010000 4 1140
85.010000 5 1136
85.010000 6 1153
85.010000 7 980
85.010000 8 1151
85.010000 9 1146
85.010000 10 1127
85.010000 11 1156
85.010000 12 1075
85.010000 13 1131
85.010000 14 1143
85.010000 15 1066
85.010000 16 1148
85.010000 17 1111
85.010000 18 1152
85.010000 19 1060
85.010000 20 1155
85.010000 21 1055
85.010000 22 1152
86.010000 0 1080
86.010000 1 1053
86.010000 2 1046
86.010000 3 1170
86.010000 4 1177
86.010000 5 1167
86.010000 6 1193
86.010000 7 1033
86.010000 8 1176
86.010000 9 1180
86.010000 10 1152
86.010000 11 1170
86.010000 12 1093
86.010000 13 1164
86.010000 14 1165
86.010000 15 1077
86.010000 16 1174
86.010000 17 1153
86.010000 18 1130
86.010000 19 1095
86.010000 20 1166
86.010000 21 1144
86.010000 22 1161
87.010000 0 1172
87.010000 1 1238
87.010000 2 1181
87.010000 3 1187
87.010000 4 1283
87.010000 5 1278
87.010000 6 1287
87.010000 7 1123
87.010000 8 1292
87.010000 9 1240
87.010000 10 1262
87.010000 11 1286
87.010000 12 1267
87.010000 13 1264
87.010000 14 1243
87.010000 15 1259
87.010000 16 1281
87.010000 17 1130
87.010000 18 1248
87.010000 19 1245
87.010000 20 1262
87.010000 21 1163
87.010000 22 1271
88.010000 0 1077
88.010000 1 969
88.010000 2 983
88.010000 3 1087
88.010000 4 1102
88.010000 5 1094
88.010000 6 1114
88.010000 7 931
88.010000 8 1108
88.010000 9 1073
88.010000 10 1088
88.010000 11 1113
88.010000 12 1049
88.010000 13 1085
88.010000 14 1118
88.010000 15 1022
88.010000 16 1102
88.010000 17 1071
88.010000 18 1081
88.010000 19 1013
88.010000 20 1111
88.010000 21 1015
88.010000 22 1089
89.010000 0 948
89.010000 1 1003
89.010000 2 980
89.010000 3 969
89.010000 4 1073
89.010000 5 1051
89.010000 6 1070
89.010000 7 929
89.010000 8 1090
89.010000 9 1004
89.010000 10 1057
89.010000 11 1074
89.010000 12 1053
89.010000 13 1057
89.010000 14 1019
89.010000 15 1045
89.010000 16 1072
89.010000 17 902
89.010000 18 1001
89.010000 19 1050
89.010000 20 1077
89.010000 21 1004
89.010000 22 1074
90.010000 0 1207
90.010000 1 1202
90.010000 2 1169
90.010000 3 1259
90.010000 4 1288
90.010000 5 1266
90.010000 6 1313
90.010000 7 1076
90.010000 8 1284
90.010000 9 1236
90.010000 10 1250
90.010000 11 1272
90.010000 12 1252
90.010000 13 1255
90.010000 14 1285
90.010000 15 1250
90.010000 16 1268
90.010000 17 1230
90.010000 18 1227
90.010000 19 1226
90.010000 20 1265
90.010000 21 1157
90.010000 22 1262
91.010000 0 1078
91.010000 1 1177
91.010000 2 1052
91.010000 3 1085
91.010000 4 1212
91.010000 5 1190
91.010000 6 1244
91.010000 7 1168
91.010000 8 1189
91.010000 9 1144
91.010000 10 1208
91.010000 11 1229
91.010000 12 1159
91.010000 13 1233
91.010000 14 1157
91.010000 15 1109
91.010000 16 1224
91.010000 17 1017
91.010000 18 1169
91.010000 19 1112
91.010000 20 1214
91.010000 21 1189
91.010000 22 1210
92.010000 0 1140
92.010000 1 1139
92.010000 2 1132
92.010000 3 1172
92.010000 4 1225
92.010000 5 1234
92.010000 6 1194
92.010000 7 1035
92.010000 8 1235
92.010000 9 1210
92.010000 10 1207
92.010000 11 1231
92.010000 12 1202
92.010000 13 1213
92.010000 14 1227
92.010000 15 1192
92.010000 16 1229
92.010000 17 1150
92.010000 18 1194
92.010000 19 1169
92.010000 20 1218
92.010000 21 1132
92.010000 22 1240
93.010000 0 1117
93.010000 1 1130
93.010000 2 1133
93.010000 3 1172
93.010000 4 1210
93.010000 5 1198
93.010000 6 1206
93.010000 7 1012
93.010000 8 1212
93.010000 9 1185
93.010000 10 1187
93.010000 11 1207
93.010000 12 1199
93.010000 13 1195
93.010000 14 1182
93.010000 15 1188
93.010000 16 1200
93.010000 17 1136
93.010000 18 1170
93.010000 19 1194
93.010000 20 1195
93.010000 21 1102
93.010000 22 1190
94.010000 0 1138
94.010000 1 1082
94.010000 2 1086
94.010000 3 1175
94.010000 4 1172
94.010000 5 1159
94.010000 6 1184
94.010000 7 933
94.010000 8 1169
94.010000 9 1168
94.010000 10 1140
94.010000 11 1160
94.010000 12 1156
94.010000 13 1128
94.010000 14 1189
94.010000 15 1147
94.010000 16 1158
94.010000 17 1174
94.010000 18 1162
94.010000 19 1146
94.010000 20 1136
94.010000 21 1050
94.010000 22 1156
95.010000 0 1231
95.010000 1 1392
95.010000 2 1322
95.010000 3 1408
95.010000 4 1462
95.010000 5 1420
95.010000 6 1478
95.010000 7 1287
95.010000 8 1444
95.010000 9 1442
95.010000 10 1424
95.010000 11 1450
95.010000 12 1417
95.010000 13 1427
95.010000 14 1363
95.010000 15 1382
95.010000 16 1435
95.010000 17 1393
95.010000 18 1425
95.010000 19 1410
95.010000 20 1430
95.010000 21 1369
95.010000 22 1428
96.010000 0 1075
96.010000 1 1039
96.010000 2 1089
96.010000 3 1109
96.010000 4 1140
96.010000 5 1143
96.010000 6 1154
96.010000 7 935
96.010000 8 1145
96.010000 9 1163
96.010000 10 1127
96.010000 11 1125
96.010000 12 1116
96.010000 13 1132
96.010000 14 1166
96.010000 15 1092
96.010000 16 1143
96.010000 17 1105
96.010000 18 1136
96.010000 19 1107
96.010000 20 1132
96.010000 21 1034
96.010000 22 1121
97.010000 0 1157
97.010000 1 1112
97.010000 2 1111
97.010000 3 1224
97.010000 4 1219
97.010000 5 1208
97.010000 6 1219
97.010000 7 1017
97.010000 8 1233
97.010000 9 1236
97.010000 10 1223
97.010000 11 1232
97.010000 12 1185
97.010000 13 1243
97.010000 14 1205
97.010000 15 1156
97.010000 16 1232
97.010000 17 1184
97.010000 18 1190
97.010000 19 1172
97.010000 20 1223
97.010000 21 1124
97.010000 22 1217
98.010000 0 1133
98.010000 1 1175
98.010000 2 1183
98.010000 3 1246
98.010000 4 1258
98.010000 5 1241
98.010000 6 1271
98.010000 7 1039
98.010000 8 1270
98.010000 9 1270
98.010000 10 1252
98.010000 11 1252
98.010000 12 1259
98.010000 13 1237
98.010000 14 1208
98.010000 15 1237
98.010000 16 1251
98.010000 17 1231
98.010000 18 1242
98.010000 19 1239
98.010000 20 1250
98.010000 21 1145
98.010000 22 1258
99.010000 0 1149
99.010000 1 1116
99.010000 2 1165
99.010000 3 1207
99.010000 4 1215
99.010000 5 1206
99.010000 6 1215
99.010000 7 980
99.010000 8 1236
99.010000 9 1224
99.010000 10 1199
99.010000 11 1224
99.010000 12 1223
99.010000 13 1201
99.010000 14 1198
99.010000 15 1204
99.010000 16 1199
99.010000 17 1151
99.010000 18 1172
99.010000 19 1220
99.010000 20 1211
99.010000 21 1100
99.010000 22 1204
100.010000 0 917
100.010000 1 982
100.010000 2 973
100.010000 3 934
100.010000 4 1034
100.010000 5 1021
100.010000 6 1046
100.010000 7 908
100.010000 8 1042
100.010000 9 989
100.010000 10 1028
100.010000 11 1042
100.010000 12 1047
100.010000 13 1047
100.010000 14 1003
100.010000 15 1018
100.010000 16 1057
100.010000 17 881
100.010000 18 986
100.010000 19 1018
100.010000 20 1045
100.010000 21 985
100.010000 22 1044
101.010000 0 1115
101.010000 1 1114
101.010000 2 1103
101.010000 3 1114
101.010000 4 1209
101.010000 5 1177
101.010000 6 1191
101.010000 7 1008
101.010000 8 1208
101.010000 9 1140
101.010000 10 1177
101.010000 11 1190
101.010000 12 1192
101.010000 13 1174
101.010000 14 1171
101.010000 15 1170
101.010000 16 1172
101.010000 17 1065
101.010000 18 1150
101.010000 19 1168
101.010000 20 1181
101.010000 21 1090
101.010000 22 1186
102.010000 0 1014
102.010000 1 1026
102.010000 2 987
102.010000 3 998
102.010000 4 1088
102.010000 5 1070
102.010000 6 1110
102.010000 7 919
102.010000 8 1099
102.010000 9 1031
102.010000 10 1104
102.010000 11 1093
102.010000 12 1072
102.010000 13 1059
102.010000 14 1068
102.010000 15 1049
102.010000 16 1106
102.010000 17 958
102.010000 18 1065
102.010000 19 1033
102.010000 20 1089
102.010000 21 1002
102.010000 22 1103
103.010000 0 1138
103.010000 1 1197
103.010000 2 1116
103.010000 3 1140
103.010000 4 1218
103.010000 5 1221
103.010000 6 1231
103.010000 7 1087
103.010000 8 1228
103.010000 9 1167
103.010000 10 1196
103.010000 11 1234
103.010000 12 1197
103.010000 13 1243
103.010000 14 1197
103.010000 15 1185
103.010000 16 1235
103.010000 17 1084
103.010000 18 1186
103.010000 19 1163
103.010000 20 1222
103.010000 21 1138
103.010000 22 1214
104.010000 0 1052
104.010000 1 1090
104.010000 2 1037
104.010000 3 1025
104.010000 4 1143
104.010000 5 1129
104.010000 6 1147
104.010000 7 1009
104.010000 8 1147
104.010000 9 1046
104.010000 10 1136
104.010000 11 1137
104.010000 12 1128
104.010000 13 1126
104.010000 14 1106
104.010000 15 1117
104.010000 16 1141
104.010000 17 969
104.010000 18 1108
104.010000 19 1092
104.010000 20 1129
104.010000 21 1091
104.010000 22 1134
105.010000 0 968
105.010000 1 1046
105.010000 2 1032
105.010000 3 1020
105.010000 4 1101
105.010000 5 1113
105.010000 6 1100
105.010000 7 950
105.010000 8 1102
105.010000 9 1045
105.010000 10 1083
105.010000 11 1103
105.010000 12 1101
105.010000 13 1130
105.010000 14 1038
105.010000 15 1105
105.010000 16 1099
105.010000 17 970
105.010000 18 1039
105.010000 19 1061
105.010000 20 1093
105.010000 21 1021
105.010000 22 1109
106.010000 0 1080
106.010000 1 1033
106.010000 2 1028
106.010000 3 1068
106.010000 4 1132
106.010000 5 1118
106.010000 6 1136
106.010000 7 917
106.010000 8 1139
106.010000 9 1100
106.010000 10 1122
106.010000 11 1144
106.010000 12 1115
106.010000 13 1167
106.010000 14 1119
106.010000 15 1087
106.010000 16 1153
106.010000 17 1024
106.010000 18 1117
106.010000 19 1087
106.010000 20 1136
106.010000 21 1029
106.010000 22 1153
107.010000 0 1295
107.010000 1 1377
107.010000 2 1309
107.010000 3 1369
107.010000 4 1410
107.010000 5 1411
107.010000 6 1436
107.010000 7 1279
107.010000 8 1433
107.010000 9 1365
107.010000 10 1399
107.010000 11 1421
107.010000 12 1394
107.010000 13 1359
107.010000 14 1431
107.010000 15 1375
107.010000 16 1420
107.010000 17 1341
107.010000 18 1333
107.010000 19 1359
107.010000 20 1433
107.010000 21 1353
107.010000 22 1414
108.010000 0 1066
108.010000 1 1188
108.010000 2 1189
108.010000 3 1218
108.010000 4 1261
108.010000 5 1260
108.010000 6 1252
108.010000 7 1066
108.010000 8 1259
108.010000 9 1254
108.010000 10 1230
108.010000 11 1252
108.010000 12 1234
108.010000 13 1205
108.010000 14 1164
108.010000 15 1239
108.010000 16 1235
108.010000 17 1181
108.010000 18 1194
108.010000 19 1222
108.010000 20 1238
108.010000 21 1142
108.010000 22 1234
109.010000 0 1281
109.010000 1 1201
109.010000 2 1103
109.010000 3 1295
109.010000 4 1272
109.010000 5 1195
109.010000 6 1304
109.010000 7 1089
109.010000 8 1302
109.010000 9 1290
109.010000 10 1287
109.010000 11 1311
109.010000 12 1262
109.010000 13 1287
109.010000 14 1303
109.010000 15 1140
109.010000 16 1301
109.010000 17 1264
109.010000 18 1297
109.010000 19 1230
109.010000 20 1320
109.010000 21 1195
109.010000 22 1311
110.010000 0 1147
110.010000 1 1153
110.010000 2 1118
110.010000 3 1201
110.010000 4 1229
110.010000 5 1220
110.010000 6 1233
110.010000 7 1028
110.010000 8 1237
110.010000 9 1219
110.010000 10 1202
110.010000 11 1221
110.010000 12 1176
110.010000 13 1206
110.010000 14 1216
110.010000 15 1196
110.010000 16 1214
110.010000 17 1190
110.010000 18 1191
110.010000 19 1205
110.010000 20 1224
110.010000 21 1109
110.010000 22 1215
111.010000 0 1157
111.010000 1 1404
111.010000 2 1402
111.010000 3 1389
111.010000 4 1481
111.010000 5 1455
111.010000 6 1494
111.010000 7 1316
111.010000 8 1468
111.010000 9 1481
111.010000 10 1456
111.010000 11 1455
111.010000 12 1471
111.010000 13 1441
111.010000 14 1317
111.010000 15 1434
111.010000 16 1451
111.010000 17 1356
111.010000 18 1431
111.010000 19 1461
111.010000 20 1462
111.010000 21 1381
111.010000 22 1438
112.010000 0 1033
112.010000 1 1228
112.010000 2 1100
112.010000 3 1127
112.010000 4 1231
112.010000 5 1233
112.010000 6 1232
112.010000 7 1236
112.010000 8 1269
112.010000 9 1150
112.010000 10 1239
112.010000 11 1247
112.010000 12 1219
112.010000 13 1222
112.010000 14 1113
112.010000 15 1195
112.010000 16 1234
112.010000 17 1039
112.010000 18 1144
112.010000 19 1162
112.010000 20 1235
112.010000 21 1211
112.010000 22 1236
113.010000 0 1232
113.010000 1 1250
113.010000 2 1207
113.010000 3 1268
113.010000 4 1252
113.010000 5 1287
113.010000 6 1312
113.010000 7 1145
113.010000 8 1278
113.010000 9 1279
113.010000 10 1258
113.010000 11 1299
113.010000 12 1282
113.010000 13 1316
113.010000 14 1305
113.010000 15 1249
113.010000 16 1321
113.010000 17 1253
113.010000 18 1293
113.010000 19 1262
113.010000 20 1295
113.010000 21 1237
113.010000 22 1290
114.010000 0 1188
114.010000 1 1156
114.010000 2 1094
114.010000 3 1230
114.010000 4 1068
114.010000 5 1233
114.010000 6 1252
114.010000 7 1201
114.010000 8 1250
114.010000 9 1248
114.010000 10 1188
114.010000 11 1243
114.010000 12 1145
114.010000 13 1230
114.010000 14 1249
114.010000 15 1132
114.010000 16 1239
114.010000 17 1229
114.010000 18 1254
114.010000 19 1149
114.010000 20 1232
114.010000 21 1189
114.010000 22 1236
115.010000 0 1168
115.010000 1 1167
115.010000 2 1186
115.010000 3 1253
115.010000 4 1125
115.010000 5 1251
115.010000 6 1258
115.010000 7 1174
115.010000 8 1265
115.010000 9 1271
115.010000 10 1115
115.010000 11 1257
115.010000 12 1245
115.010000 13 1268
115.010000 14 1226
115.010000 15 1233
115.010000 16 1253
115.010000 17 1206
115.010000 18 1200
115.010000 19 1241
115.010000 20 1241
115.010000 21 1139
115.010000 22 1242
116.010000 0 1114
116.010000 1 1056
116.010000 2 1108
116.010000 3 1160
116.010000 4 1055
116.010000 5 1140
116.010000 6 1178
116.010000 7 1044
116.010000 8 1171
116.010000 9 1174
116.010000 10 1060
116.010000 11 1162
116.010000 12 1148
116.010000 13 1146
116.010000 14 1148
116.010000 15 1110
116.010000 16 1161
116.010000 17 1147
116.010000 18 1164
116.010000 19 1150
116.010000 20 1170
116.010000 21 1048
116.010000 22 1150
117.010000 0 1149
117.010000 1 1112
117.010000 2 1115
117.010000 3 1185
117.010000 4 1091
117.010000 5 1201
117.010000 6 1205
117.010000 7 1085
117.010000 8 1219
117.010000 9 1196
117.010000 10 1072
117.010000 11 1203
117.010000 12 1173
117.010000 13 1198
117.010000 14 1201
117.010000 15 1174
117.010000 16 1192
117.010000 17 1183
117.010000 18 1211
117.010000 19 1173
117.010000 20 1191
117.010000 21 1071
117.010000 22 1204
118.010000 0 1159
118.010000 1 1121
118.010000 2 1203
118.010000 3 1232
118.010000 4 1102
118.010000 5 1212
118.010000 6 1231
118.010000 7 1113
118.010000 8 1222
118.010000 9 1226
118.010000 10 1082
118.010000 11 1237
118.010000 12 1249
118.010000 13 1206
118.010000 14 1181
118.010000 15 1206
118.010000 16 1223
118.010000 17 1190
118.010000 18 1197
118.010000 19 1212
118.010000 20 1224
118.010000 21 1130
118.010000 22 1214
119.010000 0 1149
119.010000 1 1211
119.010000 2 1090
119.010000 3 1211
119.010000 4 1217
119.010000 5 1207
119.010000 6 1258
119.010000 7 1170
119.010000 8 1267
119.010000 9 1213
119.010000 10 1197
119.010000 11 1231
119.010000 12 1209
119.010000 13 1221
119.010000 14 1214
119.010000 15 1199
119.010000 16 1251
119.010000 17 1157
119.010000 18 1195
119.010000 19 1213
119.010000 20 1240
119.010000 21 1155
119.010000 22 1242
120.010000 0 1074
120.010000 1 1092
120.010000 2 1119
120.010000 3 1079
120.010000 4 1072
120.010000 5 1167
120.010000 6 1165
120.010000 7 1077
120.010000 8 1172
120.010000 9 1120
120.010000 10 1074
120.010000 11 1177
120.010000 12 1185
120.010000 13 1176
120.010000 14 1140
120.010000 15 1165
120.010000 16 1169
120.010000 17 1031
120.010000 18 1115
120.010000 19 1150
120.010000 20 1155
120.010000 21 1090
120.010000 22 1157
121.010000 0 1295
121.010000 1 1355
121.010000 2 1242
121.010000 3 1403
121.010000 4 1334
121.010000 5 1394
121.010000 6 1419
121.010000 7 1360
121.010000 8 1415
121.010000 9 1388
121.010000 10 1323
121.010000 11 1423
121.010000 12 1331
121.010000 13 1407
121.010000 14 1387
121.010000 15 1318
121.010000 16 1438
121.010000 17 1379
121.010000 18 1365
121.010000 19 1330
121.010000 20 1431
121.010000 21 1324
121.010000 22 1407
122.010000 0 1243
122.010000 1 1337
122.010000 2 1317
122.010000 3 1323
122.010000 4 1304
122.010000 5 1397
122.010000 6 1412
122.010000 7 1358
122.010000 8 1404
122.010000 9 1412
122.010000 10 1272
122.010000 11 1414
122.010000 12 1379
122.010000 13 1383
122.010000 14 1386
122.010000 15 1355
122.010000 16 1361
122.010000 17 1316
122.010000 18 1386
122.010000 19 1366
122.010000 20 1383
122.010000 21 1297
122.010000 22 1387
123.010000 0 1207
123.010000 1 1178
123.010000 2 1187
123.010000 3 1259
123.010000 4 1125
123.010000 5 1239
123.010000 6 1284
123.010000 7 1187
123.010000 8 1266
123.010000 9 1282
123.010000 10 1179
123.010000 11 1244
123.010000 12 1232
123.010000 13 1257
123.010000 14 1260
123.010000 15 1191
123.010000 16 1267
123.010000 17 1250
123.010000 18 1273
123.010000 19 1244
123.010000 20 1263
123.010000 21 1196
123.010000 22 1252
124.010000 0 1176
124.010000 1 1131
124.010000 2 1150
124.010000 3 1217
124.010000 4 1122
124.010000 5 1211
124.010000 6 1227
124.010000 7 1100
124.010000 8 1232
124.010000 9 1201
124.010000 10 1108
124.010000 11 1227
124.010000 12 1218
124.010000 13 1185
124.010000 14 1226
124.010000 15 1198
124.010000 16 1241
124.010000 17 1191
124.010000 18 1205
124.010000 19 1196
124.010000 20 1212
124.010000 21 1119
124.010000 22 1209
125.010000 0 1159
125.010000 1 1147
125.010000 2 1131
125.010000 3 1220
125.010000 4 1132
125.010000 5 1206
125.010000 6 1232
125.010000 7 1105
125.010000 8 1218
125.010000 9 1242
125.010000 10 1137
125.010000 11 1221
125.010000 12 1186
125.010000 13 1223
125.010000 14 1218
125.010000 15 1149
125.010000 16 1208
125.010000 17 1216
125.010000 18 1217
125.010000 19 1172
125.010000 20 1210
125.010000 21 1134
125.010000 22 1209
126.010000 0 1312
126.010000 1 1413
126.010000 2 1403
126.010000 3 1452
126.010000 4 1351
126.010000 5 1474
126.010000 6 1483
126.010000 7 1405
126.010000 8 1487
126.010000 9 1497
126.010000 10 1386
126.010000 11 1485
126.010000 12 1463
126.010000 13 1476
126.010000 14 1400
126.010000 15 1444
126.010000 16 1463
126.010000 17 1396
126.010000 18 1425
126.010000 19 1473
126.010000 20 1471
126.010000 21 1402
126.010000 22 1466
127.010000 0 1179
127.010000 1 1188
127.010000 2 1210
127.010000 3 1262
127.010000 4 1189
127.010000 5 1260
127.010000 6 1282
127.010000 7 1192
127.010000 8 1292
127.010000 9 1272
127.010000 10 1144
127.010000 11 1272
127.010000 12 1273
127.010000 13 1261
127.010000 14 1245
127.010000 15 1253
127.010000 16 1290
127.010000 17 1230
127.010000 18 1246
127.010000 19 1273
127.010000 20 1272
127.010000 21 1172
127.010000 22 1264
128.010000 0 1043
128.010000 1 1023
128.010000 2 1116
128.010000 3 1091
128.010000 4 1013
128.010000 5 1104
128.010000 6 1118
128.010000 7 963
128.010000 8 1104
128.010000 9 1114
128.010000 10 978
128.010000 11 1096
128.010000 12 1125
128.010000 13 1089
128.010000 14 1100
128.010000 15 1101
128.010000 16 1107
128.010000 17 1077
128.010000 18 1099
128.010000 19 1130
128.010000 20 1101
128.010000 21 1006
128.010000 22 1088
129.010000 0 1318
129.010000 1 1289
129.010000 2 1200
129.010000 3 1368
129.010000 4 1254
129.010000 5 1330
129.010000 6 1373
129.010000 7 1272
129.010000 8 1369
129.010000 9 1364
129.010000 10 1279
129.010000 11 1372
129.010000 12 1331
129.010000 13 1348
129.010000 14 1372
129.010000 15 1296
129.010000 16 1359
129.010000 17 1362
129.010000 18 1362
129.010000 19 1298
129.010000 20 1354
129.010000 21 1269
129.010000 22 1359
130.010000 0 1156
130.010000 1 1094
130.010000 2 1129
130.010000 3 1206
130.010000 4 1085
130.010000 5 1195
130.010000 6 1195
130.010000 7 1080
130.010000 8 1195
130.010000 9 1192
130.010000 10 1049
130.010000 11 1212
130.010000 12 1190
130.010000 13 1199
130.010000 14 1183
130.010000 15 1191
130.010000 16 1180
130.010000 17 1188
130.010000 18 1187
130.010000 19 1177
130.010000 20 1210
130.010000 21 1066
130.010000 22 1187
131.010000 0 1149
131.010000 1 1199
131.010000 2 1226
131.010000 3 1230
131.010000 4 1192
131.010000 5 1270
131.010000 6 1298
131.010000 7 1174
131.010000 8 1290
131.010000 9 1286
131.010000 10 1192
131.010000 11 1281
131.010000 12 1286
131.010000 13 1275
131.010000 14 1250
131.010000 15 1252
131.010000 16 1284
131.010000 17 1188
131.010000 18 1236
131.010000 19 1267
131.010000 20 1270
131.010000 21 1181
131.010000 22 1275
132.010000 0 1161
132.010000 1 1153
132.010000 2 1165
132.010000 3 1221
132.010000 4 1152
132.010000 5 1230
132.010000 6 1214
132.010000 7 1110
132.010000 8 1234
132.010000 9 1225
132.010000 10 1098
132.010000 11 1248
132.010000 12 1217
132.010000 13 1208
132.010000 14 1203
132.010000 15 1219
132.010000 16 1223
132.010000 17 1179
132.010000 18 1188
132.010000 19 1222
132.010000 20 1223
132.010000 21 1113
132.010000 22 1235
133.010000 0 1337
133.010000 1 1373
133.010000 2 1326
133.010000 3 1409
133.010000 4 1341
133.010000 5 1411
133.010000 6 1468
133.010000 7 1363
133.010000 8 1447
133.010000 9 1461
133.010000 10 1347
133.010000 11 1449
133.010000 12 1404
133.010000 13 1441
133.010000 14 1451
133.010000 15 1331
133.010000 16 1442
133.010000 17 1405
133.010000 18 1441
133.010000 19 1371
133.010000 20 1438
133.010000 21 1347
133.010000 22 1422
134.010000 0 1189
134.010000 1 1166
134.010000 2 1161
134.010000 3 1239
134.010000 4 1154
134.010000 5 1241
134.010000 6 1259
134.010000 7 1136
134.010000 8 1266
134.010000 9 1248
134.010000 10 1123
134.010000 11 1229
134.010000 12 1226
134.010000 13 1258
134.010000 14 1258
134.010000 15 1234
134.010000 16 1264
134.010000 17 1233
134.010000 18 1241
134.010000 19 1247
134.010000 20 1245
134.010000 21 1145
134.010000 22 1262
135.010000 0 1146
135.010000 1 1110
135.010000 2 1107
135.010000 3 1186
135.010000 4 1108
135.010000 5 1182
135.010000 6 1189
135.010000 7 1074
135.010000 8 1186
135.010000 9 1195
135.010000 10 1081
135.010000 11 1213
135.010000 12 1155
135.010000 13 1173
135.010000 14 1200
135.010000 15 1131
135.010000 16 1198
135.010000 17 1171
135.010000 18 1172
135.010000 19 1143
135.010000 20 1186
135.010000 21 1079
135.010000 22 1172
136.010000 0 1217
136.010000 1 1229
136.010000 2 1143
136.010000 3 1307
136.010000 4 1235
136.010000 5 1296
136.010000 6 1316
136.010000 7 1247
136.010000 8 1325
136.010000 9 1321
136.010000 10 1259
136.010000 11 1301
136.010000 12 1239
136.010000 13 1298
136.010000 14 1292
136.010000 15 1233
136.010000 16 1307
136.010000 17 1254
136.010000 18 1256
136.010000 19 1224
136.010000 20 1300
136.010000 21 1240
136.010000 22 1300
137.010000 0 1156
137.010000 1 1189
137.010000 2 1169
137.010000 3 1314
137.010000 4 1265
137.010000 5 1280
137.010000 6 1313
137.010000 7 1190
137.010000 8 1296
137.010000 9 1315
137.010000 10 1252
137.010000 11 1292
137.010000 12 1235
137.010000 13 1285
137.010000 14 1229
137.010000 15 1202
137.010000 16 1316
137.010000 17 1289
137.010000 18 1272
137.010000 19 1231
137.010000 20 1285
137.010000 21 1228
137.010000 22 1284
138.010000 0 1150
138.010000 1 1094
138.010000 2 1144
138.010000 3 1156
138.010000 4 1180
138.010000 5 1192
138.010000 6 1184
138.010000 7 940
138.010000 8 1195
138.010000 9 1179
138.010000 10 1161
138.010000 11 1182
138.010000 12 1189
138.010000 13 1165
138.010000 14 1192
138.010000 15 1171
138.010000 16 1172
138.010000 17 1149
138.010000 18 1173
138.010000 19 1169
138.010000 20 1170
138.010000 21 1065
138.010000 22 1174
139.010000 0 1179
139.010000 1 1153
139.010000 2 1137
139.010000 3 1204
139.010000 4 1247
139.010000 5 1228
139.010000 6 1243
139.010000 7 998
139.010000 8 1262
139.010000 9 1235
139.010000 10 1236
139.010000 11 1240
139.010000 12 1212
139.010000 13 1217
139.010000 14 1249
139.010000 15 1223
139.010000 16 1227
139.010000 17 1194
139.010000 18 1245
139.010000 19 1233
139.010000 20 1234
139.010000 21 1102
139.010000 22 1224
140.010000 0 1204
140.010000 1 1174
140.010000 2 1142
140.010000 3 1297
140.010000 4 1296
140.010000 5 1269
140.010000 6 1311
140.010000 7 1126
140.010000 8 1305
140.010000 9 1317
140.010000 10 1289
140.010000 11 1304
140.010000 12 1214
140.010000 13 1297
140.010000 14 1261
140.010000 15 1180
140.010000 16 1305
140.010000 17 1250
140.010000 18 1257
140.010000 19 1224
140.010000 20 1321
140.010000 21 1220
140.010000 22 1287
141.010000 0 1136
141.010000 1 1123
141.010000 2 1084
141.010000 3 1198
141.010000 4 1224
141.010000 5 1221
141.010000 6 1211
141.010000 7 1047
141.010000 8 1253
141.010000 9 1231
141.010000 10 1187
141.010000 11 1225
141.010000 12 1174
141.010000 13 1204
141.010000 14 1205
141.010000 15 1174
141.010000 16 1213
141.010000 17 1169
141.010000 18 1184
141.010000 19 1136
141.010000 20 1208
141.010000 21 1135
141.010000 22 1207
142.010000 0 1183
142.010000 1 1177
142.010000 2 1197
142.010000 3 1241
142.010000 4 1260
142.010000 5 1239
142.010000 6 1253
142.010000 7 1048
142.010000 8 1234
142.010000 9 1260
142.010000 10 1232
142.010000 11 1260
142.010000 12 1255
142.010000 13 1241
142.010000 14 1245
142.010000 15 1229
142.010000 16 1255
142.010000 17 1215
142.010000 18 1234
142.010000 19 1269
142.010000 20 1251
142.010000 21 1148
142.010000 22 1244
143.010000 0 1126
143.010000 1 1119
143.010000 2 1112
143.010000 3 1154
143.010000 4 1191
143.010000 5 1197
143.010000 6 1172
143.010000 7 1008
143.010000 8 1200
143.010000 9 1201
143.010000 10 1141
143.010000 11 1192
143.010000 12 1187
143.010000 13 1174
143.010000 14 1180
143.010000 15 1190
143.010000 16 1189
143.010000 17 1129
143.010000 18 1177
143.010000 19 1162
143.010000 20 1181
143.010000 21 1101
143.010000 22 1164
144.010000 0 1096
144.010000 1 1114
144.010000 2 1083
144.010000 3 1162
144.010000 4 1170
144.010000 5 1139
144.010000 6 1143
144.010000 7 1011
144.010000 8 1168
144.010000 9 1161
144.010000 10 1114
144.010000 11 1169
144.010000 12 1172
144.010000 13 1152
144.010000 14 1138
144.010000 15 1132
144.010000 16 1169
144.010000 17 1133
144.010000 18 1140
144.010000 19 1139
144.010000 20 1171
144.010000 21 1072
144.010000 22 1150
145.010000 0 1105
145.010000 1 1060
145.010000 2 1095
145.010000 3 1141
145.010000 4 1148
145.010000 5 1170
145.010000 6 1152
145.010000 7 963
145.010000 8 1151
145.010000 9 1164
145.010000 10 1134
145.010000 11 1172
145.010000 12 1129
145.010000 13 1154
145.010000 14 1148
145.010000 15 1115
145.010000 16 1163
145.010000 17 1126
145.010000 18 1140
145.010000 19 1112
145.010000 20 1156
145.010000 21 1053
145.010000 22 1148
146.010000 0 1127
146.010000 1 1042
146.010000 2 1119
146.010000 3 1171
146.010000 4 1151
146.010000 5 1152
146.010000 6 1160
146.010000 7 876
146.010000 8 1143
146.010000 9 1162
146.010000 10 1123
146.010000 11 1147
146.010000 12 1140
146.010000 13 1136
146.010000 14 1152
146.010000 15 1140
146.010000 16 1148
146.010000 17 1170
146.010000 18 1161
146.010000 19 1153
146.010000 20 1139
146.010000 21 1025
146.010000 22 1136
147.010000 0 1033
147.010000 1 1009
147.010000 2 1049
147.010000 3 1102
147.010000 4 1095
147.010000 5 1094
147.010000 6 1111
147.010000 7 906
147.010000 8 1118
147.010000 9 1120
147.010000 10 1090
147.010000 11 1106
147.010000 12 1080
147.010000 13 1095
147.010000 14 1072
147.010000 15 1047
147.010000 16 1110
147.010000 17 1071
147.010000 18 1083
147.010000 19 1082
147.010000 20 1099
147.010000 21 1001
147.010000 22 1087
148.010000 0 1078
148.010000 1 1130
148.010000 2 1044
148.010000 3 1153
148.010000 4 1225
148.010000 5 1199
148.010000 6 1215
148.010000 7 1123
148.010000 8 1232
148.010000 9 1233
148.010000 10 1199
148.010000 11 1220
148.010000 12 1168
148.010000 13 1207
148.010000 14 1174
148.010000 15 1117
148.010000 16 1230
148.010000 17 1099
148.010000 18 1175
148.010000 19 1098
148.010000 20 1238
148.010000 21 1194
148.010000 22 1239
149.010000 0 1225
149.010000 1 1200
149.010000 2 1108
149.010000 3 1265
149.010000 4 1303
149.010000 5 1253
149.010000 6 1297
149.010000 7 1106
149.010000 8 1305
149.010000 9 1297
149.010000 10 1263
149.010000 11 1306
149.010000 12 1234
149.010000 13 1293
149.010000 14 1295
149.010000 15 1215
149.010000 16 1288
149.010000 17 1252
149.010000 18 1303
149.010000 19 1247
149.010000 20 1285
149.010000 21 1178
149.010000 22 1279
