0.010000 0 17
0.010000 1 18
0.010000 2 15
0.010000 3 17
0.010000 4 12
0.010000 5 18
0.010000 6 11
0.010000 7 18
1.010000 0 157
1.010000 1 181
1.010000 2 153
1.010000 3 166
1.010000 4 158
1.010000 5 182
1.010000 6 173
1.010000 7 174
2.010000 0 106
2.010000 1 115
2.010000 2 108
2.010000 3 116
2.010000 4 108
2.010000 5 120
2.010000 6 116
2.010000 7 114
3.010000 0 103
3.010000 1 118
3.010000 2 101
3.010000 3 111
3.010000 4 103
3.010000 5 115
3.010000 6 111
3.010000 7 106
4.010000 0 102
4.010000 1 114
4.010000 2 102
4.010000 3 110
4.010000 4 103
4.010000 5 115
4.010000 6 111
4.010000 7 111
5.010000 0 105
5.010000 1 116
5.010000 2 105
5.010000 3 112
5.010000 4 104
5.010000 5 117
5.010000 6 112
5.010000 7 111
6.010000 0 101
6.010000 1 113
6.010000 2 100
6.010000 3 109
6.010000 4 100
6.010000 5 113
6.010000 6 109
6.010000 7 109
7.010000 0 95
7.010000 1 104
7.010000 2 97
7.010000 3 103
7.010000 4 95
7.010000 5 107
7.010000 6 103
7.010000 7 108
8.010000 0 100
8.010000 1 113
8.010000 2 101
8.010000 3 108
8.010000 4 101
8.010000 5 113
8.010000 6 109
8.010000 7 109
9.010000 0 110
9.010000 1 122
9.010000 2 110
9.010000 3 120
9.010000 4 112
9.010000 5 124
9.010000 6 120
9.010000 7 113
10.010000 0 101
10.010000 1 113
10.010000 2 99
10.010000 3 105
10.010000 4 97
10.010000 5 111
10.010000 6 100
10.010000 7 114
11.010000 0 86
11.010000 1 98
11.010000 2 88
11.010000 3 96
11.010000 4 88
11.010000 5 98
11.010000 6 101
11.010000 7 94
12.010000 0 110
12.010000 1 122
12.010000 2 110
12.010000 3 120
12.010000 4 112
12.010000 5 124
12.010000 6 120
12.010000 7 113
13.010000 0 82
13.010000 1 92
13.010000 2 89
13.010000 3 86
13.010000 4 78
13.010000 5 90
13.010000 6 81
13.010000 7 95
14.010000 0 97
14.010000 1 109
14.010000 2 99
14.010000 3 109
14.010000 4 101
14.010000 5 111
14.010000 6 114
14.010000 7 100
15.010000 0 110
15.010000 1 124
15.010000 2 113
15.010000 3 121
15.010000 4 110
15.010000 5 119
15.010000 6 121
15.010000 7 120
16.010000 0 517
16.010000 1 495
16.010000 2 451
16.010000 3 456
16.010000 4 441
16.010000 5 504
16.010000 6 536
16.010000 7 457
17.010000 0 504
17.010000 1 478
17.010000 2 419
17.010000 3 427
17.010000 4 421
17.010000 5 472
17.010000 6 509
17.010000 7 431
18.010000 0 514
18.010000 1 477
18.010000 2 428
18.010000 3 437
18.010000 4 432
18.010000 5 487
18.010000 6 512
18.010000 7 437
19.010000 0 499
19.010000 1 467
19.010000 2 410
19.010000 3 420
19.010000 4 410
19.010000 5 467
19.010000 6 499
19.010000 7 426
20.010000 0 522
20.010000 1 492
20.010000 2 431
20.010000 3 444
20.010000 4 438
20.010000 5 490
20.010000 6 528
20.010000 7 442
21.010000 0 519
21.010000 1 487
21.010000 2 431
21.010000 3 443
21.010000 4 441
21.010000 5 493
21.010000 6 527
21.010000 7 439
22.010000 0 481
22.010000 1 453
22.010000 2 414
22.010000 3 409
22.010000 4 394
22.010000 5 447
22.010000 6 489
22.010000 7 413
23.010000 0 514
23.010000 1 482
23.010000 2 426
23.010000 3 440
23.010000 4 439
23.010000 5 488
23.010000 6 522
23.010000 7 434
24.010000 0 466
24.010000 1 445
24.010000 2 398
24.010000 3 412
24.010000 4 406
24.010000 5 447
24.010000 6 485
24.010000 7 399
25.010000 0 481
25.010000 1 446
25.010000 2 393
25.010000 3 397
25.010000 4 400
25.010000 5 450
25.010000 6 478
25.010000 7 406
26.010000 0 489
26.010000 1 472
26.010000 2 425
26.010000 3 432
26.010000 4 418
26.010000 5 469
26.010000 6 508
26.010000 7 434
27.010000 0 487
27.010000 1 450
27.010000 2 396
27.010000 3 403
27.010000 4 396
27.010000 5 447
27.010000 6 482
27.010000 7 404
28.010000 0 493
28.010000 1 464
28.010000 2 412
28.010000 3 423
28.010000 4 417
28.010000 5 467
28.010000 6 501
28.010000 7 421
29.010000 0 429
29.010000 1 405
29.010000 2 363
29.010000 3 363
29.010000 4 356
29.010000 5 403
29.010000 6 435
29.010000 7 368
30.010000 0 486
30.010000 1 458
30.010000 2 404
30.010000 3 414
30.010000 4 418
30.010000 5 463
30.010000 6 492
30.010000 7 414
31.010000 0 538
31.010000 1 509
31.010000 2 446
31.010000 3 465
31.010000 4 451
31.010000 5 510
31.010000 6 547
31.010000 7 461
32.010000 0 496
32.010000 1 468
32.010000 2 420
32.010000 3 425
32.010000 4 413
32.010000 5 466
32.010000 6 504
32.010000 7 427
33.010000 0 449
33.010000 1 423
33.010000 2 382
33.010000 3 383
33.010000 4 377
33.010000 5 423
33.010000 6 457
33.010000 7 382
34.010000 0 507
34.010000 1 479
34.010000 2 428
34.010000 3 430
34.010000 4 425
34.010000 5 479
34.010000 6 513
34.010000 7 435
35.010000 0 518
35.010000 1 486
35.010000 2 429
35.010000 3 447
35.010000 4 439
35.010000 5 489
35.010000 6 527
35.010000 7 438
36.010000 0 465
36.010000 1 441
36.010000 2 397
36.010000 3 401
36.010000 4 390
36.010000 5 440
36.010000 6 473
36.010000 7 402
37.010000 0 556
37.010000 1 529
37.010000 2 469
37.010000 3 487
37.010000 4 485
37.010000 5 537
37.010000 6 574
37.010000 7 479
38.010000 0 469
38.010000 1 438
38.010000 2 386
38.010000 3 386
38.010000 4 374
38.010000 5 427
38.010000 6 464
38.010000 7 395
39.010000 0 507
39.010000 1 478
39.010000 2 426
39.010000 3 439
39.010000 4 432
39.010000 5 483
39.010000 6 516
39.010000 7 429
40.010000 0 509
40.010000 1 481
40.010000 2 429
40.010000 3 434
40.010000 4 424
40.010000 5 479
40.010000 6 517
40.010000 7 437
41.010000 0 490
41.010000 1 462
41.010000 2 410
41.010000 3 421
41.010000 4 414
41.010000 5 464
41.010000 6 498
41.010000 7 418
42.010000 0 480
42.010000 1 458
42.010000 2 412
42.010000 3 409
42.010000 4 392
42.010000 5 448
42.010000 6 488
42.010000 7 420
43.010000 0 511
43.010000 1 480
43.010000 2 428
43.010000 3 439
43.010000 4 434
43.010000 5 484
43.010000 6 520
43.010000 7 435
44.010000 0 520
44.010000 1 490
44.010000 2 431
44.010000 3 444
44.010000 4 441
44.010000 5 494
44.010000 6 527
44.010000 7 440
45.010000 0 501
45.010000 1 476
45.010000 2 426
45.010000 3 434
45.010000 4 423
45.010000 5 475
45.010000 6 512
45.010000 7 428
46.010000 0 527
46.010000 1 497
46.010000 2 443
46.010000 3 449
46.010000 4 439
46.010000 5 495
46.010000 6 535
46.010000 7 451
47.010000 0 493
47.010000 1 461
47.010000 2 407
47.010000 3 424
47.010000 4 423
47.010000 5 469
47.010000 6 508
47.010000 7 413
48.010000 0 543
48.010000 1 517
48.010000 2 453
48.010000 3 466
48.010000 4 455
48.010000 5 510
48.010000 6 544
48.010000 7 474
49.010000 0 448
49.010000 1 429
49.010000 2 377
49.010000 3 380
49.010000 4 368
49.010000 5 418
49.010000 6 461
49.010000 7 388
50.010000 0 526
50.010000 1 498
50.010000 2 448
50.010000 3 451
50.010000 4 436
50.010000 5 495
50.010000 6 527
50.010000 7 455
51.010000 0 487
51.010000 1 460
51.010000 2 414
51.010000 3 419
51.010000 4 409
51.010000 5 461
51.010000 6 497
51.010000 7 423
52.010000 0 475
52.010000 1 446
52.010000 2 404
52.010000 3 405
52.010000 4 400
52.010000 5 448
52.010000 6 484
52.010000 7 403
53.010000 0 509
53.010000 1 481
53.010000 2 428
53.010000 3 434
53.010000 4 425
53.010000 5 479
53.010000 6 517
53.010000 7 437
54.010000 0 570
54.010000 1 537
54.010000 2 471
54.010000 3 494
54.010000 4 488
54.010000 5 544
54.010000 6 580
54.010000 7 481
55.010000 0 514
55.010000 1 482
55.010000 2 427
55.010000 3 436
55.010000 4 430
55.010000 5 486
55.010000 6 520
55.010000 7 436
56.010000 0 502
56.010000 1 472
56.010000 2 420
56.010000 3 424
56.010000 4 416
56.010000 5 471
56.010000 6 508
56.010000 7 434
57.010000 0 528
57.010000 1 499
57.010000 2 440
57.010000 3 455
57.010000 4 449
57.010000 5 497
57.010000 6 538
57.010000 7 451
58.010000 0 467
58.010000 1 440
58.010000 2 390
58.010000 3 400
58.010000 4 395
58.010000 5 446
58.010000 6 474
58.010000 7 397
59.010000 0 501
59.010000 1 477
59.010000 2 427
59.010000 3 431
59.010000 4 417
59.010000 5 470
59.010000 6 511
59.010000 7 434
60.010000 0 551
60.010000 1 517
60.010000 2 458
60.010000 3 469
60.010000 4 464
60.010000 5 519
60.010000 6 559
60.010000 7 467
61.010000 0 509
61.010000 1 479
61.010000 2 425
61.010000 3 435
61.010000 4 430
61.010000 5 481
61.010000 6 516
61.010000 7 435
62.010000 0 469
62.010000 1 443
62.010000 2 394
62.010000 3 404
62.010000 4 397
62.010000 5 445
62.010000 6 477
62.010000 7 401
63.010000 0 536
63.010000 1 506
63.010000 2 448
63.010000 3 457
63.010000 4 449
63.010000 5 506
63.010000 6 537
63.010000 7 460
64.010000 0 521
64.010000 1 489
64.010000 2 433
64.010000 3 447
64.010000 4 440
64.010000 5 492
64.010000 6 531
64.010000 7 441
65.010000 0 497
65.010000 1 468
65.010000 2 411
65.010000 3 423
65.010000 4 420
65.010000 5 469
65.010000 6 508
65.010000 7 416
66.010000 0 541
66.010000 1 507
66.010000 2 451
66.010000 3 462
66.010000 4 458
66.010000 5 512
66.010000 6 550
66.010000 7 460
67.010000 0 517
67.010000 1 483
67.010000 2 428
67.010000 3 433
67.010000 4 425
67.010000 5 481
67.010000 6 510
67.010000 7 433
68.010000 0 452
68.010000 1 423
68.010000 2 378
68.010000 3 383
68.010000 4 378
68.010000 5 428
68.010000 6 464
68.010000 7 391
69.010000 0 482
69.010000 1 456
69.010000 2 406
69.010000 3 418
69.010000 4 412
69.010000 5 460
69.010000 6 492
69.010000 7 409
70.010000 0 547
70.010000 1 514
70.010000 2 457
70.010000 3 464
70.010000 4 455
70.010000 5 514
70.010000 6 547
70.010000 7 471
71.010000 0 476
71.010000 1 450
71.010000 2 398
71.010000 3 408
71.010000 4 402
71.010000 5 450
71.010000 6 490
71.010000 7 405
72.010000 0 488
72.010000 1 462
72.010000 2 412
72.010000 3 417
72.010000 4 408
72.010000 5 460
72.010000 6 496
72.010000 7 420
73.010000 0 508
73.010000 1 469
73.010000 2 417
73.010000 3 427
73.010000 4 423
73.010000 5 475
73.010000 6 500
73.010000 7 421
74.010000 0 501
74.010000 1 478
74.010000 2 426
74.010000 3 428
74.010000 4 413
74.010000 5 470
74.010000 6 510
74.010000 7 435
75.010000 0 509
75.010000 1 479
75.010000 2 426
75.010000 3 438
75.010000 4 432
75.010000 5 482
75.010000 6 518
75.010000 7 433
76.010000 0 513
76.010000 1 490
76.010000 2 434
76.010000 3 453
76.010000 4 451
76.010000 5 500
76.010000 6 532
76.010000 7 442
77.010000 0 490
77.010000 1 459
77.010000 2 420
77.010000 3 417
77.010000 4 405
77.010000 5 457
77.010000 6 497
77.010000 7 418
78.010000 0 512
78.010000 1 485
78.010000 2 430
78.010000 3 438
78.010000 4 428
78.010000 5 483
78.010000 6 521
78.010000 7 441
79.010000 0 480
79.010000 1 454
79.010000 2 404
79.010000 3 411
79.010000 4 404
79.010000 5 454
79.010000 6 488
79.010000 7 412
80.010000 0 487
80.010000 1 465
80.010000 2 417
80.010000 3 419
80.010000 4 403
80.010000 5 459
80.010000 6 496
80.010000 7 424
81.010000 0 519
81.010000 1 490
81.010000 2 432
81.010000 3 441
81.010000 4 433
81.010000 5 487
81.010000 6 525
81.010000 7 439
82.010000 0 499
82.010000 1 469
82.010000 2 415
82.010000 3 429
82.010000 4 425
82.010000 5 473
82.010000 6 507
82.010000 7 423
83.010000 0 524
83.010000 1 494
83.010000 2 440
83.010000 3 445
83.010000 4 438
83.010000 5 494
83.010000 6 531
83.010000 7 449
84.010000 0 490
84.010000 1 466
84.010000 2 414
84.010000 3 425
84.010000 4 419
84.010000 5 469
84.010000 6 503
84.010000 7 426
85.010000 0 484
85.010000 1 449
85.010000 2 399
85.010000 3 402
85.010000 4 391
85.010000 5 445
85.010000 6 482
85.010000 7 407
86.010000 0 468
86.010000 1 449
86.010000 2 400
86.010000 3 411
86.010000 4 413
86.010000 5 451
86.010000 6 486
86.010000 7 407
87.010000 0 495
87.010000 1 464
87.010000 2 412
87.010000 3 412
87.010000 4 394
87.010000 5 457
87.010000 6 491
87.010000 7 424
88.010000 0 496
88.010000 1 468
88.010000 2 413
88.010000 3 430
88.010000 4 427
88.010000 5 471
88.010000 6 506
88.010000 7 422
89.010000 0 537
89.010000 1 518
89.010000 2 464
89.010000 3 475
89.010000 4 463
89.010000 5 517
89.010000 6 558
89.010000 7 472
90.010000 0 509
90.010000 1 481
90.010000 2 429
90.010000 3 435
90.010000 4 424
90.010000 5 479
90.010000 6 517
90.010000 7 436
91.010000 0 510
91.010000 1 483
91.010000 2 428
91.010000 3 434
91.010000 4 431
91.010000 5 484
91.010000 6 515
91.010000 7 439
92.010000 0 492
92.010000 1 453
92.010000 2 401
92.010000 3 410
92.010000 4 405
92.010000 5 460
92.010000 6 489
92.010000 7 404
93.010000 0 496
93.010000 1 474
93.010000 2 422
93.010000 3 435
93.010000 4 438
93.010000 5 480
93.010000 6 516
93.010000 7 428
94.010000 0 485
94.010000 1 459
94.010000 2 409
94.010000 3 412
94.010000 4 398
94.010000 5 452
94.010000 6 491
94.010000 7 422
95.010000 0 534
95.010000 1 507
95.010000 2 451
95.010000 3 460
95.010000 4 444
95.010000 5 507
95.010000 6 542
95.010000 7 461
96.010000 0 473
96.010000 1 451
96.010000 2 403
96.010000 3 410
96.010000 4 397
96.010000 5 444
96.010000 6 483
96.010000 7 411
97.010000 0 492
97.010000 1 464
97.010000 2 412
97.010000 3 421
97.010000 4 416
97.010000 5 466
97.010000 6 500
97.010000 7 420
98.010000 0 520
98.010000 1 486
98.010000 2 432
98.010000 3 446
98.010000 4 441
98.010000 5 491
98.010000 6 535
98.010000 7 436
99.010000 0 496
99.010000 1 479
99.010000 2 430
99.010000 3 427
99.010000 4 407
99.010000 5 467
99.010000 6 509
99.010000 7 439
100.010000 0 503
100.010000 1 476
100.010000 2 427
100.010000 3 437
100.010000 4 430
100.010000 5 484
100.010000 6 517
100.010000 7 436
101.010000 0 510
101.010000 1 482
101.010000 2 432
101.010000 3 437
101.010000 4 424
101.010000 5 480
101.010000 6 511
101.010000 7 441
102.010000 0 512
102.010000 1 482
102.010000 2 428
102.010000 3 437
102.010000 4 432
102.010000 5 484
102.010000 6 520
102.010000 7 436
103.010000 0 504
103.010000 1 476
103.010000 2 424
103.010000 3 433
103.010000 4 423
103.010000 5 472
103.010000 6 512
103.010000 7 431
104.010000 0 524
104.010000 1 488
104.010000 2 428
104.010000 3 436
104.010000 4 431
104.010000 5 488
104.010000 6 523
104.010000 7 441
105.010000 0 475
105.010000 1 445
105.010000 2 404
105.010000 3 406
105.010000 4 400
105.010000 5 448
105.010000 6 484
105.010000 7 403
106.010000 0 532
106.010000 1 504
106.010000 2 438
106.010000 3 457
106.010000 4 452
106.010000 5 506
106.010000 6 540
106.010000 7 456
107.010000 0 472
107.010000 1 448
107.010000 2 403
107.010000 3 405
107.010000 4 391
107.010000 5 444
107.010000 6 480
107.010000 7 408
108.010000 0 520
108.010000 1 486
108.010000 2 438
108.010000 3 440
108.010000 4 435
108.010000 5 486
108.010000 6 528
108.010000 7 440
109.010000 0 510
109.010000 1 484
109.010000 2 430
109.010000 3 439
109.010000 4 431
109.010000 5 486
109.010000 6 512
109.010000 7 439
110.010000 0 475
110.010000 1 447
110.010000 2 404
110.010000 3 405
110.010000 4 398
110.010000 5 446
110.010000 6 492
110.010000 7 405
111.010000 0 523
111.010000 1 491
111.010000 2 435
111.010000 3 447
111.010000 4 443
111.010000 5 495
111.010000 6 531
111.010000 7 443
112.010000 0 539
112.010000 1 511
112.010000 2 450
112.010000 3 464
112.010000 4 450
112.010000 5 511
112.010000 6 547
112.010000 7 462
113.010000 0 460
113.010000 1 434
113.010000 2 388
113.010000 3 390
113.010000 4 388
113.010000 5 432
113.010000 6 467
113.010000 7 394
114.010000 0 522
114.010000 1 496
114.010000 2 436
114.010000 3 449
114.010000 4 438
114.010000 5 494
114.010000 6 530
114.010000 7 450
115.010000 0 485
115.010000 1 460
115.010000 2 409
115.010000 3 419
115.010000 4 411
115.010000 5 461
115.010000 6 495
115.010000 7 416
116.010000 0 471
116.010000 1 441
116.010000 2 400
116.010000 3 402
116.010000 4 395
116.010000 5 443
116.010000 6 479
116.010000 7 399
117.010000 0 501
117.010000 1 469
117.010000 2 416
117.010000 3 430
117.010000 4 428
117.010000 5 476
117.010000 6 509
117.010000 7 425
118.010000 0 516
118.010000 1 486
118.010000 2 431
118.010000 3 442
118.010000 4 434
118.010000 5 488
118.010000 6 524
118.010000 7 438
119.010000 0 539
119.010000 1 511
119.010000 2 445
119.010000 3 464
119.010000 4 455
119.010000 5 511
119.010000 6 546
119.010000 7 463
120.010000 0 460
120.010000 1 432
120.010000 2 382
120.010000 3 396
120.010000 4 388
120.010000 5 434
120.010000 6 468
120.010000 7 393
121.010000 0 536
121.010000 1 507
121.010000 2 446
121.010000 3 447
121.010000 4 432
121.010000 5 500
121.010000 6 534
121.010000 7 455
122.010000 0 439
122.010000 1 414
122.010000 2 373
122.010000 3 380
122.010000 4 371
122.010000 5 412
122.010000 6 450
122.010000 7 374
123.010000 0 495
123.010000 1 455
123.010000 2 402
123.010000 3 411
123.010000 4 409
123.010000 5 459
123.010000 6 493
123.010000 7 418
124.010000 0 496
124.010000 1 470
124.010000 2 418
124.010000 3 417
124.010000 4 399
124.010000 5 461
124.010000 6 497
124.010000 7 426
125.010000 0 469
125.010000 1 442
125.010000 2 393
125.010000 3 403
125.010000 4 398
125.010000 5 447
125.010000 6 477
125.010000 7 401
126.010000 0 502
126.010000 1 473
126.010000 2 418
126.010000 3 430
126.010000 4 426
126.010000 5 476
126.010000 6 510
126.010000 7 426
127.010000 0 510
127.010000 1 482
127.010000 2 430
127.010000 3 440
127.010000 4 432
127.010000 5 484
127.010000 6 520
127.010000 7 433
128.010000 0 496
128.010000 1 467
128.010000 2 416
128.010000 3 422
128.010000 4 417
128.010000 5 465
128.010000 6 505
128.010000 7 424
129.010000 0 517
129.010000 1 481
129.010000 2 424
129.010000 3 431
129.010000 4 437
129.010000 5 492
129.010000 6 519
129.010000 7 437
130.010000 0 516
130.010000 1 488
130.010000 2 436
130.010000 3 441
130.010000 4 427
130.010000 5 484
130.010000 6 523
130.010000 7 444
131.010000 0 498
131.010000 1 468
131.010000 2 418
131.010000 3 427
131.010000 4 421
131.010000 5 472
131.010000 6 506
131.010000 7 423
132.010000 0 490
132.010000 1 466
132.010000 2 414
132.010000 3 424
132.010000 4 414
132.010000 5 466
132.010000 6 499
132.010000 7 418
133.010000 0 456
133.010000 1 432
133.010000 2 384
133.010000 3 388
133.010000 4 378
133.010000 5 428
133.010000 6 462
133.010000 7 397
134.010000 0 500
134.010000 1 472
134.010000 2 423
134.010000 3 428
134.010000 4 416
134.010000 5 470
134.010000 6 507
134.010000 7 431
135.010000 0 503
135.010000 1 475
135.010000 2 421
135.010000 3 432
135.010000 4 426
135.010000 5 475
135.010000 6 514
135.010000 7 429
136.010000 0 550
136.010000 1 516
136.010000 2 458
136.010000 3 474
136.010000 4 469
136.010000 5 522
136.010000 6 559
136.010000 7 463
137.010000 0 518
137.010000 1 490
137.010000 2 430
137.010000 3 444
137.010000 4 443
137.010000 5 494
137.010000 6 528
137.010000 7 440
138.010000 0 520
138.010000 1 490
138.010000 2 433
138.010000 3 444
138.010000 4 438
138.010000 5 492
138.010000 6 527
138.010000 7 443
139.010000 0 508
139.010000 1 478
139.010000 2 424
139.010000 3 435
139.010000 4 431
139.010000 5 480
139.010000 6 515
139.010000 7 432
140.010000 0 513
140.010000 1 494
140.010000 2 442
140.010000 3 451
140.010000 4 439
140.010000 5 494
140.010000 6 532
140.010000 7 450
141.010000 0 535
141.010000 1 505
141.010000 2 449
141.010000 3 458
141.010000 4 453
141.010000 5 507
141.010000 6 542
141.010000 7 457
142.010000 0 479
142.010000 1 451
142.010000 2 403
142.010000 3 412
142.010000 4 406
142.010000 5 453
142.010000 6 487
142.010000 7 409
143.010000 0 509
143.010000 1 481
143.010000 2 425
143.010000 3 435
143.010000 4 428
143.010000 5 481
143.010000 6 516
143.010000 7 435
144.010000 0 471
144.010000 1 441
144.010000 2 390
144.010000 3 398
144.010000 4 391
144.010000 5 444
144.010000 6 474
144.010000 7 400
145.010000 0 493
145.010000 1 462
145.010000 2 415
145.010000 3 418
145.010000 4 399
145.010000 5 453
145.010000 6 497
145.010000 7 419
146.010000 0 476
146.010000 1 446
146.010000 2 398
146.010000 3 401
146.010000 4 407
146.010000 5 450
146.010000 6 482
146.010000 7 405
147.010000 0 508
147.010000 1 480
147.010000 2 422
147.010000 3 436
147.010000 4 430
147.010000 5 482
147.010000 6 512
147.010000 7 433
148.010000 0 495
148.010000 1 467
148.010000 2 419
148.010000 3 423
148.010000 4 415
148.010000 5 467
148.010000 6 500
148.010000 7 426
149.010000 0 473
149.010000 1 452
149.010000 2 398
149.010000 3 406
149.010000 4 397
149.010000 5 448
149.010000 6 482
149.010000 7 409
