0.010000 0 19
0.010000 1 20
0.010000 2 20
0.010000 3 20
0.010000 4 18
0.010000 5 20
0.010000 6 20
0.010000 7 17
0.010000 8 14
0.010000 9 20
0.010000 10 17
0.010000 11 19
0.010000 12 20
0.010000 13 20
0.010000 14 19
0.010000 15 20
0.010000 16 19
0.010000 17 20
0.010000 18 20
0.010000 19 20
0.010000 20 20
0.010000 21 20
0.010000 22 19
0.010000 23 20
0.010000 24 18
0.010000 25 20
0.010000 26 20
1.010000 0 1447
1.010000 1 1583
1.010000 2 1403
1.010000 3 1563
1.010000 4 1556
1.010000 5 1552
1.010000 6 1556
1.010000 7 1567
1.010000 8 1557
1.010000 9 1564
1.010000 10 1511
1.010000 11 1588
1.010000 12 1516
1.010000 13 1535
1.010000 14 1535
1.010000 15 1518
1.010000 16 1572
1.010000 17 1515
1.010000 18 1514
1.010000 19 1517
1.010000 20 1561
1.010000 21 1544
1.010000 22 1535
1.010000 23 1527
1.010000 24 1558
1.010000 25 1539
1.010000 26 1574
2.010000 0 1146
2.010000 1 1216
2.010000 2 1128
2.010000 3 1213
2.010000 4 1169
2.010000 5 1186
2.010000 6 1225
2.010000 7 1168
2.010000 8 1233
2.010000 9 1217
2.010000 10 1188
2.010000 11 1229
2.010000 12 1206
2.010000 13 1181
2.010000 14 1192
2.010000 15 1155
2.010000 16 1202
2.010000 17 1186
2.010000 18 1198
2.010000 19 1178
2.010000 20 1204
2.010000 21 1200
2.010000 22 1187
2.010000 23 1180
2.010000 24 1193
2.010000 25 1216
2.010000 26 1215
3.010000 0 1240
3.010000 1 1353
3.010000 2 1259
3.010000 3 1335
3.010000 4 1355
3.010000 5 1312
3.010000 6 1336
3.010000 7 1340
3.010000 8 1323
3.010000 9 1321
3.010000 10 1318
3.010000 11 1324
3.010000 12 1337
3.010000 13 1314
3.010000 14 1304
3.010000 15 1293
3.010000 16 1343
3.010000 17 1306
3.010000 18 1328
3.010000 19 1331
3.010000 20 1334
3.010000 21 1331
3.010000 22 1318
3.010000 23 1322
3.010000 24 1333
3.010000 25 1298
3.010000 26 1344
4.010000 0 1292
4.010000 1 1454
4.010000 2 1341
4.010000 3 1402
4.010000 4 1385
4.010000 5 1408
4.010000 6 1427
4.010000 7 1383
4.010000 8 1421
4.010000 9 1430
4.010000 10 1351
4.010000 11 1419
4.010000 12 1416
4.010000 13 1432
4.010000 14 1391
4.010000 15 1393
4.010000 16 1421
4.010000 17 1372
4.010000 18 1376
4.010000 19 1414
4.010000 20 1412
4.010000 21 1412
4.010000 22 1392
4.010000 23 1404
4.010000 24 1416
4.010000 25 1414
4.010000 26 1425
5.010000 0 1257
5.010000 1 1379
5.010000 2 1241
5.010000 3 1344
5.010000 4 1355
5.010000 5 1342
5.010000 6 1394
5.010000 7 1338
5.010000 8 1386
5.010000 9 1363
5.010000 10 1328
5.010000 11 1359
5.010000 12 1324
5.010000 13 1305
5.010000 14 1344
5.010000 15 1318
5.010000 16 1355
5.010000 17 1326
5.010000 18 1347
5.010000 19 1342
5.010000 20 1339
5.010000 21 1356
5.010000 22 1339
5.010000 23 1344
5.010000 24 1339
5.010000 25 1372
5.010000 26 1372
6.010000 0 1103
6.010000 1 1208
6.010000 2 1137
6.010000 3 1180
6.010000 4 1187
6.010000 5 1178
6.010000 6 1206
6.010000 7 1176
6.010000 8 1195
6.010000 9 1207
6.010000 10 1167
6.010000 11 1194
6.010000 12 1204
6.010000 13 1179
6.010000 14 1177
6.010000 15 1153
6.010000 16 1200
6.010000 17 1159
6.010000 18 1183
6.010000 19 1182
6.010000 20 1187
6.010000 21 1220
6.010000 22 1173
6.010000 23 1177
6.010000 24 1173
6.010000 25 1212
6.010000 26 1201
7.010000 0 1104
7.010000 1 1183
7.010000 2 1070
7.010000 3 1156
7.010000 4 1163
7.010000 5 1166
7.010000 6 1180
7.010000 7 1145
7.010000 8 1178
7.010000 9 1172
7.010000 10 1179
7.010000 11 1196
7.010000 12 1144
7.010000 13 1153
7.010000 14 1157
7.010000 15 1135
7.010000 16 1172
7.010000 17 1134
7.010000 18 1172
7.010000 19 1146
7.010000 20 1166
7.010000 21 1137
7.010000 22 1154
7.010000 23 1175
7.010000 24 1143
7.010000 25 1152
7.010000 26 1176
8.010000 0 1102
8.010000 1 1177
8.010000 2 1086
8.010000 3 1153
8.010000 4 1157
8.010000 5 1146
8.010000 6 1175
8.010000 7 1148
8.010000 8 1172
8.010000 9 1170
8.010000 10 1142
8.010000 11 1168
8.010000 12 1151
8.010000 13 1150
8.010000 14 1153
8.010000 15 1120
8.010000 16 1170
8.010000 17 1132
8.010000 18 1173
8.010000 19 1155
8.010000 20 1186
8.010000 21 1187
8.010000 22 1151
8.010000 23 1150
8.010000 24 1149
8.010000 25 1154
8.010000 26 1168
9.010000 0 1177
9.010000 1 1280
9.010000 2 1180
9.010000 3 1259
9.010000 4 1256
9.010000 5 1251
9.010000 6 1275
9.010000 7 1249
9.010000 8 1271
9.010000 9 1276
9.010000 10 1239
9.010000 11 1269
9.010000 12 1250
9.010000 13 1284
9.010000 14 1243
9.010000 15 1223
9.010000 16 1267
9.010000 17 1225
9.010000 18 1244
9.010000 19 1251
9.010000 20 1262
9.010000 21 1265
9.010000 22 1251
9.010000 23 1254
9.010000 24 1255
9.010000 25 1255
9.010000 26 1272
10.010000 0 1097
10.010000 1 1194
10.010000 2 1088
10.010000 3 1156
10.010000 4 1186
10.010000 5 1151
10.010000 6 1191
10.010000 7 1164
10.010000 8 1213
10.010000 9 1186
10.010000 10 1162
10.010000 11 1185
10.010000 12 1183
10.010000 13 1163
10.010000 14 1180
10.010000 15 1128
10.010000 16 1183
10.010000 17 1132
10.010000 18 1166
10.010000 19 1162
10.010000 20 1175
10.010000 21 1173
10.010000 22 1199
10.010000 23 1167
10.010000 24 1174
10.010000 25 1176
10.010000 26 1190
11.010000 0 1314
11.010000 1 1386
11.010000 2 1293
11.010000 3 1380
11.010000 4 1378
11.010000 5 1371
11.010000 6 1401
11.010000 7 1371
11.010000 8 1395
11.010000 9 1396
11.010000 10 1363
11.010000 11 1391
11.010000 12 1368
11.010000 13 1369
11.010000 14 1386
11.010000 15 1340
11.010000 16 1393
11.010000 17 1363
11.010000 18 1385
11.010000 19 1372
11.010000 20 1386
11.010000 21 1382
11.010000 22 1371
11.010000 23 1375
11.010000 24 1379
11.010000 25 1351
11.010000 26 1393
12.010000 0 1129
12.010000 1 1235
12.010000 2 1111
12.010000 3 1202
12.010000 4 1243
12.010000 5 1204
12.010000 6 1225
12.010000 7 1195
12.010000 8 1227
12.010000 9 1215
12.010000 10 1181
12.010000 11 1215
12.010000 12 1190
12.010000 13 1168
12.010000 14 1210
12.010000 15 1195
12.010000 16 1213
12.010000 17 1191
12.010000 18 1208
12.010000 19 1210
12.010000 20 1209
12.010000 21 1204
12.010000 22 1214
12.010000 23 1199
12.010000 24 1233
12.010000 25 1206
12.010000 26 1226
13.010000 0 1214
13.010000 1 1338
13.010000 2 1220
13.010000 3 1288
13.010000 4 1301
13.010000 5 1289
13.010000 6 1312
13.010000 7 1284
13.010000 8 1290
13.010000 9 1311
13.010000 10 1274
13.010000 11 1306
13.010000 12 1298
13.010000 13 1309
13.010000 14 1291
13.010000 15 1269
13.010000 16 1278
13.010000 17 1267
13.010000 18 1293
13.010000 19 1292
13.010000 20 1262
13.010000 21 1293
13.010000 22 1307
13.010000 23 1289
13.010000 24 1294
13.010000 25 1302
13.010000 26 1312
14.010000 0 1171
14.010000 1 1243
14.010000 2 1165
14.010000 3 1230
14.010000 4 1240
14.010000 5 1228
14.010000 6 1258
14.010000 7 1225
14.010000 8 1253
14.010000 9 1254
14.010000 10 1222
14.010000 11 1249
14.010000 12 1237
14.010000 13 1228
14.010000 14 1248
14.010000 15 1208
14.010000 16 1248
14.010000 17 1208
14.010000 18 1234
14.010000 19 1238
14.010000 20 1263
14.010000 21 1245
14.010000 22 1229
14.010000 23 1234
14.010000 24 1241
14.010000 25 1259
14.010000 26 1230
15.010000 0 1149
15.010000 1 1248
15.010000 2 1121
15.010000 3 1207
15.010000 4 1213
15.010000 5 1218
15.010000 6 1229
15.010000 7 1194
15.010000 8 1226
15.010000 9 1221
15.010000 10 1185
15.010000 11 1242
15.010000 12 1196
15.010000 13 1169
15.010000 14 1224
15.010000 15 1195
15.010000 16 1219
15.010000 17 1187
15.010000 18 1204
15.010000 19 1202
15.010000 20 1188
15.010000 21 1207
15.010000 22 1197
15.010000 23 1219
15.010000 24 1211
15.010000 25 1202
15.010000 26 1232
16.010000 0 1269
16.010000 1 1384
16.010000 2 1293
16.010000 3 1370
16.010000 4 1376
16.010000 5 1369
16.010000 6 1399
16.010000 7 1367
16.010000 8 1381
16.010000 9 1395
16.010000 10 1358
16.010000 11 1363
16.010000 12 1365
16.010000 13 1363
16.010000 14 1349
16.010000 15 1338
16.010000 16 1389
16.010000 17 1346
16.010000 18 1370
16.010000 19 1366
16.010000 20 1379
16.010000 21 1409
16.010000 22 1366
16.010000 23 1374
16.010000 24 1372
16.010000 25 1375
16.010000 26 1386
17.010000 0 1223
17.010000 1 1338
17.010000 2 1225
17.010000 3 1302
17.010000 4 1332
17.010000 5 1307
17.010000 6 1318
17.010000 7 1265
17.010000 8 1338
17.010000 9 1317
17.010000 10 1285
17.010000 11 1313
17.010000 12 1297
17.010000 13 1293
17.010000 14 1303
17.010000 15 1286
17.010000 16 1315
17.010000 17 1283
17.010000 18 1298
17.010000 19 1298
17.010000 20 1300
17.010000 21 1278
17.010000 22 1290
17.010000 23 1294
17.010000 24 1300
17.010000 25 1308
17.010000 26 1323
18.010000 0 1291
18.010000 1 1325
18.010000 2 1332
18.010000 3 1395
18.010000 4 1393
18.010000 5 1409
18.010000 6 1408
18.010000 7 1285
18.010000 8 1401
18.010000 9 1424
18.010000 10 1378
18.010000 11 1400
18.010000 12 1382
18.010000 13 1329
18.010000 14 1345
18.010000 15 1384
18.010000 16 1360
18.010000 17 1325
18.010000 18 1343
18.010000 19 1386
18.010000 20 1392
18.010000 21 1418
18.010000 22 1384
18.010000 23 1387
18.010000 24 1390
18.010000 25 1383
18.010000 26 1400
19.010000 0 1334
19.010000 1 1403
19.010000 2 1430
19.010000 3 1473
19.010000 4 1483
19.010000 5 1482
19.010000 6 1497
19.010000 7 1392
19.010000 8 1518
19.010000 9 1497
19.010000 10 1464
19.010000 11 1496
19.010000 12 1496
19.010000 13 1389
19.010000 14 1392
19.010000 15 1462
19.010000 16 1455
19.010000 17 1396
19.010000 18 1428
19.010000 19 1477
19.010000 20 1484
19.010000 21 1465
19.010000 22 1465
19.010000 23 1496
19.010000 24 1474
19.010000 25 1473
19.010000 26 1496
20.010000 0 1423
20.010000 1 1523
20.010000 2 1456
20.010000 3 1548
20.010000 4 1558
20.010000 5 1544
20.010000 6 1569
20.010000 7 1489
20.010000 8 1537
20.010000 9 1561
20.010000 10 1555
20.010000 11 1562
20.010000 12 1534
20.010000 13 1478
20.010000 14 1500
20.010000 15 1510
20.010000 16 1537
20.010000 17 1476
20.010000 18 1490
20.010000 19 1535
20.010000 20 1556
20.010000 21 1547
20.010000 22 1536
20.010000 23 1568
20.010000 24 1558
20.010000 25 1548
20.010000 26 1569
21.010000 0 1395
21.010000 1 1415
21.010000 2 1374
21.010000 3 1469
21.010000 4 1452
21.010000 5 1453
21.010000 6 1491
21.010000 7 1372
21.010000 8 1488
21.010000 9 1482
21.010000 10 1451
21.010000 11 1489
21.010000 12 1450
21.010000 13 1350
21.010000 14 1437
21.010000 15 1418
21.010000 16 1446
21.010000 17 1405
21.010000 18 1443
21.010000 19 1454
21.010000 20 1486
21.010000 21 1500
21.010000 22 1474
21.010000 23 1463
21.010000 24 1466
21.010000 25 1501
21.010000 26 1499
22.010000 0 1353
22.010000 1 1420
22.010000 2 1423
22.010000 3 1477
22.010000 4 1506
22.010000 5 1476
22.010000 6 1495
22.010000 7 1378
22.010000 8 1491
22.010000 9 1493
22.010000 10 1453
22.010000 11 1474
22.010000 12 1483
22.010000 13 1383
22.010000 14 1410
22.010000 15 1451
22.010000 16 1428
22.010000 17 1404
22.010000 18 1437
22.010000 19 1467
22.010000 20 1474
22.010000 21 1470
22.010000 22 1497
22.010000 23 1467
22.010000 24 1470
22.010000 25 1478
22.010000 26 1487
23.010000 0 1305
23.010000 1 1371
23.010000 2 1370
23.010000 3 1441
23.010000 4 1435
23.010000 5 1444
23.010000 6 1448
23.010000 7 1367
23.010000 8 1446
23.010000 9 1446
23.010000 10 1407
23.010000 11 1445
23.010000 12 1431
23.010000 13 1368
23.010000 14 1391
23.010000 15 1428
23.010000 16 1404
23.010000 17 1365
23.010000 18 1344
23.010000 19 1428
23.010000 20 1433
23.010000 21 1435
23.010000 22 1423
23.010000 23 1429
23.010000 24 1433
23.010000 25 1428
23.010000 26 1447
24.010000 0 1408
24.010000 1 1445
24.010000 2 1415
24.010000 3 1524
24.010000 4 1507
24.010000 5 1483
24.010000 6 1527
24.010000 7 1431
24.010000 8 1521
24.010000 9 1518
24.010000 10 1492
24.010000 11 1518
24.010000 12 1495
24.010000 13 1425
24.010000 14 1465
24.010000 15 1454
24.010000 16 1484
24.010000 17 1453
24.010000 18 1461
24.010000 19 1496
24.010000 20 1522
24.010000 21 1512
24.010000 22 1503
24.010000 23 1497
24.010000 24 1507
24.010000 25 1502
24.010000 26 1517
25.010000 0 1350
25.010000 1 1398
25.010000 2 1382
25.010000 3 1446
25.010000 4 1450
25.010000 5 1438
25.010000 6 1466
25.010000 7 1366
25.010000 8 1464
25.010000 9 1462
25.010000 10 1443
25.010000 11 1462
25.010000 12 1436
25.010000 13 1365
25.010000 14 1400
25.010000 15 1405
25.010000 16 1438
25.010000 17 1375
25.010000 18 1409
25.010000 19 1453
25.010000 20 1477
25.010000 21 1462
25.010000 22 1447
25.010000 23 1451
25.010000 24 1451
25.010000 25 1468
25.010000 26 1464
26.010000 0 1266
26.010000 1 1310
26.010000 2 1313
26.010000 3 1406
26.010000 4 1377
26.010000 5 1363
26.010000 6 1391
26.010000 7 1282
26.010000 8 1387
26.010000 9 1388
26.010000 10 1361
26.010000 11 1413
26.010000 12 1364
26.010000 13 1303
26.010000 14 1293
26.010000 15 1334
26.010000 16 1372
26.010000 17 1322
26.010000 18 1331
26.010000 19 1380
26.010000 20 1411
26.010000 21 1381
26.010000 22 1365
26.010000 23 1373
26.010000 24 1376
26.010000 25 1372
26.010000 26 1392
27.010000 0 1407
27.010000 1 1513
27.010000 2 1481
27.010000 3 1543
27.010000 4 1556
27.010000 5 1537
27.010000 6 1569
27.010000 7 1468
27.010000 8 1576
27.010000 9 1581
27.010000 10 1535
27.010000 11 1531
27.010000 12 1543
27.010000 13 1463
27.010000 14 1507
27.010000 15 1507
27.010000 16 1499
27.010000 17 1484
27.010000 18 1488
27.010000 19 1551
27.010000 20 1538
27.010000 21 1547
27.010000 22 1543
27.010000 23 1550
27.010000 24 1548
27.010000 25 1579
27.010000 26 1566
28.010000 0 1448
28.010000 1 1469
28.010000 2 1470
28.010000 3 1516
28.010000 4 1521
28.010000 5 1526
28.010000 6 1528
28.010000 7 1436
28.010000 8 1536
28.010000 9 1533
28.010000 10 1503
28.010000 11 1540
28.010000 12 1526
28.010000 13 1447
28.010000 14 1484
28.010000 15 1519
28.010000 16 1500
28.010000 17 1445
28.010000 18 1489
28.010000 19 1537
28.010000 20 1529
28.010000 21 1528
28.010000 22 1507
28.010000 23 1508
28.010000 24 1520
28.010000 25 1489
28.010000 26 1532
29.010000 0 1395
29.010000 1 1517
29.010000 2 1492
29.010000 3 1530
29.010000 4 1567
29.010000 5 1568
29.010000 6 1587
29.010000 7 1493
29.010000 8 1579
29.010000 9 1580
29.010000 10 1553
29.010000 11 1573
29.010000 12 1545
29.010000 13 1492
29.010000 14 1499
29.010000 15 1513
29.010000 16 1568
29.010000 17 1457
29.010000 18 1508
29.010000 19 1548
29.010000 20 1569
29.010000 21 1573
29.010000 22 1567
29.010000 23 1567
29.010000 24 1561
29.010000 25 1563
29.010000 26 1581
30.010000 0 1384
30.010000 1 1479
30.010000 2 1438
30.010000 3 1501
30.010000 4 1525
30.010000 5 1517
30.010000 6 1531
30.010000 7 1436
30.010000 8 1534
30.010000 9 1528
30.010000 10 1497
30.010000 11 1537
30.010000 12 1517
30.010000 13 1429
30.010000 14 1479
30.010000 15 1504
30.010000 16 1461
30.010000 17 1436
30.010000 18 1451
30.010000 19 1518
30.010000 20 1516
30.010000 21 1511
30.010000 22 1502
30.010000 23 1500
30.010000 24 1518
30.010000 25 1521
30.010000 26 1542
31.010000 0 1404
31.010000 1 1494
31.010000 2 1464
31.010000 3 1529
31.010000 4 1534
31.010000 5 1537
31.010000 6 1546
31.010000 7 1456
31.010000 8 1551
31.010000 9 1545
31.010000 10 1513
31.010000 11 1546
31.010000 12 1534
31.010000 13 1462
31.010000 14 1485
31.010000 15 1521
31.010000 16 1512
31.010000 17 1449
31.010000 18 1471
31.010000 19 1525
31.010000 20 1531
31.010000 21 1537
31.010000 22 1522
31.010000 23 1528
31.010000 24 1536
31.010000 25 1528
31.010000 26 1550
32.010000 0 1275
32.010000 1 1341
32.010000 2 1326
32.010000 3 1385
32.010000 4 1411
32.010000 5 1379
32.010000 6 1403
32.010000 7 1290
32.010000 8 1400
32.010000 9 1405
32.010000 10 1384
32.010000 11 1416
32.010000 12 1380
32.010000 13 1289
32.010000 14 1327
32.010000 15 1358
32.010000 16 1356
32.010000 17 1304
32.010000 18 1337
32.010000 19 1394
32.010000 20 1390
32.010000 21 1384
32.010000 22 1376
32.010000 23 1385
32.010000 24 1406
32.010000 25 1384
32.010000 26 1400
33.010000 0 1312
33.010000 1 1393
33.010000 2 1392
33.010000 3 1449
33.010000 4 1483
33.010000 5 1450
33.010000 6 1473
33.010000 7 1358
33.010000 8 1463
33.010000 9 1478
33.010000 10 1423
33.010000 11 1457
33.010000 12 1457
33.010000 13 1364
33.010000 14 1396
33.010000 15 1435
33.010000 16 1439
33.010000 17 1383
33.010000 18 1388
33.010000 19 1453
33.010000 20 1456
33.010000 21 1456
33.010000 22 1447
33.010000 23 1457
33.010000 24 1450
33.010000 25 1463
33.010000 26 1464
34.010000 0 1427
34.010000 1 1479
34.010000 2 1470
34.010000 3 1538
34.010000 4 1524
34.010000 5 1535
34.010000 6 1565
34.010000 7 1453
34.010000 8 1566
34.010000 9 1566
34.010000 10 1571
34.010000 11 1563
34.010000 12 1541
34.010000 13 1471
34.010000 14 1502
34.010000 15 1498
34.010000 16 1550
34.010000 17 1466
34.010000 18 1493
34.010000 19 1530
34.010000 20 1559
34.010000 21 1575
34.010000 22 1543
34.010000 23 1523
34.010000 24 1541
34.010000 25 1557
34.010000 26 1566
35.010000 0 1353
35.010000 1 1418
35.010000 2 1399
35.010000 3 1463
35.010000 4 1498
35.010000 5 1460
35.010000 6 1487
35.010000 7 1386
35.010000 8 1489
35.010000 9 1466
35.010000 10 1456
35.010000 11 1487
35.010000 12 1466
35.010000 13 1419
35.010000 14 1413
35.010000 15 1440
35.010000 16 1442
35.010000 17 1386
35.010000 18 1426
35.010000 19 1477
35.010000 20 1480
35.010000 21 1493
35.010000 22 1472
35.010000 23 1452
35.010000 24 1491
35.010000 25 1465
35.010000 26 1479
36.010000 0 1292
36.010000 1 1319
36.010000 2 1287
36.010000 3 1394
36.010000 4 1385
36.010000 5 1385
36.010000 6 1402
36.010000 7 1296
36.010000 8 1402
36.010000 9 1407
36.010000 10 1370
36.010000 11 1403
36.010000 12 1383
36.010000 13 1281
36.010000 14 1350
36.010000 15 1359
36.010000 16 1362
36.010000 17 1324
36.010000 18 1333
36.010000 19 1353
36.010000 20 1408
36.010000 21 1407
36.010000 22 1402
36.010000 23 1386
36.010000 24 1385
36.010000 25 1393
36.010000 26 1422
37.010000 0 1357
37.010000 1 1493
37.010000 2 1456
37.010000 3 1539
37.010000 4 1536
37.010000 5 1536
37.010000 6 1552
37.010000 7 1454
37.010000 8 1540
37.010000 9 1570
37.010000 10 1510
37.010000 11 1531
37.010000 12 1531
37.010000 13 1455
37.010000 14 1454
37.010000 15 1518
37.010000 16 1494
37.010000 17 1459
37.010000 18 1441
37.010000 19 1525
37.010000 20 1518
37.010000 21 1524
37.010000 22 1498
37.010000 23 1549
37.010000 24 1532
37.010000 25 1556
37.010000 26 1522
38.010000 0 1281
38.010000 1 1347
38.010000 2 1355
38.010000 3 1406
38.010000 4 1415
38.010000 5 1414
38.010000 6 1440
38.010000 7 1314
38.010000 8 1431
38.010000 9 1439
38.010000 10 1432
38.010000 11 1424
38.010000 12 1411
38.010000 13 1328
38.010000 14 1357
38.010000 15 1399
38.010000 16 1402
38.010000 17 1333
38.010000 18 1354
38.010000 19 1418
38.010000 20 1437
38.010000 21 1393
38.010000 22 1404
38.010000 23 1409
38.010000 24 1417
38.010000 25 1409
38.010000 26 1451
39.010000 0 1376
39.010000 1 1424
39.010000 2 1383
39.010000 3 1489
39.010000 4 1472
39.010000 5 1458
39.010000 6 1499
39.010000 7 1393
39.010000 8 1485
39.010000 9 1488
39.010000 10 1457
39.010000 11 1485
39.010000 12 1455
39.010000 13 1384
39.010000 14 1428
39.010000 15 1429
39.010000 16 1443
39.010000 17 1413
39.010000 18 1423
39.010000 19 1463
39.010000 20 1505
39.010000 21 1470
39.010000 22 1467
39.010000 23 1467
39.010000 24 1471
39.010000 25 1468
39.010000 26 1483
40.010000 0 1452
40.010000 1 1510
40.010000 2 1479
40.010000 3 1538
40.010000 4 1550
40.010000 5 1542
40.010000 6 1549
40.010000 7 1464
40.010000 8 1568
40.010000 9 1542
40.010000 10 1531
40.010000 11 1566
40.010000 12 1555
40.010000 13 1489
40.010000 14 1519
40.010000 15 1530
40.010000 16 1527
40.010000 17 1474
40.010000 18 1515
40.010000 19 1558
40.010000 20 1535
40.010000 21 1557
40.010000 22 1544
40.010000 23 1543
40.010000 24 1573
40.010000 25 1545
40.010000 26 1568
41.010000 0 1290
41.010000 1 1333
41.010000 2 1319
41.010000 3 1417
41.010000 4 1407
41.010000 5 1400
41.010000 6 1424
41.010000 7 1342
41.010000 8 1420
41.010000 9 1445
41.010000 10 1391
41.010000 11 1418
41.010000 12 1386
41.010000 13 1328
41.010000 14 1339
41.010000 15 1369
41.010000 16 1386
41.010000 17 1331
41.010000 18 1342
41.010000 19 1392
41.010000 20 1432
41.010000 21 1428
41.010000 22 1398
41.010000 23 1415
41.010000 24 1402
41.010000 25 1404
41.010000 26 1420
42.010000 0 1484
42.010000 1 1553
42.010000 2 1495
42.010000 3 1596
42.010000 4 1584
42.010000 5 1575
42.010000 6 1619
42.010000 7 1503
42.010000 8 1596
42.010000 9 1585
42.010000 10 1525
42.010000 11 1597
42.010000 12 1572
42.010000 13 1497
42.010000 14 1553
42.010000 15 1546
42.010000 16 1550
42.010000 17 1547
42.010000 18 1561
42.010000 19 1572
42.010000 20 1567
42.010000 21 1582
42.010000 22 1571
42.010000 23 1578
42.010000 24 1603
42.010000 25 1583
42.010000 26 1590
43.010000 0 1457
43.010000 1 1517
43.010000 2 1499
43.010000 3 1565
43.010000 4 1565
43.010000 5 1559
43.010000 6 1584
43.010000 7 1511
43.010000 8 1572
43.010000 9 1571
43.010000 10 1546
43.010000 11 1571
43.010000 12 1548
43.010000 13 1497
43.010000 14 1510
43.010000 15 1527
43.010000 16 1549
43.010000 17 1499
43.010000 18 1530
43.010000 19 1571
43.010000 20 1572
43.010000 21 1567
43.010000 22 1553
43.010000 23 1561
43.010000 24 1541
43.010000 25 1531
43.010000 26 1561
44.010000 0 1452
44.010000 1 1554
44.010000 2 1506
44.010000 3 1589
44.010000 4 1596
44.010000 5 1599
44.010000 6 1610
44.010000 7 1513
44.010000 8 1609
44.010000 9 1606
44.010000 10 1573
44.010000 11 1626
44.010000 12 1581
44.010000 13 1503
44.010000 14 1541
44.010000 15 1569
44.010000 16 1569
44.010000 17 1521
44.010000 18 1532
44.010000 19 1582
44.010000 20 1586
44.010000 21 1575
44.010000 22 1585
44.010000 23 1584
44.010000 24 1597
44.010000 25 1592
44.010000 26 1610
45.010000 0 1374
45.010000 1 1427
45.010000 2 1412
45.010000 3 1472
45.010000 4 1475
45.010000 5 1445
45.010000 6 1487
45.010000 7 1358
45.010000 8 1490
45.010000 9 1489
45.010000 10 1496
45.010000 11 1484
45.010000 12 1489
45.010000 13 1398
45.010000 14 1438
45.010000 15 1439
45.010000 16 1468
45.010000 17 1405
45.010000 18 1431
45.010000 19 1485
45.010000 20 1479
45.010000 21 1470
45.010000 22 1466
45.010000 23 1469
45.010000 24 1474
45.010000 25 1492
45.010000 26 1493
46.010000 0 1337
46.010000 1 1360
46.010000 2 1311
46.010000 3 1430
46.010000 4 1425
46.010000 5 1425
46.010000 6 1433
46.010000 7 1354
46.010000 8 1438
46.010000 9 1431
46.010000 10 1390
46.010000 11 1437
46.010000 12 1387
46.010000 13 1337
46.010000 14 1376
46.010000 15 1382
46.010000 16 1397
46.010000 17 1356
46.010000 18 1381
46.010000 19 1390
46.010000 20 1423
46.010000 21 1425
46.010000 22 1443
46.010000 23 1414
46.010000 24 1430
46.010000 25 1419
46.010000 26 1432
47.010000 0 1314
47.010000 1 1354
47.010000 2 1396
47.010000 3 1427
47.010000 4 1395
47.010000 5 1421
47.010000 6 1445
47.010000 7 1299
47.010000 8 1444
47.010000 9 1450
47.010000 10 1420
47.010000 11 1426
47.010000 12 1426
47.010000 13 1339
47.010000 14 1363
47.010000 15 1406
47.010000 16 1412
47.010000 17 1356
47.010000 18 1367
47.010000 19 1441
47.010000 20 1453
47.010000 21 1428
47.010000 22 1397
47.010000 23 1418
47.010000 24 1401
47.010000 25 1407
47.010000 26 1431
48.010000 0 1381
48.010000 1 1472
48.010000 2 1431
48.010000 3 1534
48.010000 4 1551
48.010000 5 1503
48.010000 6 1568
48.010000 7 1437
48.010000 8 1528
48.010000 9 1557
48.010000 10 1503
48.010000 11 1521
48.010000 12 1505
48.010000 13 1400
48.010000 14 1464
48.010000 15 1466
48.010000 16 1485
48.010000 17 1478
48.010000 18 1471
48.010000 19 1495
48.010000 20 1488
48.010000 21 1543
48.010000 22 1478
48.010000 23 1518
48.010000 24 1510
48.010000 25 1559
48.010000 26 1533
49.010000 0 1327
49.010000 1 1354
49.010000 2 1374
49.010000 3 1418
49.010000 4 1423
49.010000 5 1428
49.010000 6 1429
49.010000 7 1329
49.010000 8 1436
49.010000 9 1428
49.010000 10 1401
49.010000 11 1432
49.010000 12 1436
49.010000 13 1338
49.010000 14 1380
49.010000 15 1411
49.010000 16 1397
49.010000 17 1341
49.010000 18 1364
49.010000 19 1420
49.010000 20 1426
49.010000 21 1444
49.010000 22 1446
49.010000 23 1412
49.010000 24 1419
49.010000 25 1407
49.010000 26 1433
50.010000 0 1362
50.010000 1 1430
50.010000 2 1376
50.010000 3 1495
50.010000 4 1498
50.010000 5 1466
50.010000 6 1522
50.010000 7 1424
50.010000 8 1498
50.010000 9 1516
50.010000 10 1476
50.010000 11 1499
50.010000 12 1445
50.010000 13 1394
50.010000 14 1431
50.010000 15 1425
50.010000 16 1457
50.010000 17 1430
50.010000 18 1446
50.010000 19 1464
50.010000 20 1490
50.010000 21 1492
50.010000 22 1482
50.010000 23 1484
50.010000 24 1494
50.010000 25 1486
50.010000 26 1495
51.010000 0 1320
51.010000 1 1425
51.010000 2 1432
51.010000 3 1467
51.010000 4 1495
51.010000 5 1477
51.010000 6 1483
51.010000 7 1415
51.010000 8 1487
51.010000 9 1512
51.010000 10 1455
51.010000 11 1484
51.010000 12 1495
51.010000 13 1400
51.010000 14 1387
51.010000 15 1460
51.010000 16 1448
51.010000 17 1384
51.010000 18 1423
51.010000 19 1482
51.010000 20 1476
51.010000 21 1476
51.010000 22 1463
51.010000 23 1472
51.010000 24 1464
51.010000 25 1487
51.010000 26 1497
52.010000 0 1323
52.010000 1 1395
52.010000 2 1350
52.010000 3 1451
52.010000 4 1453
52.010000 5 1439
52.010000 6 1482
52.010000 7 1362
52.010000 8 1460
52.010000 9 1463
52.010000 10 1435
52.010000 11 1460
52.010000 12 1428
52.010000 13 1353
52.010000 14 1395
52.010000 15 1411
52.010000 16 1415
52.010000 17 1381
52.010000 18 1385
52.010000 19 1435
52.010000 20 1451
52.010000 21 1464
52.010000 22 1463
52.010000 23 1445
52.010000 24 1469
52.010000 25 1446
52.010000 26 1463
53.010000 0 1376
53.010000 1 1450
53.010000 2 1437
53.010000 3 1491
53.010000 4 1512
53.010000 5 1528
53.010000 6 1505
53.010000 7 1447
53.010000 8 1525
53.010000 9 1521
53.010000 10 1487
53.010000 11 1539
53.010000 12 1496
53.010000 13 1442
53.010000 14 1469
53.010000 15 1500
53.010000 16 1490
53.010000 17 1423
53.010000 18 1449
53.010000 19 1499
53.010000 20 1510
53.010000 21 1511
53.010000 22 1513
53.010000 23 1504
53.010000 24 1499
53.010000 25 1508
53.010000 26 1527
54.010000 0 1408
54.010000 1 1461
54.010000 2 1434
54.010000 3 1520
54.010000 4 1526
54.010000 5 1514
54.010000 6 1538
54.010000 7 1414
54.010000 8 1529
54.010000 9 1522
54.010000 10 1498
54.010000 11 1546
54.010000 12 1515
54.010000 13 1422
54.010000 14 1467
54.010000 15 1489
54.010000 16 1491
54.010000 17 1466
54.010000 18 1480
54.010000 19 1503
54.010000 20 1508
54.010000 21 1507
54.010000 22 1513
54.010000 23 1502
54.010000 24 1503
54.010000 25 1515
54.010000 26 1533
55.010000 0 1389
55.010000 1 1464
55.010000 2 1453
55.010000 3 1529
55.010000 4 1511
55.010000 5 1519
55.010000 6 1529
55.010000 7 1430
55.010000 8 1521
55.010000 9 1529
55.010000 10 1458
55.010000 11 1515
55.010000 12 1514
55.010000 13 1434
55.010000 14 1441
55.010000 15 1490
55.010000 16 1470
55.010000 17 1457
55.010000 18 1466
55.010000 19 1499
55.010000 20 1513
55.010000 21 1545
55.010000 22 1525
55.010000 23 1510
55.010000 24 1502
55.010000 25 1515
55.010000 26 1522
56.010000 0 1235
56.010000 1 1300
56.010000 2 1282
56.010000 3 1366
56.010000 4 1370
56.010000 5 1362
56.010000 6 1374
56.010000 7 1292
56.010000 8 1379
56.010000 9 1376
56.010000 10 1380
56.010000 11 1376
56.010000 12 1355
56.010000 13 1253
56.010000 14 1318
56.010000 15 1339
56.010000 16 1345
56.010000 17 1290
56.010000 18 1291
56.010000 19 1351
56.010000 20 1363
56.010000 21 1348
56.010000 22 1355
56.010000 23 1376
56.010000 24 1386
56.010000 25 1360
56.010000 26 1377
57.010000 0 1456
57.010000 1 1491
57.010000 2 1422
57.010000 3 1542
57.010000 4 1535
57.010000 5 1501
57.010000 6 1552
57.010000 7 1460
57.010000 8 1550
57.010000 9 1551
57.010000 10 1490
57.010000 11 1534
57.010000 12 1518
57.010000 13 1461
57.010000 14 1501
57.010000 15 1468
57.010000 16 1511
57.010000 17 1474
57.010000 18 1504
57.010000 19 1516
57.010000 20 1541
57.010000 21 1547
57.010000 22 1525
57.010000 23 1521
57.010000 24 1540
57.010000 25 1534
57.010000 26 1564
58.010000 0 1450
58.010000 1 1524
58.010000 2 1462
58.010000 3 1567
58.010000 4 1567
58.010000 5 1559
58.010000 6 1585
58.010000 7 1489
58.010000 8 1579
58.010000 9 1581
58.010000 10 1537
58.010000 11 1585
58.010000 12 1544
58.010000 13 1479
58.010000 14 1526
58.010000 15 1528
58.010000 16 1539
58.010000 17 1511
58.010000 18 1520
58.010000 19 1546
58.010000 20 1578
58.010000 21 1559
58.010000 22 1565
58.010000 23 1555
58.010000 24 1558
58.010000 25 1563
58.010000 26 1580
59.010000 0 1322
59.010000 1 1412
59.010000 2 1378
59.010000 3 1438
59.010000 4 1456
59.010000 5 1445
59.010000 6 1482
59.010000 7 1372
59.010000 8 1470
59.010000 9 1465
59.010000 10 1451
59.010000 11 1471
59.010000 12 1444
59.010000 13 1393
59.010000 14 1410
59.010000 15 1423
59.010000 16 1428
59.010000 17 1362
59.010000 18 1388
59.010000 19 1448
59.010000 20 1446
59.010000 21 1442
59.010000 22 1429
59.010000 23 1453
59.010000 24 1482
59.010000 25 1449
59.010000 26 1470
60.010000 0 1352
60.010000 1 1462
60.010000 2 1447
60.010000 3 1497
60.010000 4 1511
60.010000 5 1516
60.010000 6 1523
60.010000 7 1425
60.010000 8 1523
60.010000 9 1522
60.010000 10 1510
60.010000 11 1503
60.010000 12 1504
60.010000 13 1428
60.010000 14 1442
60.010000 15 1493
60.010000 16 1486
60.010000 17 1423
60.010000 18 1440
60.010000 19 1506
60.010000 20 1507
60.010000 21 1511
60.010000 22 1498
60.010000 23 1510
60.010000 24 1509
60.010000 25 1507
60.010000 26 1537
61.010000 0 1309
61.010000 1 1367
61.010000 2 1364
61.010000 3 1425
61.010000 4 1450
61.010000 5 1417
61.010000 6 1444
61.010000 7 1331
61.010000 8 1443
61.010000 9 1442
61.010000 10 1448
61.010000 11 1457
61.010000 12 1419
61.010000 13 1338
61.010000 14 1356
61.010000 15 1395
61.010000 16 1400
61.010000 17 1352
61.010000 18 1393
61.010000 19 1441
61.010000 20 1433
61.010000 21 1435
61.010000 22 1447
61.010000 23 1419
61.010000 24 1399
61.010000 25 1425
61.010000 26 1446
62.010000 0 1427
62.010000 1 1478
62.010000 2 1456
62.010000 3 1511
62.010000 4 1531
62.010000 5 1519
62.010000 6 1544
62.010000 7 1442
62.010000 8 1538
62.010000 9 1531
62.010000 10 1507
62.010000 11 1532
62.010000 12 1523
62.010000 13 1414
62.010000 14 1473
62.010000 15 1501
62.010000 16 1522
62.010000 17 1446
62.010000 18 1500
62.010000 19 1530
62.010000 20 1531
62.010000 21 1527
62.010000 22 1516
62.010000 23 1522
62.010000 24 1521
62.010000 25 1514
62.010000 26 1539
63.010000 0 1362
63.010000 1 1428
63.010000 2 1423
63.010000 3 1501
63.010000 4 1488
63.010000 5 1480
63.010000 6 1505
63.010000 7 1403
63.010000 8 1500
63.010000 9 1506
63.010000 10 1472
63.010000 11 1500
63.010000 12 1480
63.010000 13 1441
63.010000 14 1432
63.010000 15 1449
63.010000 16 1490
63.010000 17 1421
63.010000 18 1412
63.010000 19 1487
63.010000 20 1492
63.010000 21 1494
63.010000 22 1481
63.010000 23 1486
63.010000 24 1485
63.010000 25 1483
63.010000 26 1499
64.010000 0 1256
64.010000 1 1336
64.010000 2 1314
64.010000 3 1385
64.010000 4 1394
64.010000 5 1402
64.010000 6 1393
64.010000 7 1305
64.010000 8 1396
64.010000 9 1389
64.010000 10 1357
64.010000 11 1392
64.010000 12 1376
64.010000 13 1268
64.010000 14 1325
64.010000 15 1393
64.010000 16 1337
64.010000 17 1327
64.010000 18 1344
64.010000 19 1384
64.010000 20 1380
64.010000 21 1375
64.010000 22 1373
64.010000 23 1367
64.010000 24 1405
64.010000 25 1375
64.010000 26 1423
65.010000 0 1579
65.010000 1 1611
65.010000 2 1535
65.010000 3 1642
65.010000 4 1642
65.010000 5 1636
65.010000 6 1668
65.010000 7 1570
65.010000 8 1662
65.010000 9 1662
65.010000 10 1629
65.010000 11 1666
65.010000 12 1614
65.010000 13 1577
65.010000 14 1639
65.010000 15 1586
65.010000 16 1633
65.010000 17 1595
65.010000 18 1623
65.010000 19 1615
65.010000 20 1653
65.010000 21 1648
65.010000 22 1640
65.010000 23 1626
65.010000 24 1625
65.010000 25 1631
65.010000 26 1655
66.010000 0 1296
66.010000 1 1379
66.010000 2 1371
66.010000 3 1451
66.010000 4 1458
66.010000 5 1454
66.010000 6 1456
66.010000 7 1356
66.010000 8 1484
66.010000 9 1470
66.010000 10 1429
66.010000 11 1459
66.010000 12 1445
66.010000 13 1398
66.010000 14 1380
66.010000 15 1436
66.010000 16 1432
66.010000 17 1362
66.010000 18 1360
66.010000 19 1442
66.010000 20 1445
66.010000 21 1424
66.010000 22 1437
66.010000 23 1452
66.010000 24 1473
66.010000 25 1450
66.010000 26 1469
67.010000 0 1483
67.010000 1 1585
67.010000 2 1522
67.010000 3 1627
67.010000 4 1616
67.010000 5 1595
67.010000 6 1629
67.010000 7 1539
67.010000 8 1636
67.010000 9 1616
67.010000 10 1586
67.010000 11 1613
67.010000 12 1604
67.010000 13 1482
67.010000 14 1574
67.010000 15 1575
67.010000 16 1570
67.010000 17 1570
67.010000 18 1543
67.010000 19 1600
67.010000 20 1603
67.010000 21 1601
67.010000 22 1593
67.010000 23 1599
67.010000 24 1585
67.010000 25 1622
67.010000 26 1623
68.010000 0 1398
68.010000 1 1466
68.010000 2 1428
68.010000 3 1517
68.010000 4 1514
68.010000 5 1489
68.010000 6 1532
68.010000 7 1444
68.010000 8 1527
68.010000 9 1548
68.010000 10 1497
68.010000 11 1505
68.010000 12 1510
68.010000 13 1460
68.010000 14 1461
68.010000 15 1458
68.010000 16 1493
68.010000 17 1447
68.010000 18 1470
68.010000 19 1506
68.010000 20 1518
68.010000 21 1517
68.010000 22 1504
68.010000 23 1512
68.010000 24 1508
68.010000 25 1523
68.010000 26 1528
69.010000 0 1372
69.010000 1 1472
69.010000 2 1442
69.010000 3 1511
69.010000 4 1525
69.010000 5 1520
69.010000 6 1540
69.010000 7 1439
69.010000 8 1537
69.010000 9 1533
69.010000 10 1511
69.010000 11 1529
69.010000 12 1508
69.010000 13 1423
69.010000 14 1470
69.010000 15 1493
69.010000 16 1494
69.010000 17 1447
69.010000 18 1464
69.010000 19 1505
69.010000 20 1514
69.010000 21 1517
69.010000 22 1501
69.010000 23 1512
69.010000 24 1538
69.010000 25 1516
69.010000 26 1546
70.010000 0 1421
70.010000 1 1507
70.010000 2 1510
70.010000 3 1563
70.010000 4 1558
70.010000 5 1548
70.010000 6 1578
70.010000 7 1466
70.010000 8 1567
70.010000 9 1574
70.010000 10 1540
70.010000 11 1559
70.010000 12 1570
70.010000 13 1469
70.010000 14 1490
70.010000 15 1525
70.010000 16 1532
70.010000 17 1505
70.010000 18 1513
70.010000 19 1557
70.010000 20 1558
70.010000 21 1582
70.010000 22 1546
70.010000 23 1552
70.010000 24 1533
70.010000 25 1556
70.010000 26 1575
71.010000 0 1374
71.010000 1 1422
71.010000 2 1398
71.010000 3 1453
71.010000 4 1470
71.010000 5 1485
71.010000 6 1488
71.010000 7 1380
71.010000 8 1466
71.010000 9 1464
71.010000 10 1453
71.010000 11 1481
71.010000 12 1461
71.010000 13 1392
71.010000 14 1434
71.010000 15 1460
71.010000 16 1475
71.010000 17 1384
71.010000 18 1439
71.010000 19 1466
71.010000 20 1479
71.010000 21 1493
71.010000 22 1493
71.010000 23 1468
71.010000 24 1472
71.010000 25 1470
71.010000 26 1484
72.010000 0 1358
72.010000 1 1455
72.010000 2 1427
72.010000 3 1502
72.010000 4 1507
72.010000 5 1506
72.010000 6 1523
72.010000 7 1421
72.010000 8 1517
72.010000 9 1537
72.010000 10 1479
72.010000 11 1513
72.010000 12 1491
72.010000 13 1416
72.010000 14 1440
72.010000 15 1480
72.010000 16 1477
72.010000 17 1427
72.010000 18 1443
72.010000 19 1504
72.010000 20 1504
72.010000 21 1506
72.010000 22 1486
72.010000 23 1499
72.010000 24 1508
72.010000 25 1495
72.010000 26 1512
73.010000 0 1374
73.010000 1 1450
73.010000 2 1447
73.010000 3 1502
73.010000 4 1497
73.010000 5 1491
73.010000 6 1518
73.010000 7 1422
73.010000 8 1510
73.010000 9 1532
73.010000 10 1482
73.010000 11 1511
73.010000 12 1501
73.010000 13 1433
73.010000 14 1437
73.010000 15 1473
73.010000 16 1483
73.010000 17 1429
73.010000 18 1443
73.010000 19 1517
73.010000 20 1499
73.010000 21 1500
73.010000 22 1488
73.010000 23 1496
73.010000 24 1485
73.010000 25 1494
73.010000 26 1516
74.010000 0 1344
74.010000 1 1382
74.010000 2 1375
74.010000 3 1431
74.010000 4 1439
74.010000 5 1441
74.010000 6 1455
74.010000 7 1348
74.010000 8 1451
74.010000 9 1450
74.010000 10 1422
74.010000 11 1444
74.010000 12 1428
74.010000 13 1360
74.010000 14 1402
74.010000 15 1412
74.010000 16 1430
74.010000 17 1359
74.010000 18 1400
74.010000 19 1429
74.010000 20 1444
74.010000 21 1446
74.010000 22 1430
74.010000 23 1463
74.010000 24 1438
74.010000 25 1431
74.010000 26 1447
75.010000 0 1377
75.010000 1 1442
75.010000 2 1383
75.010000 3 1477
75.010000 4 1477
75.010000 5 1458
75.010000 6 1495
75.010000 7 1424
75.010000 8 1495
75.010000 9 1500
75.010000 10 1463
75.010000 11 1489
75.010000 12 1466
75.010000 13 1393
75.010000 14 1450
75.010000 15 1432
75.010000 16 1444
75.010000 17 1411
75.010000 18 1425
75.010000 19 1465
75.010000 20 1477
75.010000 21 1478
75.010000 22 1467
75.010000 23 1436
75.010000 24 1480
75.010000 25 1505
75.010000 26 1494
76.010000 0 1353
76.010000 1 1433
76.010000 2 1443
76.010000 3 1502
76.010000 4 1498
76.010000 5 1487
76.010000 6 1515
76.010000 7 1402
76.010000 8 1514
76.010000 9 1490
76.010000 10 1479
76.010000 11 1507
76.010000 12 1504
76.010000 13 1426
76.010000 14 1412
76.010000 15 1465
76.010000 16 1492
76.010000 17 1421
76.010000 18 1435
76.010000 19 1493
76.010000 20 1491
76.010000 21 1495
76.010000 22 1483
76.010000 23 1492
76.010000 24 1492
76.010000 25 1490
76.010000 26 1509
77.010000 0 1388
77.010000 1 1475
77.010000 2 1426
77.010000 3 1526
77.010000 4 1518
77.010000 5 1527
77.010000 6 1531
77.010000 7 1447
77.010000 8 1534
77.010000 9 1534
77.010000 10 1495
77.010000 11 1529
77.010000 12 1512
77.010000 13 1448
77.010000 14 1457
77.010000 15 1504
77.010000 16 1490
77.010000 17 1451
77.010000 18 1456
77.010000 19 1497
77.010000 20 1520
77.010000 21 1515
77.010000 22 1507
77.010000 23 1512
77.010000 24 1519
77.010000 25 1515
77.010000 26 1532
78.010000 0 1259
78.010000 1 1310
78.010000 2 1315
78.010000 3 1385
78.010000 4 1382
78.010000 5 1381
78.010000 6 1393
78.010000 7 1274
78.010000 8 1388
78.010000 9 1392
78.010000 10 1359
78.010000 11 1387
78.010000 12 1386
78.010000 13 1306
78.010000 14 1311
78.010000 15 1358
78.010000 16 1343
78.010000 17 1311
78.010000 18 1318
78.010000 19 1363
78.010000 20 1376
78.010000 21 1380
78.010000 22 1392
78.010000 23 1395
78.010000 24 1378
78.010000 25 1375
78.010000 26 1389
79.010000 0 1439
79.010000 1 1502
79.010000 2 1481
79.010000 3 1545
79.010000 4 1552
79.010000 5 1542
79.010000 6 1562
79.010000 7 1481
79.010000 8 1560
79.010000 9 1563
79.010000 10 1509
79.010000 11 1557
79.010000 12 1536
79.010000 13 1462
79.010000 14 1494
79.010000 15 1515
79.010000 16 1524
79.010000 17 1474
79.010000 18 1511
79.010000 19 1555
79.010000 20 1552
79.010000 21 1548
79.010000 22 1533
79.010000 23 1543
79.010000 24 1542
79.010000 25 1544
79.010000 26 1561
80.010000 0 1258
80.010000 1 1325
80.010000 2 1339
80.010000 3 1401
80.010000 4 1421
80.010000 5 1400
80.010000 6 1410
80.010000 7 1303
80.010000 8 1410
80.010000 9 1407
80.010000 10 1406
80.010000 11 1407
80.010000 12 1391
80.010000 13 1333
80.010000 14 1302
80.010000 15 1382
80.010000 16 1365
80.010000 17 1317
80.010000 18 1342
80.010000 19 1395
80.010000 20 1396
80.010000 21 1395
80.010000 22 1390
80.010000 23 1389
80.010000 24 1427
80.010000 25 1393
80.010000 26 1412
81.010000 0 1431
81.010000 1 1544
81.010000 2 1488
81.010000 3 1569
81.010000 4 1568
81.010000 5 1585
81.010000 6 1623
81.010000 7 1509
81.010000 8 1601
81.010000 9 1605
81.010000 10 1567
81.010000 11 1595
81.010000 12 1572
81.010000 13 1483
81.010000 14 1524
81.010000 15 1557
81.010000 16 1556
81.010000 17 1499
81.010000 18 1534
81.010000 19 1577
81.010000 20 1587
81.010000 21 1610
81.010000 22 1598
81.010000 23 1594
81.010000 24 1588
81.010000 25 1586
81.010000 26 1605
82.010000 0 1246
82.010000 1 1265
82.010000 2 1279
82.010000 3 1346
82.010000 4 1347
82.010000 5 1322
82.010000 6 1353
82.010000 7 1225
82.010000 8 1364
82.010000 9 1351
82.010000 10 1354
82.010000 11 1346
82.010000 12 1328
82.010000 13 1238
82.010000 14 1296
82.010000 15 1295
82.010000 16 1303
82.010000 17 1271
82.010000 18 1279
82.010000 19 1342
82.010000 20 1344
82.010000 21 1364
82.010000 22 1326
82.010000 23 1329
82.010000 24 1330
82.010000 25 1357
82.010000 26 1347
83.010000 0 1351
83.010000 1 1434
83.010000 2 1411
83.010000 3 1498
83.010000 4 1487
83.010000 5 1477
83.010000 6 1508
83.010000 7 1401
83.010000 8 1499
83.010000 9 1500
83.010000 10 1470
83.010000 11 1493
83.010000 12 1473
83.010000 13 1411
83.010000 14 1411
83.010000 15 1447
83.010000 16 1467
83.010000 17 1426
83.010000 18 1431
83.010000 19 1476
83.010000 20 1488
83.010000 21 1489
83.010000 22 1504
83.010000 23 1500
83.010000 24 1457
83.010000 25 1508
83.010000 26 1506
84.010000 0 1367
84.010000 1 1432
84.010000 2 1388
84.010000 3 1466
84.010000 4 1479
84.010000 5 1462
84.010000 6 1482
84.010000 7 1376
84.010000 8 1476
84.010000 9 1479
84.010000 10 1448
84.010000 11 1471
84.010000 12 1461
84.010000 13 1373
84.010000 14 1436
84.010000 15 1440
84.010000 16 1436
84.010000 17 1403
84.010000 18 1419
84.010000 19 1458
84.010000 20 1467
84.010000 21 1465
84.010000 22 1455
84.010000 23 1459
84.010000 24 1474
84.010000 25 1487
84.010000 26 1482
85.010000 0 1381
85.010000 1 1467
85.010000 2 1463
85.010000 3 1509
85.010000 4 1530
85.010000 5 1532
85.010000 6 1540
85.010000 7 1440
85.010000 8 1542
85.010000 9 1560
85.010000 10 1503
85.010000 11 1535
85.010000 12 1527
85.010000 13 1438
85.010000 14 1468
85.010000 15 1505
85.010000 16 1497
85.010000 17 1438
85.010000 18 1459
85.010000 19 1520
85.010000 20 1525
85.010000 21 1522
85.010000 22 1508
85.010000 23 1517
85.010000 24 1514
85.010000 25 1496
85.010000 26 1535
86.010000 0 1280
86.010000 1 1332
86.010000 2 1324
86.010000 3 1395
86.010000 4 1410
86.010000 5 1398
86.010000 6 1413
86.010000 7 1328
86.010000 8 1418
86.010000 9 1416
86.010000 10 1393
86.010000 11 1434
86.010000 12 1391
86.010000 13 1339
86.010000 14 1344
86.010000 15 1370
86.010000 16 1372
86.010000 17 1316
86.010000 18 1346
86.010000 19 1394
86.010000 20 1423
86.010000 21 1404
86.010000 22 1395
86.010000 23 1404
86.010000 24 1431
86.010000 25 1395
86.010000 26 1416
87.010000 0 1425
87.010000 1 1535
87.010000 2 1490
87.010000 3 1570
87.010000 4 1562
87.010000 5 1546
87.010000 6 1582
87.010000 7 1490
87.010000 8 1575
87.010000 9 1574
87.010000 10 1515
87.010000 11 1567
87.010000 12 1567
87.010000 13 1481
87.010000 14 1503
87.010000 15 1518
87.010000 16 1532
87.010000 17 1502
87.010000 18 1508
87.010000 19 1551
87.010000 20 1556
87.010000 21 1562
87.010000 22 1544
87.010000 23 1551
87.010000 24 1560
87.010000 25 1562
87.010000 26 1573
88.010000 0 1378
88.010000 1 1480
88.010000 2 1431
88.010000 3 1509
88.010000 4 1525
88.010000 5 1509
88.010000 6 1542
88.010000 7 1448
88.010000 8 1534
88.010000 9 1533
88.010000 10 1488
88.010000 11 1531
88.010000 12 1519
88.010000 13 1438
88.010000 14 1468
88.010000 15 1490
88.010000 16 1494
88.010000 17 1440
88.010000 18 1462
88.010000 19 1514
88.010000 20 1525
88.010000 21 1520
88.010000 22 1510
88.010000 23 1517
88.010000 24 1541
88.010000 25 1553
88.010000 26 1556
89.010000 0 1418
89.010000 1 1490
89.010000 2 1468
89.010000 3 1535
89.010000 4 1535
89.010000 5 1515
89.010000 6 1551
89.010000 7 1445
89.010000 8 1547
89.010000 9 1565
89.010000 10 1516
89.010000 11 1543
89.010000 12 1521
89.010000 13 1460
89.010000 14 1501
89.010000 15 1481
89.010000 16 1512
89.010000 17 1480
89.010000 18 1495
89.010000 19 1536
89.010000 20 1512
89.010000 21 1535
89.010000 22 1516
89.010000 23 1527
89.010000 24 1541
89.010000 25 1509
89.010000 26 1550
90.010000 0 1396
90.010000 1 1448
90.010000 2 1451
90.010000 3 1508
90.010000 4 1506
90.010000 5 1521
90.010000 6 1527
90.010000 7 1413
90.010000 8 1498
90.010000 9 1539
90.010000 10 1485
90.010000 11 1515
90.010000 12 1493
90.010000 13 1420
90.010000 14 1448
90.010000 15 1504
90.010000 16 1481
90.010000 17 1429
90.010000 18 1459
90.010000 19 1511
90.010000 20 1511
90.010000 21 1534
90.010000 22 1498
90.010000 23 1501
90.010000 24 1502
90.010000 25 1499
90.010000 26 1517
91.010000 0 1307
91.010000 1 1394
91.010000 2 1406
91.010000 3 1441
91.010000 4 1458
91.010000 5 1432
91.010000 6 1465
91.010000 7 1360
91.010000 8 1490
91.010000 9 1446
91.010000 10 1439
91.010000 11 1475
91.010000 12 1468
91.010000 13 1375
91.010000 14 1376
91.010000 15 1419
91.010000 16 1426
91.010000 17 1367
91.010000 18 1400
91.010000 19 1487
91.010000 20 1480
91.010000 21 1459
91.010000 22 1437
91.010000 23 1444
91.010000 24 1463
91.010000 25 1449
91.010000 26 1469
92.010000 0 1355
92.010000 1 1415
92.010000 2 1394
92.010000 3 1478
92.010000 4 1477
92.010000 5 1460
92.010000 6 1495
92.010000 7 1417
92.010000 8 1489
92.010000 9 1513
92.010000 10 1462
92.010000 11 1458
92.010000 12 1480
92.010000 13 1396
92.010000 14 1412
92.010000 15 1434
92.010000 16 1452
92.010000 17 1392
92.010000 18 1414
92.010000 19 1457
92.010000 20 1485
92.010000 21 1486
92.010000 22 1484
92.010000 23 1468
92.010000 24 1471
92.010000 25 1480
92.010000 26 1487
93.010000 0 1444
93.010000 1 1531
93.010000 2 1484
93.010000 3 1567
93.010000 4 1604
93.010000 5 1559
93.010000 6 1587
93.010000 7 1465
93.010000 8 1592
93.010000 9 1556
93.010000 10 1552
93.010000 11 1598
93.010000 12 1585
93.010000 13 1498
93.010000 14 1520
93.010000 15 1547
93.010000 16 1544
93.010000 17 1503
93.010000 18 1521
93.010000 19 1555
93.010000 20 1562
93.010000 21 1563
93.010000 22 1563
93.010000 23 1556
93.010000 24 1576
93.010000 25 1587
93.010000 26 1587
94.010000 0 1147
94.010000 1 1207
94.010000 2 1238
94.010000 3 1282
94.010000 4 1320
94.010000 5 1305
94.010000 6 1318
94.010000 7 1210
94.010000 8 1305
94.010000 9 1310
94.010000 10 1307
94.010000 11 1305
94.010000 12 1292
94.010000 13 1201
94.010000 14 1228
94.010000 15 1281
94.010000 16 1252
94.010000 17 1196
94.010000 18 1219
94.010000 19 1280
94.010000 20 1294
94.010000 21 1310
94.010000 22 1279
94.010000 23 1289
94.010000 24 1288
94.010000 25 1287
94.010000 26 1304
95.010000 0 1358
95.010000 1 1429
95.010000 2 1374
95.010000 3 1483
95.010000 4 1482
95.010000 5 1487
95.010000 6 1494
95.010000 7 1394
95.010000 8 1493
95.010000 9 1505
95.010000 10 1490
95.010000 11 1490
95.010000 12 1446
95.010000 13 1393
95.010000 14 1419
95.010000 15 1461
95.010000 16 1445
95.010000 17 1414
95.010000 18 1428
95.010000 19 1465
95.010000 20 1467
95.010000 21 1483
95.010000 22 1468
95.010000 23 1472
95.010000 24 1497
95.010000 25 1475
95.010000 26 1492
96.010000 0 1300
96.010000 1 1328
96.010000 2 1373
96.010000 3 1402
96.010000 4 1394
96.010000 5 1384
96.010000 6 1412
96.010000 7 1299
96.010000 8 1413
96.010000 9 1416
96.010000 10 1404
96.010000 11 1408
96.010000 12 1422
96.010000 13 1331
96.010000 14 1343
96.010000 15 1366
96.010000 16 1365
96.010000 17 1323
96.010000 18 1348
96.010000 19 1401
96.010000 20 1421
96.010000 21 1411
96.010000 22 1386
96.010000 23 1395
96.010000 24 1425
96.010000 25 1398
96.010000 26 1407
97.010000 0 1432
97.010000 1 1526
97.010000 2 1448
97.010000 3 1567
97.010000 4 1564
97.010000 5 1548
97.010000 6 1582
97.010000 7 1505
97.010000 8 1573
97.010000 9 1582
97.010000 10 1533
97.010000 11 1547
97.010000 12 1528
97.010000 13 1477
97.010000 14 1515
97.010000 15 1502
97.010000 16 1539
97.010000 17 1505
97.010000 18 1510
97.010000 19 1534
97.010000 20 1564
97.010000 21 1576
97.010000 22 1585
97.010000 23 1530
97.010000 24 1560
97.010000 25 1577
97.010000 26 1576
98.010000 0 1351
98.010000 1 1370
98.010000 2 1379
98.010000 3 1440
98.010000 4 1444
98.010000 5 1433
98.010000 6 1454
98.010000 7 1337
98.010000 8 1457
98.010000 9 1465
98.010000 10 1424
98.010000 11 1467
98.010000 12 1439
98.010000 13 1366
98.010000 14 1401
98.010000 15 1419
98.010000 16 1420
98.010000 17 1363
98.010000 18 1388
98.010000 19 1452
98.010000 20 1445
98.010000 21 1440
98.010000 22 1433
98.010000 23 1435
98.010000 24 1434
98.010000 25 1428
98.010000 26 1449
99.010000 0 1450
99.010000 1 1583
99.010000 2 1491
99.010000 3 1600
99.010000 4 1609
99.010000 5 1596
99.010000 6 1620
99.010000 7 1560
99.010000 8 1614
99.010000 9 1617
99.010000 10 1578
99.010000 11 1600
99.010000 12 1571
99.010000 13 1524
99.010000 14 1530
99.010000 15 1564
99.010000 16 1579
99.010000 17 1540
99.010000 18 1558
99.010000 19 1587
99.010000 20 1600
99.010000 21 1602
99.010000 22 1597
99.010000 23 1590
99.010000 24 1604
99.010000 25 1600
99.010000 26 1619
100.010000 0 1324
100.010000 1 1358
100.010000 2 1365
100.010000 3 1418
100.010000 4 1450
100.010000 5 1418
100.010000 6 1440
100.010000 7 1329
100.010000 8 1440
100.010000 9 1442
100.010000 10 1409
100.010000 11 1438
100.010000 12 1424
100.010000 13 1339
100.010000 14 1377
100.010000 15 1402
100.010000 16 1402
100.010000 17 1346
100.010000 18 1388
100.010000 19 1432
100.010000 20 1431
100.010000 21 1439
100.010000 22 1415
100.010000 23 1420
100.010000 24 1420
100.010000 25 1446
100.010000 26 1441
101.010000 0 1419
101.010000 1 1489
101.010000 2 1491
101.010000 3 1524
101.010000 4 1530
101.010000 5 1542
101.010000 6 1545
101.010000 7 1432
101.010000 8 1541
101.010000 9 1543
101.010000 10 1516
101.010000 11 1538
101.010000 12 1528
101.010000 13 1457
101.010000 14 1488
101.010000 15 1515
101.010000 16 1525
101.010000 17 1455
101.010000 18 1485
101.010000 19 1542
101.010000 20 1528
101.010000 21 1524
101.010000 22 1524
101.010000 23 1527
101.010000 24 1529
101.010000 25 1527
101.010000 26 1566
102.010000 0 1355
102.010000 1 1437
102.010000 2 1431
102.010000 3 1479
102.010000 4 1490
102.010000 5 1480
102.010000 6 1503
102.010000 7 1396
102.010000 8 1494
102.010000 9 1519
102.010000 10 1472
102.010000 11 1498
102.010000 12 1496
102.010000 13 1411
102.010000 14 1422
102.010000 15 1469
102.010000 16 1469
102.010000 17 1420
102.010000 18 1457
102.010000 19 1498
102.010000 20 1487
102.010000 21 1490
102.010000 22 1473
102.010000 23 1479
102.010000 24 1484
102.010000 25 1502
102.010000 26 1484
103.010000 0 1322
103.010000 1 1348
103.010000 2 1332
103.010000 3 1416
103.010000 4 1425
103.010000 5 1417
103.010000 6 1432
103.010000 7 1324
103.010000 8 1445
103.010000 9 1408
103.010000 10 1428
103.010000 11 1451
103.010000 12 1423
103.010000 13 1352
103.010000 14 1377
103.010000 15 1405
103.010000 16 1387
103.010000 17 1335
103.010000 18 1366
103.010000 19 1405
103.010000 20 1440
103.010000 21 1422
103.010000 22 1448
103.010000 23 1410
103.010000 24 1427
103.010000 25 1411
103.010000 26 1439
104.010000 0 1549
104.010000 1 1596
104.010000 2 1528
104.010000 3 1653
104.010000 4 1627
104.010000 5 1617
104.010000 6 1653
104.010000 7 1559
104.010000 8 1633
104.010000 9 1650
104.010000 10 1586
104.010000 11 1634
104.010000 12 1583
104.010000 13 1565
104.010000 14 1591
104.010000 15 1546
104.010000 16 1637
104.010000 17 1595
104.010000 18 1616
104.010000 19 1599
104.010000 20 1624
104.010000 21 1638
104.010000 22 1627
104.010000 23 1626
104.010000 24 1619
104.010000 25 1633
104.010000 26 1639
105.010000 0 1395
105.010000 1 1461
105.010000 2 1432
105.010000 3 1516
105.010000 4 1514
105.010000 5 1508
105.010000 6 1544
105.010000 7 1431
105.010000 8 1519
105.010000 9 1522
105.010000 10 1490
105.010000 11 1522
105.010000 12 1499
105.010000 13 1432
105.010000 14 1460
105.010000 15 1480
105.010000 16 1484
105.010000 17 1450
105.010000 18 1458
105.010000 19 1498
105.010000 20 1509
105.010000 21 1511
105.010000 22 1507
105.010000 23 1506
105.010000 24 1504
105.010000 25 1506
105.010000 26 1523
106.010000 0 1272
106.010000 1 1381
106.010000 2 1363
106.010000 3 1420
106.010000 4 1427
106.010000 5 1419
106.010000 6 1446
106.010000 7 1347
106.010000 8 1438
106.010000 9 1441
106.010000 10 1409
106.010000 11 1455
106.010000 12 1434
106.010000 13 1348
106.010000 14 1350
106.010000 15 1398
106.010000 16 1403
106.010000 17 1342
106.010000 18 1359
106.010000 19 1419
106.010000 20 1427
106.010000 21 1426
106.010000 22 1403
106.010000 23 1440
106.010000 24 1428
106.010000 25 1426
106.010000 26 1459
107.010000 0 1499
107.010000 1 1605
107.010000 2 1555
107.010000 3 1618
107.010000 4 1649
107.010000 5 1632
107.010000 6 1657
107.010000 7 1558
107.010000 8 1668
107.010000 9 1653
107.010000 10 1658
107.010000 11 1636
107.010000 12 1627
107.010000 13 1552
107.010000 14 1597
107.010000 15 1602
107.010000 16 1598
107.010000 17 1561
107.010000 18 1592
107.010000 19 1630
107.010000 20 1644
107.010000 21 1636
107.010000 22 1630
107.010000 23 1606
107.010000 24 1637
107.010000 25 1640
107.010000 26 1656
108.010000 0 1321
108.010000 1 1337
108.010000 2 1332
108.010000 3 1419
108.010000 4 1409
108.010000 5 1394
108.010000 6 1422
108.010000 7 1316
108.010000 8 1421
108.010000 9 1438
108.010000 10 1360
108.010000 11 1437
108.010000 12 1401
108.010000 13 1322
108.010000 14 1367
108.010000 15 1378
108.010000 16 1380
108.010000 17 1336
108.010000 18 1345
108.010000 19 1409
108.010000 20 1426
108.010000 21 1409
108.010000 22 1427
108.010000 23 1403
108.010000 24 1403
108.010000 25 1405
108.010000 26 1437
109.010000 0 1362
109.010000 1 1365
109.010000 2 1350
109.010000 3 1427
109.010000 4 1441
109.010000 5 1426
109.010000 6 1447
109.010000 7 1320
109.010000 8 1445
109.010000 9 1439
109.010000 10 1423
109.010000 11 1451
109.010000 12 1415
109.010000 13 1344
109.010000 14 1406
109.010000 15 1390
109.010000 16 1424
109.010000 17 1358
109.010000 18 1402
109.010000 19 1415
109.010000 20 1443
109.010000 21 1436
109.010000 22 1426
109.010000 23 1444
109.010000 24 1433
109.010000 25 1430
109.010000 26 1451
110.010000 0 1555
110.010000 1 1710
110.010000 2 1628
110.010000 3 1720
110.010000 4 1724
110.010000 5 1703
110.010000 6 1749
110.010000 7 1667
110.010000 8 1746
110.010000 9 1741
110.010000 10 1700
110.010000 11 1756
110.010000 12 1715
110.010000 13 1659
110.010000 14 1662
110.010000 15 1674
110.010000 16 1707
110.010000 17 1669
110.010000 18 1667
110.010000 19 1715
110.010000 20 1724
110.010000 21 1722
110.010000 22 1676
110.010000 23 1688
110.010000 24 1724
110.010000 25 1723
110.010000 26 1746
111.010000 0 1335
111.010000 1 1403
111.010000 2 1386
111.010000 3 1458
111.010000 4 1488
111.010000 5 1475
111.010000 6 1466
111.010000 7 1394
111.010000 8 1479
111.010000 9 1480
111.010000 10 1450
111.010000 11 1475
111.010000 12 1453
111.010000 13 1376
111.010000 14 1411
111.010000 15 1446
111.010000 16 1446
111.010000 17 1384
111.010000 18 1406
111.010000 19 1455
111.010000 20 1464
111.010000 21 1493
111.010000 22 1471
111.010000 23 1465
111.010000 24 1466
111.010000 25 1487
111.010000 26 1464
112.010000 0 1354
112.010000 1 1411
112.010000 2 1383
112.010000 3 1474
112.010000 4 1453
112.010000 5 1440
112.010000 6 1480
112.010000 7 1378
112.010000 8 1472
112.010000 9 1479
112.010000 10 1448
112.010000 11 1471
112.010000 12 1442
112.010000 13 1369
112.010000 14 1416
112.010000 15 1411
112.010000 16 1432
112.010000 17 1406
112.010000 18 1410
112.010000 19 1465
112.010000 20 1462
112.010000 21 1459
112.010000 22 1455
112.010000 23 1450
112.010000 24 1457
112.010000 25 1464
112.010000 26 1490
113.010000 0 1414
113.010000 1 1482
113.010000 2 1443
113.010000 3 1519
113.010000 4 1533
113.010000 5 1507
113.010000 6 1548
113.010000 7 1462
113.010000 8 1536
113.010000 9 1538
113.010000 10 1502
113.010000 11 1532
113.010000 12 1523
113.010000 13 1443
113.010000 14 1476
113.010000 15 1484
113.010000 16 1495
113.010000 17 1464
113.010000 18 1500
113.010000 19 1514
113.010000 20 1523
113.010000 21 1522
113.010000 22 1501
113.010000 23 1515
113.010000 24 1515
113.010000 25 1521
113.010000 26 1519
114.010000 0 1278
114.010000 1 1333
114.010000 2 1364
114.010000 3 1415
114.010000 4 1401
114.010000 5 1407
114.010000 6 1443
114.010000 7 1287
114.010000 8 1424
114.010000 9 1422
114.010000 10 1391
114.010000 11 1423
114.010000 12 1420
114.010000 13 1323
114.010000 14 1348
114.010000 15 1401
114.010000 16 1402
114.010000 17 1322
114.010000 18 1326
114.010000 19 1421
114.010000 20 1417
114.010000 21 1430
114.010000 22 1402
114.010000 23 1406
114.010000 24 1432
114.010000 25 1420
114.010000 26 1438
115.010000 0 1395
115.010000 1 1487
115.010000 2 1486
115.010000 3 1522
115.010000 4 1533
115.010000 5 1531
115.010000 6 1532
115.010000 7 1447
115.010000 8 1566
115.010000 9 1541
115.010000 10 1504
115.010000 11 1538
115.010000 12 1545
115.010000 13 1434
115.010000 14 1478
115.010000 15 1529
115.010000 16 1507
115.010000 17 1457
115.010000 18 1476
115.010000 19 1549
115.010000 20 1531
115.010000 21 1529
115.010000 22 1517
115.010000 23 1525
115.010000 24 1542
115.010000 25 1524
115.010000 26 1555
116.010000 0 1420
116.010000 1 1453
116.010000 2 1378
116.010000 3 1532
116.010000 4 1515
116.010000 5 1517
116.010000 6 1561
116.010000 7 1444
116.010000 8 1546
116.010000 9 1538
116.010000 10 1508
116.010000 11 1540
116.010000 12 1459
116.010000 13 1418
116.010000 14 1477
116.010000 15 1441
116.010000 16 1495
116.010000 17 1457
116.010000 18 1473
116.010000 19 1455
116.010000 20 1531
116.010000 21 1522
116.010000 22 1517
116.010000 23 1524
116.010000 24 1528
116.010000 25 1518
116.010000 26 1538
117.010000 0 1308
117.010000 1 1352
117.010000 2 1366
117.010000 3 1430
117.010000 4 1424
117.010000 5 1423
117.010000 6 1435
117.010000 7 1327
117.010000 8 1433
117.010000 9 1428
117.010000 10 1405
117.010000 11 1430
117.010000 12 1421
117.010000 13 1325
117.010000 14 1367
117.010000 15 1406
117.010000 16 1396
117.010000 17 1355
117.010000 18 1363
117.010000 19 1436
117.010000 20 1417
117.010000 21 1415
117.010000 22 1412
117.010000 23 1429
117.010000 24 1419
117.010000 25 1439
117.010000 26 1432
118.010000 0 1268
118.010000 1 1360
118.010000 2 1342
118.010000 3 1417
118.010000 4 1413
118.010000 5 1396
118.010000 6 1426
118.010000 7 1313
118.010000 8 1422
118.010000 9 1421
118.010000 10 1425
118.010000 11 1415
118.010000 12 1396
118.010000 13 1304
118.010000 14 1344
118.010000 15 1372
118.010000 16 1349
118.010000 17 1345
118.010000 18 1346
118.010000 19 1415
118.010000 20 1407
118.010000 21 1427
118.010000 22 1419
118.010000 23 1381
118.010000 24 1408
118.010000 25 1437
118.010000 26 1427
119.010000 0 1397
119.010000 1 1461
119.010000 2 1438
119.010000 3 1529
119.010000 4 1536
119.010000 5 1499
119.010000 6 1516
119.010000 7 1427
119.010000 8 1527
119.010000 9 1528
119.010000 10 1491
119.010000 11 1498
119.010000 12 1499
119.010000 13 1441
119.010000 14 1452
119.010000 15 1472
119.010000 16 1495
119.010000 17 1458
119.010000 18 1469
119.010000 19 1517
119.010000 20 1516
119.010000 21 1516
119.010000 22 1503
119.010000 23 1521
119.010000 24 1509
119.010000 25 1513
119.010000 26 1523
120.010000 0 1442
120.010000 1 1519
120.010000 2 1481
120.010000 3 1564
120.010000 4 1562
120.010000 5 1559
120.010000 6 1581
120.010000 7 1490
120.010000 8 1575
120.010000 9 1577
120.010000 10 1546
120.010000 11 1600
120.010000 12 1551
120.010000 13 1491
120.010000 14 1504
120.010000 15 1528
120.010000 16 1544
120.010000 17 1492
120.010000 18 1512
120.010000 19 1550
120.010000 20 1571
120.010000 21 1586
120.010000 22 1556
120.010000 23 1553
120.010000 24 1532
120.010000 25 1544
120.010000 26 1580
121.010000 0 1554
121.010000 1 1595
121.010000 2 1543
121.010000 3 1623
121.010000 4 1635
121.010000 5 1611
121.010000 6 1651
121.010000 7 1553
121.010000 8 1647
121.010000 9 1625
121.010000 10 1613
121.010000 11 1629
121.010000 12 1622
121.010000 13 1560
121.010000 14 1635
121.010000 15 1574
121.010000 16 1615
121.010000 17 1591
121.010000 18 1614
121.010000 19 1610
121.010000 20 1632
121.010000 21 1636
121.010000 22 1621
121.010000 23 1598
121.010000 24 1623
121.010000 25 1633
121.010000 26 1662
122.010000 0 1193
122.010000 1 1214
122.010000 2 1221
122.010000 3 1300
122.010000 4 1298
122.010000 5 1277
122.010000 6 1324
122.010000 7 1202
122.010000 8 1323
122.010000 9 1333
122.010000 10 1295
122.010000 11 1334
122.010000 12 1306
122.010000 13 1205
122.010000 14 1232
122.010000 15 1266
122.010000 16 1264
122.010000 17 1195
122.010000 18 1229
122.010000 19 1298
122.010000 20 1303
122.010000 21 1297
122.010000 22 1300
122.010000 23 1316
122.010000 24 1303
122.010000 25 1328
122.010000 26 1325
123.010000 0 1464
123.010000 1 1500
123.010000 2 1484
123.010000 3 1536
123.010000 4 1549
123.010000 5 1558
123.010000 6 1573
123.010000 7 1462
123.010000 8 1568
123.010000 9 1559
123.010000 10 1528
123.010000 11 1565
123.010000 12 1545
123.010000 13 1464
123.010000 14 1548
123.010000 15 1519
123.010000 16 1528
123.010000 17 1486
123.010000 18 1513
123.010000 19 1532
123.010000 20 1554
123.010000 21 1574
123.010000 22 1543
123.010000 23 1516
123.010000 24 1542
123.010000 25 1513
123.010000 26 1561
124.010000 0 1376
124.010000 1 1546
124.010000 2 1463
124.010000 3 1573
124.010000 4 1593
124.010000 5 1596
124.010000 6 1595
124.010000 7 1547
124.010000 8 1599
124.010000 9 1613
124.010000 10 1566
124.010000 11 1592
124.010000 12 1547
124.010000 13 1503
124.010000 14 1488
124.010000 15 1565
124.010000 16 1560
124.010000 17 1499
124.010000 18 1501
124.010000 19 1565
124.010000 20 1585
124.010000 21 1587
124.010000 22 1595
124.010000 23 1575
124.010000 24 1586
124.010000 25 1585
124.010000 26 1610
125.010000 0 1295
125.010000 1 1350
125.010000 2 1377
125.010000 3 1421
125.010000 4 1414
125.010000 5 1403
125.010000 6 1453
125.010000 7 1325
125.010000 8 1430
125.010000 9 1445
125.010000 10 1404
125.010000 11 1401
125.010000 12 1429
125.010000 13 1339
125.010000 14 1350
125.010000 15 1370
125.010000 16 1385
125.010000 17 1343
125.010000 18 1363
125.010000 19 1406
125.010000 20 1419
125.010000 21 1430
125.010000 22 1405
125.010000 23 1445
125.010000 24 1408
125.010000 25 1430
125.010000 26 1418
126.010000 0 1294
126.010000 1 1321
126.010000 2 1292
126.010000 3 1395
126.010000 4 1389
126.010000 5 1391
126.010000 6 1420
126.010000 7 1294
126.010000 8 1402
126.010000 9 1398
126.010000 10 1368
126.010000 11 1422
126.010000 12 1354
126.010000 13 1298
126.010000 14 1344
126.010000 15 1356
126.010000 16 1354
126.010000 17 1321
126.010000 18 1332
126.010000 19 1376
126.010000 20 1389
126.010000 21 1385
126.010000 22 1382
126.010000 23 1375
126.010000 24 1385
126.010000 25 1398
126.010000 26 1421
127.010000 0 1389
127.010000 1 1430
127.010000 2 1434
127.010000 3 1477
127.010000 4 1518
127.010000 5 1483
127.010000 6 1508
127.010000 7 1415
127.010000 8 1509
127.010000 9 1505
127.010000 10 1476
127.010000 11 1506
127.010000 12 1485
127.010000 13 1419
127.010000 14 1446
127.010000 15 1463
127.010000 16 1477
127.010000 17 1401
127.010000 18 1459
127.010000 19 1511
127.010000 20 1506
127.010000 21 1498
127.010000 22 1489
127.010000 23 1489
127.010000 24 1493
127.010000 25 1465
127.010000 26 1506
128.010000 0 1383
128.010000 1 1483
128.010000 2 1468
128.010000 3 1514
128.010000 4 1530
128.010000 5 1513
128.010000 6 1560
128.010000 7 1455
128.010000 8 1562
128.010000 9 1546
128.010000 10 1517
128.010000 11 1541
128.010000 12 1527
128.010000 13 1444
128.010000 14 1482
128.010000 15 1488
128.010000 16 1498
128.010000 17 1434
128.010000 18 1438
128.010000 19 1535
128.010000 20 1533
128.010000 21 1549
128.010000 22 1516
128.010000 23 1521
128.010000 24 1531
128.010000 25 1521
128.010000 26 1537
129.010000 0 1324
129.010000 1 1386
129.010000 2 1383
129.010000 3 1455
129.010000 4 1450
129.010000 5 1447
129.010000 6 1483
129.010000 7 1355
129.010000 8 1461
129.010000 9 1461
129.010000 10 1429
129.010000 11 1470
129.010000 12 1447
129.010000 13 1350
129.010000 14 1397
129.010000 15 1428
129.010000 16 1417
129.010000 17 1388
129.010000 18 1394
129.010000 19 1443
129.010000 20 1472
129.010000 21 1451
129.010000 22 1442
129.010000 23 1442
129.010000 24 1445
129.010000 25 1443
129.010000 26 1462
130.010000 0 1407
130.010000 1 1473
130.010000 2 1432
130.010000 3 1508
130.010000 4 1518
130.010000 5 1498
130.010000 6 1547
130.010000 7 1427
130.010000 8 1524
130.010000 9 1527
130.010000 10 1491
130.010000 11 1526
130.010000 12 1505
130.010000 13 1433
130.010000 14 1468
130.010000 15 1470
130.010000 16 1488
130.010000 17 1441
130.010000 18 1480
130.010000 19 1502
130.010000 20 1513
130.010000 21 1518
130.010000 22 1501
130.010000 23 1507
130.010000 24 1515
130.010000 25 1538
130.010000 26 1504
131.010000 0 1348
131.010000 1 1399
131.010000 2 1391
131.010000 3 1449
131.010000 4 1460
131.010000 5 1455
131.010000 6 1476
131.010000 7 1373
131.010000 8 1474
131.010000 9 1473
131.010000 10 1442
131.010000 11 1471
131.010000 12 1459
131.010000 13 1400
131.010000 14 1408
131.010000 15 1439
131.010000 16 1431
131.010000 17 1371
131.010000 18 1416
131.010000 19 1463
131.010000 20 1467
131.010000 21 1458
131.010000 22 1449
131.010000 23 1455
131.010000 24 1491
131.010000 25 1457
131.010000 26 1476
132.010000 0 1347
132.010000 1 1415
132.010000 2 1382
132.010000 3 1465
132.010000 4 1475
132.010000 5 1449
132.010000 6 1492
132.010000 7 1377
132.010000 8 1478
132.010000 9 1492
132.010000 10 1486
132.010000 11 1476
132.010000 12 1462
132.010000 13 1378
132.010000 14 1418
132.010000 15 1419
132.010000 16 1439
132.010000 17 1401
132.010000 18 1433
132.010000 19 1457
132.010000 20 1472
132.010000 21 1468
132.010000 22 1455
132.010000 23 1458
132.010000 24 1463
132.010000 25 1502
132.010000 26 1490
133.010000 0 1372
133.010000 1 1453
133.010000 2 1419
133.010000 3 1488
133.010000 4 1495
133.010000 5 1501
133.010000 6 1513
133.010000 7 1418
133.010000 8 1506
133.010000 9 1520
133.010000 10 1492
133.010000 11 1504
133.010000 12 1478
133.010000 13 1402
133.010000 14 1446
133.010000 15 1462
133.010000 16 1467
133.010000 17 1418
133.010000 18 1442
133.010000 19 1474
133.010000 20 1491
133.010000 21 1497
133.010000 22 1484
133.010000 23 1492
133.010000 24 1494
133.010000 25 1497
133.010000 26 1525
134.010000 0 1376
134.010000 1 1469
134.010000 2 1429
134.010000 3 1497
134.010000 4 1512
134.010000 5 1501
134.010000 6 1523
134.010000 7 1419
134.010000 8 1524
134.010000 9 1516
134.010000 10 1478
134.010000 11 1511
134.010000 12 1515
134.010000 13 1418
134.010000 14 1449
134.010000 15 1493
134.010000 16 1477
134.010000 17 1428
134.010000 18 1454
134.010000 19 1516
134.010000 20 1503
134.010000 21 1504
134.010000 22 1493
134.010000 23 1516
134.010000 24 1513
134.010000 25 1505
134.010000 26 1518
135.010000 0 1461
135.010000 1 1535
135.010000 2 1475
135.010000 3 1557
135.010000 4 1571
135.010000 5 1575
135.010000 6 1587
135.010000 7 1470
135.010000 8 1578
135.010000 9 1581
135.010000 10 1578
135.010000 11 1553
135.010000 12 1548
135.010000 13 1493
135.010000 14 1536
135.010000 15 1534
135.010000 16 1548
135.010000 17 1496
135.010000 18 1526
135.010000 19 1534
135.010000 20 1554
135.010000 21 1573
135.010000 22 1545
135.010000 23 1556
135.010000 24 1565
135.010000 25 1567
135.010000 26 1584
136.010000 0 1395
136.010000 1 1469
136.010000 2 1427
136.010000 3 1514
136.010000 4 1524
136.010000 5 1507
136.010000 6 1545
136.010000 7 1423
136.010000 8 1554
136.010000 9 1524
136.010000 10 1506
136.010000 11 1531
136.010000 12 1502
136.010000 13 1436
136.010000 14 1480
136.010000 15 1492
136.010000 16 1488
136.010000 17 1456
136.010000 18 1465
136.010000 19 1519
136.010000 20 1532
136.010000 21 1526
136.010000 22 1513
136.010000 23 1512
136.010000 24 1521
136.010000 25 1515
136.010000 26 1537
137.010000 0 1441
137.010000 1 1564
137.010000 2 1513
137.010000 3 1577
137.010000 4 1605
137.010000 5 1573
137.010000 6 1620
137.010000 7 1554
137.010000 8 1612
137.010000 9 1611
137.010000 10 1578
137.010000 11 1613
137.010000 12 1607
137.010000 13 1518
137.010000 14 1526
137.010000 15 1549
137.010000 16 1577
137.010000 17 1514
137.010000 18 1564
137.010000 19 1595
137.010000 20 1602
137.010000 21 1602
137.010000 22 1588
137.010000 23 1558
137.010000 24 1597
137.010000 25 1599
137.010000 26 1615
138.010000 0 1235
138.010000 1 1275
138.010000 2 1316
138.010000 3 1356
138.010000 4 1372
138.010000 5 1348
138.010000 6 1365
138.010000 7 1250
138.010000 8 1357
138.010000 9 1364
138.010000 10 1359
138.010000 11 1354
138.010000 12 1346
138.010000 13 1277
138.010000 14 1282
138.010000 15 1330
138.010000 16 1314
138.010000 17 1274
138.010000 18 1285
138.010000 19 1366
138.010000 20 1347
138.010000 21 1348
138.010000 22 1332
138.010000 23 1349
138.010000 24 1344
138.010000 25 1353
138.010000 26 1357
139.010000 0 1275
139.010000 1 1341
139.010000 2 1338
139.010000 3 1413
139.010000 4 1411
139.010000 5 1388
139.010000 6 1432
139.010000 7 1351
139.010000 8 1427
139.010000 9 1427
139.010000 10 1404
139.010000 11 1421
139.010000 12 1422
139.010000 13 1332
139.010000 14 1345
139.010000 15 1370
139.010000 16 1395
139.010000 17 1325
139.010000 18 1332
139.010000 19 1410
139.010000 20 1421
139.010000 21 1442
139.010000 22 1405
139.010000 23 1402
139.010000 24 1431
139.010000 25 1433
139.010000 26 1427
140.010000 0 1463
140.010000 1 1564
140.010000 2 1523
140.010000 3 1579
140.010000 4 1575
140.010000 5 1592
140.010000 6 1611
140.010000 7 1506
140.010000 8 1603
140.010000 9 1585
140.010000 10 1571
140.010000 11 1601
140.010000 12 1588
140.010000 13 1514
140.010000 14 1558
140.010000 15 1566
140.010000 16 1571
140.010000 17 1531
140.010000 18 1551
140.010000 19 1581
140.010000 20 1588
140.010000 21 1608
140.010000 22 1578
140.010000 23 1585
140.010000 24 1594
140.010000 25 1584
140.010000 26 1605
141.010000 0 1386
141.010000 1 1489
141.010000 2 1431
141.010000 3 1529
141.010000 4 1536
141.010000 5 1524
141.010000 6 1548
141.010000 7 1460
141.010000 8 1546
141.010000 9 1553
141.010000 10 1514
141.010000 11 1537
141.010000 12 1519
141.010000 13 1455
141.010000 14 1475
141.010000 15 1495
141.010000 16 1503
141.010000 17 1455
141.010000 18 1468
141.010000 19 1518
141.010000 20 1531
141.010000 21 1533
141.010000 22 1517
141.010000 23 1518
141.010000 24 1531
141.010000 25 1529
141.010000 26 1544
142.010000 0 1394
142.010000 1 1454
142.010000 2 1411
142.010000 3 1497
142.010000 4 1495
142.010000 5 1478
142.010000 6 1505
142.010000 7 1404
142.010000 8 1502
142.010000 9 1499
142.010000 10 1473
142.010000 11 1496
142.010000 12 1486
142.010000 13 1409
142.010000 14 1443
142.010000 15 1461
142.010000 16 1464
142.010000 17 1435
142.010000 18 1459
142.010000 19 1486
142.010000 20 1486
142.010000 21 1487
142.010000 22 1475
142.010000 23 1478
142.010000 24 1490
142.010000 25 1489
142.010000 26 1500
143.010000 0 1358
143.010000 1 1431
143.010000 2 1411
143.010000 3 1490
143.010000 4 1515
143.010000 5 1485
143.010000 6 1509
143.010000 7 1413
143.010000 8 1509
143.010000 9 1508
143.010000 10 1493
143.010000 11 1513
143.010000 12 1485
143.010000 13 1427
143.010000 14 1437
143.010000 15 1461
143.010000 16 1486
143.010000 17 1412
143.010000 18 1425
143.010000 19 1484
143.010000 20 1495
143.010000 21 1470
143.010000 22 1482
143.010000 23 1480
143.010000 24 1497
143.010000 25 1486
143.010000 26 1522
144.010000 0 1366
144.010000 1 1453
144.010000 2 1421
144.010000 3 1478
144.010000 4 1507
144.010000 5 1486
144.010000 6 1514
144.010000 7 1400
144.010000 8 1506
144.010000 9 1507
144.010000 10 1502
144.010000 11 1507
144.010000 12 1493
144.010000 13 1402
144.010000 14 1440
144.010000 15 1468
144.010000 16 1444
144.010000 17 1411
144.010000 18 1450
144.010000 19 1492
144.010000 20 1489
144.010000 21 1516
144.010000 22 1482
144.010000 23 1485
144.010000 24 1490
144.010000 25 1496
144.010000 26 1520
145.010000 0 1307
145.010000 1 1318
145.010000 2 1285
145.010000 3 1401
145.010000 4 1407
145.010000 5 1380
145.010000 6 1405
145.010000 7 1297
145.010000 8 1396
145.010000 9 1392
145.010000 10 1365
145.010000 11 1394
145.010000 12 1373
145.010000 13 1318
145.010000 14 1341
145.010000 15 1351
145.010000 16 1354
145.010000 17 1332
145.010000 18 1349
145.010000 19 1352
145.010000 20 1389
145.010000 21 1381
145.010000 22 1382
145.010000 23 1403
145.010000 24 1381
145.010000 25 1406
145.010000 26 1398
146.010000 0 1251
146.010000 1 1316
146.010000 2 1352
146.010000 3 1383
146.010000 4 1405
146.010000 5 1373
146.010000 6 1398
146.010000 7 1279
146.010000 8 1387
146.010000 9 1412
146.010000 10 1353
146.010000 11 1382
146.010000 12 1400
146.010000 13 1275
146.010000 14 1319
146.010000 15 1357
146.010000 16 1365
146.010000 17 1305
146.010000 18 1316
146.010000 19 1389
146.010000 20 1377
146.010000 21 1403
146.010000 22 1363
146.010000 23 1379
146.010000 24 1371
146.010000 25 1376
146.010000 26 1389
147.010000 0 1438
147.010000 1 1524
147.010000 2 1449
147.010000 3 1552
147.010000 4 1574
147.010000 5 1569
147.010000 6 1588
147.010000 7 1496
147.010000 8 1593
147.010000 9 1556
147.010000 10 1562
147.010000 11 1585
147.010000 12 1535
147.010000 13 1505
147.010000 14 1523
147.010000 15 1539
147.010000 16 1546
147.010000 17 1480
147.010000 18 1513
147.010000 19 1556
147.010000 20 1574
147.010000 21 1574
147.010000 22 1578
147.010000 23 1572
147.010000 24 1576
147.010000 25 1567
147.010000 26 1584
148.010000 0 1430
148.010000 1 1455
148.010000 2 1461
148.010000 3 1514
148.010000 4 1509
148.010000 5 1490
148.010000 6 1526
148.010000 7 1390
148.010000 8 1523
148.010000 9 1521
148.010000 10 1488
148.010000 11 1521
148.010000 12 1517
148.010000 13 1427
148.010000 14 1484
148.010000 15 1475
148.010000 16 1490
148.010000 17 1450
148.010000 18 1466
148.010000 19 1526
148.010000 20 1516
148.010000 21 1526
148.010000 22 1498
148.010000 23 1495
148.010000 24 1506
148.010000 25 1504
148.010000 26 1525
149.010000 0 1396
149.010000 1 1446
149.010000 2 1404
149.010000 3 1506
149.010000 4 1502
149.010000 5 1507
149.010000 6 1511
149.010000 7 1428
149.010000 8 1509
149.010000 9 1515
149.010000 10 1443
149.010000 11 1510
149.010000 12 1490
149.010000 13 1400
149.010000 14 1459
149.010000 15 1494
149.010000 16 1466
149.010000 17 1443
149.010000 18 1449
149.010000 19 1487
149.010000 20 1498
149.010000 21 1495
149.010000 22 1518
149.010000 23 1492
149.010000 24 1497
149.010000 25 1494
149.010000 26 1512
