0.010000 0 6
0.010000 1 6
0.010000 2 2
0.010000 3 6
0.010000 4 6
0.010000 5 4
0.010000 6 6
0.010000 7 6
0.010000 8 6
0.010000 9 6
0.010000 10 6
0.010000 11 6
0.010000 12 4
0.010000 13 6
0.010000 14 6
0.010000 15 3
0.010000 16 6
0.010000 17 6
0.010000 18 6
0.010000 19 4
0.010000 20 6
0.010000 21 5
0.010000 22 6
1.010000 0 19
1.010000 1 22
1.010000 2 19
1.010000 3 21
1.010000 4 22
1.010000 5 21
1.010000 6 22
1.010000 7 22
1.010000 8 22
1.010000 9 22
1.010000 10 22
1.010000 11 22
1.010000 12 21
1.010000 13 22
1.010000 14 21
1.010000 15 20
1.010000 16 21
1.010000 17 20
1.010000 18 21
1.010000 19 21
1.010000 20 22
1.010000 21 23
1.010000 22 22
2.010000 0 19
2.010000 1 23
2.010000 2 20
2.010000 3 22
2.010000 4 23
2.010000 5 22
2.010000 6 23
2.010000 7 22
2.010000 8 23
2.010000 9 23
2.010000 10 23
2.010000 11 23
2.010000 12 22
2.010000 13 23
2.010000 14 22
2.010000 15 21
2.010000 16 24
2.010000 17 21
2.010000 18 21
2.010000 19 22
2.010000 20 23
2.010000 21 23
2.010000 22 23
3.010000 0 16
3.010000 1 21
3.010000 2 22
3.010000 3 19
3.010000 4 21
3.010000 5 22
3.010000 6 21
3.010000 7 21
3.010000 8 21
3.010000 9 21
3.010000 10 21
3.010000 11 20
3.010000 12 22
3.010000 13 21
3.010000 14 18
3.010000 15 22
3.010000 16 21
3.010000 17 17
3.010000 18 20
3.010000 19 22
3.010000 20 20
3.010000 21 21
3.010000 22 21
4.010000 0 23
4.010000 1 23
4.010000 2 17
4.010000 3 23
4.010000 4 22
4.010000 5 20
4.010000 6 23
4.010000 7 24
4.010000 8 23
4.010000 9 22
4.010000 10 23
4.010000 11 24
4.010000 12 20
4.010000 13 23
4.010000 14 24
4.010000 15 18
4.010000 16 22
4.010000 17 23
4.010000 18 23
4.010000 19 21
4.010000 20 24
4.010000 21 23
4.010000 22 23
5.010000 0 18
5.010000 1 21
5.010000 2 17
5.010000 3 20
5.010000 4 22
5.010000 5 20
5.010000 6 21
5.010000 7 21
5.010000 8 21
5.010000 9 21
5.010000 10 21
5.010000 11 21
5.010000 12 20
5.010000 13 21
5.010000 14 20
5.010000 15 19
5.010000 16 22
5.010000 17 19
5.010000 18 20
5.010000 19 19
5.010000 20 21
5.010000 21 21
5.010000 22 21
6.010000 0 18
6.010000 1 22
6.010000 2 20
6.010000 3 21
6.010000 4 22
6.010000 5 21
6.010000 6 22
6.010000 7 22
6.010000 8 22
6.010000 9 23
6.010000 10 22
6.010000 11 22
6.010000 12 21
6.010000 13 22
6.010000 14 20
6.010000 15 20
6.010000 16 21
6.010000 17 20
6.010000 18 21
6.010000 19 22
6.010000 20 22
6.010000 21 22
6.010000 22 22
7.010000 0 22
7.010000 1 25
7.010000 2 25
7.010000 3 23
7.010000 4 25
7.010000 5 27
7.010000 6 25
7.010000 7 25
7.010000 8 26
7.010000 9 26
7.010000 10 25
7.010000 11 26
7.010000 12 27
7.010000 13 26
7.010000 14 25
7.010000 15 27
7.010000 16 26
7.010000 17 22
7.010000 18 25
7.010000 19 25
7.010000 20 26
7.010000 21 26
7.010000 22 26
8.010000 0 18
8.010000 1 21
8.010000 2 16
8.010000 3 21
8.010000 4 21
8.010000 5 19
8.010000 6 20
8.010000 7 20
8.010000 8 20
8.010000 9 19
8.010000 10 21
8.010000 11 19
8.010000 12 17
8.010000 13 20
8.010000 14 20
8.010000 15 17
8.010000 16 21
8.010000 17 20
8.010000 18 18
8.010000 19 19
8.010000 20 20
8.010000 21 20
8.010000 22 19
9.010000 0 16
9.010000 1 21
9.010000 2 19
9.010000 3 19
9.010000 4 21
9.010000 5 20
9.010000 6 22
9.010000 7 21
9.010000 8 21
9.010000 9 21
9.010000 10 21
9.010000 11 22
9.010000 12 22
9.010000 13 21
9.010000 14 18
9.010000 15 20
9.010000 16 21
9.010000 17 17
9.010000 18 20
9.010000 19 20
9.010000 20 21
9.010000 21 20
9.010000 22 22
10.010000 0 18
10.010000 1 22
10.010000 2 18
10.010000 3 20
10.010000 4 22
10.010000 5 21
10.010000 6 22
10.010000 7 23
10.010000 8 22
10.010000 9 23
10.010000 10 22
10.010000 11 22
10.010000 12 20
10.010000 13 22
10.010000 14 21
10.010000 15 19
10.010000 16 22
10.010000 17 19
10.010000 18 20
10.010000 19 20
10.010000 20 22
10.010000 21 23
10.010000 22 22
11.010000 0 19
11.010000 1 21
11.010000 2 20
11.010000 3 22
11.010000 4 21
11.010000 5 20
11.010000 6 21
11.010000 7 20
11.010000 8 21
11.010000 9 21
11.010000 10 21
11.010000 11 21
11.010000 12 21
11.010000 13 21
11.010000 14 20
11.010000 15 20
11.010000 16 21
11.010000 17 21
11.010000 18 20
11.010000 19 22
11.010000 20 20
11.010000 21 21
11.010000 22 20
12.010000 0 23
12.010000 1 23
12.010000 2 17
12.010000 3 23
12.010000 4 24
12.010000 5 21
12.010000 6 24
12.010000 7 25
12.010000 8 24
12.010000 9 23
12.010000 10 24
12.010000 11 24
12.010000 12 21
12.010000 13 24
12.010000 14 24
12.010000 15 19
12.010000 16 24
12.010000 17 22
12.010000 18 24
12.010000 19 21
12.010000 20 25
12.010000 21 24
12.010000 22 25
13.010000 0 16
13.010000 1 21
13.010000 2 20
13.010000 3 18
13.010000 4 19
13.010000 5 21
13.010000 6 20
13.010000 7 20
13.010000 8 20
13.010000 9 21
13.010000 10 19
13.010000 11 20
13.010000 12 20
13.010000 13 20
13.010000 14 20
13.010000 15 21
13.010000 16 20
13.010000 17 18
13.010000 18 19
13.010000 19 21
13.010000 20 20
13.010000 21 19
13.010000 22 20
14.010000 0 19
14.010000 1 22
14.010000 2 20
14.010000 3 22
14.010000 4 22
14.010000 5 21
14.010000 6 21
14.010000 7 21
14.010000 8 21
14.010000 9 22
14.010000 10 23
14.010000 11 22
14.010000 12 22
14.010000 13 22
14.010000 14 19
14.010000 15 20
14.010000 16 22
14.010000 17 20
14.010000 18 21
14.010000 19 21
14.010000 20 22
14.010000 21 23
14.010000 22 22
15.010000 0 16
15.010000 1 22
15.010000 2 19
15.010000 3 20
15.010000 4 23
15.010000 5 21
15.010000 6 23
15.010000 7 23
15.010000 8 23
15.010000 9 22
15.010000 10 22
15.010000 11 22
15.010000 12 21
15.010000 13 22
15.010000 14 20
15.010000 15 20
15.010000 16 22
15.010000 17 18
15.010000 18 19
15.010000 19 21
15.010000 20 21
15.010000 21 22
15.010000 22 22
16.010000 0 337
16.010000 1 383
16.010000 2 373
16.010000 3 298
16.010000 4 383
16.010000 5 379
16.010000 6 383
16.010000 7 297
16.010000 8 383
16.010000 9 383
16.010000 10 383
16.010000 11 383
16.010000 12 379
16.010000 13 383
16.010000 14 339
16.010000 15 376
16.010000 16 342
16.010000 17 253
16.010000 18 339
16.010000 19 379
16.010000 20 384
16.010000 21 299
16.010000 22 383
17.010000 0 298
17.010000 1 343
17.010000 2 344
17.010000 3 261
17.010000 4 343
17.010000 5 344
17.010000 6 342
17.010000 7 263
17.010000 8 342
17.010000 9 343
17.010000 10 343
17.010000 11 343
17.010000 12 344
17.010000 13 343
17.010000 14 300
17.010000 15 344
17.010000 16 303
17.010000 17 218
17.010000 18 300
17.010000 19 344
17.010000 20 342
17.010000 21 263
17.010000 22 343
18.010000 0 287
18.010000 1 327
18.010000 2 322
18.010000 3 251
18.010000 4 327
18.010000 5 325
18.010000 6 329
18.010000 7 253
18.010000 8 329
18.010000 9 328
18.010000 10 328
18.010000 11 328
18.010000 12 326
18.010000 13 328
18.010000 14 289
18.010000 15 323
18.010000 16 290
18.010000 17 212
18.010000 18 289
18.010000 19 325
18.010000 20 329
18.010000 21 252
18.010000 22 328
19.010000 0 310
19.010000 1 361
19.010000 2 361
19.010000 3 274
19.010000 4 362
19.010000 5 362
19.010000 6 361
19.010000 7 277
19.010000 8 361
19.010000 9 361
19.010000 10 361
19.010000 11 361
19.010000 12 361
19.010000 13 361
19.010000 14 314
19.010000 15 362
19.010000 16 318
19.010000 17 227
19.010000 18 313
19.010000 19 362
19.010000 20 361
19.010000 21 277
19.010000 22 361
20.010000 0 289
20.010000 1 332
20.010000 2 324
20.010000 3 255
20.010000 4 330
20.010000 5 329
20.010000 6 331
20.010000 7 255
20.010000 8 331
20.010000 9 331
20.010000 10 330
20.010000 11 331
20.010000 12 328
20.010000 13 331
20.010000 14 290
20.010000 15 327
20.010000 16 294
20.010000 17 214
20.010000 18 290
20.010000 19 328
20.010000 20 331
20.010000 21 255
20.010000 22 331
21.010000 0 307
21.010000 1 351
21.010000 2 349
21.010000 3 266
21.010000 4 352
21.010000 5 349
21.010000 6 351
21.010000 7 267
21.010000 8 351
21.010000 9 351
21.010000 10 352
21.010000 11 351
21.010000 12 351
21.010000 13 351
21.010000 14 308
21.010000 15 348
21.010000 16 311
21.010000 17 223
21.010000 18 309
21.010000 19 350
21.010000 20 351
21.010000 21 269
21.010000 22 351
22.010000 0 274
22.010000 1 316
22.010000 2 316
22.010000 3 241
22.010000 4 316
22.010000 5 317
22.010000 6 316
22.010000 7 244
22.010000 8 316
22.010000 9 315
22.010000 10 315
22.010000 11 316
22.010000 12 316
22.010000 13 316
22.010000 14 278
22.010000 15 317
22.010000 16 278
22.010000 17 203
22.010000 18 277
22.010000 19 317
22.010000 20 316
22.010000 21 242
22.010000 22 316
23.010000 0 329
23.010000 1 373
23.010000 2 370
23.010000 3 287
23.010000 4 373
23.010000 5 372
23.010000 6 374
23.010000 7 286
23.010000 8 374
23.010000 9 375
23.010000 10 375
23.010000 11 374
23.010000 12 373
23.010000 13 374
23.010000 14 330
23.010000 15 371
23.010000 16 329
23.010000 17 243
23.010000 18 330
23.010000 19 373
23.010000 20 374
23.010000 21 285
23.010000 22 374
24.010000 0 289
24.010000 1 333
24.010000 2 327
24.010000 3 249
24.010000 4 333
24.010000 5 332
24.010000 6 332
24.010000 7 256
24.010000 8 332
24.010000 9 332
24.010000 10 332
24.010000 11 332
24.010000 12 329
24.010000 13 332
24.010000 14 291
24.010000 15 330
24.010000 16 295
24.010000 17 208
24.010000 18 292
24.010000 19 329
24.010000 20 331
24.010000 21 257
24.010000 22 332
25.010000 0 294
25.010000 1 337
25.010000 2 337
25.010000 3 257
25.010000 4 337
25.010000 5 336
25.010000 6 337
25.010000 7 257
25.010000 8 337
25.010000 9 337
25.010000 10 337
25.010000 11 337
25.010000 12 338
25.010000 13 337
25.010000 14 297
25.010000 15 336
25.010000 16 297
25.010000 17 217
25.010000 18 296
25.010000 19 338
25.010000 20 338
25.010000 21 257
25.010000 22 337
26.010000 0 344
26.010000 1 393
26.010000 2 389
26.010000 3 301
26.010000 4 393
26.010000 5 392
26.010000 6 393
26.010000 7 300
26.010000 8 393
26.010000 9 393
26.010000 10 393
26.010000 11 392
26.010000 12 391
26.010000 13 392
26.010000 14 345
26.010000 15 391
26.010000 16 347
26.010000 17 253
26.010000 18 346
26.010000 19 392
26.010000 20 393
26.010000 21 301
26.010000 22 393
27.010000 0 286
27.010000 1 327
27.010000 2 324
27.010000 3 251
27.010000 4 327
27.010000 5 326
27.010000 6 326
27.010000 7 251
27.010000 8 327
27.010000 9 327
27.010000 10 327
27.010000 11 328
27.010000 12 327
27.010000 13 327
27.010000 14 287
27.010000 15 325
27.010000 16 289
27.010000 17 212
27.010000 18 288
27.010000 19 325
27.010000 20 327
27.010000 21 251
27.010000 22 326
28.010000 0 315
28.010000 1 367
28.010000 2 365
28.010000 3 277
28.010000 4 367
28.010000 5 366
28.010000 6 368
28.010000 7 282
28.010000 8 367
28.010000 9 367
28.010000 10 367
28.010000 11 367
28.010000 12 366
28.010000 13 368
28.010000 14 319
28.010000 15 365
28.010000 16 325
28.010000 17 229
28.010000 18 318
28.010000 19 367
28.010000 20 367
28.010000 21 282
28.010000 22 368
29.010000 0 310
29.010000 1 349
29.010000 2 346
29.010000 3 267
29.010000 4 349
29.010000 5 348
29.010000 6 349
29.010000 7 265
29.010000 8 349
29.010000 9 348
29.010000 10 349
29.010000 11 349
29.010000 12 348
29.010000 13 348
29.010000 14 310
29.010000 15 347
29.010000 16 309
29.010000 17 227
29.010000 18 310
29.010000 19 348
29.010000 20 349
29.010000 21 266
29.010000 22 349
