0.010000 0 5
0.010000 1 5
0.010000 2 3
0.010000 3 5
0.010000 4 4
0.010000 5 4
0.010000 6 3
0.010000 7 5
0.010000 8 5
0.010000 9 4
0.010000 10 5
1.010000 0 9
1.010000 1 9
1.010000 2 9
1.010000 3 10
1.010000 4 11
1.010000 5 11
1.010000 6 9
1.010000 7 10
1.010000 8 9
1.010000 9 10
1.010000 10 9
2.010000 0 8
2.010000 1 9
2.010000 2 10
2.010000 3 9
2.010000 4 8
2.010000 5 9
2.010000 6 10
2.010000 7 9
2.010000 8 8
2.010000 9 9
2.010000 10 9
3.010000 0 10
3.010000 1 11
3.010000 2 8
3.010000 3 11
3.010000 4 12
3.010000 5 11
3.010000 6 8
3.010000 7 11
3.010000 8 10
3.010000 9 11
3.010000 10 11
4.010000 0 8
4.010000 1 12
4.010000 2 10
4.010000 3 11
4.010000 4 11
4.010000 5 10
4.010000 6 10
4.010000 7 11
4.010000 8 8
4.010000 9 11
4.010000 10 12
5.010000 0 12
5.010000 1 11
5.010000 2 10
5.010000 3 10
5.010000 4 10
5.010000 5 11
5.010000 6 10
5.010000 7 10
5.010000 8 12
5.010000 9 12
5.010000 10 10
6.010000 0 6
6.010000 1 7
6.010000 2 8
6.010000 3 8
6.010000 4 7
6.010000 5 7
6.010000 6 8
6.010000 7 8
6.010000 8 6
6.010000 9 6
6.010000 10 7
7.010000 0 9
7.010000 1 9
7.010000 2 9
7.010000 3 10
7.010000 4 10
7.010000 5 10
7.010000 6 9
7.010000 7 10
7.010000 8 9
7.010000 9 10
7.010000 10 11
8.010000 0 9
8.010000 1 12
8.010000 2 10
8.010000 3 10
8.010000 4 11
8.010000 5 11
8.010000 6 10
8.010000 7 11
8.010000 8 9
8.010000 9 12
8.010000 10 10
9.010000 0 10
9.010000 1 11
9.010000 2 8
9.010000 3 11
9.010000 4 11
9.010000 5 12
9.010000 6 8
9.010000 7 11
9.010000 8 10
9.010000 9 11
9.010000 10 11
10.010000 0 7
10.010000 1 8
10.010000 2 8
10.010000 3 10
10.010000 4 10
10.010000 5 9
10.010000 6 8
10.010000 7 9
10.010000 8 7
10.010000 9 9
10.010000 10 10
11.010000 0 9
11.010000 1 11
11.010000 2 9
11.010000 3 10
11.010000 4 10
11.010000 5 10
11.010000 6 9
11.010000 7 9
11.010000 8 9
11.010000 9 10
11.010000 10 10
12.010000 0 9
12.010000 1 9
12.010000 2 9
12.010000 3 10
12.010000 4 10
12.010000 5 10
12.010000 6 9
12.010000 7 11
12.010000 8 9
12.010000 9 10
12.010000 10 10
13.010000 0 10
13.010000 1 9
13.010000 2 10
13.010000 3 9
13.010000 4 9
13.010000 5 8
13.010000 6 10
13.010000 7 9
13.010000 8 10
13.010000 9 8
13.010000 10 8
14.010000 0 10
14.010000 1 12
14.010000 2 8
14.010000 3 10
14.010000 4 11
14.010000 5 12
14.010000 6 8
14.010000 7 11
14.010000 8 10
14.010000 9 11
14.010000 10 11
15.010000 0 9
15.010000 1 11
15.010000 2 10
15.010000 3 11
15.010000 4 11
15.010000 5 10
15.010000 6 10
15.010000 7 11
15.010000 8 9
15.010000 9 12
15.010000 10 11
16.010000 0 579
16.010000 1 591
16.010000 2 564
16.010000 3 333
16.010000 4 404
16.010000 5 606
16.010000 6 564
16.010000 7 605
16.010000 8 579
16.010000 9 605
16.010000 10 585
17.010000 0 588
17.010000 1 608
17.010000 2 570
17.010000 3 335
17.010000 4 443
17.010000 5 625
17.010000 6 570
17.010000 7 625
17.010000 8 588
17.010000 9 625
17.010000 10 589
18.010000 0 583
18.010000 1 599
18.010000 2 538
18.010000 3 335
18.010000 4 475
18.010000 5 621
18.010000 6 538
18.010000 7 621
18.010000 8 583
18.010000 9 621
18.010000 10 583
19.010000 0 527
19.010000 1 540
19.010000 2 554
19.010000 3 351
19.010000 4 495
19.010000 5 590
19.010000 6 554
19.010000 7 590
19.010000 8 527
19.010000 9 590
19.010000 10 491
20.010000 0 579
20.010000 1 605
20.010000 2 520
20.010000 3 351
20.010000 4 542
20.010000 5 632
20.010000 6 520
20.010000 7 633
20.010000 8 579
20.010000 9 632
20.010000 10 578
21.010000 0 642
21.010000 1 652
21.010000 2 568
21.010000 3 375
21.010000 4 547
21.010000 5 681
21.010000 6 568
21.010000 7 680
21.010000 8 642
21.010000 9 681
21.010000 10 622
22.010000 0 697
22.010000 1 700
22.010000 2 716
22.010000 3 402
22.010000 4 486
22.010000 5 732
22.010000 6 716
22.010000 7 732
22.010000 8 697
22.010000 9 732
22.010000 10 667
23.010000 0 552
23.010000 1 555
23.010000 2 539
23.010000 3 320
23.010000 4 420
23.010000 5 582
23.010000 6 539
23.010000 7 582
23.010000 8 552
23.010000 9 582
23.010000 10 532
24.010000 0 621
24.010000 1 632
24.010000 2 606
24.010000 3 370
24.010000 4 497
24.010000 5 664
24.010000 6 606
24.010000 7 664
24.010000 8 621
24.010000 9 664
24.010000 10 602
25.010000 0 578
25.010000 1 599
25.010000 2 553
25.010000 3 342
25.010000 4 485
25.010000 5 625
25.010000 6 553
25.010000 7 625
25.010000 8 578
25.010000 9 625
25.010000 10 576
26.010000 0 602
26.010000 1 637
26.010000 2 556
26.010000 3 349
26.010000 4 514
26.010000 5 653
26.010000 6 556
26.010000 7 653
26.010000 8 602
26.010000 9 653
26.010000 10 615
