0.010000 0 6
0.010000 1 6
0.010000 2 2
0.010000 3 6
0.010000 4 6
0.010000 5 5
0.010000 6 6
0.010000 7 6
0.010000 8 6
0.010000 9 5
0.010000 10 6
0.010000 11 6
0.010000 12 4
0.010000 13 6
0.010000 14 6
0.010000 15 3
0.010000 16 6
0.010000 17 6
0.010000 18 6
0.010000 19 4
0.010000 20 6
0.010000 21 6
0.010000 22 6
0.010000 23 6
0.010000 24 6
0.010000 25 6
0.010000 26 6
0.010000 27 6
0.010000 28 4
1.010000 0 24
1.010000 1 26
1.010000 2 27
1.010000 3 26
1.010000 4 26
1.010000 5 25
1.010000 6 27
1.010000 7 27
1.010000 8 27
1.010000 9 28
1.010000 10 27
1.010000 11 27
1.010000 12 28
1.010000 13 27
1.010000 14 26
1.010000 15 24
1.010000 16 27
1.010000 17 25
1.010000 18 26
1.010000 19 28
1.010000 20 27
1.010000 21 27
1.010000 22 27
1.010000 23 27
1.010000 24 27
1.010000 25 27
1.010000 26 27
1.010000 27 27
1.010000 28 26
2.010000 0 27
2.010000 1 32
2.010000 2 29
2.010000 3 31
2.010000 4 33
2.010000 5 33
2.010000 6 32
2.010000 7 32
2.010000 8 32
2.010000 9 32
2.010000 10 31
2.010000 11 32
2.010000 12 30
2.010000 13 31
2.010000 14 29
2.010000 15 32
2.010000 16 32
2.010000 17 29
2.010000 18 30
2.010000 19 31
2.010000 20 32
2.010000 21 31
2.010000 22 32
2.010000 23 32
2.010000 24 31
2.010000 25 32
2.010000 26 31
2.010000 27 32
2.010000 28 33
3.010000 0 24
3.010000 1 27
3.010000 2 23
3.010000 3 25
3.010000 4 26
3.010000 5 24
3.010000 6 25
3.010000 7 25
3.010000 8 26
3.010000 9 26
3.010000 10 27
3.010000 11 26
3.010000 12 26
3.010000 13 27
3.010000 14 26
3.010000 15 22
3.010000 16 25
3.010000 17 24
3.010000 18 25
3.010000 19 24
3.010000 20 26
3.010000 21 27
3.010000 22 26
3.010000 23 25
3.010000 24 27
3.010000 25 26
3.010000 26 27
3.010000 27 26
3.010000 28 25
4.010000 0 24
4.010000 1 28
4.010000 2 26
4.010000 3 27
4.010000 4 28
4.010000 5 28
4.010000 6 29
4.010000 7 29
4.010000 8 28
4.010000 9 28
4.010000 10 28
4.010000 11 28
4.010000 12 27
4.010000 13 28
4.010000 14 27
4.010000 15 26
4.010000 16 29
4.010000 17 26
4.010000 18 26
4.010000 19 28
4.010000 20 28
4.010000 21 27
4.010000 22 28
4.010000 23 29
4.010000 24 27
4.010000 25 27
4.010000 26 27
4.010000 27 27
4.010000 28 27
5.010000 0 26
5.010000 1 27
5.010000 2 23
5.010000 3 26
5.010000 4 27
5.010000 5 25
5.010000 6 26
5.010000 7 26
5.010000 8 27
5.010000 9 26
5.010000 10 27
5.010000 11 27
5.010000 12 26
5.010000 13 27
5.010000 14 27
5.010000 15 22
5.010000 16 27
5.010000 17 26
5.010000 18 28
5.010000 19 26
5.010000 20 27
5.010000 21 27
5.010000 22 27
5.010000 23 27
5.010000 24 28
5.010000 25 28
5.010000 26 28
5.010000 27 28
5.010000 28 24
6.010000 0 25
6.010000 1 28
6.010000 2 25
6.010000 3 27
6.010000 4 28
6.010000 5 26
6.010000 6 29
6.010000 7 29
6.010000 8 28
6.010000 9 29
6.010000 10 28
6.010000 11 28
6.010000 12 27
6.010000 13 28
6.010000 14 27
6.010000 15 24
6.010000 16 28
6.010000 17 26
6.010000 18 27
6.010000 19 27
6.010000 20 28
6.010000 21 29
6.010000 22 28
6.010000 23 27
6.010000 24 27
6.010000 25 28
6.010000 26 27
6.010000 27 28
6.010000 28 27
7.010000 0 26
7.010000 1 29
7.010000 2 23
7.010000 3 28
7.010000 4 29
7.010000 5 28
7.010000 6 29
7.010000 7 29
7.010000 8 29
7.010000 9 29
7.010000 10 29
7.010000 11 29
7.010000 12 26
7.010000 13 29
7.010000 14 28
7.010000 15 26
7.010000 16 29
7.010000 17 27
7.010000 18 28
7.010000 19 26
7.010000 20 29
7.010000 21 29
7.010000 22 28
7.010000 23 30
7.010000 24 29
7.010000 25 29
7.010000 26 30
7.010000 27 29
7.010000 28 29
8.010000 0 25
8.010000 1 28
8.010000 2 25
8.010000 3 27
8.010000 4 28
8.010000 5 28
8.010000 6 28
8.010000 7 28
8.010000 8 28
8.010000 9 27
8.010000 10 28
8.010000 11 27
8.010000 12 27
8.010000 13 28
8.010000 14 27
8.010000 15 26
8.010000 16 28
8.010000 17 26
8.010000 18 27
8.010000 19 27
8.010000 20 28
8.010000 21 28
8.010000 22 29
8.010000 23 28
8.010000 24 29
8.010000 25 28
8.010000 26 28
8.010000 27 27
8.010000 28 27
9.010000 0 23
9.010000 1 26
9.010000 2 28
9.010000 3 25
9.010000 4 27
9.010000 5 27
9.010000 6 27
9.010000 7 27
9.010000 8 27
9.010000 9 28
9.010000 10 27
9.010000 11 28
9.010000 12 28
9.010000 13 27
9.010000 14 25
9.010000 15 25
9.010000 16 27
9.010000 17 24
9.010000 18 26
9.010000 19 28
9.010000 20 27
9.010000 21 27
9.010000 22 27
9.010000 23 27
9.010000 24 27
9.010000 25 27
9.010000 26 26
9.010000 27 27
9.010000 28 26
10.010000 0 24
10.010000 1 28
10.010000 2 24
10.010000 3 27
10.010000 4 27
10.010000 5 25
10.010000 6 27
10.010000 7 27
10.010000 8 27
10.010000 9 26
10.010000 10 27
10.010000 11 27
10.010000 12 26
10.010000 13 27
10.010000 14 26
10.010000 15 24
10.010000 16 27
10.010000 17 26
10.010000 18 26
10.010000 19 26
10.010000 20 27
10.010000 21 27
10.010000 22 27
10.010000 23 27
10.010000 24 27
10.010000 25 26
10.010000 26 28
10.010000 27 27
10.010000 28 27
11.010000 0 29
11.010000 1 32
11.010000 2 28
11.010000 3 30
11.010000 4 32
11.010000 5 32
11.010000 6 32
11.010000 7 31
11.010000 8 32
11.010000 9 32
11.010000 10 31
11.010000 11 31
11.010000 12 31
11.010000 13 32
11.010000 14 32
11.010000 15 30
11.010000 16 32
11.010000 17 29
11.010000 18 30
11.010000 19 30
11.010000 20 32
11.010000 21 32
11.010000 22 32
11.010000 23 31
11.010000 24 32
11.010000 25 33
11.010000 26 32
11.010000 27 32
11.010000 28 31
12.010000 0 22
12.010000 1 24
12.010000 2 20
12.010000 3 24
12.010000 4 24
12.010000 5 23
12.010000 6 24
12.010000 7 25
12.010000 8 24
12.010000 9 24
12.010000 10 25
12.010000 11 25
12.010000 12 22
12.010000 13 24
12.010000 14 23
12.010000 15 20
12.010000 16 24
12.010000 17 23
12.010000 18 24
12.010000 19 22
12.010000 20 23
12.010000 21 24
12.010000 22 24
12.010000 23 24
12.010000 24 24
12.010000 25 24
12.010000 26 24
12.010000 27 25
12.010000 28 23
13.010000 0 25
13.010000 1 28
13.010000 2 26
13.010000 3 27
13.010000 4 27
13.010000 5 27
13.010000 6 28
13.010000 7 28
13.010000 8 28
13.010000 9 29
13.010000 10 27
13.010000 11 28
13.010000 12 28
13.010000 13 28
13.010000 14 27
13.010000 15 26
13.010000 16 28
13.010000 17 26
13.010000 18 27
13.010000 19 28
13.010000 20 29
13.010000 21 28
13.010000 22 27
13.010000 23 28
13.010000 24 28
13.010000 25 28
13.010000 26 28
13.010000 27 28
13.010000 28 27
14.010000 0 27
14.010000 1 30
14.010000 2 27
14.010000 3 29
14.010000 4 31
14.010000 5 29
14.010000 6 30
14.010000 7 29
14.010000 8 30
14.010000 9 30
14.010000 10 30
14.010000 11 30
14.010000 12 29
14.010000 13 29
14.010000 14 29
14.010000 15 27
14.010000 16 30
14.010000 17 28
14.010000 18 29
14.010000 19 29
14.010000 20 29
14.010000 21 30
14.010000 22 30
14.010000 23 31
14.010000 24 30
14.010000 25 30
14.010000 26 29
14.010000 27 30
14.010000 28 29
15.010000 0 22
15.010000 1 28
15.010000 2 26
15.010000 3 25
15.010000 4 27
15.010000 5 27
15.010000 6 28
15.010000 7 28
15.010000 8 28
15.010000 9 28
15.010000 10 29
15.010000 11 28
15.010000 12 27
15.010000 13 29
15.010000 14 26
15.010000 15 25
15.010000 16 28
15.010000 17 23
15.010000 18 25
15.010000 19 28
15.010000 20 29
15.010000 21 28
15.010000 22 29
15.010000 23 28
15.010000 24 28
15.010000 25 28
15.010000 26 29
15.010000 27 27
15.010000 28 27
16.010000 0 590
16.010000 1 509
16.010000 2 586
16.010000 3 595
16.010000 4 597
16.010000 5 591
16.010000 6 596
16.010000 7 597
16.010000 8 497
16.010000 9 596
16.010000 10 596
16.010000 11 497
16.010000 12 593
16.010000 13 596
16.010000 14 594
16.010000 15 584
16.010000 16 596
16.010000 17 593
16.010000 18 595
16.010000 19 593
16.010000 20 596
16.010000 21 524
16.010000 22 596
16.010000 23 596
16.010000 24 596
16.010000 25 437
16.010000 26 596
16.010000 27 597
16.010000 28 591
17.010000 0 639
17.010000 1 494
17.010000 2 640
17.010000 3 641
17.010000 4 642
17.010000 5 643
17.010000 6 641
17.010000 7 642
17.010000 8 636
17.010000 9 642
17.010000 10 642
17.010000 11 635
17.010000 12 641
17.010000 13 642
17.010000 14 641
17.010000 15 642
17.010000 16 642
17.010000 17 640
17.010000 18 641
17.010000 19 641
17.010000 20 642
17.010000 21 489
17.010000 22 642
17.010000 23 642
17.010000 24 642
17.010000 25 340
17.010000 26 642
17.010000 27 642
17.010000 28 643
18.010000 0 641
18.010000 1 504
18.010000 2 641
18.010000 3 643
18.010000 4 644
18.010000 5 643
18.010000 6 645
18.010000 7 643
18.010000 8 644
18.010000 9 644
18.010000 10 644
18.010000 11 644
18.010000 12 643
18.010000 13 643
18.010000 14 643
18.010000 15 641
18.010000 16 644
18.010000 17 642
18.010000 18 643
18.010000 19 643
18.010000 20 643
18.010000 21 477
18.010000 22 644
18.010000 23 644
18.010000 24 644
18.010000 25 337
18.010000 26 644
18.010000 27 644
18.010000 28 643
19.010000 0 633
19.010000 1 563
19.010000 2 637
19.010000 3 637
19.010000 4 639
19.010000 5 639
19.010000 6 640
19.010000 7 640
19.010000 8 475
19.010000 9 640
19.010000 10 639
19.010000 11 473
19.010000 12 639
19.010000 13 640
19.010000 14 637
19.010000 15 637
19.010000 16 640
19.010000 17 635
19.010000 18 637
19.010000 19 639
19.010000 20 641
19.010000 21 581
19.010000 22 640
19.010000 23 640
19.010000 24 640
19.010000 25 503
19.010000 26 640
19.010000 27 639
19.010000 28 639
20.010000 0 645
20.010000 1 539
20.010000 2 643
20.010000 3 646
20.010000 4 647
20.010000 5 646
20.010000 6 647
20.010000 7 647
20.010000 8 551
20.010000 9 647
20.010000 10 647
20.010000 11 550
20.010000 12 645
20.010000 13 647
20.010000 14 647
20.010000 15 643
20.010000 16 647
20.010000 17 645
20.010000 18 646
20.010000 19 645
20.010000 20 647
20.010000 21 542
20.010000 22 646
20.010000 23 647
20.010000 24 647
20.010000 25 434
20.010000 26 647
20.010000 27 648
20.010000 28 646
21.010000 0 652
21.010000 1 606
21.010000 2 648
21.010000 3 654
21.010000 4 653
21.010000 5 651
21.010000 6 653
21.010000 7 653
21.010000 8 441
21.010000 9 653
21.010000 10 653
21.010000 11 441
21.010000 12 652
21.010000 13 653
21.010000 14 653
21.010000 15 648
21.010000 16 653
21.010000 17 654
21.010000 18 653
21.010000 19 651
21.010000 20 653
21.010000 21 599
21.010000 22 654
21.010000 23 653
21.010000 24 653
21.010000 25 552
21.010000 26 653
21.010000 27 653
21.010000 28 650
22.010000 0 642
22.010000 1 541
22.010000 2 645
22.010000 3 644
22.010000 4 646
22.010000 5 645
22.010000 6 644
22.010000 7 644
22.010000 8 540
22.010000 9 645
22.010000 10 645
22.010000 11 539
22.010000 12 645
22.010000 13 645
22.010000 14 644
22.010000 15 645
22.010000 16 645
22.010000 17 643
22.010000 18 644
22.010000 19 646
22.010000 20 645
22.010000 21 545
22.010000 22 645
22.010000 23 645
22.010000 24 645
22.010000 25 441
22.010000 26 645
22.010000 27 644
22.010000 28 646
23.010000 0 652
23.010000 1 539
23.010000 2 652
23.010000 3 654
23.010000 4 655
23.010000 5 654
23.010000 6 656
23.010000 7 655
23.010000 8 559
23.010000 9 655
23.010000 10 655
23.010000 11 558
23.010000 12 654
23.010000 13 655
23.010000 14 654
23.010000 15 652
23.010000 16 655
23.010000 17 653
23.010000 18 654
23.010000 19 654
23.010000 20 655
23.010000 21 553
23.010000 22 655
23.010000 23 655
23.010000 24 655
23.010000 25 438
23.010000 26 654
23.010000 27 656
23.010000 28 654
24.010000 0 630
24.010000 1 587
24.010000 2 630
24.010000 3 632
24.010000 4 633
24.010000 5 632
24.010000 6 633
24.010000 7 634
24.010000 8 425
24.010000 9 633
24.010000 10 633
24.010000 11 425
24.010000 12 632
24.010000 13 633
24.010000 14 632
24.010000 15 630
24.010000 16 633
24.010000 17 631
24.010000 18 632
24.010000 19 632
24.010000 20 633
24.010000 21 585
24.010000 22 633
24.010000 23 632
24.010000 24 632
24.010000 25 538
24.010000 26 634
24.010000 27 633
24.010000 28 632
25.010000 0 601
25.010000 1 491
25.010000 2 603
25.010000 3 605
25.010000 4 606
25.010000 5 605
25.010000 6 606
25.010000 7 606
25.010000 8 558
25.010000 9 606
25.010000 10 606
25.010000 11 560
25.010000 12 605
25.010000 13 606
25.010000 14 603
25.010000 15 603
25.010000 16 606
25.010000 17 603
25.010000 18 604
25.010000 19 605
25.010000 20 606
25.010000 21 479
25.010000 22 606
25.010000 23 607
25.010000 24 607
25.010000 25 364
25.010000 26 606
25.010000 27 606
25.010000 28 605
26.010000 0 649
26.010000 1 576
26.010000 2 644
26.010000 3 649
26.010000 4 650
26.010000 5 648
26.010000 6 650
26.010000 7 650
26.010000 8 500
26.010000 9 650
26.010000 10 650
26.010000 11 499
26.010000 12 647
26.010000 13 650
26.010000 14 651
26.010000 15 645
26.010000 16 650
26.010000 17 649
26.010000 18 650
26.010000 19 647
26.010000 20 650
26.010000 21 565
26.010000 22 650
26.010000 23 650
26.010000 24 650
26.010000 25 491
26.010000 26 649
26.010000 27 650
26.010000 28 649
27.010000 0 656
27.010000 1 587
27.010000 2 659
27.010000 3 658
27.010000 4 659
27.010000 5 659
27.010000 6 659
27.010000 7 658
27.010000 8 481
27.010000 9 659
27.010000 10 659
27.010000 11 481
27.010000 12 660
27.010000 13 658
27.010000 14 658
27.010000 15 658
27.010000 16 659
27.010000 17 657
27.010000 18 658
27.010000 19 660
27.010000 20 658
27.010000 21 593
27.010000 22 657
27.010000 23 659
27.010000 24 658
27.010000 25 523
27.010000 26 660
27.010000 27 659
27.010000 28 658
28.010000 0 642
28.010000 1 505
28.010000 2 642
28.010000 3 644
28.010000 4 645
28.010000 5 644
28.010000 6 645
28.010000 7 646
28.010000 8 617
28.010000 9 645
28.010000 10 645
28.010000 11 616
28.010000 12 644
28.010000 13 645
28.010000 14 644
28.010000 15 642
28.010000 16 645
28.010000 17 643
28.010000 18 644
28.010000 19 644
28.010000 20 645
28.010000 21 505
28.010000 22 646
28.010000 23 644
28.010000 24 646
28.010000 25 363
28.010000 26 645
28.010000 27 645
28.010000 28 644
29.010000 0 668
29.010000 1 545
29.010000 2 668
29.010000 3 670
29.010000 4 671
29.010000 5 670
29.010000 6 671
29.010000 7 671
29.010000 8 592
29.010000 9 670
29.010000 10 671
29.010000 11 594
29.010000 12 670
29.010000 13 672
29.010000 14 670
29.010000 15 668
29.010000 16 671
29.010000 17 669
29.010000 18 670
29.010000 19 670
29.010000 20 672
29.010000 21 553
29.010000 22 671
29.010000 23 672
29.010000 24 671
29.010000 25 426
29.010000 26 671
29.010000 27 671
29.010000 28 670
30.010000 0 627
30.010000 1 520
30.010000 2 627
30.010000 3 629
30.010000 4 631
30.010000 5 628
30.010000 6 631
30.010000 7 631
30.010000 8 549
30.010000 9 632
30.010000 10 631
30.010000 11 551
30.010000 12 630
30.010000 13 631
30.010000 14 630
30.010000 15 626
30.010000 16 631
30.010000 17 628
30.010000 18 630
30.010000 19 630
30.010000 20 631
30.010000 21 523
30.010000 22 631
30.010000 23 631
30.010000 24 631
30.010000 25 411
30.010000 26 631
30.010000 27 631
30.010000 28 629
31.010000 0 660
31.010000 1 600
31.010000 2 662
31.010000 3 661
31.010000 4 663
31.010000 5 665
31.010000 6 664
31.010000 7 664
31.010000 8 477
31.010000 9 664
31.010000 10 664
31.010000 11 476
31.010000 12 663
31.010000 13 664
31.010000 14 663
31.010000 15 663
31.010000 16 664
31.010000 17 660
31.010000 18 663
31.010000 19 663
31.010000 20 664
31.010000 21 599
31.010000 22 664
31.010000 23 664
31.010000 24 664
31.010000 25 534
31.010000 26 664
31.010000 27 663
31.010000 28 664
32.010000 0 669
32.010000 1 543
32.010000 2 668
32.010000 3 672
32.010000 4 672
32.010000 5 670
32.010000 6 671
32.010000 7 671
32.010000 8 600
32.010000 9 671
32.010000 10 671
32.010000 11 596
32.010000 12 670
32.010000 13 671
32.010000 14 670
32.010000 15 668
32.010000 16 671
32.010000 17 671
32.010000 18 670
32.010000 19 670
32.010000 20 671
32.010000 21 548
32.010000 22 671
32.010000 23 671
32.010000 24 671
32.010000 25 421
32.010000 26 671
32.010000 27 672
32.010000 28 670
33.010000 0 651
33.010000 1 578
33.010000 2 651
33.010000 3 653
33.010000 4 654
33.010000 5 653
33.010000 6 654
33.010000 7 654
33.010000 8 508
33.010000 9 654
33.010000 10 654
33.010000 11 507
33.010000 12 653
33.010000 13 654
33.010000 14 653
33.010000 15 651
33.010000 16 654
33.010000 17 652
33.010000 18 653
33.010000 19 653
33.010000 20 654
33.010000 21 563
33.010000 22 654
33.010000 23 654
33.010000 24 654
33.010000 25 488
33.010000 26 654
33.010000 27 654
33.010000 28 653
34.010000 0 610
34.010000 1 543
34.010000 2 612
34.010000 3 612
34.010000 4 614
34.010000 5 614
34.010000 6 615
34.010000 7 615
34.010000 8 461
34.010000 9 615
34.010000 10 615
34.010000 11 462
34.010000 12 614
34.010000 13 615
34.010000 14 613
34.010000 15 612
34.010000 16 615
34.010000 17 610
34.010000 18 613
34.010000 19 614
34.010000 20 615
34.010000 21 549
34.010000 22 615
34.010000 23 615
34.010000 24 615
34.010000 25 477
34.010000 26 615
34.010000 27 615
34.010000 28 614
35.010000 0 652
35.010000 1 508
35.010000 2 651
35.010000 3 653
35.010000 4 655
35.010000 5 653
35.010000 6 654
35.010000 7 654
35.010000 8 629
35.010000 9 654
35.010000 10 654
35.010000 11 629
35.010000 12 653
35.010000 13 654
35.010000 14 654
35.010000 15 651
35.010000 16 654
35.010000 17 653
35.010000 18 654
35.010000 19 653
35.010000 20 654
35.010000 21 511
35.010000 22 654
35.010000 23 653
35.010000 24 654
35.010000 25 366
35.010000 26 654
35.010000 27 654
35.010000 28 653
36.010000 0 654
36.010000 1 611
36.010000 2 653
36.010000 3 657
36.010000 4 656
36.010000 5 655
36.010000 6 656
36.010000 7 656
36.010000 8 429
36.010000 9 656
36.010000 10 656
36.010000 11 428
36.010000 12 655
36.010000 13 656
36.010000 14 655
36.010000 15 653
36.010000 16 656
36.010000 17 656
36.010000 18 655
36.010000 19 655
36.010000 20 656
36.010000 21 613
36.010000 22 656
36.010000 23 657
36.010000 24 655
36.010000 25 569
36.010000 26 656
36.010000 27 656
36.010000 28 655
37.010000 0 651
37.010000 1 616
37.010000 2 653
37.010000 3 655
37.010000 4 656
37.010000 5 655
37.010000 6 656
37.010000 7 655
37.010000 8 443
37.010000 9 656
37.010000 10 656
37.010000 11 443
37.010000 12 655
37.010000 13 656
37.010000 14 653
37.010000 15 653
37.010000 16 656
37.010000 17 653
37.010000 18 654
37.010000 19 655
37.010000 20 656
37.010000 21 598
37.010000 22 656
37.010000 23 656
37.010000 24 656
37.010000 25 556
37.010000 26 655
37.010000 27 656
37.010000 28 655
38.010000 0 641
38.010000 1 487
38.010000 2 636
38.010000 3 641
38.010000 4 642
38.010000 5 639
38.010000 6 642
38.010000 7 643
38.010000 8 614
38.010000 9 642
38.010000 10 642
38.010000 11 613
38.010000 12 639
38.010000 13 642
38.010000 14 643
38.010000 15 636
38.010000 16 642
38.010000 17 641
38.010000 18 642
38.010000 19 640
38.010000 20 642
38.010000 21 517
38.010000 22 642
38.010000 23 642
38.010000 24 643
38.010000 25 364
38.010000 26 643
38.010000 27 642
38.010000 28 640
39.010000 0 637
39.010000 1 497
39.010000 2 638
39.010000 3 639
39.010000 4 640
39.010000 5 639
39.010000 6 640
39.010000 7 640
39.010000 8 626
39.010000 9 640
39.010000 10 640
39.010000 11 627
39.010000 12 640
39.010000 13 640
39.010000 14 639
39.010000 15 637
39.010000 16 640
39.010000 17 638
39.010000 18 639
39.010000 19 639
39.010000 20 640
39.010000 21 490
39.010000 22 640
39.010000 23 640
39.010000 24 640
39.010000 25 347
39.010000 26 640
39.010000 27 640
39.010000 28 639
40.010000 0 618
40.010000 1 572
40.010000 2 620
40.010000 3 620
40.010000 4 621
40.010000 5 622
40.010000 6 621
40.010000 7 620
40.010000 8 418
40.010000 9 620
40.010000 10 620
40.010000 11 418
40.010000 12 621
40.010000 13 621
40.010000 14 620
40.010000 15 621
40.010000 16 621
40.010000 17 619
40.010000 18 620
40.010000 19 621
40.010000 20 621
40.010000 21 575
40.010000 22 621
40.010000 23 621
40.010000 24 621
40.010000 25 529
40.010000 26 621
40.010000 27 621
40.010000 28 621
41.010000 0 671
41.010000 1 584
41.010000 2 671
41.010000 3 673
41.010000 4 674
41.010000 5 673
41.010000 6 674
41.010000 7 675
41.010000 8 544
41.010000 9 675
41.010000 10 675
41.010000 11 543
41.010000 12 673
41.010000 13 674
41.010000 14 673
41.010000 15 671
41.010000 16 674
41.010000 17 672
41.010000 18 673
41.010000 19 673
41.010000 20 674
41.010000 21 571
41.010000 22 674
41.010000 23 673
41.010000 24 673
41.010000 25 481
41.010000 26 674
41.010000 27 674
41.010000 28 673
42.010000 0 627
42.010000 1 526
42.010000 2 627
42.010000 3 629
42.010000 4 630
42.010000 5 629
42.010000 6 630
42.010000 7 629
42.010000 8 529
42.010000 9 630
42.010000 10 630
42.010000 11 530
42.010000 12 629
42.010000 13 630
42.010000 14 629
42.010000 15 627
42.010000 16 630
42.010000 17 628
42.010000 18 629
42.010000 19 629
42.010000 20 630
42.010000 21 532
42.010000 22 630
42.010000 23 631
42.010000 24 631
42.010000 25 430
42.010000 26 630
42.010000 27 630
42.010000 28 629
43.010000 0 658
43.010000 1 576
43.010000 2 658
43.010000 3 660
43.010000 4 661
43.010000 5 660
43.010000 6 661
43.010000 7 662
43.010000 8 521
43.010000 9 661
43.010000 10 661
43.010000 11 522
43.010000 12 660
43.010000 13 660
43.010000 14 660
43.010000 15 658
43.010000 16 660
43.010000 17 659
43.010000 18 660
43.010000 19 660
43.010000 20 661
43.010000 21 571
43.010000 22 660
43.010000 23 660
43.010000 24 661
43.010000 25 485
43.010000 26 661
43.010000 27 661
43.010000 28 660
44.010000 0 641
44.010000 1 572
44.010000 2 645
44.010000 3 646
44.010000 4 648
44.010000 5 647
44.010000 6 648
44.010000 7 648
44.010000 8 501
44.010000 9 648
44.010000 10 648
44.010000 11 501
44.010000 12 647
44.010000 13 648
44.010000 14 645
44.010000 15 645
44.010000 16 649
44.010000 17 644
44.010000 18 645
44.010000 19 647
44.010000 20 648
44.010000 21 562
44.010000 22 648
44.010000 23 649
44.010000 24 648
44.010000 25 486
44.010000 26 648
44.010000 27 648
44.010000 28 647
45.010000 0 651
45.010000 1 561
45.010000 2 645
45.010000 3 650
45.010000 4 650
45.010000 5 647
45.010000 6 650
45.010000 7 650
45.010000 8 516
45.010000 9 650
45.010000 10 650
45.010000 11 518
45.010000 12 648
45.010000 13 651
45.010000 14 651
45.010000 15 644
45.010000 16 650
45.010000 17 650
45.010000 18 651
45.010000 19 648
45.010000 20 650
45.010000 21 560
45.010000 22 651
45.010000 23 650
45.010000 24 650
45.010000 25 470
45.010000 26 650
45.010000 27 650
45.010000 28 648
46.010000 0 642
46.010000 1 539
46.010000 2 644
46.010000 3 644
46.010000 4 645
46.010000 5 646
46.010000 6 645
46.010000 7 645
46.010000 8 541
46.010000 9 645
46.010000 10 645
46.010000 11 539
46.010000 12 645
46.010000 13 645
46.010000 14 644
46.010000 15 645
46.010000 16 645
46.010000 17 643
46.010000 18 644
46.010000 19 645
46.010000 20 645
46.010000 21 547
46.010000 22 645
46.010000 23 645
46.010000 24 645
46.010000 25 440
46.010000 26 645
46.010000 27 644
46.010000 28 645
47.010000 0 672
47.010000 1 614
47.010000 2 675
47.010000 3 677
47.010000 4 678
47.010000 5 677
47.010000 6 678
47.010000 7 678
47.010000 8 495
47.010000 9 678
47.010000 10 678
47.010000 11 494
47.010000 12 677
47.010000 13 677
47.010000 14 675
47.010000 15 675
47.010000 16 678
47.010000 17 675
47.010000 18 675
47.010000 19 677
47.010000 20 678
47.010000 21 601
47.010000 22 678
47.010000 23 678
47.010000 24 678
47.010000 25 539
47.010000 26 678
47.010000 27 679
47.010000 28 677
48.010000 0 626
48.010000 1 492
48.010000 2 626
48.010000 3 628
48.010000 4 629
48.010000 5 628
48.010000 6 629
48.010000 7 629
48.010000 8 599
48.010000 9 629
48.010000 10 629
48.010000 11 599
48.010000 12 628
48.010000 13 629
48.010000 14 628
48.010000 15 626
48.010000 16 628
48.010000 17 627
48.010000 18 628
48.010000 19 628
48.010000 20 629
48.010000 21 496
48.010000 22 629
48.010000 23 629
48.010000 24 629
48.010000 25 359
48.010000 26 629
48.010000 27 629
48.010000 28 628
49.010000 0 637
49.010000 1 492
49.010000 2 634
49.010000 3 636
49.010000 4 637
49.010000 5 636
49.010000 6 637
49.010000 7 637
49.010000 8 621
49.010000 9 637
49.010000 10 637
49.010000 11 621
49.010000 12 636
49.010000 13 638
49.010000 14 638
49.010000 15 634
49.010000 16 638
49.010000 17 636
49.010000 18 638
49.010000 19 636
49.010000 20 637
49.010000 21 492
49.010000 22 637
49.010000 23 637
49.010000 24 637
49.010000 25 346
49.010000 26 637
49.010000 27 636
49.010000 28 636
50.010000 0 667
50.010000 1 585
50.010000 2 667
50.010000 3 669
50.010000 4 669
50.010000 5 669
50.010000 6 670
50.010000 7 670
50.010000 8 510
50.010000 9 670
50.010000 10 669
50.010000 11 511
50.010000 12 669
50.010000 13 669
50.010000 14 669
50.010000 15 667
50.010000 16 670
50.010000 17 668
50.010000 18 669
50.010000 19 669
50.010000 20 670
50.010000 21 595
50.010000 22 670
50.010000 23 670
50.010000 24 670
50.010000 25 509
50.010000 26 670
50.010000 27 671
50.010000 28 669
51.010000 0 641
51.010000 1 570
51.010000 2 640
51.010000 3 643
51.010000 4 645
51.010000 5 641
51.010000 6 644
51.010000 7 644
51.010000 8 468
51.010000 9 644
51.010000 10 645
51.010000 11 469
51.010000 12 643
51.010000 13 645
51.010000 14 643
51.010000 15 638
51.010000 16 644
51.010000 17 642
51.010000 18 643
51.010000 19 643
51.010000 20 644
51.010000 21 586
51.010000 22 644
51.010000 23 644
51.010000 24 643
51.010000 25 512
51.010000 26 644
51.010000 27 644
51.010000 28 641
52.010000 0 623
52.010000 1 556
52.010000 2 622
52.010000 3 625
52.010000 4 626
52.010000 5 627
52.010000 6 625
52.010000 7 626
52.010000 8 478
52.010000 9 626
52.010000 10 625
52.010000 11 477
52.010000 12 623
52.010000 13 626
52.010000 14 625
52.010000 15 625
52.010000 16 626
52.010000 17 624
52.010000 18 625
52.010000 19 624
52.010000 20 626
52.010000 21 546
52.010000 22 626
52.010000 23 626
52.010000 24 627
52.010000 25 475
52.010000 26 626
52.010000 27 626
52.010000 28 627
53.010000 0 628
53.010000 1 509
53.010000 2 630
53.010000 3 630
53.010000 4 630
53.010000 5 629
53.010000 6 632
53.010000 7 631
53.010000 8 574
53.010000 9 631
53.010000 10 632
53.010000 11 572
53.010000 12 632
53.010000 13 631
53.010000 14 630
53.010000 15 628
53.010000 16 631
53.010000 17 629
53.010000 18 630
53.010000 19 631
53.010000 20 631
53.010000 21 509
53.010000 22 631
53.010000 23 631
53.010000 24 630
53.010000 25 388
53.010000 26 631
53.010000 27 630
53.010000 28 630
54.010000 0 681
54.010000 1 647
54.010000 2 681
54.010000 3 683
54.010000 4 685
54.010000 5 684
54.010000 6 684
54.010000 7 684
54.010000 8 437
54.010000 9 684
54.010000 10 684
54.010000 11 438
54.010000 12 683
54.010000 13 684
54.010000 14 683
54.010000 15 682
54.010000 16 684
54.010000 17 682
54.010000 18 683
54.010000 19 683
54.010000 20 684
54.010000 21 636
54.010000 22 684
54.010000 23 684
54.010000 24 685
54.010000 25 602
54.010000 26 684
54.010000 27 685
54.010000 28 683
55.010000 0 634
55.010000 1 523
55.010000 2 634
55.010000 3 637
55.010000 4 638
55.010000 5 637
55.010000 6 638
55.010000 7 637
55.010000 8 548
55.010000 9 638
55.010000 10 638
55.010000 11 549
55.010000 12 637
55.010000 13 638
55.010000 14 636
55.010000 15 635
55.010000 16 638
55.010000 17 636
55.010000 18 637
55.010000 19 636
55.010000 20 637
55.010000 21 541
55.010000 22 637
55.010000 23 638
55.010000 24 638
55.010000 25 424
55.010000 26 638
55.010000 27 638
55.010000 28 637
56.010000 0 641
56.010000 1 525
56.010000 2 641
56.010000 3 642
56.010000 4 643
56.010000 5 642
56.010000 6 643
56.010000 7 643
56.010000 8 588
56.010000 9 643
56.010000 10 643
56.010000 11 590
56.010000 12 642
56.010000 13 642
56.010000 14 643
56.010000 15 640
56.010000 16 643
56.010000 17 641
56.010000 18 642
56.010000 19 643
56.010000 20 643
56.010000 21 507
56.010000 22 644
56.010000 23 643
56.010000 24 643
56.010000 25 388
56.010000 26 643
56.010000 27 643
56.010000 28 642
57.010000 0 658
57.010000 1 569
57.010000 2 656
57.010000 3 660
57.010000 4 661
57.010000 5 660
57.010000 6 660
57.010000 7 662
57.010000 8 530
57.010000 9 661
57.010000 10 661
57.010000 11 529
57.010000 12 659
57.010000 13 662
57.010000 14 660
57.010000 15 657
57.010000 16 661
57.010000 17 659
57.010000 18 660
57.010000 19 658
57.010000 20 662
57.010000 21 567
57.010000 22 661
57.010000 23 660
57.010000 24 660
57.010000 25 479
57.010000 26 661
57.010000 27 661
57.010000 28 660
58.010000 0 647
58.010000 1 531
58.010000 2 649
58.010000 3 649
58.010000 4 650
58.010000 5 649
58.010000 6 651
58.010000 7 650
58.010000 8 570
58.010000 9 650
58.010000 10 650
58.010000 11 570
58.010000 12 650
58.010000 13 649
58.010000 14 649
58.010000 15 648
58.010000 16 650
58.010000 17 648
58.010000 18 649
58.010000 19 651
58.010000 20 649
58.010000 21 537
58.010000 22 650
58.010000 23 651
58.010000 24 651
58.010000 25 417
58.010000 26 650
58.010000 27 650
58.010000 28 649
59.010000 0 603
59.010000 1 488
59.010000 2 606
59.010000 3 608
59.010000 4 609
59.010000 5 608
59.010000 6 609
59.010000 7 608
59.010000 8 546
59.010000 9 608
59.010000 10 609
59.010000 11 549
59.010000 12 608
59.010000 13 609
59.010000 14 606
59.010000 15 606
59.010000 16 609
59.010000 17 606
59.010000 18 606
59.010000 19 608
59.010000 20 610
59.010000 21 503
59.010000 22 609
59.010000 23 609
59.010000 24 609
59.010000 25 382
59.010000 26 609
59.010000 27 609
59.010000 28 608
60.010000 0 669
60.010000 1 663
60.010000 2 666
60.010000 3 668
60.010000 4 669
60.010000 5 668
60.010000 6 669
60.010000 7 669
60.010000 8 404
60.010000 9 670
60.010000 10 669
60.010000 11 405
60.010000 12 668
60.010000 13 670
60.010000 14 670
60.010000 15 666
60.010000 16 669
60.010000 17 668
60.010000 18 670
60.010000 19 668
60.010000 20 669
60.010000 21 617
60.010000 22 669
60.010000 23 669
60.010000 24 669
60.010000 25 610
60.010000 26 669
60.010000 27 669
60.010000 28 668
61.010000 0 636
61.010000 1 559
61.010000 2 636
61.010000 3 637
61.010000 4 639
61.010000 5 638
61.010000 6 639
61.010000 7 639
61.010000 8 473
61.010000 9 639
61.010000 10 639
61.010000 11 471
61.010000 12 638
61.010000 13 639
61.010000 14 638
61.010000 15 636
61.010000 16 639
61.010000 17 636
61.010000 18 638
61.010000 19 638
61.010000 20 638
61.010000 21 582
61.010000 22 638
61.010000 23 639
61.010000 24 639
61.010000 25 504
61.010000 26 638
61.010000 27 638
61.010000 28 638
62.010000 0 649
62.010000 1 570
62.010000 2 651
62.010000 3 652
62.010000 4 654
62.010000 5 653
62.010000 6 654
62.010000 7 655
62.010000 8 507
62.010000 9 654
62.010000 10 654
62.010000 11 508
62.010000 12 653
62.010000 13 654
62.010000 14 652
62.010000 15 651
62.010000 16 654
62.010000 17 650
62.010000 18 652
62.010000 19 653
62.010000 20 655
62.010000 21 571
62.010000 22 655
62.010000 23 654
62.010000 24 654
62.010000 25 485
62.010000 26 655
62.010000 27 655
62.010000 28 653
63.010000 0 617
63.010000 1 557
63.010000 2 615
63.010000 3 619
63.010000 4 618
63.010000 5 617
63.010000 6 617
63.010000 7 617
63.010000 8 444
63.010000 9 618
63.010000 10 617
63.010000 11 445
63.010000 12 617
63.010000 13 618
63.010000 14 618
63.010000 15 615
63.010000 16 618
63.010000 17 619
63.010000 18 618
63.010000 19 617
63.010000 20 618
63.010000 21 557
63.010000 22 618
63.010000 23 618
63.010000 24 618
63.010000 25 497
63.010000 26 618
63.010000 27 618
63.010000 28 617
64.010000 0 654
64.010000 1 558
64.010000 2 651
64.010000 3 656
64.010000 4 657
64.010000 5 654
64.010000 6 658
64.010000 7 658
64.010000 8 528
64.010000 9 657
64.010000 10 658
64.010000 11 527
64.010000 12 655
64.010000 13 656
64.010000 14 656
64.010000 15 651
64.010000 16 657
64.010000 17 655
64.010000 18 656
64.010000 19 654
64.010000 20 657
64.010000 21 572
64.010000 22 657
64.010000 23 657
64.010000 24 657
64.010000 25 473
64.010000 26 657
64.010000 27 657
64.010000 28 655
65.010000 0 651
65.010000 1 582
65.010000 2 654
65.010000 3 653
65.010000 4 653
65.010000 5 655
65.010000 6 654
65.010000 7 654
65.010000 8 497
65.010000 9 654
65.010000 10 654
65.010000 11 497
65.010000 12 654
65.010000 13 655
65.010000 14 653
65.010000 15 654
65.010000 16 654
65.010000 17 652
65.010000 18 653
65.010000 19 655
65.010000 20 654
65.010000 21 569
65.010000 22 654
65.010000 23 654
65.010000 24 654
65.010000 25 496
65.010000 26 654
65.010000 27 653
65.010000 28 654
66.010000 0 634
66.010000 1 536
66.010000 2 632
66.010000 3 637
66.010000 4 638
66.010000 5 635
66.010000 6 638
66.010000 7 638
66.010000 8 543
66.010000 9 638
66.010000 10 638
66.010000 11 542
66.010000 12 635
66.010000 13 638
66.010000 14 636
66.010000 15 632
66.010000 16 638
66.010000 17 635
66.010000 18 636
66.010000 19 636
66.010000 20 638
66.010000 21 532
66.010000 22 638
66.010000 23 638
66.010000 24 638
66.010000 25 431
66.010000 26 638
66.010000 27 639
66.010000 28 636
67.010000 0 651
67.010000 1 577
67.010000 2 654
67.010000 3 651
67.010000 4 655
67.010000 5 655
67.010000 6 654
67.010000 7 653
67.010000 8 483
67.010000 9 654
67.010000 10 654
67.010000 11 484
67.010000 12 655
67.010000 13 654
67.010000 14 654
67.010000 15 654
67.010000 16 654
67.010000 17 651
67.010000 18 654
67.010000 19 654
67.010000 20 654
67.010000 21 588
67.010000 22 654
67.010000 23 654
67.010000 24 654
67.010000 25 509
67.010000 26 654
67.010000 27 654
67.010000 28 654
68.010000 0 627
68.010000 1 553
68.010000 2 626
68.010000 3 630
68.010000 4 629
68.010000 5 628
68.010000 6 629
68.010000 7 629
68.010000 8 488
68.010000 9 629
68.010000 10 629
68.010000 11 489
68.010000 12 628
68.010000 13 629
68.010000 14 628
68.010000 15 626
68.010000 16 629
68.010000 17 629
68.010000 18 628
68.010000 19 628
68.010000 20 629
68.010000 21 545
68.010000 22 629
68.010000 23 629
68.010000 24 629
68.010000 25 467
68.010000 26 629
68.010000 27 629
68.010000 28 628
69.010000 0 659
69.010000 1 577
69.010000 2 659
69.010000 3 662
69.010000 4 663
69.010000 5 660
69.010000 6 663
69.010000 7 664
69.010000 8 515
69.010000 9 663
69.010000 10 663
69.010000 11 515
69.010000 12 662
69.010000 13 662
69.010000 14 662
69.010000 15 657
69.010000 16 663
69.010000 17 661
69.010000 18 661
69.010000 19 662
69.010000 20 663
69.010000 21 581
69.010000 22 663
69.010000 23 663
69.010000 24 663
69.010000 25 496
69.010000 26 663
69.010000 27 663
69.010000 28 660
70.010000 0 653
70.010000 1 511
70.010000 2 653
70.010000 3 654
70.010000 4 654
70.010000 5 656
70.010000 6 655
70.010000 7 655
70.010000 8 634
70.010000 9 655
70.010000 10 655
70.010000 11 633
70.010000 12 654
70.010000 13 656
70.010000 14 654
70.010000 15 655
70.010000 16 655
70.010000 17 653
70.010000 18 655
70.010000 19 654
70.010000 20 655
70.010000 21 505
70.010000 22 655
70.010000 23 655
70.010000 24 655
70.010000 25 361
70.010000 26 655
70.010000 27 655
70.010000 28 656
71.010000 0 652
71.010000 1 570
71.010000 2 651
71.010000 3 654
71.010000 4 656
71.010000 5 654
71.010000 6 655
71.010000 7 655
71.010000 8 526
71.010000 9 655
71.010000 10 655
71.010000 11 528
71.010000 12 654
71.010000 13 655
71.010000 14 654
71.010000 15 652
71.010000 16 655
71.010000 17 653
71.010000 18 654
71.010000 19 653
71.010000 20 655
71.010000 21 554
71.010000 22 655
71.010000 23 655
71.010000 24 655
71.010000 25 470
71.010000 26 655
71.010000 27 655
71.010000 28 654
72.010000 0 655
72.010000 1 597
72.010000 2 655
72.010000 3 657
72.010000 4 658
72.010000 5 657
72.010000 6 658
72.010000 7 658
72.010000 8 436
72.010000 9 658
72.010000 10 658
72.010000 11 434
72.010000 12 657
72.010000 13 658
72.010000 14 657
72.010000 15 655
72.010000 16 658
72.010000 17 656
72.010000 18 657
72.010000 19 657
72.010000 20 658
72.010000 21 628
72.010000 22 657
72.010000 23 658
72.010000 24 658
72.010000 25 566
72.010000 26 658
72.010000 27 658
72.010000 28 657
73.010000 0 662
73.010000 1 559
73.010000 2 661
73.010000 3 665
73.010000 4 665
73.010000 5 665
73.010000 6 666
73.010000 7 666
73.010000 8 587
73.010000 9 666
73.010000 10 666
73.010000 11 586
73.010000 12 663
73.010000 13 666
73.010000 14 664
73.010000 15 662
73.010000 16 666
73.010000 17 663
73.010000 18 664
73.010000 19 664
73.010000 20 666
73.010000 21 535
73.010000 22 667
73.010000 23 666
73.010000 24 666
73.010000 25 428
73.010000 26 666
73.010000 27 666
73.010000 28 665
74.010000 0 644
74.010000 1 551
74.010000 2 645
74.010000 3 645
74.010000 4 647
74.010000 5 645
74.010000 6 646
74.010000 7 645
74.010000 8 512
74.010000 9 646
74.010000 10 646
74.010000 11 511
74.010000 12 647
74.010000 13 646
74.010000 14 646
74.010000 15 644
74.010000 16 646
74.010000 17 645
74.010000 18 646
74.010000 19 646
74.010000 20 646
74.010000 21 565
74.010000 22 646
74.010000 23 646
74.010000 24 646
74.010000 25 470
74.010000 26 646
74.010000 27 646
74.010000 28 645
75.010000 0 642
75.010000 1 502
75.010000 2 642
75.010000 3 644
75.010000 4 644
75.010000 5 644
75.010000 6 645
75.010000 7 645
75.010000 8 619
75.010000 9 645
75.010000 10 645
75.010000 11 622
75.010000 12 644
75.010000 13 645
75.010000 14 644
75.010000 15 642
75.010000 16 645
75.010000 17 643
75.010000 18 644
75.010000 19 644
75.010000 20 644
75.010000 21 504
75.010000 22 645
75.010000 23 645
75.010000 24 645
75.010000 25 363
75.010000 26 645
75.010000 27 645
75.010000 28 644
76.010000 0 613
76.010000 1 530
76.010000 2 613
76.010000 3 615
76.010000 4 617
76.010000 5 615
76.010000 6 615
76.010000 7 617
76.010000 8 512
76.010000 9 615
76.010000 10 616
76.010000 11 511
76.010000 12 615
76.010000 13 616
76.010000 14 615
76.010000 15 613
76.010000 16 616
76.010000 17 614
76.010000 18 615
76.010000 19 615
76.010000 20 617
76.010000 21 512
76.010000 22 616
76.010000 23 616
76.010000 24 616
76.010000 25 426
76.010000 26 616
76.010000 27 616
76.010000 28 615
77.010000 0 637
77.010000 1 540
77.010000 2 635
77.010000 3 639
77.010000 4 640
77.010000 5 639
77.010000 6 641
77.010000 7 640
77.010000 8 526
77.010000 9 641
77.010000 10 640
77.010000 11 526
77.010000 12 638
77.010000 13 640
77.010000 14 639
77.010000 15 636
77.010000 16 640
77.010000 17 638
77.010000 18 639
77.010000 19 637
77.010000 20 640
77.010000 21 548
77.010000 22 640
77.010000 23 640
77.010000 24 640
77.010000 25 448
77.010000 26 640
77.010000 27 640
77.010000 28 639
78.010000 0 643
78.010000 1 525
78.010000 2 645
78.010000 3 645
78.010000 4 646
78.010000 5 645
78.010000 6 645
78.010000 7 646
78.010000 8 573
78.010000 9 646
78.010000 10 646
78.010000 11 572
78.010000 12 646
78.010000 13 646
78.010000 14 645
78.010000 15 644
78.010000 16 646
78.010000 17 644
78.010000 18 645
78.010000 19 647
78.010000 20 646
78.010000 21 531
78.010000 22 646
78.010000 23 646
78.010000 24 646
78.010000 25 411
78.010000 26 646
78.010000 27 645
78.010000 28 645
79.010000 0 631
79.010000 1 588
79.010000 2 631
79.010000 3 632
79.010000 4 634
79.010000 5 633
79.010000 6 635
79.010000 7 633
79.010000 8 424
79.010000 9 634
79.010000 10 633
79.010000 11 426
79.010000 12 633
79.010000 13 634
79.010000 14 633
79.010000 15 631
79.010000 16 634
79.010000 17 631
79.010000 18 633
79.010000 19 633
79.010000 20 633
79.010000 21 587
79.010000 22 634
79.010000 23 634
79.010000 24 634
79.010000 25 541
79.010000 26 634
79.010000 27 635
79.010000 28 633
80.010000 0 682
80.010000 1 615
80.010000 2 682
80.010000 3 685
80.010000 4 685
80.010000 5 684
80.010000 6 685
80.010000 7 686
80.010000 8 499
80.010000 9 685
80.010000 10 686
80.010000 11 499
80.010000 12 684
80.010000 13 685
80.010000 14 684
80.010000 15 682
80.010000 16 685
80.010000 17 684
80.010000 18 684
80.010000 19 684
80.010000 20 686
80.010000 21 611
80.010000 22 685
80.010000 23 685
80.010000 24 685
80.010000 25 541
80.010000 26 684
80.010000 27 685
80.010000 28 684
81.010000 0 624
81.010000 1 604
81.010000 2 624
81.010000 3 626
81.010000 4 627
81.010000 5 626
81.010000 6 627
81.010000 7 626
81.010000 8 365
81.010000 9 627
81.010000 10 627
81.010000 11 365
81.010000 12 626
81.010000 13 627
81.010000 14 626
81.010000 15 624
81.010000 16 627
81.010000 17 625
81.010000 18 626
81.010000 19 626
81.010000 20 627
81.010000 21 612
81.010000 22 627
81.010000 23 627
81.010000 24 627
81.010000 25 590
81.010000 26 628
81.010000 27 627
81.010000 28 626
82.010000 0 672
82.010000 1 546
82.010000 2 672
82.010000 3 674
82.010000 4 675
82.010000 5 674
82.010000 6 675
82.010000 7 676
82.010000 8 609
82.010000 9 675
82.010000 10 674
82.010000 11 609
82.010000 12 674
82.010000 13 675
82.010000 14 674
82.010000 15 672
82.010000 16 675
82.010000 17 673
82.010000 18 674
82.010000 19 674
82.010000 20 675
82.010000 21 547
82.010000 22 674
82.010000 23 675
82.010000 24 675
82.010000 25 418
82.010000 26 675
82.010000 27 675
82.010000 28 674
83.010000 0 672
83.010000 1 624
83.010000 2 671
83.010000 3 674
83.010000 4 675
83.010000 5 672
83.010000 6 675
83.010000 7 675
83.010000 8 473
83.010000 9 675
83.010000 10 676
83.010000 11 474
83.010000 12 674
83.010000 13 675
83.010000 14 674
83.010000 15 669
83.010000 16 675
83.010000 17 673
83.010000 18 674
83.010000 19 674
83.010000 20 675
83.010000 21 604
83.010000 22 676
83.010000 23 675
83.010000 24 675
83.010000 25 554
83.010000 26 675
83.010000 27 675
83.010000 28 672
84.010000 0 621
84.010000 1 551
84.010000 2 620
84.010000 3 623
84.010000 4 624
84.010000 5 625
84.010000 6 624
84.010000 7 624
84.010000 8 465
84.010000 9 624
84.010000 10 624
84.010000 11 465
84.010000 12 622
84.010000 13 624
84.010000 14 623
84.010000 15 623
84.010000 16 624
84.010000 17 622
84.010000 18 623
84.010000 19 621
84.010000 20 623
84.010000 21 558
84.010000 22 624
84.010000 23 624
84.010000 24 624
84.010000 25 485
84.010000 26 624
84.010000 27 624
84.010000 28 625
85.010000 0 654
85.010000 1 584
85.010000 2 656
85.010000 3 656
85.010000 4 656
85.010000 5 656
85.010000 6 657
85.010000 7 657
85.010000 8 476
85.010000 9 657
85.010000 10 656
85.010000 11 476
85.010000 12 657
85.010000 13 657
85.010000 14 656
85.010000 15 655
85.010000 16 657
85.010000 17 655
85.010000 18 656
85.010000 19 658
85.010000 20 658
85.010000 21 595
85.010000 22 657
85.010000 23 657
85.010000 24 657
85.010000 25 525
85.010000 26 656
85.010000 27 657
85.010000 28 656
86.010000 0 626
86.010000 1 574
86.010000 2 623
86.010000 3 628
86.010000 4 630
86.010000 5 628
86.010000 6 629
86.010000 7 629
86.010000 8 435
86.010000 9 629
86.010000 10 630
86.010000 11 435
86.010000 12 626
86.010000 13 628
86.010000 14 628
86.010000 15 625
86.010000 16 629
86.010000 17 627
86.010000 18 628
86.010000 19 626
86.010000 20 629
86.010000 21 577
86.010000 22 629
86.010000 23 629
86.010000 24 629
86.010000 25 524
86.010000 26 630
86.010000 27 629
86.010000 28 628
87.010000 0 631
87.010000 1 623
87.010000 2 632
87.010000 3 633
87.010000 4 633
87.010000 5 631
87.010000 6 634
87.010000 7 634
87.010000 8 367
87.010000 9 634
87.010000 10 634
87.010000 11 369
87.010000 12 634
87.010000 13 635
87.010000 14 633
87.010000 15 629
87.010000 16 634
87.010000 17 632
87.010000 18 633
87.010000 19 634
87.010000 20 634
87.010000 21 607
87.010000 22 634
87.010000 23 634
87.010000 24 634
87.010000 25 598
87.010000 26 634
87.010000 27 634
87.010000 28 632
88.010000 0 646
88.010000 1 549
88.010000 2 647
88.010000 3 648
88.010000 4 649
88.010000 5 650
88.010000 6 649
88.010000 7 649
88.010000 8 533
88.010000 9 649
88.010000 10 649
88.010000 11 533
88.010000 12 648
88.010000 13 649
88.010000 14 648
88.010000 15 648
88.010000 16 649
88.010000 17 647
88.010000 18 648
88.010000 19 648
88.010000 20 649
88.010000 21 555
88.010000 22 649
88.010000 23 649
88.010000 24 649
88.010000 25 453
88.010000 26 648
88.010000 27 649
88.010000 28 649
89.010000 0 659
89.010000 1 611
89.010000 2 660
89.010000 3 661
89.010000 4 663
89.010000 5 661
89.010000 6 662
89.010000 7 662
89.010000 8 436
89.010000 9 662
89.010000 10 662
89.010000 11 437
89.010000 12 662
89.010000 13 662
89.010000 14 661
89.010000 15 660
89.010000 16 662
89.010000 17 660
89.010000 18 661
89.010000 19 662
89.010000 20 662
89.010000 21 621
89.010000 22 662
89.010000 23 662
89.010000 24 661
89.010000 25 569
89.010000 26 663
89.010000 27 662
89.010000 28 661
90.010000 0 631
90.010000 1 574
90.010000 2 631
90.010000 3 633
90.010000 4 634
90.010000 5 633
90.010000 6 634
90.010000 7 634
90.010000 8 442
90.010000 9 634
90.010000 10 634
90.010000 11 442
90.010000 12 633
90.010000 13 634
90.010000 14 633
90.010000 15 631
90.010000 16 634
90.010000 17 632
90.010000 18 633
90.010000 19 633
90.010000 20 634
90.010000 21 582
90.010000 22 634
90.010000 23 634
90.010000 24 635
90.010000 25 523
90.010000 26 634
90.010000 27 634
90.010000 28 633
91.010000 0 655
91.010000 1 639
91.010000 2 652
91.010000 3 657
91.010000 4 658
91.010000 5 657
91.010000 6 658
91.010000 7 658
91.010000 8 382
91.010000 9 657
91.010000 10 658
91.010000 11 383
91.010000 12 655
91.010000 13 658
91.010000 14 657
91.010000 15 654
91.010000 16 658
91.010000 17 656
91.010000 18 657
91.010000 19 655
91.010000 20 658
91.010000 21 639
91.010000 22 658
91.010000 23 658
91.010000 24 658
91.010000 25 621
91.010000 26 658
91.010000 27 658
91.010000 28 657
92.010000 0 651
92.010000 1 539
92.010000 2 654
92.010000 3 653
92.010000 4 653
92.010000 5 653
92.010000 6 654
92.010000 7 654
92.010000 8 587
92.010000 9 655
92.010000 10 654
92.010000 11 587
92.010000 12 655
92.010000 13 654
92.010000 14 653
92.010000 15 652
92.010000 16 654
92.010000 17 652
92.010000 18 653
92.010000 19 655
92.010000 20 654
92.010000 21 523
92.010000 22 653
92.010000 23 654
92.010000 24 654
92.010000 25 406
92.010000 26 654
92.010000 27 654
92.010000 28 653
93.010000 0 659
93.010000 1 527
93.010000 2 659
93.010000 3 661
93.010000 4 663
93.010000 5 661
93.010000 6 662
93.010000 7 662
93.010000 8 614
93.010000 9 662
93.010000 10 662
93.010000 11 614
93.010000 12 661
93.010000 13 662
93.010000 14 661
93.010000 15 659
93.010000 16 662
93.010000 17 660
93.010000 18 661
93.010000 19 661
93.010000 20 662
93.010000 21 527
93.010000 22 663
93.010000 23 662
93.010000 24 662
93.010000 25 392
93.010000 26 662
93.010000 27 662
93.010000 28 661
94.010000 0 615
94.010000 1 521
94.010000 2 614
94.010000 3 617
94.010000 4 618
94.010000 5 616
94.010000 6 618
94.010000 7 618
94.010000 8 512
94.010000 9 618
94.010000 10 618
94.010000 11 512
94.010000 12 617
94.010000 13 618
94.010000 14 617
94.010000 15 614
94.010000 16 618
94.010000 17 616
94.010000 18 617
94.010000 19 617
94.010000 20 618
94.010000 21 526
94.010000 22 617
94.010000 23 618
94.010000 24 618
94.010000 25 431
94.010000 26 618
94.010000 27 618
94.010000 28 616
95.010000 0 644
95.010000 1 564
95.010000 2 648
95.010000 3 649
95.010000 4 650
95.010000 5 650
95.010000 6 650
95.010000 7 650
95.010000 8 524
95.010000 9 650
95.010000 10 650
95.010000 11 526
95.010000 12 649
95.010000 13 650
95.010000 14 647
95.010000 15 648
95.010000 16 650
95.010000 17 647
95.010000 18 647
95.010000 19 649
95.010000 20 649
95.010000 21 552
95.010000 22 651
95.010000 23 650
95.010000 24 649
95.010000 25 465
95.010000 26 650
95.010000 27 650
95.010000 28 650
96.010000 0 629
96.010000 1 541
96.010000 2 626
96.010000 3 628
96.010000 4 629
96.010000 5 628
96.010000 6 629
96.010000 7 629
96.010000 8 493
96.010000 9 629
96.010000 10 629
96.010000 11 495
96.010000 12 628
96.010000 13 629
96.010000 14 630
96.010000 15 626
96.010000 16 629
96.010000 17 628
96.010000 18 630
96.010000 19 628
96.010000 20 630
96.010000 21 549
96.010000 22 629
96.010000 23 629
96.010000 24 629
96.010000 25 463
96.010000 26 628
96.010000 27 629
96.010000 28 628
97.010000 0 641
97.010000 1 598
97.010000 2 641
97.010000 3 643
97.010000 4 644
97.010000 5 643
97.010000 6 644
97.010000 7 644
97.010000 8 425
97.010000 9 643
97.010000 10 644
97.010000 11 426
97.010000 12 643
97.010000 13 643
97.010000 14 643
97.010000 15 641
97.010000 16 644
97.010000 17 642
97.010000 18 643
97.010000 19 643
97.010000 20 644
97.010000 21 601
97.010000 22 644
97.010000 23 644
97.010000 24 645
97.010000 25 554
97.010000 26 645
97.010000 27 644
97.010000 28 643
98.010000 0 675
98.010000 1 566
98.010000 2 675
98.010000 3 677
98.010000 4 677
98.010000 5 677
98.010000 6 678
98.010000 7 678
98.010000 8 585
98.010000 9 679
98.010000 10 678
98.010000 11 585
98.010000 12 677
98.010000 13 679
98.010000 14 677
98.010000 15 675
98.010000 16 678
98.010000 17 676
98.010000 18 677
98.010000 19 677
98.010000 20 678
98.010000 21 557
98.010000 22 678
98.010000 23 678
98.010000 24 678
98.010000 25 446
98.010000 26 678
98.010000 27 678
98.010000 28 677
99.010000 0 636
99.010000 1 497
99.010000 2 636
99.010000 3 638
99.010000 4 640
99.010000 5 638
99.010000 6 639
99.010000 7 638
99.010000 8 612
99.010000 9 639
99.010000 10 639
99.010000 11 612
99.010000 12 638
99.010000 13 638
99.010000 14 638
99.010000 15 636
99.010000 16 639
99.010000 17 637
99.010000 18 638
99.010000 19 638
99.010000 20 639
99.010000 21 504
99.010000 22 639
99.010000 23 639
99.010000 24 639
99.010000 25 360
99.010000 26 639
99.010000 27 639
99.010000 28 638
100.010000 0 649
100.010000 1 533
100.010000 2 649
100.010000 3 651
100.010000 4 652
100.010000 5 651
100.010000 6 652
100.010000 7 653
100.010000 8 578
100.010000 9 651
100.010000 10 652
100.010000 11 578
100.010000 12 651
100.010000 13 653
100.010000 14 651
100.010000 15 649
100.010000 16 652
100.010000 17 650
100.010000 18 651
100.010000 19 651
100.010000 20 652
100.010000 21 534
100.010000 22 651
100.010000 23 652
100.010000 24 652
100.010000 25 414
100.010000 26 651
100.010000 27 652
100.010000 28 651
101.010000 0 662
101.010000 1 549
101.010000 2 662
101.010000 3 664
101.010000 4 665
101.010000 5 664
101.010000 6 664
101.010000 7 664
101.010000 8 578
101.010000 9 666
101.010000 10 664
101.010000 11 578
101.010000 12 664
101.010000 13 665
101.010000 14 664
101.010000 15 662
101.010000 16 665
101.010000 17 663
101.010000 18 664
101.010000 19 664
101.010000 20 664
101.010000 21 550
101.010000 22 666
101.010000 23 665
101.010000 24 665
101.010000 25 434
101.010000 26 666
101.010000 27 665
101.010000 28 664
102.010000 0 660
102.010000 1 558
102.010000 2 663
102.010000 3 664
102.010000 4 666
102.010000 5 665
102.010000 6 667
102.010000 7 667
102.010000 8 572
102.010000 9 666
102.010000 10 667
102.010000 11 572
102.010000 12 665
102.010000 13 666
102.010000 14 664
102.010000 15 663
102.010000 16 666
102.010000 17 662
102.010000 18 663
102.010000 19 665
102.010000 20 667
102.010000 21 549
102.010000 22 665
102.010000 23 666
102.010000 24 665
102.010000 25 442
102.010000 26 666
102.010000 27 666
102.010000 28 665
103.010000 0 655
103.010000 1 511
103.010000 2 652
103.010000 3 655
103.010000 4 655
103.010000 5 654
103.010000 6 655
103.010000 7 655
103.010000 8 634
103.010000 9 655
103.010000 10 654
103.010000 11 633
103.010000 12 654
103.010000 13 655
103.010000 14 655
103.010000 15 652
103.010000 16 654
103.010000 17 655
103.010000 18 656
103.010000 19 654
103.010000 20 655
103.010000 21 506
103.010000 22 655
103.010000 23 655
103.010000 24 656
103.010000 25 362
103.010000 26 655
103.010000 27 655
103.010000 28 654
104.010000 0 628
104.010000 1 528
104.010000 2 628
104.010000 3 630
104.010000 4 631
104.010000 5 630
104.010000 6 631
104.010000 7 631
104.010000 8 526
104.010000 9 631
104.010000 10 631
104.010000 11 526
104.010000 12 630
104.010000 13 631
104.010000 14 630
104.010000 15 628
104.010000 16 632
104.010000 17 629
104.010000 18 630
104.010000 19 630
104.010000 20 631
104.010000 21 536
104.010000 22 632
104.010000 23 631
104.010000 24 631
104.010000 25 434
104.010000 26 631
104.010000 27 631
104.010000 28 630
105.010000 0 641
105.010000 1 548
105.010000 2 643
105.010000 3 643
105.010000 4 646
105.010000 5 645
105.010000 6 646
105.010000 7 646
105.010000 8 546
105.010000 9 646
105.010000 10 647
105.010000 11 548
105.010000 12 645
105.010000 13 646
105.010000 14 644
105.010000 15 643
105.010000 16 646
105.010000 17 641
105.010000 18 644
105.010000 19 645
105.010000 20 646
105.010000 21 535
105.010000 22 646
105.010000 23 646
105.010000 24 646
105.010000 25 437
105.010000 26 646
105.010000 27 646
105.010000 28 645
106.010000 0 653
106.010000 1 514
106.010000 2 652
106.010000 3 656
106.010000 4 656
106.010000 5 655
106.010000 6 656
106.010000 7 656
106.010000 8 625
106.010000 9 656
106.010000 10 656
106.010000 11 625
106.010000 12 654
106.010000 13 655
106.010000 14 655
106.010000 15 653
106.010000 16 656
106.010000 17 655
106.010000 18 655
106.010000 19 655
106.010000 20 656
106.010000 21 515
106.010000 22 656
106.010000 23 656
106.010000 24 656
106.010000 25 374
106.010000 26 656
106.010000 27 656
106.010000 28 655
107.010000 0 646
107.010000 1 568
107.010000 2 644
107.010000 3 647
107.010000 4 647
107.010000 5 646
107.010000 6 647
107.010000 7 647
107.010000 8 500
107.010000 9 647
107.010000 10 647
107.010000 11 497
107.010000 12 647
107.010000 13 648
107.010000 14 647
107.010000 15 644
107.010000 16 646
107.010000 17 647
107.010000 18 647
107.010000 19 645
107.010000 20 647
107.010000 21 563
107.010000 22 647
107.010000 23 647
107.010000 24 647
107.010000 25 486
107.010000 26 647
107.010000 27 647
107.010000 28 646
108.010000 0 638
108.010000 1 506
108.010000 2 642
108.010000 3 641
108.010000 4 644
108.010000 5 643
108.010000 6 644
108.010000 7 644
108.010000 8 599
108.010000 9 644
108.010000 10 644
108.010000 11 600
108.010000 12 643
108.010000 13 644
108.010000 14 641
108.010000 15 641
108.010000 16 645
108.010000 17 639
108.010000 18 642
108.010000 19 644
108.010000 20 643
108.010000 21 520
108.010000 22 644
108.010000 23 644
108.010000 24 644
108.010000 25 382
108.010000 26 644
108.010000 27 644
108.010000 28 643
109.010000 0 643
109.010000 1 530
109.010000 2 637
109.010000 3 644
109.010000 4 643
109.010000 5 641
109.010000 6 643
109.010000 7 643
109.010000 8 558
109.010000 9 642
109.010000 10 643
109.010000 11 557
109.010000 12 640
109.010000 13 643
109.010000 14 644
109.010000 15 637
109.010000 16 643
109.010000 17 644
109.010000 18 643
109.010000 19 641
109.010000 20 644
109.010000 21 535
109.010000 22 643
109.010000 23 643
109.010000 24 643
109.010000 25 420
109.010000 26 643
109.010000 27 643
109.010000 28 640
110.010000 0 680
110.010000 1 631
110.010000 2 682
110.010000 3 682
110.010000 4 683
110.010000 5 681
110.010000 6 683
110.010000 7 683
110.010000 8 457
110.010000 9 684
110.010000 10 683
110.010000 11 458
110.010000 12 684
110.010000 13 683
110.010000 14 682
110.010000 15 680
110.010000 16 683
110.010000 17 681
110.010000 18 682
110.010000 19 683
110.010000 20 683
110.010000 21 631
110.010000 22 683
110.010000 23 683
110.010000 24 683
110.010000 25 581
110.010000 26 683
110.010000 27 683
110.010000 28 682
111.010000 0 633
111.010000 1 544
111.010000 2 634
111.010000 3 635
111.010000 4 636
111.010000 5 637
111.010000 6 636
111.010000 7 636
111.010000 8 508
111.010000 9 636
111.010000 10 635
111.010000 11 507
111.010000 12 635
111.010000 13 636
111.010000 14 635
111.010000 15 636
111.010000 16 636
111.010000 17 634
111.010000 18 635
111.010000 19 635
111.010000 20 636
111.010000 21 552
111.010000 22 636
111.010000 23 636
111.010000 24 635
111.010000 25 460
111.010000 26 636
111.010000 27 636
111.010000 28 637
112.010000 0 599
112.010000 1 544
112.010000 2 599
112.010000 3 601
112.010000 4 602
112.010000 5 601
112.010000 6 602
112.010000 7 602
112.010000 8 429
112.010000 9 602
112.010000 10 603
112.010000 11 430
112.010000 12 601
112.010000 13 602
112.010000 14 601
112.010000 15 599
112.010000 16 602
112.010000 17 600
112.010000 18 601
112.010000 19 601
112.010000 20 602
112.010000 21 544
112.010000 22 602
112.010000 23 602
112.010000 24 603
112.010000 25 487
112.010000 26 602
112.010000 27 602
112.010000 28 601
113.010000 0 671
113.010000 1 603
113.010000 2 671
113.010000 3 674
113.010000 4 675
113.010000 5 674
113.010000 6 674
113.010000 7 675
113.010000 8 499
113.010000 9 675
113.010000 10 675
113.010000 11 501
113.010000 12 674
113.010000 13 675
113.010000 14 673
113.010000 15 672
113.010000 16 675
113.010000 17 673
113.010000 18 674
113.010000 19 673
113.010000 20 674
113.010000 21 601
113.010000 22 675
113.010000 23 675
113.010000 24 674
113.010000 25 529
113.010000 26 675
113.010000 27 675
113.010000 28 674
114.010000 0 641
114.010000 1 637
114.010000 2 641
114.010000 3 642
114.010000 4 643
114.010000 5 642
114.010000 6 644
114.010000 7 642
114.010000 8 349
114.010000 9 643
114.010000 10 643
114.010000 11 349
114.010000 12 642
114.010000 13 643
114.010000 14 643
114.010000 15 640
114.010000 16 643
114.010000 17 641
114.010000 18 642
114.010000 19 643
114.010000 20 644
114.010000 21 633
114.010000 22 643
114.010000 23 643
114.010000 24 644
114.010000 25 628
114.010000 26 643
114.010000 27 643
114.010000 28 642
115.010000 0 623
115.010000 1 566
115.010000 2 625
115.010000 3 627
115.010000 4 628
115.010000 5 627
115.010000 6 628
115.010000 7 629
115.010000 8 457
115.010000 9 628
115.010000 10 628
115.010000 11 456
115.010000 12 627
115.010000 13 628
115.010000 14 626
115.010000 15 625
115.010000 16 628
115.010000 17 625
115.010000 18 625
115.010000 19 627
115.010000 20 628
115.010000 21 563
115.010000 22 628
115.010000 23 628
115.010000 24 628
115.010000 25 499
115.010000 26 628
115.010000 27 628
115.010000 28 627
116.010000 0 672
116.010000 1 627
116.010000 2 672
116.010000 3 674
116.010000 4 675
116.010000 5 674
116.010000 6 675
116.010000 7 675
116.010000 8 458
116.010000 9 675
116.010000 10 675
116.010000 11 457
116.010000 12 674
116.010000 13 675
116.010000 14 673
116.010000 15 672
116.010000 16 675
116.010000 17 673
116.010000 18 675
116.010000 19 674
116.010000 20 675
116.010000 21 617
116.010000 22 675
116.010000 23 675
116.010000 24 675
116.010000 25 569
116.010000 26 675
116.010000 27 675
116.010000 28 674
117.010000 0 628
117.010000 1 566
117.010000 2 626
117.010000 3 628
117.010000 4 629
117.010000 5 628
117.010000 6 629
117.010000 7 629
117.010000 8 468
117.010000 9 629
117.010000 10 629
117.010000 11 468
117.010000 12 628
117.010000 13 629
117.010000 14 630
117.010000 15 626
117.010000 16 629
117.010000 17 628
117.010000 18 629
117.010000 19 628
117.010000 20 629
117.010000 21 552
117.010000 22 629
117.010000 23 629
117.010000 24 629
117.010000 25 489
117.010000 26 628
117.010000 27 629
117.010000 28 628
118.010000 0 641
118.010000 1 546
118.010000 2 641
118.010000 3 643
118.010000 4 644
118.010000 5 643
118.010000 6 644
118.010000 7 644
118.010000 8 523
118.010000 9 644
118.010000 10 644
118.010000 11 520
118.010000 12 643
118.010000 13 644
118.010000 14 643
118.010000 15 641
118.010000 16 644
118.010000 17 642
118.010000 18 643
118.010000 19 643
118.010000 20 644
118.010000 21 556
118.010000 22 644
118.010000 23 644
118.010000 24 643
118.010000 25 459
118.010000 26 645
118.010000 27 644
118.010000 28 643
119.010000 0 667
119.010000 1 577
119.010000 2 666
119.010000 3 669
119.010000 4 670
119.010000 5 667
119.010000 6 670
119.010000 7 670
119.010000 8 521
119.010000 9 670
119.010000 10 670
119.010000 11 522
119.010000 12 669
119.010000 13 670
119.010000 14 669
119.010000 15 665
119.010000 16 670
119.010000 17 668
119.010000 18 669
119.010000 19 669
119.010000 20 670
119.010000 21 591
119.010000 22 670
119.010000 23 670
119.010000 24 671
119.010000 25 498
119.010000 26 670
119.010000 27 670
119.010000 28 668
120.010000 0 650
120.010000 1 562
120.010000 2 651
120.010000 3 652
120.010000 4 653
120.010000 5 654
120.010000 6 653
120.010000 7 653
120.010000 8 514
120.010000 9 653
120.010000 10 653
120.010000 11 513
120.010000 12 652
120.010000 13 653
120.010000 14 652
120.010000 15 652
120.010000 16 653
120.010000 17 651
120.010000 18 652
120.010000 19 652
120.010000 20 653
120.010000 21 570
120.010000 22 653
120.010000 23 653
120.010000 24 653
120.010000 25 479
120.010000 26 653
120.010000 27 653
120.010000 28 653
121.010000 0 634
121.010000 1 564
121.010000 2 634
121.010000 3 636
121.010000 4 637
121.010000 5 636
121.010000 6 637
121.010000 7 637
121.010000 8 479
121.010000 9 637
121.010000 10 637
121.010000 11 481
121.010000 12 636
121.010000 13 636
121.010000 14 636
121.010000 15 634
121.010000 16 637
121.010000 17 635
121.010000 18 636
121.010000 19 636
121.010000 20 637
121.010000 21 564
121.010000 22 636
121.010000 23 637
121.010000 24 636
121.010000 25 491
121.010000 26 637
121.010000 27 637
121.010000 28 636
122.010000 0 621
122.010000 1 537
122.010000 2 624
122.010000 3 626
122.010000 4 626
122.010000 5 626
122.010000 6 627
122.010000 7 627
122.010000 8 512
122.010000 9 627
122.010000 10 627
122.010000 11 513
122.010000 12 626
122.010000 13 628
122.010000 14 624
122.010000 15 624
122.010000 16 627
122.010000 17 624
122.010000 18 624
122.010000 19 626
122.010000 20 627
122.010000 21 533
122.010000 22 628
122.010000 23 627
122.010000 24 628
122.010000 25 442
122.010000 26 627
122.010000 27 627
122.010000 28 626
123.010000 0 638
123.010000 1 543
123.010000 2 632
123.010000 3 637
123.010000 4 639
123.010000 5 635
123.010000 6 638
123.010000 7 638
123.010000 8 528
123.010000 9 638
123.010000 10 638
123.010000 11 527
123.010000 12 635
123.010000 13 638
123.010000 14 639
123.010000 15 632
123.010000 16 638
123.010000 17 637
123.010000 18 639
123.010000 19 636
123.010000 20 638
123.010000 21 539
123.010000 22 638
123.010000 23 638
123.010000 24 638
123.010000 25 443
123.010000 26 638
123.010000 27 638
123.010000 28 636
124.010000 0 657
124.010000 1 564
124.010000 2 660
124.010000 3 659
124.010000 4 660
124.010000 5 661
124.010000 6 660
124.010000 7 660
124.010000 8 535
124.010000 9 660
124.010000 10 660
124.010000 11 536
124.010000 12 661
124.010000 13 660
124.010000 14 659
124.010000 15 660
124.010000 16 660
124.010000 17 658
124.010000 18 659
124.010000 19 660
124.010000 20 660
124.010000 21 563
124.010000 22 660
124.010000 23 660
124.010000 24 660
124.010000 25 467
124.010000 26 660
124.010000 27 659
124.010000 28 660
125.010000 0 645
125.010000 1 581
125.010000 2 645
125.010000 3 647
125.010000 4 648
125.010000 5 646
125.010000 6 648
125.010000 7 648
125.010000 8 457
125.010000 9 648
125.010000 10 648
125.010000 11 458
125.010000 12 647
125.010000 13 648
125.010000 14 647
125.010000 15 644
125.010000 16 648
125.010000 17 646
125.010000 18 647
125.010000 19 647
125.010000 20 648
125.010000 21 595
125.010000 22 647
125.010000 23 648
125.010000 24 648
125.010000 25 530
125.010000 26 648
125.010000 27 649
125.010000 28 647
126.010000 0 634
126.010000 1 576
126.010000 2 634
126.010000 3 636
126.010000 4 637
126.010000 5 637
126.010000 6 637
126.010000 7 637
126.010000 8 471
126.010000 9 637
126.010000 10 636
126.010000 11 471
126.010000 12 636
126.010000 13 637
126.010000 14 636
126.010000 15 635
126.010000 16 637
126.010000 17 635
126.010000 18 636
126.010000 19 636
126.010000 20 637
126.010000 21 560
126.010000 22 638
126.010000 23 636
126.010000 24 637
126.010000 25 498
126.010000 26 637
126.010000 27 637
126.010000 28 636
127.010000 0 630
127.010000 1 542
127.010000 2 627
127.010000 3 632
127.010000 4 633
127.010000 5 631
127.010000 6 633
127.010000 7 633
127.010000 8 510
127.010000 9 633
127.010000 10 634
127.010000 11 510
127.010000 12 631
127.010000 13 633
127.010000 14 632
127.010000 15 627
127.010000 16 633
127.010000 17 631
127.010000 18 632
127.010000 19 630
127.010000 20 633
127.010000 21 547
127.010000 22 633
127.010000 23 633
127.010000 24 633
127.010000 25 455
127.010000 26 632
127.010000 27 633
127.010000 28 630
128.010000 0 636
128.010000 1 522
128.010000 2 638
128.010000 3 638
128.010000 4 638
128.010000 5 637
128.010000 6 639
128.010000 7 639
128.010000 8 569
128.010000 9 639
128.010000 10 639
128.010000 11 570
128.010000 12 639
128.010000 13 639
128.010000 14 638
128.010000 15 636
128.010000 16 639
128.010000 17 637
128.010000 18 638
128.010000 19 640
128.010000 20 639
128.010000 21 519
128.010000 22 638
128.010000 23 640
128.010000 24 639
128.010000 25 403
128.010000 26 640
128.010000 27 639
128.010000 28 638
129.010000 0 665
129.010000 1 577
129.010000 2 666
129.010000 3 666
129.010000 4 669
129.010000 5 669
129.010000 6 668
129.010000 7 668
129.010000 8 528
129.010000 9 668
129.010000 10 668
129.010000 11 529
129.010000 12 667
129.010000 13 668
129.010000 14 667
129.010000 15 668
129.010000 16 668
129.010000 17 665
129.010000 18 667
129.010000 19 667
129.010000 20 668
129.010000 21 575
129.010000 22 669
129.010000 23 668
129.010000 24 668
129.010000 25 487
129.010000 26 668
129.010000 27 668
129.010000 28 669
130.010000 0 648
130.010000 1 650
130.010000 2 648
130.010000 3 652
130.010000 4 652
130.010000 5 650
130.010000 6 652
130.010000 7 652
130.010000 8 347
130.010000 9 652
130.010000 10 651
130.010000 11 348
130.010000 12 651
130.010000 13 652
130.010000 14 651
130.010000 15 648
130.010000 16 651
130.010000 17 651
130.010000 18 650
130.010000 19 651
130.010000 20 652
130.010000 21 648
130.010000 22 652
130.010000 23 652
130.010000 24 652
130.010000 25 646
130.010000 26 652
130.010000 27 652
130.010000 28 650
131.010000 0 656
131.010000 1 569
131.010000 2 659
131.010000 3 658
131.010000 4 661
131.010000 5 661
131.010000 6 661
131.010000 7 661
131.010000 8 527
131.010000 9 661
131.010000 10 662
131.010000 11 527
131.010000 12 660
131.010000 13 661
131.010000 14 658
131.010000 15 659
131.010000 16 662
131.010000 17 656
131.010000 18 660
131.010000 19 660
131.010000 20 661
131.010000 21 571
131.010000 22 661
131.010000 23 661
131.010000 24 661
131.010000 25 478
131.010000 26 661
131.010000 27 661
131.010000 28 661
132.010000 0 625
132.010000 1 527
132.010000 2 623
132.010000 3 626
132.010000 4 626
132.010000 5 625
132.010000 6 626
132.010000 7 625
132.010000 8 528
132.010000 9 626
132.010000 10 626
132.010000 11 528
132.010000 12 625
132.010000 13 626
132.010000 14 626
132.010000 15 623
132.010000 16 626
132.010000 17 625
132.010000 18 625
132.010000 19 625
132.010000 20 626
132.010000 21 523
132.010000 22 626
132.010000 23 626
132.010000 24 626
132.010000 25 425
132.010000 26 626
132.010000 27 626
132.010000 28 625
133.010000 0 660
133.010000 1 530
133.010000 2 658
133.010000 3 662
133.010000 4 662
133.010000 5 661
133.010000 6 661
133.010000 7 663
133.010000 8 605
133.010000 9 661
133.010000 10 661
133.010000 11 604
133.010000 12 660
133.010000 13 661
133.010000 14 662
133.010000 15 659
133.010000 16 662
133.010000 17 662
133.010000 18 662
133.010000 19 661
133.010000 20 662
133.010000 21 535
133.010000 22 662
133.010000 23 661
133.010000 24 662
133.010000 25 405
133.010000 26 662
133.010000 27 662
133.010000 28 661
134.010000 0 649
134.010000 1 513
134.010000 2 650
134.010000 3 651
134.010000 4 652
134.010000 5 651
134.010000 6 652
134.010000 7 652
134.010000 8 610
134.010000 9 652
134.010000 10 652
134.010000 11 610
134.010000 12 652
134.010000 13 653
134.010000 14 651
134.010000 15 649
134.010000 16 652
134.010000 17 650
134.010000 18 651
134.010000 19 651
134.010000 20 652
134.010000 21 520
134.010000 22 652
134.010000 23 653
134.010000 24 652
134.010000 25 380
134.010000 26 652
134.010000 27 652
134.010000 28 651
135.010000 0 638
135.010000 1 504
135.010000 2 636
135.010000 3 640
135.010000 4 641
135.010000 5 640
135.010000 6 641
135.010000 7 641
135.010000 8 628
135.010000 9 641
135.010000 10 641
135.010000 11 627
135.010000 12 638
135.010000 13 641
135.010000 14 640
135.010000 15 637
135.010000 16 641
135.010000 17 639
135.010000 18 640
135.010000 19 639
135.010000 20 641
135.010000 21 486
135.010000 22 641
135.010000 23 640
135.010000 24 641
135.010000 25 350
135.010000 26 641
135.010000 27 641
135.010000 28 640
136.010000 0 613
136.010000 1 521
136.010000 2 618
136.010000 3 617
136.010000 4 619
136.010000 5 618
136.010000 6 619
136.010000 7 619
136.010000 8 515
136.010000 9 619
136.010000 10 618
136.010000 11 515
136.010000 12 620
136.010000 13 619
136.010000 14 616
136.010000 15 617
136.010000 16 619
136.010000 17 615
136.010000 18 617
136.010000 19 619
136.010000 20 619
136.010000 21 525
136.010000 22 619
136.010000 23 620
136.010000 24 619
136.010000 25 429
136.010000 26 619
136.010000 27 619
136.010000 28 618
137.010000 0 678
137.010000 1 519
137.010000 2 675
137.010000 3 678
137.010000 4 678
137.010000 5 677
137.010000 6 678
137.010000 7 678
137.010000 8 654
137.010000 9 678
137.010000 10 679
137.010000 11 655
137.010000 12 677
137.010000 13 678
137.010000 14 679
137.010000 15 675
137.010000 16 678
137.010000 17 678
137.010000 18 678
137.010000 19 677
137.010000 20 678
137.010000 21 534
137.010000 22 678
137.010000 23 678
137.010000 24 678
137.010000 25 374
137.010000 26 678
137.010000 27 678
137.010000 28 677
138.010000 0 644
138.010000 1 537
138.010000 2 644
138.010000 3 646
138.010000 4 647
138.010000 5 646
138.010000 6 647
138.010000 7 647
138.010000 8 573
138.010000 9 647
138.010000 10 647
138.010000 11 573
138.010000 12 646
138.010000 13 647
138.010000 14 646
138.010000 15 644
138.010000 16 647
138.010000 17 645
138.010000 18 646
138.010000 19 646
138.010000 20 647
138.010000 21 523
138.010000 22 646
138.010000 23 647
138.010000 24 646
138.010000 25 412
138.010000 26 647
138.010000 27 647
138.010000 28 646
139.010000 0 669
139.010000 1 561
139.010000 2 666
139.010000 3 671
139.010000 4 672
139.010000 5 669
139.010000 6 672
139.010000 7 672
139.010000 8 587
139.010000 9 672
139.010000 10 672
139.010000 11 585
139.010000 12 670
139.010000 13 672
139.010000 14 671
139.010000 15 666
139.010000 16 672
139.010000 17 670
139.010000 18 671
139.010000 19 669
139.010000 20 672
139.010000 21 548
139.010000 22 673
139.010000 23 672
139.010000 24 673
139.010000 25 437
139.010000 26 672
139.010000 27 672
139.010000 28 670
140.010000 0 618
140.010000 1 553
140.010000 2 621
140.010000 3 620
140.010000 4 621
140.010000 5 622
140.010000 6 621
140.010000 7 621
140.010000 8 453
140.010000 9 621
140.010000 10 621
140.010000 11 453
140.010000 12 621
140.010000 13 621
140.010000 14 620
140.010000 15 621
140.010000 16 621
140.010000 17 619
140.010000 18 620
140.010000 19 622
140.010000 20 621
140.010000 21 559
140.010000 22 621
140.010000 23 621
140.010000 24 621
140.010000 25 491
140.010000 26 620
140.010000 27 621
140.010000 28 621
141.010000 0 659
141.010000 1 598
141.010000 2 661
141.010000 3 663
141.010000 4 664
141.010000 5 663
141.010000 6 664
141.010000 7 664
141.010000 8 468
141.010000 9 664
141.010000 10 664
141.010000 11 468
141.010000 12 663
141.010000 13 664
141.010000 14 661
141.010000 15 661
141.010000 16 664
141.010000 17 661
141.010000 18 662
141.010000 19 663
141.010000 20 664
141.010000 21 609
141.010000 22 664
141.010000 23 664
141.010000 24 664
141.010000 25 542
141.010000 26 665
141.010000 27 664
141.010000 28 663
142.010000 0 626
142.010000 1 564
142.010000 2 622
142.010000 3 626
142.010000 4 627
142.010000 5 626
142.010000 6 627
142.010000 7 626
142.010000 8 455
142.010000 9 627
142.010000 10 627
142.010000 11 454
142.010000 12 624
142.010000 13 627
142.010000 14 628
142.010000 15 623
142.010000 16 627
142.010000 17 626
142.010000 18 627
142.010000 19 625
142.010000 20 627
142.010000 21 564
142.010000 22 627
142.010000 23 627
142.010000 24 627
142.010000 25 500
142.010000 26 627
142.010000 27 627
142.010000 28 626
143.010000 0 665
143.010000 1 562
143.010000 2 668
143.010000 3 668
143.010000 4 668
143.010000 5 668
143.010000 6 669
143.010000 7 670
143.010000 8 571
143.010000 9 669
143.010000 10 668
143.010000 11 569
143.010000 12 670
143.010000 13 669
143.010000 14 668
143.010000 15 667
143.010000 16 669
143.010000 17 667
143.010000 18 667
143.010000 19 669
143.010000 20 669
143.010000 21 555
143.010000 22 668
143.010000 23 668
143.010000 24 669
143.010000 25 449
143.010000 26 669
143.010000 27 669
143.010000 28 668
144.010000 0 629
144.010000 1 589
144.010000 2 631
144.010000 3 633
144.010000 4 635
144.010000 5 633
144.010000 6 634
144.010000 7 634
144.010000 8 419
144.010000 9 634
144.010000 10 635
144.010000 11 419
144.010000 12 633
144.010000 13 634
144.010000 14 631
144.010000 15 631
144.010000 16 634
144.010000 17 631
144.010000 18 632
144.010000 19 633
144.010000 20 634
144.010000 21 591
144.010000 22 635
144.010000 23 635
144.010000 24 633
144.010000 25 545
144.010000 26 634
144.010000 27 634
144.010000 28 633
145.010000 0 642
145.010000 1 600
145.010000 2 639
145.010000 3 641
145.010000 4 642
145.010000 5 641
145.010000 6 642
145.010000 7 642
145.010000 8 414
145.010000 9 642
145.010000 10 642
145.010000 11 414
145.010000 12 641
145.010000 13 642
145.010000 14 643
145.010000 15 639
145.010000 16 642
145.010000 17 641
145.010000 18 643
145.010000 19 641
145.010000 20 642
145.010000 21 602
145.010000 22 642
145.010000 23 642
145.010000 24 643
145.010000 25 562
145.010000 26 642
145.010000 27 642
145.010000 28 641
146.010000 0 639
146.010000 1 541
146.010000 2 637
146.010000 3 641
146.010000 4 642
146.010000 5 641
146.010000 6 642
146.010000 7 642
146.010000 8 537
146.010000 9 642
146.010000 10 642
146.010000 11 538
146.010000 12 639
146.010000 13 642
146.010000 14 641
146.010000 15 638
146.010000 16 642
146.010000 17 640
146.010000 18 641
146.010000 19 640
146.010000 20 642
146.010000 21 542
146.010000 22 642
146.010000 23 642
146.010000 24 642
146.010000 25 440
146.010000 26 642
146.010000 27 642
146.010000 28 641
147.010000 0 678
147.010000 1 605
147.010000 2 677
147.010000 3 680
147.010000 4 681
147.010000 5 680
147.010000 6 681
147.010000 7 681
147.010000 8 504
147.010000 9 681
147.010000 10 681
147.010000 11 504
147.010000 12 680
147.010000 13 681
147.010000 14 680
147.010000 15 678
147.010000 16 681
147.010000 17 679
147.010000 18 680
147.010000 19 679
147.010000 20 681
147.010000 21 608
147.010000 22 681
147.010000 23 681
147.010000 24 681
147.010000 25 532
147.010000 26 681
147.010000 27 681
147.010000 28 680
148.010000 0 648
148.010000 1 549
148.010000 2 651
148.010000 3 649
148.010000 4 651
148.010000 5 650
148.010000 6 651
148.010000 7 651
148.010000 8 544
148.010000 9 651
148.010000 10 650
148.010000 11 543
148.010000 12 652
148.010000 13 650
148.010000 14 650
148.010000 15 649
148.010000 16 651
148.010000 17 648
148.010000 18 650
148.010000 19 652
148.010000 20 651
148.010000 21 550
148.010000 22 651
148.010000 23 651
148.010000 24 651
148.010000 25 447
148.010000 26 650
148.010000 27 651
148.010000 28 650
149.010000 0 624
149.010000 1 593
149.010000 2 624
149.010000 3 626
149.010000 4 626
149.010000 5 626
149.010000 6 627
149.010000 7 626
149.010000 8 406
149.010000 9 627
149.010000 10 628
149.010000 11 406
149.010000 12 626
149.010000 13 628
149.010000 14 626
149.010000 15 624
149.010000 16 627
149.010000 17 625
149.010000 18 626
149.010000 19 626
149.010000 20 627
149.010000 21 582
149.010000 22 627
149.010000 23 626
149.010000 24 627
149.010000 25 549
149.010000 26 628
149.010000 27 627
149.010000 28 626
