0.010000 0 0
0.010000 1 0
0.010000 2 0
0.010000 3 0
0.010000 4 0
0.010000 5 0
0.010000 6 0
0.010000 7 0
0.010000 8 0
0.010000 9 0
0.010000 10 0
0.010000 11 0
0.010000 12 0
0.010000 13 0
0.010000 14 0
0.010000 15 0
0.010000 16 0
0.010000 17 0
0.010000 18 0
0.010000 19 0
0.010000 20 0
0.010000 21 0
0.010000 22 0
0.010000 23 0
0.010000 24 0
1.010000 0 0
1.010000 1 0
1.010000 2 0
1.010000 3 0
1.010000 4 0
1.010000 5 0
1.010000 6 0
1.010000 7 0
1.010000 8 0
1.010000 9 0
1.010000 10 0
1.010000 11 0
1.010000 12 0
1.010000 13 0
1.010000 14 0
1.010000 15 0
1.010000 16 0
1.010000 17 0
1.010000 18 0
1.010000 19 0
1.010000 20 0
1.010000 21 0
1.010000 22 0
1.010000 23 0
1.010000 24 0
2.010000 0 0
2.010000 1 0
2.010000 2 0
2.010000 3 0
2.010000 4 0
2.010000 5 0
2.010000 6 0
2.010000 7 0
2.010000 8 0
2.010000 9 0
2.010000 10 0
2.010000 11 0
2.010000 12 0
2.010000 13 0
2.010000 14 0
2.010000 15 0
2.010000 16 0
2.010000 17 0
2.010000 18 0
2.010000 19 0
2.010000 20 0
2.010000 21 0
2.010000 22 0
2.010000 23 0
2.010000 24 0
3.010000 0 0
3.010000 1 0
3.010000 2 0
3.010000 3 0
3.010000 4 0
3.010000 5 0
3.010000 6 0
3.010000 7 0
3.010000 8 0
3.010000 9 0
3.010000 10 0
3.010000 11 0
3.010000 12 0
3.010000 13 0
3.010000 14 0
3.010000 15 0
3.010000 16 0
3.010000 17 0
3.010000 18 0
3.010000 19 0
3.010000 20 0
3.010000 21 0
3.010000 22 0
3.010000 23 0
3.010000 24 0
4.010000 0 0
4.010000 1 0
4.010000 2 0
4.010000 3 0
4.010000 4 0
4.010000 5 0
4.010000 6 0
4.010000 7 0
4.010000 8 0
4.010000 9 0
4.010000 10 0
4.010000 11 0
4.010000 12 0
4.010000 13 0
4.010000 14 0
4.010000 15 0
4.010000 16 0
4.010000 17 0
4.010000 18 0
4.010000 19 0
4.010000 20 0
4.010000 21 0
4.010000 22 0
4.010000 23 0
4.010000 24 0
5.010000 0 0
5.010000 1 0
5.010000 2 0
5.010000 3 0
5.010000 4 0
5.010000 5 0
5.010000 6 0
5.010000 7 0
5.010000 8 0
5.010000 9 0
5.010000 10 0
5.010000 11 0
5.010000 12 0
5.010000 13 0
5.010000 14 0
5.010000 15 0
5.010000 16 0
5.010000 17 0
5.010000 18 0
5.010000 19 0
5.010000 20 0
5.010000 21 0
5.010000 22 0
5.010000 23 0
5.010000 24 0
6.010000 0 0
6.010000 1 0
6.010000 2 0
6.010000 3 0
6.010000 4 0
6.010000 5 0
6.010000 6 0
6.010000 7 0
6.010000 8 0
6.010000 9 0
6.010000 10 0
6.010000 11 0
6.010000 12 0
6.010000 13 0
6.010000 14 0
6.010000 15 0
6.010000 16 0
6.010000 17 0
6.010000 18 0
6.010000 19 0
6.010000 20 0
6.010000 21 0
6.010000 22 0
6.010000 23 0
6.010000 24 0
7.010000 0 0
7.010000 1 0
7.010000 2 0
7.010000 3 0
7.010000 4 0
7.010000 5 0
7.010000 6 0
7.010000 7 0
7.010000 8 0
7.010000 9 0
7.010000 10 0
7.010000 11 0
7.010000 12 0
7.010000 13 0
7.010000 14 0
7.010000 15 0
7.010000 16 0
7.010000 17 0
7.010000 18 0
7.010000 19 0
7.010000 20 0
7.010000 21 0
7.010000 22 0
7.010000 23 0
7.010000 24 0
8.010000 0 0
8.010000 1 0
8.010000 2 0
8.010000 3 0
8.010000 4 0
8.010000 5 0
8.010000 6 0
8.010000 7 0
8.010000 8 0
8.010000 9 0
8.010000 10 0
8.010000 11 0
8.010000 12 0
8.010000 13 0
8.010000 14 0
8.010000 15 0
8.010000 16 0
8.010000 17 0
8.010000 18 0
8.010000 19 0
8.010000 20 0
8.010000 21 0
8.010000 22 0
8.010000 23 0
8.010000 24 0
9.010000 0 0
9.010000 1 0
9.010000 2 0
9.010000 3 0
9.010000 4 0
9.010000 5 0
9.010000 6 0
9.010000 7 0
9.010000 8 0
9.010000 9 0
9.010000 10 0
9.010000 11 0
9.010000 12 0
9.010000 13 0
9.010000 14 0
9.010000 15 0
9.010000 16 0
9.010000 17 0
9.010000 18 0
9.010000 19 0
9.010000 20 0
9.010000 21 0
9.010000 22 0
9.010000 23 0
9.010000 24 0
10.010000 0 0
10.010000 1 0
10.010000 2 0
10.010000 3 0
10.010000 4 0
10.010000 5 0
10.010000 6 0
10.010000 7 0
10.010000 8 0
10.010000 9 0
10.010000 10 0
10.010000 11 0
10.010000 12 0
10.010000 13 0
10.010000 14 0
10.010000 15 0
10.010000 16 0
10.010000 17 0
10.010000 18 0
10.010000 19 0
10.010000 20 0
10.010000 21 0
10.010000 22 0
10.010000 23 0
10.010000 24 0
11.010000 0 0
11.010000 1 0
11.010000 2 0
11.010000 3 0
11.010000 4 0
11.010000 5 0
11.010000 6 0
11.010000 7 0
11.010000 8 0
11.010000 9 0
11.010000 10 0
11.010000 11 0
11.010000 12 0
11.010000 13 0
11.010000 14 0
11.010000 15 0
11.010000 16 0
11.010000 17 0
11.010000 18 0
11.010000 19 0
11.010000 20 0
11.010000 21 0
11.010000 22 0
11.010000 23 0
11.010000 24 0
12.010000 0 0
12.010000 1 0
12.010000 2 0
12.010000 3 0
12.010000 4 0
12.010000 5 0
12.010000 6 0
12.010000 7 0
12.010000 8 0
12.010000 9 0
12.010000 10 0
12.010000 11 0
12.010000 12 0
12.010000 13 0
12.010000 14 0
12.010000 15 0
12.010000 16 0
12.010000 17 0
12.010000 18 0
12.010000 19 0
12.010000 20 0
12.010000 21 0
12.010000 22 0
12.010000 23 0
12.010000 24 0
13.010000 0 0
13.010000 1 0
13.010000 2 0
13.010000 3 0
13.010000 4 0
13.010000 5 0
13.010000 6 0
13.010000 7 0
13.010000 8 0
13.010000 9 0
13.010000 10 0
13.010000 11 0
13.010000 12 0
13.010000 13 0
13.010000 14 0
13.010000 15 0
13.010000 16 0
13.010000 17 0
13.010000 18 0
13.010000 19 0
13.010000 20 0
13.010000 21 0
13.010000 22 0
13.010000 23 0
13.010000 24 0
14.010000 0 0
14.010000 1 0
14.010000 2 0
14.010000 3 0
14.010000 4 0
14.010000 5 0
14.010000 6 0
14.010000 7 0
14.010000 8 0
14.010000 9 0
14.010000 10 0
14.010000 11 0
14.010000 12 0
14.010000 13 0
14.010000 14 0
14.010000 15 0
14.010000 16 0
14.010000 17 0
14.010000 18 0
14.010000 19 0
14.010000 20 0
14.010000 21 0
14.010000 22 0
14.010000 23 0
14.010000 24 0
15.010000 0 0
15.010000 1 1
15.010000 2 1
15.010000 3 1
15.010000 4 1
15.010000 5 1
15.010000 6 1
15.010000 7 1
15.010000 8 1
15.010000 9 1
15.010000 10 1
15.010000 11 1
15.010000 12 1
15.010000 13 1
15.010000 14 0
15.010000 15 1
15.010000 16 1
15.010000 17 0
15.010000 18 0
15.010000 19 1
15.010000 20 1
15.010000 21 1
15.010000 22 1
15.010000 23 1
15.010000 24 1
16.010000 0 342
16.010000 1 406
16.010000 2 405
16.010000 3 417
16.010000 4 324
16.010000 5 415
16.010000 6 414
16.010000 7 410
16.010000 8 422
16.010000 9 422
16.010000 10 418
16.010000 11 422
16.010000 12 417
16.010000 13 418
16.010000 14 348
16.010000 15 414
16.010000 16 366
16.010000 17 349
16.010000 18 354
16.010000 19 417
16.010000 20 414
16.010000 21 418
16.010000 22 418
16.010000 23 333
16.010000 24 418
17.010000 0 201
17.010000 1 241
17.010000 2 241
17.010000 3 241
17.010000 4 161
17.010000 5 241
17.010000 6 241
17.010000 7 241
17.010000 8 241
17.010000 9 241
17.010000 10 241
17.010000 11 241
17.010000 12 241
17.010000 13 241
17.010000 14 201
17.010000 15 241
17.010000 16 200
17.010000 17 201
17.010000 18 201
17.010000 19 241
17.010000 20 241
17.010000 21 241
17.010000 22 241
17.010000 23 161
17.010000 24 241
18.010000 0 209
18.010000 1 251
18.010000 2 251
18.010000 3 251
18.010000 4 167
18.010000 5 251
18.010000 6 251
18.010000 7 251
18.010000 8 251
18.010000 9 251
18.010000 10 251
18.010000 11 251
18.010000 12 251
18.010000 13 251
18.010000 14 209
18.010000 15 251
18.010000 16 210
18.010000 17 209
18.010000 18 209
18.010000 19 251
18.010000 20 251
18.010000 21 251
18.010000 22 251
18.010000 23 167
18.010000 24 251
19.010000 0 201
19.010000 1 241
19.010000 2 241
19.010000 3 241
19.010000 4 161
19.010000 5 241
19.010000 6 241
19.010000 7 241
19.010000 8 241
19.010000 9 241
19.010000 10 241
19.010000 11 241
19.010000 12 241
19.010000 13 241
19.010000 14 201
19.010000 15 241
19.010000 16 200
19.010000 17 201
19.010000 18 201
19.010000 19 241
19.010000 20 241
19.010000 21 241
19.010000 22 241
19.010000 23 161
19.010000 24 241
20.010000 0 200
20.010000 1 240
20.010000 2 240
20.010000 3 240
20.010000 4 160
20.010000 5 240
20.010000 6 240
20.010000 7 240
20.010000 8 240
20.010000 9 240
20.010000 10 240
20.010000 11 240
20.010000 12 240
20.010000 13 240
20.010000 14 200
20.010000 15 240
20.010000 16 200
20.010000 17 200
20.010000 18 200
20.010000 19 240
20.010000 20 240
20.010000 21 240
20.010000 22 240
20.010000 23 160
20.010000 24 240
21.010000 0 190
21.010000 1 228
21.010000 2 228
21.010000 3 228
21.010000 4 152
21.010000 5 228
21.010000 6 228
21.010000 7 228
21.010000 8 228
21.010000 9 228
21.010000 10 228
21.010000 11 228
21.010000 12 228
21.010000 13 228
21.010000 14 190
21.010000 15 228
21.010000 16 190
21.010000 17 190
21.010000 18 190
21.010000 19 228
21.010000 20 228
21.010000 21 228
21.010000 22 228
21.010000 23 152
21.010000 24 228
22.010000 0 190
22.010000 1 228
22.010000 2 228
22.010000 3 228
22.010000 4 152
22.010000 5 228
22.010000 6 228
22.010000 7 228
22.010000 8 228
22.010000 9 228
22.010000 10 228
22.010000 11 228
22.010000 12 228
22.010000 13 228
22.010000 14 190
22.010000 15 228
22.010000 16 190
22.010000 17 190
22.010000 18 190
22.010000 19 228
22.010000 20 228
22.010000 21 228
22.010000 22 228
22.010000 23 152
22.010000 24 228
23.010000 0 190
23.010000 1 228
23.010000 2 228
23.010000 3 228
23.010000 4 152
23.010000 5 228
23.010000 6 228
23.010000 7 228
23.010000 8 228
23.010000 9 228
23.010000 10 228
23.010000 11 228
23.010000 12 228
23.010000 13 228
23.010000 14 190
23.010000 15 228
23.010000 16 190
23.010000 17 190
23.010000 18 190
23.010000 19 228
23.010000 20 228
23.010000 21 228
23.010000 22 228
23.010000 23 152
23.010000 24 228
24.010000 0 190
24.010000 1 228
24.010000 2 228
24.010000 3 228
24.010000 4 152
24.010000 5 228
24.010000 6 228
24.010000 7 228
24.010000 8 228
24.010000 9 228
24.010000 10 228
24.010000 11 228
24.010000 12 228
24.010000 13 228
24.010000 14 190
24.010000 15 228
24.010000 16 190
24.010000 17 190
24.010000 18 190
24.010000 19 228
24.010000 20 228
24.010000 21 228
24.010000 22 228
24.010000 23 152
24.010000 24 228
25.010000 0 210
25.010000 1 252
25.010000 2 252
25.010000 3 252
25.010000 4 168
25.010000 5 252
25.010000 6 252
25.010000 7 252
25.010000 8 252
25.010000 9 252
25.010000 10 252
25.010000 11 252
25.010000 12 252
25.010000 13 252
25.010000 14 210
25.010000 15 252
25.010000 16 210
25.010000 17 210
25.010000 18 210
25.010000 19 252
25.010000 20 252
25.010000 21 252
25.010000 22 252
25.010000 23 168
25.010000 24 252
26.010000 0 229
26.010000 1 275
26.010000 2 275
26.010000 3 275
26.010000 4 183
26.010000 5 275
26.010000 6 275
26.010000 7 275
26.010000 8 275
26.010000 9 275
26.010000 10 275
26.010000 11 275
26.010000 12 275
26.010000 13 275
26.010000 14 229
26.010000 15 275
26.010000 16 230
26.010000 17 229
26.010000 18 229
26.010000 19 275
26.010000 20 275
26.010000 21 275
26.010000 22 275
26.010000 23 183
26.010000 24 275
27.010000 0 191
27.010000 1 229
27.010000 2 229
27.010000 3 229
27.010000 4 153
27.010000 5 229
27.010000 6 229
27.010000 7 229
27.010000 8 229
27.010000 9 229
27.010000 10 229
27.010000 11 229
27.010000 12 229
27.010000 13 229
27.010000 14 191
27.010000 15 229
27.010000 16 190
27.010000 17 191
27.010000 18 191
27.010000 19 229
27.010000 20 229
27.010000 21 229
27.010000 22 229
27.010000 23 153
27.010000 24 229
28.010000 0 200
28.010000 1 240
28.010000 2 240
28.010000 3 240
28.010000 4 160
28.010000 5 240
28.010000 6 240
28.010000 7 240
28.010000 8 240
28.010000 9 240
28.010000 10 240
28.010000 11 240
28.010000 12 240
28.010000 13 240
28.010000 14 200
28.010000 15 240
28.010000 16 200
28.010000 17 200
28.010000 18 200
28.010000 19 240
28.010000 20 240
28.010000 21 240
28.010000 22 240
28.010000 23 160
28.010000 24 240
29.010000 0 210
29.010000 1 252
29.010000 2 252
29.010000 3 252
29.010000 4 168
29.010000 5 252
29.010000 6 252
29.010000 7 252
29.010000 8 252
29.010000 9 252
29.010000 10 252
29.010000 11 252
29.010000 12 252
29.010000 13 252
29.010000 14 210
29.010000 15 252
29.010000 16 210
29.010000 17 210
29.010000 18 210
29.010000 19 252
29.010000 20 252
29.010000 21 252
29.010000 22 252
29.010000 23 168
29.010000 24 252
30.010000 0 229
30.010000 1 275
30.010000 2 275
30.010000 3 275
30.010000 4 183
30.010000 5 275
30.010000 6 275
30.010000 7 275
30.010000 8 275
30.010000 9 275
30.010000 10 275
30.010000 11 275
30.010000 12 275
30.010000 13 275
30.010000 14 229
30.010000 15 275
30.010000 16 230
30.010000 17 229
30.010000 18 229
30.010000 19 275
30.010000 20 275
30.010000 21 275
30.010000 22 275
30.010000 23 183
30.010000 24 275
31.010000 0 201
31.010000 1 241
31.010000 2 241
31.010000 3 241
31.010000 4 161
31.010000 5 241
31.010000 6 241
31.010000 7 241
31.010000 8 241
31.010000 9 241
31.010000 10 241
31.010000 11 241
31.010000 12 241
31.010000 13 241
31.010000 14 201
31.010000 15 241
31.010000 16 200
31.010000 17 201
31.010000 18 201
31.010000 19 241
31.010000 20 241
31.010000 21 241
31.010000 22 241
31.010000 23 161
31.010000 24 241
32.010000 0 200
32.010000 1 240
32.010000 2 240
32.010000 3 240
32.010000 4 160
32.010000 5 240
32.010000 6 240
32.010000 7 240
32.010000 8 240
32.010000 9 240
32.010000 10 240
32.010000 11 240
32.010000 12 240
32.010000 13 240
32.010000 14 200
32.010000 15 240
32.010000 16 200
32.010000 17 200
32.010000 18 200
32.010000 19 240
32.010000 20 240
32.010000 21 240
32.010000 22 240
32.010000 23 160
32.010000 24 240
33.010000 0 201
33.010000 1 243
33.010000 2 243
33.010000 3 243
33.010000 4 162
33.010000 5 243
33.010000 6 243
33.010000 7 243
33.010000 8 243
33.010000 9 243
33.010000 10 243
33.010000 11 243
33.010000 12 243
33.010000 13 243
33.010000 14 201
33.010000 15 243
33.010000 16 203
33.010000 17 201
33.010000 18 201
33.010000 19 243
33.010000 20 243
33.010000 21 243
33.010000 22 243
33.010000 23 163
33.010000 24 243
34.010000 0 169
34.010000 1 201
34.010000 2 201
34.010000 3 201
34.010000 4 134
34.010000 5 201
34.010000 6 201
34.010000 7 201
34.010000 8 201
34.010000 9 201
34.010000 10 201
34.010000 11 201
34.010000 12 201
34.010000 13 201
34.010000 14 169
34.010000 15 201
34.010000 16 167
34.010000 17 169
34.010000 18 169
34.010000 19 201
34.010000 20 201
34.010000 21 201
34.010000 22 201
34.010000 23 133
34.010000 24 201
35.010000 0 200
35.010000 1 240
35.010000 2 240
35.010000 3 240
35.010000 4 160
35.010000 5 240
35.010000 6 240
35.010000 7 240
35.010000 8 240
35.010000 9 240
35.010000 10 240
35.010000 11 240
35.010000 12 240
35.010000 13 240
35.010000 14 200
35.010000 15 240
35.010000 16 200
35.010000 17 200
35.010000 18 200
35.010000 19 240
35.010000 20 240
35.010000 21 240
35.010000 22 240
35.010000 23 160
35.010000 24 240
36.010000 0 189
36.010000 1 227
36.010000 2 227
36.010000 3 227
36.010000 4 151
36.010000 5 227
36.010000 6 227
36.010000 7 227
36.010000 8 227
36.010000 9 227
36.010000 10 227
36.010000 11 227
36.010000 12 227
36.010000 13 227
36.010000 14 189
36.010000 15 227
36.010000 16 190
36.010000 17 189
36.010000 18 189
36.010000 19 227
36.010000 20 227
36.010000 21 227
36.010000 22 227
36.010000 23 151
36.010000 24 227
37.010000 0 201
37.010000 1 241
37.010000 2 241
37.010000 3 241
37.010000 4 161
37.010000 5 241
37.010000 6 241
37.010000 7 241
37.010000 8 241
37.010000 9 241
37.010000 10 241
37.010000 11 241
37.010000 12 241
37.010000 13 241
37.010000 14 201
37.010000 15 241
37.010000 16 200
37.010000 17 201
37.010000 18 201
37.010000 19 241
37.010000 20 241
37.010000 21 241
37.010000 22 241
37.010000 23 161
37.010000 24 241
38.010000 0 190
38.010000 1 228
38.010000 2 228
38.010000 3 228
38.010000 4 152
38.010000 5 228
38.010000 6 228
38.010000 7 228
38.010000 8 228
38.010000 9 228
38.010000 10 228
38.010000 11 228
38.010000 12 228
38.010000 13 228
38.010000 14 190
38.010000 15 228
38.010000 16 190
38.010000 17 190
38.010000 18 190
38.010000 19 228
38.010000 20 228
38.010000 21 228
38.010000 22 228
38.010000 23 152
38.010000 24 228
39.010000 0 191
39.010000 1 231
39.010000 2 231
39.010000 3 231
39.010000 4 154
39.010000 5 231
39.010000 6 231
39.010000 7 231
39.010000 8 231
39.010000 9 231
39.010000 10 231
39.010000 11 231
39.010000 12 231
39.010000 13 231
39.010000 14 191
39.010000 15 231
39.010000 16 193
39.010000 17 191
39.010000 18 191
39.010000 19 231
39.010000 20 231
39.010000 21 231
39.010000 22 231
39.010000 23 155
39.010000 24 231
40.010000 0 209
40.010000 1 249
40.010000 2 249
40.010000 3 249
40.010000 4 166
40.010000 5 249
40.010000 6 249
40.010000 7 249
40.010000 8 249
40.010000 9 249
40.010000 10 249
40.010000 11 249
40.010000 12 249
40.010000 13 249
40.010000 14 209
40.010000 15 249
40.010000 16 207
40.010000 17 209
40.010000 18 209
40.010000 19 249
40.010000 20 249
40.010000 21 249
40.010000 22 249
40.010000 23 165
40.010000 24 249
41.010000 0 190
41.010000 1 228
41.010000 2 228
41.010000 3 228
41.010000 4 152
41.010000 5 228
41.010000 6 228
41.010000 7 228
41.010000 8 228
41.010000 9 228
41.010000 10 228
41.010000 11 228
41.010000 12 228
41.010000 13 228
41.010000 14 190
41.010000 15 228
41.010000 16 190
41.010000 17 190
41.010000 18 190
41.010000 19 228
41.010000 20 228
41.010000 21 228
41.010000 22 228
41.010000 23 152
41.010000 24 228
42.010000 0 209
42.010000 1 251
42.010000 2 251
42.010000 3 251
42.010000 4 167
42.010000 5 251
42.010000 6 251
42.010000 7 251
42.010000 8 251
42.010000 9 251
42.010000 10 251
42.010000 11 251
42.010000 12 251
42.010000 13 251
42.010000 14 209
42.010000 15 251
42.010000 16 210
42.010000 17 209
42.010000 18 209
42.010000 19 251
42.010000 20 251
42.010000 21 251
42.010000 22 251
42.010000 23 167
42.010000 24 251
43.010000 0 201
43.010000 1 242
43.010000 2 242
43.010000 3 242
43.010000 4 162
43.010000 5 242
43.010000 6 242
43.010000 7 242
43.010000 8 242
43.010000 9 242
43.010000 10 242
43.010000 11 242
43.010000 12 242
43.010000 13 242
43.010000 14 201
43.010000 15 242
43.010000 16 201
43.010000 17 201
43.010000 18 201
43.010000 19 242
43.010000 20 242
43.010000 21 242
43.010000 22 242
43.010000 23 162
43.010000 24 242
44.010000 0 221
44.010000 1 266
44.010000 2 266
44.010000 3 266
44.010000 4 177
44.010000 5 266
44.010000 6 266
44.010000 7 266
44.010000 8 266
44.010000 9 266
44.010000 10 266
44.010000 11 266
44.010000 12 266
44.010000 13 266
44.010000 14 221
44.010000 15 266
44.010000 16 222
44.010000 17 221
44.010000 18 221
44.010000 19 266
44.010000 20 266
44.010000 21 266
44.010000 22 266
44.010000 23 178
44.010000 24 266
45.010000 0 200
45.010000 1 240
45.010000 2 240
45.010000 3 240
45.010000 4 160
45.010000 5 240
45.010000 6 240
45.010000 7 240
45.010000 8 240
45.010000 9 240
45.010000 10 240
45.010000 11 240
45.010000 12 240
45.010000 13 240
45.010000 14 200
45.010000 15 240
45.010000 16 200
45.010000 17 200
45.010000 18 200
45.010000 19 240
45.010000 20 240
45.010000 21 240
45.010000 22 240
45.010000 23 160
45.010000 24 240
46.010000 0 209
46.010000 1 249
46.010000 2 249
46.010000 3 249
46.010000 4 166
46.010000 5 249
46.010000 6 249
46.010000 7 249
46.010000 8 249
46.010000 9 249
46.010000 10 249
46.010000 11 249
46.010000 12 249
46.010000 13 249
46.010000 14 209
46.010000 15 249
46.010000 16 207
46.010000 17 209
46.010000 18 209
46.010000 19 249
46.010000 20 249
46.010000 21 249
46.010000 22 249
46.010000 23 165
46.010000 24 249
47.010000 0 195
47.010000 1 235
47.010000 2 235
47.010000 3 235
47.010000 4 155
47.010000 5 235
47.010000 6 235
47.010000 7 235
47.010000 8 235
47.010000 9 235
47.010000 10 235
47.010000 11 235
47.010000 12 235
47.010000 13 235
47.010000 14 195
47.010000 15 235
47.010000 16 197
47.010000 17 195
47.010000 18 195
47.010000 19 235
47.010000 20 235
47.010000 21 235
47.010000 22 235
47.010000 23 158
47.010000 24 235
48.010000 0 214
48.010000 1 256
48.010000 2 256
48.010000 3 256
48.010000 4 172
48.010000 5 256
48.010000 6 256
48.010000 7 256
48.010000 8 256
48.010000 9 256
48.010000 10 256
48.010000 11 256
48.010000 12 256
48.010000 13 256
48.010000 14 214
48.010000 15 256
48.010000 16 213
48.010000 17 214
48.010000 18 214
48.010000 19 256
48.010000 20 256
48.010000 21 256
48.010000 22 256
48.010000 23 169
48.010000 24 256
49.010000 0 211
49.010000 1 253
49.010000 2 253
49.010000 3 253
49.010000 4 169
49.010000 5 253
49.010000 6 253
49.010000 7 253
49.010000 8 253
49.010000 9 253
49.010000 10 253
49.010000 11 253
49.010000 12 253
49.010000 13 253
49.010000 14 211
49.010000 15 253
49.010000 16 210
49.010000 17 211
49.010000 18 211
49.010000 19 253
49.010000 20 253
49.010000 21 253
49.010000 22 253
49.010000 23 169
49.010000 24 253
50.010000 0 209
50.010000 1 251
50.010000 2 251
50.010000 3 251
50.010000 4 167
50.010000 5 251
50.010000 6 251
50.010000 7 251
50.010000 8 251
50.010000 9 251
50.010000 10 251
50.010000 11 251
50.010000 12 251
50.010000 13 251
50.010000 14 209
50.010000 15 251
50.010000 16 210
50.010000 17 209
50.010000 18 209
50.010000 19 251
50.010000 20 251
50.010000 21 251
50.010000 22 251
50.010000 23 167
50.010000 24 251
51.010000 0 181
51.010000 1 217
51.010000 2 217
51.010000 3 217
51.010000 4 145
51.010000 5 217
51.010000 6 217
51.010000 7 217
51.010000 8 217
51.010000 9 217
51.010000 10 217
51.010000 11 217
51.010000 12 217
51.010000 13 217
51.010000 14 181
51.010000 15 217
51.010000 16 180
51.010000 17 181
51.010000 18 181
51.010000 19 217
51.010000 20 217
51.010000 21 217
51.010000 22 217
51.010000 23 145
51.010000 24 217
52.010000 0 199
52.010000 1 239
52.010000 2 239
52.010000 3 239
52.010000 4 159
52.010000 5 239
52.010000 6 239
52.010000 7 239
52.010000 8 239
52.010000 9 239
52.010000 10 239
52.010000 11 239
52.010000 12 239
52.010000 13 239
52.010000 14 199
52.010000 15 239
52.010000 16 200
52.010000 17 199
52.010000 18 199
52.010000 19 239
52.010000 20 239
52.010000 21 239
52.010000 22 239
52.010000 23 159
52.010000 24 239
53.010000 0 181
53.010000 1 217
53.010000 2 217
53.010000 3 217
53.010000 4 145
53.010000 5 217
53.010000 6 217
53.010000 7 217
53.010000 8 217
53.010000 9 217
53.010000 10 217
53.010000 11 217
53.010000 12 217
53.010000 13 217
53.010000 14 181
53.010000 15 217
53.010000 16 180
53.010000 17 181
53.010000 18 181
53.010000 19 217
53.010000 20 217
53.010000 21 217
53.010000 22 217
53.010000 23 145
53.010000 24 217
54.010000 0 209
54.010000 1 251
54.010000 2 251
54.010000 3 251
54.010000 4 167
54.010000 5 251
54.010000 6 251
54.010000 7 251
54.010000 8 251
54.010000 9 251
54.010000 10 251
54.010000 11 251
54.010000 12 251
54.010000 13 251
54.010000 14 209
54.010000 15 251
54.010000 16 210
54.010000 17 209
54.010000 18 209
54.010000 19 251
54.010000 20 251
54.010000 21 251
54.010000 22 251
54.010000 23 167
54.010000 24 251
55.010000 0 222
55.010000 1 268
55.010000 2 268
55.010000 3 268
55.010000 4 179
55.010000 5 268
55.010000 6 268
55.010000 7 268
55.010000 8 268
55.010000 9 268
55.010000 10 268
55.010000 11 268
55.010000 12 268
55.010000 13 268
55.010000 14 222
55.010000 15 268
55.010000 16 223
55.010000 17 222
55.010000 18 222
55.010000 19 268
55.010000 20 268
55.010000 21 268
55.010000 22 268
55.010000 23 180
55.010000 24 268
56.010000 0 198
56.010000 1 236
56.010000 2 236
56.010000 3 236
56.010000 4 157
56.010000 5 236
56.010000 6 236
56.010000 7 236
56.010000 8 236
56.010000 9 236
56.010000 10 236
56.010000 11 236
56.010000 12 236
56.010000 13 236
56.010000 14 198
56.010000 15 236
56.010000 16 197
56.010000 17 198
56.010000 18 198
56.010000 19 236
56.010000 20 236
56.010000 21 236
56.010000 22 236
56.010000 23 156
56.010000 24 236
57.010000 0 191
57.010000 1 229
57.010000 2 229
57.010000 3 229
57.010000 4 153
57.010000 5 229
57.010000 6 229
57.010000 7 229
57.010000 8 229
57.010000 9 229
57.010000 10 229
57.010000 11 229
57.010000 12 229
57.010000 13 229
57.010000 14 191
57.010000 15 229
57.010000 16 190
57.010000 17 191
57.010000 18 191
57.010000 19 229
57.010000 20 229
57.010000 21 229
57.010000 22 229
57.010000 23 153
57.010000 24 229
58.010000 0 190
58.010000 1 228
58.010000 2 228
58.010000 3 228
58.010000 4 152
58.010000 5 228
58.010000 6 228
58.010000 7 228
58.010000 8 228
58.010000 9 228
58.010000 10 228
58.010000 11 228
58.010000 12 228
58.010000 13 228
58.010000 14 190
58.010000 15 228
58.010000 16 190
58.010000 17 190
58.010000 18 190
58.010000 19 228
58.010000 20 228
58.010000 21 228
58.010000 22 228
58.010000 23 152
58.010000 24 228
59.010000 0 210
59.010000 1 252
59.010000 2 252
59.010000 3 252
59.010000 4 168
59.010000 5 252
59.010000 6 252
59.010000 7 252
59.010000 8 252
59.010000 9 252
59.010000 10 252
59.010000 11 252
59.010000 12 252
59.010000 13 252
59.010000 14 210
59.010000 15 252
59.010000 16 210
59.010000 17 210
59.010000 18 210
59.010000 19 252
59.010000 20 252
59.010000 21 252
59.010000 22 252
59.010000 23 168
59.010000 24 252
60.010000 0 180
60.010000 1 216
60.010000 2 216
60.010000 3 216
60.010000 4 144
60.010000 5 216
60.010000 6 216
60.010000 7 216
60.010000 8 216
60.010000 9 216
60.010000 10 216
60.010000 11 216
60.010000 12 216
60.010000 13 216
60.010000 14 180
60.010000 15 216
60.010000 16 180
60.010000 17 180
60.010000 18 180
60.010000 19 216
60.010000 20 216
60.010000 21 216
60.010000 22 216
60.010000 23 144
60.010000 24 216
61.010000 0 199
61.010000 1 239
61.010000 2 239
61.010000 3 239
61.010000 4 159
61.010000 5 239
61.010000 6 239
61.010000 7 239
61.010000 8 239
61.010000 9 239
61.010000 10 239
61.010000 11 239
61.010000 12 239
61.010000 13 239
61.010000 14 199
61.010000 15 239
61.010000 16 200
61.010000 17 199
61.010000 18 199
61.010000 19 239
61.010000 20 239
61.010000 21 239
61.010000 22 239
61.010000 23 159
61.010000 24 239
62.010000 0 191
62.010000 1 229
62.010000 2 229
62.010000 3 229
62.010000 4 153
62.010000 5 229
62.010000 6 229
62.010000 7 229
62.010000 8 229
62.010000 9 229
62.010000 10 229
62.010000 11 229
62.010000 12 229
62.010000 13 229
62.010000 14 191
62.010000 15 229
62.010000 16 190
62.010000 17 191
62.010000 18 191
62.010000 19 229
62.010000 20 229
62.010000 21 229
62.010000 22 229
62.010000 23 153
62.010000 24 229
63.010000 0 190
63.010000 1 228
63.010000 2 228
63.010000 3 228
63.010000 4 152
63.010000 5 228
63.010000 6 228
63.010000 7 228
63.010000 8 228
63.010000 9 228
63.010000 10 228
63.010000 11 228
63.010000 12 228
63.010000 13 228
63.010000 14 190
63.010000 15 228
63.010000 16 190
63.010000 17 190
63.010000 18 190
63.010000 19 228
63.010000 20 228
63.010000 21 228
63.010000 22 228
63.010000 23 152
63.010000 24 228
64.010000 0 190
64.010000 1 228
64.010000 2 228
64.010000 3 228
64.010000 4 152
64.010000 5 228
64.010000 6 228
64.010000 7 228
64.010000 8 228
64.010000 9 228
64.010000 10 228
64.010000 11 228
64.010000 12 228
64.010000 13 228
64.010000 14 190
64.010000 15 228
64.010000 16 190
64.010000 17 190
64.010000 18 190
64.010000 19 228
64.010000 20 228
64.010000 21 228
64.010000 22 228
64.010000 23 152
64.010000 24 228
65.010000 0 190
65.010000 1 228
65.010000 2 228
65.010000 3 228
65.010000 4 152
65.010000 5 228
65.010000 6 228
65.010000 7 228
65.010000 8 228
65.010000 9 228
65.010000 10 228
65.010000 11 228
65.010000 12 228
65.010000 13 228
65.010000 14 190
65.010000 15 228
65.010000 16 190
65.010000 17 190
65.010000 18 190
65.010000 19 228
65.010000 20 228
65.010000 21 228
65.010000 22 228
65.010000 23 152
65.010000 24 228
66.010000 0 200
66.010000 1 240
66.010000 2 240
66.010000 3 240
66.010000 4 160
66.010000 5 240
66.010000 6 240
66.010000 7 240
66.010000 8 240
66.010000 9 240
66.010000 10 240
66.010000 11 240
66.010000 12 240
66.010000 13 240
66.010000 14 200
66.010000 15 240
66.010000 16 200
66.010000 17 200
66.010000 18 200
66.010000 19 240
66.010000 20 240
66.010000 21 240
66.010000 22 240
66.010000 23 160
66.010000 24 240
67.010000 0 202
67.010000 1 244
67.010000 2 244
67.010000 3 244
67.010000 4 162
67.010000 5 244
67.010000 6 244
67.010000 7 244
67.010000 8 244
67.010000 9 244
67.010000 10 244
67.010000 11 244
67.010000 12 244
67.010000 13 244
67.010000 14 202
67.010000 15 244
67.010000 16 204
67.010000 17 202
67.010000 18 202
67.010000 19 244
67.010000 20 244
67.010000 21 244
67.010000 22 244
67.010000 23 164
67.010000 24 244
68.010000 0 178
68.010000 1 212
68.010000 2 212
68.010000 3 212
68.010000 4 142
68.010000 5 212
68.010000 6 212
68.010000 7 212
68.010000 8 212
68.010000 9 212
68.010000 10 212
68.010000 11 212
68.010000 12 212
68.010000 13 212
68.010000 14 178
68.010000 15 212
68.010000 16 176
68.010000 17 178
68.010000 18 178
68.010000 19 212
68.010000 20 212
68.010000 21 212
68.010000 22 212
68.010000 23 140
68.010000 24 212
69.010000 0 190
69.010000 1 228
69.010000 2 228
69.010000 3 228
69.010000 4 152
69.010000 5 228
69.010000 6 228
69.010000 7 228
69.010000 8 228
69.010000 9 228
69.010000 10 228
69.010000 11 228
69.010000 12 228
69.010000 13 228
69.010000 14 190
69.010000 15 228
69.010000 16 190
69.010000 17 190
69.010000 18 190
69.010000 19 228
69.010000 20 228
69.010000 21 228
69.010000 22 228
69.010000 23 152
69.010000 24 228
70.010000 0 200
70.010000 1 240
70.010000 2 240
70.010000 3 240
70.010000 4 160
70.010000 5 240
70.010000 6 240
70.010000 7 240
70.010000 8 240
70.010000 9 240
70.010000 10 240
70.010000 11 240
70.010000 12 240
70.010000 13 240
70.010000 14 200
70.010000 15 240
70.010000 16 200
70.010000 17 200
70.010000 18 200
70.010000 19 240
70.010000 20 240
70.010000 21 240
70.010000 22 240
70.010000 23 160
70.010000 24 240
71.010000 0 205
71.010000 1 247
71.010000 2 247
71.010000 3 247
71.010000 4 163
71.010000 5 247
71.010000 6 247
71.010000 7 247
71.010000 8 247
71.010000 9 247
71.010000 10 247
71.010000 11 247
71.010000 12 247
71.010000 13 247
71.010000 14 205
71.010000 15 247
71.010000 16 207
71.010000 17 205
71.010000 18 205
71.010000 19 247
71.010000 20 247
71.010000 21 247
71.010000 22 247
71.010000 23 166
71.010000 24 247
72.010000 0 204
72.010000 1 244
72.010000 2 244
72.010000 3 244
72.010000 4 164
72.010000 5 244
72.010000 6 244
72.010000 7 244
72.010000 8 244
72.010000 9 244
72.010000 10 244
72.010000 11 244
72.010000 12 244
72.010000 13 244
72.010000 14 204
72.010000 15 244
72.010000 16 203
72.010000 17 204
72.010000 18 204
72.010000 19 244
72.010000 20 244
72.010000 21 244
72.010000 22 244
72.010000 23 161
72.010000 24 244
73.010000 0 181
73.010000 1 217
73.010000 2 217
73.010000 3 217
73.010000 4 145
73.010000 5 217
73.010000 6 217
73.010000 7 217
73.010000 8 217
73.010000 9 217
73.010000 10 217
73.010000 11 217
73.010000 12 217
73.010000 13 217
73.010000 14 181
73.010000 15 217
73.010000 16 180
73.010000 17 181
73.010000 18 181
73.010000 19 217
73.010000 20 217
73.010000 21 217
73.010000 22 217
73.010000 23 145
73.010000 24 217
74.010000 0 225
74.010000 1 271
74.010000 2 271
74.010000 3 271
74.010000 4 179
74.010000 5 271
74.010000 6 271
74.010000 7 271
74.010000 8 271
74.010000 9 271
74.010000 10 271
74.010000 11 271
74.010000 12 271
74.010000 13 271
74.010000 14 225
74.010000 15 271
74.010000 16 227
74.010000 17 225
74.010000 18 225
74.010000 19 271
74.010000 20 271
74.010000 21 271
74.010000 22 271
74.010000 23 182
74.010000 24 271
75.010000 0 205
75.010000 1 245
75.010000 2 245
75.010000 3 245
75.010000 4 165
75.010000 5 245
75.010000 6 245
75.010000 7 245
75.010000 8 245
75.010000 9 245
75.010000 10 245
75.010000 11 245
75.010000 12 245
75.010000 13 245
75.010000 14 205
75.010000 15 245
75.010000 16 203
75.010000 17 205
75.010000 18 205
75.010000 19 245
75.010000 20 245
75.010000 21 245
75.010000 22 245
75.010000 23 162
75.010000 24 245
76.010000 0 211
76.010000 1 255
76.010000 2 255
76.010000 3 255
76.010000 4 170
76.010000 5 255
76.010000 6 255
76.010000 7 255
76.010000 8 255
76.010000 9 255
76.010000 10 255
76.010000 11 255
76.010000 12 255
76.010000 13 255
76.010000 14 211
76.010000 15 255
76.010000 16 213
76.010000 17 211
76.010000 18 211
76.010000 19 255
76.010000 20 255
76.010000 21 255
76.010000 22 255
76.010000 23 171
76.010000 24 255
77.010000 0 189
77.010000 1 225
77.010000 2 225
77.010000 3 225
77.010000 4 150
77.010000 5 225
77.010000 6 225
77.010000 7 225
77.010000 8 225
77.010000 9 225
77.010000 10 225
77.010000 11 225
77.010000 12 225
77.010000 13 225
77.010000 14 189
77.010000 15 225
77.010000 16 187
77.010000 17 189
77.010000 18 189
77.010000 19 225
77.010000 20 225
77.010000 21 225
77.010000 22 225
77.010000 23 149
77.010000 24 225
78.010000 0 200
78.010000 1 240
78.010000 2 240
78.010000 3 240
78.010000 4 160
78.010000 5 240
78.010000 6 240
78.010000 7 240
78.010000 8 240
78.010000 9 240
78.010000 10 240
78.010000 11 240
78.010000 12 240
78.010000 13 240
78.010000 14 200
78.010000 15 240
78.010000 16 200
78.010000 17 200
78.010000 18 200
78.010000 19 240
78.010000 20 240
78.010000 21 240
78.010000 22 240
78.010000 23 160
78.010000 24 240
79.010000 0 210
79.010000 1 252
79.010000 2 252
79.010000 3 252
79.010000 4 168
79.010000 5 252
79.010000 6 252
79.010000 7 252
79.010000 8 252
79.010000 9 252
79.010000 10 252
79.010000 11 252
79.010000 12 252
79.010000 13 252
79.010000 14 210
79.010000 15 252
79.010000 16 210
79.010000 17 210
79.010000 18 210
79.010000 19 252
79.010000 20 252
79.010000 21 252
79.010000 22 252
79.010000 23 168
79.010000 24 252
80.010000 0 195
80.010000 1 235
80.010000 2 235
80.010000 3 235
80.010000 4 155
80.010000 5 235
80.010000 6 235
80.010000 7 235
80.010000 8 235
80.010000 9 235
80.010000 10 235
80.010000 11 235
80.010000 12 235
80.010000 13 235
80.010000 14 195
80.010000 15 235
80.010000 16 197
80.010000 17 195
80.010000 18 195
80.010000 19 235
80.010000 20 235
80.010000 21 235
80.010000 22 235
80.010000 23 158
80.010000 24 235
81.010000 0 205
81.010000 1 245
81.010000 2 245
81.010000 3 245
81.010000 4 165
81.010000 5 245
81.010000 6 245
81.010000 7 245
81.010000 8 245
81.010000 9 245
81.010000 10 245
81.010000 11 245
81.010000 12 245
81.010000 13 245
81.010000 14 205
81.010000 15 245
81.010000 16 203
81.010000 17 205
81.010000 18 205
81.010000 19 245
81.010000 20 245
81.010000 21 245
81.010000 22 245
81.010000 23 162
81.010000 24 245
82.010000 0 201
82.010000 1 243
82.010000 2 243
82.010000 3 243
82.010000 4 162
82.010000 5 243
82.010000 6 243
82.010000 7 243
82.010000 8 243
82.010000 9 243
82.010000 10 243
82.010000 11 243
82.010000 12 243
82.010000 13 243
82.010000 14 201
82.010000 15 243
82.010000 16 203
82.010000 17 201
82.010000 18 201
82.010000 19 243
82.010000 20 243
82.010000 21 243
82.010000 22 243
82.010000 23 163
82.010000 24 243
83.010000 0 199
83.010000 1 237
83.010000 2 237
83.010000 3 237
83.010000 4 158
83.010000 5 237
83.010000 6 237
83.010000 7 237
83.010000 8 237
83.010000 9 237
83.010000 10 237
83.010000 11 237
83.010000 12 237
83.010000 13 237
83.010000 14 199
83.010000 15 237
83.010000 16 197
83.010000 17 199
83.010000 18 199
83.010000 19 237
83.010000 20 237
83.010000 21 237
83.010000 22 237
83.010000 23 157
83.010000 24 237
84.010000 0 190
84.010000 1 228
84.010000 2 228
84.010000 3 228
84.010000 4 152
84.010000 5 228
84.010000 6 228
84.010000 7 228
84.010000 8 228
84.010000 9 228
84.010000 10 228
84.010000 11 228
84.010000 12 228
84.010000 13 228
84.010000 14 190
84.010000 15 228
84.010000 16 190
84.010000 17 190
84.010000 18 190
84.010000 19 228
84.010000 20 228
84.010000 21 228
84.010000 22 228
84.010000 23 152
84.010000 24 228
85.010000 0 210
85.010000 1 252
85.010000 2 252
85.010000 3 252
85.010000 4 168
85.010000 5 252
85.010000 6 252
85.010000 7 252
85.010000 8 252
85.010000 9 252
85.010000 10 252
85.010000 11 252
85.010000 12 252
85.010000 13 252
85.010000 14 210
85.010000 15 252
85.010000 16 210
85.010000 17 210
85.010000 18 210
85.010000 19 252
85.010000 20 252
85.010000 21 252
85.010000 22 252
85.010000 23 168
85.010000 24 252
86.010000 0 204
86.010000 1 246
86.010000 2 246
86.010000 3 246
86.010000 4 163
86.010000 5 246
86.010000 6 246
86.010000 7 246
86.010000 8 246
86.010000 9 246
86.010000 10 246
86.010000 11 246
86.010000 12 246
86.010000 13 246
86.010000 14 204
86.010000 15 246
86.010000 16 206
86.010000 17 204
86.010000 18 204
86.010000 19 246
86.010000 20 246
86.010000 21 246
86.010000 22 246
86.010000 23 165
86.010000 24 246
87.010000 0 196
87.010000 1 234
87.010000 2 234
87.010000 3 234
87.010000 4 157
87.010000 5 234
87.010000 6 234
87.010000 7 234
87.010000 8 234
87.010000 9 234
87.010000 10 234
87.010000 11 234
87.010000 12 234
87.010000 13 234
87.010000 14 196
87.010000 15 234
87.010000 16 194
87.010000 17 196
87.010000 18 196
87.010000 19 234
87.010000 20 234
87.010000 21 234
87.010000 22 234
87.010000 23 155
87.010000 24 234
88.010000 0 190
88.010000 1 228
88.010000 2 228
88.010000 3 228
88.010000 4 152
88.010000 5 228
88.010000 6 228
88.010000 7 228
88.010000 8 228
88.010000 9 228
88.010000 10 228
88.010000 11 228
88.010000 12 228
88.010000 13 228
88.010000 14 190
88.010000 15 228
88.010000 16 190
88.010000 17 190
88.010000 18 190
88.010000 19 228
88.010000 20 228
88.010000 21 228
88.010000 22 228
88.010000 23 152
88.010000 24 228
89.010000 0 225
89.010000 1 271
89.010000 2 271
89.010000 3 271
89.010000 4 179
89.010000 5 271
89.010000 6 271
89.010000 7 271
89.010000 8 271
89.010000 9 271
89.010000 10 271
89.010000 11 271
89.010000 12 271
89.010000 13 271
89.010000 14 225
89.010000 15 271
89.010000 16 227
89.010000 17 225
89.010000 18 225
89.010000 19 271
89.010000 20 271
89.010000 21 271
89.010000 22 271
89.010000 23 182
89.010000 24 271
90.010000 0 215
90.010000 1 257
90.010000 2 257
90.010000 3 257
90.010000 4 173
90.010000 5 257
90.010000 6 257
90.010000 7 257
90.010000 8 257
90.010000 9 257
90.010000 10 257
90.010000 11 257
90.010000 12 257
90.010000 13 257
90.010000 14 215
90.010000 15 257
90.010000 16 213
90.010000 17 215
90.010000 18 215
90.010000 19 257
90.010000 20 257
90.010000 21 257
90.010000 22 257
90.010000 23 170
90.010000 24 257
91.010000 0 190
91.010000 1 228
91.010000 2 228
91.010000 3 228
91.010000 4 152
91.010000 5 228
91.010000 6 228
91.010000 7 228
91.010000 8 228
91.010000 9 228
91.010000 10 228
91.010000 11 228
91.010000 12 228
91.010000 13 228
91.010000 14 190
91.010000 15 228
91.010000 16 190
91.010000 17 190
91.010000 18 190
91.010000 19 228
91.010000 20 228
91.010000 21 228
91.010000 22 228
91.010000 23 152
91.010000 24 228
92.010000 0 191
92.010000 1 230
92.010000 2 230
92.010000 3 230
92.010000 4 153
92.010000 5 230
92.010000 6 230
92.010000 7 230
92.010000 8 230
92.010000 9 230
92.010000 10 230
92.010000 11 230
92.010000 12 230
92.010000 13 230
92.010000 14 191
92.010000 15 230
92.010000 16 192
92.010000 17 191
92.010000 18 191
92.010000 19 230
92.010000 20 230
92.010000 21 230
92.010000 22 230
92.010000 23 154
92.010000 24 230
93.010000 0 199
93.010000 1 238
93.010000 2 238
93.010000 3 238
93.010000 4 159
93.010000 5 238
93.010000 6 238
93.010000 7 238
93.010000 8 238
93.010000 9 238
93.010000 10 238
93.010000 11 238
93.010000 12 238
93.010000 13 238
93.010000 14 199
93.010000 15 238
93.010000 16 198
93.010000 17 199
93.010000 18 199
93.010000 19 238
93.010000 20 238
93.010000 21 238
93.010000 22 238
93.010000 23 158
93.010000 24 238
94.010000 0 210
94.010000 1 252
94.010000 2 252
94.010000 3 252
94.010000 4 168
94.010000 5 252
94.010000 6 252
94.010000 7 252
94.010000 8 252
94.010000 9 252
94.010000 10 252
94.010000 11 252
94.010000 12 252
94.010000 13 252
94.010000 14 210
94.010000 15 252
94.010000 16 210
94.010000 17 210
94.010000 18 210
94.010000 19 252
94.010000 20 252
94.010000 21 252
94.010000 22 252
94.010000 23 168
94.010000 24 252
95.010000 0 180
95.010000 1 216
95.010000 2 216
95.010000 3 216
95.010000 4 144
95.010000 5 216
95.010000 6 216
95.010000 7 216
95.010000 8 216
95.010000 9 216
95.010000 10 216
95.010000 11 216
95.010000 12 216
95.010000 13 216
95.010000 14 180
95.010000 15 216
95.010000 16 180
95.010000 17 180
95.010000 18 180
95.010000 19 216
95.010000 20 216
95.010000 21 216
95.010000 22 216
95.010000 23 144
95.010000 24 216
96.010000 0 209
96.010000 1 251
96.010000 2 251
96.010000 3 251
96.010000 4 167
96.010000 5 251
96.010000 6 251
96.010000 7 251
96.010000 8 251
96.010000 9 251
96.010000 10 251
96.010000 11 251
96.010000 12 251
96.010000 13 251
96.010000 14 209
96.010000 15 251
96.010000 16 210
96.010000 17 209
96.010000 18 209
96.010000 19 251
96.010000 20 251
96.010000 21 251
96.010000 22 251
96.010000 23 167
96.010000 24 251
97.010000 0 191
97.010000 1 229
97.010000 2 229
97.010000 3 229
97.010000 4 153
97.010000 5 229
97.010000 6 229
97.010000 7 229
97.010000 8 229
97.010000 9 229
97.010000 10 229
97.010000 11 229
97.010000 12 229
97.010000 13 229
97.010000 14 191
97.010000 15 229
97.010000 16 190
97.010000 17 191
97.010000 18 191
97.010000 19 229
97.010000 20 229
97.010000 21 229
97.010000 22 229
97.010000 23 153
97.010000 24 229
98.010000 0 200
98.010000 1 240
98.010000 2 240
98.010000 3 240
98.010000 4 160
98.010000 5 240
98.010000 6 240
98.010000 7 240
98.010000 8 240
98.010000 9 240
98.010000 10 240
98.010000 11 240
98.010000 12 240
98.010000 13 240
98.010000 14 200
98.010000 15 240
98.010000 16 200
98.010000 17 200
98.010000 18 200
98.010000 19 240
98.010000 20 240
98.010000 21 240
98.010000 22 240
98.010000 23 160
98.010000 24 240
99.010000 0 190
99.010000 1 228
99.010000 2 228
99.010000 3 228
99.010000 4 152
99.010000 5 228
99.010000 6 228
99.010000 7 228
99.010000 8 228
99.010000 9 228
99.010000 10 228
99.010000 11 228
99.010000 12 228
99.010000 13 228
99.010000 14 190
99.010000 15 228
99.010000 16 190
99.010000 17 190
99.010000 18 190
99.010000 19 228
99.010000 20 228
99.010000 21 228
99.010000 22 228
99.010000 23 152
99.010000 24 228
100.010000 0 210
100.010000 1 252
100.010000 2 252
100.010000 3 252
100.010000 4 168
100.010000 5 252
100.010000 6 252
100.010000 7 252
100.010000 8 252
100.010000 9 252
100.010000 10 252
100.010000 11 252
100.010000 12 252
100.010000 13 252
100.010000 14 210
100.010000 15 252
100.010000 16 210
100.010000 17 210
100.010000 18 210
100.010000 19 252
100.010000 20 252
100.010000 21 252
100.010000 22 252
100.010000 23 168
100.010000 24 252
101.010000 0 200
101.010000 1 240
101.010000 2 240
101.010000 3 240
101.010000 4 160
101.010000 5 240
101.010000 6 240
101.010000 7 240
101.010000 8 240
101.010000 9 240
101.010000 10 240
101.010000 11 240
101.010000 12 240
101.010000 13 240
101.010000 14 200
101.010000 15 240
101.010000 16 200
101.010000 17 200
101.010000 18 200
101.010000 19 240
101.010000 20 240
101.010000 21 240
101.010000 22 240
101.010000 23 160
101.010000 24 240
102.010000 0 199
102.010000 1 239
102.010000 2 239
102.010000 3 239
102.010000 4 159
102.010000 5 239
102.010000 6 239
102.010000 7 239
102.010000 8 239
102.010000 9 239
102.010000 10 239
102.010000 11 239
102.010000 12 239
102.010000 13 239
102.010000 14 199
102.010000 15 239
102.010000 16 200
102.010000 17 199
102.010000 18 199
102.010000 19 239
102.010000 20 239
102.010000 21 239
102.010000 22 239
102.010000 23 159
102.010000 24 239
103.010000 0 191
103.010000 1 229
103.010000 2 229
103.010000 3 229
103.010000 4 153
103.010000 5 229
103.010000 6 229
103.010000 7 229
103.010000 8 229
103.010000 9 229
103.010000 10 229
103.010000 11 229
103.010000 12 229
103.010000 13 229
103.010000 14 191
103.010000 15 229
103.010000 16 190
103.010000 17 191
103.010000 18 191
103.010000 19 229
103.010000 20 229
103.010000 21 229
103.010000 22 229
103.010000 23 153
103.010000 24 229
104.010000 0 187
104.010000 1 225
104.010000 2 225
104.010000 3 225
104.010000 4 149
104.010000 5 225
104.010000 6 225
104.010000 7 225
104.010000 8 225
104.010000 9 225
104.010000 10 225
104.010000 11 225
104.010000 12 225
104.010000 13 225
104.010000 14 187
104.010000 15 225
104.010000 16 189
104.010000 17 187
104.010000 18 187
104.010000 19 225
104.010000 20 225
104.010000 21 225
104.010000 22 225
104.010000 23 150
104.010000 24 225
105.010000 0 174
105.010000 1 210
105.010000 2 210
105.010000 3 210
105.010000 4 141
105.010000 5 210
105.010000 6 210
105.010000 7 210
105.010000 8 210
105.010000 9 210
105.010000 10 210
105.010000 11 210
105.010000 12 210
105.010000 13 210
105.010000 14 174
105.010000 15 210
105.010000 16 174
105.010000 17 174
105.010000 18 174
105.010000 19 210
105.010000 20 210
105.010000 21 210
105.010000 22 210
105.010000 23 141
105.010000 24 210
106.010000 0 209
106.010000 1 249
106.010000 2 249
106.010000 3 249
106.010000 4 166
106.010000 5 249
106.010000 6 249
106.010000 7 249
106.010000 8 249
106.010000 9 249
106.010000 10 249
106.010000 11 249
106.010000 12 249
106.010000 13 249
106.010000 14 209
106.010000 15 249
106.010000 16 207
106.010000 17 209
106.010000 18 209
106.010000 19 249
106.010000 20 249
106.010000 21 249
106.010000 22 249
106.010000 23 165
106.010000 24 249
107.010000 0 190
107.010000 1 228
107.010000 2 228
107.010000 3 228
107.010000 4 152
107.010000 5 228
107.010000 6 228
107.010000 7 228
107.010000 8 228
107.010000 9 228
107.010000 10 228
107.010000 11 228
107.010000 12 228
107.010000 13 228
107.010000 14 190
107.010000 15 228
107.010000 16 190
107.010000 17 190
107.010000 18 190
107.010000 19 228
107.010000 20 228
107.010000 21 228
107.010000 22 228
107.010000 23 152
107.010000 24 228
108.010000 0 199
108.010000 1 239
108.010000 2 239
108.010000 3 239
108.010000 4 159
108.010000 5 239
108.010000 6 239
108.010000 7 239
108.010000 8 239
108.010000 9 239
108.010000 10 239
108.010000 11 239
108.010000 12 239
108.010000 13 239
108.010000 14 199
108.010000 15 239
108.010000 16 200
108.010000 17 199
108.010000 18 199
108.010000 19 239
108.010000 20 239
108.010000 21 239
108.010000 22 239
108.010000 23 159
108.010000 24 239
109.010000 0 191
109.010000 1 229
109.010000 2 229
109.010000 3 229
109.010000 4 153
109.010000 5 229
109.010000 6 229
109.010000 7 229
109.010000 8 229
109.010000 9 229
109.010000 10 229
109.010000 11 229
109.010000 12 229
109.010000 13 229
109.010000 14 191
109.010000 15 229
109.010000 16 190
109.010000 17 191
109.010000 18 191
109.010000 19 229
109.010000 20 229
109.010000 21 229
109.010000 22 229
109.010000 23 153
109.010000 24 229
110.010000 0 189
110.010000 1 227
110.010000 2 227
110.010000 3 227
110.010000 4 151
110.010000 5 227
110.010000 6 227
110.010000 7 227
110.010000 8 227
110.010000 9 227
110.010000 10 227
110.010000 11 227
110.010000 12 227
110.010000 13 227
110.010000 14 189
110.010000 15 227
110.010000 16 190
110.010000 17 189
110.010000 18 189
110.010000 19 227
110.010000 20 227
110.010000 21 227
110.010000 22 227
110.010000 23 151
110.010000 24 227
111.010000 0 200
111.010000 1 240
111.010000 2 240
111.010000 3 240
111.010000 4 160
111.010000 5 240
111.010000 6 240
111.010000 7 240
111.010000 8 240
111.010000 9 240
111.010000 10 240
111.010000 11 240
111.010000 12 240
111.010000 13 240
111.010000 14 200
111.010000 15 240
111.010000 16 200
111.010000 17 200
111.010000 18 200
111.010000 19 240
111.010000 20 240
111.010000 21 240
111.010000 22 240
111.010000 23 160
111.010000 24 240
112.010000 0 192
112.010000 1 232
112.010000 2 232
112.010000 3 232
112.010000 4 155
112.010000 5 232
112.010000 6 232
112.010000 7 232
112.010000 8 232
112.010000 9 232
112.010000 10 232
112.010000 11 232
112.010000 12 232
112.010000 13 232
112.010000 14 192
112.010000 15 232
112.010000 16 193
112.010000 17 192
112.010000 18 192
112.010000 19 232
112.010000 20 232
112.010000 21 232
112.010000 22 232
112.010000 23 156
112.010000 24 232
113.010000 0 210
113.010000 1 252
113.010000 2 252
113.010000 3 252
113.010000 4 168
113.010000 5 252
113.010000 6 252
113.010000 7 252
113.010000 8 252
113.010000 9 252
113.010000 10 252
113.010000 11 252
113.010000 12 252
113.010000 13 252
113.010000 14 210
113.010000 15 252
113.010000 16 210
113.010000 17 210
113.010000 18 210
113.010000 19 252
113.010000 20 252
113.010000 21 252
113.010000 22 252
113.010000 23 168
113.010000 24 252
114.010000 0 169
114.010000 1 201
114.010000 2 201
114.010000 3 201
114.010000 4 134
114.010000 5 201
114.010000 6 201
114.010000 7 201
114.010000 8 201
114.010000 9 201
114.010000 10 201
114.010000 11 201
114.010000 12 201
114.010000 13 201
114.010000 14 169
114.010000 15 201
114.010000 16 167
114.010000 17 169
114.010000 18 169
114.010000 19 201
114.010000 20 201
114.010000 21 201
114.010000 22 201
114.010000 23 133
114.010000 24 201
115.010000 0 190
115.010000 1 228
115.010000 2 228
115.010000 3 228
115.010000 4 152
115.010000 5 228
115.010000 6 228
115.010000 7 228
115.010000 8 228
115.010000 9 228
115.010000 10 228
115.010000 11 228
115.010000 12 228
115.010000 13 228
115.010000 14 190
115.010000 15 228
115.010000 16 190
115.010000 17 190
115.010000 18 190
115.010000 19 228
115.010000 20 228
115.010000 21 228
115.010000 22 228
115.010000 23 152
115.010000 24 228
116.010000 0 220
116.010000 1 264
116.010000 2 264
116.010000 3 264
116.010000 4 176
116.010000 5 264
116.010000 6 264
116.010000 7 264
116.010000 8 264
116.010000 9 264
116.010000 10 264
116.010000 11 264
116.010000 12 264
116.010000 13 264
116.010000 14 220
116.010000 15 264
116.010000 16 220
116.010000 17 220
116.010000 18 220
116.010000 19 264
116.010000 20 264
116.010000 21 264
116.010000 22 264
116.010000 23 176
116.010000 24 264
117.010000 0 240
117.010000 1 288
117.010000 2 288
117.010000 3 288
117.010000 4 192
117.010000 5 288
117.010000 6 288
117.010000 7 288
117.010000 8 288
117.010000 9 288
117.010000 10 288
117.010000 11 288
117.010000 12 288
117.010000 13 288
117.010000 14 240
117.010000 15 288
117.010000 16 240
117.010000 17 240
117.010000 18 240
117.010000 19 288
117.010000 20 288
117.010000 21 288
117.010000 22 288
117.010000 23 192
117.010000 24 288
118.010000 0 181
118.010000 1 219
118.010000 2 219
118.010000 3 219
118.010000 4 146
118.010000 5 219
118.010000 6 219
118.010000 7 219
118.010000 8 219
118.010000 9 219
118.010000 10 219
118.010000 11 219
118.010000 12 219
118.010000 13 219
118.010000 14 181
118.010000 15 219
118.010000 16 183
118.010000 17 181
118.010000 18 181
118.010000 19 219
118.010000 20 219
118.010000 21 219
118.010000 22 219
118.010000 23 147
118.010000 24 219
119.010000 0 189
119.010000 1 225
119.010000 2 225
119.010000 3 225
119.010000 4 150
119.010000 5 225
119.010000 6 225
119.010000 7 225
119.010000 8 225
119.010000 9 225
119.010000 10 225
119.010000 11 225
119.010000 12 225
119.010000 13 225
119.010000 14 189
119.010000 15 225
119.010000 16 187
119.010000 17 189
119.010000 18 189
119.010000 19 225
119.010000 20 225
119.010000 21 225
119.010000 22 225
119.010000 23 149
119.010000 24 225
120.010000 0 200
120.010000 1 240
120.010000 2 240
120.010000 3 240
120.010000 4 160
120.010000 5 240
120.010000 6 240
120.010000 7 240
120.010000 8 240
120.010000 9 240
120.010000 10 240
120.010000 11 240
120.010000 12 240
120.010000 13 240
120.010000 14 200
120.010000 15 240
120.010000 16 200
120.010000 17 200
120.010000 18 200
120.010000 19 240
120.010000 20 240
120.010000 21 240
120.010000 22 240
120.010000 23 160
120.010000 24 240
121.010000 0 200
121.010000 1 240
121.010000 2 240
121.010000 3 240
121.010000 4 160
121.010000 5 240
121.010000 6 240
121.010000 7 240
121.010000 8 240
121.010000 9 240
121.010000 10 240
121.010000 11 240
121.010000 12 240
121.010000 13 240
121.010000 14 200
121.010000 15 240
121.010000 16 200
121.010000 17 200
121.010000 18 200
121.010000 19 240
121.010000 20 240
121.010000 21 240
121.010000 22 240
121.010000 23 160
121.010000 24 240
122.010000 0 199
122.010000 1 239
122.010000 2 239
122.010000 3 239
122.010000 4 159
122.010000 5 239
122.010000 6 239
122.010000 7 239
122.010000 8 239
122.010000 9 239
122.010000 10 239
122.010000 11 239
122.010000 12 239
122.010000 13 239
122.010000 14 199
122.010000 15 239
122.010000 16 200
122.010000 17 199
122.010000 18 199
122.010000 19 239
122.010000 20 239
122.010000 21 239
122.010000 22 239
122.010000 23 159
122.010000 24 239
123.010000 0 201
123.010000 1 241
123.010000 2 241
123.010000 3 241
123.010000 4 161
123.010000 5 241
123.010000 6 241
123.010000 7 241
123.010000 8 241
123.010000 9 241
123.010000 10 241
123.010000 11 241
123.010000 12 241
123.010000 13 241
123.010000 14 201
123.010000 15 241
123.010000 16 200
123.010000 17 201
123.010000 18 201
123.010000 19 241
123.010000 20 241
123.010000 21 241
123.010000 22 241
123.010000 23 161
123.010000 24 241
124.010000 0 240
124.010000 1 288
124.010000 2 288
124.010000 3 288
124.010000 4 192
124.010000 5 288
124.010000 6 288
124.010000 7 288
124.010000 8 288
124.010000 9 288
124.010000 10 288
124.010000 11 288
124.010000 12 288
124.010000 13 288
124.010000 14 240
124.010000 15 288
124.010000 16 240
124.010000 17 240
124.010000 18 240
124.010000 19 288
124.010000 20 288
124.010000 21 288
124.010000 22 288
124.010000 23 192
124.010000 24 288
125.010000 0 200
125.010000 1 240
125.010000 2 240
125.010000 3 240
125.010000 4 160
125.010000 5 240
125.010000 6 240
125.010000 7 240
125.010000 8 240
125.010000 9 240
125.010000 10 240
125.010000 11 240
125.010000 12 240
125.010000 13 240
125.010000 14 200
125.010000 15 240
125.010000 16 200
125.010000 17 200
125.010000 18 200
125.010000 19 240
125.010000 20 240
125.010000 21 240
125.010000 22 240
125.010000 23 160
125.010000 24 240
126.010000 0 219
126.010000 1 263
126.010000 2 263
126.010000 3 263
126.010000 4 175
126.010000 5 263
126.010000 6 263
126.010000 7 263
126.010000 8 263
126.010000 9 263
126.010000 10 263
126.010000 11 263
126.010000 12 263
126.010000 13 263
126.010000 14 219
126.010000 15 263
126.010000 16 220
126.010000 17 219
126.010000 18 219
126.010000 19 263
126.010000 20 263
126.010000 21 263
126.010000 22 263
126.010000 23 175
126.010000 24 263
127.010000 0 211
127.010000 1 253
127.010000 2 253
127.010000 3 253
127.010000 4 169
127.010000 5 253
127.010000 6 253
127.010000 7 253
127.010000 8 253
127.010000 9 253
127.010000 10 253
127.010000 11 253
127.010000 12 253
127.010000 13 253
127.010000 14 211
127.010000 15 253
127.010000 16 210
127.010000 17 211
127.010000 18 211
127.010000 19 253
127.010000 20 253
127.010000 21 253
127.010000 22 253
127.010000 23 169
127.010000 24 253
128.010000 0 198
128.010000 1 238
128.010000 2 238
128.010000 3 238
128.010000 4 158
128.010000 5 238
128.010000 6 238
128.010000 7 238
128.010000 8 238
128.010000 9 238
128.010000 10 238
128.010000 11 238
128.010000 12 238
128.010000 13 238
128.010000 14 198
128.010000 15 238
128.010000 16 199
128.010000 17 198
128.010000 18 198
128.010000 19 238
128.010000 20 238
128.010000 21 238
128.010000 22 238
128.010000 23 159
128.010000 24 238
129.010000 0 192
129.010000 1 230
129.010000 2 230
129.010000 3 230
129.010000 4 154
129.010000 5 230
129.010000 6 230
129.010000 7 230
129.010000 8 230
129.010000 9 230
129.010000 10 230
129.010000 11 230
129.010000 12 230
129.010000 13 230
129.010000 14 192
129.010000 15 230
129.010000 16 191
129.010000 17 192
129.010000 18 192
129.010000 19 230
129.010000 20 230
129.010000 21 230
129.010000 22 230
129.010000 23 153
129.010000 24 230
130.010000 0 175
130.010000 1 211
130.010000 2 211
130.010000 3 211
130.010000 4 139
130.010000 5 211
130.010000 6 211
130.010000 7 211
130.010000 8 211
130.010000 9 211
130.010000 10 211
130.010000 11 211
130.010000 12 211
130.010000 13 211
130.010000 14 175
130.010000 15 211
130.010000 16 177
130.010000 17 175
130.010000 18 175
130.010000 19 211
130.010000 20 211
130.010000 21 211
130.010000 22 211
130.010000 23 142
130.010000 24 211
131.010000 0 195
131.010000 1 233
131.010000 2 233
131.010000 3 233
131.010000 4 157
131.010000 5 233
131.010000 6 233
131.010000 7 233
131.010000 8 233
131.010000 9 233
131.010000 10 233
131.010000 11 233
131.010000 12 233
131.010000 13 233
131.010000 14 195
131.010000 15 233
131.010000 16 193
131.010000 17 195
131.010000 18 195
131.010000 19 233
131.010000 20 233
131.010000 21 233
131.010000 22 233
131.010000 23 154
131.010000 24 233
132.010000 0 200
132.010000 1 240
132.010000 2 240
132.010000 3 240
132.010000 4 160
132.010000 5 240
132.010000 6 240
132.010000 7 240
132.010000 8 240
132.010000 9 240
132.010000 10 240
132.010000 11 240
132.010000 12 240
132.010000 13 240
132.010000 14 200
132.010000 15 240
132.010000 16 200
132.010000 17 200
132.010000 18 200
132.010000 19 240
132.010000 20 240
132.010000 21 240
132.010000 22 240
132.010000 23 160
132.010000 24 240
133.010000 0 200
133.010000 1 240
133.010000 2 240
133.010000 3 240
133.010000 4 160
133.010000 5 240
133.010000 6 240
133.010000 7 240
133.010000 8 240
133.010000 9 240
133.010000 10 240
133.010000 11 240
133.010000 12 240
133.010000 13 240
133.010000 14 200
133.010000 15 240
133.010000 16 200
133.010000 17 200
133.010000 18 200
133.010000 19 240
133.010000 20 240
133.010000 21 240
133.010000 22 240
133.010000 23 160
133.010000 24 240
134.010000 0 209
134.010000 1 251
134.010000 2 251
134.010000 3 251
134.010000 4 167
134.010000 5 251
134.010000 6 251
134.010000 7 251
134.010000 8 251
134.010000 9 251
134.010000 10 251
134.010000 11 251
134.010000 12 251
134.010000 13 251
134.010000 14 209
134.010000 15 251
134.010000 16 210
134.010000 17 209
134.010000 18 209
134.010000 19 251
134.010000 20 251
134.010000 21 251
134.010000 22 251
134.010000 23 167
134.010000 24 251
135.010000 0 191
135.010000 1 229
135.010000 2 229
135.010000 3 229
135.010000 4 153
135.010000 5 229
135.010000 6 229
135.010000 7 229
135.010000 8 229
135.010000 9 229
135.010000 10 229
135.010000 11 229
135.010000 12 229
135.010000 13 229
135.010000 14 191
135.010000 15 229
135.010000 16 190
135.010000 17 191
135.010000 18 191
135.010000 19 229
135.010000 20 229
135.010000 21 229
135.010000 22 229
135.010000 23 153
135.010000 24 229
136.010000 0 215
136.010000 1 259
136.010000 2 259
136.010000 3 259
136.010000 4 171
136.010000 5 259
136.010000 6 259
136.010000 7 259
136.010000 8 259
136.010000 9 259
136.010000 10 259
136.010000 11 259
136.010000 12 259
136.010000 13 259
136.010000 14 215
136.010000 15 259
136.010000 16 217
136.010000 17 215
136.010000 18 215
136.010000 19 259
136.010000 20 259
136.010000 21 259
136.010000 22 259
136.010000 23 174
136.010000 24 259
137.010000 0 185
137.010000 1 221
137.010000 2 221
137.010000 3 221
137.010000 4 149
137.010000 5 221
137.010000 6 221
137.010000 7 221
137.010000 8 221
137.010000 9 221
137.010000 10 221
137.010000 11 221
137.010000 12 221
137.010000 13 221
137.010000 14 185
137.010000 15 221
137.010000 16 183
137.010000 17 185
137.010000 18 185
137.010000 19 221
137.010000 20 221
137.010000 21 221
137.010000 22 221
137.010000 23 146
137.010000 24 221
138.010000 0 220
138.010000 1 264
138.010000 2 264
138.010000 3 264
138.010000 4 176
138.010000 5 264
138.010000 6 264
138.010000 7 264
138.010000 8 264
138.010000 9 264
138.010000 10 264
138.010000 11 264
138.010000 12 264
138.010000 13 264
138.010000 14 220
138.010000 15 264
138.010000 16 220
138.010000 17 220
138.010000 18 220
138.010000 19 264
138.010000 20 264
138.010000 21 264
138.010000 22 264
138.010000 23 176
138.010000 24 264
139.010000 0 200
139.010000 1 240
139.010000 2 240
139.010000 3 240
139.010000 4 160
139.010000 5 240
139.010000 6 240
139.010000 7 240
139.010000 8 240
139.010000 9 240
139.010000 10 240
139.010000 11 240
139.010000 12 240
139.010000 13 240
139.010000 14 200
139.010000 15 240
139.010000 16 200
139.010000 17 200
139.010000 18 200
139.010000 19 240
139.010000 20 240
139.010000 21 240
139.010000 22 240
139.010000 23 160
139.010000 24 240
140.010000 0 199
140.010000 1 239
140.010000 2 239
140.010000 3 239
140.010000 4 159
140.010000 5 239
140.010000 6 239
140.010000 7 239
140.010000 8 239
140.010000 9 239
140.010000 10 239
140.010000 11 239
140.010000 12 239
140.010000 13 239
140.010000 14 199
140.010000 15 239
140.010000 16 200
140.010000 17 199
140.010000 18 199
140.010000 19 239
140.010000 20 239
140.010000 21 239
140.010000 22 239
140.010000 23 159
140.010000 24 239
141.010000 0 181
141.010000 1 217
141.010000 2 217
141.010000 3 217
141.010000 4 145
141.010000 5 217
141.010000 6 217
141.010000 7 217
141.010000 8 217
141.010000 9 217
141.010000 10 217
141.010000 11 217
141.010000 12 217
141.010000 13 217
141.010000 14 181
141.010000 15 217
141.010000 16 180
141.010000 17 181
141.010000 18 181
141.010000 19 217
141.010000 20 217
141.010000 21 217
141.010000 22 217
141.010000 23 145
141.010000 24 217
142.010000 0 190
142.010000 1 228
142.010000 2 228
142.010000 3 228
142.010000 4 152
142.010000 5 228
142.010000 6 228
142.010000 7 228
142.010000 8 228
142.010000 9 228
142.010000 10 228
142.010000 11 228
142.010000 12 228
142.010000 13 228
142.010000 14 190
142.010000 15 228
142.010000 16 190
142.010000 17 190
142.010000 18 190
142.010000 19 228
142.010000 20 228
142.010000 21 228
142.010000 22 228
142.010000 23 152
142.010000 24 228
143.010000 0 200
143.010000 1 240
143.010000 2 240
143.010000 3 240
143.010000 4 160
143.010000 5 240
143.010000 6 240
143.010000 7 240
143.010000 8 240
143.010000 9 240
143.010000 10 240
143.010000 11 240
143.010000 12 240
143.010000 13 240
143.010000 14 200
143.010000 15 240
143.010000 16 200
143.010000 17 200
143.010000 18 200
143.010000 19 240
143.010000 20 240
143.010000 21 240
143.010000 22 240
143.010000 23 160
143.010000 24 240
144.010000 0 190
144.010000 1 228
144.010000 2 228
144.010000 3 228
144.010000 4 152
144.010000 5 228
144.010000 6 228
144.010000 7 228
144.010000 8 228
144.010000 9 228
144.010000 10 228
144.010000 11 228
144.010000 12 228
144.010000 13 228
144.010000 14 190
144.010000 15 228
144.010000 16 190
144.010000 17 190
144.010000 18 190
144.010000 19 228
144.010000 20 228
144.010000 21 228
144.010000 22 228
144.010000 23 152
144.010000 24 228
145.010000 0 190
145.010000 1 228
145.010000 2 228
145.010000 3 228
145.010000 4 152
145.010000 5 228
145.010000 6 228
145.010000 7 228
145.010000 8 228
145.010000 9 228
145.010000 10 228
145.010000 11 228
145.010000 12 228
145.010000 13 228
145.010000 14 190
145.010000 15 228
145.010000 16 190
145.010000 17 190
145.010000 18 190
145.010000 19 228
145.010000 20 228
145.010000 21 228
145.010000 22 228
145.010000 23 152
145.010000 24 228
146.010000 0 190
146.010000 1 228
146.010000 2 228
146.010000 3 228
146.010000 4 152
146.010000 5 228
146.010000 6 228
146.010000 7 228
146.010000 8 228
146.010000 9 228
146.010000 10 228
146.010000 11 228
146.010000 12 228
146.010000 13 228
146.010000 14 190
146.010000 15 228
146.010000 16 190
146.010000 17 190
146.010000 18 190
146.010000 19 228
146.010000 20 228
146.010000 21 228
146.010000 22 228
146.010000 23 152
146.010000 24 228
147.010000 0 201
147.010000 1 243
147.010000 2 243
147.010000 3 243
147.010000 4 162
147.010000 5 243
147.010000 6 243
147.010000 7 243
147.010000 8 243
147.010000 9 243
147.010000 10 243
147.010000 11 243
147.010000 12 243
147.010000 13 243
147.010000 14 201
147.010000 15 243
147.010000 16 203
147.010000 17 201
147.010000 18 201
147.010000 19 243
147.010000 20 243
147.010000 21 243
147.010000 22 243
147.010000 23 163
147.010000 24 243
148.010000 0 189
148.010000 1 225
148.010000 2 225
148.010000 3 225
148.010000 4 150
148.010000 5 225
148.010000 6 225
148.010000 7 225
148.010000 8 225
148.010000 9 225
148.010000 10 225
148.010000 11 225
148.010000 12 225
148.010000 13 225
148.010000 14 189
148.010000 15 225
148.010000 16 187
148.010000 17 189
148.010000 18 189
148.010000 19 225
148.010000 20 225
148.010000 21 225
148.010000 22 225
148.010000 23 149
148.010000 24 225
149.010000 0 200
149.010000 1 240
149.010000 2 240
149.010000 3 240
149.010000 4 160
149.010000 5 240
149.010000 6 240
149.010000 7 240
149.010000 8 240
149.010000 9 240
149.010000 10 240
149.010000 11 240
149.010000 12 240
149.010000 13 240
149.010000 14 200
149.010000 15 240
149.010000 16 200
149.010000 17 200
149.010000 18 200
149.010000 19 240
149.010000 20 240
149.010000 21 240
149.010000 22 240
149.010000 23 160
149.010000 24 240
