0.010000 0 14
0.010000 1 12
0.010000 2 17
0.010000 3 17
0.010000 4 16
0.010000 5 16
0.010000 6 17
0.010000 7 17
0.010000 8 14
0.010000 9 16
0.010000 10 11
1.010000 0 236
1.010000 1 246
1.010000 2 233
1.010000 3 234
1.010000 4 229
1.010000 5 249
1.010000 6 233
1.010000 7 253
1.010000 8 236
1.010000 9 247
1.010000 10 225
2.010000 0 184
2.010000 1 169
2.010000 2 172
2.010000 3 186
2.010000 4 173
2.010000 5 182
2.010000 6 172
2.010000 7 190
2.010000 8 184
2.010000 9 169
2.010000 10 183
3.010000 0 132
3.010000 1 143
3.010000 2 136
3.010000 3 145
3.010000 4 149
3.010000 5 141
3.010000 6 136
3.010000 7 147
3.010000 8 132
3.010000 9 152
3.010000 10 135
4.010000 0 172
4.010000 1 171
4.010000 2 177
4.010000 3 184
4.010000 4 169
4.010000 5 172
4.010000 6 177
4.010000 7 181
4.010000 8 172
4.010000 9 172
4.010000 10 154
5.010000 0 179
5.010000 1 179
5.010000 2 174
5.010000 3 183
5.010000 4 175
5.010000 5 179
5.010000 6 174
5.010000 7 188
5.010000 8 179
5.010000 9 179
5.010000 10 172
6.010000 0 173
6.010000 1 174
6.010000 2 169
6.010000 3 178
6.010000 4 170
6.010000 5 174
6.010000 6 169
6.010000 7 182
6.010000 8 173
6.010000 9 174
6.010000 10 166
7.010000 0 182
7.010000 1 186
7.010000 2 184
7.010000 3 183
7.010000 4 180
7.010000 5 185
7.010000 6 184
7.010000 7 196
7.010000 8 182
7.010000 9 185
7.010000 10 175
8.010000 0 169
8.010000 1 166
8.010000 2 161
8.010000 3 170
8.010000 4 162
8.010000 5 168
8.010000 6 161
8.010000 7 176
8.010000 8 169
8.010000 9 166
8.010000 10 158
9.010000 0 172
9.010000 1 168
9.010000 2 163
9.010000 3 173
9.010000 4 165
9.010000 5 170
9.010000 6 163
9.010000 7 179
9.010000 8 172
9.010000 9 169
9.010000 10 161
10.010000 0 174
10.010000 1 176
10.010000 2 171
10.010000 3 180
10.010000 4 172
10.010000 5 176
10.010000 6 171
10.010000 7 184
10.010000 8 174
10.010000 9 175
10.010000 10 168
11.010000 0 158
11.010000 1 159
11.010000 2 157
11.010000 3 175
11.010000 4 157
11.010000 5 158
11.010000 6 157
11.010000 7 166
11.010000 8 158
11.010000 9 151
11.010000 10 167
12.010000 0 172
12.010000 1 173
12.010000 2 171
12.010000 3 176
12.010000 4 172
12.010000 5 174
12.010000 6 171
12.010000 7 187
12.010000 8 172
12.010000 9 183
12.010000 10 152
13.010000 0 201
13.010000 1 204
13.010000 2 195
13.010000 3 199
13.010000 4 197
13.010000 5 205
13.010000 6 195
13.010000 7 208
13.010000 8 201
13.010000 9 205
13.010000 10 194
14.010000 0 162
14.010000 1 161
14.010000 2 158
14.010000 3 165
14.010000 4 159
14.010000 5 161
14.010000 6 158
14.010000 7 176
14.010000 8 162
14.010000 9 161
14.010000 10 153
15.010000 0 185
15.010000 1 182
15.010000 2 182
15.010000 3 200
15.010000 4 180
15.010000 5 183
15.010000 6 182
15.010000 7 196
15.010000 8 185
15.010000 9 175
15.010000 10 173
16.010000 0 553
16.010000 1 505
16.010000 2 526
16.010000 3 512
16.010000 4 525
16.010000 5 581
16.010000 6 526
16.010000 7 564
16.010000 8 553
16.010000 9 579
16.010000 10 479
17.010000 0 469
17.010000 1 434
17.010000 2 445
17.010000 3 434
17.010000 4 448
17.010000 5 490
17.010000 6 445
17.010000 7 473
17.010000 8 469
17.010000 9 490
17.010000 10 405
18.010000 0 484
18.010000 1 443
18.010000 2 462
18.010000 3 451
18.010000 4 459
18.010000 5 507
18.010000 6 462
18.010000 7 493
18.010000 8 484
18.010000 9 507
18.010000 10 418
19.010000 0 489
19.010000 1 454
19.010000 2 466
19.010000 3 452
19.010000 4 467
19.010000 5 512
19.010000 6 466
19.010000 7 501
19.010000 8 489
19.010000 9 512
19.010000 10 419
20.010000 0 414
20.010000 1 385
20.010000 2 401
20.010000 3 385
20.010000 4 396
20.010000 5 439
20.010000 6 401
20.010000 7 423
20.010000 8 414
20.010000 9 447
20.010000 10 358
21.010000 0 501
21.010000 1 458
21.010000 2 469
21.010000 3 458
21.010000 4 489
21.010000 5 522
21.010000 6 469
21.010000 7 514
21.010000 8 501
21.010000 9 512
21.010000 10 421
22.010000 0 456
22.010000 1 411
22.010000 2 446
22.010000 3 428
22.010000 4 416
22.010000 5 478
22.010000 6 446
22.010000 7 468
22.010000 8 456
22.010000 9 484
22.010000 10 405
23.010000 0 484
23.010000 1 445
23.010000 2 455
23.010000 3 449
23.010000 4 478
23.010000 5 518
23.010000 6 455
23.010000 7 497
23.010000 8 484
23.010000 9 512
23.010000 10 418
24.010000 0 451
24.010000 1 412
24.010000 2 425
24.010000 3 418
24.010000 4 430
24.010000 5 468
24.010000 6 425
24.010000 7 458
24.010000 8 451
24.010000 9 468
24.010000 10 382
25.010000 0 478
25.010000 1 437
25.010000 2 456
25.010000 3 442
25.010000 4 456
25.010000 5 500
25.010000 6 456
25.010000 7 488
25.010000 8 478
25.010000 9 499
25.010000 10 412
26.010000 0 473
26.010000 1 433
26.010000 2 449
26.010000 3 439
26.010000 4 450
26.010000 5 493
26.010000 6 449
26.010000 7 482
26.010000 8 473
26.010000 9 493
26.010000 10 408
27.010000 0 448
27.010000 1 415
27.010000 2 425
27.010000 3 414
27.010000 4 430
27.010000 5 470
27.010000 6 425
27.010000 7 458
27.010000 8 448
27.010000 9 474
27.010000 10 378
28.010000 0 466
28.010000 1 426
28.010000 2 445
28.010000 3 422
28.010000 4 443
28.010000 5 489
28.010000 6 445
28.010000 7 477
28.010000 8 466
28.010000 9 489
28.010000 10 407
29.010000 0 469
29.010000 1 428
29.010000 2 450
29.010000 3 440
29.010000 4 443
29.010000 5 492
29.010000 6 450
29.010000 7 478
29.010000 8 469
29.010000 9 492
29.010000 10 412
30.010000 0 471
30.010000 1 433
30.010000 2 447
30.010000 3 438
30.010000 4 448
30.010000 5 489
30.010000 6 447
30.010000 7 480
30.010000 8 471
30.010000 9 491
30.010000 10 407
31.010000 0 478
31.010000 1 439
31.010000 2 455
31.010000 3 445
31.010000 4 457
31.010000 5 500
31.010000 6 455
31.010000 7 488
31.010000 8 478
31.010000 9 501
31.010000 10 413
32.010000 0 454
32.010000 1 418
32.010000 2 436
32.010000 3 432
32.010000 4 435
32.010000 5 475
32.010000 6 436
32.010000 7 463
32.010000 8 454
32.010000 9 476
32.010000 10 395
33.010000 0 538
33.010000 1 498
33.010000 2 519
33.010000 3 504
33.010000 4 514
33.010000 5 564
33.010000 6 519
33.010000 7 552
33.010000 8 538
33.010000 9 563
33.010000 10 460
34.010000 0 466
34.010000 1 428
34.010000 2 442
34.010000 3 435
34.010000 4 441
34.010000 5 489
34.010000 6 442
34.010000 7 477
34.010000 8 466
34.010000 9 486
34.010000 10 400
35.010000 0 504
35.010000 1 467
35.010000 2 474
35.010000 3 458
35.010000 4 483
35.010000 5 525
35.010000 6 474
35.010000 7 517
35.010000 8 504
35.010000 9 527
35.010000 10 429
36.010000 0 458
36.010000 1 423
36.010000 2 446
36.010000 3 427
36.010000 4 434
36.010000 5 483
36.010000 6 446
36.010000 7 469
36.010000 8 458
36.010000 9 482
36.010000 10 394
37.010000 0 485
37.010000 1 454
37.010000 2 454
37.010000 3 456
37.010000 4 469
37.010000 5 505
37.010000 6 454
37.010000 7 500
37.010000 8 485
37.010000 9 508
37.010000 10 417
38.010000 0 470
38.010000 1 434
38.010000 2 451
38.010000 3 444
38.010000 4 444
38.010000 5 493
38.010000 6 451
38.010000 7 480
38.010000 8 470
38.010000 9 494
38.010000 10 410
39.010000 0 499
39.010000 1 453
39.010000 2 488
39.010000 3 471
39.010000 4 469
39.010000 5 527
39.010000 6 488
39.010000 7 512
39.010000 8 499
39.010000 9 526
39.010000 10 439
40.010000 0 457
40.010000 1 416
40.010000 2 432
40.010000 3 423
40.010000 4 429
40.010000 5 474
40.010000 6 432
40.010000 7 464
40.010000 8 457
40.010000 9 473
40.010000 10 384
41.010000 0 480
41.010000 1 436
41.010000 2 447
41.010000 3 441
41.010000 4 451
41.010000 5 495
41.010000 6 447
41.010000 7 482
41.010000 8 480
41.010000 9 496
41.010000 10 408
42.010000 0 426
42.010000 1 388
42.010000 2 408
42.010000 3 393
42.010000 4 406
42.010000 5 450
42.010000 6 408
42.010000 7 438
42.010000 8 426
42.010000 9 444
42.010000 10 367
43.010000 0 508
43.010000 1 464
43.010000 2 485
43.010000 3 475
43.010000 4 479
43.010000 5 531
43.010000 6 485
43.010000 7 517
43.010000 8 508
43.010000 9 529
43.010000 10 444
44.010000 0 512
44.010000 1 473
44.010000 2 486
44.010000 3 475
44.010000 4 489
44.010000 5 531
44.010000 6 486
44.010000 7 523
44.010000 8 512
44.010000 9 532
44.010000 10 427
45.010000 0 436
45.010000 1 399
45.010000 2 420
45.010000 3 411
45.010000 4 423
45.010000 5 461
45.010000 6 420
45.010000 7 447
45.010000 8 436
45.010000 9 460
45.010000 10 383
46.010000 0 472
46.010000 1 433
46.010000 2 456
46.010000 3 435
46.010000 4 449
46.010000 5 496
46.010000 6 456
46.010000 7 482
46.010000 8 472
46.010000 9 496
46.010000 10 401
47.010000 0 477
47.010000 1 438
47.010000 2 455
47.010000 3 447
47.010000 4 452
47.010000 5 499
47.010000 6 455
47.010000 7 485
47.010000 8 477
47.010000 9 499
47.010000 10 416
48.010000 0 498
48.010000 1 456
48.010000 2 472
48.010000 3 461
48.010000 4 474
48.010000 5 521
48.010000 6 472
48.010000 7 506
48.010000 8 498
48.010000 9 523
48.010000 10 433
49.010000 0 457
49.010000 1 420
49.010000 2 440
49.010000 3 434
49.010000 4 431
49.010000 5 476
49.010000 6 440
49.010000 7 468
49.010000 8 457
49.010000 9 467
49.010000 10 399
50.010000 0 468
50.010000 1 435
50.010000 2 439
50.010000 3 426
50.010000 4 450
50.010000 5 486
50.010000 6 439
50.010000 7 479
50.010000 8 468
50.010000 9 487
50.010000 10 394
51.010000 0 462
51.010000 1 420
51.010000 2 441
51.010000 3 431
51.010000 4 439
51.010000 5 494
51.010000 6 441
51.010000 7 472
51.010000 8 462
51.010000 9 484
51.010000 10 397
52.010000 0 491
52.010000 1 448
52.010000 2 453
52.010000 3 446
52.010000 4 461
52.010000 5 504
52.010000 6 453
52.010000 7 491
52.010000 8 491
52.010000 9 503
52.010000 10 411
53.010000 0 477
53.010000 1 438
53.010000 2 457
53.010000 3 445
53.010000 4 452
53.010000 5 500
53.010000 6 457
53.010000 7 488
53.010000 8 477
53.010000 9 500
53.010000 10 411
54.010000 0 469
54.010000 1 431
54.010000 2 441
54.010000 3 430
54.010000 4 448
54.010000 5 478
54.010000 6 441
54.010000 7 478
54.010000 8 469
54.010000 9 488
54.010000 10 409
55.010000 0 429
55.010000 1 400
55.010000 2 401
55.010000 3 387
55.010000 4 412
55.010000 5 456
55.010000 6 401
55.010000 7 437
55.010000 8 429
55.010000 9 449
55.010000 10 357
56.010000 0 503
56.010000 1 464
56.010000 2 483
56.010000 3 472
56.010000 4 477
56.010000 5 531
56.010000 6 483
56.010000 7 508
56.010000 8 503
56.010000 9 530
56.010000 10 440
57.010000 0 542
57.010000 1 499
57.010000 2 507
57.010000 3 507
57.010000 4 516
57.010000 5 564
57.010000 6 507
57.010000 7 555
57.010000 8 542
57.010000 9 563
57.010000 10 459
58.010000 0 434
58.010000 1 394
58.010000 2 403
58.010000 3 393
58.010000 4 407
58.010000 5 447
58.010000 6 403
58.010000 7 434
58.010000 8 434
58.010000 9 446
58.010000 10 370
59.010000 0 496
59.010000 1 462
59.010000 2 475
59.010000 3 471
59.010000 4 478
59.010000 5 527
59.010000 6 475
59.010000 7 511
59.010000 8 496
59.010000 9 526
59.010000 10 438
60.010000 0 498
60.010000 1 457
60.010000 2 470
60.010000 3 457
60.010000 4 475
60.010000 5 520
60.010000 6 470
60.010000 7 508
60.010000 8 498
60.010000 9 519
60.010000 10 424
61.010000 0 524
61.010000 1 480
61.010000 2 496
61.010000 3 482
61.010000 4 499
61.010000 5 544
61.010000 6 496
61.010000 7 535
61.010000 8 524
61.010000 9 536
61.010000 10 448
62.010000 0 436
62.010000 1 404
62.010000 2 418
62.010000 3 405
62.010000 4 415
62.010000 5 460
62.010000 6 418
62.010000 7 446
62.010000 8 436
62.010000 9 469
62.010000 10 379
63.010000 0 524
63.010000 1 479
63.010000 2 509
63.010000 3 497
63.010000 4 495
63.010000 5 547
63.010000 6 509
63.010000 7 537
63.010000 8 524
63.010000 9 538
63.010000 10 450
64.010000 0 423
64.010000 1 384
64.010000 2 401
64.010000 3 390
64.010000 4 402
64.010000 5 442
64.010000 6 401
64.010000 7 430
64.010000 8 423
64.010000 9 442
64.010000 10 374
65.010000 0 465
65.010000 1 428
65.010000 2 444
65.010000 3 431
65.010000 4 442
65.010000 5 489
65.010000 6 444
65.010000 7 474
65.010000 8 465
65.010000 9 499
65.010000 10 400
66.010000 0 508
66.010000 1 474
66.010000 2 483
66.010000 3 470
66.010000 4 488
66.010000 5 529
66.010000 6 483
66.010000 7 521
66.010000 8 508
66.010000 9 532
66.010000 10 427
67.010000 0 477
67.010000 1 438
67.010000 2 454
67.010000 3 440
67.010000 4 454
67.010000 5 498
67.010000 6 454
67.010000 7 486
67.010000 8 477
67.010000 9 498
67.010000 10 407
68.010000 0 434
68.010000 1 397
68.010000 2 405
68.010000 3 400
68.010000 4 406
68.010000 5 438
68.010000 6 405
68.010000 7 436
68.010000 8 434
68.010000 9 447
68.010000 10 381
69.010000 0 477
69.010000 1 438
69.010000 2 452
69.010000 3 442
69.010000 4 454
69.010000 5 496
69.010000 6 452
69.010000 7 486
69.010000 8 477
69.010000 9 498
69.010000 10 409
70.010000 0 512
70.010000 1 462
70.010000 2 475
70.010000 3 462
70.010000 4 485
70.010000 5 526
70.010000 6 475
70.010000 7 519
70.010000 8 512
70.010000 9 516
70.010000 10 427
71.010000 0 456
71.010000 1 419
71.010000 2 431
71.010000 3 416
71.010000 4 437
71.010000 5 478
71.010000 6 431
71.010000 7 466
71.010000 8 456
71.010000 9 486
71.010000 10 387
72.010000 0 517
72.010000 1 468
72.010000 2 489
72.010000 3 480
72.010000 4 496
72.010000 5 538
72.010000 6 489
72.010000 7 530
72.010000 8 517
72.010000 9 526
72.010000 10 444
73.010000 0 456
73.010000 1 418
73.010000 2 434
73.010000 3 415
73.010000 4 431
73.010000 5 486
73.010000 6 434
73.010000 7 462
73.010000 8 456
73.010000 9 479
73.010000 10 387
74.010000 0 463
74.010000 1 436
74.010000 2 447
74.010000 3 431
74.010000 4 448
74.010000 5 494
74.010000 6 447
74.010000 7 479
74.010000 8 463
74.010000 9 503
74.010000 10 403
75.010000 0 470
75.010000 1 424
75.010000 2 442
75.010000 3 433
75.010000 4 443
75.010000 5 488
75.010000 6 442
75.010000 7 477
75.010000 8 470
75.010000 9 486
75.010000 10 401
76.010000 0 489
76.010000 1 458
76.010000 2 471
76.010000 3 457
76.010000 4 467
76.010000 5 514
76.010000 6 471
76.010000 7 501
76.010000 8 489
76.010000 9 516
76.010000 10 431
77.010000 0 536
77.010000 1 497
77.010000 2 520
77.010000 3 509
77.010000 4 523
77.010000 5 570
77.010000 6 520
77.010000 7 560
77.010000 8 536
77.010000 9 559
77.010000 10 470
78.010000 0 466
78.010000 1 434
78.010000 2 437
78.010000 3 423
78.010000 4 440
78.010000 5 485
78.010000 6 437
78.010000 7 473
78.010000 8 466
78.010000 9 484
78.010000 10 390
79.010000 0 467
79.010000 1 428
79.010000 2 441
79.010000 3 427
79.010000 4 448
79.010000 5 487
79.010000 6 441
79.010000 7 477
79.010000 8 467
79.010000 9 493
79.010000 10 396
80.010000 0 469
80.010000 1 430
80.010000 2 445
80.010000 3 436
80.010000 4 446
80.010000 5 489
80.010000 6 445
80.010000 7 478
80.010000 8 469
80.010000 9 489
80.010000 10 406
81.010000 0 490
81.010000 1 457
81.010000 2 454
81.010000 3 457
81.010000 4 464
81.010000 5 509
81.010000 6 454
81.010000 7 490
81.010000 8 490
81.010000 9 510
81.010000 10 425
82.010000 0 450
82.010000 1 405
82.010000 2 423
82.010000 3 412
82.010000 4 421
82.010000 5 464
82.010000 6 423
82.010000 7 459
82.010000 8 450
82.010000 9 464
82.010000 10 382
83.010000 0 469
83.010000 1 427
83.010000 2 448
83.010000 3 441
83.010000 4 445
83.010000 5 490
83.010000 6 448
83.010000 7 480
83.010000 8 469
83.010000 9 490
83.010000 10 398
84.010000 0 547
84.010000 1 507
84.010000 2 523
84.010000 3 507
84.010000 4 511
84.010000 5 573
84.010000 6 523
84.010000 7 555
84.010000 8 547
84.010000 9 570
84.010000 10 475
85.010000 0 439
85.010000 1 399
85.010000 2 421
85.010000 3 410
85.010000 4 409
85.010000 5 458
85.010000 6 421
85.010000 7 444
85.010000 8 439
85.010000 9 468
85.010000 10 376
86.010000 0 431
86.010000 1 397
86.010000 2 409
86.010000 3 402
86.010000 4 426
86.010000 5 457
86.010000 6 409
86.010000 7 448
86.010000 8 431
86.010000 9 455
86.010000 10 367
87.010000 0 470
87.010000 1 437
87.010000 2 457
87.010000 3 448
87.010000 4 449
87.010000 5 495
87.010000 6 457
87.010000 7 481
87.010000 8 470
87.010000 9 497
87.010000 10 418
88.010000 0 499
88.010000 1 457
88.010000 2 476
88.010000 3 463
88.010000 4 474
88.010000 5 522
88.010000 6 476
88.010000 7 509
88.010000 8 499
88.010000 9 522
88.010000 10 430
89.010000 0 451
89.010000 1 415
89.010000 2 419
89.010000 3 417
89.010000 4 427
89.010000 5 468
89.010000 6 419
89.010000 7 457
89.010000 8 451
89.010000 9 467
89.010000 10 383
90.010000 0 453
90.010000 1 409
90.010000 2 430
90.010000 3 419
90.010000 4 426
90.010000 5 473
90.010000 6 430
90.010000 7 468
90.010000 8 453
90.010000 9 471
90.010000 10 387
91.010000 0 467
91.010000 1 438
91.010000 2 438
91.010000 3 434
91.010000 4 448
91.010000 5 488
91.010000 6 438
91.010000 7 471
91.010000 8 467
91.010000 9 488
91.010000 10 400
92.010000 0 475
92.010000 1 434
92.010000 2 455
92.010000 3 444
92.010000 4 450
92.010000 5 498
92.010000 6 455
92.010000 7 484
92.010000 8 475
92.010000 9 498
92.010000 10 414
93.010000 0 479
93.010000 1 443
93.010000 2 460
93.010000 3 450
93.010000 4 459
93.010000 5 503
93.010000 6 460
93.010000 7 492
93.010000 8 479
93.010000 9 504
93.010000 10 410
94.010000 0 464
94.010000 1 420
94.010000 2 439
94.010000 3 425
94.010000 4 438
94.010000 5 495
94.010000 6 439
94.010000 7 471
94.010000 8 464
94.010000 9 486
94.010000 10 402
95.010000 0 485
95.010000 1 457
95.010000 2 458
95.010000 3 446
95.010000 4 464
95.010000 5 493
95.010000 6 458
95.010000 7 495
95.010000 8 485
95.010000 9 505
95.010000 10 413
96.010000 0 475
96.010000 1 426
96.010000 2 451
96.010000 3 439
96.010000 4 438
96.010000 5 501
96.010000 6 451
96.010000 7 477
96.010000 8 475
96.010000 9 492
96.010000 10 405
97.010000 0 480
97.010000 1 447
97.010000 2 465
97.010000 3 446
97.010000 4 468
97.010000 5 508
97.010000 6 465
97.010000 7 500
97.010000 8 480
97.010000 9 507
97.010000 10 411
98.010000 0 421
98.010000 1 378
98.010000 2 388
98.010000 3 381
98.010000 4 405
98.010000 5 433
98.010000 6 388
98.010000 7 430
98.010000 8 421
98.010000 9 433
98.010000 10 347
99.010000 0 459
99.010000 1 420
99.010000 2 433
99.010000 3 422
99.010000 4 433
99.010000 5 477
99.010000 6 433
99.010000 7 466
99.010000 8 459
99.010000 9 475
99.010000 10 391
100.010000 0 509
100.010000 1 472
100.010000 2 481
100.010000 3 474
100.010000 4 488
100.010000 5 523
100.010000 6 481
100.010000 7 518
100.010000 8 509
100.010000 9 529
100.010000 10 438
101.010000 0 499
101.010000 1 456
101.010000 2 468
101.010000 3 456
101.010000 4 470
101.010000 5 519
101.010000 6 468
101.010000 7 506
101.010000 8 499
101.010000 9 517
101.010000 10 421
102.010000 0 458
102.010000 1 412
102.010000 2 435
102.010000 3 419
102.010000 4 430
102.010000 5 476
102.010000 6 435
102.010000 7 473
102.010000 8 458
102.010000 9 474
102.010000 10 383
103.010000 0 459
103.010000 1 430
103.010000 2 438
103.010000 3 422
103.010000 4 447
103.010000 5 483
103.010000 6 438
103.010000 7 475
103.010000 8 459
103.010000 9 483
103.010000 10 395
104.010000 0 511
104.010000 1 464
104.010000 2 480
104.010000 3 473
104.010000 4 479
104.010000 5 527
104.010000 6 480
104.010000 7 515
104.010000 8 511
104.010000 9 527
104.010000 10 424
105.010000 0 506
105.010000 1 471
105.010000 2 488
105.010000 3 471
105.010000 4 492
105.010000 5 537
105.010000 6 488
105.010000 7 525
105.010000 8 506
105.010000 9 537
105.010000 10 437
106.010000 0 435
106.010000 1 409
106.010000 2 412
106.010000 3 401
106.010000 4 415
106.010000 5 452
106.010000 6 412
106.010000 7 443
106.010000 8 435
106.010000 9 454
106.010000 10 371
107.010000 0 514
107.010000 1 482
107.010000 2 499
107.010000 3 485
107.010000 4 498
107.010000 5 546
107.010000 6 499
107.010000 7 533
107.010000 8 514
107.010000 9 547
107.010000 10 448
108.010000 0 473
108.010000 1 435
108.010000 2 447
108.010000 3 436
108.010000 4 454
108.010000 5 490
108.010000 6 447
108.010000 7 484
108.010000 8 473
108.010000 9 481
108.010000 10 404
109.010000 0 501
109.010000 1 454
109.010000 2 479
109.010000 3 464
109.010000 4 476
109.010000 5 523
109.010000 6 479
109.010000 7 510
109.010000 8 501
109.010000 9 524
109.010000 10 429
110.010000 0 459
110.010000 1 412
110.010000 2 428
110.010000 3 420
110.010000 4 434
110.010000 5 475
110.010000 6 428
110.010000 7 467
110.010000 8 459
110.010000 9 469
110.010000 10 388
111.010000 0 494
111.010000 1 458
111.010000 2 475
111.010000 3 467
111.010000 4 474
111.010000 5 519
111.010000 6 475
111.010000 7 505
111.010000 8 494
111.010000 9 520
111.010000 10 432
112.010000 0 474
112.010000 1 446
112.010000 2 449
112.010000 3 428
112.010000 4 450
112.010000 5 495
112.010000 6 449
112.010000 7 483
112.010000 8 474
112.010000 9 496
112.010000 10 407
113.010000 0 491
113.010000 1 454
113.010000 2 465
113.010000 3 463
113.010000 4 471
113.010000 5 511
113.010000 6 465
113.010000 7 496
113.010000 8 491
113.010000 9 510
113.010000 10 411
114.010000 0 468
114.010000 1 412
114.010000 2 436
114.010000 3 422
114.010000 4 432
114.010000 5 481
114.010000 6 436
114.010000 7 476
114.010000 8 468
114.010000 9 477
114.010000 10 396
115.010000 0 447
115.010000 1 423
115.010000 2 438
115.010000 3 411
115.010000 4 432
115.010000 5 474
115.010000 6 438
115.010000 7 462
115.010000 8 447
115.010000 9 476
115.010000 10 381
116.010000 0 537
116.010000 1 496
116.010000 2 516
116.010000 3 507
116.010000 4 502
116.010000 5 560
116.010000 6 516
116.010000 7 550
116.010000 8 537
116.010000 9 549
116.010000 10 463
117.010000 0 401
117.010000 1 364
117.010000 2 382
117.010000 3 370
117.010000 4 391
117.010000 5 439
117.010000 6 382
117.010000 7 403
117.010000 8 401
117.010000 9 439
117.010000 10 355
118.010000 0 483
118.010000 1 448
118.010000 2 458
118.010000 3 449
118.010000 4 461
118.010000 5 500
118.010000 6 458
118.010000 7 494
118.010000 8 483
118.010000 9 502
118.010000 10 405
119.010000 0 470
119.010000 1 428
119.010000 2 453
119.010000 3 438
119.010000 4 452
119.010000 5 492
119.010000 6 453
119.010000 7 484
119.010000 8 470
119.010000 9 481
119.010000 10 406
120.010000 0 439
120.010000 1 403
120.010000 2 406
120.010000 3 391
120.010000 4 408
120.010000 5 451
120.010000 6 406
120.010000 7 437
120.010000 8 439
120.010000 9 462
120.010000 10 363
121.010000 0 483
121.010000 1 442
121.010000 2 451
121.010000 3 450
121.010000 4 460
121.010000 5 502
121.010000 6 451
121.010000 7 492
121.010000 8 483
121.010000 9 502
121.010000 10 418
122.010000 0 495
122.010000 1 453
122.010000 2 467
122.010000 3 453
122.010000 4 475
122.010000 5 516
122.010000 6 467
122.010000 7 507
122.010000 8 495
122.010000 9 517
122.010000 10 421
123.010000 0 483
123.010000 1 444
123.010000 2 459
123.010000 3 448
123.010000 4 457
123.010000 5 504
123.010000 6 459
123.010000 7 489
123.010000 8 483
123.010000 9 504
123.010000 10 412
124.010000 0 472
124.010000 1 440
124.010000 2 460
124.010000 3 457
124.010000 4 459
124.010000 5 500
124.010000 6 460
124.010000 7 491
124.010000 8 472
124.010000 9 492
124.010000 10 421
125.010000 0 479
125.010000 1 433
125.010000 2 449
125.010000 3 426
125.010000 4 449
125.010000 5 499
125.010000 6 449
125.010000 7 483
125.010000 8 479
125.010000 9 509
125.010000 10 409
126.010000 0 515
126.010000 1 475
126.010000 2 487
126.010000 3 480
126.010000 4 494
126.010000 5 531
126.010000 6 487
126.010000 7 527
126.010000 8 515
126.010000 9 532
126.010000 10 431
127.010000 0 446
127.010000 1 403
127.010000 2 428
127.010000 3 413
127.010000 4 418
127.010000 5 474
127.010000 6 428
127.010000 7 451
127.010000 8 446
127.010000 9 471
127.010000 10 400
128.010000 0 432
128.010000 1 403
128.010000 2 413
128.010000 3 400
128.010000 4 415
128.010000 5 453
128.010000 6 413
128.010000 7 441
128.010000 8 432
128.010000 9 451
128.010000 10 368
129.010000 0 486
129.010000 1 448
129.010000 2 457
129.010000 3 441
129.010000 4 465
129.010000 5 505
129.010000 6 457
129.010000 7 496
129.010000 8 486
129.010000 9 506
129.010000 10 412
130.010000 0 477
130.010000 1 435
130.010000 2 451
130.010000 3 443
130.010000 4 447
130.010000 5 497
130.010000 6 451
130.010000 7 479
130.010000 8 477
130.010000 9 496
130.010000 10 411
131.010000 0 485
131.010000 1 441
131.010000 2 462
131.010000 3 446
131.010000 4 461
131.010000 5 507
131.010000 6 462
131.010000 7 500
131.010000 8 485
131.010000 9 507
131.010000 10 415
132.010000 0 479
132.010000 1 436
132.010000 2 454
132.010000 3 448
132.010000 4 452
132.010000 5 501
132.010000 6 454
132.010000 7 483
132.010000 8 479
132.010000 9 500
132.010000 10 415
133.010000 0 490
133.010000 1 452
133.010000 2 474
133.010000 3 460
133.010000 4 466
133.010000 5 515
133.010000 6 474
133.010000 7 499
133.010000 8 490
133.010000 9 517
133.010000 10 431
134.010000 0 424
134.010000 1 395
134.010000 2 399
134.010000 3 390
134.010000 4 425
134.010000 5 447
134.010000 6 399
134.010000 7 441
134.010000 8 424
134.010000 9 447
134.010000 10 360
135.010000 0 511
135.010000 1 468
135.010000 2 475
135.010000 3 476
135.010000 4 481
135.010000 5 520
135.010000 6 475
135.010000 7 519
135.010000 8 511
135.010000 9 527
135.010000 10 439
136.010000 0 424
136.010000 1 388
136.010000 2 402
136.010000 3 391
136.010000 4 399
136.010000 5 449
136.010000 6 402
136.010000 7 427
136.010000 8 424
136.010000 9 443
136.010000 10 357
137.010000 0 475
137.010000 1 437
137.010000 2 447
137.010000 3 434
137.010000 4 458
137.010000 5 500
137.010000 6 447
137.010000 7 490
137.010000 8 475
137.010000 9 503
137.010000 10 408
138.010000 0 453
138.010000 1 413
138.010000 2 430
138.010000 3 413
138.010000 4 433
138.010000 5 471
138.010000 6 430
138.010000 7 468
138.010000 8 453
138.010000 9 475
138.010000 10 380
139.010000 0 485
139.010000 1 448
139.010000 2 457
139.010000 3 451
139.010000 4 465
139.010000 5 506
139.010000 6 457
139.010000 7 490
139.010000 8 485
139.010000 9 501
139.010000 10 421
140.010000 0 473
140.010000 1 437
140.010000 2 458
140.010000 3 436
140.010000 4 448
140.010000 5 494
140.010000 6 458
140.010000 7 483
140.010000 8 473
140.010000 9 491
140.010000 10 408
141.010000 0 484
141.010000 1 457
141.010000 2 464
141.010000 3 450
141.010000 4 453
141.010000 5 506
141.010000 6 464
141.010000 7 494
141.010000 8 484
141.010000 9 508
141.010000 10 416
142.010000 0 451
142.010000 1 408
142.010000 2 427
142.010000 3 421
142.010000 4 443
142.010000 5 474
142.010000 6 427
142.010000 7 466
142.010000 8 451
142.010000 9 473
142.010000 10 389
143.010000 0 479
143.010000 1 442
143.010000 2 454
143.010000 3 445
143.010000 4 445
143.010000 5 496
143.010000 6 454
143.010000 7 485
143.010000 8 479
143.010000 9 494
143.010000 10 412
144.010000 0 450
144.010000 1 411
144.010000 2 428
144.010000 3 415
144.010000 4 439
144.010000 5 477
144.010000 6 428
144.010000 7 461
144.010000 8 450
144.010000 9 486
144.010000 10 385
145.010000 0 499
145.010000 1 455
145.010000 2 472
145.010000 3 459
145.010000 4 461
145.010000 5 529
145.010000 6 472
145.010000 7 507
145.010000 8 499
145.010000 9 520
145.010000 10 426
146.010000 0 459
146.010000 1 422
146.010000 2 436
146.010000 3 425
146.010000 4 438
146.010000 5 478
146.010000 6 436
146.010000 7 468
146.010000 8 459
146.010000 9 479
146.010000 10 395
147.010000 0 471
147.010000 1 426
147.010000 2 447
147.010000 3 433
147.010000 4 444
147.010000 5 494
147.010000 6 447
147.010000 7 478
147.010000 8 471
147.010000 9 498
147.010000 10 397
148.010000 0 495
148.010000 1 456
148.010000 2 472
148.010000 3 460
148.010000 4 470
148.010000 5 519
148.010000 6 472
148.010000 7 505
148.010000 8 495
148.010000 9 520
148.010000 10 431
149.010000 0 467
149.010000 1 432
149.010000 2 445
149.010000 3 440
149.010000 4 445
149.010000 5 490
149.010000 6 445
149.010000 7 478
149.010000 8 467
149.010000 9 488
149.010000 10 403
