0.010000 0 18
0.010000 1 16
0.010000 2 17
0.010000 3 19
0.010000 4 12
0.010000 5 19
0.010000 6 17
0.010000 7 14
0.010000 8 18
0.010000 9 18
1.010000 0 128
1.010000 1 144
1.010000 2 132
1.010000 3 138
1.010000 4 141
1.010000 5 139
1.010000 6 132
1.010000 7 152
1.010000 8 128
1.010000 9 146
2.010000 0 136
2.010000 1 131
2.010000 2 129
2.010000 3 146
2.010000 4 141
2.010000 5 139
2.010000 6 129
2.010000 7 146
2.010000 8 136
2.010000 9 131
3.010000 0 104
3.010000 1 117
3.010000 2 103
3.010000 3 110
3.010000 4 104
3.010000 5 99
3.010000 6 103
3.010000 7 110
3.010000 8 104
3.010000 9 114
4.010000 0 120
4.010000 1 121
4.010000 2 116
4.010000 3 125
4.010000 4 117
4.010000 5 121
4.010000 6 116
4.010000 7 125
4.010000 8 120
4.010000 9 121
5.010000 0 118
5.010000 1 115
5.010000 2 109
5.010000 3 120
5.010000 4 110
5.010000 5 113
5.010000 6 109
5.010000 7 118
5.010000 8 118
5.010000 9 114
6.010000 0 120
6.010000 1 121
6.010000 2 116
6.010000 3 125
6.010000 4 117
6.010000 5 121
6.010000 6 116
6.010000 7 125
6.010000 8 120
6.010000 9 121
7.010000 0 107
7.010000 1 104
7.010000 2 101
7.010000 3 115
7.010000 4 102
7.010000 5 106
7.010000 6 101
7.010000 7 109
7.010000 8 107
7.010000 9 103
8.010000 0 142
8.010000 1 148
8.010000 2 138
8.010000 3 145
8.010000 4 140
8.010000 5 148
8.010000 6 138
8.010000 7 146
8.010000 8 142
8.010000 9 148
9.010000 0 95
9.010000 1 99
9.010000 2 97
9.010000 3 103
9.010000 4 108
9.010000 5 102
9.010000 6 97
9.010000 7 113
9.010000 8 95
9.010000 9 102
10.010000 0 135
10.010000 1 129
10.010000 2 131
10.010000 3 142
10.010000 4 132
10.010000 5 138
10.010000 6 131
10.010000 7 142
10.010000 8 135
10.010000 9 136
11.010000 0 109
11.010000 1 104
11.010000 2 98
11.010000 3 116
11.010000 4 100
11.010000 5 103
11.010000 6 98
11.010000 7 107
11.010000 8 109
11.010000 9 103
12.010000 0 126
12.010000 1 130
12.010000 2 126
12.010000 3 134
12.010000 4 127
12.010000 5 132
12.010000 6 126
12.010000 7 136
12.010000 8 126
12.010000 9 132
13.010000 0 120
13.010000 1 121
13.010000 2 116
13.010000 3 125
13.010000 4 117
13.010000 5 121
13.010000 6 116
13.010000 7 125
13.010000 8 120
13.010000 9 121
14.010000 0 124
14.010000 1 125
14.010000 2 119
14.010000 3 129
14.010000 4 120
14.010000 5 124
14.010000 6 119
14.010000 7 128
14.010000 8 124
14.010000 9 125
15.010000 0 132
15.010000 1 128
15.010000 2 116
15.010000 3 134
15.010000 4 125
15.010000 5 127
15.010000 6 116
15.010000 7 133
15.010000 8 132
15.010000 9 127
16.010000 0 354
16.010000 1 396
16.010000 2 308
16.010000 3 319
16.010000 4 385
16.010000 5 396
16.010000 6 308
16.010000 7 358
16.010000 8 354
16.010000 9 396
17.010000 0 288
17.010000 1 334
17.010000 2 253
17.010000 3 265
17.010000 4 343
17.010000 5 336
17.010000 6 253
17.010000 7 302
17.010000 8 288
17.010000 9 336
18.010000 0 326
18.010000 1 366
18.010000 2 280
18.010000 3 291
18.010000 4 363
18.010000 5 366
18.010000 6 280
18.010000 7 329
18.010000 8 326
18.010000 9 367
19.010000 0 320
19.010000 1 357
19.010000 2 270
19.010000 3 279
19.010000 4 353
19.010000 5 359
19.010000 6 270
19.010000 7 323
19.010000 8 320
19.010000 9 357
20.010000 0 291
20.010000 1 325
20.010000 2 247
20.010000 3 255
20.010000 4 319
20.010000 5 327
20.010000 6 247
20.010000 7 291
20.010000 8 291
20.010000 9 325
21.010000 0 310
21.010000 1 349
21.010000 2 268
21.010000 3 277
21.010000 4 345
21.010000 5 349
21.010000 6 268
21.010000 7 315
21.010000 8 310
21.010000 9 349
22.010000 0 326
22.010000 1 369
22.010000 2 288
22.010000 3 295
22.010000 4 365
22.010000 5 375
22.010000 6 288
22.010000 7 334
22.010000 8 326
22.010000 9 364
23.010000 0 301
23.010000 1 339
23.010000 2 249
23.010000 3 257
23.010000 4 337
23.010000 5 341
23.010000 6 249
23.010000 7 308
23.010000 8 301
23.010000 9 346
24.010000 0 333
24.010000 1 380
24.010000 2 291
24.010000 3 304
24.010000 4 373
24.010000 5 382
24.010000 6 291
24.010000 7 337
24.010000 8 333
24.010000 9 379
25.010000 0 353
25.010000 1 394
25.010000 2 301
25.010000 3 313
25.010000 4 388
25.010000 5 394
25.010000 6 301
25.010000 7 361
25.010000 8 353
25.010000 9 387
26.010000 0 290
26.010000 1 326
26.010000 2 257
26.010000 3 259
26.010000 4 310
26.010000 5 327
26.010000 6 257
26.010000 7 291
26.010000 8 290
26.010000 9 334
27.010000 0 315
27.010000 1 360
27.010000 2 274
27.010000 3 282
27.010000 4 353
27.010000 5 360
27.010000 6 274
27.010000 7 322
27.010000 8 315
27.010000 9 359
28.010000 0 276
28.010000 1 313
28.010000 2 243
28.010000 3 243
28.010000 4 309
28.010000 5 313
28.010000 6 243
28.010000 7 286
28.010000 8 276
28.010000 9 313
29.010000 0 370
29.010000 1 415
29.010000 2 313
29.010000 3 329
29.010000 4 414
29.010000 5 414
29.010000 6 313
29.010000 7 375
29.010000 8 370
29.010000 9 415
30.010000 0 292
30.010000 1 334
30.010000 2 248
30.010000 3 252
30.010000 4 337
30.010000 5 336
30.010000 6 248
30.010000 7 296
30.010000 8 292
30.010000 9 334
31.010000 0 361
31.010000 1 401
31.010000 2 317
31.010000 3 329
31.010000 4 388
31.010000 5 399
31.010000 6 317
31.010000 7 365
31.010000 8 361
31.010000 9 394
32.010000 0 306
32.010000 1 352
32.010000 2 262
32.010000 3 269
32.010000 4 344
32.010000 5 350
32.010000 6 262
32.010000 7 301
32.010000 8 306
32.010000 9 357
33.010000 0 308
33.010000 1 345
33.010000 2 264
33.010000 3 269
33.010000 4 341
33.010000 5 344
33.010000 6 264
33.010000 7 311
33.010000 8 308
33.010000 9 345
34.010000 0 327
34.010000 1 365
34.010000 2 284
34.010000 3 301
34.010000 4 361
34.010000 5 365
34.010000 6 284
34.010000 7 335
34.010000 8 327
34.010000 9 364
35.010000 0 320
35.010000 1 356
35.010000 2 270
35.010000 3 280
35.010000 4 353
35.010000 5 359
35.010000 6 270
35.010000 7 323
35.010000 8 320
35.010000 9 357
36.010000 0 303
36.010000 1 348
36.010000 2 259
36.010000 3 274
36.010000 4 356
36.010000 5 349
36.010000 6 259
36.010000 7 311
36.010000 8 303
36.010000 9 348
37.010000 0 356
37.010000 1 397
37.010000 2 310
37.010000 3 320
37.010000 4 385
37.010000 5 398
37.010000 6 310
37.010000 7 361
37.010000 8 356
37.010000 9 399
38.010000 0 256
38.010000 1 301
38.010000 2 217
38.010000 3 222
38.010000 4 297
38.010000 5 290
38.010000 6 217
38.010000 7 260
38.010000 8 256
38.010000 9 292
39.010000 0 341
39.010000 1 376
39.010000 2 295
39.010000 3 309
39.010000 4 378
39.010000 5 385
39.010000 6 295
39.010000 7 347
39.010000 8 341
39.010000 9 383
40.010000 0 339
40.010000 1 386
40.010000 2 292
40.010000 3 300
40.010000 4 385
40.010000 5 397
40.010000 6 292
40.010000 7 346
40.010000 8 339
40.010000 9 390
41.010000 0 278
41.010000 1 319
41.010000 2 249
41.010000 3 247
41.010000 4 315
41.010000 5 319
41.010000 6 249
41.010000 7 292
41.010000 8 278
41.010000 9 319
42.010000 0 329
42.010000 1 367
42.010000 2 281
42.010000 3 285
42.010000 4 362
42.010000 5 370
42.010000 6 281
42.010000 7 334
42.010000 8 329
42.010000 9 367
43.010000 0 298
43.010000 1 345
43.010000 2 258
43.010000 3 263
43.010000 4 335
43.010000 5 337
43.010000 6 258
43.010000 7 303
43.010000 8 298
43.010000 9 339
44.010000 0 366
44.010000 1 407
44.010000 2 316
44.010000 3 331
44.010000 4 400
44.010000 5 398
44.010000 6 316
44.010000 7 372
44.010000 8 366
44.010000 9 399
45.010000 0 312
45.010000 1 352
45.010000 2 270
45.010000 3 280
45.010000 4 348
45.010000 5 352
45.010000 6 270
45.010000 7 318
45.010000 8 312
45.010000 9 351
46.010000 0 305
46.010000 1 350
46.010000 2 264
46.010000 3 271
46.010000 4 346
46.010000 5 350
46.010000 6 264
46.010000 7 312
46.010000 8 305
46.010000 9 357
47.010000 0 300
47.010000 1 336
47.010000 2 258
47.010000 3 269
47.010000 4 332
47.010000 5 336
47.010000 6 258
47.010000 7 304
47.010000 8 300
47.010000 9 336
48.010000 0 316
48.010000 1 355
48.010000 2 277
48.010000 3 283
48.010000 4 349
48.010000 5 355
48.010000 6 277
48.010000 7 321
48.010000 8 316
48.010000 9 348
49.010000 0 343
49.010000 1 389
49.010000 2 290
49.010000 3 304
49.010000 4 381
49.010000 5 387
49.010000 6 290
49.010000 7 347
49.010000 8 343
49.010000 9 387
50.010000 0 306
50.010000 1 342
50.010000 2 261
50.010000 3 266
50.010000 4 342
50.010000 5 355
50.010000 6 261
50.010000 7 309
50.010000 8 306
50.010000 9 346
51.010000 0 299
51.010000 1 340
51.010000 2 264
51.010000 3 265
51.010000 4 334
51.010000 5 340
51.010000 6 264
51.010000 7 303
51.010000 8 299
51.010000 9 340
52.010000 0 322
52.010000 1 362
52.010000 2 277
52.010000 3 287
52.010000 4 359
52.010000 5 363
52.010000 6 277
52.010000 7 327
52.010000 8 322
52.010000 9 363
53.010000 0 306
53.010000 1 350
53.010000 2 272
53.010000 3 272
53.010000 4 342
53.010000 5 349
53.010000 6 272
53.010000 7 314
53.010000 8 306
53.010000 9 350
54.010000 0 317
54.010000 1 358
54.010000 2 273
54.010000 3 286
54.010000 4 354
54.010000 5 357
54.010000 6 273
54.010000 7 322
54.010000 8 317
54.010000 9 358
55.010000 0 332
55.010000 1 375
55.010000 2 286
55.010000 3 294
55.010000 4 371
55.010000 5 375
55.010000 6 286
55.010000 7 337
55.010000 8 332
55.010000 9 374
56.010000 0 332
56.010000 1 375
56.010000 2 287
56.010000 3 296
56.010000 4 372
56.010000 5 375
56.010000 6 287
56.010000 7 338
56.010000 8 332
56.010000 9 376
57.010000 0 349
57.010000 1 389
57.010000 2 301
57.010000 3 312
57.010000 4 386
57.010000 5 390
57.010000 6 301
57.010000 7 354
57.010000 8 349
57.010000 9 382
58.010000 0 329
58.010000 1 371
58.010000 2 287
58.010000 3 293
58.010000 4 358
58.010000 5 370
58.010000 6 287
58.010000 7 333
58.010000 8 329
58.010000 9 375
59.010000 0 330
59.010000 1 380
59.010000 2 281
59.010000 3 292
59.010000 4 384
59.010000 5 380
59.010000 6 281
59.010000 7 338
59.010000 8 330
59.010000 9 380
60.010000 0 348
60.010000 1 399
60.010000 2 311
60.010000 3 323
60.010000 4 394
60.010000 5 396
60.010000 6 311
60.010000 7 363
60.010000 8 348
60.010000 9 392
61.010000 0 292
61.010000 1 334
61.010000 2 250
61.010000 3 258
61.010000 4 327
61.010000 5 328
61.010000 6 250
61.010000 7 298
61.010000 8 292
61.010000 9 328
62.010000 0 334
62.010000 1 373
62.010000 2 293
62.010000 3 302
62.010000 4 361
62.010000 5 375
62.010000 6 293
62.010000 7 341
62.010000 8 334
62.010000 9 379
63.010000 0 296
63.010000 1 333
63.010000 2 254
63.010000 3 260
63.010000 4 327
63.010000 5 334
63.010000 6 254
63.010000 7 299
63.010000 8 296
63.010000 9 333
64.010000 0 332
64.010000 1 372
64.010000 2 284
64.010000 3 297
64.010000 4 370
64.010000 5 373
64.010000 6 284
64.010000 7 338
64.010000 8 332
64.010000 9 371
65.010000 0 308
65.010000 1 351
65.010000 2 272
65.010000 3 273
65.010000 4 346
65.010000 5 352
65.010000 6 272
65.010000 7 315
65.010000 8 308
65.010000 9 352
66.010000 0 302
66.010000 1 345
66.010000 2 268
66.010000 3 270
66.010000 4 338
66.010000 5 345
66.010000 6 268
66.010000 7 308
66.010000 8 302
66.010000 9 344
67.010000 0 308
67.010000 1 357
67.010000 2 260
67.010000 3 278
67.010000 4 363
67.010000 5 356
67.010000 6 260
67.010000 7 319
67.010000 8 308
67.010000 9 363
68.010000 0 306
68.010000 1 338
68.010000 2 272
68.010000 3 276
68.010000 4 338
68.010000 5 347
68.010000 6 272
68.010000 7 312
68.010000 8 306
68.010000 9 345
69.010000 0 356
69.010000 1 397
69.010000 2 307
69.010000 3 317
69.010000 4 384
69.010000 5 396
69.010000 6 307
69.010000 7 359
69.010000 8 356
69.010000 9 396
70.010000 0 287
70.010000 1 334
70.010000 2 252
70.010000 3 256
70.010000 4 336
70.010000 5 334
70.010000 6 252
70.010000 7 296
70.010000 8 287
70.010000 9 334
71.010000 0 338
71.010000 1 380
71.010000 2 296
71.010000 3 300
71.010000 4 365
71.010000 5 380
71.010000 6 296
71.010000 7 340
71.010000 8 338
71.010000 9 380
72.010000 0 328
72.010000 1 371
72.010000 2 284
72.010000 3 290
72.010000 4 367
72.010000 5 371
72.010000 6 284
72.010000 7 334
72.010000 8 328
72.010000 9 371
73.010000 0 276
73.010000 1 309
73.010000 2 242
73.010000 3 251
73.010000 4 305
73.010000 5 309
73.010000 6 242
73.010000 7 281
73.010000 8 276
73.010000 9 309
74.010000 0 311
74.010000 1 349
74.010000 2 267
74.010000 3 274
74.010000 4 348
74.010000 5 349
74.010000 6 267
74.010000 7 321
74.010000 8 311
74.010000 9 350
75.010000 0 348
75.010000 1 393
75.010000 2 300
75.010000 3 312
75.010000 4 387
75.010000 5 394
75.010000 6 300
75.010000 7 349
75.010000 8 348
75.010000 9 394
76.010000 0 324
76.010000 1 365
76.010000 2 281
76.010000 3 289
76.010000 4 362
76.010000 5 365
76.010000 6 281
76.010000 7 329
76.010000 8 324
76.010000 9 366
77.010000 0 289
77.010000 1 324
77.010000 2 249
77.010000 3 256
77.010000 4 322
77.010000 5 324
77.010000 6 249
77.010000 7 299
77.010000 8 289
77.010000 9 324
78.010000 0 269
78.010000 1 304
78.010000 2 241
78.010000 3 243
78.010000 4 299
78.010000 5 305
78.010000 6 241
78.010000 7 274
78.010000 8 269
78.010000 9 305
79.010000 0 346
79.010000 1 394
79.010000 2 299
79.010000 3 306
79.010000 4 390
79.010000 5 394
79.010000 6 299
79.010000 7 354
79.010000 8 346
79.010000 9 394
80.010000 0 335
80.010000 1 375
80.010000 2 282
80.010000 3 300
80.010000 4 371
80.010000 5 374
80.010000 6 282
80.010000 7 338
80.010000 8 335
80.010000 9 376
81.010000 0 342
81.010000 1 386
81.010000 2 294
81.010000 3 303
81.010000 4 383
81.010000 5 386
81.010000 6 294
81.010000 7 347
81.010000 8 342
81.010000 9 387
82.010000 0 327
82.010000 1 374
82.010000 2 285
82.010000 3 288
82.010000 4 368
82.010000 5 374
82.010000 6 285
82.010000 7 333
82.010000 8 327
82.010000 9 374
83.010000 0 330
83.010000 1 377
83.010000 2 287
83.010000 3 291
83.010000 4 371
83.010000 5 377
83.010000 6 287
83.010000 7 334
83.010000 8 330
83.010000 9 377
84.010000 0 309
84.010000 1 348
84.010000 2 265
84.010000 3 271
84.010000 4 346
84.010000 5 356
84.010000 6 265
84.010000 7 311
84.010000 8 309
84.010000 9 349
85.010000 0 290
85.010000 1 325
85.010000 2 252
85.010000 3 261
85.010000 4 321
85.010000 5 325
85.010000 6 252
85.010000 7 295
85.010000 8 290
85.010000 9 325
86.010000 0 293
86.010000 1 334
86.010000 2 260
86.010000 3 260
86.010000 4 328
86.010000 5 334
86.010000 6 260
86.010000 7 300
86.010000 8 293
86.010000 9 334
87.010000 0 363
87.010000 1 404
87.010000 2 317
87.010000 3 329
87.010000 4 390
87.010000 5 395
87.010000 6 317
87.010000 7 367
87.010000 8 363
87.010000 9 403
88.010000 0 303
88.010000 1 347
88.010000 2 267
88.010000 3 272
88.010000 4 345
88.010000 5 354
88.010000 6 267
88.010000 7 311
88.010000 8 303
88.010000 9 349
89.010000 0 328
89.010000 1 365
89.010000 2 275
89.010000 3 287
89.010000 4 360
89.010000 5 367
89.010000 6 275
89.010000 7 329
89.010000 8 328
89.010000 9 363
90.010000 0 347
90.010000 1 393
90.010000 2 300
90.010000 3 313
90.010000 4 387
90.010000 5 384
90.010000 6 300
90.010000 7 355
90.010000 8 347
90.010000 9 391
91.010000 0 296
91.010000 1 345
91.010000 2 253
91.010000 3 256
91.010000 4 336
91.010000 5 345
91.010000 6 253
91.010000 7 300
91.010000 8 296
91.010000 9 340
92.010000 0 300
92.010000 1 342
92.010000 2 264
92.010000 3 268
92.010000 4 335
92.010000 5 342
92.010000 6 264
92.010000 7 306
92.010000 8 300
92.010000 9 342
93.010000 0 302
93.010000 1 343
93.010000 2 263
93.010000 3 269
93.010000 4 337
93.010000 5 343
93.010000 6 263
93.010000 7 306
93.010000 8 302
93.010000 9 343
94.010000 0 314
94.010000 1 354
94.010000 2 271
94.010000 3 282
94.010000 4 349
94.010000 5 354
94.010000 6 271
94.010000 7 319
94.010000 8 314
94.010000 9 354
95.010000 0 329
95.010000 1 372
95.010000 2 285
95.010000 3 290
95.010000 4 362
95.010000 5 365
95.010000 6 285
95.010000 7 336
95.010000 8 329
95.010000 9 370
96.010000 0 318
96.010000 1 356
96.010000 2 271
96.010000 3 285
96.010000 4 353
96.010000 5 357
96.010000 6 271
96.010000 7 321
96.010000 8 318
96.010000 9 357
97.010000 0 323
97.010000 1 364
97.010000 2 276
97.010000 3 288
97.010000 4 360
97.010000 5 364
97.010000 6 276
97.010000 7 328
97.010000 8 323
97.010000 9 364
98.010000 0 307
98.010000 1 347
98.010000 2 261
98.010000 3 273
98.010000 4 347
98.010000 5 356
98.010000 6 261
98.010000 7 308
98.010000 8 307
98.010000 9 349
99.010000 0 309
99.010000 1 363
99.010000 2 271
99.010000 3 278
99.010000 4 352
99.010000 5 352
99.010000 6 271
99.010000 7 316
99.010000 8 309
99.010000 9 356
100.010000 0 347
100.010000 1 387
100.010000 2 304
100.010000 3 309
100.010000 4 387
100.010000 5 396
100.010000 6 304
100.010000 7 353
100.010000 8 347
100.010000 9 394
101.010000 0 305
101.010000 1 343
101.010000 2 268
101.010000 3 273
101.010000 4 340
101.010000 5 343
101.010000 6 268
101.010000 7 312
101.010000 8 305
101.010000 9 343
102.010000 0 314
102.010000 1 355
102.010000 2 273
102.010000 3 280
102.010000 4 351
102.010000 5 355
102.010000 6 273
102.010000 7 321
102.010000 8 314
102.010000 9 355
103.010000 0 312
103.010000 1 351
103.010000 2 263
103.010000 3 273
103.010000 4 348
103.010000 5 352
103.010000 6 263
103.010000 7 314
103.010000 8 312
103.010000 9 356
104.010000 0 301
104.010000 1 338
104.010000 2 265
104.010000 3 270
104.010000 4 332
104.010000 5 340
104.010000 6 265
104.010000 7 306
104.010000 8 301
104.010000 9 333
105.010000 0 322
105.010000 1 362
105.010000 2 278
105.010000 3 287
105.010000 4 359
105.010000 5 362
105.010000 6 278
105.010000 7 327
105.010000 8 322
105.010000 9 363
106.010000 0 321
106.010000 1 363
106.010000 2 278
106.010000 3 287
106.010000 4 358
106.010000 5 363
106.010000 6 278
106.010000 7 327
106.010000 8 321
106.010000 9 363
107.010000 0 332
107.010000 1 374
107.010000 2 288
107.010000 3 292
107.010000 4 369
107.010000 5 375
107.010000 6 288
107.010000 7 340
107.010000 8 332
107.010000 9 374
108.010000 0 325
108.010000 1 369
108.010000 2 286
108.010000 3 293
108.010000 4 367
108.010000 5 371
108.010000 6 286
108.010000 7 334
108.010000 8 325
108.010000 9 371
109.010000 0 331
109.010000 1 371
109.010000 2 281
109.010000 3 292
109.010000 4 363
109.010000 5 370
109.010000 6 281
109.010000 7 332
109.010000 8 331
109.010000 9 369
110.010000 0 315
110.010000 1 360
110.010000 2 283
110.010000 3 283
110.010000 4 356
110.010000 5 363
110.010000 6 283
110.010000 7 324
110.010000 8 315
110.010000 9 362
111.010000 0 346
111.010000 1 388
111.010000 2 306
111.010000 3 316
111.010000 4 375
111.010000 5 385
111.010000 6 306
111.010000 7 353
111.010000 8 346
111.010000 9 387
112.010000 0 313
112.010000 1 351
112.010000 2 269
112.010000 3 272
112.010000 4 346
112.010000 5 355
112.010000 6 269
112.010000 7 317
112.010000 8 313
112.010000 9 353
113.010000 0 331
113.010000 1 372
113.010000 2 283
113.010000 3 294
113.010000 4 368
113.010000 5 371
113.010000 6 283
113.010000 7 332
113.010000 8 331
113.010000 9 372
114.010000 0 323
114.010000 1 370
114.010000 2 278
114.010000 3 282
114.010000 4 362
114.010000 5 363
114.010000 6 278
114.010000 7 328
114.010000 8 323
114.010000 9 375
115.010000 0 344
115.010000 1 387
115.010000 2 300
115.010000 3 317
115.010000 4 385
115.010000 5 385
115.010000 6 300
115.010000 7 350
115.010000 8 344
115.010000 9 381
116.010000 0 268
116.010000 1 310
116.010000 2 239
116.010000 3 238
116.010000 4 303
116.010000 5 310
116.010000 6 239
116.010000 7 276
116.010000 8 268
116.010000 9 317
117.010000 0 338
117.010000 1 380
117.010000 2 287
117.010000 3 301
117.010000 4 377
117.010000 5 381
117.010000 6 287
117.010000 7 341
117.010000 8 338
117.010000 9 381
118.010000 0 321
118.010000 1 362
118.010000 2 275
118.010000 3 286
118.010000 4 358
118.010000 5 362
118.010000 6 275
118.010000 7 327
118.010000 8 321
118.010000 9 362
119.010000 0 325
119.010000 1 366
119.010000 2 279
119.010000 3 288
119.010000 4 362
119.010000 5 366
119.010000 6 279
119.010000 7 329
119.010000 8 325
119.010000 9 366
120.010000 0 312
120.010000 1 354
120.010000 2 273
120.010000 3 281
120.010000 4 350
120.010000 5 354
120.010000 6 273
120.010000 7 320
120.010000 8 312
120.010000 9 353
121.010000 0 305
121.010000 1 351
121.010000 2 258
121.010000 3 269
121.010000 4 339
121.010000 5 341
121.010000 6 258
121.010000 7 306
121.010000 8 305
121.010000 9 344
122.010000 0 327
122.010000 1 373
122.010000 2 287
122.010000 3 292
122.010000 4 368
122.010000 5 373
122.010000 6 287
122.010000 7 337
122.010000 8 327
122.010000 9 373
123.010000 0 304
123.010000 1 347
123.010000 2 267
123.010000 3 272
123.010000 4 341
123.010000 5 347
123.010000 6 267
123.010000 7 309
123.010000 8 304
123.010000 9 347
124.010000 0 317
124.010000 1 350
124.010000 2 261
124.010000 3 268
124.010000 4 347
124.010000 5 351
124.010000 6 261
124.010000 7 320
124.010000 8 317
124.010000 9 348
125.010000 0 337
125.010000 1 383
125.010000 2 294
125.010000 3 305
125.010000 4 377
125.010000 5 383
125.010000 6 294
125.010000 7 338
125.010000 8 337
125.010000 9 383
126.010000 0 336
126.010000 1 376
126.010000 2 285
126.010000 3 293
126.010000 4 373
126.010000 5 378
126.010000 6 285
126.010000 7 340
126.010000 8 336
126.010000 9 377
127.010000 0 290
127.010000 1 326
127.010000 2 249
127.010000 3 254
127.010000 4 323
127.010000 5 334
127.010000 6 249
127.010000 7 290
127.010000 8 290
127.010000 9 328
128.010000 0 310
128.010000 1 357
128.010000 2 275
128.010000 3 275
128.010000 4 351
128.010000 5 359
128.010000 6 275
128.010000 7 319
128.010000 8 310
128.010000 9 358
129.010000 0 334
129.010000 1 379
129.010000 2 293
129.010000 3 303
129.010000 4 376
129.010000 5 379
129.010000 6 293
129.010000 7 342
129.010000 8 334
129.010000 9 380
130.010000 0 321
130.010000 1 359
130.010000 2 267
130.010000 3 283
130.010000 4 355
130.010000 5 357
130.010000 6 267
130.010000 7 319
130.010000 8 321
130.010000 9 357
131.010000 0 305
131.010000 1 351
131.010000 2 274
131.010000 3 280
131.010000 4 347
131.010000 5 351
131.010000 6 274
131.010000 7 318
131.010000 8 305
131.010000 9 350
132.010000 0 294
132.010000 1 337
132.010000 2 254
132.010000 3 265
132.010000 4 324
132.010000 5 320
132.010000 6 254
132.010000 7 299
132.010000 8 294
132.010000 9 329
133.010000 0 300
133.010000 1 335
133.010000 2 255
133.010000 3 264
133.010000 4 333
133.010000 5 335
133.010000 6 255
133.010000 7 308
133.010000 8 300
133.010000 9 334
134.010000 0 329
134.010000 1 366
134.010000 2 294
134.010000 3 300
134.010000 4 370
134.010000 5 376
134.010000 6 294
134.010000 7 342
134.010000 8 329
134.010000 9 374
135.010000 0 319
135.010000 1 356
135.010000 2 268
135.010000 3 280
135.010000 4 349
135.010000 5 356
135.010000 6 268
135.010000 7 321
135.010000 8 319
135.010000 9 355
136.010000 0 306
136.010000 1 355
136.010000 2 267
136.010000 3 268
136.010000 4 344
136.010000 5 349
136.010000 6 267
136.010000 7 309
136.010000 8 306
136.010000 9 350
137.010000 0 379
137.010000 1 423
137.010000 2 323
137.010000 3 344
137.010000 4 421
137.010000 5 429
137.010000 6 323
137.010000 7 381
137.010000 8 379
137.010000 9 429
138.010000 0 300
138.010000 1 339
138.010000 2 261
138.010000 3 265
138.010000 4 337
138.010000 5 339
138.010000 6 261
138.010000 7 312
138.010000 8 300
138.010000 9 339
139.010000 0 313
139.010000 1 359
139.010000 2 280
139.010000 3 281
139.010000 4 355
139.010000 5 360
139.010000 6 280
139.010000 7 324
139.010000 8 313
139.010000 9 360
140.010000 0 342
140.010000 1 386
140.010000 2 289
140.010000 3 304
140.010000 4 382
140.010000 5 386
140.010000 6 289
140.010000 7 346
140.010000 8 342
140.010000 9 386
141.010000 0 323
141.010000 1 366
141.010000 2 284
141.010000 3 290
141.010000 4 360
141.010000 5 368
141.010000 6 284
141.010000 7 322
141.010000 8 323
141.010000 9 368
142.010000 0 309
142.010000 1 343
142.010000 2 254
142.010000 3 271
142.010000 4 338
142.010000 5 339
142.010000 6 254
142.010000 7 314
142.010000 8 309
142.010000 9 338
143.010000 0 360
143.010000 1 413
143.010000 2 318
143.010000 3 325
143.010000 4 411
143.010000 5 415
143.010000 6 318
143.010000 7 374
143.010000 8 360
143.010000 9 415
144.010000 0 317
144.010000 1 365
144.010000 2 270
144.010000 3 281
144.010000 4 351
144.010000 5 356
144.010000 6 270
144.010000 7 313
144.010000 8 317
144.010000 9 358
145.010000 0 330
145.010000 1 369
145.010000 2 288
145.010000 3 295
145.010000 4 364
145.010000 5 371
145.010000 6 288
145.010000 7 335
145.010000 8 330
145.010000 9 364
146.010000 0 337
146.010000 1 368
146.010000 2 288
146.010000 3 302
146.010000 4 370
146.010000 5 376
146.010000 6 288
146.010000 7 345
146.010000 8 337
146.010000 9 372
147.010000 0 289
147.010000 1 328
147.010000 2 244
147.010000 3 253
147.010000 4 326
147.010000 5 328
147.010000 6 244
147.010000 7 298
147.010000 8 289
147.010000 9 335
148.010000 0 340
148.010000 1 388
148.010000 2 295
148.010000 3 303
148.010000 4 378
148.010000 5 386
148.010000 6 295
148.010000 7 337
148.010000 8 340
148.010000 9 387
149.010000 0 319
149.010000 1 373
149.010000 2 288
149.010000 3 293
149.010000 4 365
149.010000 5 367
149.010000 6 288
149.010000 7 335
149.010000 8 319
149.010000 9 362
