0.010000 0 0
0.010000 1 0
0.010000 2 0
0.010000 3 0
0.010000 4 0
0.010000 5 0
0.010000 6 0
0.010000 7 0
0.010000 8 0
0.010000 9 0
0.010000 10 0
0.010000 11 0
0.010000 12 0
0.010000 13 0
0.010000 14 0
0.010000 15 0
0.010000 16 0
0.010000 17 0
0.010000 18 0
0.010000 19 0
0.010000 20 0
0.010000 21 0
0.010000 22 0
0.010000 23 0
0.010000 24 0
0.010000 25 0
0.010000 26 0
0.010000 27 0
1.010000 0 0
1.010000 1 0
1.010000 2 0
1.010000 3 0
1.010000 4 0
1.010000 5 0
1.010000 6 0
1.010000 7 0
1.010000 8 0
1.010000 9 0
1.010000 10 0
1.010000 11 0
1.010000 12 0
1.010000 13 0
1.010000 14 0
1.010000 15 0
1.010000 16 0
1.010000 17 0
1.010000 18 0
1.010000 19 0
1.010000 20 0
1.010000 21 0
1.010000 22 0
1.010000 23 0
1.010000 24 0
1.010000 25 0
1.010000 26 0
1.010000 27 0
2.010000 0 0
2.010000 1 0
2.010000 2 0
2.010000 3 0
2.010000 4 0
2.010000 5 0
2.010000 6 0
2.010000 7 0
2.010000 8 0
2.010000 9 0
2.010000 10 0
2.010000 11 0
2.010000 12 0
2.010000 13 0
2.010000 14 0
2.010000 15 0
2.010000 16 0
2.010000 17 0
2.010000 18 0
2.010000 19 0
2.010000 20 0
2.010000 21 0
2.010000 22 0
2.010000 23 0
2.010000 24 0
2.010000 25 0
2.010000 26 0
2.010000 27 0
3.010000 0 0
3.010000 1 0
3.010000 2 0
3.010000 3 0
3.010000 4 0
3.010000 5 0
3.010000 6 0
3.010000 7 0
3.010000 8 0
3.010000 9 0
3.010000 10 0
3.010000 11 0
3.010000 12 0
3.010000 13 0
3.010000 14 0
3.010000 15 0
3.010000 16 0
3.010000 17 0
3.010000 18 0
3.010000 19 0
3.010000 20 0
3.010000 21 0
3.010000 22 0
3.010000 23 0
3.010000 24 0
3.010000 25 0
3.010000 26 0
3.010000 27 0
4.010000 0 0
4.010000 1 0
4.010000 2 0
4.010000 3 0
4.010000 4 0
4.010000 5 0
4.010000 6 0
4.010000 7 0
4.010000 8 0
4.010000 9 0
4.010000 10 0
4.010000 11 0
4.010000 12 0
4.010000 13 0
4.010000 14 0
4.010000 15 0
4.010000 16 0
4.010000 17 0
4.010000 18 0
4.010000 19 0
4.010000 20 0
4.010000 21 0
4.010000 22 0
4.010000 23 0
4.010000 24 0
4.010000 25 0
4.010000 26 0
4.010000 27 0
5.010000 0 0
5.010000 1 0
5.010000 2 0
5.010000 3 0
5.010000 4 0
5.010000 5 0
5.010000 6 0
5.010000 7 0
5.010000 8 0
5.010000 9 0
5.010000 10 0
5.010000 11 0
5.010000 12 0
5.010000 13 0
5.010000 14 0
5.010000 15 0
5.010000 16 0
5.010000 17 0
5.010000 18 0
5.010000 19 0
5.010000 20 0
5.010000 21 0
5.010000 22 0
5.010000 23 0
5.010000 24 0
5.010000 25 0
5.010000 26 0
5.010000 27 0
6.010000 0 0
6.010000 1 0
6.010000 2 0
6.010000 3 0
6.010000 4 0
6.010000 5 0
6.010000 6 0
6.010000 7 0
6.010000 8 0
6.010000 9 0
6.010000 10 0
6.010000 11 0
6.010000 12 0
6.010000 13 0
6.010000 14 0
6.010000 15 0
6.010000 16 0
6.010000 17 0
6.010000 18 0
6.010000 19 0
6.010000 20 0
6.010000 21 0
6.010000 22 0
6.010000 23 0
6.010000 24 0
6.010000 25 0
6.010000 26 0
6.010000 27 0
7.010000 0 0
7.010000 1 0
7.010000 2 0
7.010000 3 0
7.010000 4 0
7.010000 5 0
7.010000 6 0
7.010000 7 0
7.010000 8 0
7.010000 9 0
7.010000 10 0
7.010000 11 0
7.010000 12 0
7.010000 13 0
7.010000 14 0
7.010000 15 0
7.010000 16 0
7.010000 17 0
7.010000 18 0
7.010000 19 0
7.010000 20 0
7.010000 21 0
7.010000 22 0
7.010000 23 0
7.010000 24 0
7.010000 25 0
7.010000 26 0
7.010000 27 0
8.010000 0 0
8.010000 1 0
8.010000 2 0
8.010000 3 0
8.010000 4 0
8.010000 5 0
8.010000 6 0
8.010000 7 0
8.010000 8 0
8.010000 9 0
8.010000 10 0
8.010000 11 0
8.010000 12 0
8.010000 13 0
8.010000 14 0
8.010000 15 0
8.010000 16 0
8.010000 17 0
8.010000 18 0
8.010000 19 0
8.010000 20 0
8.010000 21 0
8.010000 22 0
8.010000 23 0
8.010000 24 0
8.010000 25 0
8.010000 26 0
8.010000 27 0
9.010000 0 0
9.010000 1 0
9.010000 2 0
9.010000 3 0
9.010000 4 0
9.010000 5 0
9.010000 6 0
9.010000 7 0
9.010000 8 0
9.010000 9 0
9.010000 10 0
9.010000 11 0
9.010000 12 0
9.010000 13 0
9.010000 14 0
9.010000 15 0
9.010000 16 0
9.010000 17 0
9.010000 18 0
9.010000 19 0
9.010000 20 0
9.010000 21 0
9.010000 22 0
9.010000 23 0
9.010000 24 0
9.010000 25 0
9.010000 26 0
9.010000 27 0
10.010000 0 0
10.010000 1 0
10.010000 2 0
10.010000 3 0
10.010000 4 0
10.010000 5 0
10.010000 6 0
10.010000 7 0
10.010000 8 0
10.010000 9 0
10.010000 10 0
10.010000 11 0
10.010000 12 0
10.010000 13 0
10.010000 14 0
10.010000 15 0
10.010000 16 0
10.010000 17 0
10.010000 18 0
10.010000 19 0
10.010000 20 0
10.010000 21 0
10.010000 22 0
10.010000 23 0
10.010000 24 0
10.010000 25 0
10.010000 26 0
10.010000 27 0
11.010000 0 0
11.010000 1 0
11.010000 2 0
11.010000 3 0
11.010000 4 0
11.010000 5 0
11.010000 6 0
11.010000 7 0
11.010000 8 0
11.010000 9 0
11.010000 10 0
11.010000 11 0
11.010000 12 0
11.010000 13 0
11.010000 14 0
11.010000 15 0
11.010000 16 0
11.010000 17 0
11.010000 18 0
11.010000 19 0
11.010000 20 0
11.010000 21 0
11.010000 22 0
11.010000 23 0
11.010000 24 0
11.010000 25 0
11.010000 26 0
11.010000 27 0
12.010000 0 0
12.010000 1 0
12.010000 2 0
12.010000 3 0
12.010000 4 0
12.010000 5 0
12.010000 6 0
12.010000 7 0
12.010000 8 0
12.010000 9 0
12.010000 10 0
12.010000 11 0
12.010000 12 0
12.010000 13 0
12.010000 14 0
12.010000 15 0
12.010000 16 0
12.010000 17 0
12.010000 18 0
12.010000 19 0
12.010000 20 0
12.010000 21 0
12.010000 22 0
12.010000 23 0
12.010000 24 0
12.010000 25 0
12.010000 26 0
12.010000 27 0
13.010000 0 0
13.010000 1 0
13.010000 2 0
13.010000 3 0
13.010000 4 0
13.010000 5 0
13.010000 6 0
13.010000 7 0
13.010000 8 0
13.010000 9 0
13.010000 10 0
13.010000 11 0
13.010000 12 0
13.010000 13 0
13.010000 14 0
13.010000 15 0
13.010000 16 0
13.010000 17 0
13.010000 18 0
13.010000 19 0
13.010000 20 0
13.010000 21 0
13.010000 22 0
13.010000 23 0
13.010000 24 0
13.010000 25 0
13.010000 26 0
13.010000 27 0
14.010000 0 0
14.010000 1 0
14.010000 2 0
14.010000 3 0
14.010000 4 0
14.010000 5 0
14.010000 6 0
14.010000 7 0
14.010000 8 0
14.010000 9 0
14.010000 10 0
14.010000 11 0
14.010000 12 0
14.010000 13 0
14.010000 14 0
14.010000 15 0
14.010000 16 0
14.010000 17 0
14.010000 18 0
14.010000 19 0
14.010000 20 0
14.010000 21 0
14.010000 22 0
14.010000 23 0
14.010000 24 0
14.010000 25 0
14.010000 26 0
14.010000 27 0
15.010000 0 0
15.010000 1 1
15.010000 2 1
15.010000 3 1
15.010000 4 1
15.010000 5 1
15.010000 6 1
15.010000 7 1
15.010000 8 1
15.010000 9 1
15.010000 10 1
15.010000 11 1
15.010000 12 1
15.010000 13 1
15.010000 14 0
15.010000 15 1
15.010000 16 1
15.010000 17 0
15.010000 18 0
15.010000 19 1
15.010000 20 1
15.010000 21 1
15.010000 22 1
15.010000 23 1
15.010000 24 1
15.010000 25 1
15.010000 26 1
15.010000 27 1
16.010000 0 362
16.010000 1 453
16.010000 2 353
16.010000 3 443
16.010000 4 429
16.010000 5 452
16.010000 6 453
16.010000 7 441
16.010000 8 453
16.010000 9 453
16.010000 10 453
16.010000 11 453
16.010000 12 359
16.010000 13 448
16.010000 14 377
16.010000 15 451
16.010000 16 389
16.010000 17 373
16.010000 18 379
16.010000 19 448
16.010000 20 441
16.010000 21 445
16.010000 22 449
16.010000 23 445
16.010000 24 453
16.010000 25 349
16.010000 26 453
16.010000 27 453
17.010000 0 201
17.010000 1 241
17.010000 2 161
17.010000 3 241
17.010000 4 241
17.010000 5 241
17.010000 6 241
17.010000 7 241
17.010000 8 241
17.010000 9 241
17.010000 10 241
17.010000 11 241
17.010000 12 161
17.010000 13 241
17.010000 14 201
17.010000 15 241
17.010000 16 200
17.010000 17 201
17.010000 18 201
17.010000 19 241
17.010000 20 241
17.010000 21 241
17.010000 22 241
17.010000 23 241
17.010000 24 241
17.010000 25 161
17.010000 26 241
17.010000 27 241
18.010000 0 181
18.010000 1 219
18.010000 2 147
18.010000 3 219
18.010000 4 219
18.010000 5 219
18.010000 6 219
18.010000 7 219
18.010000 8 219
18.010000 9 219
18.010000 10 219
18.010000 11 219
18.010000 12 147
18.010000 13 219
18.010000 14 181
18.010000 15 219
18.010000 16 183
18.010000 17 181
18.010000 18 181
18.010000 19 219
18.010000 20 219
18.010000 21 219
18.010000 22 219
18.010000 23 219
18.010000 24 219
18.010000 25 146
18.010000 26 219
18.010000 27 219
19.010000 0 179
19.010000 1 213
19.010000 2 141
19.010000 3 213
19.010000 4 213
19.010000 5 213
19.010000 6 213
19.010000 7 213
19.010000 8 213
19.010000 9 213
19.010000 10 213
19.010000 11 213
19.010000 12 141
19.010000 13 213
19.010000 14 179
19.010000 15 213
19.010000 16 177
19.010000 17 179
19.010000 18 179
19.010000 19 213
19.010000 20 213
19.010000 21 213
19.010000 22 213
19.010000 23 213
19.010000 24 213
19.010000 25 142
19.010000 26 213
19.010000 27 213
20.010000 0 190
20.010000 1 228
20.010000 2 152
20.010000 3 228
20.010000 4 228
20.010000 5 228
20.010000 6 228
20.010000 7 228
20.010000 8 228
20.010000 9 228
20.010000 10 228
20.010000 11 228
20.010000 12 152
20.010000 13 228
20.010000 14 190
20.010000 15 228
20.010000 16 190
20.010000 17 190
20.010000 18 190
20.010000 19 228
20.010000 20 228
20.010000 21 228
20.010000 22 228
20.010000 23 228
20.010000 24 228
20.010000 25 152
20.010000 26 228
20.010000 27 228
21.010000 0 200
21.010000 1 240
21.010000 2 160
21.010000 3 240
21.010000 4 240
21.010000 5 240
21.010000 6 240
21.010000 7 240
21.010000 8 240
21.010000 9 240
21.010000 10 240
21.010000 11 240
21.010000 12 160
21.010000 13 240
21.010000 14 200
21.010000 15 240
21.010000 16 200
21.010000 17 200
21.010000 18 200
21.010000 19 240
21.010000 20 240
21.010000 21 240
21.010000 22 240
21.010000 23 240
21.010000 24 240
21.010000 25 160
21.010000 26 240
21.010000 27 240
22.010000 0 195
22.010000 1 235
22.010000 2 158
22.010000 3 235
22.010000 4 235
22.010000 5 235
22.010000 6 235
22.010000 7 235
22.010000 8 235
22.010000 9 235
22.010000 10 235
22.010000 11 235
22.010000 12 158
22.010000 13 235
22.010000 14 195
22.010000 15 235
22.010000 16 197
22.010000 17 195
22.010000 18 195
22.010000 19 235
22.010000 20 235
22.010000 21 235
22.010000 22 235
22.010000 23 235
22.010000 24 235
22.010000 25 155
22.010000 26 235
22.010000 27 235
23.010000 0 196
23.010000 1 236
23.010000 2 157
23.010000 3 236
23.010000 4 236
23.010000 5 236
23.010000 6 236
23.010000 7 236
23.010000 8 236
23.010000 9 236
23.010000 10 236
23.010000 11 236
23.010000 12 157
23.010000 13 236
23.010000 14 196
23.010000 15 236
23.010000 16 196
23.010000 17 196
23.010000 18 196
23.010000 19 236
23.010000 20 236
23.010000 21 236
23.010000 22 236
23.010000 23 236
23.010000 24 236
23.010000 25 159
23.010000 26 236
23.010000 27 236
24.010000 0 199
24.010000 1 237
24.010000 2 157
24.010000 3 237
24.010000 4 237
24.010000 5 237
24.010000 6 237
24.010000 7 237
24.010000 8 237
24.010000 9 237
24.010000 10 237
24.010000 11 237
24.010000 12 157
24.010000 13 237
24.010000 14 199
24.010000 15 237
24.010000 16 197
24.010000 17 199
24.010000 18 199
24.010000 19 237
24.010000 20 237
24.010000 21 237
24.010000 22 237
24.010000 23 237
24.010000 24 237
24.010000 25 158
24.010000 26 237
24.010000 27 237
25.010000 0 171
25.010000 1 207
25.010000 2 139
25.010000 3 207
25.010000 4 207
25.010000 5 207
25.010000 6 207
25.010000 7 207
25.010000 8 207
25.010000 9 207
25.010000 10 207
25.010000 11 207
25.010000 12 139
25.010000 13 207
25.010000 14 171
25.010000 15 207
25.010000 16 173
25.010000 17 171
25.010000 18 171
25.010000 19 207
25.010000 20 207
25.010000 21 207
25.010000 22 207
25.010000 23 207
25.010000 24 207
25.010000 25 138
25.010000 26 207
25.010000 27 207
26.010000 0 169
26.010000 1 201
26.010000 2 133
26.010000 3 201
26.010000 4 201
26.010000 5 201
26.010000 6 201
26.010000 7 201
26.010000 8 201
26.010000 9 201
26.010000 10 201
26.010000 11 201
26.010000 12 133
26.010000 13 201
26.010000 14 169
26.010000 15 201
26.010000 16 167
26.010000 17 169
26.010000 18 169
26.010000 19 201
26.010000 20 201
26.010000 21 201
26.010000 22 201
26.010000 23 201
26.010000 24 201
26.010000 25 134
26.010000 26 201
26.010000 27 201
27.010000 0 190
27.010000 1 228
27.010000 2 152
27.010000 3 228
27.010000 4 228
27.010000 5 228
27.010000 6 228
27.010000 7 228
27.010000 8 228
27.010000 9 228
27.010000 10 228
27.010000 11 228
27.010000 12 152
27.010000 13 228
27.010000 14 190
27.010000 15 228
27.010000 16 190
27.010000 17 190
27.010000 18 190
27.010000 19 228
27.010000 20 228
27.010000 21 228
27.010000 22 228
27.010000 23 228
27.010000 24 228
27.010000 25 152
27.010000 26 228
27.010000 27 228
28.010000 0 199
28.010000 1 239
28.010000 2 159
28.010000 3 239
28.010000 4 239
28.010000 5 239
28.010000 6 239
28.010000 7 239
28.010000 8 239
28.010000 9 239
28.010000 10 239
28.010000 11 239
28.010000 12 159
28.010000 13 239
28.010000 14 199
28.010000 15 239
28.010000 16 200
28.010000 17 199
28.010000 18 199
28.010000 19 239
28.010000 20 239
28.010000 21 239
28.010000 22 239
28.010000 23 239
28.010000 24 239
28.010000 25 159
28.010000 26 239
28.010000 27 239
29.010000 0 201
29.010000 1 241
29.010000 2 161
29.010000 3 241
29.010000 4 241
29.010000 5 241
29.010000 6 241
29.010000 7 241
29.010000 8 241
29.010000 9 241
29.010000 10 241
29.010000 11 241
29.010000 12 161
29.010000 13 241
29.010000 14 201
29.010000 15 241
29.010000 16 200
29.010000 17 201
29.010000 18 201
29.010000 19 241
29.010000 20 241
29.010000 21 241
29.010000 22 241
29.010000 23 241
29.010000 24 241
29.010000 25 161
29.010000 26 241
29.010000 27 241
30.010000 0 220
30.010000 1 264
30.010000 2 176
30.010000 3 264
30.010000 4 264
30.010000 5 264
30.010000 6 264
30.010000 7 264
30.010000 8 264
30.010000 9 264
30.010000 10 264
30.010000 11 264
30.010000 12 176
30.010000 13 264
30.010000 14 220
30.010000 15 264
30.010000 16 220
30.010000 17 220
30.010000 18 220
30.010000 19 264
30.010000 20 264
30.010000 21 264
30.010000 22 264
30.010000 23 264
30.010000 24 264
30.010000 25 176
30.010000 26 264
30.010000 27 264
31.010000 0 193
31.010000 1 233
31.010000 2 156
31.010000 3 233
31.010000 4 233
31.010000 5 232
31.010000 6 233
31.010000 7 233
31.010000 8 232
31.010000 9 233
31.010000 10 233
31.010000 11 232
31.010000 12 157
31.010000 13 233
31.010000 14 192
31.010000 15 232
31.010000 16 194
31.010000 17 192
31.010000 18 192
31.010000 19 232
31.010000 20 232
31.010000 21 233
31.010000 22 233
31.010000 23 233
31.010000 24 233
31.010000 25 154
31.010000 26 233
31.010000 27 233
32.010000 0 197
32.010000 1 235
32.010000 2 156
32.010000 3 235
32.010000 4 235
32.010000 5 236
32.010000 6 235
32.010000 7 235
32.010000 8 236
32.010000 9 235
32.010000 10 235
32.010000 11 236
32.010000 12 155
32.010000 13 235
32.010000 14 198
32.010000 15 236
32.010000 16 196
32.010000 17 198
32.010000 18 198
32.010000 19 236
32.010000 20 236
32.010000 21 235
32.010000 22 235
32.010000 23 235
32.010000 24 235
32.010000 25 158
32.010000 26 235
32.010000 27 235
33.010000 0 200
33.010000 1 240
33.010000 2 160
33.010000 3 240
33.010000 4 240
33.010000 5 240
33.010000 6 240
33.010000 7 240
33.010000 8 240
33.010000 9 240
33.010000 10 240
33.010000 11 240
33.010000 12 160
33.010000 13 240
33.010000 14 200
33.010000 15 240
33.010000 16 200
33.010000 17 200
33.010000 18 200
33.010000 19 240
33.010000 20 240
33.010000 21 240
33.010000 22 240
33.010000 23 240
33.010000 24 240
33.010000 25 160
33.010000 26 240
33.010000 27 240
34.010000 0 230
34.010000 1 276
34.010000 2 184
34.010000 3 276
34.010000 4 276
34.010000 5 276
34.010000 6 276
34.010000 7 276
34.010000 8 276
34.010000 9 276
34.010000 10 276
34.010000 11 276
34.010000 12 184
34.010000 13 276
34.010000 14 230
34.010000 15 276
34.010000 16 230
34.010000 17 230
34.010000 18 230
34.010000 19 276
34.010000 20 276
34.010000 21 276
34.010000 22 276
34.010000 23 276
34.010000 24 276
34.010000 25 184
34.010000 26 276
34.010000 27 276
35.010000 0 211
35.010000 1 255
35.010000 2 171
35.010000 3 255
35.010000 4 255
35.010000 5 255
35.010000 6 255
35.010000 7 255
35.010000 8 255
35.010000 9 255
35.010000 10 255
35.010000 11 255
35.010000 12 171
35.010000 13 255
35.010000 14 211
35.010000 15 255
35.010000 16 213
35.010000 17 211
35.010000 18 211
35.010000 19 255
35.010000 20 255
35.010000 21 255
35.010000 22 255
35.010000 23 255
35.010000 24 255
35.010000 25 170
35.010000 26 255
35.010000 27 255
36.010000 0 189
36.010000 1 225
36.010000 2 149
36.010000 3 225
36.010000 4 225
36.010000 5 225
36.010000 6 225
36.010000 7 225
36.010000 8 225
36.010000 9 225
36.010000 10 225
36.010000 11 225
36.010000 12 149
36.010000 13 225
36.010000 14 189
36.010000 15 225
36.010000 16 187
36.010000 17 189
36.010000 18 189
36.010000 19 225
36.010000 20 225
36.010000 21 225
36.010000 22 225
36.010000 23 225
36.010000 24 225
36.010000 25 150
36.010000 26 225
36.010000 27 225
37.010000 0 210
37.010000 1 252
37.010000 2 168
37.010000 3 252
37.010000 4 252
37.010000 5 252
37.010000 6 252
37.010000 7 252
37.010000 8 252
37.010000 9 252
37.010000 10 252
37.010000 11 252
37.010000 12 168
37.010000 13 252
37.010000 14 210
37.010000 15 252
37.010000 16 210
37.010000 17 210
37.010000 18 210
37.010000 19 252
37.010000 20 252
37.010000 21 252
37.010000 22 252
37.010000 23 252
37.010000 24 252
37.010000 25 168
37.010000 26 252
37.010000 27 252
38.010000 0 220
38.010000 1 264
38.010000 2 176
38.010000 3 264
38.010000 4 264
38.010000 5 264
38.010000 6 264
38.010000 7 264
38.010000 8 264
38.010000 9 264
38.010000 10 264
38.010000 11 264
38.010000 12 176
38.010000 13 264
38.010000 14 220
38.010000 15 264
38.010000 16 220
38.010000 17 220
38.010000 18 220
38.010000 19 264
38.010000 20 264
38.010000 21 264
38.010000 22 264
38.010000 23 264
38.010000 24 264
38.010000 25 176
38.010000 26 264
38.010000 27 264
39.010000 0 215
39.010000 1 259
39.010000 2 174
39.010000 3 259
39.010000 4 259
39.010000 5 259
39.010000 6 259
39.010000 7 259
39.010000 8 259
39.010000 9 259
39.010000 10 259
39.010000 11 259
39.010000 12 174
39.010000 13 259
39.010000 14 215
39.010000 15 259
39.010000 16 217
39.010000 17 215
39.010000 18 215
39.010000 19 259
39.010000 20 259
39.010000 21 259
39.010000 22 259
39.010000 23 259
39.010000 24 259
39.010000 25 171
39.010000 26 259
39.010000 27 259
40.010000 0 195
40.010000 1 233
40.010000 2 154
40.010000 3 233
40.010000 4 233
40.010000 5 233
40.010000 6 233
40.010000 7 233
40.010000 8 233
40.010000 9 233
40.010000 10 233
40.010000 11 233
40.010000 12 154
40.010000 13 233
40.010000 14 195
40.010000 15 233
40.010000 16 193
40.010000 17 195
40.010000 18 195
40.010000 19 233
40.010000 20 233
40.010000 21 233
40.010000 22 233
40.010000 23 233
40.010000 24 233
40.010000 25 157
40.010000 26 233
40.010000 27 233
41.010000 0 200
41.010000 1 240
41.010000 2 160
41.010000 3 240
41.010000 4 240
41.010000 5 240
41.010000 6 240
41.010000 7 240
41.010000 8 240
41.010000 9 240
41.010000 10 240
41.010000 11 240
41.010000 12 160
41.010000 13 240
41.010000 14 200
41.010000 15 240
41.010000 16 200
41.010000 17 200
41.010000 18 200
41.010000 19 240
41.010000 20 240
41.010000 21 240
41.010000 22 240
41.010000 23 240
41.010000 24 240
41.010000 25 160
41.010000 26 240
41.010000 27 240
42.010000 0 210
42.010000 1 252
42.010000 2 168
42.010000 3 252
42.010000 4 252
42.010000 5 252
42.010000 6 252
42.010000 7 252
42.010000 8 252
42.010000 9 252
42.010000 10 252
42.010000 11 252
42.010000 12 168
42.010000 13 252
42.010000 14 210
42.010000 15 252
42.010000 16 210
42.010000 17 210
42.010000 18 210
42.010000 19 252
42.010000 20 252
42.010000 21 252
42.010000 22 252
42.010000 23 252
42.010000 24 252
42.010000 25 168
42.010000 26 252
42.010000 27 252
43.010000 0 220
43.010000 1 264
43.010000 2 176
43.010000 3 264
43.010000 4 264
43.010000 5 264
43.010000 6 264
43.010000 7 264
43.010000 8 264
43.010000 9 264
43.010000 10 264
43.010000 11 264
43.010000 12 176
43.010000 13 264
43.010000 14 220
43.010000 15 264
43.010000 16 220
43.010000 17 220
43.010000 18 220
43.010000 19 264
43.010000 20 264
43.010000 21 264
43.010000 22 264
43.010000 23 264
43.010000 24 264
43.010000 25 176
43.010000 26 264
43.010000 27 264
44.010000 0 191
44.010000 1 231
44.010000 2 155
44.010000 3 231
44.010000 4 231
44.010000 5 231
44.010000 6 231
44.010000 7 231
44.010000 8 231
44.010000 9 231
44.010000 10 231
44.010000 11 231
44.010000 12 155
44.010000 13 231
44.010000 14 191
44.010000 15 231
44.010000 16 193
44.010000 17 191
44.010000 18 191
44.010000 19 231
44.010000 20 231
44.010000 21 231
44.010000 22 231
44.010000 23 231
44.010000 24 231
44.010000 25 154
44.010000 26 231
44.010000 27 231
45.010000 0 210
45.010000 1 252
45.010000 2 168
45.010000 3 252
45.010000 4 252
45.010000 5 252
45.010000 6 252
45.010000 7 252
45.010000 8 252
45.010000 9 252
45.010000 10 252
45.010000 11 252
45.010000 12 168
45.010000 13 252
45.010000 14 210
45.010000 15 252
45.010000 16 210
45.010000 17 210
45.010000 18 210
45.010000 19 252
45.010000 20 252
45.010000 21 252
45.010000 22 252
45.010000 23 252
45.010000 24 252
45.010000 25 168
45.010000 26 252
45.010000 27 252
46.010000 0 188
46.010000 1 224
46.010000 2 148
46.010000 3 224
46.010000 4 224
46.010000 5 224
46.010000 6 224
46.010000 7 224
46.010000 8 224
46.010000 9 224
46.010000 10 224
46.010000 11 224
46.010000 12 148
46.010000 13 224
46.010000 14 188
46.010000 15 224
46.010000 16 187
46.010000 17 188
46.010000 18 188
46.010000 19 224
46.010000 20 224
46.010000 21 224
46.010000 22 224
46.010000 23 224
46.010000 24 224
46.010000 25 149
46.010000 26 224
46.010000 27 224
47.010000 0 201
47.010000 1 241
47.010000 2 161
47.010000 3 241
47.010000 4 241
47.010000 5 241
47.010000 6 241
47.010000 7 241
47.010000 8 241
47.010000 9 241
47.010000 10 241
47.010000 11 241
47.010000 12 161
47.010000 13 241
47.010000 14 201
47.010000 15 241
47.010000 16 200
47.010000 17 201
47.010000 18 201
47.010000 19 241
47.010000 20 241
47.010000 21 241
47.010000 22 241
47.010000 23 241
47.010000 24 241
47.010000 25 161
47.010000 26 241
47.010000 27 241
48.010000 0 200
48.010000 1 240
48.010000 2 160
48.010000 3 240
48.010000 4 240
48.010000 5 240
48.010000 6 240
48.010000 7 240
48.010000 8 240
48.010000 9 240
48.010000 10 240
48.010000 11 240
48.010000 12 160
48.010000 13 240
48.010000 14 200
48.010000 15 240
48.010000 16 200
48.010000 17 200
48.010000 18 200
48.010000 19 240
48.010000 20 240
48.010000 21 240
48.010000 22 240
48.010000 23 240
48.010000 24 240
48.010000 25 160
48.010000 26 240
48.010000 27 240
49.010000 0 190
49.010000 1 228
49.010000 2 152
49.010000 3 228
49.010000 4 228
49.010000 5 228
49.010000 6 228
49.010000 7 228
49.010000 8 228
49.010000 9 228
49.010000 10 228
49.010000 11 228
49.010000 12 152
49.010000 13 228
49.010000 14 190
49.010000 15 228
49.010000 16 190
49.010000 17 190
49.010000 18 190
49.010000 19 228
49.010000 20 228
49.010000 21 228
49.010000 22 228
49.010000 23 228
49.010000 24 228
49.010000 25 152
49.010000 26 228
49.010000 27 228
50.010000 0 219
50.010000 1 263
50.010000 2 175
50.010000 3 263
50.010000 4 263
50.010000 5 263
50.010000 6 263
50.010000 7 263
50.010000 8 263
50.010000 9 263
50.010000 10 263
50.010000 11 263
50.010000 12 175
50.010000 13 263
50.010000 14 219
50.010000 15 263
50.010000 16 220
50.010000 17 219
50.010000 18 219
50.010000 19 263
50.010000 20 263
50.010000 21 263
50.010000 22 263
50.010000 23 263
50.010000 24 263
50.010000 25 175
50.010000 26 263
50.010000 27 263
51.010000 0 201
51.010000 1 241
51.010000 2 161
51.010000 3 241
51.010000 4 241
51.010000 5 241
51.010000 6 241
51.010000 7 241
51.010000 8 241
51.010000 9 241
51.010000 10 241
51.010000 11 241
51.010000 12 161
51.010000 13 241
51.010000 14 201
51.010000 15 241
51.010000 16 200
51.010000 17 201
51.010000 18 201
51.010000 19 241
51.010000 20 241
51.010000 21 241
51.010000 22 241
51.010000 23 241
51.010000 24 241
51.010000 25 161
51.010000 26 241
51.010000 27 241
52.010000 0 191
52.010000 1 231
52.010000 2 155
52.010000 3 231
52.010000 4 231
52.010000 5 231
52.010000 6 231
52.010000 7 231
52.010000 8 231
52.010000 9 231
52.010000 10 231
52.010000 11 231
52.010000 12 155
52.010000 13 231
52.010000 14 191
52.010000 15 231
52.010000 16 193
52.010000 17 191
52.010000 18 191
52.010000 19 231
52.010000 20 231
52.010000 21 231
52.010000 22 231
52.010000 23 231
52.010000 24 231
52.010000 25 154
52.010000 26 231
52.010000 27 231
53.010000 0 190
53.010000 1 228
53.010000 2 152
53.010000 3 228
53.010000 4 228
53.010000 5 228
53.010000 6 228
53.010000 7 228
53.010000 8 228
53.010000 9 228
53.010000 10 228
53.010000 11 228
53.010000 12 152
53.010000 13 228
53.010000 14 190
53.010000 15 228
53.010000 16 190
53.010000 17 190
53.010000 18 190
53.010000 19 228
53.010000 20 228
53.010000 21 228
53.010000 22 228
53.010000 23 228
53.010000 24 228
53.010000 25 152
53.010000 26 228
53.010000 27 228
54.010000 0 199
54.010000 1 237
54.010000 2 157
54.010000 3 237
54.010000 4 237
54.010000 5 237
54.010000 6 237
54.010000 7 237
54.010000 8 237
54.010000 9 237
54.010000 10 237
54.010000 11 237
54.010000 12 157
54.010000 13 237
54.010000 14 199
54.010000 15 237
54.010000 16 197
54.010000 17 199
54.010000 18 199
54.010000 19 237
54.010000 20 237
54.010000 21 237
54.010000 22 237
54.010000 23 237
54.010000 24 237
54.010000 25 158
54.010000 26 237
54.010000 27 237
55.010000 0 205
55.010000 1 247
55.010000 2 166
55.010000 3 247
55.010000 4 247
55.010000 5 247
55.010000 6 247
55.010000 7 247
55.010000 8 247
55.010000 9 247
55.010000 10 247
55.010000 11 247
55.010000 12 166
55.010000 13 247
55.010000 14 205
55.010000 15 247
55.010000 16 207
55.010000 17 205
55.010000 18 205
55.010000 19 247
55.010000 20 247
55.010000 21 247
55.010000 22 247
55.010000 23 247
55.010000 24 247
55.010000 25 163
55.010000 26 247
55.010000 27 247
56.010000 0 205
56.010000 1 245
56.010000 2 162
56.010000 3 245
56.010000 4 245
56.010000 5 245
56.010000 6 245
56.010000 7 245
56.010000 8 245
56.010000 9 245
56.010000 10 245
56.010000 11 245
56.010000 12 162
56.010000 13 245
56.010000 14 205
56.010000 15 245
56.010000 16 203
56.010000 17 205
56.010000 18 205
56.010000 19 245
56.010000 20 245
56.010000 21 245
56.010000 22 245
56.010000 23 245
56.010000 24 245
56.010000 25 165
56.010000 26 245
56.010000 27 245
57.010000 0 190
57.010000 1 228
57.010000 2 152
57.010000 3 228
57.010000 4 228
57.010000 5 228
57.010000 6 228
57.010000 7 228
57.010000 8 228
57.010000 9 228
57.010000 10 228
57.010000 11 228
57.010000 12 152
57.010000 13 228
57.010000 14 190
57.010000 15 228
57.010000 16 190
57.010000 17 190
57.010000 18 190
57.010000 19 228
57.010000 20 228
57.010000 21 228
57.010000 22 228
57.010000 23 228
57.010000 24 228
57.010000 25 152
57.010000 26 228
57.010000 27 228
58.010000 0 182
58.010000 1 220
58.010000 2 148
58.010000 3 220
58.010000 4 220
58.010000 5 220
58.010000 6 220
58.010000 7 220
58.010000 8 220
58.010000 9 220
58.010000 10 220
58.010000 11 220
58.010000 12 148
58.010000 13 220
58.010000 14 182
58.010000 15 220
58.010000 16 184
58.010000 17 182
58.010000 18 182
58.010000 19 220
58.010000 20 220
58.010000 21 220
58.010000 22 220
58.010000 23 220
58.010000 24 220
58.010000 25 146
58.010000 26 220
58.010000 27 220
59.010000 0 198
59.010000 1 236
59.010000 2 156
59.010000 3 236
59.010000 4 236
59.010000 5 236
59.010000 6 236
59.010000 7 236
59.010000 8 236
59.010000 9 236
59.010000 10 236
59.010000 11 236
59.010000 12 156
59.010000 13 236
59.010000 14 198
59.010000 15 236
59.010000 16 196
59.010000 17 198
59.010000 18 198
59.010000 19 236
59.010000 20 236
59.010000 21 236
59.010000 22 236
59.010000 23 236
59.010000 24 236
59.010000 25 158
59.010000 26 236
59.010000 27 236
60.010000 0 180
60.010000 1 216
60.010000 2 144
60.010000 3 216
60.010000 4 216
60.010000 5 216
60.010000 6 216
60.010000 7 216
60.010000 8 216
60.010000 9 216
60.010000 10 216
60.010000 11 216
60.010000 12 144
60.010000 13 216
60.010000 14 180
60.010000 15 216
60.010000 16 180
60.010000 17 180
60.010000 18 180
60.010000 19 216
60.010000 20 216
60.010000 21 216
60.010000 22 216
60.010000 23 216
60.010000 24 216
60.010000 25 144
60.010000 26 216
60.010000 27 216
61.010000 0 204
61.010000 1 246
61.010000 2 165
61.010000 3 246
61.010000 4 246
61.010000 5 246
61.010000 6 246
61.010000 7 246
61.010000 8 246
61.010000 9 246
61.010000 10 246
61.010000 11 246
61.010000 12 165
61.010000 13 246
61.010000 14 204
61.010000 15 246
61.010000 16 206
61.010000 17 204
61.010000 18 204
61.010000 19 246
61.010000 20 246
61.010000 21 246
61.010000 22 246
61.010000 23 246
61.010000 24 246
61.010000 25 163
61.010000 26 246
61.010000 27 246
62.010000 0 186
62.010000 1 222
62.010000 2 147
62.010000 3 222
62.010000 4 222
62.010000 5 222
62.010000 6 222
62.010000 7 222
62.010000 8 222
62.010000 9 222
62.010000 10 222
62.010000 11 222
62.010000 12 147
62.010000 13 222
62.010000 14 186
62.010000 15 222
62.010000 16 184
62.010000 17 186
62.010000 18 186
62.010000 19 222
62.010000 20 222
62.010000 21 222
62.010000 22 222
62.010000 23 222
62.010000 24 222
62.010000 25 149
62.010000 26 222
62.010000 27 222
63.010000 0 221
63.010000 1 267
63.010000 2 179
63.010000 3 267
63.010000 4 267
63.010000 5 267
63.010000 6 267
63.010000 7 267
63.010000 8 267
63.010000 9 267
63.010000 10 267
63.010000 11 267
63.010000 12 179
63.010000 13 267
63.010000 14 221
63.010000 15 267
63.010000 16 223
63.010000 17 221
63.010000 18 221
63.010000 19 267
63.010000 20 267
63.010000 21 267
63.010000 22 267
63.010000 23 267
63.010000 24 267
63.010000 25 178
63.010000 26 267
63.010000 27 267
64.010000 0 195
64.010000 1 233
64.010000 2 155
64.010000 3 233
64.010000 4 233
64.010000 5 233
64.010000 6 233
64.010000 7 233
64.010000 8 233
64.010000 9 233
64.010000 10 233
64.010000 11 233
64.010000 12 155
64.010000 13 233
64.010000 14 195
64.010000 15 233
64.010000 16 195
64.010000 17 195
64.010000 18 195
64.010000 19 233
64.010000 20 233
64.010000 21 233
64.010000 22 233
64.010000 23 233
64.010000 24 233
64.010000 25 154
64.010000 26 233
64.010000 27 233
65.010000 0 214
65.010000 1 256
65.010000 2 170
65.010000 3 256
65.010000 4 256
65.010000 5 256
65.010000 6 256
65.010000 7 256
65.010000 8 256
65.010000 9 256
65.010000 10 256
65.010000 11 256
65.010000 12 170
65.010000 13 256
65.010000 14 214
65.010000 15 256
65.010000 16 212
65.010000 17 214
65.010000 18 214
65.010000 19 256
65.010000 20 256
65.010000 21 256
65.010000 22 256
65.010000 23 256
65.010000 24 256
65.010000 25 172
65.010000 26 256
65.010000 27 256
66.010000 0 205
66.010000 1 247
66.010000 2 166
66.010000 3 247
66.010000 4 247
66.010000 5 247
66.010000 6 247
66.010000 7 247
66.010000 8 247
66.010000 9 247
66.010000 10 247
66.010000 11 247
66.010000 12 166
66.010000 13 247
66.010000 14 205
66.010000 15 247
66.010000 16 207
66.010000 17 205
66.010000 18 205
66.010000 19 247
66.010000 20 247
66.010000 21 247
66.010000 22 247
66.010000 23 247
66.010000 24 247
66.010000 25 163
66.010000 26 247
66.010000 27 247
67.010000 0 214
67.010000 1 256
67.010000 2 169
67.010000 3 256
67.010000 4 256
67.010000 5 256
67.010000 6 256
67.010000 7 256
67.010000 8 256
67.010000 9 256
67.010000 10 256
67.010000 11 256
67.010000 12 169
67.010000 13 256
67.010000 14 214
67.010000 15 256
67.010000 16 213
67.010000 17 214
67.010000 18 214
67.010000 19 256
67.010000 20 256
67.010000 21 256
67.010000 22 256
67.010000 23 256
67.010000 24 256
67.010000 25 172
67.010000 26 256
67.010000 27 256
68.010000 0 216
68.010000 1 260
68.010000 2 175
68.010000 3 260
68.010000 4 260
68.010000 5 260
68.010000 6 260
68.010000 7 260
68.010000 8 260
68.010000 9 260
68.010000 10 260
68.010000 11 260
68.010000 12 175
68.010000 13 260
68.010000 14 216
68.010000 15 260
68.010000 16 217
68.010000 17 216
68.010000 18 216
68.010000 19 260
68.010000 20 260
68.010000 21 260
68.010000 22 260
68.010000 23 260
68.010000 24 260
68.010000 25 172
68.010000 26 260
68.010000 27 260
69.010000 0 190
69.010000 1 228
69.010000 2 152
69.010000 3 228
69.010000 4 228
69.010000 5 228
69.010000 6 228
69.010000 7 228
69.010000 8 228
69.010000 9 228
69.010000 10 228
69.010000 11 228
69.010000 12 152
69.010000 13 228
69.010000 14 190
69.010000 15 228
69.010000 16 190
69.010000 17 190
69.010000 18 190
69.010000 19 228
69.010000 20 228
69.010000 21 228
69.010000 22 228
69.010000 23 228
69.010000 24 228
69.010000 25 152
69.010000 26 228
69.010000 27 228
70.010000 0 195
70.010000 1 233
70.010000 2 154
70.010000 3 233
70.010000 4 233
70.010000 5 233
70.010000 6 233
70.010000 7 233
70.010000 8 233
70.010000 9 233
70.010000 10 233
70.010000 11 233
70.010000 12 154
70.010000 13 233
70.010000 14 195
70.010000 15 233
70.010000 16 193
70.010000 17 195
70.010000 18 195
70.010000 19 233
70.010000 20 233
70.010000 21 233
70.010000 22 233
70.010000 23 233
70.010000 24 233
70.010000 25 157
70.010000 26 233
70.010000 27 233
71.010000 0 194
71.010000 1 234
71.010000 2 157
71.010000 3 234
71.010000 4 234
71.010000 5 234
71.010000 6 234
71.010000 7 234
71.010000 8 234
71.010000 9 234
71.010000 10 234
71.010000 11 234
71.010000 12 157
71.010000 13 234
71.010000 14 194
71.010000 15 234
71.010000 16 196
71.010000 17 194
71.010000 18 194
71.010000 19 234
71.010000 20 234
71.010000 21 234
71.010000 22 234
71.010000 23 234
71.010000 24 234
71.010000 25 155
71.010000 26 234
71.010000 27 234
72.010000 0 196
72.010000 1 234
72.010000 2 155
72.010000 3 234
72.010000 4 234
72.010000 5 234
72.010000 6 234
72.010000 7 234
72.010000 8 234
72.010000 9 234
72.010000 10 234
72.010000 11 234
72.010000 12 155
72.010000 13 234
72.010000 14 196
72.010000 15 234
72.010000 16 194
72.010000 17 196
72.010000 18 196
72.010000 19 234
72.010000 20 234
72.010000 21 234
72.010000 22 234
72.010000 23 234
72.010000 24 234
72.010000 25 157
72.010000 26 234
72.010000 27 234
73.010000 0 171
73.010000 1 207
73.010000 2 139
73.010000 3 207
73.010000 4 207
73.010000 5 207
73.010000 6 207
73.010000 7 207
73.010000 8 207
73.010000 9 207
73.010000 10 207
73.010000 11 207
73.010000 12 139
73.010000 13 207
73.010000 14 171
73.010000 15 207
73.010000 16 173
73.010000 17 171
73.010000 18 171
73.010000 19 207
73.010000 20 207
73.010000 21 207
73.010000 22 207
73.010000 23 207
73.010000 24 207
73.010000 25 138
73.010000 26 207
73.010000 27 207
74.010000 0 219
74.010000 1 261
74.010000 2 173
74.010000 3 261
74.010000 4 261
74.010000 5 261
74.010000 6 261
74.010000 7 261
74.010000 8 261
74.010000 9 261
74.010000 10 261
74.010000 11 261
74.010000 12 173
74.010000 13 261
74.010000 14 219
74.010000 15 261
74.010000 16 217
74.010000 17 219
74.010000 18 219
74.010000 19 261
74.010000 20 261
74.010000 21 261
74.010000 22 261
74.010000 23 261
74.010000 24 261
74.010000 25 174
74.010000 26 261
74.010000 27 261
75.010000 0 215
75.010000 1 259
75.010000 2 174
75.010000 3 259
75.010000 4 259
75.010000 5 259
75.010000 6 259
75.010000 7 259
75.010000 8 259
75.010000 9 259
75.010000 10 259
75.010000 11 259
75.010000 12 174
75.010000 13 259
75.010000 14 215
75.010000 15 259
75.010000 16 217
75.010000 17 215
75.010000 18 215
75.010000 19 259
75.010000 20 259
75.010000 21 259
75.010000 22 259
75.010000 23 259
75.010000 24 259
75.010000 25 171
75.010000 26 259
75.010000 27 259
76.010000 0 185
76.010000 1 221
76.010000 2 146
76.010000 3 221
76.010000 4 221
76.010000 5 221
76.010000 6 221
76.010000 7 221
76.010000 8 221
76.010000 9 221
76.010000 10 221
76.010000 11 221
76.010000 12 146
76.010000 13 221
76.010000 14 185
76.010000 15 221
76.010000 16 183
76.010000 17 185
76.010000 18 185
76.010000 19 221
76.010000 20 221
76.010000 21 221
76.010000 22 221
76.010000 23 221
76.010000 24 221
76.010000 25 149
76.010000 26 221
76.010000 27 221
77.010000 0 220
77.010000 1 264
77.010000 2 176
77.010000 3 264
77.010000 4 264
77.010000 5 264
77.010000 6 264
77.010000 7 264
77.010000 8 264
77.010000 9 264
77.010000 10 264
77.010000 11 264
77.010000 12 176
77.010000 13 264
77.010000 14 220
77.010000 15 264
77.010000 16 220
77.010000 17 220
77.010000 18 220
77.010000 19 264
77.010000 20 264
77.010000 21 264
77.010000 22 264
77.010000 23 264
77.010000 24 264
77.010000 25 176
77.010000 26 264
77.010000 27 264
78.010000 0 205
78.010000 1 247
78.010000 2 166
78.010000 3 247
78.010000 4 247
78.010000 5 247
78.010000 6 247
78.010000 7 247
78.010000 8 247
78.010000 9 247
78.010000 10 247
78.010000 11 247
78.010000 12 166
78.010000 13 247
78.010000 14 205
78.010000 15 247
78.010000 16 207
78.010000 17 205
78.010000 18 205
78.010000 19 247
78.010000 20 247
78.010000 21 247
78.010000 22 247
78.010000 23 247
78.010000 24 247
78.010000 25 163
78.010000 26 247
78.010000 27 247
79.010000 0 195
79.010000 1 233
79.010000 2 154
79.010000 3 233
79.010000 4 233
79.010000 5 233
79.010000 6 233
79.010000 7 233
79.010000 8 233
79.010000 9 233
79.010000 10 233
79.010000 11 233
79.010000 12 154
79.010000 13 233
79.010000 14 195
79.010000 15 233
79.010000 16 193
79.010000 17 195
79.010000 18 195
79.010000 19 233
79.010000 20 233
79.010000 21 233
79.010000 22 233
79.010000 23 233
79.010000 24 233
79.010000 25 157
79.010000 26 233
79.010000 27 233
80.010000 0 200
80.010000 1 240
80.010000 2 160
80.010000 3 240
80.010000 4 240
80.010000 5 240
80.010000 6 240
80.010000 7 240
80.010000 8 240
80.010000 9 240
80.010000 10 240
80.010000 11 240
80.010000 12 160
80.010000 13 240
80.010000 14 200
80.010000 15 240
80.010000 16 200
80.010000 17 200
80.010000 18 200
80.010000 19 240
80.010000 20 240
80.010000 21 240
80.010000 22 240
80.010000 23 240
80.010000 24 240
80.010000 25 160
80.010000 26 240
80.010000 27 240
81.010000 0 181
81.010000 1 219
81.010000 2 147
81.010000 3 219
81.010000 4 219
81.010000 5 219
81.010000 6 219
81.010000 7 219
81.010000 8 219
81.010000 9 219
81.010000 10 219
81.010000 11 219
81.010000 12 147
81.010000 13 219
81.010000 14 181
81.010000 15 219
81.010000 16 183
81.010000 17 181
81.010000 18 181
81.010000 19 219
81.010000 20 219
81.010000 21 219
81.010000 22 219
81.010000 23 219
81.010000 24 219
81.010000 25 146
81.010000 26 219
81.010000 27 219
82.010000 0 209
82.010000 1 249
82.010000 2 165
82.010000 3 249
82.010000 4 249
82.010000 5 249
82.010000 6 249
82.010000 7 249
82.010000 8 249
82.010000 9 249
82.010000 10 249
82.010000 11 249
82.010000 12 165
82.010000 13 249
82.010000 14 209
82.010000 15 249
82.010000 16 207
82.010000 17 209
82.010000 18 209
82.010000 19 249
82.010000 20 249
82.010000 21 249
82.010000 22 249
82.010000 23 249
82.010000 24 249
82.010000 25 166
82.010000 26 249
82.010000 27 249
83.010000 0 190
83.010000 1 228
83.010000 2 152
83.010000 3 228
83.010000 4 228
83.010000 5 228
83.010000 6 228
83.010000 7 228
83.010000 8 228
83.010000 9 228
83.010000 10 228
83.010000 11 228
83.010000 12 152
83.010000 13 228
83.010000 14 190
83.010000 15 228
83.010000 16 190
83.010000 17 190
83.010000 18 190
83.010000 19 228
83.010000 20 228
83.010000 21 228
83.010000 22 228
83.010000 23 228
83.010000 24 228
83.010000 25 152
83.010000 26 228
83.010000 27 228
84.010000 0 239
84.010000 1 287
84.010000 2 191
84.010000 3 287
84.010000 4 287
84.010000 5 287
84.010000 6 287
84.010000 7 287
84.010000 8 287
84.010000 9 287
84.010000 10 287
84.010000 11 287
84.010000 12 191
84.010000 13 287
84.010000 14 239
84.010000 15 287
84.010000 16 240
84.010000 17 239
84.010000 18 239
84.010000 19 287
84.010000 20 287
84.010000 21 287
84.010000 22 287
84.010000 23 287
84.010000 24 287
84.010000 25 191
84.010000 26 287
84.010000 27 287
85.010000 0 182
85.010000 1 220
85.010000 2 148
85.010000 3 220
85.010000 4 220
85.010000 5 220
85.010000 6 220
85.010000 7 220
85.010000 8 220
85.010000 9 220
85.010000 10 220
85.010000 11 220
85.010000 12 148
85.010000 13 220
85.010000 14 182
85.010000 15 220
85.010000 16 183
85.010000 17 182
85.010000 18 182
85.010000 19 220
85.010000 20 220
85.010000 21 220
85.010000 22 220
85.010000 23 220
85.010000 24 220
85.010000 25 147
85.010000 26 220
85.010000 27 220
86.010000 0 189
86.010000 1 225
86.010000 2 149
86.010000 3 225
86.010000 4 225
86.010000 5 225
86.010000 6 225
86.010000 7 225
86.010000 8 225
86.010000 9 225
86.010000 10 225
86.010000 11 225
86.010000 12 149
86.010000 13 225
86.010000 14 189
86.010000 15 225
86.010000 16 187
86.010000 17 189
86.010000 18 189
86.010000 19 225
86.010000 20 225
86.010000 21 225
86.010000 22 225
86.010000 23 225
86.010000 24 225
86.010000 25 150
86.010000 26 225
86.010000 27 225
87.010000 0 188
87.010000 1 226
87.010000 2 151
87.010000 3 226
87.010000 4 226
87.010000 5 226
87.010000 6 226
87.010000 7 226
87.010000 8 226
87.010000 9 226
87.010000 10 226
87.010000 11 226
87.010000 12 151
87.010000 13 226
87.010000 14 188
87.010000 15 226
87.010000 16 189
87.010000 17 188
87.010000 18 188
87.010000 19 226
87.010000 20 226
87.010000 21 226
87.010000 22 226
87.010000 23 226
87.010000 24 226
87.010000 25 150
87.010000 26 226
87.010000 27 226
88.010000 0 212
88.010000 1 254
88.010000 2 169
88.010000 3 254
88.010000 4 254
88.010000 5 254
88.010000 6 254
88.010000 7 254
88.010000 8 254
88.010000 9 254
88.010000 10 254
88.010000 11 254
88.010000 12 169
88.010000 13 254
88.010000 14 212
88.010000 15 254
88.010000 16 211
88.010000 17 212
88.010000 18 212
88.010000 19 254
88.010000 20 254
88.010000 21 254
88.010000 22 254
88.010000 23 254
88.010000 24 254
88.010000 25 170
88.010000 26 254
88.010000 27 254
89.010000 0 170
89.010000 1 204
89.010000 2 136
89.010000 3 204
89.010000 4 204
89.010000 5 204
89.010000 6 204
89.010000 7 204
89.010000 8 204
89.010000 9 204
89.010000 10 204
89.010000 11 204
89.010000 12 136
89.010000 13 204
89.010000 14 170
89.010000 15 204
89.010000 16 170
89.010000 17 170
89.010000 18 170
89.010000 19 204
89.010000 20 204
89.010000 21 204
89.010000 22 204
89.010000 23 204
89.010000 24 204
89.010000 25 136
89.010000 26 204
89.010000 27 204
90.010000 0 190
90.010000 1 228
90.010000 2 152
90.010000 3 228
90.010000 4 228
90.010000 5 228
90.010000 6 228
90.010000 7 228
90.010000 8 228
90.010000 9 228
90.010000 10 228
90.010000 11 228
90.010000 12 152
90.010000 13 228
90.010000 14 190
90.010000 15 228
90.010000 16 190
90.010000 17 190
90.010000 18 190
90.010000 19 228
90.010000 20 228
90.010000 21 228
90.010000 22 228
90.010000 23 228
90.010000 24 228
90.010000 25 152
90.010000 26 228
90.010000 27 228
91.010000 0 230
91.010000 1 276
91.010000 2 184
91.010000 3 276
91.010000 4 276
91.010000 5 276
91.010000 6 276
91.010000 7 276
91.010000 8 276
91.010000 9 276
91.010000 10 276
91.010000 11 276
91.010000 12 184
91.010000 13 276
91.010000 14 230
91.010000 15 276
91.010000 16 230
91.010000 17 230
91.010000 18 230
91.010000 19 276
91.010000 20 276
91.010000 21 276
91.010000 22 276
91.010000 23 276
91.010000 24 276
91.010000 25 184
91.010000 26 276
91.010000 27 276
92.010000 0 190
92.010000 1 228
92.010000 2 152
92.010000 3 228
92.010000 4 228
92.010000 5 228
92.010000 6 228
92.010000 7 228
92.010000 8 228
92.010000 9 228
92.010000 10 228
92.010000 11 228
92.010000 12 152
92.010000 13 228
92.010000 14 190
92.010000 15 228
92.010000 16 190
92.010000 17 190
92.010000 18 190
92.010000 19 228
92.010000 20 228
92.010000 21 228
92.010000 22 228
92.010000 23 228
92.010000 24 228
92.010000 25 152
92.010000 26 228
92.010000 27 228
93.010000 0 199
93.010000 1 239
93.010000 2 159
93.010000 3 239
93.010000 4 239
93.010000 5 239
93.010000 6 239
93.010000 7 239
93.010000 8 239
93.010000 9 239
93.010000 10 239
93.010000 11 239
93.010000 12 159
93.010000 13 239
93.010000 14 199
93.010000 15 239
93.010000 16 200
93.010000 17 199
93.010000 18 199
93.010000 19 239
93.010000 20 239
93.010000 21 239
93.010000 22 239
93.010000 23 239
93.010000 24 239
93.010000 25 159
93.010000 26 239
93.010000 27 239
94.010000 0 221
94.010000 1 265
94.010000 2 177
94.010000 3 265
94.010000 4 265
94.010000 5 265
94.010000 6 265
94.010000 7 265
94.010000 8 265
94.010000 9 265
94.010000 10 265
94.010000 11 265
94.010000 12 177
94.010000 13 265
94.010000 14 221
94.010000 15 265
94.010000 16 220
94.010000 17 221
94.010000 18 221
94.010000 19 265
94.010000 20 265
94.010000 21 265
94.010000 22 265
94.010000 23 265
94.010000 24 265
94.010000 25 177
94.010000 26 265
94.010000 27 265
95.010000 0 200
95.010000 1 240
95.010000 2 160
95.010000 3 240
95.010000 4 240
95.010000 5 240
95.010000 6 240
95.010000 7 240
95.010000 8 240
95.010000 9 240
95.010000 10 240
95.010000 11 240
95.010000 12 160
95.010000 13 240
95.010000 14 200
95.010000 15 240
95.010000 16 200
95.010000 17 200
95.010000 18 200
95.010000 19 240
95.010000 20 240
95.010000 21 240
95.010000 22 240
95.010000 23 240
95.010000 24 240
95.010000 25 160
95.010000 26 240
95.010000 27 240
96.010000 0 185
96.010000 1 223
96.010000 2 150
96.010000 3 223
96.010000 4 223
96.010000 5 223
96.010000 6 223
96.010000 7 223
96.010000 8 223
96.010000 9 223
96.010000 10 223
96.010000 11 223
96.010000 12 150
96.010000 13 223
96.010000 14 185
96.010000 15 223
96.010000 16 187
96.010000 17 185
96.010000 18 185
96.010000 19 223
96.010000 20 223
96.010000 21 223
96.010000 22 223
96.010000 23 223
96.010000 24 223
96.010000 25 147
96.010000 26 223
96.010000 27 223
97.010000 0 195
97.010000 1 233
97.010000 2 154
97.010000 3 233
97.010000 4 233
97.010000 5 233
97.010000 6 233
97.010000 7 233
97.010000 8 233
97.010000 9 233
97.010000 10 233
97.010000 11 233
97.010000 12 154
97.010000 13 233
97.010000 14 195
97.010000 15 233
97.010000 16 193
97.010000 17 195
97.010000 18 195
97.010000 19 233
97.010000 20 233
97.010000 21 233
97.010000 22 233
97.010000 23 233
97.010000 24 233
97.010000 25 157
97.010000 26 233
97.010000 27 233
98.010000 0 191
98.010000 1 231
98.010000 2 155
98.010000 3 231
98.010000 4 231
98.010000 5 231
98.010000 6 231
98.010000 7 231
98.010000 8 231
98.010000 9 231
98.010000 10 231
98.010000 11 231
98.010000 12 155
98.010000 13 231
98.010000 14 191
98.010000 15 231
98.010000 16 193
98.010000 17 191
98.010000 18 191
98.010000 19 231
98.010000 20 231
98.010000 21 231
98.010000 22 231
98.010000 23 231
98.010000 24 231
98.010000 25 154
98.010000 26 231
98.010000 27 231
99.010000 0 229
99.010000 1 273
99.010000 2 181
99.010000 3 273
99.010000 4 273
99.010000 5 273
99.010000 6 273
99.010000 7 273
99.010000 8 273
99.010000 9 273
99.010000 10 273
99.010000 11 273
99.010000 12 181
99.010000 13 273
99.010000 14 229
99.010000 15 273
99.010000 16 227
99.010000 17 229
99.010000 18 229
99.010000 19 273
99.010000 20 273
99.010000 21 273
99.010000 22 273
99.010000 23 273
99.010000 24 273
99.010000 25 182
99.010000 26 273
99.010000 27 273
100.010000 0 195
100.010000 1 235
100.010000 2 158
100.010000 3 235
100.010000 4 235
100.010000 5 235
100.010000 6 235
100.010000 7 235
100.010000 8 235
100.010000 9 235
100.010000 10 235
100.010000 11 235
100.010000 12 158
100.010000 13 235
100.010000 14 195
100.010000 15 235
100.010000 16 197
100.010000 17 195
100.010000 18 195
100.010000 19 235
100.010000 20 235
100.010000 21 235
100.010000 22 235
100.010000 23 235
100.010000 24 235
100.010000 25 155
100.010000 26 235
100.010000 27 235
101.010000 0 205
101.010000 1 245
101.010000 2 162
101.010000 3 245
101.010000 4 245
101.010000 5 245
101.010000 6 245
101.010000 7 245
101.010000 8 245
101.010000 9 245
101.010000 10 245
101.010000 11 245
101.010000 12 162
101.010000 13 245
101.010000 14 205
101.010000 15 245
101.010000 16 203
101.010000 17 205
101.010000 18 205
101.010000 19 245
101.010000 20 245
101.010000 21 245
101.010000 22 245
101.010000 23 245
101.010000 24 245
101.010000 25 165
101.010000 26 245
101.010000 27 245
102.010000 0 200
102.010000 1 240
102.010000 2 160
102.010000 3 240
102.010000 4 240
102.010000 5 240
102.010000 6 240
102.010000 7 240
102.010000 8 240
102.010000 9 240
102.010000 10 240
102.010000 11 240
102.010000 12 160
102.010000 13 240
102.010000 14 200
102.010000 15 240
102.010000 16 200
102.010000 17 200
102.010000 18 200
102.010000 19 240
102.010000 20 240
102.010000 21 240
102.010000 22 240
102.010000 23 240
102.010000 24 240
102.010000 25 160
102.010000 26 240
102.010000 27 240
103.010000 0 220
103.010000 1 264
103.010000 2 176
103.010000 3 264
103.010000 4 264
103.010000 5 264
103.010000 6 264
103.010000 7 264
103.010000 8 264
103.010000 9 264
103.010000 10 264
103.010000 11 264
103.010000 12 176
103.010000 13 264
103.010000 14 220
103.010000 15 264
103.010000 16 220
103.010000 17 220
103.010000 18 220
103.010000 19 264
103.010000 20 264
103.010000 21 264
103.010000 22 264
103.010000 23 264
103.010000 24 264
103.010000 25 176
103.010000 26 264
103.010000 27 264
104.010000 0 180
104.010000 1 216
104.010000 2 144
104.010000 3 216
104.010000 4 216
104.010000 5 216
104.010000 6 216
104.010000 7 216
104.010000 8 216
104.010000 9 216
104.010000 10 216
104.010000 11 216
104.010000 12 144
104.010000 13 216
104.010000 14 180
104.010000 15 216
104.010000 16 180
104.010000 17 180
104.010000 18 180
104.010000 19 216
104.010000 20 216
104.010000 21 216
104.010000 22 216
104.010000 23 216
104.010000 24 216
104.010000 25 144
104.010000 26 216
104.010000 27 216
105.010000 0 200
105.010000 1 240
105.010000 2 160
105.010000 3 240
105.010000 4 240
105.010000 5 240
105.010000 6 240
105.010000 7 240
105.010000 8 240
105.010000 9 240
105.010000 10 240
105.010000 11 240
105.010000 12 160
105.010000 13 240
105.010000 14 200
105.010000 15 240
105.010000 16 200
105.010000 17 200
105.010000 18 200
105.010000 19 240
105.010000 20 240
105.010000 21 240
105.010000 22 240
105.010000 23 240
105.010000 24 240
105.010000 25 160
105.010000 26 240
105.010000 27 240
106.010000 0 200
106.010000 1 240
106.010000 2 160
106.010000 3 240
106.010000 4 240
106.010000 5 240
106.010000 6 240
106.010000 7 240
106.010000 8 240
106.010000 9 240
106.010000 10 240
106.010000 11 240
106.010000 12 160
106.010000 13 240
106.010000 14 200
106.010000 15 240
106.010000 16 200
106.010000 17 200
106.010000 18 200
106.010000 19 240
106.010000 20 240
106.010000 21 240
106.010000 22 240
106.010000 23 240
106.010000 24 240
106.010000 25 160
106.010000 26 240
106.010000 27 240
107.010000 0 220
107.010000 1 264
107.010000 2 176
107.010000 3 264
107.010000 4 264
107.010000 5 264
107.010000 6 264
107.010000 7 264
107.010000 8 264
107.010000 9 264
107.010000 10 264
107.010000 11 264
107.010000 12 176
107.010000 13 264
107.010000 14 220
107.010000 15 264
107.010000 16 220
107.010000 17 220
107.010000 18 220
107.010000 19 264
107.010000 20 264
107.010000 21 264
107.010000 22 264
107.010000 23 264
107.010000 24 264
107.010000 25 176
107.010000 26 264
107.010000 27 264
108.010000 0 201
108.010000 1 243
108.010000 2 163
108.010000 3 243
108.010000 4 243
108.010000 5 243
108.010000 6 243
108.010000 7 243
108.010000 8 243
108.010000 9 243
108.010000 10 243
108.010000 11 243
108.010000 12 163
108.010000 13 243
108.010000 14 201
108.010000 15 243
108.010000 16 203
108.010000 17 201
108.010000 18 201
108.010000 19 243
108.010000 20 243
108.010000 21 243
108.010000 22 243
108.010000 23 243
108.010000 24 243
108.010000 25 162
108.010000 26 243
108.010000 27 243
109.010000 0 189
109.010000 1 225
109.010000 2 149
109.010000 3 225
109.010000 4 225
109.010000 5 225
109.010000 6 225
109.010000 7 225
109.010000 8 225
109.010000 9 225
109.010000 10 225
109.010000 11 225
109.010000 12 149
109.010000 13 225
109.010000 14 189
109.010000 15 225
109.010000 16 187
109.010000 17 189
109.010000 18 189
109.010000 19 225
109.010000 20 225
109.010000 21 225
109.010000 22 225
109.010000 23 225
109.010000 24 225
109.010000 25 150
109.010000 26 225
109.010000 27 225
110.010000 0 201
110.010000 1 243
110.010000 2 163
110.010000 3 243
110.010000 4 243
110.010000 5 243
110.010000 6 243
110.010000 7 243
110.010000 8 243
110.010000 9 243
110.010000 10 243
110.010000 11 243
110.010000 12 163
110.010000 13 243
110.010000 14 201
110.010000 15 243
110.010000 16 203
110.010000 17 201
110.010000 18 201
110.010000 19 243
110.010000 20 243
110.010000 21 243
110.010000 22 243
110.010000 23 243
110.010000 24 243
110.010000 25 162
110.010000 26 243
110.010000 27 243
111.010000 0 210
111.010000 1 252
111.010000 2 168
111.010000 3 252
111.010000 4 252
111.010000 5 252
111.010000 6 252
111.010000 7 252
111.010000 8 252
111.010000 9 252
111.010000 10 252
111.010000 11 252
111.010000 12 168
111.010000 13 252
111.010000 14 210
111.010000 15 252
111.010000 16 210
111.010000 17 210
111.010000 18 210
111.010000 19 252
111.010000 20 252
111.010000 21 252
111.010000 22 252
111.010000 23 252
111.010000 24 252
111.010000 25 168
111.010000 26 252
111.010000 27 252
112.010000 0 210
112.010000 1 252
112.010000 2 168
112.010000 3 252
112.010000 4 252
112.010000 5 252
112.010000 6 252
112.010000 7 252
112.010000 8 252
112.010000 9 252
112.010000 10 252
112.010000 11 252
112.010000 12 168
112.010000 13 252
112.010000 14 210
112.010000 15 252
112.010000 16 210
112.010000 17 210
112.010000 18 210
112.010000 19 252
112.010000 20 252
112.010000 21 252
112.010000 22 252
112.010000 23 252
112.010000 24 252
112.010000 25 168
112.010000 26 252
112.010000 27 252
113.010000 0 199
113.010000 1 237
113.010000 2 157
113.010000 3 237
113.010000 4 237
113.010000 5 237
113.010000 6 237
113.010000 7 237
113.010000 8 237
113.010000 9 237
113.010000 10 237
113.010000 11 237
113.010000 12 157
113.010000 13 237
113.010000 14 199
113.010000 15 237
113.010000 16 197
113.010000 17 199
113.010000 18 199
113.010000 19 237
113.010000 20 237
113.010000 21 237
113.010000 22 237
113.010000 23 237
113.010000 24 237
113.010000 25 158
113.010000 26 237
113.010000 27 237
114.010000 0 190
114.010000 1 228
114.010000 2 152
114.010000 3 228
114.010000 4 228
114.010000 5 228
114.010000 6 228
114.010000 7 228
114.010000 8 228
114.010000 9 228
114.010000 10 228
114.010000 11 228
114.010000 12 152
114.010000 13 228
114.010000 14 190
114.010000 15 228
114.010000 16 190
114.010000 17 190
114.010000 18 190
114.010000 19 228
114.010000 20 228
114.010000 21 228
114.010000 22 228
114.010000 23 228
114.010000 24 228
114.010000 25 152
114.010000 26 228
114.010000 27 228
115.010000 0 220
115.010000 1 264
115.010000 2 176
115.010000 3 264
115.010000 4 264
115.010000 5 264
115.010000 6 264
115.010000 7 264
115.010000 8 264
115.010000 9 264
115.010000 10 264
115.010000 11 264
115.010000 12 176
115.010000 13 264
115.010000 14 220
115.010000 15 264
115.010000 16 220
115.010000 17 220
115.010000 18 220
115.010000 19 264
115.010000 20 264
115.010000 21 264
115.010000 22 264
115.010000 23 264
115.010000 24 264
115.010000 25 176
115.010000 26 264
115.010000 27 264
116.010000 0 200
116.010000 1 240
116.010000 2 160
116.010000 3 240
116.010000 4 240
116.010000 5 240
116.010000 6 240
116.010000 7 240
116.010000 8 240
116.010000 9 240
116.010000 10 240
116.010000 11 240
116.010000 12 160
116.010000 13 240
116.010000 14 200
116.010000 15 240
116.010000 16 200
116.010000 17 200
116.010000 18 200
116.010000 19 240
116.010000 20 240
116.010000 21 240
116.010000 22 240
116.010000 23 240
116.010000 24 240
116.010000 25 160
116.010000 26 240
116.010000 27 240
117.010000 0 200
117.010000 1 240
117.010000 2 160
117.010000 3 240
117.010000 4 240
117.010000 5 240
117.010000 6 240
117.010000 7 240
117.010000 8 240
117.010000 9 240
117.010000 10 240
117.010000 11 240
117.010000 12 160
117.010000 13 240
117.010000 14 200
117.010000 15 240
117.010000 16 200
117.010000 17 200
117.010000 18 200
117.010000 19 240
117.010000 20 240
117.010000 21 240
117.010000 22 240
117.010000 23 240
117.010000 24 240
117.010000 25 160
117.010000 26 240
117.010000 27 240
118.010000 0 190
118.010000 1 228
118.010000 2 152
118.010000 3 228
118.010000 4 228
118.010000 5 228
118.010000 6 228
118.010000 7 228
118.010000 8 228
118.010000 9 228
118.010000 10 228
118.010000 11 228
118.010000 12 152
118.010000 13 228
118.010000 14 190
118.010000 15 228
118.010000 16 190
118.010000 17 190
118.010000 18 190
118.010000 19 228
118.010000 20 228
118.010000 21 228
118.010000 22 228
118.010000 23 228
118.010000 24 228
118.010000 25 152
118.010000 26 228
118.010000 27 228
119.010000 0 200
119.010000 1 240
119.010000 2 160
119.010000 3 240
119.010000 4 240
119.010000 5 240
119.010000 6 240
119.010000 7 240
119.010000 8 240
119.010000 9 240
119.010000 10 240
119.010000 11 240
119.010000 12 160
119.010000 13 240
119.010000 14 200
119.010000 15 240
119.010000 16 200
119.010000 17 200
119.010000 18 200
119.010000 19 240
119.010000 20 240
119.010000 21 240
119.010000 22 240
119.010000 23 240
119.010000 24 240
119.010000 25 160
119.010000 26 240
119.010000 27 240
120.010000 0 200
120.010000 1 240
120.010000 2 160
120.010000 3 240
120.010000 4 240
120.010000 5 240
120.010000 6 240
120.010000 7 240
120.010000 8 240
120.010000 9 240
120.010000 10 240
120.010000 11 240
120.010000 12 160
120.010000 13 240
120.010000 14 200
120.010000 15 240
120.010000 16 200
120.010000 17 200
120.010000 18 200
120.010000 19 240
120.010000 20 240
120.010000 21 240
120.010000 22 240
120.010000 23 240
120.010000 24 240
120.010000 25 160
120.010000 26 240
120.010000 27 240
121.010000 0 210
121.010000 1 252
121.010000 2 168
121.010000 3 252
121.010000 4 252
121.010000 5 252
121.010000 6 252
121.010000 7 252
121.010000 8 252
121.010000 9 252
121.010000 10 252
121.010000 11 252
121.010000 12 168
121.010000 13 252
121.010000 14 210
121.010000 15 252
121.010000 16 210
121.010000 17 210
121.010000 18 210
121.010000 19 252
121.010000 20 252
121.010000 21 252
121.010000 22 252
121.010000 23 252
121.010000 24 252
121.010000 25 168
121.010000 26 252
121.010000 27 252
122.010000 0 210
122.010000 1 252
122.010000 2 168
122.010000 3 252
122.010000 4 252
122.010000 5 252
122.010000 6 252
122.010000 7 252
122.010000 8 252
122.010000 9 252
122.010000 10 252
122.010000 11 252
122.010000 12 168
122.010000 13 252
122.010000 14 210
122.010000 15 252
122.010000 16 210
122.010000 17 210
122.010000 18 210
122.010000 19 252
122.010000 20 252
122.010000 21 252
122.010000 22 252
122.010000 23 252
122.010000 24 252
122.010000 25 168
122.010000 26 252
122.010000 27 252
123.010000 0 209
123.010000 1 251
123.010000 2 167
123.010000 3 251
123.010000 4 251
123.010000 5 251
123.010000 6 251
123.010000 7 251
123.010000 8 251
123.010000 9 251
123.010000 10 251
123.010000 11 251
123.010000 12 167
123.010000 13 251
123.010000 14 209
123.010000 15 251
123.010000 16 210
123.010000 17 209
123.010000 18 209
123.010000 19 251
123.010000 20 251
123.010000 21 251
123.010000 22 251
123.010000 23 251
123.010000 24 251
123.010000 25 167
123.010000 26 251
123.010000 27 251
124.010000 0 201
124.010000 1 241
124.010000 2 161
124.010000 3 241
124.010000 4 241
124.010000 5 241
124.010000 6 241
124.010000 7 241
124.010000 8 241
124.010000 9 241
124.010000 10 241
124.010000 11 241
124.010000 12 161
124.010000 13 241
124.010000 14 201
124.010000 15 241
124.010000 16 200
124.010000 17 201
124.010000 18 201
124.010000 19 241
124.010000 20 241
124.010000 21 241
124.010000 22 241
124.010000 23 241
124.010000 24 241
124.010000 25 161
124.010000 26 241
124.010000 27 241
125.010000 0 185
125.010000 1 223
125.010000 2 150
125.010000 3 223
125.010000 4 223
125.010000 5 223
125.010000 6 223
125.010000 7 223
125.010000 8 223
125.010000 9 223
125.010000 10 223
125.010000 11 223
125.010000 12 150
125.010000 13 223
125.010000 14 185
125.010000 15 223
125.010000 16 187
125.010000 17 185
125.010000 18 185
125.010000 19 223
125.010000 20 223
125.010000 21 223
125.010000 22 223
125.010000 23 223
125.010000 24 223
125.010000 25 147
125.010000 26 223
125.010000 27 223
126.010000 0 195
126.010000 1 233
126.010000 2 154
126.010000 3 233
126.010000 4 233
126.010000 5 233
126.010000 6 233
126.010000 7 233
126.010000 8 233
126.010000 9 233
126.010000 10 233
126.010000 11 233
126.010000 12 154
126.010000 13 233
126.010000 14 195
126.010000 15 233
126.010000 16 193
126.010000 17 195
126.010000 18 195
126.010000 19 233
126.010000 20 233
126.010000 21 233
126.010000 22 233
126.010000 23 233
126.010000 24 233
126.010000 25 157
126.010000 26 233
126.010000 27 233
127.010000 0 211
127.010000 1 255
127.010000 2 171
127.010000 3 255
127.010000 4 255
127.010000 5 255
127.010000 6 255
127.010000 7 255
127.010000 8 255
127.010000 9 255
127.010000 10 255
127.010000 11 255
127.010000 12 171
127.010000 13 255
127.010000 14 211
127.010000 15 255
127.010000 16 213
127.010000 17 211
127.010000 18 211
127.010000 19 255
127.010000 20 255
127.010000 21 255
127.010000 22 255
127.010000 23 255
127.010000 24 255
127.010000 25 170
127.010000 26 255
127.010000 27 255
128.010000 0 199
128.010000 1 237
128.010000 2 157
128.010000 3 237
128.010000 4 237
128.010000 5 237
128.010000 6 237
128.010000 7 237
128.010000 8 237
128.010000 9 237
128.010000 10 237
128.010000 11 237
128.010000 12 157
128.010000 13 237
128.010000 14 199
128.010000 15 237
128.010000 16 197
128.010000 17 199
128.010000 18 199
128.010000 19 237
128.010000 20 237
128.010000 21 237
128.010000 22 237
128.010000 23 237
128.010000 24 237
128.010000 25 158
128.010000 26 237
128.010000 27 237
129.010000 0 180
129.010000 1 216
129.010000 2 144
129.010000 3 216
129.010000 4 216
129.010000 5 216
129.010000 6 216
129.010000 7 216
129.010000 8 216
129.010000 9 216
129.010000 10 216
129.010000 11 216
129.010000 12 144
129.010000 13 216
129.010000 14 180
129.010000 15 216
129.010000 16 180
129.010000 17 180
129.010000 18 180
129.010000 19 216
129.010000 20 216
129.010000 21 216
129.010000 22 216
129.010000 23 216
129.010000 24 216
129.010000 25 144
129.010000 26 216
129.010000 27 216
130.010000 0 200
130.010000 1 240
130.010000 2 160
130.010000 3 240
130.010000 4 240
130.010000 5 240
130.010000 6 240
130.010000 7 240
130.010000 8 240
130.010000 9 240
130.010000 10 240
130.010000 11 240
130.010000 12 160
130.010000 13 240
130.010000 14 200
130.010000 15 240
130.010000 16 200
130.010000 17 200
130.010000 18 200
130.010000 19 240
130.010000 20 240
130.010000 21 240
130.010000 22 240
130.010000 23 240
130.010000 24 240
130.010000 25 160
130.010000 26 240
130.010000 27 240
131.010000 0 199
131.010000 1 239
131.010000 2 159
131.010000 3 239
131.010000 4 239
131.010000 5 239
131.010000 6 239
131.010000 7 239
131.010000 8 239
131.010000 9 239
131.010000 10 239
131.010000 11 239
131.010000 12 159
131.010000 13 239
131.010000 14 199
131.010000 15 239
131.010000 16 200
131.010000 17 199
131.010000 18 199
131.010000 19 239
131.010000 20 239
131.010000 21 239
131.010000 22 239
131.010000 23 239
131.010000 24 239
131.010000 25 159
131.010000 26 239
131.010000 27 239
132.010000 0 201
132.010000 1 241
132.010000 2 161
132.010000 3 241
132.010000 4 241
132.010000 5 241
132.010000 6 241
132.010000 7 241
132.010000 8 241
132.010000 9 241
132.010000 10 241
132.010000 11 241
132.010000 12 161
132.010000 13 241
132.010000 14 201
132.010000 15 241
132.010000 16 200
132.010000 17 201
132.010000 18 201
132.010000 19 241
132.010000 20 241
132.010000 21 241
132.010000 22 241
132.010000 23 241
132.010000 24 241
132.010000 25 161
132.010000 26 241
132.010000 27 241
133.010000 0 190
133.010000 1 228
133.010000 2 152
133.010000 3 228
133.010000 4 228
133.010000 5 228
133.010000 6 228
133.010000 7 228
133.010000 8 228
133.010000 9 228
133.010000 10 228
133.010000 11 228
133.010000 12 152
133.010000 13 228
133.010000 14 190
133.010000 15 228
133.010000 16 190
133.010000 17 190
133.010000 18 190
133.010000 19 228
133.010000 20 228
133.010000 21 228
133.010000 22 228
133.010000 23 228
133.010000 24 228
133.010000 25 152
133.010000 26 228
133.010000 27 228
134.010000 0 210
134.010000 1 252
134.010000 2 168
134.010000 3 252
134.010000 4 252
134.010000 5 252
134.010000 6 252
134.010000 7 252
134.010000 8 252
134.010000 9 252
134.010000 10 252
134.010000 11 252
134.010000 12 168
134.010000 13 252
134.010000 14 210
134.010000 15 252
134.010000 16 210
134.010000 17 210
134.010000 18 210
134.010000 19 252
134.010000 20 252
134.010000 21 252
134.010000 22 252
134.010000 23 252
134.010000 24 252
134.010000 25 168
134.010000 26 252
134.010000 27 252
135.010000 0 189
135.010000 1 227
135.010000 2 151
135.010000 3 227
135.010000 4 227
135.010000 5 227
135.010000 6 227
135.010000 7 227
135.010000 8 227
135.010000 9 227
135.010000 10 227
135.010000 11 227
135.010000 12 151
135.010000 13 227
135.010000 14 189
135.010000 15 227
135.010000 16 190
135.010000 17 189
135.010000 18 189
135.010000 19 227
135.010000 20 227
135.010000 21 227
135.010000 22 227
135.010000 23 227
135.010000 24 227
135.010000 25 151
135.010000 26 227
135.010000 27 227
136.010000 0 192
136.010000 1 232
136.010000 2 156
136.010000 3 232
136.010000 4 232
136.010000 5 232
136.010000 6 232
136.010000 7 232
136.010000 8 232
136.010000 9 232
136.010000 10 232
136.010000 11 232
136.010000 12 156
136.010000 13 232
136.010000 14 192
136.010000 15 232
136.010000 16 193
136.010000 17 192
136.010000 18 192
136.010000 19 232
136.010000 20 232
136.010000 21 232
136.010000 22 232
136.010000 23 232
136.010000 24 232
136.010000 25 155
136.010000 26 232
136.010000 27 232
137.010000 0 218
137.010000 1 260
137.010000 2 172
137.010000 3 260
137.010000 4 260
137.010000 5 260
137.010000 6 260
137.010000 7 260
137.010000 8 260
137.010000 9 260
137.010000 10 260
137.010000 11 260
137.010000 12 172
137.010000 13 260
137.010000 14 218
137.010000 15 260
137.010000 16 217
137.010000 17 218
137.010000 18 218
137.010000 19 260
137.010000 20 260
137.010000 21 260
137.010000 22 260
137.010000 23 260
137.010000 24 260
137.010000 25 173
137.010000 26 260
137.010000 27 260
138.010000 0 191
138.010000 1 229
138.010000 2 153
138.010000 3 229
138.010000 4 229
138.010000 5 229
138.010000 6 229
138.010000 7 229
138.010000 8 229
138.010000 9 229
138.010000 10 229
138.010000 11 229
138.010000 12 153
138.010000 13 229
138.010000 14 191
138.010000 15 229
138.010000 16 190
138.010000 17 191
138.010000 18 191
138.010000 19 229
138.010000 20 229
138.010000 21 229
138.010000 22 229
138.010000 23 229
138.010000 24 229
138.010000 25 153
138.010000 26 229
138.010000 27 229
139.010000 0 219
139.010000 1 263
139.010000 2 175
139.010000 3 263
139.010000 4 263
139.010000 5 263
139.010000 6 263
139.010000 7 263
139.010000 8 263
139.010000 9 263
139.010000 10 263
139.010000 11 263
139.010000 12 175
139.010000 13 263
139.010000 14 219
139.010000 15 263
139.010000 16 220
139.010000 17 219
139.010000 18 219
139.010000 19 263
139.010000 20 263
139.010000 21 263
139.010000 22 263
139.010000 23 263
139.010000 24 263
139.010000 25 175
139.010000 26 263
139.010000 27 263
140.010000 0 201
140.010000 1 241
140.010000 2 161
140.010000 3 241
140.010000 4 241
140.010000 5 241
140.010000 6 241
140.010000 7 241
140.010000 8 241
140.010000 9 241
140.010000 10 241
140.010000 11 241
140.010000 12 161
140.010000 13 241
140.010000 14 201
140.010000 15 241
140.010000 16 200
140.010000 17 201
140.010000 18 201
140.010000 19 241
140.010000 20 241
140.010000 21 241
140.010000 22 241
140.010000 23 241
140.010000 24 241
140.010000 25 161
140.010000 26 241
140.010000 27 241
141.010000 0 190
141.010000 1 228
141.010000 2 152
141.010000 3 228
141.010000 4 228
141.010000 5 228
141.010000 6 228
141.010000 7 228
141.010000 8 228
141.010000 9 228
141.010000 10 228
141.010000 11 228
141.010000 12 152
141.010000 13 228
141.010000 14 190
141.010000 15 228
141.010000 16 190
141.010000 17 190
141.010000 18 190
141.010000 19 228
141.010000 20 228
141.010000 21 228
141.010000 22 228
141.010000 23 228
141.010000 24 228
141.010000 25 152
141.010000 26 228
141.010000 27 228
142.010000 0 202
142.010000 1 244
142.010000 2 164
142.010000 3 244
142.010000 4 244
142.010000 5 244
142.010000 6 244
142.010000 7 244
142.010000 8 244
142.010000 9 244
142.010000 10 244
142.010000 11 244
142.010000 12 164
142.010000 13 244
142.010000 14 202
142.010000 15 244
142.010000 16 204
142.010000 17 202
142.010000 18 202
142.010000 19 244
142.010000 20 244
142.010000 21 244
142.010000 22 244
142.010000 23 244
142.010000 24 244
142.010000 25 162
142.010000 26 244
142.010000 27 244
143.010000 0 208
143.010000 1 248
143.010000 2 164
143.010000 3 248
143.010000 4 248
143.010000 5 248
143.010000 6 248
143.010000 7 248
143.010000 8 248
143.010000 9 248
143.010000 10 248
143.010000 11 248
143.010000 12 164
143.010000 13 248
143.010000 14 208
143.010000 15 248
143.010000 16 206
143.010000 17 208
143.010000 18 208
143.010000 19 248
143.010000 20 248
143.010000 21 248
143.010000 22 248
143.010000 23 248
143.010000 24 248
143.010000 25 166
143.010000 26 248
143.010000 27 248
144.010000 0 220
144.010000 1 264
144.010000 2 176
144.010000 3 264
144.010000 4 264
144.010000 5 264
144.010000 6 264
144.010000 7 264
144.010000 8 264
144.010000 9 264
144.010000 10 264
144.010000 11 264
144.010000 12 176
144.010000 13 264
144.010000 14 220
144.010000 15 264
144.010000 16 220
144.010000 17 220
144.010000 18 220
144.010000 19 264
144.010000 20 264
144.010000 21 264
144.010000 22 264
144.010000 23 264
144.010000 24 264
144.010000 25 176
144.010000 26 264
144.010000 27 264
145.010000 0 201
145.010000 1 243
145.010000 2 163
145.010000 3 243
145.010000 4 243
145.010000 5 243
145.010000 6 243
145.010000 7 243
145.010000 8 243
145.010000 9 243
145.010000 10 243
145.010000 11 243
145.010000 12 163
145.010000 13 243
145.010000 14 201
145.010000 15 243
145.010000 16 203
145.010000 17 201
145.010000 18 201
145.010000 19 243
145.010000 20 243
145.010000 21 243
145.010000 22 243
145.010000 23 243
145.010000 24 243
145.010000 25 162
145.010000 26 243
145.010000 27 243
146.010000 0 189
146.010000 1 225
146.010000 2 149
146.010000 3 225
146.010000 4 225
146.010000 5 225
146.010000 6 225
146.010000 7 225
146.010000 8 225
146.010000 9 225
146.010000 10 225
146.010000 11 225
146.010000 12 149
146.010000 13 225
146.010000 14 189
146.010000 15 225
146.010000 16 187
146.010000 17 189
146.010000 18 189
146.010000 19 225
146.010000 20 225
146.010000 21 225
146.010000 22 225
146.010000 23 225
146.010000 24 225
146.010000 25 150
146.010000 26 225
146.010000 27 225
147.010000 0 190
147.010000 1 229
147.010000 2 153
147.010000 3 229
147.010000 4 229
147.010000 5 229
147.010000 6 229
147.010000 7 229
147.010000 8 229
147.010000 9 229
147.010000 10 229
147.010000 11 229
147.010000 12 153
147.010000 13 229
147.010000 14 190
147.010000 15 229
147.010000 16 191
147.010000 17 190
147.010000 18 190
147.010000 19 229
147.010000 20 229
147.010000 21 229
147.010000 22 229
147.010000 23 229
147.010000 24 229
147.010000 25 153
147.010000 26 229
147.010000 27 229
148.010000 0 200
148.010000 1 239
148.010000 2 159
148.010000 3 239
148.010000 4 239
148.010000 5 239
148.010000 6 239
148.010000 7 239
148.010000 8 239
148.010000 9 239
148.010000 10 239
148.010000 11 239
148.010000 12 159
148.010000 13 239
148.010000 14 200
148.010000 15 239
148.010000 16 199
148.010000 17 200
148.010000 18 200
148.010000 19 239
148.010000 20 239
148.010000 21 239
148.010000 22 239
148.010000 23 239
148.010000 24 239
148.010000 25 159
148.010000 26 239
148.010000 27 239
149.010000 0 205
149.010000 1 247
149.010000 2 166
149.010000 3 247
149.010000 4 247
149.010000 5 247
149.010000 6 247
149.010000 7 247
149.010000 8 247
149.010000 9 247
149.010000 10 247
149.010000 11 247
149.010000 12 166
149.010000 13 247
149.010000 14 205
149.010000 15 247
149.010000 16 207
149.010000 17 205
149.010000 18 205
149.010000 19 247
149.010000 20 247
149.010000 21 247
149.010000 22 247
149.010000 23 247
149.010000 24 247
149.010000 25 163
149.010000 26 247
149.010000 27 247
