0.010000 0 4
0.010000 1 6
0.010000 2 4
0.010000 3 6
0.010000 4 5
0.010000 5 5
0.010000 6 4
0.010000 7 6
0.010000 8 4
1.010000 0 8
1.010000 1 7
1.010000 2 6
1.010000 3 6
1.010000 4 7
1.010000 5 8
1.010000 6 6
1.010000 7 6
1.010000 8 8
2.010000 0 7
2.010000 1 8
2.010000 2 8
2.010000 3 10
2.010000 4 9
2.010000 5 9
2.010000 6 8
2.010000 7 9
2.010000 8 7
3.010000 0 6
3.010000 1 9
3.010000 2 8
3.010000 3 7
3.010000 4 8
3.010000 5 8
3.010000 6 8
3.010000 7 8
3.010000 8 6
4.010000 0 7
4.010000 1 7
4.010000 2 6
4.010000 3 9
4.010000 4 9
4.010000 5 7
4.010000 6 6
4.010000 7 9
4.010000 8 7
5.010000 0 7
5.010000 1 8
5.010000 2 7
5.010000 3 8
5.010000 4 8
5.010000 5 8
5.010000 6 7
5.010000 7 8
5.010000 8 7
6.010000 0 7
6.010000 1 8
6.010000 2 7
6.010000 3 8
6.010000 4 8
6.010000 5 9
6.010000 6 7
6.010000 7 7
6.010000 8 7
7.010000 0 8
7.010000 1 7
7.010000 2 6
7.010000 3 7
7.010000 4 6
7.010000 5 6
7.010000 6 6
7.010000 7 8
7.010000 8 8
8.010000 0 6
8.010000 1 10
8.010000 2 9
8.010000 3 9
8.010000 4 9
8.010000 5 9
8.010000 6 9
8.010000 7 8
8.010000 8 6
9.010000 0 6
9.010000 1 6
9.010000 2 6
9.010000 3 7
9.010000 4 8
9.010000 5 7
9.010000 6 6
9.010000 7 8
9.010000 8 6
10.010000 0 8
10.010000 1 8
10.010000 2 6
10.010000 3 7
10.010000 4 8
10.010000 5 9
10.010000 6 6
10.010000 7 8
10.010000 8 8
11.010000 0 7
11.010000 1 9
11.010000 2 8
11.010000 3 10
11.010000 4 8
11.010000 5 9
11.010000 6 8
11.010000 7 9
11.010000 8 7
12.010000 0 6
12.010000 1 7
12.010000 2 8
12.010000 3 6
12.010000 4 7
12.010000 5 7
12.010000 6 8
12.010000 7 7
12.010000 8 6
13.010000 0 8
13.010000 1 10
13.010000 2 6
13.010000 3 9
13.010000 4 9
13.010000 5 9
13.010000 6 6
13.010000 7 9
13.010000 8 8
14.010000 0 7
14.010000 1 8
14.010000 2 7
14.010000 3 8
14.010000 4 9
14.010000 5 8
14.010000 6 7
14.010000 7 7
14.010000 8 7
15.010000 0 8
15.010000 1 7
15.010000 2 6
15.010000 3 8
15.010000 4 6
15.010000 5 6
15.010000 6 6
15.010000 7 7
15.010000 8 8
16.010000 0 6
16.010000 1 9
16.010000 2 9
16.010000 3 10
16.010000 4 10
16.010000 5 11
16.010000 6 9
16.010000 7 11
16.010000 8 6
17.010000 0 6
17.010000 1 8
17.010000 2 6
17.010000 3 7
17.010000 4 8
17.010000 5 6
17.010000 6 6
17.010000 7 7
17.010000 8 6
18.010000 0 7
18.010000 1 9
18.010000 2 8
18.010000 3 8
18.010000 4 9
18.010000 5 10
18.010000 6 8
18.010000 7 9
18.010000 8 7
19.010000 0 547
19.010000 1 441
19.010000 2 659
19.010000 3 660
19.010000 4 445
19.010000 5 659
19.010000 6 659
19.010000 7 555
19.010000 8 547
20.010000 0 531
20.010000 1 431
20.010000 2 638
20.010000 3 638
20.010000 4 431
20.010000 5 639
20.010000 6 638
20.010000 7 532
20.010000 8 531
21.010000 0 533
21.010000 1 422
21.010000 2 635
21.010000 3 637
21.010000 4 424
21.010000 5 636
21.010000 6 635
21.010000 7 535
21.010000 8 533
22.010000 0 566
22.010000 1 462
22.010000 2 677
22.010000 3 677
22.010000 4 453
22.010000 5 678
22.010000 6 677
22.010000 7 561
22.010000 8 566
23.010000 0 499
23.010000 1 398
23.010000 2 599
23.010000 3 600
23.010000 4 405
23.010000 5 600
23.010000 6 599
23.010000 7 505
23.010000 8 499
24.010000 0 552
24.010000 1 450
24.010000 2 673
24.010000 3 675
24.010000 4 460
24.010000 5 673
24.010000 6 673
24.010000 7 567
24.010000 8 552
25.010000 0 546
25.010000 1 435
25.010000 2 641
25.010000 3 642
25.010000 4 420
25.010000 5 643
25.010000 6 641
25.010000 7 531
25.010000 8 546
26.010000 0 540
26.010000 1 444
26.010000 2 656
26.010000 3 659
26.010000 4 452
26.010000 5 658
26.010000 6 656
26.010000 7 551
26.010000 8 540
27.010000 0 545
27.010000 1 438
27.010000 2 658
27.010000 3 657
27.010000 4 441
27.010000 5 658
27.010000 6 658
27.010000 7 551
27.010000 8 545
28.010000 0 539
28.010000 1 429
28.010000 2 637
28.010000 3 638
28.010000 4 422
28.010000 5 638
28.010000 6 637
28.010000 7 531
28.010000 8 539
29.010000 0 539
29.010000 1 438
29.010000 2 655
29.010000 3 656
29.010000 4 446
29.010000 5 655
29.010000 6 655
29.010000 7 553
29.010000 8 539
30.010000 0 542
30.010000 1 441
30.010000 2 641
30.010000 3 642
30.010000 4 424
30.010000 5 643
30.010000 6 641
30.010000 7 525
30.010000 8 542
31.010000 0 554
31.010000 1 438
31.010000 2 656
31.010000 3 658
31.010000 4 441
31.010000 5 659
31.010000 6 656
31.010000 7 554
31.010000 8 554
32.010000 0 539
32.010000 1 436
32.010000 2 657
32.010000 3 657
32.010000 4 446
32.010000 5 656
32.010000 6 657
32.010000 7 551
32.010000 8 539
33.010000 0 545
33.010000 1 442
33.010000 2 644
33.010000 3 645
33.010000 4 425
33.010000 5 644
33.010000 6 644
33.010000 7 531
33.010000 8 545
34.010000 0 539
34.010000 1 433
34.010000 2 656
34.010000 3 658
34.010000 4 455
34.010000 5 658
34.010000 6 656
34.010000 7 561
34.010000 8 539
35.010000 0 562
35.010000 1 447
35.010000 2 658
35.010000 3 660
35.010000 4 428
35.010000 5 660
35.010000 6 658
35.010000 7 545
35.010000 8 562
36.010000 0 535
36.010000 1 440
36.010000 2 668
36.010000 3 667
36.010000 4 465
36.010000 5 667
36.010000 6 668
36.010000 7 566
36.010000 8 535
37.010000 0 541
37.010000 1 433
37.010000 2 629
37.010000 3 630
37.010000 4 408
37.010000 5 629
37.010000 6 629
37.010000 7 516
37.010000 8 541
38.010000 0 539
38.010000 1 434
38.010000 2 654
38.010000 3 655
38.010000 4 445
38.010000 5 656
38.010000 6 654
38.010000 7 553
38.010000 8 539
39.010000 0 517
39.010000 1 416
39.010000 2 616
39.010000 3 616
39.010000 4 413
39.010000 5 617
39.010000 6 616
39.010000 7 513
39.010000 8 517
40.010000 0 552
40.010000 1 451
40.010000 2 666
40.010000 3 668
40.010000 4 450
40.010000 5 666
40.010000 6 666
40.010000 7 555
40.010000 8 552
41.010000 0 562
41.010000 1 446
41.010000 2 672
41.010000 3 672
41.010000 4 450
41.010000 5 674
41.010000 6 672
41.010000 7 568
41.010000 8 562
42.010000 0 534
42.010000 1 435
42.010000 2 643
42.010000 3 645
42.010000 4 434
42.010000 5 644
42.010000 6 643
42.010000 7 535
42.010000 8 534
43.010000 0 551
43.010000 1 439
43.010000 2 663
43.010000 3 664
43.010000 4 449
43.010000 5 663
43.010000 6 663
43.010000 7 561
43.010000 8 551
44.010000 0 554
44.010000 1 448
44.010000 2 663
44.010000 3 664
44.010000 4 444
44.010000 5 665
44.010000 6 663
44.010000 7 552
44.010000 8 554
45.010000 0 559
45.010000 1 447
45.010000 2 660
45.010000 3 661
45.010000 4 436
45.010000 5 661
45.010000 6 660
45.010000 7 548
45.010000 8 559
46.010000 0 533
46.010000 1 431
46.010000 2 644
46.010000 3 644
46.010000 4 437
46.010000 5 645
46.010000 6 644
46.010000 7 542
46.010000 8 533
47.010000 0 512
47.010000 1 410
47.010000 2 615
47.010000 3 617
47.010000 4 414
47.010000 5 616
47.010000 6 615
47.010000 7 518
47.010000 8 512
48.010000 0 549
48.010000 1 441
48.010000 2 652
48.010000 3 654
48.010000 4 439
48.010000 5 655
48.010000 6 652
48.010000 7 546
48.010000 8 549
49.010000 0 550
49.010000 1 447
49.010000 2 665
49.010000 3 665
49.010000 4 446
49.010000 5 664
49.010000 6 665
49.010000 7 553
49.010000 8 550
50.010000 0 556
50.010000 1 453
50.010000 2 668
50.010000 3 670
50.010000 4 452
50.010000 5 669
50.010000 6 668
50.010000 7 558
50.010000 8 556
51.010000 0 576
51.010000 1 460
51.010000 2 687
51.010000 3 688
51.010000 4 459
51.010000 5 689
51.010000 6 687
51.010000 7 575
51.010000 8 576
52.010000 0 523
52.010000 1 421
52.010000 2 635
52.010000 3 636
52.010000 4 434
52.010000 5 636
52.010000 6 635
52.010000 7 537
52.010000 8 523
53.010000 0 543
53.010000 1 441
53.010000 2 648
53.010000 3 649
53.010000 4 431
53.010000 5 649
53.010000 6 648
53.010000 7 539
53.010000 8 543
54.010000 0 564
54.010000 1 452
54.010000 2 670
54.010000 3 670
54.010000 4 447
54.010000 5 671
54.010000 6 670
54.010000 7 558
54.010000 8 564
55.010000 0 536
55.010000 1 436
55.010000 2 649
55.010000 3 651
55.010000 4 440
55.010000 5 650
55.010000 6 649
55.010000 7 544
55.010000 8 536
56.010000 0 543
56.010000 1 435
56.010000 2 652
56.010000 3 653
56.010000 4 440
56.010000 5 653
56.010000 6 652
56.010000 7 548
56.010000 8 543
57.010000 0 534
57.010000 1 436
57.010000 2 653
57.010000 3 654
57.010000 4 448
57.010000 5 654
57.010000 6 653
57.010000 7 551
57.010000 8 534
58.010000 0 537
58.010000 1 430
58.010000 2 633
58.010000 3 634
58.010000 4 419
58.010000 5 633
58.010000 6 633
58.010000 7 524
58.010000 8 537
59.010000 0 571
59.010000 1 469
59.010000 2 684
59.010000 3 685
59.010000 4 456
59.010000 5 685
59.010000 6 684
59.010000 7 566
59.010000 8 571
60.010000 0 524
60.010000 1 423
60.010000 2 633
60.010000 3 634
60.010000 4 430
60.010000 5 635
60.010000 6 633
60.010000 7 531
60.010000 8 524
61.010000 0 533
61.010000 1 426
61.010000 2 639
61.010000 3 640
61.010000 4 430
61.010000 5 640
61.010000 6 639
61.010000 7 538
61.010000 8 533
62.010000 0 582
62.010000 1 473
62.010000 2 701
62.010000 3 702
62.010000 4 472
62.010000 5 702
62.010000 6 701
62.010000 7 586
62.010000 8 582
63.010000 0 522
63.010000 1 430
63.010000 2 630
63.010000 3 631
63.010000 4 426
63.010000 5 630
63.010000 6 630
63.010000 7 523
63.010000 8 522
64.010000 0 522
64.010000 1 415
64.010000 2 632
64.010000 3 633
64.010000 4 430
64.010000 5 634
64.010000 6 632
64.010000 7 538
64.010000 8 522
65.010000 0 558
65.010000 1 452
65.010000 2 666
65.010000 3 666
65.010000 4 447
65.010000 5 667
65.010000 6 666
65.010000 7 552
65.010000 8 558
66.010000 0 538
66.010000 1 431
66.010000 2 650
66.010000 3 651
66.010000 4 441
66.010000 5 650
66.010000 6 650
66.010000 7 551
66.010000 8 538
67.010000 0 587
67.010000 1 472
67.010000 2 694
67.010000 3 696
67.010000 4 458
67.010000 5 696
67.010000 6 694
67.010000 7 573
67.010000 8 587
68.010000 0 535
68.010000 1 434
68.010000 2 640
68.010000 3 643
68.010000 4 434
68.010000 5 643
68.010000 6 640
68.010000 7 535
68.010000 8 535
69.010000 0 545
69.010000 1 441
69.010000 2 664
69.010000 3 663
69.010000 4 449
69.010000 5 663
69.010000 6 664
69.010000 7 559
69.010000 8 545
70.010000 0 511
70.010000 1 420
70.010000 2 612
70.010000 3 613
70.010000 4 412
70.010000 5 612
70.010000 6 612
70.010000 7 504
70.010000 8 511
71.010000 0 535
71.010000 1 428
71.010000 2 641
71.010000 3 642
71.010000 4 431
71.010000 5 643
71.010000 6 641
71.010000 7 538
71.010000 8 535
72.010000 0 533
72.010000 1 429
72.010000 2 636
72.010000 3 636
72.010000 4 426
72.010000 5 637
72.010000 6 636
72.010000 7 531
72.010000 8 533
73.010000 0 580
73.010000 1 466
73.010000 2 691
73.010000 3 693
73.010000 4 460
73.010000 5 692
73.010000 6 691
73.010000 7 576
73.010000 8 580
74.010000 0 559
74.010000 1 455
74.010000 2 678
74.010000 3 679
74.010000 4 463
74.010000 5 679
74.010000 6 678
74.010000 7 567
74.010000 8 559
75.010000 0 551
75.010000 1 445
75.010000 2 650
75.010000 3 653
75.010000 4 434
75.010000 5 653
75.010000 6 650
75.010000 7 538
75.010000 8 551
76.010000 0 542
76.010000 1 435
76.010000 2 661
76.010000 3 660
76.010000 4 450
76.010000 5 659
76.010000 6 661
76.010000 7 559
76.010000 8 542
77.010000 0 550
77.010000 1 448
77.010000 2 672
77.010000 3 673
77.010000 4 460
77.010000 5 674
77.010000 6 672
77.010000 7 567
77.010000 8 550
78.010000 0 539
78.010000 1 431
78.010000 2 634
78.010000 3 636
78.010000 4 422
78.010000 5 637
78.010000 6 634
78.010000 7 529
78.010000 8 539
79.010000 0 540
79.010000 1 440
79.010000 2 660
79.010000 3 659
79.010000 4 449
79.010000 5 659
79.010000 6 660
79.010000 7 553
79.010000 8 540
80.010000 0 554
80.010000 1 447
80.010000 2 671
80.010000 3 673
80.010000 4 457
80.010000 5 672
80.010000 6 671
80.010000 7 564
80.010000 8 554
81.010000 0 552
81.010000 1 441
81.010000 2 650
81.010000 3 651
81.010000 4 429
81.010000 5 650
81.010000 6 650
81.010000 7 539
81.010000 8 552
82.010000 0 542
82.010000 1 435
82.010000 2 656
82.010000 3 657
82.010000 4 446
82.010000 5 658
82.010000 6 656
82.010000 7 554
82.010000 8 542
83.010000 0 570
83.010000 1 465
83.010000 2 681
83.010000 3 682
83.010000 4 453
83.010000 5 682
83.010000 6 681
83.010000 7 565
83.010000 8 570
84.010000 0 514
84.010000 1 414
84.010000 2 611
84.010000 3 611
84.010000 4 408
84.010000 5 612
84.010000 6 611
84.010000 7 508
84.010000 8 514
85.010000 0 532
85.010000 1 432
85.010000 2 635
85.010000 3 639
85.010000 4 427
85.010000 5 638
85.010000 6 635
85.010000 7 531
85.010000 8 532
86.010000 0 546
86.010000 1 440
86.010000 2 659
86.010000 3 658
86.010000 4 443
86.010000 5 657
86.010000 6 659
86.010000 7 551
86.010000 8 546
87.010000 0 546
87.010000 1 441
87.010000 2 655
87.010000 3 657
87.010000 4 445
87.010000 5 658
87.010000 6 655
87.010000 7 552
87.010000 8 546
88.010000 0 530
88.010000 1 430
88.010000 2 644
88.010000 3 644
88.010000 4 433
88.010000 5 644
88.010000 6 644
88.010000 7 539
88.010000 8 530
89.010000 0 561
89.010000 1 450
89.010000 2 675
89.010000 3 676
89.010000 4 455
89.010000 5 676
89.010000 6 675
89.010000 7 569
89.010000 8 561
90.010000 0 568
90.010000 1 461
90.010000 2 682
90.010000 3 682
90.010000 4 457
90.010000 5 683
90.010000 6 682
90.010000 7 571
90.010000 8 568
91.010000 0 501
91.010000 1 408
91.010000 2 602
91.010000 3 604
91.010000 4 404
91.010000 5 603
91.010000 6 602
91.010000 7 502
91.010000 8 501
92.010000 0 551
92.010000 1 450
92.010000 2 653
92.010000 3 656
92.010000 4 436
92.010000 5 656
92.010000 6 653
92.010000 7 540
92.010000 8 551
93.010000 0 526
93.010000 1 419
93.010000 2 637
93.010000 3 636
93.010000 4 430
93.010000 5 635
93.010000 6 637
93.010000 7 539
93.010000 8 526
94.010000 0 558
94.010000 1 451
94.010000 2 674
94.010000 3 675
94.010000 4 457
94.010000 5 676
94.010000 6 674
94.010000 7 565
94.010000 8 558
95.010000 0 544
95.010000 1 436
95.010000 2 642
95.010000 3 643
95.010000 4 426
95.010000 5 644
95.010000 6 642
95.010000 7 535
95.010000 8 544
96.010000 0 553
96.010000 1 453
96.010000 2 667
96.010000 3 668
96.010000 4 444
96.010000 5 667
96.010000 6 667
96.010000 7 556
96.010000 8 553
97.010000 0 541
97.010000 1 437
97.010000 2 659
97.010000 3 659
97.010000 4 451
97.010000 5 660
97.010000 6 659
97.010000 7 559
97.010000 8 541
98.010000 0 528
98.010000 1 430
98.010000 2 632
98.010000 3 636
98.010000 4 426
98.010000 5 634
98.010000 6 632
98.010000 7 530
98.010000 8 528
99.010000 0 548
99.010000 1 439
99.010000 2 664
99.010000 3 663
99.010000 4 446
99.010000 5 664
99.010000 6 664
99.010000 7 560
99.010000 8 548
100.010000 0 545
100.010000 1 444
100.010000 2 654
100.010000 3 655
100.010000 4 440
100.010000 5 655
100.010000 6 654
100.010000 7 543
100.010000 8 545
101.010000 0 568
101.010000 1 457
101.010000 2 677
101.010000 3 679
101.010000 4 455
101.010000 5 679
101.010000 6 677
101.010000 7 565
101.010000 8 568
102.010000 0 524
102.010000 1 420
102.010000 2 630
102.010000 3 630
102.010000 4 421
102.010000 5 630
102.010000 6 630
102.010000 7 531
102.010000 8 524
103.010000 0 540
103.010000 1 445
103.010000 2 643
103.010000 3 645
103.010000 4 432
103.010000 5 646
103.010000 6 643
103.010000 7 531
103.010000 8 540
104.010000 0 552
104.010000 1 439
104.010000 2 660
104.010000 3 662
104.010000 4 441
104.010000 5 661
104.010000 6 660
104.010000 7 557
104.010000 8 552
105.010000 0 547
105.010000 1 449
105.010000 2 659
105.010000 3 658
105.010000 4 442
105.010000 5 657
105.010000 6 659
105.010000 7 542
105.010000 8 547
106.010000 0 520
106.010000 1 411
106.010000 2 633
106.010000 3 636
106.010000 4 434
106.010000 5 637
106.010000 6 633
106.010000 7 551
106.010000 8 520
107.010000 0 544
107.010000 1 445
107.010000 2 649
107.010000 3 647
107.010000 4 430
107.010000 5 648
107.010000 6 649
107.010000 7 531
107.010000 8 544
108.010000 0 553
108.010000 1 446
108.010000 2 658
108.010000 3 659
108.010000 4 440
108.010000 5 658
108.010000 6 658
108.010000 7 546
108.010000 8 553
109.010000 0 545
109.010000 1 404
109.010000 2 620
109.010000 3 622
109.010000 4 406
109.010000 5 622
109.010000 6 620
109.010000 7 519
109.010000 8 545
110.010000 0 113
110.010000 1 14
110.010000 2 119
110.010000 3 122
110.010000 4 122
110.010000 5 122
110.010000 6 119
110.010000 7 120
110.010000 8 113
111.010000 0 7
111.010000 1 8
111.010000 2 7
111.010000 3 8
111.010000 4 8
111.010000 5 7
111.010000 6 7
111.010000 7 9
111.010000 8 7
112.010000 0 8
112.010000 1 15
112.010000 2 13
112.010000 3 13
112.010000 4 13
112.010000 5 15
112.010000 6 13
112.010000 7 13
112.010000 8 8
113.010000 0 7
113.010000 1 8
113.010000 2 7
113.010000 3 8
113.010000 4 8
113.010000 5 7
113.010000 6 7
113.010000 7 9
113.010000 8 7
