0.010000 0 17
0.010000 1 16
0.010000 2 19
0.010000 3 14
0.010000 4 19
0.010000 5 13
0.010000 6 16
0.010000 7 19
1.010000 0 166
1.010000 1 148
1.010000 2 152
1.010000 3 150
1.010000 4 147
1.010000 5 165
1.010000 6 157
1.010000 7 154
2.010000 0 118
2.010000 1 108
2.010000 2 120
2.010000 3 108
2.010000 4 109
2.010000 5 118
2.010000 6 112
2.010000 7 124
3.010000 0 144
3.010000 1 140
3.010000 2 149
3.010000 3 141
3.010000 4 135
3.010000 5 149
3.010000 6 141
3.010000 7 149
4.010000 0 140
4.010000 1 131
4.010000 2 138
4.010000 3 131
4.010000 4 130
4.010000 5 138
4.010000 6 130
4.010000 7 133
5.010000 0 99
5.010000 1 92
5.010000 2 108
5.010000 3 91
5.010000 4 95
5.010000 5 99
5.010000 6 92
5.010000 7 108
6.010000 0 136
6.010000 1 126
6.010000 2 131
6.010000 3 128
6.010000 4 135
6.010000 5 134
6.010000 6 119
6.010000 7 134
7.010000 0 117
7.010000 1 104
7.010000 2 110
7.010000 3 104
7.010000 4 102
7.010000 5 112
7.010000 6 102
7.010000 7 110
8.010000 0 102
8.010000 1 96
8.010000 2 102
8.010000 3 96
8.010000 4 96
8.010000 5 104
8.010000 6 105
8.010000 7 104
9.010000 0 125
9.010000 1 116
9.010000 2 125
9.010000 3 117
9.010000 4 117
9.010000 5 124
9.010000 6 117
9.010000 7 125
10.010000 0 145
10.010000 1 136
10.010000 2 146
10.010000 3 136
10.010000 4 136
10.010000 5 144
10.010000 6 126
10.010000 7 144
11.010000 0 102
11.010000 1 96
11.010000 2 102
11.010000 3 96
11.010000 4 96
11.010000 5 104
11.010000 6 105
11.010000 7 104
12.010000 0 131
12.010000 1 123
12.010000 2 138
12.010000 3 121
12.010000 4 123
12.010000 5 129
12.010000 6 112
12.010000 7 131
13.010000 0 125
13.010000 1 117
13.010000 2 125
13.010000 3 116
13.010000 4 117
13.010000 5 124
13.010000 6 117
13.010000 7 125
14.010000 0 136
14.010000 1 126
14.010000 2 129
14.010000 3 128
14.010000 4 126
14.010000 5 136
14.010000 6 128
14.010000 7 134
15.010000 0 134
15.010000 1 128
15.010000 2 137
15.010000 3 128
15.010000 4 128
15.010000 5 136
15.010000 6 124
15.010000 7 135
16.010000 0 610
16.010000 1 708
16.010000 2 714
16.010000 3 706
16.010000 4 703
16.010000 5 504
16.010000 6 504
16.010000 7 612
17.010000 0 611
17.010000 1 696
17.010000 2 704
17.010000 3 696
17.010000 4 696
17.010000 5 515
17.010000 6 498
17.010000 7 603
18.010000 0 625
18.010000 1 737
18.010000 2 745
18.010000 3 737
18.010000 4 737
18.010000 5 527
18.010000 6 545
18.010000 7 653
19.010000 0 642
19.010000 1 725
19.010000 2 733
19.010000 3 724
19.010000 4 725
19.010000 5 539
19.010000 6 510
19.010000 7 624
20.010000 0 646
20.010000 1 747
20.010000 2 755
20.010000 3 747
20.010000 4 747
20.010000 5 542
20.010000 6 541
20.010000 7 651
21.010000 0 633
21.010000 1 736
21.010000 2 738
21.010000 3 730
21.010000 4 727
21.010000 5 526
21.010000 6 520
21.010000 7 633
22.010000 0 643
22.010000 1 731
22.010000 2 739
22.010000 3 730
22.010000 4 731
22.010000 5 539
22.010000 6 519
22.010000 7 632
23.010000 0 650
23.010000 1 746
23.010000 2 756
23.010000 3 746
23.010000 4 743
23.010000 5 543
23.010000 6 535
23.010000 7 650
24.010000 0 635
24.010000 1 735
24.010000 2 739
24.010000 3 736
24.010000 4 739
24.010000 5 527
24.010000 6 523
24.010000 7 637
25.010000 0 621
25.010000 1 719
25.010000 2 728
25.010000 3 729
25.010000 4 722
25.010000 5 524
25.010000 6 520
25.010000 7 624
26.010000 0 656
26.010000 1 748
26.010000 2 754
26.010000 3 747
26.010000 4 737
26.010000 5 556
26.010000 6 536
26.010000 7 649
27.010000 0 646
27.010000 1 740
27.010000 2 751
27.010000 3 743
27.010000 4 742
27.010000 5 540
27.010000 6 535
27.010000 7 651
28.010000 0 637
28.010000 1 746
28.010000 2 754
28.010000 3 740
28.010000 4 746
28.010000 5 538
28.010000 6 544
28.010000 7 650
29.010000 0 646
29.010000 1 748
29.010000 2 761
29.010000 3 738
29.010000 4 746
29.010000 5 545
29.010000 6 535
29.010000 7 650
30.010000 0 629
30.010000 1 724
30.010000 2 728
30.010000 3 729
30.010000 4 730
30.010000 5 529
30.010000 6 520
30.010000 7 633
31.010000 0 622
31.010000 1 712
31.010000 2 720
31.010000 3 712
31.010000 4 714
31.010000 5 525
31.010000 6 512
31.010000 7 614
32.010000 0 623
32.010000 1 720
32.010000 2 726
32.010000 3 731
32.010000 4 726
32.010000 5 514
32.010000 6 508
32.010000 7 611
33.010000 0 657
33.010000 1 745
33.010000 2 756
33.010000 3 736
33.010000 4 745
33.010000 5 544
33.010000 6 531
33.010000 7 655
34.010000 0 578
34.010000 1 698
34.010000 2 709
34.010000 3 702
34.010000 4 706
34.010000 5 475
34.010000 6 503
34.010000 7 620
35.010000 0 682
35.010000 1 760
35.010000 2 763
35.010000 3 764
35.010000 4 752
35.010000 5 599
35.010000 6 539
35.010000 7 636
36.010000 0 612
36.010000 1 713
36.010000 2 723
36.010000 3 710
36.010000 4 711
36.010000 5 508
36.010000 6 517
36.010000 7 630
37.010000 0 663
37.010000 1 771
37.010000 2 774
37.010000 3 766
37.010000 4 765
37.010000 5 553
37.010000 6 536
37.010000 7 653
38.010000 0 633
38.010000 1 736
38.010000 2 743
38.010000 3 743
38.010000 4 736
38.010000 5 525
38.010000 6 533
38.010000 7 643
39.010000 0 629
39.010000 1 723
39.010000 2 729
39.010000 3 723
39.010000 4 727
39.010000 5 523
39.010000 6 511
39.010000 7 629
40.010000 0 622
40.010000 1 715
40.010000 2 723
40.010000 3 715
40.010000 4 715
40.010000 5 524
40.010000 6 517
40.010000 7 621
41.010000 0 642
41.010000 1 758
41.010000 2 760
41.010000 3 749
41.010000 4 751
41.010000 5 530
41.010000 6 549
41.010000 7 658
42.010000 0 643
42.010000 1 719
42.010000 2 728
42.010000 3 714
42.010000 4 718
42.010000 5 544
42.010000 6 508
42.010000 7 620
43.010000 0 638
43.010000 1 739
43.010000 2 746
43.010000 3 742
43.010000 4 740
43.010000 5 534
43.010000 6 532
43.010000 7 642
44.010000 0 718
44.010000 1 804
44.010000 2 811
44.010000 3 796
44.010000 4 804
44.010000 5 602
44.010000 6 577
44.010000 7 705
45.010000 0 584
45.010000 1 696
45.010000 2 713
45.010000 3 713
45.010000 4 709
45.010000 5 498
45.010000 6 528
45.010000 7 613
46.010000 0 659
46.010000 1 744
46.010000 2 740
46.010000 3 737
46.010000 4 734
46.010000 5 546
46.010000 6 513
46.010000 7 633
47.010000 0 622
47.010000 1 715
47.010000 2 730
47.010000 3 711
47.010000 4 717
47.010000 5 514
47.010000 6 502
47.010000 7 627
48.010000 0 644
48.010000 1 734
48.010000 2 752
48.010000 3 743
48.010000 4 744
48.010000 5 550
48.010000 6 547
48.010000 7 655
49.010000 0 628
49.010000 1 729
49.010000 2 728
49.010000 3 727
49.010000 4 724
49.010000 5 531
49.010000 6 520
49.010000 7 621
50.010000 0 659
50.010000 1 769
50.010000 2 780
50.010000 3 767
50.010000 4 768
50.010000 5 549
50.010000 6 552
50.010000 7 672
51.010000 0 600
51.010000 1 714
51.010000 2 711
51.010000 3 703
51.010000 4 703
51.010000 5 498
51.010000 6 504
51.010000 7 607
52.010000 0 672
52.010000 1 756
52.010000 2 765
52.010000 3 764
52.010000 4 760
52.010000 5 571
52.010000 6 562
52.010000 7 666
53.010000 0 658
53.010000 1 751
53.010000 2 760
53.010000 3 752
53.010000 4 753
53.010000 5 552
53.010000 6 532
53.010000 7 653
54.010000 0 620
54.010000 1 726
54.010000 2 736
54.010000 3 724
54.010000 4 728
54.010000 5 524
54.010000 6 532
54.010000 7 639
55.010000 0 594
55.010000 1 685
55.010000 2 690
55.010000 3 683
55.010000 4 692
55.010000 5 502
55.010000 6 489
55.010000 7 593
56.010000 0 660
56.010000 1 755
56.010000 2 762
56.010000 3 756
56.010000 4 754
56.010000 5 546
56.010000 6 539
56.010000 7 653
57.010000 0 653
57.010000 1 734
57.010000 2 742
57.010000 3 733
57.010000 4 732
57.010000 5 546
57.010000 6 515
57.010000 7 630
58.010000 0 639
58.010000 1 747
58.010000 2 761
58.010000 3 752
58.010000 4 749
58.010000 5 548
58.010000 6 563
58.010000 7 666
59.010000 0 608
59.010000 1 702
59.010000 2 709
59.010000 3 703
59.010000 4 710
59.010000 5 507
59.010000 6 498
59.010000 7 603
60.010000 0 656
60.010000 1 745
60.010000 2 755
60.010000 3 749
60.010000 4 742
60.010000 5 544
60.010000 6 536
60.010000 7 649
61.010000 0 589
61.010000 1 678
61.010000 2 688
61.010000 3 684
61.010000 4 684
61.010000 5 488
61.010000 6 471
61.010000 7 583
62.010000 0 633
62.010000 1 738
62.010000 2 744
62.010000 3 740
62.010000 4 740
62.010000 5 529
62.010000 6 525
62.010000 7 636
63.010000 0 638
63.010000 1 737
63.010000 2 746
63.010000 3 735
63.010000 4 738
63.010000 5 537
63.010000 6 538
63.010000 7 644
64.010000 0 679
64.010000 1 762
64.010000 2 776
64.010000 3 769
64.010000 4 769
64.010000 5 564
64.010000 6 550
64.010000 7 675
65.010000 0 596
65.010000 1 693
65.010000 2 707
65.010000 3 697
65.010000 4 703
65.010000 5 507
65.010000 6 511
65.010000 7 612
66.010000 0 684
66.010000 1 766
66.010000 2 775
66.010000 3 768
66.010000 4 756
66.010000 5 582
66.010000 6 542
66.010000 7 657
67.010000 0 631
67.010000 1 737
67.010000 2 741
67.010000 3 729
67.010000 4 730
67.010000 5 519
67.010000 6 532
67.010000 7 645
68.010000 0 666
68.010000 1 771
68.010000 2 774
68.010000 3 768
68.010000 4 768
68.010000 5 556
68.010000 6 543
68.010000 7 663
69.010000 0 627
69.010000 1 733
69.010000 2 741
69.010000 3 732
69.010000 4 731
69.010000 5 525
69.010000 6 538
69.010000 7 651
70.010000 0 665
70.010000 1 768
70.010000 2 777
70.010000 3 769
70.010000 4 775
70.010000 5 565
70.010000 6 548
70.010000 7 663
71.010000 0 611
71.010000 1 694
71.010000 2 700
71.010000 3 690
71.010000 4 694
71.010000 5 508
71.010000 6 493
71.010000 7 601
72.010000 0 671
72.010000 1 763
72.010000 2 773
72.010000 3 762
72.010000 4 765
72.010000 5 565
72.010000 6 544
72.010000 7 659
73.010000 0 639
73.010000 1 728
73.010000 2 739
73.010000 3 726
73.010000 4 731
73.010000 5 538
73.010000 6 534
73.010000 7 636
74.010000 0 596
74.010000 1 695
74.010000 2 708
74.010000 3 691
74.010000 4 702
74.010000 5 488
74.010000 6 495
74.010000 7 609
75.010000 0 641
75.010000 1 739
75.010000 2 740
75.010000 3 745
75.010000 4 738
75.010000 5 544
75.010000 6 533
75.010000 7 640
76.010000 0 631
76.010000 1 723
76.010000 2 732
76.010000 3 723
76.010000 4 724
76.010000 5 530
76.010000 6 520
76.010000 7 632
77.010000 0 680
77.010000 1 776
77.010000 2 784
77.010000 3 784
77.010000 4 766
77.010000 5 577
77.010000 6 554
77.010000 7 672
78.010000 0 651
78.010000 1 753
78.010000 2 763
78.010000 3 751
78.010000 4 755
78.010000 5 556
78.010000 6 547
78.010000 7 656
79.010000 0 631
79.010000 1 717
79.010000 2 723
79.010000 3 716
79.010000 4 721
79.010000 5 519
79.010000 6 499
79.010000 7 612
80.010000 0 626
80.010000 1 726
80.010000 2 736
80.010000 3 725
80.010000 4 728
80.010000 5 521
80.010000 6 524
80.010000 7 643
81.010000 0 640
81.010000 1 735
81.010000 2 743
81.010000 3 735
81.010000 4 735
81.010000 5 540
81.010000 6 527
81.010000 7 637
82.010000 0 629
82.010000 1 733
82.010000 2 734
82.010000 3 731
82.010000 4 727
82.010000 5 523
82.010000 6 524
82.010000 7 635
83.010000 0 634
83.010000 1 740
83.010000 2 747
83.010000 3 734
83.010000 4 738
83.010000 5 529
83.010000 6 532
83.010000 7 645
84.010000 0 689
84.010000 1 779
84.010000 2 782
84.010000 3 776
84.010000 4 768
84.010000 5 586
84.010000 6 555
84.010000 7 665
85.010000 0 634
85.010000 1 719
85.010000 2 728
85.010000 3 721
85.010000 4 718
85.010000 5 534
85.010000 6 517
85.010000 7 623
86.010000 0 622
86.010000 1 722
86.010000 2 732
86.010000 3 722
86.010000 4 724
86.010000 5 522
86.010000 6 521
86.010000 7 636
87.010000 0 619
87.010000 1 721
87.010000 2 732
87.010000 3 723
87.010000 4 733
87.010000 5 515
87.010000 6 515
87.010000 7 629
88.010000 0 603
88.010000 1 714
88.010000 2 720
88.010000 3 712
88.010000 4 728
88.010000 5 498
88.010000 6 507
88.010000 7 621
89.010000 0 628
89.010000 1 725
89.010000 2 735
89.010000 3 727
89.010000 4 737
89.010000 5 523
89.010000 6 520
89.010000 7 627
90.010000 0 699
90.010000 1 784
90.010000 2 793
90.010000 3 786
90.010000 4 760
90.010000 5 602
90.010000 6 581
90.010000 7 700
91.010000 0 608
91.010000 1 703
91.010000 2 711
91.010000 3 705
91.010000 4 707
91.010000 5 516
91.010000 6 504
91.010000 7 600
92.010000 0 657
92.010000 1 752
92.010000 2 761
92.010000 3 751
92.010000 4 753
92.010000 5 553
92.010000 6 540
92.010000 7 651
93.010000 0 648
93.010000 1 748
93.010000 2 756
93.010000 3 748
93.010000 4 748
93.010000 5 538
93.010000 6 538
93.010000 7 659
94.010000 0 603
94.010000 1 700
94.010000 2 698
94.010000 3 703
94.010000 4 694
94.010000 5 501
94.010000 6 491
94.010000 7 587
95.010000 0 651
95.010000 1 738
95.010000 2 752
95.010000 3 733
95.010000 4 740
95.010000 5 553
95.010000 6 526
95.010000 7 648
96.010000 0 623
96.010000 1 727
96.010000 2 735
96.010000 3 724
96.010000 4 727
96.010000 5 513
96.010000 6 534
96.010000 7 646
97.010000 0 682
97.010000 1 776
97.010000 2 786
97.010000 3 776
97.010000 4 779
97.010000 5 587
97.010000 6 556
97.010000 7 665
98.010000 0 637
98.010000 1 733
98.010000 2 741
98.010000 3 733
98.010000 4 736
98.010000 5 531
98.010000 6 518
98.010000 7 635
99.010000 0 625
99.010000 1 726
99.010000 2 732
99.010000 3 726
99.010000 4 726
99.010000 5 523
99.010000 6 527
99.010000 7 630
100.010000 0 638
100.010000 1 735
100.010000 2 745
100.010000 3 735
100.010000 4 737
100.010000 5 533
100.010000 6 529
100.010000 7 640
101.010000 0 605
101.010000 1 702
101.010000 2 710
101.010000 3 704
101.010000 4 710
101.010000 5 504
101.010000 6 495
101.010000 7 603
102.010000 0 625
102.010000 1 721
102.010000 2 734
102.010000 3 716
102.010000 4 721
102.010000 5 520
102.010000 6 513
102.010000 7 630
103.010000 0 652
103.010000 1 740
103.010000 2 744
103.010000 3 744
103.010000 4 740
103.010000 5 549
103.010000 6 532
103.010000 7 647
104.010000 0 668
104.010000 1 766
104.010000 2 776
104.010000 3 760
104.010000 4 766
104.010000 5 567
104.010000 6 553
104.010000 7 667
105.010000 0 622
105.010000 1 721
105.010000 2 727
105.010000 3 727
105.010000 4 723
105.010000 5 518
105.010000 6 502
105.010000 7 612
106.010000 0 642
106.010000 1 730
106.010000 2 735
106.010000 3 732
106.010000 4 732
106.010000 5 538
106.010000 6 522
106.010000 7 640
107.010000 0 666
107.010000 1 772
107.010000 2 780
107.010000 3 772
107.010000 4 772
107.010000 5 558
107.010000 6 556
107.010000 7 675
108.010000 0 623
108.010000 1 739
108.010000 2 746
108.010000 3 739
108.010000 4 738
108.010000 5 528
108.010000 6 553
108.010000 7 654
109.010000 0 610
109.010000 1 693
109.010000 2 707
109.010000 3 690
109.010000 4 694
109.010000 5 512
109.010000 6 479
109.010000 7 599
110.010000 0 627
110.010000 1 719
110.010000 2 728
110.010000 3 719
110.010000 4 720
110.010000 5 524
110.010000 6 519
110.010000 7 631
111.010000 0 588
111.010000 1 701
111.010000 2 703
111.010000 3 690
111.010000 4 692
111.010000 5 486
111.010000 6 494
111.010000 7 595
112.010000 0 662
112.010000 1 756
112.010000 2 761
112.010000 3 761
112.010000 4 759
112.010000 5 554
112.010000 6 553
112.010000 7 668
113.010000 0 693
113.010000 1 783
113.010000 2 791
113.010000 3 781
113.010000 4 780
113.010000 5 586
113.010000 6 546
113.010000 7 668
114.010000 0 620
114.010000 1 723
114.010000 2 732
114.010000 3 725
114.010000 4 725
114.010000 5 525
114.010000 6 532
114.010000 7 633
115.010000 0 613
115.010000 1 697
115.010000 2 704
115.010000 3 697
115.010000 4 696
115.010000 5 513
115.010000 6 498
115.010000 7 608
116.010000 0 661
116.010000 1 759
116.010000 2 773
116.010000 3 756
116.010000 4 764
116.010000 5 567
116.010000 6 551
116.010000 7 657
117.010000 0 623
117.010000 1 719
117.010000 2 720
117.010000 3 711
117.010000 4 713
117.010000 5 521
117.010000 6 510
117.010000 7 614
118.010000 0 664
118.010000 1 777
118.010000 2 784
118.010000 3 774
118.010000 4 773
118.010000 5 555
118.010000 6 558
118.010000 7 680
119.010000 0 649
119.010000 1 740
119.010000 2 746
119.010000 3 744
119.010000 4 740
119.010000 5 529
119.010000 6 523
119.010000 7 642
120.010000 0 612
120.010000 1 718
120.010000 2 725
120.010000 3 720
120.010000 4 717
120.010000 5 525
120.010000 6 526
120.010000 7 630
121.010000 0 638
121.010000 1 726
121.010000 2 730
121.010000 3 733
121.010000 4 723
121.010000 5 533
121.010000 6 513
121.010000 7 619
122.010000 0 628
122.010000 1 721
122.010000 2 724
122.010000 3 720
122.010000 4 716
122.010000 5 519
122.010000 6 513
122.010000 7 625
123.010000 0 636
123.010000 1 734
123.010000 2 743
123.010000 3 733
123.010000 4 734
123.010000 5 533
123.010000 6 534
123.010000 7 645
124.010000 0 650
124.010000 1 754
124.010000 2 762
124.010000 3 753
124.010000 4 754
124.010000 5 550
124.010000 6 547
124.010000 7 655
125.010000 0 666
125.010000 1 747
125.010000 2 760
125.010000 3 738
125.010000 4 749
125.010000 5 549
125.010000 6 529
125.010000 7 659
126.010000 0 631
126.010000 1 738
126.010000 2 744
126.010000 3 740
126.010000 4 736
126.010000 5 533
126.010000 6 536
126.010000 7 641
127.010000 0 667
127.010000 1 770
127.010000 2 774
127.010000 3 777
127.010000 4 768
127.010000 5 558
127.010000 6 549
127.010000 7 660
128.010000 0 588
128.010000 1 680
128.010000 2 690
128.010000 3 684
128.010000 4 684
128.010000 5 489
128.010000 6 492
128.010000 7 600
129.010000 0 631
129.010000 1 722
129.010000 2 730
129.010000 3 721
129.010000 4 720
129.010000 5 535
129.010000 6 520
129.010000 7 622
130.010000 0 684
130.010000 1 792
130.010000 2 802
130.010000 3 796
130.010000 4 796
130.010000 5 574
130.010000 6 580
130.010000 7 695
131.010000 0 643
131.010000 1 722
131.010000 2 737
131.010000 3 728
131.010000 4 728
131.010000 5 545
131.010000 6 525
131.010000 7 636
132.010000 0 618
132.010000 1 710
132.010000 2 723
132.010000 3 710
132.010000 4 716
132.010000 5 519
132.010000 6 503
132.010000 7 611
133.010000 0 627
133.010000 1 726
133.010000 2 734
133.010000 3 726
133.010000 4 726
133.010000 5 523
133.010000 6 527
133.010000 7 640
134.010000 0 657
134.010000 1 743
134.010000 2 744
134.010000 3 745
134.010000 4 734
134.010000 5 554
134.010000 6 541
134.010000 7 644
135.010000 0 606
135.010000 1 718
135.010000 2 730
135.010000 3 717
135.010000 4 723
135.010000 5 504
135.010000 6 516
135.010000 7 624
136.010000 0 645
136.010000 1 749
136.010000 2 744
136.010000 3 741
136.010000 4 739
136.010000 5 537
136.010000 6 527
136.010000 7 638
137.010000 0 662
137.010000 1 745
137.010000 2 754
137.010000 3 745
137.010000 4 746
137.010000 5 559
137.010000 6 527
137.010000 7 645
138.010000 0 629
138.010000 1 727
138.010000 2 736
138.010000 3 731
138.010000 4 729
138.010000 5 530
138.010000 6 531
138.010000 7 637
139.010000 0 633
139.010000 1 721
139.010000 2 728
139.010000 3 719
139.010000 4 720
139.010000 5 535
139.010000 6 515
139.010000 7 623
140.010000 0 651
140.010000 1 746
140.010000 2 755
140.010000 3 748
140.010000 4 749
140.010000 5 540
140.010000 6 541
140.010000 7 653
141.010000 0 659
141.010000 1 770
141.010000 2 779
141.010000 3 769
141.010000 4 768
141.010000 5 560
141.010000 6 562
141.010000 7 677
142.010000 0 621
142.010000 1 699
142.010000 2 707
142.010000 3 699
142.010000 4 699
142.010000 5 518
142.010000 6 493
142.010000 7 604
143.010000 0 647
143.010000 1 736
143.010000 2 751
143.010000 3 751
143.010000 4 751
143.010000 5 540
143.010000 6 529
143.010000 7 643
144.010000 0 610
144.010000 1 712
144.010000 2 716
144.010000 3 712
144.010000 4 710
144.010000 5 512
144.010000 6 526
144.010000 7 619
145.010000 0 646
145.010000 1 731
145.010000 2 744
145.010000 3 734
145.010000 4 736
145.010000 5 545
145.010000 6 518
145.010000 7 631
146.010000 0 622
146.010000 1 738
146.010000 2 746
146.010000 3 739
146.010000 4 743
146.010000 5 522
146.010000 6 544
146.010000 7 652
147.010000 0 645
147.010000 1 732
147.010000 2 743
147.010000 3 727
147.010000 4 735
147.010000 5 545
147.010000 6 529
147.010000 7 636
148.010000 0 687
148.010000 1 780
148.010000 2 788
148.010000 3 784
148.010000 4 778
148.010000 5 569
148.010000 6 544
148.010000 7 677
149.010000 0 633
149.010000 1 745
149.010000 2 752
149.010000 3 744
149.010000 4 745
149.010000 5 536
149.010000 6 552
149.010000 7 655
