0.010000 0 5
0.010000 1 5
0.010000 2 4
0.010000 3 5
0.010000 4 4
0.010000 5 3
0.010000 6 5
0.010000 7 5
0.010000 8 5
0.010000 9 5
0.010000 10 5
0.010000 11 4
0.010000 12 5
0.010000 13 5
0.010000 14 5
0.010000 15 3
0.010000 16 5
0.010000 17 5
0.010000 18 5
0.010000 19 5
0.010000 20 5
0.010000 21 5
0.010000 22 4
0.010000 23 5
0.010000 24 5
0.010000 25 5
0.010000 26 5
0.010000 27 5
0.010000 28 4
0.010000 29 5
1.010000 0 26
1.010000 1 28
1.010000 2 26
1.010000 3 28
1.010000 4 29
1.010000 5 28
1.010000 6 29
1.010000 7 29
1.010000 8 29
1.010000 9 29
1.010000 10 29
1.010000 11 30
1.010000 12 28
1.010000 13 29
1.010000 14 28
1.010000 15 25
1.010000 16 29
1.010000 17 26
1.010000 18 28
1.010000 19 28
1.010000 20 29
1.010000 21 29
1.010000 22 30
1.010000 23 29
1.010000 24 29
1.010000 25 29
1.010000 26 29
1.010000 27 29
1.010000 28 27
1.010000 29 28
2.010000 0 28
2.010000 1 34
2.010000 2 30
2.010000 3 31
2.010000 4 34
2.010000 5 34
2.010000 6 33
2.010000 7 33
2.010000 8 33
2.010000 9 33
2.010000 10 32
2.010000 11 32
2.010000 12 31
2.010000 13 33
2.010000 14 31
2.010000 15 32
2.010000 16 33
2.010000 17 27
2.010000 18 31
2.010000 19 32
2.010000 20 33
2.010000 21 33
2.010000 22 32
2.010000 23 33
2.010000 24 32
2.010000 25 33
2.010000 26 33
2.010000 27 33
2.010000 28 33
2.010000 29 30
3.010000 0 26
3.010000 1 28
3.010000 2 23
3.010000 3 27
3.010000 4 29
3.010000 5 27
3.010000 6 29
3.010000 7 29
3.010000 8 29
3.010000 9 29
3.010000 10 30
3.010000 11 30
3.010000 12 27
3.010000 13 29
3.010000 14 28
3.010000 15 25
3.010000 16 29
3.010000 17 25
3.010000 18 28
3.010000 19 26
3.010000 20 29
3.010000 21 29
3.010000 22 30
3.010000 23 29
3.010000 24 30
3.010000 25 29
3.010000 26 29
3.010000 27 29
3.010000 28 28
3.010000 29 28
4.010000 0 25
4.010000 1 27
4.010000 2 23
4.010000 3 27
4.010000 4 26
4.010000 5 25
4.010000 6 26
4.010000 7 26
4.010000 8 26
4.010000 9 26
4.010000 10 26
4.010000 11 26
4.010000 12 25
4.010000 13 26
4.010000 14 26
4.010000 15 23
4.010000 16 26
4.010000 17 27
4.010000 18 26
4.010000 19 25
4.010000 20 26
4.010000 21 25
4.010000 22 26
4.010000 23 25
4.010000 24 26
4.010000 25 26
4.010000 26 26
4.010000 27 26
4.010000 28 25
4.010000 29 27
5.010000 0 27
5.010000 1 29
5.010000 2 31
5.010000 3 29
5.010000 4 30
5.010000 5 30
5.010000 6 30
5.010000 7 29
5.010000 8 30
5.010000 9 30
5.010000 10 30
5.010000 11 30
5.010000 12 31
5.010000 13 29
5.010000 14 29
5.010000 15 28
5.010000 16 30
5.010000 17 27
5.010000 18 29
5.010000 19 31
5.010000 20 29
5.010000 21 31
5.010000 22 29
5.010000 23 31
5.010000 24 30
5.010000 25 30
5.010000 26 30
5.010000 27 29
5.010000 28 29
5.010000 29 29
6.010000 0 23
6.010000 1 31
6.010000 2 27
6.010000 3 27
6.010000 4 30
6.010000 5 29
6.010000 6 30
6.010000 7 31
6.010000 8 30
6.010000 9 30
6.010000 10 30
6.010000 11 30
6.010000 12 29
6.010000 13 30
6.010000 14 27
6.010000 15 28
6.010000 16 30
6.010000 17 23
6.010000 18 27
6.010000 19 29
6.010000 20 31
6.010000 21 30
6.010000 22 31
6.010000 23 30
6.010000 24 30
6.010000 25 29
6.010000 26 30
6.010000 27 31
6.010000 28 30
6.010000 29 27
7.010000 0 29
7.010000 1 29
7.010000 2 23
7.010000 3 30
7.010000 4 29
7.010000 5 27
7.010000 6 29
7.010000 7 28
7.010000 8 29
7.010000 9 29
7.010000 10 28
7.010000 11 29
7.010000 12 26
7.010000 13 30
7.010000 14 29
7.010000 15 23
7.010000 16 29
7.010000 17 29
7.010000 18 29
7.010000 19 27
7.010000 20 29
7.010000 21 29
7.010000 22 29
7.010000 23 29
7.010000 24 29
7.010000 25 30
7.010000 26 29
7.010000 27 28
7.010000 28 26
7.010000 29 30
8.010000 0 22
8.010000 1 26
8.010000 2 26
8.010000 3 25
8.010000 4 26
8.010000 5 26
8.010000 6 26
8.010000 7 27
8.010000 8 26
8.010000 9 26
8.010000 10 27
8.010000 11 25
8.010000 12 27
8.010000 13 25
8.010000 14 24
8.010000 15 26
8.010000 16 26
8.010000 17 23
8.010000 18 25
8.010000 19 26
8.010000 20 25
8.010000 21 26
8.010000 22 26
8.010000 23 26
8.010000 24 26
8.010000 25 26
8.010000 26 26
8.010000 27 27
8.010000 28 27
8.010000 29 25
9.010000 0 30
9.010000 1 31
9.010000 2 25
9.010000 3 30
9.010000 4 31
9.010000 5 29
9.010000 6 31
9.010000 7 31
9.010000 8 31
9.010000 9 31
9.010000 10 31
9.010000 11 31
9.010000 12 28
9.010000 13 32
9.010000 14 32
9.010000 15 25
9.010000 16 31
9.010000 17 29
9.010000 18 31
9.010000 19 29
9.010000 20 31
9.010000 21 31
9.010000 22 31
9.010000 23 30
9.010000 24 31
9.010000 25 31
9.010000 26 31
9.010000 27 31
9.010000 28 28
9.010000 29 30
10.010000 0 25
10.010000 1 29
10.010000 2 29
10.010000 3 29
10.010000 4 30
10.010000 5 29
10.010000 6 30
10.010000 7 29
10.010000 8 30
10.010000 9 29
10.010000 10 30
10.010000 11 31
10.010000 12 31
10.010000 13 30
10.010000 14 28
10.010000 15 28
10.010000 16 30
10.010000 17 27
10.010000 18 28
10.010000 19 30
10.010000 20 31
10.010000 21 30
10.010000 22 30
10.010000 23 30
10.010000 24 30
10.010000 25 30
10.010000 26 30
10.010000 27 30
10.010000 28 29
10.010000 29 29
11.010000 0 24
11.010000 1 27
11.010000 2 25
11.010000 3 24
11.010000 4 27
11.010000 5 27
11.010000 6 27
11.010000 7 28
11.010000 8 27
11.010000 9 28
11.010000 10 27
11.010000 11 27
11.010000 12 26
11.010000 13 27
11.010000 14 26
11.010000 15 26
11.010000 16 27
11.010000 17 20
11.010000 18 26
11.010000 19 26
11.010000 20 27
11.010000 21 27
11.010000 22 27
11.010000 23 28
11.010000 24 27
11.010000 25 27
11.010000 26 27
11.010000 27 26
11.010000 28 28
11.010000 29 24
12.010000 0 29
12.010000 1 30
12.010000 2 25
12.010000 3 31
12.010000 4 30
12.010000 5 27
12.010000 6 30
12.010000 7 30
12.010000 8 30
12.010000 9 30
12.010000 10 30
12.010000 11 30
12.010000 12 28
12.010000 13 30
12.010000 14 30
12.010000 15 24
12.010000 16 30
12.010000 17 30
12.010000 18 30
12.010000 19 29
12.010000 20 30
12.010000 21 30
12.010000 22 30
12.010000 23 29
12.010000 24 30
12.010000 25 30
12.010000 26 30
12.010000 27 31
12.010000 28 27
12.010000 29 30
13.010000 0 24
13.010000 1 30
13.010000 2 28
13.010000 3 28
13.010000 4 29
13.010000 5 30
13.010000 6 29
13.010000 7 28
13.010000 8 29
13.010000 9 29
13.010000 10 28
13.010000 11 29
13.010000 12 29
13.010000 13 29
13.010000 14 27
13.010000 15 29
13.010000 16 29
13.010000 17 26
13.010000 18 26
13.010000 19 28
13.010000 20 29
13.010000 21 28
13.010000 22 29
13.010000 23 30
13.010000 24 28
13.010000 25 28
13.010000 26 29
13.010000 27 29
13.010000 28 30
13.010000 29 29
14.010000 0 27
14.010000 1 31
14.010000 2 28
14.010000 3 29
14.010000 4 31
14.010000 5 29
14.010000 6 31
14.010000 7 31
14.010000 8 31
14.010000 9 31
14.010000 10 31
14.010000 11 31
14.010000 12 30
14.010000 13 30
14.010000 14 30
14.010000 15 27
14.010000 16 31
14.010000 17 27
14.010000 18 30
14.010000 19 30
14.010000 20 31
14.010000 21 32
14.010000 22 31
14.010000 23 31
14.010000 24 32
14.010000 25 31
14.010000 26 31
14.010000 27 30
14.010000 28 30
14.010000 29 29
15.010000 0 25
15.010000 1 26
15.010000 2 20
15.010000 3 26
15.010000 4 26
15.010000 5 26
15.010000 6 25
15.010000 7 27
15.010000 8 26
15.010000 9 25
15.010000 10 27
15.010000 11 26
15.010000 12 23
15.010000 13 27
15.010000 14 26
15.010000 15 23
15.010000 16 26
15.010000 17 25
15.010000 18 26
15.010000 19 23
15.010000 20 26
15.010000 21 26
15.010000 22 26
15.010000 23 26
15.010000 24 26
15.010000 25 27
15.010000 26 26
15.010000 27 27
15.010000 28 25
15.010000 29 26
16.010000 0 506
16.010000 1 604
16.010000 2 601
16.010000 3 602
16.010000 4 604
16.010000 5 602
16.010000 6 420
16.010000 7 604
16.010000 8 604
16.010000 9 605
16.010000 10 421
16.010000 11 604
16.010000 12 604
16.010000 13 604
16.010000 14 509
16.010000 15 599
16.010000 16 514
16.010000 17 505
16.010000 18 510
16.010000 19 604
16.010000 20 604
16.010000 21 604
16.010000 22 604
16.010000 23 603
16.010000 24 604
16.010000 25 604
16.010000 26 604
16.010000 27 604
16.010000 28 602
16.010000 29 602
17.010000 0 550
17.010000 1 657
17.010000 2 654
17.010000 3 656
17.010000 4 657
17.010000 5 656
17.010000 6 453
17.010000 7 657
17.010000 8 657
17.010000 9 657
17.010000 10 446
17.010000 11 657
17.010000 12 656
17.010000 13 656
17.010000 14 552
17.010000 15 654
17.010000 16 549
17.010000 17 550
17.010000 18 552
17.010000 19 656
17.010000 20 657
17.010000 21 656
17.010000 22 657
17.010000 23 658
17.010000 24 657
17.010000 25 657
17.010000 26 657
17.010000 27 657
17.010000 28 656
17.010000 29 656
18.010000 0 530
18.010000 1 639
18.010000 2 636
18.010000 3 636
18.010000 4 639
18.010000 5 638
18.010000 6 437
18.010000 7 639
18.010000 8 639
18.010000 9 639
18.010000 10 438
18.010000 11 639
18.010000 12 638
18.010000 13 640
18.010000 14 533
18.010000 15 636
18.010000 16 539
18.010000 17 529
18.010000 18 533
18.010000 19 638
18.010000 20 639
18.010000 21 639
18.010000 22 639
18.010000 23 638
18.010000 24 639
18.010000 25 639
18.010000 26 639
18.010000 27 639
18.010000 28 638
18.010000 29 637
19.010000 0 555
19.010000 1 671
19.010000 2 668
19.010000 3 671
19.010000 4 671
19.010000 5 670
19.010000 6 458
19.010000 7 671
19.010000 8 671
19.010000 9 671
19.010000 10 460
19.010000 11 671
19.010000 12 670
19.010000 13 671
19.010000 14 558
19.010000 15 668
19.010000 16 564
19.010000 17 557
19.010000 18 558
19.010000 19 670
19.010000 20 671
19.010000 21 672
19.010000 22 671
19.010000 23 672
19.010000 24 671
19.010000 25 671
19.010000 26 671
19.010000 27 671
19.010000 28 670
19.010000 29 669
20.010000 0 507
20.010000 1 612
20.010000 2 607
20.010000 3 612
20.010000 4 612
20.010000 5 611
20.010000 6 411
20.010000 7 612
20.010000 8 612
20.010000 9 612
20.010000 10 424
20.010000 11 612
20.010000 12 610
20.010000 13 612
20.010000 14 507
20.010000 15 608
20.010000 16 521
20.010000 17 506
20.010000 18 507
20.010000 19 609
20.010000 20 612
20.010000 21 612
20.010000 22 612
20.010000 23 612
20.010000 24 612
20.010000 25 612
20.010000 26 612
20.010000 27 612
20.010000 28 611
20.010000 29 613
21.010000 0 531
21.010000 1 629
21.010000 2 628
21.010000 3 628
21.010000 4 629
21.010000 5 628
21.010000 6 429
21.010000 7 629
21.010000 8 629
21.010000 9 629
21.010000 10 424
21.010000 11 628
21.010000 12 629
21.010000 13 629
21.010000 14 533
21.010000 15 627
21.010000 16 528
21.010000 17 531
21.010000 18 533
21.010000 19 630
21.010000 20 629
21.010000 21 629
21.010000 22 629
21.010000 23 629
21.010000 24 629
21.010000 25 629
21.010000 26 629
21.010000 27 629
21.010000 28 628
21.010000 29 628
22.010000 0 561
22.010000 1 669
22.010000 2 666
22.010000 3 668
22.010000 4 669
22.010000 5 668
22.010000 6 463
22.010000 7 669
22.010000 8 669
22.010000 9 668
22.010000 10 454
22.010000 11 669
22.010000 12 668
22.010000 13 668
22.010000 14 564
22.010000 15 666
22.010000 16 558
22.010000 17 562
22.010000 18 563
22.010000 19 668
22.010000 20 669
22.010000 21 668
22.010000 22 669
22.010000 23 669
22.010000 24 669
22.010000 25 669
22.010000 26 669
22.010000 27 669
22.010000 28 668
22.010000 29 668
23.010000 0 507
23.010000 1 608
23.010000 2 602
23.010000 3 607
23.010000 4 608
23.010000 5 606
23.010000 6 416
23.010000 7 608
23.010000 8 608
23.010000 9 609
23.010000 10 417
23.010000 11 609
23.010000 12 605
23.010000 13 609
23.010000 14 508
23.010000 15 602
23.010000 16 511
23.010000 17 506
23.010000 18 509
23.010000 19 606
23.010000 20 608
23.010000 21 608
23.010000 22 608
23.010000 23 608
23.010000 24 608
23.010000 25 608
23.010000 26 608
23.010000 27 608
23.010000 28 605
23.010000 29 607
24.010000 0 528
24.010000 1 634
24.010000 2 634
24.010000 3 633
24.010000 4 634
24.010000 5 634
24.010000 6 436
24.010000 7 634
24.010000 8 634
24.010000 9 634
24.010000 10 431
24.010000 11 634
24.010000 12 635
24.010000 13 634
24.010000 14 530
24.010000 15 634
24.010000 16 528
24.010000 17 529
24.010000 18 531
24.010000 19 634
24.010000 20 634
24.010000 21 635
24.010000 22 634
24.010000 23 634
24.010000 24 634
24.010000 25 634
24.010000 26 634
24.010000 27 634
24.010000 28 635
24.010000 29 633
25.010000 0 562
25.010000 1 671
25.010000 2 665
25.010000 3 670
25.010000 4 671
25.010000 5 670
25.010000 6 459
25.010000 7 671
25.010000 8 671
25.010000 9 670
25.010000 10 459
25.010000 11 671
25.010000 12 668
25.010000 13 671
25.010000 14 564
25.010000 15 667
25.010000 16 564
25.010000 17 561
25.010000 18 563
25.010000 19 668
25.010000 20 671
25.010000 21 671
25.010000 22 671
25.010000 23 670
25.010000 24 671
25.010000 25 671
25.010000 26 671
25.010000 27 671
25.010000 28 670
25.010000 29 670
26.010000 0 567
26.010000 1 681
26.010000 2 681
26.010000 3 678
26.010000 4 681
26.010000 5 680
26.010000 6 461
26.010000 7 680
26.010000 8 680
26.010000 9 682
26.010000 10 462
26.010000 11 681
26.010000 12 682
26.010000 13 681
26.010000 14 570
26.010000 15 679
26.010000 16 577
26.010000 17 567
26.010000 18 571
26.010000 19 682
26.010000 20 681
26.010000 21 681
26.010000 22 681
26.010000 23 682
26.010000 24 681
26.010000 25 681
26.010000 26 681
26.010000 27 681
26.010000 28 680
26.010000 29 679
27.010000 0 517
27.010000 1 632
27.010000 2 629
27.010000 3 633
27.010000 4 632
27.010000 5 631
27.010000 6 423
27.010000 7 633
27.010000 8 633
27.010000 9 632
27.010000 10 442
27.010000 11 632
27.010000 12 631
27.010000 13 632
27.010000 14 518
27.010000 15 629
27.010000 16 538
27.010000 17 517
27.010000 18 517
27.010000 19 631
27.010000 20 632
27.010000 21 631
27.010000 22 632
27.010000 23 632
27.010000 24 632
27.010000 25 632
27.010000 26 632
27.010000 27 632
27.010000 28 631
27.010000 29 632
28.010000 0 555
28.010000 1 656
28.010000 2 653
28.010000 3 653
28.010000 4 656
28.010000 5 655
28.010000 6 458
28.010000 7 656
28.010000 8 656
28.010000 9 655
28.010000 10 439
28.010000 11 656
28.010000 12 655
28.010000 13 656
28.010000 14 558
28.010000 15 653
28.010000 16 544
28.010000 17 554
28.010000 18 558
28.010000 19 655
28.010000 20 656
28.010000 21 657
28.010000 22 656
28.010000 23 656
28.010000 24 656
28.010000 25 655
28.010000 26 656
28.010000 27 656
28.010000 28 655
28.010000 29 654
29.010000 0 514
29.010000 1 615
29.010000 2 612
29.010000 3 616
29.010000 4 615
29.010000 5 614
29.010000 6 419
29.010000 7 615
29.010000 8 615
29.010000 9 616
29.010000 10 419
29.010000 11 615
29.010000 12 614
29.010000 13 615
29.010000 14 515
29.010000 15 612
29.010000 16 516
29.010000 17 515
29.010000 18 515
29.010000 19 614
29.010000 20 615
29.010000 21 615
29.010000 22 615
29.010000 23 615
29.010000 24 615
29.010000 25 616
29.010000 26 615
29.010000 27 615
29.010000 28 614
29.010000 29 615
30.010000 0 598
30.010000 1 719
30.010000 2 716
30.010000 3 718
30.010000 4 719
30.010000 5 718
30.010000 6 489
30.010000 7 719
30.010000 8 719
30.010000 9 719
30.010000 10 491
30.010000 11 719
30.010000 12 718
30.010000 13 719
30.010000 14 600
30.010000 15 716
30.010000 16 605
30.010000 17 598
30.010000 18 600
30.010000 19 718
30.010000 20 719
30.010000 21 719
30.010000 22 719
30.010000 23 719
30.010000 24 719
30.010000 25 719
30.010000 26 719
30.010000 27 719
30.010000 28 718
30.010000 29 718
31.010000 0 520
31.010000 1 630
31.010000 2 627
31.010000 3 628
31.010000 4 630
31.010000 5 629
31.010000 6 429
31.010000 7 630
31.010000 8 630
31.010000 9 630
31.010000 10 435
31.010000 11 630
31.010000 12 629
31.010000 13 630
31.010000 14 524
31.010000 15 627
31.010000 16 532
31.010000 17 522
31.010000 18 524
31.010000 19 629
31.010000 20 630
31.010000 21 630
31.010000 22 630
31.010000 23 630
31.010000 24 630
31.010000 25 630
31.010000 26 630
31.010000 27 630
31.010000 28 629
31.010000 29 628
32.010000 0 523
32.010000 1 625
32.010000 2 620
32.010000 3 624
32.010000 4 625
32.010000 5 624
32.010000 6 425
32.010000 7 625
32.010000 8 625
32.010000 9 624
32.010000 10 430
32.010000 11 625
32.010000 12 622
32.010000 13 625
32.010000 14 523
32.010000 15 620
32.010000 16 528
32.010000 17 520
32.010000 18 523
32.010000 19 623
32.010000 20 625
32.010000 21 625
32.010000 22 625
32.010000 23 625
32.010000 24 625
32.010000 25 625
32.010000 26 625
32.010000 27 625
32.010000 28 623
32.010000 29 625
33.010000 0 559
33.010000 1 666
33.010000 2 665
33.010000 3 665
33.010000 4 666
33.010000 5 665
33.010000 6 462
33.010000 7 666
33.010000 8 666
33.010000 9 667
33.010000 10 446
33.010000 11 666
33.010000 12 667
33.010000 13 666
33.010000 14 563
33.010000 15 665
33.010000 16 553
33.010000 17 562
33.010000 18 563
33.010000 19 666
33.010000 20 666
33.010000 21 666
33.010000 22 666
33.010000 23 666
33.010000 24 666
33.010000 25 666
33.010000 26 666
33.010000 27 665
33.010000 28 666
33.010000 29 664
34.010000 0 529
34.010000 1 636
34.010000 2 631
34.010000 3 636
34.010000 4 636
34.010000 5 633
34.010000 6 428
34.010000 7 636
34.010000 8 636
34.010000 9 636
34.010000 10 440
34.010000 11 636
34.010000 12 634
34.010000 13 636
34.010000 14 529
34.010000 15 630
34.010000 16 542
34.010000 17 527
34.010000 18 529
34.010000 19 635
34.010000 20 636
34.010000 21 635
34.010000 22 636
34.010000 23 636
34.010000 24 635
34.010000 25 636
34.010000 26 636
34.010000 27 637
34.010000 28 633
34.010000 29 636
35.010000 0 531
35.010000 1 643
35.010000 2 640
35.010000 3 643
35.010000 4 644
35.010000 5 643
35.010000 6 440
35.010000 7 644
35.010000 8 644
35.010000 9 644
35.010000 10 446
35.010000 11 644
35.010000 12 643
35.010000 13 644
35.010000 14 533
35.010000 15 641
35.010000 16 540
35.010000 17 531
35.010000 18 533
35.010000 19 641
35.010000 20 644
35.010000 21 645
35.010000 22 644
35.010000 23 644
35.010000 24 645
35.010000 25 644
35.010000 26 644
35.010000 27 644
35.010000 28 644
35.010000 29 643
36.010000 0 544
36.010000 1 642
36.010000 2 639
36.010000 3 640
36.010000 4 641
36.010000 5 642
36.010000 6 438
36.010000 7 641
36.010000 8 641
36.010000 9 641
36.010000 10 426
36.010000 11 641
36.010000 12 640
36.010000 13 641
36.010000 14 546
36.010000 15 640
36.010000 16 539
36.010000 17 544
36.010000 18 546
36.010000 19 640
36.010000 20 641
36.010000 21 641
36.010000 22 641
36.010000 23 640
36.010000 24 641
36.010000 25 641
36.010000 26 641
36.010000 27 641
36.010000 28 641
36.010000 29 640
37.010000 0 523
37.010000 1 635
37.010000 2 634
37.010000 3 633
37.010000 4 635
37.010000 5 634
37.010000 6 441
37.010000 7 635
37.010000 8 635
37.010000 9 635
37.010000 10 436
37.010000 11 635
37.010000 12 635
37.010000 13 635
37.010000 14 527
37.010000 15 633
37.010000 16 528
37.010000 17 525
37.010000 18 527
37.010000 19 636
37.010000 20 635
37.010000 21 635
37.010000 22 635
37.010000 23 636
37.010000 24 635
37.010000 25 635
37.010000 26 635
37.010000 27 635
37.010000 28 634
37.010000 29 633
38.010000 0 544
38.010000 1 656
38.010000 2 652
38.010000 3 654
38.010000 4 656
38.010000 5 655
38.010000 6 438
38.010000 7 656
38.010000 8 656
38.010000 9 656
38.010000 10 453
38.010000 11 656
38.010000 12 655
38.010000 13 656
38.010000 14 545
38.010000 15 653
38.010000 16 562
38.010000 17 541
38.010000 18 545
38.010000 19 654
38.010000 20 656
38.010000 21 656
38.010000 22 655
38.010000 23 656
38.010000 24 656
38.010000 25 656
38.010000 26 656
38.010000 27 656
38.010000 28 655
38.010000 29 655
39.010000 0 530
39.010000 1 628
39.010000 2 626
39.010000 3 629
39.010000 4 628
39.010000 5 627
39.010000 6 436
39.010000 7 628
39.010000 8 628
39.010000 9 628
39.010000 10 422
39.010000 11 628
39.010000 12 627
39.010000 13 628
39.010000 14 531
39.010000 15 625
39.010000 16 520
39.010000 17 531
39.010000 18 531
39.010000 19 628
39.010000 20 628
39.010000 21 628
39.010000 22 628
39.010000 23 628
39.010000 24 628
39.010000 25 628
39.010000 26 628
39.010000 27 628
39.010000 28 627
39.010000 29 628
40.010000 0 550
40.010000 1 675
40.010000 2 672
40.010000 3 673
40.010000 4 675
40.010000 5 674
40.010000 6 452
40.010000 7 675
40.010000 8 675
40.010000 9 675
40.010000 10 473
40.010000 11 675
40.010000 12 674
40.010000 13 675
40.010000 14 553
40.010000 15 672
40.010000 16 578
40.010000 17 549
40.010000 18 553
40.010000 19 674
40.010000 20 675
40.010000 21 675
40.010000 22 676
40.010000 23 675
40.010000 24 675
40.010000 25 674
40.010000 26 675
40.010000 27 674
40.010000 28 674
40.010000 29 672
41.010000 0 570
41.010000 1 672
41.010000 2 669
41.010000 3 671
41.010000 4 672
41.010000 5 671
41.010000 6 468
41.010000 7 672
41.010000 8 672
41.010000 9 672
41.010000 10 447
41.010000 11 672
41.010000 12 671
41.010000 13 672
41.010000 14 573
41.010000 15 669
41.010000 16 554
41.010000 17 573
41.010000 18 573
41.010000 19 671
41.010000 20 672
41.010000 21 672
41.010000 22 672
41.010000 23 672
41.010000 24 672
41.010000 25 673
41.010000 26 672
41.010000 27 673
41.010000 28 671
41.010000 29 672
42.010000 0 537
42.010000 1 640
42.010000 2 637
42.010000 3 640
42.010000 4 640
42.010000 5 639
42.010000 6 432
42.010000 7 640
42.010000 8 640
42.010000 9 640
42.010000 10 436
42.010000 11 640
42.010000 12 639
42.010000 13 640
42.010000 14 537
42.010000 15 637
42.010000 16 542
42.010000 17 535
42.010000 18 537
42.010000 19 639
42.010000 20 640
42.010000 21 639
42.010000 22 640
42.010000 23 640
42.010000 24 640
42.010000 25 640
42.010000 26 640
42.010000 27 640
42.010000 28 639
42.010000 29 640
43.010000 0 538
43.010000 1 651
43.010000 2 648
43.010000 3 650
43.010000 4 650
43.010000 5 650
43.010000 6 447
43.010000 7 650
43.010000 8 651
43.010000 9 650
43.010000 10 450
43.010000 11 651
43.010000 12 650
43.010000 13 651
43.010000 14 540
43.010000 15 648
43.010000 16 547
43.010000 17 538
43.010000 18 540
43.010000 19 650
43.010000 20 651
43.010000 21 652
43.010000 22 651
43.010000 23 651
43.010000 24 651
43.010000 25 651
43.010000 26 651
43.010000 27 650
43.010000 28 650
43.010000 29 650
44.010000 0 538
44.010000 1 649
44.010000 2 646
44.010000 3 648
44.010000 4 650
44.010000 5 648
44.010000 6 442
44.010000 7 650
44.010000 8 649
44.010000 9 650
44.010000 10 445
44.010000 11 649
44.010000 12 648
44.010000 13 649
44.010000 14 540
44.010000 15 646
44.010000 16 547
44.010000 17 538
44.010000 18 540
44.010000 19 648
44.010000 20 649
44.010000 21 648
44.010000 22 648
44.010000 23 649
44.010000 24 648
44.010000 25 649
44.010000 26 649
44.010000 27 650
44.010000 28 648
44.010000 29 648
45.010000 0 515
45.010000 1 615
45.010000 2 609
45.010000 3 614
45.010000 4 615
45.010000 5 612
45.010000 6 421
45.010000 7 615
45.010000 8 614
45.010000 9 615
45.010000 10 418
45.010000 11 615
45.010000 12 612
45.010000 13 615
45.010000 14 517
45.010000 15 609
45.010000 16 519
45.010000 17 515
45.010000 18 517
45.010000 19 613
45.010000 20 615
45.010000 21 616
45.010000 22 616
45.010000 23 615
45.010000 24 616
45.010000 25 615
45.010000 26 615
45.010000 27 615
45.010000 28 613
45.010000 29 614
46.010000 0 553
46.010000 1 671
46.010000 2 671
46.010000 3 668
46.010000 4 671
46.010000 5 672
46.010000 6 455
46.010000 7 671
46.010000 8 672
46.010000 9 671
46.010000 10 461
46.010000 11 671
46.010000 12 672
46.010000 13 671
46.010000 14 557
46.010000 15 671
46.010000 16 567
46.010000 17 553
46.010000 18 557
46.010000 19 671
46.010000 20 671
46.010000 21 671
46.010000 22 671
46.010000 23 671
46.010000 24 671
46.010000 25 671
46.010000 26 671
46.010000 27 671
46.010000 28 671
46.010000 29 668
47.010000 0 516
47.010000 1 616
47.010000 2 613
47.010000 3 617
47.010000 4 616
47.010000 5 615
47.010000 6 413
47.010000 7 616
47.010000 8 616
47.010000 9 616
47.010000 10 420
47.010000 11 616
47.010000 12 615
47.010000 13 616
47.010000 14 516
47.010000 15 613
47.010000 16 524
47.010000 17 516
47.010000 18 516
47.010000 19 615
47.010000 20 615
47.010000 21 616
47.010000 22 616
47.010000 23 616
47.010000 24 616
47.010000 25 616
47.010000 26 616
47.010000 27 616
47.010000 28 615
47.010000 29 617
48.010000 0 531
48.010000 1 635
48.010000 2 632
48.010000 3 633
48.010000 4 635
48.010000 5 634
48.010000 6 442
48.010000 7 635
48.010000 8 635
48.010000 9 635
48.010000 10 431
48.010000 11 635
48.010000 12 634
48.010000 13 635
48.010000 14 535
48.010000 15 632
48.010000 16 526
48.010000 17 533
48.010000 18 535
48.010000 19 634
48.010000 20 636
48.010000 21 635
48.010000 22 635
48.010000 23 635
48.010000 24 635
48.010000 25 635
48.010000 26 635
48.010000 27 635
48.010000 28 634
48.010000 29 633
49.010000 0 555
49.010000 1 657
49.010000 2 654
49.010000 3 657
49.010000 4 657
49.010000 5 656
49.010000 6 445
49.010000 7 656
49.010000 8 657
49.010000 9 657
49.010000 10 446
49.010000 11 657
49.010000 12 656
49.010000 13 657
49.010000 14 555
49.010000 15 654
49.010000 16 554
49.010000 17 553
49.010000 18 555
49.010000 19 656
49.010000 20 657
49.010000 21 657
49.010000 22 656
49.010000 23 656
49.010000 24 657
49.010000 25 657
49.010000 26 657
49.010000 27 657
49.010000 28 656
49.010000 29 657
50.010000 0 554
50.010000 1 664
50.010000 2 660
50.010000 3 662
50.010000 4 664
50.010000 5 661
50.010000 6 457
50.010000 7 665
50.010000 8 664
50.010000 9 664
50.010000 10 450
50.010000 11 664
50.010000 12 663
50.010000 13 664
50.010000 14 558
50.010000 15 659
50.010000 16 556
50.010000 17 556
50.010000 18 558
50.010000 19 663
50.010000 20 664
50.010000 21 664
50.010000 22 665
50.010000 23 665
50.010000 24 664
50.010000 25 664
50.010000 26 664
50.010000 27 664
50.010000 28 662
50.010000 29 662
51.010000 0 570
51.010000 1 690
51.010000 2 684
51.010000 3 690
51.010000 4 689
51.010000 5 690
51.010000 6 467
51.010000 7 690
51.010000 8 690
51.010000 9 690
51.010000 10 480
51.010000 11 690
51.010000 12 687
51.010000 13 690
51.010000 14 570
51.010000 15 687
51.010000 16 583
51.010000 17 568
51.010000 18 570
51.010000 19 687
51.010000 20 690
51.010000 21 690
51.010000 22 690
51.010000 23 690
51.010000 24 690
51.010000 25 690
51.010000 26 690
51.010000 27 689
51.010000 28 689
51.010000 29 690
52.010000 0 517
52.010000 1 623
52.010000 2 624
52.010000 3 620
52.010000 4 624
52.010000 5 623
52.010000 6 421
52.010000 7 623
52.010000 8 623
52.010000 9 623
52.010000 10 426
52.010000 11 623
52.010000 12 624
52.010000 13 623
52.010000 14 520
52.010000 15 622
52.010000 16 529
52.010000 17 515
52.010000 18 520
52.010000 19 624
52.010000 20 623
52.010000 21 623
52.010000 22 623
52.010000 23 623
52.010000 24 622
52.010000 25 623
52.010000 26 623
52.010000 27 623
52.010000 28 623
52.010000 29 620
53.010000 0 531
53.010000 1 633
53.010000 2 630
53.010000 3 634
53.010000 4 633
53.010000 5 632
53.010000 6 432
53.010000 7 633
53.010000 8 633
53.010000 9 633
53.010000 10 428
53.010000 11 633
53.010000 12 632
53.010000 13 633
53.010000 14 532
53.010000 15 630
53.010000 16 530
53.010000 17 533
53.010000 18 532
53.010000 19 632
53.010000 20 633
53.010000 21 633
53.010000 22 633
53.010000 23 633
53.010000 24 634
53.010000 25 633
53.010000 26 633
53.010000 27 634
53.010000 28 632
53.010000 29 634
54.010000 0 547
54.010000 1 651
54.010000 2 648
54.010000 3 648
54.010000 4 651
54.010000 5 650
54.010000 6 445
54.010000 7 651
54.010000 8 651
54.010000 9 651
54.010000 10 442
54.010000 11 651
54.010000 12 650
54.010000 13 651
54.010000 14 550
54.010000 15 648
54.010000 16 548
54.010000 17 545
54.010000 18 550
54.010000 19 650
54.010000 20 651
54.010000 21 651
54.010000 22 651
54.010000 23 651
54.010000 24 651
54.010000 25 650
54.010000 26 651
54.010000 27 651
54.010000 28 650
54.010000 29 648
55.010000 0 573
55.010000 1 688
55.010000 2 685
55.010000 3 689
55.010000 4 688
55.010000 5 687
55.010000 6 472
55.010000 7 688
55.010000 8 688
55.010000 9 688
55.010000 10 470
55.010000 11 688
55.010000 12 687
55.010000 13 688
55.010000 14 574
55.010000 15 685
55.010000 16 576
55.010000 17 574
55.010000 18 574
55.010000 19 687
55.010000 20 688
55.010000 21 687
55.010000 22 687
55.010000 23 687
55.010000 24 688
55.010000 25 689
55.010000 26 688
55.010000 27 688
55.010000 28 687
55.010000 29 688
56.010000 0 529
56.010000 1 638
56.010000 2 635
56.010000 3 637
56.010000 4 638
56.010000 5 637
56.010000 6 434
56.010000 7 637
56.010000 8 638
56.010000 9 638
56.010000 10 438
56.010000 11 638
56.010000 12 637
56.010000 13 637
56.010000 14 531
56.010000 15 635
56.010000 16 538
56.010000 17 530
56.010000 18 531
56.010000 19 637
56.010000 20 638
56.010000 21 639
56.010000 22 639
56.010000 23 638
56.010000 24 638
56.010000 25 638
56.010000 26 638
56.010000 27 638
56.010000 28 637
56.010000 29 638
57.010000 0 505
57.010000 1 602
57.010000 2 596
57.010000 3 600
57.010000 4 602
57.010000 5 601
57.010000 6 419
57.010000 7 603
57.010000 8 602
57.010000 9 602
57.010000 10 409
57.010000 11 602
57.010000 12 599
57.010000 13 602
57.010000 14 508
57.010000 15 598
57.010000 16 501
57.010000 17 504
57.010000 18 508
57.010000 19 599
57.010000 20 602
57.010000 21 602
57.010000 22 602
57.010000 23 603
57.010000 24 602
57.010000 25 602
57.010000 26 602
57.010000 27 602
57.010000 28 601
57.010000 29 599
58.010000 0 550
58.010000 1 655
58.010000 2 655
58.010000 3 655
58.010000 4 655
58.010000 5 654
58.010000 6 447
58.010000 7 655
58.010000 8 655
58.010000 9 655
58.010000 10 444
58.010000 11 655
58.010000 12 656
58.010000 13 655
58.010000 14 551
58.010000 15 653
58.010000 16 549
58.010000 17 551
58.010000 18 551
58.010000 19 656
58.010000 20 655
58.010000 21 655
58.010000 22 654
58.010000 23 654
58.010000 24 655
58.010000 25 655
58.010000 26 655
58.010000 27 654
58.010000 28 654
58.010000 29 656
59.010000 0 523
59.010000 1 629
59.010000 2 626
59.010000 3 628
59.010000 4 629
59.010000 5 628
59.010000 6 428
59.010000 7 629
59.010000 8 629
59.010000 9 628
59.010000 10 429
59.010000 11 629
59.010000 12 628
59.010000 13 630
59.010000 14 525
59.010000 15 626
59.010000 16 531
59.010000 17 523
59.010000 18 525
59.010000 19 628
59.010000 20 629
59.010000 21 629
59.010000 22 630
59.010000 23 629
59.010000 24 629
59.010000 25 629
59.010000 26 629
59.010000 27 630
59.010000 28 628
59.010000 29 628
60.010000 0 560
60.010000 1 680
60.010000 2 677
60.010000 3 679
60.010000 4 679
60.010000 5 679
60.010000 6 459
60.010000 7 680
60.010000 8 680
60.010000 9 681
60.010000 10 468
60.010000 11 680
60.010000 12 679
60.010000 13 680
60.010000 14 562
60.010000 15 677
60.010000 16 579
60.010000 17 560
60.010000 18 562
60.010000 19 679
60.010000 20 680
60.010000 21 680
60.010000 22 680
60.010000 23 681
60.010000 24 680
60.010000 25 680
60.010000 26 679
60.010000 27 680
60.010000 28 679
60.010000 29 679
61.010000 0 559
61.010000 1 669
61.010000 2 666
61.010000 3 668
61.010000 4 670
61.010000 5 668
61.010000 6 459
61.010000 7 669
61.010000 8 669
61.010000 9 669
61.010000 10 454
61.010000 11 669
61.010000 12 668
61.010000 13 669
61.010000 14 562
61.010000 15 666
61.010000 16 561
61.010000 17 560
61.010000 18 561
61.010000 19 668
61.010000 20 669
61.010000 21 669
61.010000 22 668
61.010000 23 669
61.010000 24 669
61.010000 25 668
61.010000 26 670
61.010000 27 669
61.010000 28 668
61.010000 29 668
62.010000 0 544
62.010000 1 661
62.010000 2 658
62.010000 3 659
62.010000 4 660
62.010000 5 660
62.010000 6 450
62.010000 7 661
62.010000 8 661
62.010000 9 661
62.010000 10 456
62.010000 11 661
62.010000 12 660
62.010000 13 661
62.010000 14 546
62.010000 15 658
62.010000 16 558
62.010000 17 544
62.010000 18 548
62.010000 19 660
62.010000 20 661
62.010000 21 661
62.010000 22 662
62.010000 23 661
62.010000 24 661
62.010000 25 662
62.010000 26 661
62.010000 27 661
62.010000 28 660
62.010000 29 659
63.010000 0 469
63.010000 1 560
63.010000 2 554
63.010000 3 560
63.010000 4 561
63.010000 5 558
63.010000 6 382
63.010000 7 560
63.010000 8 560
63.010000 9 560
63.010000 10 385
63.010000 11 560
63.010000 12 557
63.010000 13 560
63.010000 14 470
63.010000 15 554
63.010000 16 473
63.010000 17 468
63.010000 18 469
63.010000 19 558
63.010000 20 560
63.010000 21 560
63.010000 22 560
63.010000 23 560
63.010000 24 560
63.010000 25 560
63.010000 26 560
63.010000 27 560
63.010000 28 557
63.010000 29 560
64.010000 0 572
64.010000 1 676
64.010000 2 676
64.010000 3 674
64.010000 4 676
64.010000 5 675
64.010000 6 471
64.010000 7 675
64.010000 8 675
64.010000 9 676
64.010000 10 454
64.010000 11 676
64.010000 12 677
64.010000 13 676
64.010000 14 574
64.010000 15 675
64.010000 16 558
64.010000 17 571
64.010000 18 574
64.010000 19 676
64.010000 20 676
64.010000 21 676
64.010000 22 676
64.010000 23 676
64.010000 24 676
64.010000 25 676
64.010000 26 676
64.010000 27 675
64.010000 28 677
64.010000 29 675
65.010000 0 545
65.010000 1 662
65.010000 2 659
65.010000 3 661
65.010000 4 662
65.010000 5 662
65.010000 6 450
65.010000 7 663
65.010000 8 663
65.010000 9 662
65.010000 10 455
65.010000 11 662
65.010000 12 661
65.010000 13 662
65.010000 14 549
65.010000 15 660
65.010000 16 558
65.010000 17 547
65.010000 18 549
65.010000 19 661
65.010000 20 662
65.010000 21 662
65.010000 22 662
65.010000 23 662
65.010000 24 662
65.010000 25 662
65.010000 26 662
65.010000 27 663
65.010000 28 661
65.010000 29 659
66.010000 0 543
66.010000 1 647
66.010000 2 644
66.010000 3 647
66.010000 4 647
66.010000 5 646
66.010000 6 438
66.010000 7 647
66.010000 8 647
66.010000 9 647
66.010000 10 441
66.010000 11 647
66.010000 12 646
66.010000 13 647
66.010000 14 543
66.010000 15 644
66.010000 16 545
66.010000 17 542
66.010000 18 543
66.010000 19 646
66.010000 20 647
66.010000 21 647
66.010000 22 647
66.010000 23 646
66.010000 24 647
66.010000 25 647
66.010000 26 647
66.010000 27 647
66.010000 28 646
66.010000 29 648
67.010000 0 551
67.010000 1 658
67.010000 2 655
67.010000 3 657
67.010000 4 658
67.010000 5 657
67.010000 6 449
67.010000 7 658
67.010000 8 658
67.010000 9 658
67.010000 10 446
67.010000 11 658
67.010000 12 657
67.010000 13 658
67.010000 14 553
67.010000 15 655
67.010000 16 553
67.010000 17 551
67.010000 18 553
67.010000 19 657
67.010000 20 658
67.010000 21 658
67.010000 22 658
67.010000 23 659
67.010000 24 658
67.010000 25 658
67.010000 26 658
67.010000 27 658
67.010000 28 657
67.010000 29 657
68.010000 0 537
68.010000 1 654
68.010000 2 648
68.010000 3 653
68.010000 4 653
68.010000 5 652
68.010000 6 443
68.010000 7 654
68.010000 8 654
68.010000 9 654
68.010000 10 457
68.010000 11 654
68.010000 12 651
68.010000 13 654
68.010000 14 539
68.010000 15 648
68.010000 16 557
68.010000 17 537
68.010000 18 539
68.010000 19 652
68.010000 20 654
68.010000 21 654
68.010000 22 654
68.010000 23 654
68.010000 24 654
68.010000 25 654
68.010000 26 654
68.010000 27 653
68.010000 28 651
68.010000 29 653
69.010000 0 538
69.010000 1 642
69.010000 2 640
69.010000 3 641
69.010000 4 643
69.010000 5 642
69.010000 6 438
69.010000 7 642
69.010000 8 642
69.010000 9 642
69.010000 10 434
69.010000 11 642
69.010000 12 641
69.010000 13 642
69.010000 14 540
69.010000 15 641
69.010000 16 538
69.010000 17 538
69.010000 18 540
69.010000 19 641
69.010000 20 642
69.010000 21 642
69.010000 22 642
69.010000 23 642
69.010000 24 642
69.010000 25 642
69.010000 26 642
69.010000 27 643
69.010000 28 643
69.010000 29 641
70.010000 0 523
70.010000 1 636
70.010000 2 635
70.010000 3 633
70.010000 4 636
70.010000 5 635
70.010000 6 436
70.010000 7 636
70.010000 8 636
70.010000 9 636
70.010000 10 440
70.010000 11 636
70.010000 12 637
70.010000 13 636
70.010000 14 526
70.010000 15 634
70.010000 16 535
70.010000 17 522
70.010000 18 527
70.010000 19 636
70.010000 20 636
70.010000 21 636
70.010000 22 636
70.010000 23 636
70.010000 24 636
70.010000 25 636
70.010000 26 636
70.010000 27 636
70.010000 28 635
70.010000 29 633
71.010000 0 527
71.010000 1 627
71.010000 2 624
71.010000 3 628
71.010000 4 627
71.010000 5 626
71.010000 6 429
71.010000 7 627
71.010000 8 627
71.010000 9 627
71.010000 10 423
71.010000 11 627
71.010000 12 626
71.010000 13 627
71.010000 14 529
71.010000 15 624
71.010000 16 527
71.010000 17 530
71.010000 18 528
71.010000 19 626
71.010000 20 626
71.010000 21 627
71.010000 22 627
71.010000 23 627
71.010000 24 627
71.010000 25 627
71.010000 26 627
71.010000 27 627
71.010000 28 626
71.010000 29 628
72.010000 0 579
72.010000 1 684
72.010000 2 681
72.010000 3 683
72.010000 4 684
72.010000 5 683
72.010000 6 479
72.010000 7 684
72.010000 8 684
72.010000 9 684
72.010000 10 459
72.010000 11 684
72.010000 12 683
72.010000 13 684
72.010000 14 580
72.010000 15 681
72.010000 16 561
72.010000 17 577
72.010000 18 580
72.010000 19 683
72.010000 20 685
72.010000 21 684
72.010000 22 684
72.010000 23 684
72.010000 24 684
72.010000 25 684
72.010000 26 684
72.010000 27 683
72.010000 28 683
72.010000 29 683
73.010000 0 553
73.010000 1 666
73.010000 2 664
73.010000 3 665
73.010000 4 667
73.010000 5 666
73.010000 6 446
73.010000 7 667
73.010000 8 667
73.010000 9 667
73.010000 10 459
73.010000 11 667
73.010000 12 666
73.010000 13 667
73.010000 14 555
73.010000 15 664
73.010000 16 573
73.010000 17 552
73.010000 18 555
73.010000 19 666
73.010000 20 667
73.010000 21 667
73.010000 22 667
73.010000 23 666
73.010000 24 667
73.010000 25 666
73.010000 26 666
73.010000 27 668
73.010000 28 666
73.010000 29 666
74.010000 0 550
74.010000 1 659
74.010000 2 655
74.010000 3 658
74.010000 4 658
74.010000 5 657
74.010000 6 449
74.010000 7 658
74.010000 8 658
74.010000 9 658
74.010000 10 445
74.010000 11 658
74.010000 12 657
74.010000 13 658
74.010000 14 552
74.010000 15 655
74.010000 16 551
74.010000 17 551
74.010000 18 552
74.010000 19 657
74.010000 20 658
74.010000 21 658
74.010000 22 658
74.010000 23 659
74.010000 24 658
74.010000 25 659
74.010000 26 659
74.010000 27 658
74.010000 28 657
74.010000 29 657
75.010000 0 522
75.010000 1 637
75.010000 2 634
75.010000 3 636
75.010000 4 637
75.010000 5 636
75.010000 6 426
75.010000 7 637
75.010000 8 637
75.010000 9 637
75.010000 10 446
75.010000 11 637
75.010000 12 636
75.010000 13 637
75.010000 14 524
75.010000 15 634
75.010000 16 544
75.010000 17 522
75.010000 18 524
75.010000 19 636
75.010000 20 637
75.010000 21 636
75.010000 22 637
75.010000 23 637
75.010000 24 637
75.010000 25 637
75.010000 26 637
75.010000 27 637
75.010000 28 636
75.010000 29 636
76.010000 0 524
76.010000 1 628
76.010000 2 625
76.010000 3 627
76.010000 4 628
76.010000 5 627
76.010000 6 430
76.010000 7 628
76.010000 8 628
76.010000 9 628
76.010000 10 428
76.010000 11 628
76.010000 12 627
76.010000 13 628
76.010000 14 526
76.010000 15 625
76.010000 16 529
76.010000 17 524
76.010000 18 526
76.010000 19 627
76.010000 20 628
76.010000 21 628
76.010000 22 628
76.010000 23 628
76.010000 24 628
76.010000 25 627
76.010000 26 628
76.010000 27 628
76.010000 28 627
76.010000 29 627
77.010000 0 539
77.010000 1 650
77.010000 2 646
77.010000 3 649
77.010000 4 650
77.010000 5 649
77.010000 6 444
77.010000 7 650
77.010000 8 650
77.010000 9 650
77.010000 10 448
77.010000 11 650
77.010000 12 648
77.010000 13 650
77.010000 14 541
77.010000 15 647
77.010000 16 546
77.010000 17 539
77.010000 18 541
77.010000 19 649
77.010000 20 649
77.010000 21 650
77.010000 22 650
77.010000 23 650
77.010000 24 650
77.010000 25 651
77.010000 26 650
77.010000 27 650
77.010000 28 649
77.010000 29 649
78.010000 0 541
78.010000 1 642
78.010000 2 640
78.010000 3 639
78.010000 4 642
78.010000 5 641
78.010000 6 443
78.010000 7 642
78.010000 8 642
78.010000 9 642
78.010000 10 431
78.010000 11 642
78.010000 12 642
78.010000 13 642
78.010000 14 545
78.010000 15 639
78.010000 16 535
78.010000 17 541
78.010000 18 544
78.010000 19 641
78.010000 20 643
78.010000 21 643
78.010000 22 642
78.010000 23 642
78.010000 24 642
78.010000 25 642
78.010000 26 642
78.010000 27 642
78.010000 28 641
78.010000 29 640
79.010000 0 532
79.010000 1 643
79.010000 2 640
79.010000 3 643
79.010000 4 643
79.010000 5 642
79.010000 6 435
79.010000 7 643
79.010000 8 643
79.010000 9 643
79.010000 10 441
79.010000 11 643
79.010000 12 642
79.010000 13 643
79.010000 14 534
79.010000 15 640
79.010000 16 547
79.010000 17 534
79.010000 18 535
79.010000 19 642
79.010000 20 643
79.010000 21 643
79.010000 22 642
79.010000 23 643
79.010000 24 643
79.010000 25 643
79.010000 26 643
79.010000 27 643
79.010000 28 642
79.010000 29 642
80.010000 0 532
80.010000 1 637
80.010000 2 634
80.010000 3 637
80.010000 4 637
80.010000 5 636
80.010000 6 435
80.010000 7 637
80.010000 8 637
80.010000 9 637
80.010000 10 436
80.010000 11 637
80.010000 12 636
80.010000 13 636
80.010000 14 532
80.010000 15 634
80.010000 16 535
80.010000 17 530
80.010000 18 532
80.010000 19 636
80.010000 20 636
80.010000 21 637
80.010000 22 638
80.010000 23 637
80.010000 24 637
80.010000 25 637
80.010000 26 637
80.010000 27 637
80.010000 28 636
80.010000 29 637
81.010000 0 560
81.010000 1 665
81.010000 2 659
81.010000 3 663
81.010000 4 665
81.010000 5 664
81.010000 6 464
81.010000 7 665
81.010000 8 665
81.010000 9 665
81.010000 10 447
81.010000 11 665
81.010000 12 662
81.010000 13 666
81.010000 14 564
81.010000 15 661
81.010000 16 551
81.010000 17 561
81.010000 18 563
81.010000 19 662
81.010000 20 666
81.010000 21 665
81.010000 22 665
81.010000 23 665
81.010000 24 665
81.010000 25 665
81.010000 26 665
81.010000 27 665
81.010000 28 664
81.010000 29 663
82.010000 0 544
82.010000 1 658
82.010000 2 656
82.010000 3 658
82.010000 4 658
82.010000 5 657
82.010000 6 443
82.010000 7 658
82.010000 8 658
82.010000 9 658
82.010000 10 453
82.010000 11 658
82.010000 12 657
82.010000 13 658
82.010000 14 544
82.010000 15 655
82.010000 16 559
82.010000 17 543
82.010000 18 545
82.010000 19 658
82.010000 20 658
82.010000 21 658
82.010000 22 658
82.010000 23 658
82.010000 24 658
82.010000 25 658
82.010000 26 658
82.010000 27 658
82.010000 28 657
82.010000 29 658
83.010000 0 576
83.010000 1 689
83.010000 2 688
83.010000 3 688
83.010000 4 689
83.010000 5 688
83.010000 6 466
83.010000 7 689
83.010000 8 689
83.010000 9 689
83.010000 10 466
83.010000 11 689
83.010000 12 690
83.010000 13 689
83.010000 14 578
83.010000 15 687
83.010000 16 583
83.010000 17 576
83.010000 18 578
83.010000 19 689
83.010000 20 689
83.010000 21 689
83.010000 22 689
83.010000 23 689
83.010000 24 689
83.010000 25 689
83.010000 26 689
83.010000 27 689
83.010000 28 688
83.010000 29 688
84.010000 0 532
84.010000 1 634
84.010000 2 631
84.010000 3 633
84.010000 4 634
84.010000 5 633
84.010000 6 441
84.010000 7 634
84.010000 8 634
84.010000 9 634
84.010000 10 428
84.010000 11 634
84.010000 12 633
84.010000 13 634
84.010000 14 534
84.010000 15 631
84.010000 16 527
84.010000 17 532
84.010000 18 534
84.010000 19 633
84.010000 20 634
84.010000 21 634
84.010000 22 634
84.010000 23 634
84.010000 24 634
84.010000 25 634
84.010000 26 634
84.010000 27 634
84.010000 28 633
84.010000 29 633
85.010000 0 541
85.010000 1 653
85.010000 2 650
85.010000 3 652
85.010000 4 653
85.010000 5 652
85.010000 6 443
85.010000 7 653
85.010000 8 653
85.010000 9 653
85.010000 10 448
85.010000 11 653
85.010000 12 652
85.010000 13 653
85.010000 14 543
85.010000 15 650
85.010000 16 553
85.010000 17 541
85.010000 18 543
85.010000 19 652
85.010000 20 653
85.010000 21 653
85.010000 22 653
85.010000 23 653
85.010000 24 653
85.010000 25 653
85.010000 26 653
85.010000 27 653
85.010000 28 652
85.010000 29 652
86.010000 0 524
86.010000 1 629
86.010000 2 626
86.010000 3 627
86.010000 4 629
86.010000 5 628
86.010000 6 428
86.010000 7 629
86.010000 8 629
86.010000 9 629
86.010000 10 433
86.010000 11 629
86.010000 12 628
86.010000 13 629
86.010000 14 526
86.010000 15 626
86.010000 16 531
86.010000 17 523
86.010000 18 526
86.010000 19 628
86.010000 20 629
86.010000 21 629
86.010000 22 629
86.010000 23 628
86.010000 24 629
86.010000 25 628
86.010000 26 629
86.010000 27 629
86.010000 28 628
86.010000 29 628
87.010000 0 540
87.010000 1 650
87.010000 2 644
87.010000 3 650
87.010000 4 650
87.010000 5 647
87.010000 6 444
87.010000 7 650
87.010000 8 650
87.010000 9 650
87.010000 10 445
87.010000 11 650
87.010000 12 647
87.010000 13 650
87.010000 14 542
87.010000 15 644
87.010000 16 548
87.010000 17 541
87.010000 18 542
87.010000 19 648
87.010000 20 650
87.010000 21 650
87.010000 22 650
87.010000 23 651
87.010000 24 650
87.010000 25 651
87.010000 26 650
87.010000 27 650
87.010000 28 648
87.010000 29 649
88.010000 0 513
88.010000 1 625
88.010000 2 625
88.010000 3 622
88.010000 4 625
88.010000 5 626
88.010000 6 424
88.010000 7 624
88.010000 8 625
88.010000 9 625
88.010000 10 436
88.010000 11 625
88.010000 12 626
88.010000 13 625
88.010000 14 516
88.010000 15 625
88.010000 16 527
88.010000 17 512
88.010000 18 516
88.010000 19 625
88.010000 20 625
88.010000 21 625
88.010000 22 625
88.010000 23 625
88.010000 24 625
88.010000 25 625
88.010000 26 625
88.010000 27 624
88.010000 28 625
88.010000 29 623
89.010000 0 540
89.010000 1 639
89.010000 2 636
89.010000 3 639
89.010000 4 639
89.010000 5 638
89.010000 6 442
89.010000 7 640
89.010000 8 639
89.010000 9 639
89.010000 10 424
89.010000 11 639
89.010000 12 638
89.010000 13 639
89.010000 14 543
89.010000 15 636
89.010000 16 534
89.010000 17 543
89.010000 18 543
89.010000 19 638
89.010000 20 639
89.010000 21 639
89.010000 22 639
89.010000 23 639
89.010000 24 639
89.010000 25 639
89.010000 26 639
89.010000 27 640
89.010000 28 638
89.010000 29 638
90.010000 0 567
90.010000 1 673
90.010000 2 670
90.010000 3 673
90.010000 4 673
90.010000 5 672
90.010000 6 459
90.010000 7 673
90.010000 8 673
90.010000 9 673
90.010000 10 455
90.010000 11 673
90.010000 12 672
90.010000 13 673
90.010000 14 567
90.010000 15 670
90.010000 16 565
90.010000 17 565
90.010000 18 567
90.010000 19 672
90.010000 20 673
90.010000 21 672
90.010000 22 673
90.010000 23 673
90.010000 24 673
90.010000 25 673
90.010000 26 673
90.010000 27 673
90.010000 28 672
90.010000 29 673
91.010000 0 553
91.010000 1 673
91.010000 2 669
91.010000 3 672
91.010000 4 673
91.010000 5 672
91.010000 6 459
91.010000 7 673
91.010000 8 673
91.010000 9 673
91.010000 10 465
91.010000 11 673
91.010000 12 672
91.010000 13 672
91.010000 14 555
91.010000 15 670
91.010000 16 569
91.010000 17 553
91.010000 18 555
91.010000 19 671
91.010000 20 673
91.010000 21 674
91.010000 22 673
91.010000 23 673
91.010000 24 673
91.010000 25 673
91.010000 26 673
91.010000 27 673
91.010000 28 672
91.010000 29 672
92.010000 0 536
92.010000 1 650
92.010000 2 648
92.010000 3 647
92.010000 4 650
92.010000 5 649
92.010000 6 439
92.010000 7 650
92.010000 8 650
92.010000 9 650
92.010000 10 448
92.010000 11 650
92.010000 12 649
92.010000 13 651
92.010000 14 540
92.010000 15 647
92.010000 16 552
92.010000 17 537
92.010000 18 540
92.010000 19 650
92.010000 20 650
92.010000 21 650
92.010000 22 650
92.010000 23 650
92.010000 24 650
92.010000 25 650
92.010000 26 650
92.010000 27 650
92.010000 28 649
92.010000 29 648
93.010000 0 511
93.010000 1 610
93.010000 2 607
93.010000 3 610
93.010000 4 610
93.010000 5 609
93.010000 6 418
93.010000 7 610
93.010000 8 610
93.010000 9 610
93.010000 10 414
93.010000 11 610
93.010000 12 609
93.010000 13 610
93.010000 14 513
93.010000 15 607
93.010000 16 512
93.010000 17 512
93.010000 18 513
93.010000 19 609
93.010000 20 610
93.010000 21 610
93.010000 22 610
93.010000 23 610
93.010000 24 610
93.010000 25 610
93.010000 26 610
93.010000 27 610
93.010000 28 609
93.010000 29 609
94.010000 0 544
94.010000 1 658
94.010000 2 655
94.010000 3 656
94.010000 4 658
94.010000 5 657
94.010000 6 446
94.010000 7 658
94.010000 8 658
94.010000 9 658
94.010000 10 454
94.010000 11 658
94.010000 12 657
94.010000 13 658
94.010000 14 546
94.010000 15 655
94.010000 16 560
94.010000 17 543
94.010000 18 546
94.010000 19 657
94.010000 20 658
94.010000 21 658
94.010000 22 657
94.010000 23 657
94.010000 24 658
94.010000 25 658
94.010000 26 657
94.010000 27 658
94.010000 28 657
94.010000 29 657
95.010000 0 542
95.010000 1 637
95.010000 2 634
95.010000 3 638
95.010000 4 636
95.010000 5 636
95.010000 6 436
95.010000 7 637
95.010000 8 637
95.010000 9 637
95.010000 10 427
95.010000 11 637
95.010000 12 636
95.010000 13 637
95.010000 14 542
95.010000 15 634
95.010000 16 531
95.010000 17 541
95.010000 18 542
95.010000 19 636
95.010000 20 637
95.010000 21 637
95.010000 22 638
95.010000 23 638
95.010000 24 637
95.010000 25 636
95.010000 26 637
95.010000 27 637
95.010000 28 636
95.010000 29 637
96.010000 0 567
96.010000 1 690
96.010000 2 685
96.010000 3 687
96.010000 4 691
96.010000 5 689
96.010000 6 467
96.010000 7 690
96.010000 8 690
96.010000 9 690
96.010000 10 478
96.010000 11 690
96.010000 12 687
96.010000 13 690
96.010000 14 570
96.010000 15 686
96.010000 16 584
96.010000 17 566
96.010000 18 570
96.010000 19 688
96.010000 20 690
96.010000 21 690
96.010000 22 690
96.010000 23 690
96.010000 24 690
96.010000 25 691
96.010000 26 691
96.010000 27 690
96.010000 28 689
96.010000 29 688
97.010000 0 515
97.010000 1 613
97.010000 2 613
97.010000 3 615
97.010000 4 613
97.010000 5 613
97.010000 6 419
97.010000 7 614
97.010000 8 614
97.010000 9 614
97.010000 10 417
97.010000 11 614
97.010000 12 615
97.010000 13 614
97.010000 14 516
97.010000 15 612
97.010000 16 518
97.010000 17 516
97.010000 18 516
97.010000 19 614
97.010000 20 614
97.010000 21 614
97.010000 22 614
97.010000 23 614
97.010000 24 613
97.010000 25 614
97.010000 26 614
97.010000 27 613
97.010000 28 613
97.010000 29 614
98.010000 0 547
98.010000 1 664
98.010000 2 660
98.010000 3 661
98.010000 4 664
98.010000 5 662
98.010000 6 454
98.010000 7 663
98.010000 8 663
98.010000 9 663
98.010000 10 454
98.010000 11 663
98.010000 12 662
98.010000 13 663
98.010000 14 551
98.010000 15 660
98.010000 16 557
98.010000 17 549
98.010000 18 551
98.010000 19 662
98.010000 20 662
98.010000 21 663
98.010000 22 663
98.010000 23 663
98.010000 24 664
98.010000 25 663
98.010000 26 663
98.010000 27 664
98.010000 28 662
98.010000 29 661
99.010000 0 522
99.010000 1 632
99.010000 2 628
99.010000 3 631
99.010000 4 632
99.010000 5 631
99.010000 6 429
99.010000 7 632
99.010000 8 632
99.010000 9 632
99.010000 10 437
99.010000 11 632
99.010000 12 631
99.010000 13 632
99.010000 14 524
99.010000 15 629
99.010000 16 535
99.010000 17 522
99.010000 18 524
99.010000 19 630
99.010000 20 633
99.010000 21 632
99.010000 22 632
99.010000 23 632
99.010000 24 632
99.010000 25 631
99.010000 26 632
99.010000 27 632
99.010000 28 631
99.010000 29 631
100.010000 0 549
100.010000 1 656
100.010000 2 653
100.010000 3 655
100.010000 4 656
100.010000 5 655
100.010000 6 448
100.010000 7 656
100.010000 8 656
100.010000 9 655
100.010000 10 445
100.010000 11 656
100.010000 12 655
100.010000 13 656
100.010000 14 551
100.010000 15 653
100.010000 16 552
100.010000 17 549
100.010000 18 551
100.010000 19 655
100.010000 20 656
100.010000 21 656
100.010000 22 656
100.010000 23 656
100.010000 24 656
100.010000 25 657
100.010000 26 656
100.010000 27 656
100.010000 28 655
100.010000 29 655
101.010000 0 542
101.010000 1 645
101.010000 2 643
101.010000 3 645
101.010000 4 645
101.010000 5 644
101.010000 6 438
101.010000 7 645
101.010000 8 645
101.010000 9 646
101.010000 10 439
101.010000 11 644
101.010000 12 644
101.010000 13 645
101.010000 14 542
101.010000 15 642
101.010000 16 542
101.010000 17 540
101.010000 18 542
101.010000 19 645
101.010000 20 644
101.010000 21 645
101.010000 22 645
101.010000 23 645
101.010000 24 645
101.010000 25 645
101.010000 26 645
101.010000 27 645
101.010000 28 644
101.010000 29 645
102.010000 0 516
102.010000 1 626
102.010000 2 623
102.010000 3 625
102.010000 4 626
102.010000 5 625
102.010000 6 427
102.010000 7 626
102.010000 8 626
102.010000 9 626
102.010000 10 433
102.010000 11 627
102.010000 12 625
102.010000 13 626
102.010000 14 518
102.010000 15 623
102.010000 16 526
102.010000 17 516
102.010000 18 518
102.010000 19 625
102.010000 20 627
102.010000 21 626
102.010000 22 626
102.010000 23 626
102.010000 24 626
102.010000 25 626
102.010000 26 626
102.010000 27 626
102.010000 28 625
102.010000 29 625
103.010000 0 514
103.010000 1 612
103.010000 2 609
103.010000 3 609
103.010000 4 612
103.010000 5 611
103.010000 6 422
103.010000 7 612
103.010000 8 612
103.010000 9 612
103.010000 10 413
103.010000 11 612
103.010000 12 611
103.010000 13 612
103.010000 14 518
103.010000 15 609
103.010000 16 514
103.010000 17 515
103.010000 18 518
103.010000 19 611
103.010000 20 612
103.010000 21 612
103.010000 22 612
103.010000 23 612
103.010000 24 612
103.010000 25 612
103.010000 26 612
103.010000 27 612
103.010000 28 611
103.010000 29 610
104.010000 0 566
104.010000 1 672
104.010000 2 669
104.010000 3 673
104.010000 4 671
104.010000 5 671
104.010000 6 457
104.010000 7 672
104.010000 8 672
104.010000 9 672
104.010000 10 453
104.010000 11 672
104.010000 12 671
104.010000 13 672
104.010000 14 567
104.010000 15 669
104.010000 16 566
104.010000 17 567
104.010000 18 567
104.010000 19 671
104.010000 20 672
104.010000 21 672
104.010000 22 672
104.010000 23 672
104.010000 24 672
104.010000 25 672
104.010000 26 672
104.010000 27 672
104.010000 28 671
104.010000 29 672
105.010000 0 542
105.010000 1 644
105.010000 2 640
105.010000 3 642
105.010000 4 645
105.010000 5 641
105.010000 6 448
105.010000 7 644
105.010000 8 644
105.010000 9 644
105.010000 10 438
105.010000 11 644
105.010000 12 643
105.010000 13 644
105.010000 14 543
105.010000 15 639
105.010000 16 536
105.010000 17 539
105.010000 18 543
105.010000 19 643
105.010000 20 644
105.010000 21 643
105.010000 22 643
105.010000 23 643
105.010000 24 644
105.010000 25 643
105.010000 26 644
105.010000 27 644
105.010000 28 642
105.010000 29 643
106.010000 0 529
106.010000 1 643
106.010000 2 641
106.010000 3 643
106.010000 4 643
106.010000 5 644
106.010000 6 426
106.010000 7 643
106.010000 8 643
106.010000 9 643
106.010000 10 442
106.010000 11 643
106.010000 12 642
106.010000 13 643
106.010000 14 531
106.010000 15 642
106.010000 16 551
106.010000 17 530
106.010000 18 531
106.010000 19 642
106.010000 20 643
106.010000 21 644
106.010000 22 644
106.010000 23 644
106.010000 24 643
106.010000 25 644
106.010000 26 643
106.010000 27 643
106.010000 28 643
106.010000 29 642
107.010000 0 556
107.010000 1 663
107.010000 2 660
107.010000 3 661
107.010000 4 663
107.010000 5 662
107.010000 6 463
107.010000 7 663
107.010000 8 663
107.010000 9 663
107.010000 10 448
107.010000 11 663
107.010000 12 662
107.010000 13 663
107.010000 14 559
107.010000 15 660
107.010000 16 551
107.010000 17 555
107.010000 18 559
107.010000 19 662
107.010000 20 662
107.010000 21 662
107.010000 22 663
107.010000 23 663
107.010000 24 663
107.010000 25 663
107.010000 26 663
107.010000 27 663
107.010000 28 662
107.010000 29 660
108.010000 0 562
108.010000 1 666
108.010000 2 662
108.010000 3 666
108.010000 4 666
108.010000 5 665
108.010000 6 457
108.010000 7 666
108.010000 8 666
108.010000 9 666
108.010000 10 447
108.010000 11 666
108.010000 12 664
108.010000 13 666
108.010000 14 564
108.010000 15 663
108.010000 16 556
108.010000 17 564
108.010000 18 563
108.010000 19 665
108.010000 20 667
108.010000 21 667
108.010000 22 666
108.010000 23 666
108.010000 24 666
108.010000 25 666
108.010000 26 666
108.010000 27 666
108.010000 28 665
108.010000 29 667
109.010000 0 544
109.010000 1 667
109.010000 2 663
109.010000 3 666
109.010000 4 667
109.010000 5 666
109.010000 6 447
109.010000 7 667
109.010000 8 667
109.010000 9 667
109.010000 10 469
109.010000 11 667
109.010000 12 666
109.010000 13 667
109.010000 14 545
109.010000 15 663
109.010000 16 569
109.010000 17 543
109.010000 18 546
109.010000 19 664
109.010000 20 667
109.010000 21 667
109.010000 22 666
109.010000 23 667
109.010000 24 667
109.010000 25 667
109.010000 26 667
109.010000 27 667
109.010000 28 666
109.010000 29 666
110.010000 0 537
110.010000 1 653
110.010000 2 652
110.010000 3 651
110.010000 4 653
110.010000 5 652
110.010000 6 451
110.010000 7 653
110.010000 8 653
110.010000 9 653
110.010000 10 447
110.010000 11 653
110.010000 12 653
110.010000 13 653
110.010000 14 541
110.010000 15 651
110.010000 16 547
110.010000 17 539
110.010000 18 541
110.010000 19 654
110.010000 20 653
110.010000 21 653
110.010000 22 654
110.010000 23 653
110.010000 24 653
110.010000 25 653
110.010000 26 653
110.010000 27 653
110.010000 28 652
110.010000 29 651
111.010000 0 568
111.010000 1 677
111.010000 2 674
111.010000 3 677
111.010000 4 676
111.010000 5 676
111.010000 6 461
111.010000 7 676
111.010000 8 677
111.010000 9 677
111.010000 10 461
111.010000 11 677
111.010000 12 676
111.010000 13 677
111.010000 14 568
111.010000 15 674
111.010000 16 571
111.010000 17 566
111.010000 18 568
111.010000 19 676
111.010000 20 677
111.010000 21 677
111.010000 22 676
111.010000 23 677
111.010000 24 677
111.010000 25 677
111.010000 26 676
111.010000 27 677
111.010000 28 676
111.010000 29 677
112.010000 0 512
112.010000 1 611
112.010000 2 608
112.010000 3 610
112.010000 4 612
112.010000 5 610
112.010000 6 418
112.010000 7 612
112.010000 8 611
112.010000 9 611
112.010000 10 413
112.010000 11 611
112.010000 12 610
112.010000 13 611
112.010000 14 514
112.010000 15 608
112.010000 16 513
112.010000 17 512
112.010000 18 514
112.010000 19 610
112.010000 20 611
112.010000 21 611
112.010000 22 611
112.010000 23 611
112.010000 24 611
112.010000 25 611
112.010000 26 612
112.010000 27 611
112.010000 28 610
112.010000 29 610
113.010000 0 531
113.010000 1 643
113.010000 2 640
113.010000 3 642
113.010000 4 643
113.010000 5 642
113.010000 6 438
113.010000 7 643
113.010000 8 643
113.010000 9 642
113.010000 10 445
113.010000 11 643
113.010000 12 642
113.010000 13 643
113.010000 14 533
113.010000 15 640
113.010000 16 543
113.010000 17 531
113.010000 18 533
113.010000 19 642
113.010000 20 643
113.010000 21 643
113.010000 22 644
113.010000 23 642
113.010000 24 643
113.010000 25 643
113.010000 26 643
113.010000 27 642
113.010000 28 642
113.010000 29 642
114.010000 0 537
114.010000 1 647
114.010000 2 644
114.010000 3 644
114.010000 4 647
114.010000 5 646
114.010000 6 441
114.010000 7 647
114.010000 8 647
114.010000 9 648
114.010000 10 442
114.010000 11 647
114.010000 12 646
114.010000 13 647
114.010000 14 540
114.010000 15 644
114.010000 16 546
114.010000 17 536
114.010000 18 541
114.010000 19 646
114.010000 20 647
114.010000 21 647
114.010000 22 647
114.010000 23 648
114.010000 24 647
114.010000 25 647
114.010000 26 647
114.010000 27 648
114.010000 28 646
114.010000 29 644
115.010000 0 531
115.010000 1 627
115.010000 2 624
115.010000 3 628
115.010000 4 627
115.010000 5 626
115.010000 6 427
115.010000 7 627
115.010000 8 627
115.010000 9 627
115.010000 10 421
115.010000 11 627
115.010000 12 626
115.010000 13 627
115.010000 14 532
115.010000 15 624
115.010000 16 527
115.010000 17 532
115.010000 18 531
115.010000 19 626
115.010000 20 626
115.010000 21 627
115.010000 22 627
115.010000 23 627
115.010000 24 627
115.010000 25 627
115.010000 26 627
115.010000 27 627
115.010000 28 626
115.010000 29 628
116.010000 0 556
116.010000 1 674
116.010000 2 671
116.010000 3 673
116.010000 4 674
116.010000 5 672
116.010000 6 460
116.010000 7 674
116.010000 8 674
116.010000 9 674
116.010000 10 467
116.010000 11 674
116.010000 12 673
116.010000 13 673
116.010000 14 558
116.010000 15 670
116.010000 16 567
116.010000 17 557
116.010000 18 559
116.010000 19 673
116.010000 20 675
116.010000 21 674
116.010000 22 674
116.010000 23 674
116.010000 24 674
116.010000 25 674
116.010000 26 673
116.010000 27 674
116.010000 28 673
116.010000 29 673
117.010000 0 540
117.010000 1 641
117.010000 2 638
117.010000 3 640
117.010000 4 641
117.010000 5 641
117.010000 6 435
117.010000 7 641
117.010000 8 641
117.010000 9 640
117.010000 10 433
117.010000 11 641
117.010000 12 640
117.010000 13 642
117.010000 14 542
117.010000 15 639
117.010000 16 539
117.010000 17 539
117.010000 18 541
117.010000 19 640
117.010000 20 641
117.010000 21 641
117.010000 22 641
117.010000 23 641
117.010000 24 641
117.010000 25 641
117.010000 26 642
117.010000 27 641
117.010000 28 640
117.010000 29 640
118.010000 0 543
118.010000 1 655
118.010000 2 651
118.010000 3 654
118.010000 4 655
118.010000 5 653
118.010000 6 442
118.010000 7 655
118.010000 8 655
118.010000 9 656
118.010000 10 451
118.010000 11 655
118.010000 12 654
118.010000 13 654
118.010000 14 545
118.010000 15 650
118.010000 16 559
118.010000 17 543
118.010000 18 545
118.010000 19 654
118.010000 20 655
118.010000 21 654
118.010000 22 654
118.010000 23 655
118.010000 24 655
118.010000 25 655
118.010000 26 655
118.010000 27 655
118.010000 28 652
118.010000 29 654
119.010000 0 536
119.010000 1 638
119.010000 2 633
119.010000 3 637
119.010000 4 638
119.010000 5 638
119.010000 6 451
119.010000 7 638
119.010000 8 638
119.010000 9 638
119.010000 10 429
119.010000 11 638
119.010000 12 635
119.010000 13 639
119.010000 14 539
119.010000 15 636
119.010000 16 522
119.010000 17 538
119.010000 18 539
119.010000 19 635
119.010000 20 638
119.010000 21 639
119.010000 22 639
119.010000 23 638
119.010000 24 638
119.010000 25 638
119.010000 26 638
119.010000 27 638
119.010000 28 639
119.010000 29 637
120.010000 0 554
120.010000 1 661
120.010000 2 661
120.010000 3 660
120.010000 4 661
120.010000 5 660
120.010000 6 443
120.010000 7 661
120.010000 8 661
120.010000 9 660
120.010000 10 449
120.010000 11 661
120.010000 12 662
120.010000 13 661
120.010000 14 555
120.010000 15 659
120.010000 16 561
120.010000 17 552
120.010000 18 555
120.010000 19 662
120.010000 20 661
120.010000 21 661
120.010000 22 661
120.010000 23 661
120.010000 24 661
120.010000 25 661
120.010000 26 661
120.010000 27 661
120.010000 28 660
120.010000 29 660
121.010000 0 523
121.010000 1 631
121.010000 2 629
121.010000 3 631
121.010000 4 632
121.010000 5 631
121.010000 6 428
121.010000 7 632
121.010000 8 632
121.010000 9 632
121.010000 10 436
121.010000 11 632
121.010000 12 631
121.010000 13 632
121.010000 14 525
121.010000 15 629
121.010000 16 538
121.010000 17 523
121.010000 18 525
121.010000 19 631
121.010000 20 632
121.010000 21 632
121.010000 22 632
121.010000 23 632
121.010000 24 632
121.010000 25 631
121.010000 26 632
121.010000 27 631
121.010000 28 631
121.010000 29 631
122.010000 0 549
122.010000 1 653
122.010000 2 649
122.010000 3 651
122.010000 4 652
122.010000 5 651
122.010000 6 453
122.010000 7 652
122.010000 8 652
122.010000 9 653
122.010000 10 438
122.010000 11 651
122.010000 12 651
122.010000 13 651
122.010000 14 551
122.010000 15 649
122.010000 16 541
122.010000 17 550
122.010000 18 552
122.010000 19 651
122.010000 20 652
122.010000 21 652
122.010000 22 652
122.010000 23 651
122.010000 24 652
122.010000 25 653
122.010000 26 652
122.010000 27 653
122.010000 28 651
122.010000 29 651
123.010000 0 576
123.010000 1 691
123.010000 2 688
123.010000 3 689
123.010000 4 692
123.010000 5 691
123.010000 6 477
123.010000 7 692
123.010000 8 692
123.010000 9 692
123.010000 10 473
123.010000 11 693
123.010000 12 691
123.010000 13 693
123.010000 14 580
123.010000 15 689
123.010000 16 576
123.010000 17 575
123.010000 18 578
123.010000 19 690
123.010000 20 692
123.010000 21 692
123.010000 22 692
123.010000 23 693
123.010000 24 692
123.010000 25 692
123.010000 26 692
123.010000 27 692
123.010000 28 691
123.010000 29 690
124.010000 0 512
124.010000 1 627
124.010000 2 624
124.010000 3 627
124.010000 4 626
124.010000 5 625
124.010000 6 419
124.010000 7 626
124.010000 8 626
124.010000 9 626
124.010000 10 436
124.010000 11 626
124.010000 12 625
124.010000 13 626
124.010000 14 513
124.010000 15 623
124.010000 16 536
124.010000 17 514
124.010000 18 514
124.010000 19 626
124.010000 20 625
124.010000 21 626
124.010000 22 626
124.010000 23 626
124.010000 24 625
124.010000 25 626
124.010000 26 626
124.010000 27 626
124.010000 28 625
124.010000 29 626
125.010000 0 530
125.010000 1 632
125.010000 2 626
125.010000 3 631
125.010000 4 632
125.010000 5 630
125.010000 6 431
125.010000 7 632
125.010000 8 632
125.010000 9 632
125.010000 10 431
125.010000 11 632
125.010000 12 629
125.010000 13 632
125.010000 14 531
125.010000 15 626
125.010000 16 532
125.010000 17 528
125.010000 18 531
125.010000 19 630
125.010000 20 633
125.010000 21 632
125.010000 22 632
125.010000 23 632
125.010000 24 633
125.010000 25 632
125.010000 26 632
125.010000 27 632
125.010000 28 629
125.010000 29 631
126.010000 0 526
126.010000 1 635
126.010000 2 635
126.010000 3 634
126.010000 4 635
126.010000 5 635
126.010000 6 430
126.010000 7 635
126.010000 8 635
126.010000 9 635
126.010000 10 435
126.010000 11 635
126.010000 12 636
126.010000 13 635
126.010000 14 529
126.010000 15 635
126.010000 16 536
126.010000 17 527
126.010000 18 528
126.010000 19 635
126.010000 20 635
126.010000 21 635
126.010000 22 635
126.010000 23 635
126.010000 24 635
126.010000 25 635
126.010000 26 635
126.010000 27 635
126.010000 28 636
126.010000 29 634
127.010000 0 543
127.010000 1 656
127.010000 2 653
127.010000 3 654
127.010000 4 656
127.010000 5 655
127.010000 6 450
127.010000 7 656
127.010000 8 656
127.010000 9 656
127.010000 10 449
127.010000 11 656
127.010000 12 655
127.010000 13 655
127.010000 14 546
127.010000 15 653
127.010000 16 553
127.010000 17 544
127.010000 18 547
127.010000 19 655
127.010000 20 656
127.010000 21 656
127.010000 22 656
127.010000 23 656
127.010000 24 656
127.010000 25 656
127.010000 26 656
127.010000 27 656
127.010000 28 655
127.010000 29 654
128.010000 0 521
128.010000 1 612
128.010000 2 608
128.010000 3 613
128.010000 4 613
128.010000 5 610
128.010000 6 427
128.010000 7 613
128.010000 8 613
128.010000 9 612
128.010000 10 415
128.010000 11 613
128.010000 12 611
128.010000 13 613
128.010000 14 521
128.010000 15 607
128.010000 16 508
128.010000 17 519
128.010000 18 521
128.010000 19 611
128.010000 20 613
128.010000 21 613
128.010000 22 613
128.010000 23 612
128.010000 24 613
128.010000 25 613
128.010000 26 613
128.010000 27 613
128.010000 28 611
128.010000 29 613
129.010000 0 534
129.010000 1 650
129.010000 2 648
129.010000 3 648
129.010000 4 648
129.010000 5 650
129.010000 6 434
129.010000 7 649
129.010000 8 649
129.010000 9 650
129.010000 10 447
129.010000 11 649
129.010000 12 649
129.010000 13 649
129.010000 14 536
129.010000 15 649
129.010000 16 554
129.010000 17 534
129.010000 18 537
129.010000 19 649
129.010000 20 649
129.010000 21 649
129.010000 22 649
129.010000 23 650
129.010000 24 649
129.010000 25 649
129.010000 26 649
129.010000 27 649
129.010000 28 649
129.010000 29 647
130.010000 0 546
130.010000 1 650
130.010000 2 644
130.010000 3 648
130.010000 4 650
130.010000 5 647
130.010000 6 457
130.010000 7 649
130.010000 8 650
130.010000 9 650
130.010000 10 443
130.010000 11 650
130.010000 12 648
130.010000 13 651
130.010000 14 549
130.010000 15 644
130.010000 16 537
130.010000 17 546
130.010000 18 547
130.010000 19 647
130.010000 20 649
130.010000 21 650
130.010000 22 650
130.010000 23 649
130.010000 24 649
130.010000 25 650
130.010000 26 650
130.010000 27 650
130.010000 28 648
130.010000 29 650
131.010000 0 566
131.010000 1 683
131.010000 2 680
131.010000 3 683
131.010000 4 683
131.010000 5 684
131.010000 6 460
131.010000 7 684
131.010000 8 683
131.010000 9 683
131.010000 10 468
131.010000 11 683
131.010000 12 681
131.010000 13 683
131.010000 14 567
131.010000 15 682
131.010000 16 575
131.010000 17 566
131.010000 18 568
131.010000 19 682
131.010000 20 684
131.010000 21 683
131.010000 22 683
131.010000 23 684
131.010000 24 684
131.010000 25 683
131.010000 26 683
131.010000 27 683
131.010000 28 683
131.010000 29 682
132.010000 0 542
132.010000 1 655
132.010000 2 655
132.010000 3 654
132.010000 4 656
132.010000 5 654
132.010000 6 442
132.010000 7 655
132.010000 8 654
132.010000 9 655
132.010000 10 451
132.010000 11 655
132.010000 12 656
132.010000 13 655
132.010000 14 544
132.010000 15 653
132.010000 16 553
132.010000 17 542
132.010000 18 544
132.010000 19 656
132.010000 20 655
132.010000 21 655
132.010000 22 655
132.010000 23 655
132.010000 24 655
132.010000 25 655
132.010000 26 655
132.010000 27 655
132.010000 28 654
132.010000 29 654
133.010000 0 537
133.010000 1 627
133.010000 2 620
133.010000 3 626
133.010000 4 627
133.010000 5 625
133.010000 6 439
133.010000 7 627
133.010000 8 628
133.010000 9 627
133.010000 10 415
133.010000 11 627
133.010000 12 624
133.010000 13 627
133.010000 14 539
133.010000 15 621
133.010000 16 520
133.010000 17 537
133.010000 18 539
133.010000 19 624
133.010000 20 627
133.010000 21 627
133.010000 22 627
133.010000 23 627
133.010000 24 627
133.010000 25 627
133.010000 26 627
133.010000 27 627
133.010000 28 624
133.010000 29 626
134.010000 0 570
134.010000 1 691
134.010000 2 692
134.010000 3 689
134.010000 4 691
134.010000 5 691
134.010000 6 470
134.010000 7 691
134.010000 8 691
134.010000 9 691
134.010000 10 473
134.010000 11 691
134.010000 12 692
134.010000 13 691
134.010000 14 573
134.010000 15 691
134.010000 16 582
134.010000 17 570
134.010000 18 573
134.010000 19 692
134.010000 20 691
134.010000 21 691
134.010000 22 691
134.010000 23 691
134.010000 24 691
134.010000 25 691
134.010000 26 691
134.010000 27 690
134.010000 28 692
134.010000 29 689
135.010000 0 518
135.010000 1 623
135.010000 2 619
135.010000 3 623
135.010000 4 623
135.010000 5 620
135.010000 6 426
135.010000 7 623
135.010000 8 623
135.010000 9 623
135.010000 10 430
135.010000 11 623
135.010000 12 622
135.010000 13 623
135.010000 14 519
135.010000 15 617
135.010000 16 524
135.010000 17 518
135.010000 18 519
135.010000 19 622
135.010000 20 623
135.010000 21 623
135.010000 22 623
135.010000 23 622
135.010000 24 623
135.010000 25 623
135.010000 26 623
135.010000 27 624
135.010000 28 620
135.010000 29 623
136.010000 0 543
136.010000 1 654
136.010000 2 652
136.010000 3 651
136.010000 4 654
136.010000 5 655
136.010000 6 444
136.010000 7 654
136.010000 8 654
136.010000 9 654
136.010000 10 446
136.010000 11 654
136.010000 12 653
136.010000 13 654
136.010000 14 546
136.010000 15 654
136.010000 16 553
136.010000 17 541
136.010000 18 546
136.010000 19 653
136.010000 20 654
136.010000 21 654
136.010000 22 654
136.010000 23 655
136.010000 24 654
136.010000 25 654
136.010000 26 654
136.010000 27 654
136.010000 28 655
136.010000 29 651
137.010000 0 583
137.010000 1 694
137.010000 2 691
137.010000 3 695
137.010000 4 693
137.010000 5 693
137.010000 6 476
137.010000 7 694
137.010000 8 694
137.010000 9 694
137.010000 10 469
137.010000 11 694
137.010000 12 693
137.010000 13 694
137.010000 14 584
137.010000 15 691
137.010000 16 581
137.010000 17 585
137.010000 18 584
137.010000 19 693
137.010000 20 694
137.010000 21 694
137.010000 22 694
137.010000 23 694
137.010000 24 693
137.010000 25 694
137.010000 26 694
137.010000 27 693
137.010000 28 693
137.010000 29 695
138.010000 0 514
138.010000 1 619
138.010000 2 616
138.010000 3 616
138.010000 4 619
138.010000 5 617
138.010000 6 424
138.010000 7 619
138.010000 8 619
138.010000 9 619
138.010000 10 425
138.010000 11 619
138.010000 12 618
138.010000 13 619
138.010000 14 517
138.010000 15 615
138.010000 16 521
138.010000 17 512
138.010000 18 517
138.010000 19 618
138.010000 20 619
138.010000 21 619
138.010000 22 619
138.010000 23 619
138.010000 24 620
138.010000 25 619
138.010000 26 619
138.010000 27 620
138.010000 28 618
138.010000 29 616
139.010000 0 526
139.010000 1 637
139.010000 2 634
139.010000 3 637
139.010000 4 638
139.010000 5 637
139.010000 6 436
139.010000 7 637
139.010000 8 637
139.010000 9 637
139.010000 10 435
139.010000 11 637
139.010000 12 636
139.010000 13 637
139.010000 14 529
139.010000 15 635
139.010000 16 536
139.010000 17 530
139.010000 18 529
139.010000 19 636
139.010000 20 637
139.010000 21 637
139.010000 22 637
139.010000 23 637
139.010000 24 637
139.010000 25 637
139.010000 26 637
139.010000 27 637
139.010000 28 636
139.010000 29 637
140.010000 0 539
140.010000 1 645
140.010000 2 642
140.010000 3 645
140.010000 4 645
140.010000 5 644
140.010000 6 441
140.010000 7 645
140.010000 8 645
140.010000 9 645
140.010000 10 443
140.010000 11 645
140.010000 12 644
140.010000 13 645
140.010000 14 539
140.010000 15 642
140.010000 16 540
140.010000 17 537
140.010000 18 539
140.010000 19 644
140.010000 20 644
140.010000 21 645
140.010000 22 645
140.010000 23 645
140.010000 24 644
140.010000 25 645
140.010000 26 645
140.010000 27 645
140.010000 28 644
140.010000 29 645
141.010000 0 553
141.010000 1 662
141.010000 2 659
141.010000 3 660
141.010000 4 662
141.010000 5 661
141.010000 6 454
141.010000 7 662
141.010000 8 662
141.010000 9 662
141.010000 10 449
141.010000 11 662
141.010000 12 661
141.010000 13 662
141.010000 14 557
141.010000 15 659
141.010000 16 555
141.010000 17 555
141.010000 18 557
141.010000 19 661
141.010000 20 663
141.010000 21 662
141.010000 22 662
141.010000 23 662
141.010000 24 663
141.010000 25 661
141.010000 26 662
141.010000 27 662
141.010000 28 661
141.010000 29 660
142.010000 0 537
142.010000 1 636
142.010000 2 633
142.010000 3 635
142.010000 4 636
142.010000 5 635
142.010000 6 436
142.010000 7 636
142.010000 8 636
142.010000 9 636
142.010000 10 427
142.010000 11 636
142.010000 12 635
142.010000 13 636
142.010000 14 539
142.010000 15 633
142.010000 16 533
142.010000 17 537
142.010000 18 539
142.010000 19 635
142.010000 20 636
142.010000 21 636
142.010000 22 636
142.010000 23 636
142.010000 24 636
142.010000 25 637
142.010000 26 636
142.010000 27 636
142.010000 28 635
142.010000 29 635
143.010000 0 554
143.010000 1 676
143.010000 2 673
143.010000 3 674
143.010000 4 676
143.010000 5 675
143.010000 6 455
143.010000 7 676
143.010000 8 676
143.010000 9 675
143.010000 10 473
143.010000 11 676
143.010000 12 675
143.010000 13 676
143.010000 14 555
143.010000 15 673
143.010000 16 575
143.010000 17 551
143.010000 18 556
143.010000 19 675
143.010000 20 676
143.010000 21 676
143.010000 22 676
143.010000 23 676
143.010000 24 676
143.010000 25 676
143.010000 26 676
143.010000 27 676
143.010000 28 675
143.010000 29 674
144.010000 0 528
144.010000 1 624
144.010000 2 621
144.010000 3 625
144.010000 4 624
144.010000 5 623
144.010000 6 425
144.010000 7 624
144.010000 8 624
144.010000 9 625
144.010000 10 419
144.010000 11 624
144.010000 12 623
144.010000 13 624
144.010000 14 529
144.010000 15 621
144.010000 16 523
144.010000 17 529
144.010000 18 528
144.010000 19 623
144.010000 20 624
144.010000 21 624
144.010000 22 624
144.010000 23 624
144.010000 24 624
144.010000 25 624
144.010000 26 624
144.010000 27 624
144.010000 28 623
144.010000 29 625
145.010000 0 524
145.010000 1 634
145.010000 2 631
145.010000 3 632
145.010000 4 634
145.010000 5 633
145.010000 6 435
145.010000 7 634
145.010000 8 633
145.010000 9 634
145.010000 10 435
145.010000 11 634
145.010000 12 633
145.010000 13 634
145.010000 14 528
145.010000 15 631
145.010000 16 535
145.010000 17 526
145.010000 18 528
145.010000 19 633
145.010000 20 634
145.010000 21 634
145.010000 22 634
145.010000 23 634
145.010000 24 634
145.010000 25 634
145.010000 26 634
145.010000 27 634
145.010000 28 633
145.010000 29 632
146.010000 0 559
146.010000 1 663
146.010000 2 660
146.010000 3 661
146.010000 4 663
146.010000 5 662
146.010000 6 456
146.010000 7 663
146.010000 8 664
146.010000 9 663
146.010000 10 446
146.010000 11 663
146.010000 12 662
146.010000 13 663
146.010000 14 561
146.010000 15 660
146.010000 16 554
146.010000 17 558
146.010000 18 561
146.010000 19 662
146.010000 20 663
146.010000 21 663
146.010000 22 663
146.010000 23 663
146.010000 24 663
146.010000 25 663
146.010000 26 663
146.010000 27 663
146.010000 28 662
146.010000 29 662
147.010000 0 532
147.010000 1 636
147.010000 2 633
147.010000 3 636
147.010000 4 636
147.010000 5 635
147.010000 6 436
147.010000 7 636
147.010000 8 636
147.010000 9 636
147.010000 10 433
147.010000 11 636
147.010000 12 635
147.010000 13 636
147.010000 14 534
147.010000 15 633
147.010000 16 533
147.010000 17 532
147.010000 18 534
147.010000 19 635
147.010000 20 636
147.010000 21 636
147.010000 22 636
147.010000 23 636
147.010000 24 636
147.010000 25 636
147.010000 26 636
147.010000 27 636
147.010000 28 635
147.010000 29 634
148.010000 0 533
148.010000 1 651
148.010000 2 648
148.010000 3 650
148.010000 4 651
148.010000 5 650
148.010000 6 434
148.010000 7 651
148.010000 8 651
148.010000 9 651
148.010000 10 454
148.010000 11 651
148.010000 12 650
148.010000 13 651
148.010000 14 535
148.010000 15 648
148.010000 16 558
148.010000 17 534
148.010000 18 535
148.010000 19 650
148.010000 20 651
148.010000 21 650
148.010000 22 651
148.010000 23 651
148.010000 24 651
148.010000 25 651
148.010000 26 651
148.010000 27 651
148.010000 28 650
148.010000 29 651
149.010000 0 537
149.010000 1 631
149.010000 2 628
149.010000 3 631
149.010000 4 631
149.010000 5 630
149.010000 6 433
149.010000 7 631
149.010000 8 631
149.010000 9 631
149.010000 10 423
149.010000 11 631
149.010000 12 630
149.010000 13 631
149.010000 14 537
149.010000 15 628
149.010000 16 527
149.010000 17 535
149.010000 18 537
149.010000 19 630
149.010000 20 630
149.010000 21 632
149.010000 22 631
149.010000 23 631
149.010000 24 630
149.010000 25 631
149.010000 26 631
149.010000 27 631
149.010000 28 630
149.010000 29 631
