0.010000 0 0
0.010000 1 0
0.010000 2 0
0.010000 3 0
0.010000 4 0
0.010000 5 0
0.010000 6 0
0.010000 7 0
0.010000 8 0
0.010000 9 0
0.010000 10 0
0.010000 11 0
0.010000 12 0
1.010000 0 0
1.010000 1 0
1.010000 2 0
1.010000 3 0
1.010000 4 0
1.010000 5 0
1.010000 6 0
1.010000 7 0
1.010000 8 0
1.010000 9 0
1.010000 10 0
1.010000 11 0
1.010000 12 0
2.010000 0 0
2.010000 1 0
2.010000 2 0
2.010000 3 0
2.010000 4 0
2.010000 5 0
2.010000 6 0
2.010000 7 0
2.010000 8 0
2.010000 9 0
2.010000 10 0
2.010000 11 0
2.010000 12 0
3.010000 0 0
3.010000 1 0
3.010000 2 0
3.010000 3 0
3.010000 4 0
3.010000 5 0
3.010000 6 0
3.010000 7 0
3.010000 8 0
3.010000 9 0
3.010000 10 0
3.010000 11 0
3.010000 12 0
4.010000 0 0
4.010000 1 0
4.010000 2 0
4.010000 3 0
4.010000 4 0
4.010000 5 0
4.010000 6 0
4.010000 7 0
4.010000 8 0
4.010000 9 0
4.010000 10 0
4.010000 11 0
4.010000 12 0
5.010000 0 0
5.010000 1 0
5.010000 2 0
5.010000 3 0
5.010000 4 0
5.010000 5 0
5.010000 6 0
5.010000 7 0
5.010000 8 0
5.010000 9 0
5.010000 10 0
5.010000 11 0
5.010000 12 0
6.010000 0 0
6.010000 1 0
6.010000 2 0
6.010000 3 0
6.010000 4 0
6.010000 5 0
6.010000 6 0
6.010000 7 0
6.010000 8 0
6.010000 9 0
6.010000 10 0
6.010000 11 0
6.010000 12 0
7.010000 0 0
7.010000 1 0
7.010000 2 0
7.010000 3 0
7.010000 4 0
7.010000 5 0
7.010000 6 0
7.010000 7 0
7.010000 8 0
7.010000 9 0
7.010000 10 0
7.010000 11 0
7.010000 12 0
8.010000 0 0
8.010000 1 0
8.010000 2 0
8.010000 3 0
8.010000 4 0
8.010000 5 0
8.010000 6 0
8.010000 7 0
8.010000 8 0
8.010000 9 0
8.010000 10 0
8.010000 11 0
8.010000 12 0
9.010000 0 0
9.010000 1 0
9.010000 2 0
9.010000 3 0
9.010000 4 0
9.010000 5 0
9.010000 6 0
9.010000 7 0
9.010000 8 0
9.010000 9 0
9.010000 10 0
9.010000 11 0
9.010000 12 0
10.010000 0 0
10.010000 1 0
10.010000 2 0
10.010000 3 0
10.010000 4 0
10.010000 5 0
10.010000 6 0
10.010000 7 0
10.010000 8 0
10.010000 9 0
10.010000 10 0
10.010000 11 0
10.010000 12 0
11.010000 0 0
11.010000 1 0
11.010000 2 0
11.010000 3 0
11.010000 4 0
11.010000 5 0
11.010000 6 0
11.010000 7 0
11.010000 8 0
11.010000 9 0
11.010000 10 0
11.010000 11 0
11.010000 12 0
12.010000 0 0
12.010000 1 0
12.010000 2 0
12.010000 3 0
12.010000 4 0
12.010000 5 0
12.010000 6 0
12.010000 7 0
12.010000 8 0
12.010000 9 0
12.010000 10 0
12.010000 11 0
12.010000 12 0
13.010000 0 0
13.010000 1 0
13.010000 2 0
13.010000 3 0
13.010000 4 0
13.010000 5 0
13.010000 6 0
13.010000 7 0
13.010000 8 0
13.010000 9 0
13.010000 10 0
13.010000 11 0
13.010000 12 0
14.010000 0 0
14.010000 1 0
14.010000 2 0
14.010000 3 0
14.010000 4 0
14.010000 5 0
14.010000 6 0
14.010000 7 0
14.010000 8 0
14.010000 9 0
14.010000 10 0
14.010000 11 0
14.010000 12 0
15.010000 0 2
15.010000 1 2
15.010000 2 3
15.010000 3 3
15.010000 4 3
15.010000 5 2
15.010000 6 3
15.010000 7 3
15.010000 8 3
15.010000 9 3
15.010000 10 3
15.010000 11 2
15.010000 12 3
16.010000 0 437
16.010000 1 416
16.010000 2 485
16.010000 3 488
16.010000 4 442
16.010000 5 424
16.010000 6 463
16.010000 7 420
16.010000 8 488
16.010000 9 485
16.010000 10 435
16.010000 11 437
16.010000 12 452
17.010000 0 239
17.010000 1 202
17.010000 2 257
17.010000 3 257
17.010000 4 219
17.010000 5 237
17.010000 6 239
17.010000 7 184
17.010000 8 257
17.010000 9 257
17.010000 10 222
17.010000 11 239
17.010000 12 257
18.010000 0 267
18.010000 1 225
18.010000 2 287
18.010000 3 287
18.010000 4 249
18.010000 5 268
18.010000 6 267
18.010000 7 202
18.010000 8 287
18.010000 9 287
18.010000 10 244
18.010000 11 267
18.010000 12 287
19.010000 0 255
19.010000 1 216
19.010000 2 277
19.010000 3 277
19.010000 4 237
19.010000 5 257
19.010000 6 257
19.010000 7 201
19.010000 8 277
19.010000 9 277
19.010000 10 239
19.010000 11 255
19.010000 12 277
20.010000 0 268
20.010000 1 225
20.010000 2 286
20.010000 3 286
20.010000 4 246
20.010000 5 266
20.010000 6 266
20.010000 7 201
20.010000 8 286
20.010000 9 286
20.010000 10 244
20.010000 11 268
20.010000 12 286
21.010000 0 259
21.010000 1 219
21.010000 2 281
21.010000 3 281
21.010000 4 245
21.010000 5 263
21.010000 6 263
21.010000 7 198
21.010000 8 281
21.010000 9 281
21.010000 10 239
21.010000 11 259
21.010000 12 281
22.010000 0 273
22.010000 1 232
22.010000 2 297
22.010000 3 297
22.010000 4 257
22.010000 5 276
22.010000 6 277
22.010000 7 212
22.010000 8 297
22.010000 9 297
22.010000 10 255
22.010000 11 273
22.010000 12 297
23.010000 0 261
23.010000 1 218
23.010000 2 281
23.010000 3 281
23.010000 4 245
23.010000 5 263
23.010000 6 263
23.010000 7 197
23.010000 8 281
23.010000 9 281
23.010000 10 239
23.010000 11 261
23.010000 12 281
24.010000 0 247
24.010000 1 209
24.010000 2 267
24.010000 3 267
24.010000 4 230
24.010000 5 247
24.010000 6 249
24.010000 7 191
24.010000 8 267
24.010000 9 267
24.010000 10 229
24.010000 11 247
24.010000 12 267
25.010000 0 271
25.010000 1 229
25.010000 2 289
25.010000 3 289
25.010000 4 246
25.010000 5 269
25.010000 6 267
25.010000 7 205
25.010000 8 289
25.010000 9 289
25.010000 10 247
25.010000 11 271
25.010000 12 289
26.010000 0 252
26.010000 1 212
26.010000 2 272
26.010000 3 272
26.010000 4 236
26.010000 5 254
26.010000 6 254
26.010000 7 192
26.010000 8 272
26.010000 9 272
26.010000 10 232
26.010000 11 252
26.010000 12 272
27.010000 0 274
27.010000 1 228
27.010000 2 300
27.010000 3 300
27.010000 4 268
27.010000 5 284
27.010000 6 284
27.010000 7 208
27.010000 8 300
27.010000 9 300
27.010000 10 254
27.010000 11 274
27.010000 12 300
28.010000 0 234
28.010000 1 200
28.010000 2 252
28.010000 3 252
28.010000 4 212
28.010000 5 232
28.010000 6 232
28.010000 7 184
28.010000 8 252
28.010000 9 252
28.010000 10 218
28.010000 11 234
28.010000 12 252
29.010000 0 260
29.010000 1 220
29.010000 2 280
29.010000 3 280
29.010000 4 240
29.010000 5 260
29.010000 6 260
29.010000 7 200
29.010000 8 280
29.010000 9 280
29.010000 10 240
29.010000 11 260
29.010000 12 280
30.010000 0 265
30.010000 1 225
30.010000 2 287
30.010000 3 287
30.010000 4 243
30.010000 5 265
30.010000 6 265
30.010000 7 210
30.010000 8 287
30.010000 9 287
30.010000 10 249
30.010000 11 265
30.010000 12 287
31.010000 0 295
31.010000 1 253
31.010000 2 313
31.010000 3 313
31.010000 4 261
31.010000 5 287
31.010000 6 287
31.010000 7 226
31.010000 8 313
31.010000 9 313
31.010000 10 269
31.010000 11 295
31.010000 12 313
32.010000 0 254
32.010000 1 215
32.010000 2 274
32.010000 3 274
32.010000 4 233
32.010000 5 254
32.010000 6 254
32.010000 7 198
32.010000 8 274
32.010000 9 274
32.010000 10 236
32.010000 11 254
32.010000 12 274
33.010000 0 261
33.010000 1 220
33.010000 2 283
33.010000 3 283
33.010000 4 247
33.010000 5 265
33.010000 6 265
33.010000 7 199
33.010000 8 283
33.010000 9 283
33.010000 10 241
33.010000 11 261
33.010000 12 283
34.010000 0 268
34.010000 1 229
34.010000 2 286
34.010000 3 286
34.010000 4 238
34.010000 5 261
34.010000 6 263
34.010000 7 209
34.010000 8 286
34.010000 9 286
34.010000 10 248
34.010000 11 268
34.010000 12 286
35.010000 0 267
35.010000 1 227
35.010000 2 285
35.010000 3 285
35.010000 4 241
35.010000 5 263
35.010000 6 262
35.010000 7 205
35.010000 8 285
35.010000 9 285
35.010000 10 245
35.010000 11 267
35.010000 12 285
36.010000 0 257
36.010000 1 215
36.010000 2 279
36.010000 3 279
36.010000 4 243
36.010000 5 261
36.010000 6 261
36.010000 7 198
36.010000 8 279
36.010000 9 279
36.010000 10 239
36.010000 11 257
36.010000 12 279
37.010000 0 257
37.010000 1 223
37.010000 2 278
37.010000 3 278
37.010000 4 233
37.010000 5 256
37.010000 6 256
37.010000 7 203
37.010000 8 278
37.010000 9 278
37.010000 10 240
37.010000 11 257
37.010000 12 278
38.010000 0 242
38.010000 1 206
38.010000 2 260
38.010000 3 260
38.010000 4 220
38.010000 5 240
38.010000 6 240
38.010000 7 188
38.010000 8 260
38.010000 9 260
38.010000 10 224
38.010000 11 242
38.010000 12 260
39.010000 0 278
39.010000 1 234
39.010000 2 300
39.010000 3 300
39.010000 4 260
39.010000 5 280
39.010000 6 280
39.010000 7 212
39.010000 8 300
39.010000 9 300
39.010000 10 256
39.010000 11 278
39.010000 12 300
40.010000 0 265
40.010000 1 225
40.010000 2 287
40.010000 3 287
40.010000 4 246
40.010000 5 265
40.010000 6 267
40.010000 7 207
40.010000 8 287
40.010000 9 287
40.010000 10 247
40.010000 11 265
40.010000 12 287
41.010000 0 248
41.010000 1 208
41.010000 2 268
41.010000 3 268
41.010000 4 233
41.010000 5 252
41.010000 6 250
41.010000 7 188
41.010000 8 268
41.010000 9 268
41.010000 10 229
41.010000 11 248
41.010000 12 268
42.010000 0 295
42.010000 1 251
42.010000 2 317
42.010000 3 317
42.010000 4 269
42.010000 5 293
42.010000 6 293
42.010000 7 229
42.010000 8 317
42.010000 9 317
42.010000 10 272
42.010000 11 295
42.010000 12 317
43.010000 0 260
43.010000 1 220
43.010000 2 280
43.010000 3 280
43.010000 4 240
43.010000 5 260
43.010000 6 260
43.010000 7 200
43.010000 8 280
43.010000 9 280
43.010000 10 240
43.010000 11 260
43.010000 12 280
44.010000 0 260
44.010000 1 220
44.010000 2 280
44.010000 3 280
44.010000 4 240
44.010000 5 260
44.010000 6 260
44.010000 7 200
44.010000 8 280
44.010000 9 280
44.010000 10 240
44.010000 11 260
44.010000 12 280
45.010000 0 263
45.010000 1 219
45.010000 2 283
45.010000 3 283
45.010000 4 250
45.010000 5 265
45.010000 6 267
45.010000 7 195
45.010000 8 283
45.010000 9 283
45.010000 10 239
45.010000 11 263
45.010000 12 283
46.010000 0 255
46.010000 1 215
46.010000 2 273
46.010000 3 273
46.010000 4 234
46.010000 5 255
46.010000 6 253
46.010000 7 193
46.010000 8 273
46.010000 9 273
46.010000 10 233
46.010000 11 255
46.010000 12 273
47.010000 0 262
47.010000 1 222
47.010000 2 284
47.010000 3 284
47.010000 4 244
47.010000 5 264
47.010000 6 264
47.010000 7 204
47.010000 8 284
47.010000 9 284
47.010000 10 244
47.010000 11 262
47.010000 12 284
48.010000 0 250
48.010000 1 210
48.010000 2 268
48.010000 3 268
48.010000 4 232
48.010000 5 250
48.010000 6 250
48.010000 7 188
48.010000 8 268
48.010000 9 268
48.010000 10 228
48.010000 11 250
48.010000 12 268
49.010000 0 234
49.010000 1 198
49.010000 2 252
49.010000 3 252
49.010000 4 216
49.010000 5 234
49.010000 6 234
49.010000 7 180
49.010000 8 252
49.010000 9 252
49.010000 10 216
49.010000 11 234
49.010000 12 252
50.010000 0 252
50.010000 1 214
50.010000 2 272
50.010000 3 272
50.010000 4 232
50.010000 5 252
50.010000 6 252
50.010000 7 196
50.010000 8 272
50.010000 9 272
50.010000 10 234
50.010000 11 252
50.010000 12 272
51.010000 0 270
51.010000 1 228
51.010000 2 292
51.010000 3 292
51.010000 4 252
51.010000 5 272
51.010000 6 272
51.010000 7 208
51.010000 8 292
51.010000 9 292
51.010000 10 250
51.010000 11 270
51.010000 12 292
52.010000 0 273
52.010000 1 231
52.010000 2 295
52.010000 3 295
52.010000 4 254
52.010000 5 273
52.010000 6 275
52.010000 7 211
52.010000 8 295
52.010000 9 295
52.010000 10 253
52.010000 11 273
52.010000 12 295
53.010000 0 241
53.010000 1 203
53.010000 2 259
53.010000 3 259
53.010000 4 224
53.010000 5 242
53.010000 6 241
53.010000 7 182
53.010000 8 259
53.010000 9 259
53.010000 10 221
53.010000 11 241
53.010000 12 259
54.010000 0 262
54.010000 1 219
54.010000 2 282
54.010000 3 282
54.010000 4 245
54.010000 5 264
54.010000 6 264
54.010000 7 198
54.010000 8 282
54.010000 9 282
54.010000 10 240
54.010000 11 262
54.010000 12 282
55.010000 0 264
55.010000 1 222
55.010000 2 288
55.010000 3 288
55.010000 4 252
55.010000 5 270
55.010000 6 270
55.010000 7 204
55.010000 8 288
55.010000 9 288
55.010000 10 246
55.010000 11 264
55.010000 12 288
56.010000 0 250
56.010000 1 212
56.010000 2 268
56.010000 3 268
56.010000 4 228
56.010000 5 248
56.010000 6 248
56.010000 7 192
56.010000 8 268
56.010000 9 268
56.010000 10 230
56.010000 11 250
56.010000 12 268
57.010000 0 262
57.010000 1 222
57.010000 2 284
57.010000 3 284
57.010000 4 244
57.010000 5 264
57.010000 6 264
57.010000 7 204
57.010000 8 284
57.010000 9 284
57.010000 10 244
57.010000 11 262
57.010000 12 284
58.010000 0 270
58.010000 1 229
58.010000 2 290
58.010000 3 290
58.010000 4 245
58.010000 5 268
58.010000 6 268
58.010000 7 210
58.010000 8 290
58.010000 9 290
58.010000 10 250
58.010000 11 270
58.010000 12 290
59.010000 0 268
59.010000 1 226
59.010000 2 288
59.010000 3 288
59.010000 4 248
59.010000 5 268
59.010000 6 268
59.010000 7 204
59.010000 8 288
59.010000 9 288
59.010000 10 246
59.010000 11 268
59.010000 12 288
60.010000 0 252
60.010000 1 212
60.010000 2 272
60.010000 3 272
60.010000 4 236
60.010000 5 254
60.010000 6 254
60.010000 7 192
60.010000 8 272
60.010000 9 272
60.010000 10 232
60.010000 11 252
60.010000 12 272
61.010000 0 268
61.010000 1 228
61.010000 2 288
61.010000 3 288
61.010000 4 244
61.010000 5 266
61.010000 6 266
61.010000 7 208
61.010000 8 288
61.010000 9 288
61.010000 10 248
61.010000 11 268
61.010000 12 288
62.010000 0 246
62.010000 1 206
62.010000 2 266
62.010000 3 266
62.010000 4 233
62.010000 5 250
62.010000 6 250
62.010000 7 185
62.010000 8 266
62.010000 9 266
62.010000 10 226
62.010000 11 246
62.010000 12 266
63.010000 0 244
63.010000 1 206
63.010000 2 264
63.010000 3 264
63.010000 4 228
63.010000 5 246
63.010000 6 246
63.010000 7 188
63.010000 8 264
63.010000 9 264
63.010000 10 226
63.010000 11 244
63.010000 12 264
64.010000 0 255
64.010000 1 216
64.010000 2 273
64.010000 3 273
64.010000 4 228
64.010000 5 251
64.010000 6 251
64.010000 7 200
64.010000 8 273
64.010000 9 273
64.010000 10 237
64.010000 11 255
64.010000 12 273
65.010000 0 271
65.010000 1 229
65.010000 2 289
65.010000 3 289
65.010000 4 249
65.010000 5 269
65.010000 6 269
65.010000 7 202
65.010000 8 289
65.010000 9 289
65.010000 10 245
65.010000 11 271
65.010000 12 289
66.010000 0 268
66.010000 1 228
66.010000 2 288
66.010000 3 288
66.010000 4 244
66.010000 5 266
66.010000 6 266
66.010000 7 208
66.010000 8 288
66.010000 9 288
66.010000 10 248
66.010000 11 268
66.010000 12 288
67.010000 0 280
67.010000 1 238
67.010000 2 302
67.010000 3 302
67.010000 4 257
67.010000 5 280
67.010000 6 280
67.010000 7 217
67.010000 8 302
67.010000 9 302
67.010000 10 260
67.010000 11 280
67.010000 12 302
68.010000 0 253
68.010000 1 217
68.010000 2 271
68.010000 3 271
68.010000 4 226
68.010000 5 247
68.010000 6 249
68.010000 7 199
68.010000 8 271
68.010000 9 271
68.010000 10 235
68.010000 11 253
68.010000 12 271
69.010000 0 266
69.010000 1 226
69.010000 2 286
69.010000 3 286
69.010000 4 243
69.010000 5 265
69.010000 6 264
69.010000 7 205
69.010000 8 286
69.010000 9 286
69.010000 10 247
69.010000 11 266
69.010000 12 286
70.010000 0 267
70.010000 1 229
70.010000 2 285
70.010000 3 285
70.010000 4 237
70.010000 5 261
70.010000 6 261
70.010000 7 209
70.010000 8 285
70.010000 9 285
70.010000 10 246
70.010000 11 267
70.010000 12 285
71.010000 0 252
71.010000 1 212
71.010000 2 272
71.010000 3 272
71.010000 4 236
71.010000 5 254
71.010000 6 254
71.010000 7 192
71.010000 8 272
71.010000 9 272
71.010000 10 232
71.010000 11 252
71.010000 12 272
72.010000 0 270
72.010000 1 229
72.010000 2 290
72.010000 3 290
72.010000 4 246
72.010000 5 268
72.010000 6 268
72.010000 7 209
72.010000 8 290
72.010000 9 290
72.010000 10 250
72.010000 11 270
72.010000 12 290
73.010000 0 267
73.010000 1 226
73.010000 2 287
73.010000 3 287
73.010000 4 247
73.010000 5 267
73.010000 6 267
73.010000 7 203
73.010000 8 287
73.010000 9 287
73.010000 10 245
73.010000 11 267
73.010000 12 287
74.010000 0 259
74.010000 1 216
74.010000 2 277
74.010000 3 277
74.010000 4 241
74.010000 5 259
74.010000 6 259
74.010000 7 193
74.010000 8 277
74.010000 9 277
74.010000 10 235
74.010000 11 259
74.010000 12 277
75.010000 0 258
75.010000 1 220
75.010000 2 276
75.010000 3 276
75.010000 4 232
75.010000 5 254
75.010000 6 254
75.010000 7 200
75.010000 8 276
75.010000 9 276
75.010000 10 238
75.010000 11 258
75.010000 12 276
76.010000 0 250
76.010000 1 214
76.010000 2 270
76.010000 3 270
76.010000 4 227
76.010000 5 248
76.010000 6 249
76.010000 7 198
76.010000 8 270
76.010000 9 270
76.010000 10 234
76.010000 11 250
76.010000 12 270
77.010000 0 258
77.010000 1 216
77.010000 2 278
77.010000 3 278
77.010000 4 243
77.010000 5 260
77.010000 6 261
77.010000 7 194
77.010000 8 278
77.010000 9 278
77.010000 10 236
77.010000 11 258
77.010000 12 278
78.010000 0 244
78.010000 1 208
78.010000 2 260
78.010000 3 260
78.010000 4 218
78.010000 5 240
78.010000 6 238
78.010000 7 188
78.010000 8 260
78.010000 9 260
78.010000 10 224
78.010000 11 244
78.010000 12 260
79.010000 0 240
79.010000 1 202
79.010000 2 260
79.010000 3 260
79.010000 4 224
79.010000 5 242
79.010000 6 242
79.010000 7 186
79.010000 8 260
79.010000 9 260
79.010000 10 224
79.010000 11 240
79.010000 12 260
80.010000 0 263
80.010000 1 223
80.010000 2 283
80.010000 3 283
80.010000 4 243
80.010000 5 263
80.010000 6 263
80.010000 7 201
80.010000 8 283
80.010000 9 283
80.010000 10 242
80.010000 11 263
80.010000 12 283
81.010000 0 251
81.010000 1 215
81.010000 2 269
81.010000 3 269
81.010000 4 225
81.010000 5 247
81.010000 6 247
81.010000 7 197
81.010000 8 269
81.010000 9 269
81.010000 10 232
81.010000 11 251
81.010000 12 269
82.010000 0 258
82.010000 1 222
82.010000 2 276
82.010000 3 276
82.010000 4 228
82.010000 5 252
82.010000 6 252
82.010000 7 204
82.010000 8 276
82.010000 9 276
82.010000 10 240
82.010000 11 258
82.010000 12 276
83.010000 0 247
83.010000 1 209
83.010000 2 267
83.010000 3 267
83.010000 4 227
83.010000 5 247
83.010000 6 247
83.010000 7 194
83.010000 8 267
83.010000 9 267
83.010000 10 231
83.010000 11 247
83.010000 12 267
84.010000 0 265
84.010000 1 227
84.010000 2 283
84.010000 3 283
84.010000 4 239
84.010000 5 260
84.010000 6 261
84.010000 7 203
84.010000 8 283
84.010000 9 283
84.010000 10 243
84.010000 11 265
84.010000 12 283
85.010000 0 279
85.010000 1 237
85.010000 2 305
85.010000 3 305
85.010000 4 261
85.010000 5 283
85.010000 6 283
85.010000 7 222
85.010000 8 305
85.010000 9 305
85.010000 10 265
85.010000 11 279
85.010000 12 305
86.010000 0 256
86.010000 1 216
86.010000 2 274
86.010000 3 274
86.010000 4 234
86.010000 5 254
86.010000 6 254
86.010000 7 196
86.010000 8 274
86.010000 9 274
86.010000 10 234
86.010000 11 256
86.010000 12 274
87.010000 0 260
87.010000 1 222
87.010000 2 280
87.010000 3 280
87.010000 4 236
87.010000 5 258
87.010000 6 258
87.010000 7 203
87.010000 8 280
87.010000 9 280
87.010000 10 243
87.010000 11 260
87.010000 12 280
88.010000 0 244
88.010000 1 208
88.010000 2 260
88.010000 3 260
88.010000 4 220
88.010000 5 240
88.010000 6 240
88.010000 7 186
88.010000 8 260
88.010000 9 260
88.010000 10 222
88.010000 11 244
88.010000 12 260
89.010000 0 250
89.010000 1 210
89.010000 2 272
89.010000 3 272
89.010000 4 236
89.010000 5 254
89.010000 6 254
89.010000 7 195
89.010000 8 272
89.010000 9 272
89.010000 10 233
89.010000 11 250
89.010000 12 272
90.010000 0 249
90.010000 1 213
90.010000 2 269
90.010000 3 269
90.010000 4 229
90.010000 5 249
90.010000 6 249
90.010000 7 194
90.010000 8 269
90.010000 9 269
90.010000 10 231
90.010000 11 249
90.010000 12 269
91.010000 0 244
91.010000 1 205
91.010000 2 265
91.010000 3 265
91.010000 4 229
91.010000 5 247
91.010000 6 247
91.010000 7 189
91.010000 8 265
91.010000 9 265
91.010000 10 229
91.010000 11 244
91.010000 12 265
92.010000 0 273
92.010000 1 231
92.010000 2 295
92.010000 3 295
92.010000 4 259
92.010000 5 276
92.010000 6 277
92.010000 7 205
92.010000 8 295
92.010000 9 295
92.010000 10 249
92.010000 11 273
92.010000 12 295
93.010000 0 256
93.010000 1 218
93.010000 2 272
93.010000 3 272
93.010000 4 228
93.010000 5 250
93.010000 6 250
93.010000 7 196
93.010000 8 272
93.010000 9 272
93.010000 10 234
93.010000 11 256
93.010000 12 272
94.010000 0 258
94.010000 1 216
94.010000 2 278
94.010000 3 278
94.010000 4 242
94.010000 5 260
94.010000 6 260
94.010000 7 195
94.010000 8 278
94.010000 9 278
94.010000 10 237
94.010000 11 258
94.010000 12 278
95.010000 0 244
95.010000 1 208
95.010000 2 262
95.010000 3 262
95.010000 4 222
95.010000 5 242
95.010000 6 242
95.010000 7 189
95.010000 8 262
95.010000 9 262
95.010000 10 225
95.010000 11 244
95.010000 12 262
96.010000 0 280
96.010000 1 240
96.010000 2 302
96.010000 3 302
96.010000 4 254
96.010000 5 277
96.010000 6 278
96.010000 7 221
96.010000 8 302
96.010000 9 302
96.010000 10 262
96.010000 11 280
96.010000 12 302
97.010000 0 276
97.010000 1 234
97.010000 2 296
97.010000 3 296
97.010000 4 252
97.010000 5 274
97.010000 6 274
97.010000 7 212
97.010000 8 296
97.010000 9 296
97.010000 10 254
97.010000 11 276
97.010000 12 296
98.010000 0 285
98.010000 1 239
98.010000 2 311
98.010000 3 311
98.010000 4 270
98.010000 5 289
98.010000 6 291
98.010000 7 223
98.010000 8 311
98.010000 9 311
98.010000 10 269
98.010000 11 285
98.010000 12 311
99.010000 0 265
99.010000 1 225
99.010000 2 285
99.010000 3 285
99.010000 4 246
99.010000 5 267
99.010000 6 265
99.010000 7 201
99.010000 8 285
99.010000 9 285
99.010000 10 241
99.010000 11 265
99.010000 12 285
100.010000 0 245
100.010000 1 207
100.010000 2 263
100.010000 3 263
100.010000 4 226
100.010000 5 243
100.010000 6 245
100.010000 7 187
100.010000 8 263
100.010000 9 263
100.010000 10 225
100.010000 11 245
100.010000 12 263
101.010000 0 276
101.010000 1 239
101.010000 2 298
101.010000 3 298
101.010000 4 247
101.010000 5 273
101.010000 6 272
101.010000 7 221
101.010000 8 298
101.010000 9 298
101.010000 10 260
101.010000 11 276
101.010000 12 298
102.010000 0 257
102.010000 1 218
102.010000 2 275
102.010000 3 275
102.010000 4 232
102.010000 5 253
102.010000 6 254
102.010000 7 199
102.010000 8 275
102.010000 9 275
102.010000 10 237
102.010000 11 257
102.010000 12 275
103.010000 0 275
103.010000 1 233
103.010000 2 299
103.010000 3 299
103.010000 4 257
103.010000 5 279
103.010000 6 279
103.010000 7 214
103.010000 8 299
103.010000 9 299
103.010000 10 257
103.010000 11 275
103.010000 12 299
104.010000 0 252
104.010000 1 214
104.010000 2 271
104.010000 3 271
104.010000 4 231
104.010000 5 251
104.010000 6 250
104.010000 7 195
104.010000 8 271
104.010000 9 271
104.010000 10 233
104.010000 11 252
104.010000 12 271
105.010000 0 220
105.010000 1 187
105.010000 2 237
105.010000 3 237
105.010000 4 203
105.010000 5 219
105.010000 6 221
105.010000 7 169
105.010000 8 237
105.010000 9 237
105.010000 10 203
105.010000 11 220
105.010000 12 237
106.010000 0 257
106.010000 1 216
106.010000 2 277
106.010000 3 277
106.010000 4 239
106.010000 5 259
106.010000 6 257
106.010000 7 197
106.010000 8 277
106.010000 9 277
106.010000 10 237
106.010000 11 257
106.010000 12 277
107.010000 0 248
107.010000 1 212
107.010000 2 264
107.010000 3 264
107.010000 4 220
107.010000 5 242
107.010000 6 242
107.010000 7 192
107.010000 8 264
107.010000 9 264
107.010000 10 228
107.010000 11 248
107.010000 12 264
108.010000 0 243
108.010000 1 205
108.010000 2 263
108.010000 3 263
108.010000 4 227
108.010000 5 245
108.010000 6 246
108.010000 7 187
108.010000 8 263
108.010000 9 263
108.010000 10 225
108.010000 11 243
108.010000 12 263
109.010000 0 245
109.010000 1 205
109.010000 2 265
109.010000 3 265
109.010000 4 233
109.010000 5 249
109.010000 6 248
109.010000 7 185
109.010000 8 265
109.010000 9 265
109.010000 10 225
109.010000 11 245
109.010000 12 265
110.010000 0 262
110.010000 1 219
110.010000 2 282
110.010000 3 282
110.010000 4 245
110.010000 5 264
110.010000 6 264
110.010000 7 198
110.010000 8 282
110.010000 9 282
110.010000 10 240
110.010000 11 262
110.010000 12 282
111.010000 0 259
111.010000 1 221
111.010000 2 279
111.010000 3 279
111.010000 4 235
111.010000 5 257
111.010000 6 258
111.010000 7 203
111.010000 8 279
111.010000 9 279
111.010000 10 241
111.010000 11 259
111.010000 12 279
112.010000 0 283
112.010000 1 236
112.010000 2 307
112.010000 3 307
112.010000 4 271
112.010000 5 289
112.010000 6 288
112.010000 7 214
112.010000 8 307
112.010000 9 307
112.010000 10 261
112.010000 11 283
112.010000 12 307
113.010000 0 291
113.010000 1 245
113.010000 2 315
113.010000 3 315
113.010000 4 271
113.010000 5 293
113.010000 6 293
113.010000 7 226
113.010000 8 315
113.010000 9 315
113.010000 10 271
113.010000 11 291
113.010000 12 315
114.010000 0 248
114.010000 1 211
114.010000 2 266
114.010000 3 266
114.010000 4 225
114.010000 5 246
114.010000 6 247
114.010000 7 191
114.010000 8 266
114.010000 9 266
114.010000 10 228
114.010000 11 248
114.010000 12 266
115.010000 0 282
115.010000 1 238
115.010000 2 304
115.010000 3 304
115.010000 4 263
115.010000 5 282
115.010000 6 283
115.010000 7 216
115.010000 8 304
115.010000 9 304
115.010000 10 260
115.010000 11 282
115.010000 12 304
116.010000 0 257
116.010000 1 217
116.010000 2 277
116.010000 3 277
116.010000 4 238
116.010000 5 259
116.010000 6 257
116.010000 7 197
116.010000 8 277
116.010000 9 277
116.010000 10 237
116.010000 11 257
116.010000 12 277
117.010000 0 252
117.010000 1 212
117.010000 2 272
117.010000 3 272
117.010000 4 236
117.010000 5 254
117.010000 6 254
117.010000 7 192
117.010000 8 272
117.010000 9 272
117.010000 10 232
117.010000 11 252
117.010000 12 272
118.010000 0 268
118.010000 1 230
118.010000 2 288
118.010000 3 288
118.010000 4 240
118.010000 5 264
118.010000 6 264
118.010000 7 212
118.010000 8 288
118.010000 9 288
118.010000 10 250
118.010000 11 268
118.010000 12 288
119.010000 0 242
119.010000 1 204
119.010000 2 260
119.010000 3 260
119.010000 4 224
119.010000 5 242
119.010000 6 242
119.010000 7 184
119.010000 8 260
119.010000 9 260
119.010000 10 222
119.010000 11 242
119.010000 12 260
120.010000 0 282
120.010000 1 236
120.010000 2 308
120.010000 3 308
120.010000 4 272
120.010000 5 290
120.010000 6 290
120.010000 7 216
120.010000 8 308
120.010000 9 308
120.010000 10 262
120.010000 11 282
120.010000 12 308
121.010000 0 252
121.010000 1 212
121.010000 2 272
121.010000 3 272
121.010000 4 236
121.010000 5 254
121.010000 6 254
121.010000 7 192
121.010000 8 272
121.010000 9 272
121.010000 10 232
121.010000 11 252
121.010000 12 272
122.010000 0 314
122.010000 1 266
122.010000 2 340
122.010000 3 340
122.010000 4 292
122.010000 5 316
122.010000 6 316
122.010000 7 244
122.010000 8 340
122.010000 9 340
122.010000 10 292
122.010000 11 314
122.010000 12 340
123.010000 0 262
123.010000 1 224
123.010000 2 282
123.010000 3 282
123.010000 4 238
123.010000 5 259
123.010000 6 260
123.010000 7 205
123.010000 8 282
123.010000 9 282
123.010000 10 244
123.010000 11 262
123.010000 12 282
124.010000 0 247
124.010000 1 209
124.010000 2 267
124.010000 3 267
124.010000 4 230
124.010000 5 247
124.010000 6 249
124.010000 7 191
124.010000 8 267
124.010000 9 267
124.010000 10 229
124.010000 11 247
124.010000 12 267
125.010000 0 265
125.010000 1 225
125.010000 2 285
125.010000 3 285
125.010000 4 242
125.010000 5 265
125.010000 6 263
125.010000 7 205
125.010000 8 285
125.010000 9 285
125.010000 10 245
125.010000 11 265
125.010000 12 285
126.010000 0 292
126.010000 1 246
126.010000 2 316
126.010000 3 316
126.010000 4 272
126.010000 5 294
126.010000 6 294
126.010000 7 226
126.010000 8 316
126.010000 9 316
126.010000 10 272
126.010000 11 292
126.010000 12 316
127.010000 0 278
127.010000 1 238
127.010000 2 296
127.010000 3 296
127.010000 4 248
127.010000 5 272
127.010000 6 272
127.010000 7 214
127.010000 8 296
127.010000 9 296
127.010000 10 254
127.010000 11 278
127.010000 12 296
128.010000 0 271
128.010000 1 231
128.010000 2 295
128.010000 3 295
128.010000 4 251
128.010000 5 273
128.010000 6 274
128.010000 7 215
128.010000 8 295
128.010000 9 295
128.010000 10 255
128.010000 11 271
128.010000 12 295
129.010000 0 253
129.010000 1 214
129.010000 2 271
129.010000 3 271
129.010000 4 230
129.010000 5 251
129.010000 6 250
129.010000 7 195
129.010000 8 271
129.010000 9 271
129.010000 10 233
129.010000 11 253
129.010000 12 271
130.010000 0 250
130.010000 1 212
130.010000 2 268
130.010000 3 268
130.010000 4 228
130.010000 5 248
130.010000 6 248
130.010000 7 192
130.010000 8 268
130.010000 9 268
130.010000 10 230
130.010000 11 250
130.010000 12 268
131.010000 0 281
131.010000 1 235
131.010000 2 301
131.010000 3 301
131.010000 4 261
131.010000 5 281
131.010000 6 281
131.010000 7 210
131.010000 8 301
131.010000 9 301
131.010000 10 257
131.010000 11 281
131.010000 12 301
132.010000 0 255
132.010000 1 217
132.010000 2 275
132.010000 3 275
132.010000 4 235
132.010000 5 255
132.010000 6 255
132.010000 7 198
132.010000 8 275
132.010000 9 275
132.010000 10 235
132.010000 11 255
132.010000 12 275
133.010000 0 270
133.010000 1 228
133.010000 2 292
133.010000 3 292
133.010000 4 252
133.010000 5 272
133.010000 6 272
133.010000 7 208
133.010000 8 292
133.010000 9 292
133.010000 10 250
133.010000 11 270
133.010000 12 292
134.010000 0 248
134.010000 1 212
134.010000 2 264
134.010000 3 264
134.010000 4 220
134.010000 5 242
134.010000 6 242
134.010000 7 192
134.010000 8 264
134.010000 9 264
134.010000 10 228
134.010000 11 248
134.010000 12 264
135.010000 0 278
135.010000 1 234
135.010000 2 300
135.010000 3 300
135.010000 4 260
135.010000 5 280
135.010000 6 280
135.010000 7 212
135.010000 8 300
135.010000 9 300
135.010000 10 256
135.010000 11 278
135.010000 12 300
136.010000 0 244
136.010000 1 206
136.010000 2 264
136.010000 3 264
136.010000 4 228
136.010000 5 246
136.010000 6 246
136.010000 7 188
136.010000 8 264
136.010000 9 264
136.010000 10 226
136.010000 11 244
136.010000 12 264
137.010000 0 279
137.010000 1 237
137.010000 2 301
137.010000 3 301
137.010000 4 256
137.010000 5 279
137.010000 6 279
137.010000 7 216
137.010000 8 301
137.010000 9 301
137.010000 10 260
137.010000 11 279
137.010000 12 301
138.010000 0 251
138.010000 1 213
138.010000 2 269
138.010000 3 269
138.010000 4 229
138.010000 5 249
138.010000 6 249
138.010000 7 193
138.010000 8 269
138.010000 9 269
138.010000 10 230
138.010000 11 251
138.010000 12 269
139.010000 0 242
139.010000 1 206
139.010000 2 260
139.010000 3 260
139.010000 4 220
139.010000 5 240
139.010000 6 240
139.010000 7 188
139.010000 8 260
139.010000 9 260
139.010000 10 224
139.010000 11 242
139.010000 12 260
140.010000 0 256
140.010000 1 218
140.010000 2 272
140.010000 3 272
140.010000 4 228
140.010000 5 250
140.010000 6 250
140.010000 7 196
140.010000 8 272
140.010000 9 272
140.010000 10 234
140.010000 11 256
140.010000 12 272
141.010000 0 271
141.010000 1 231
141.010000 2 291
141.010000 3 291
141.010000 4 243
141.010000 5 267
141.010000 6 267
141.010000 7 214
141.010000 8 291
141.010000 9 291
141.010000 10 253
141.010000 11 271
141.010000 12 291
142.010000 0 252
142.010000 1 217
142.010000 2 272
142.010000 3 272
142.010000 4 230
142.010000 5 250
142.010000 6 252
142.010000 7 197
142.010000 8 272
142.010000 9 272
142.010000 10 234
142.010000 11 252
142.010000 12 272
143.010000 0 255
143.010000 1 216
143.010000 2 273
143.010000 3 273
143.010000 4 231
143.010000 5 253
143.010000 6 251
143.010000 7 197
143.010000 8 273
143.010000 9 273
143.010000 10 235
143.010000 11 255
143.010000 12 273
144.010000 0 278
144.010000 1 236
144.010000 2 300
144.010000 3 300
144.010000 4 256
144.010000 5 278
144.010000 6 278
144.010000 7 216
144.010000 8 300
144.010000 9 300
144.010000 10 258
144.010000 11 278
144.010000 12 300
145.010000 0 276
145.010000 1 234
145.010000 2 298
145.010000 3 298
145.010000 4 254
145.010000 5 276
145.010000 6 276
145.010000 7 215
145.010000 8 298
145.010000 9 298
145.010000 10 257
145.010000 11 276
145.010000 12 298
146.010000 0 278
146.010000 1 238
146.010000 2 298
146.010000 3 298
146.010000 4 250
146.010000 5 274
146.010000 6 274
146.010000 7 217
146.010000 8 298
146.010000 9 298
146.010000 10 257
146.010000 11 278
146.010000 12 298
147.010000 0 258
147.010000 1 218
147.010000 2 276
147.010000 3 276
147.010000 4 236
147.010000 5 256
147.010000 6 256
147.010000 7 196
147.010000 8 276
147.010000 9 276
147.010000 10 236
147.010000 11 258
147.010000 12 276
148.010000 0 255
148.010000 1 213
148.010000 2 275
148.010000 3 275
148.010000 4 239
148.010000 5 257
148.010000 6 257
148.010000 7 194
148.010000 8 275
148.010000 9 275
148.010000 10 235
148.010000 11 255
148.010000 12 275
149.010000 0 276
149.010000 1 234
149.010000 2 300
149.010000 3 300
149.010000 4 260
149.010000 5 280
149.010000 6 280
149.010000 7 213
149.010000 8 300
149.010000 9 300
149.010000 10 257
149.010000 11 276
149.010000 12 300
