0.010000 0 0
0.010000 1 0
0.010000 2 0
0.010000 3 0
0.010000 4 0
0.010000 5 0
0.010000 6 0
0.010000 7 0
0.010000 8 0
0.010000 9 0
0.010000 10 0
0.010000 11 0
0.010000 12 0
0.010000 13 0
0.010000 14 0
0.010000 15 0
0.010000 16 0
0.010000 17 0
0.010000 18 0
0.010000 19 0
0.010000 20 0
0.010000 21 0
0.010000 22 0
0.010000 23 0
0.010000 24 0
0.010000 25 0
0.010000 26 0
0.010000 27 0
1.010000 0 0
1.010000 1 0
1.010000 2 0
1.010000 3 0
1.010000 4 0
1.010000 5 0
1.010000 6 0
1.010000 7 0
1.010000 8 0
1.010000 9 0
1.010000 10 0
1.010000 11 0
1.010000 12 0
1.010000 13 0
1.010000 14 0
1.010000 15 0
1.010000 16 0
1.010000 17 0
1.010000 18 0
1.010000 19 0
1.010000 20 0
1.010000 21 0
1.010000 22 0
1.010000 23 0
1.010000 24 0
1.010000 25 0
1.010000 26 0
1.010000 27 0
2.010000 0 0
2.010000 1 0
2.010000 2 0
2.010000 3 0
2.010000 4 0
2.010000 5 0
2.010000 6 0
2.010000 7 0
2.010000 8 0
2.010000 9 0
2.010000 10 0
2.010000 11 0
2.010000 12 0
2.010000 13 0
2.010000 14 0
2.010000 15 0
2.010000 16 0
2.010000 17 0
2.010000 18 0
2.010000 19 0
2.010000 20 0
2.010000 21 0
2.010000 22 0
2.010000 23 0
2.010000 24 0
2.010000 25 0
2.010000 26 0
2.010000 27 0
3.010000 0 0
3.010000 1 0
3.010000 2 0
3.010000 3 0
3.010000 4 0
3.010000 5 0
3.010000 6 0
3.010000 7 0
3.010000 8 0
3.010000 9 0
3.010000 10 0
3.010000 11 0
3.010000 12 0
3.010000 13 0
3.010000 14 0
3.010000 15 0
3.010000 16 0
3.010000 17 0
3.010000 18 0
3.010000 19 0
3.010000 20 0
3.010000 21 0
3.010000 22 0
3.010000 23 0
3.010000 24 0
3.010000 25 0
3.010000 26 0
3.010000 27 0
4.010000 0 0
4.010000 1 0
4.010000 2 0
4.010000 3 0
4.010000 4 0
4.010000 5 0
4.010000 6 0
4.010000 7 0
4.010000 8 0
4.010000 9 0
4.010000 10 0
4.010000 11 0
4.010000 12 0
4.010000 13 0
4.010000 14 0
4.010000 15 0
4.010000 16 0
4.010000 17 0
4.010000 18 0
4.010000 19 0
4.010000 20 0
4.010000 21 0
4.010000 22 0
4.010000 23 0
4.010000 24 0
4.010000 25 0
4.010000 26 0
4.010000 27 0
5.010000 0 0
5.010000 1 0
5.010000 2 0
5.010000 3 0
5.010000 4 0
5.010000 5 0
5.010000 6 0
5.010000 7 0
5.010000 8 0
5.010000 9 0
5.010000 10 0
5.010000 11 0
5.010000 12 0
5.010000 13 0
5.010000 14 0
5.010000 15 0
5.010000 16 0
5.010000 17 0
5.010000 18 0
5.010000 19 0
5.010000 20 0
5.010000 21 0
5.010000 22 0
5.010000 23 0
5.010000 24 0
5.010000 25 0
5.010000 26 0
5.010000 27 0
6.010000 0 0
6.010000 1 0
6.010000 2 0
6.010000 3 0
6.010000 4 0
6.010000 5 0
6.010000 6 0
6.010000 7 0
6.010000 8 0
6.010000 9 0
6.010000 10 0
6.010000 11 0
6.010000 12 0
6.010000 13 0
6.010000 14 0
6.010000 15 0
6.010000 16 0
6.010000 17 0
6.010000 18 0
6.010000 19 0
6.010000 20 0
6.010000 21 0
6.010000 22 0
6.010000 23 0
6.010000 24 0
6.010000 25 0
6.010000 26 0
6.010000 27 0
7.010000 0 0
7.010000 1 0
7.010000 2 0
7.010000 3 0
7.010000 4 0
7.010000 5 0
7.010000 6 0
7.010000 7 0
7.010000 8 0
7.010000 9 0
7.010000 10 0
7.010000 11 0
7.010000 12 0
7.010000 13 0
7.010000 14 0
7.010000 15 0
7.010000 16 0
7.010000 17 0
7.010000 18 0
7.010000 19 0
7.010000 20 0
7.010000 21 0
7.010000 22 0
7.010000 23 0
7.010000 24 0
7.010000 25 0
7.010000 26 0
7.010000 27 0
8.010000 0 0
8.010000 1 0
8.010000 2 0
8.010000 3 0
8.010000 4 0
8.010000 5 0
8.010000 6 0
8.010000 7 0
8.010000 8 0
8.010000 9 0
8.010000 10 0
8.010000 11 0
8.010000 12 0
8.010000 13 0
8.010000 14 0
8.010000 15 0
8.010000 16 0
8.010000 17 0
8.010000 18 0
8.010000 19 0
8.010000 20 0
8.010000 21 0
8.010000 22 0
8.010000 23 0
8.010000 24 0
8.010000 25 0
8.010000 26 0
8.010000 27 0
9.010000 0 0
9.010000 1 0
9.010000 2 0
9.010000 3 0
9.010000 4 0
9.010000 5 0
9.010000 6 0
9.010000 7 0
9.010000 8 0
9.010000 9 0
9.010000 10 0
9.010000 11 0
9.010000 12 0
9.010000 13 0
9.010000 14 0
9.010000 15 0
9.010000 16 0
9.010000 17 0
9.010000 18 0
9.010000 19 0
9.010000 20 0
9.010000 21 0
9.010000 22 0
9.010000 23 0
9.010000 24 0
9.010000 25 0
9.010000 26 0
9.010000 27 0
10.010000 0 0
10.010000 1 0
10.010000 2 0
10.010000 3 0
10.010000 4 0
10.010000 5 0
10.010000 6 0
10.010000 7 0
10.010000 8 0
10.010000 9 0
10.010000 10 0
10.010000 11 0
10.010000 12 0
10.010000 13 0
10.010000 14 0
10.010000 15 0
10.010000 16 0
10.010000 17 0
10.010000 18 0
10.010000 19 0
10.010000 20 0
10.010000 21 0
10.010000 22 0
10.010000 23 0
10.010000 24 0
10.010000 25 0
10.010000 26 0
10.010000 27 0
11.010000 0 0
11.010000 1 0
11.010000 2 0
11.010000 3 0
11.010000 4 0
11.010000 5 0
11.010000 6 0
11.010000 7 0
11.010000 8 0
11.010000 9 0
11.010000 10 0
11.010000 11 0
11.010000 12 0
11.010000 13 0
11.010000 14 0
11.010000 15 0
11.010000 16 0
11.010000 17 0
11.010000 18 0
11.010000 19 0
11.010000 20 0
11.010000 21 0
11.010000 22 0
11.010000 23 0
11.010000 24 0
11.010000 25 0
11.010000 26 0
11.010000 27 0
12.010000 0 0
12.010000 1 0
12.010000 2 0
12.010000 3 0
12.010000 4 0
12.010000 5 0
12.010000 6 0
12.010000 7 0
12.010000 8 0
12.010000 9 0
12.010000 10 0
12.010000 11 0
12.010000 12 0
12.010000 13 0
12.010000 14 0
12.010000 15 0
12.010000 16 0
12.010000 17 0
12.010000 18 0
12.010000 19 0
12.010000 20 0
12.010000 21 0
12.010000 22 0
12.010000 23 0
12.010000 24 0
12.010000 25 0
12.010000 26 0
12.010000 27 0
13.010000 0 0
13.010000 1 0
13.010000 2 0
13.010000 3 0
13.010000 4 0
13.010000 5 0
13.010000 6 0
13.010000 7 0
13.010000 8 0
13.010000 9 0
13.010000 10 0
13.010000 11 0
13.010000 12 0
13.010000 13 0
13.010000 14 0
13.010000 15 0
13.010000 16 0
13.010000 17 0
13.010000 18 0
13.010000 19 0
13.010000 20 0
13.010000 21 0
13.010000 22 0
13.010000 23 0
13.010000 24 0
13.010000 25 0
13.010000 26 0
13.010000 27 0
14.010000 0 0
14.010000 1 0
14.010000 2 0
14.010000 3 0
14.010000 4 0
14.010000 5 0
14.010000 6 0
14.010000 7 0
14.010000 8 0
14.010000 9 0
14.010000 10 0
14.010000 11 0
14.010000 12 0
14.010000 13 0
14.010000 14 0
14.010000 15 0
14.010000 16 0
14.010000 17 0
14.010000 18 0
14.010000 19 0
14.010000 20 0
14.010000 21 0
14.010000 22 0
14.010000 23 0
14.010000 24 0
14.010000 25 0
14.010000 26 0
14.010000 27 0
15.010000 0 5
15.010000 1 5
15.010000 2 6
15.010000 3 6
15.010000 4 6
15.010000 5 6
15.010000 6 6
15.010000 7 6
15.010000 8 6
15.010000 9 6
15.010000 10 6
15.010000 11 6
15.010000 12 6
15.010000 13 6
15.010000 14 5
15.010000 15 6
15.010000 16 6
15.010000 17 5
15.010000 18 5
15.010000 19 6
15.010000 20 6
15.010000 21 6
15.010000 22 6
15.010000 23 6
15.010000 24 4
15.010000 25 4
15.010000 26 6
15.010000 27 6
16.010000 0 539
16.010000 1 539
16.010000 2 524
16.010000 3 508
16.010000 4 585
16.010000 5 575
16.010000 6 580
16.010000 7 549
16.010000 8 585
16.010000 9 516
16.010000 10 568
16.010000 11 585
16.010000 12 575
16.010000 13 569
16.010000 14 543
16.010000 15 573
16.010000 16 577
16.010000 17 466
16.010000 18 543
16.010000 19 544
16.010000 20 585
16.010000 21 537
16.010000 22 581
16.010000 23 573
16.010000 24 565
16.010000 25 505
16.010000 26 585
16.010000 27 585
17.010000 0 213
17.010000 1 211
17.010000 2 213
17.010000 3 195
17.010000 4 231
17.010000 5 231
17.010000 6 231
17.010000 7 191
17.010000 8 231
17.010000 9 195
17.010000 10 231
17.010000 11 231
17.010000 12 231
17.010000 13 231
17.010000 14 213
17.010000 15 231
17.010000 16 231
17.010000 17 177
17.010000 18 213
17.010000 19 213
17.010000 20 231
17.010000 21 211
17.010000 22 231
17.010000 23 231
17.010000 24 209
17.010000 25 210
17.010000 26 231
17.010000 27 231
18.010000 0 199
18.010000 1 199
18.010000 2 199
18.010000 3 181
18.010000 4 217
18.010000 5 217
18.010000 6 217
18.010000 7 181
18.010000 8 217
18.010000 9 181
18.010000 10 217
18.010000 11 217
18.010000 12 217
18.010000 13 217
18.010000 14 199
18.010000 15 217
18.010000 16 217
18.010000 17 163
18.010000 18 199
18.010000 19 199
18.010000 20 217
18.010000 21 199
18.010000 22 217
18.010000 23 217
18.010000 24 199
18.010000 25 198
18.010000 26 217
18.010000 27 217
19.010000 0 218
19.010000 1 220
19.010000 2 220
19.010000 3 196
19.010000 4 240
19.010000 5 240
19.010000 6 240
19.010000 7 200
19.010000 8 240
19.010000 9 198
19.010000 10 240
19.010000 11 240
19.010000 12 240
19.010000 13 240
19.010000 14 218
19.010000 15 240
19.010000 16 240
19.010000 17 174
19.010000 18 218
19.010000 19 220
19.010000 20 240
19.010000 21 220
19.010000 22 240
19.010000 23 240
19.010000 24 224
19.010000 25 224
19.010000 26 240
19.010000 27 240
20.010000 0 231
20.010000 1 227
20.010000 2 230
20.010000 3 211
20.010000 4 251
20.010000 5 251
20.010000 6 251
20.010000 7 203
20.010000 8 251
20.010000 9 209
20.010000 10 251
20.010000 11 251
20.010000 12 251
20.010000 13 251
20.010000 14 231
20.010000 15 251
20.010000 16 251
20.010000 17 191
20.010000 18 231
20.010000 19 230
20.010000 20 251
20.010000 21 227
20.010000 22 251
20.010000 23 251
20.010000 24 235
20.010000 25 235
20.010000 26 251
20.010000 27 251
21.010000 0 225
21.010000 1 223
21.010000 2 224
21.010000 3 205
21.010000 4 245
21.010000 5 245
21.010000 6 245
21.010000 7 201
21.010000 8 245
21.010000 9 205
21.010000 10 245
21.010000 11 245
21.010000 12 245
21.010000 13 245
21.010000 14 225
21.010000 15 245
21.010000 16 245
21.010000 17 185
21.010000 18 225
21.010000 19 224
21.010000 20 245
21.010000 21 223
21.010000 22 245
21.010000 23 245
21.010000 24 227
21.010000 25 227
21.010000 26 245
21.010000 27 245
22.010000 0 208
22.010000 1 206
22.010000 2 208
22.010000 3 190
22.010000 4 226
22.010000 5 226
22.010000 6 226
22.010000 7 185
22.010000 8 226
22.010000 9 190
22.010000 10 226
22.010000 11 226
22.010000 12 226
22.010000 13 226
22.010000 14 208
22.010000 15 226
22.010000 16 226
22.010000 17 172
22.010000 18 208
22.010000 19 208
22.010000 20 226
22.010000 21 206
22.010000 22 226
22.010000 23 226
22.010000 24 207
22.010000 25 208
22.010000 26 226
22.010000 27 226
23.010000 0 232
23.010000 1 230
23.010000 2 232
23.010000 3 212
23.010000 4 252
23.010000 5 252
23.010000 6 252
23.010000 7 208
23.010000 8 252
23.010000 9 212
23.010000 10 252
23.010000 11 252
23.010000 12 252
23.010000 13 252
23.010000 14 232
23.010000 15 252
23.010000 16 252
23.010000 17 192
23.010000 18 232
23.010000 19 232
23.010000 20 252
23.010000 21 230
23.010000 22 252
23.010000 23 252
23.010000 24 230
23.010000 25 230
23.010000 26 252
23.010000 27 252
24.010000 0 212
24.010000 1 212
24.010000 2 212
24.010000 3 192
24.010000 4 232
24.010000 5 232
24.010000 6 232
24.010000 7 192
24.010000 8 232
24.010000 9 192
24.010000 10 232
24.010000 11 232
24.010000 12 232
24.010000 13 232
24.010000 14 212
24.010000 15 232
24.010000 16 232
24.010000 17 172
24.010000 18 212
24.010000 19 212
24.010000 20 232
24.010000 21 212
24.010000 22 232
24.010000 23 232
24.010000 24 216
24.010000 25 216
24.010000 26 232
24.010000 27 232
25.010000 0 224
25.010000 1 224
25.010000 2 224
25.010000 3 204
25.010000 4 244
25.010000 5 244
25.010000 6 244
25.010000 7 204
25.010000 8 244
25.010000 9 204
25.010000 10 244
25.010000 11 244
25.010000 12 244
25.010000 13 244
25.010000 14 224
25.010000 15 244
25.010000 16 244
25.010000 17 184
25.010000 18 224
25.010000 19 224
25.010000 20 244
25.010000 21 224
25.010000 22 244
25.010000 23 244
25.010000 24 222
25.010000 25 222
25.010000 26 244
25.010000 27 244
26.010000 0 208
26.010000 1 210
26.010000 2 208
26.010000 3 188
26.010000 4 228
26.010000 5 228
26.010000 6 228
26.010000 7 192
26.010000 8 228
26.010000 9 188
26.010000 10 228
26.010000 11 228
26.010000 12 228
26.010000 13 228
26.010000 14 208
26.010000 15 228
26.010000 16 228
26.010000 17 168
26.010000 18 208
26.010000 19 208
26.010000 20 228
26.010000 21 210
26.010000 22 228
26.010000 23 228
26.010000 24 210
26.010000 25 210
26.010000 26 228
26.010000 27 228
27.010000 0 212
27.010000 1 214
27.010000 2 212
27.010000 3 192
27.010000 4 232
27.010000 5 232
27.010000 6 232
27.010000 7 196
27.010000 8 232
27.010000 9 192
27.010000 10 232
27.010000 11 232
27.010000 12 232
27.010000 13 232
27.010000 14 212
27.010000 15 232
27.010000 16 232
27.010000 17 172
27.010000 18 212
27.010000 19 212
27.010000 20 232
27.010000 21 214
27.010000 22 232
27.010000 23 232
27.010000 24 212
27.010000 25 212
27.010000 26 232
27.010000 27 232
28.010000 0 233
28.010000 1 233
28.010000 2 233
28.010000 3 211
28.010000 4 255
28.010000 5 255
28.010000 6 255
28.010000 7 211
28.010000 8 255
28.010000 9 211
28.010000 10 255
28.010000 11 255
28.010000 12 255
28.010000 13 255
28.010000 14 233
28.010000 15 255
28.010000 16 255
28.010000 17 189
28.010000 18 233
28.010000 19 233
28.010000 20 255
28.010000 21 234
28.010000 22 255
28.010000 23 255
28.010000 24 237
28.010000 25 237
28.010000 26 255
28.010000 27 255
29.010000 0 207
29.010000 1 207
29.010000 2 207
29.010000 3 189
29.010000 4 225
29.010000 5 225
29.010000 6 225
29.010000 7 189
29.010000 8 225
29.010000 9 189
29.010000 10 225
29.010000 11 225
29.010000 12 225
29.010000 13 225
29.010000 14 207
29.010000 15 225
29.010000 16 225
29.010000 17 171
29.010000 18 207
29.010000 19 207
29.010000 20 225
29.010000 21 206
29.010000 22 225
29.010000 23 225
29.010000 24 203
29.010000 25 203
29.010000 26 225
29.010000 27 225
30.010000 0 204
30.010000 1 200
30.010000 2 204
30.010000 3 188
30.010000 4 220
30.010000 5 220
30.010000 6 220
30.010000 7 180
30.010000 8 220
30.010000 9 188
30.010000 10 220
30.010000 11 220
30.010000 12 220
30.010000 13 220
30.010000 14 204
30.010000 15 220
30.010000 16 220
30.010000 17 172
30.010000 18 204
30.010000 19 204
30.010000 20 220
30.010000 21 200
30.010000 22 220
30.010000 23 220
30.010000 24 198
30.010000 25 198
30.010000 26 220
30.010000 27 220
31.010000 0 228
31.010000 1 226
31.010000 2 228
31.010000 3 208
31.010000 4 248
31.010000 5 248
31.010000 6 248
31.010000 7 204
31.010000 8 248
31.010000 9 208
31.010000 10 248
31.010000 11 248
31.010000 12 248
31.010000 13 248
31.010000 14 228
31.010000 15 248
31.010000 16 248
31.010000 17 188
31.010000 18 228
31.010000 19 228
31.010000 20 248
31.010000 21 226
31.010000 22 248
31.010000 23 248
31.010000 24 228
31.010000 25 228
31.010000 26 248
31.010000 27 248
32.010000 0 218
32.010000 1 216
32.010000 2 218
32.010000 3 200
32.010000 4 236
32.010000 5 236
32.010000 6 236
32.010000 7 196
32.010000 8 236
32.010000 9 200
32.010000 10 236
32.010000 11 236
32.010000 12 236
32.010000 13 236
32.010000 14 218
32.010000 15 236
32.010000 16 236
32.010000 17 182
32.010000 18 218
32.010000 19 218
32.010000 20 236
32.010000 21 216
32.010000 22 236
32.010000 23 236
32.010000 24 212
32.010000 25 212
32.010000 26 236
32.010000 27 236
33.010000 0 207
33.010000 1 199
33.010000 2 207
33.010000 3 191
33.010000 4 223
33.010000 5 223
33.010000 6 223
33.010000 7 178
33.010000 8 223
33.010000 9 191
33.010000 10 223
33.010000 11 223
33.010000 12 223
33.010000 13 223
33.010000 14 207
33.010000 15 223
33.010000 16 223
33.010000 17 175
33.010000 18 207
33.010000 19 207
33.010000 20 223
33.010000 21 201
33.010000 22 223
33.010000 23 223
33.010000 24 205
33.010000 25 205
33.010000 26 223
33.010000 27 223
34.010000 0 221
34.010000 1 221
34.010000 2 221
34.010000 3 201
34.010000 4 241
34.010000 5 241
34.010000 6 241
34.010000 7 198
34.010000 8 241
34.010000 9 201
34.010000 10 241
34.010000 11 241
34.010000 12 241
34.010000 13 241
34.010000 14 221
34.010000 15 241
34.010000 16 241
34.010000 17 181
34.010000 18 221
34.010000 19 221
34.010000 20 241
34.010000 21 219
34.010000 22 241
34.010000 23 241
34.010000 24 223
34.010000 25 223
34.010000 26 241
34.010000 27 241
35.010000 0 228
35.010000 1 223
35.010000 2 228
35.010000 3 209
35.010000 4 246
35.010000 5 246
35.010000 6 246
35.010000 7 202
35.010000 8 246
35.010000 9 210
35.010000 10 246
35.010000 11 246
35.010000 12 246
35.010000 13 246
35.010000 14 228
35.010000 15 246
35.010000 16 246
35.010000 17 191
35.010000 18 228
35.010000 19 228
35.010000 20 246
35.010000 21 224
35.010000 22 246
35.010000 23 246
35.010000 24 222
35.010000 25 222
35.010000 26 246
35.010000 27 246
36.010000 0 227
36.010000 1 223
36.010000 2 229
36.010000 3 207
36.010000 4 247
36.010000 5 247
36.010000 6 247
36.010000 7 199
36.010000 8 247
36.010000 9 210
36.010000 10 247
36.010000 11 247
36.010000 12 247
36.010000 13 247
36.010000 14 227
36.010000 15 247
36.010000 16 247
36.010000 17 187
36.010000 18 227
36.010000 19 229
36.010000 20 247
36.010000 21 223
36.010000 22 247
36.010000 23 247
36.010000 24 229
36.010000 25 229
36.010000 26 247
36.010000 27 247
37.010000 0 246
37.010000 1 246
37.010000 2 246
37.010000 3 224
37.010000 4 268
37.010000 5 268
37.010000 6 268
37.010000 7 224
37.010000 8 268
37.010000 9 224
37.010000 10 268
37.010000 11 268
37.010000 12 268
37.010000 13 268
37.010000 14 246
37.010000 15 268
37.010000 16 268
37.010000 17 202
37.010000 18 246
37.010000 19 246
37.010000 20 268
37.010000 21 246
37.010000 22 268
37.010000 23 268
37.010000 24 244
37.010000 25 244
37.010000 26 268
37.010000 27 268
38.010000 0 229
38.010000 1 229
38.010000 2 227
38.010000 3 209
38.010000 4 249
38.010000 5 249
38.010000 6 249
38.010000 7 209
38.010000 8 249
38.010000 9 206
38.010000 10 249
38.010000 11 249
38.010000 12 249
38.010000 13 249
38.010000 14 229
38.010000 15 249
38.010000 16 249
38.010000 17 189
38.010000 18 229
38.010000 19 227
38.010000 20 249
38.010000 21 229
38.010000 22 249
38.010000 23 249
38.010000 24 227
38.010000 25 227
38.010000 26 249
38.010000 27 249
39.010000 0 225
39.010000 1 224
39.010000 2 226
39.010000 3 205
39.010000 4 246
39.010000 5 246
39.010000 6 246
39.010000 7 202
39.010000 8 246
39.010000 9 206
39.010000 10 246
39.010000 11 246
39.010000 12 246
39.010000 13 246
39.010000 14 225
39.010000 15 246
39.010000 16 246
39.010000 17 184
39.010000 18 225
39.010000 19 226
39.010000 20 246
39.010000 21 224
39.010000 22 246
39.010000 23 246
39.010000 24 228
39.010000 25 228
39.010000 26 246
39.010000 27 246
40.010000 0 205
40.010000 1 202
40.010000 2 204
40.010000 3 187
40.010000 4 222
40.010000 5 222
40.010000 6 222
40.010000 7 182
40.010000 8 222
40.010000 9 186
40.010000 10 222
40.010000 11 222
40.010000 12 222
40.010000 13 222
40.010000 14 205
40.010000 15 222
40.010000 16 222
40.010000 17 170
40.010000 18 205
40.010000 19 204
40.010000 20 222
40.010000 21 202
40.010000 22 222
40.010000 23 222
40.010000 24 204
40.010000 25 204
40.010000 26 222
40.010000 27 222
41.010000 0 220
41.010000 1 220
41.010000 2 220
41.010000 3 200
41.010000 4 240
41.010000 5 240
41.010000 6 240
41.010000 7 200
41.010000 8 240
41.010000 9 200
41.010000 10 240
41.010000 11 240
41.010000 12 240
41.010000 13 240
41.010000 14 220
41.010000 15 240
41.010000 16 240
41.010000 17 180
41.010000 18 220
41.010000 19 220
41.010000 20 240
41.010000 21 220
41.010000 22 240
41.010000 23 240
41.010000 24 220
41.010000 25 220
41.010000 26 240
41.010000 27 240
42.010000 0 234
42.010000 1 234
42.010000 2 234
42.010000 3 212
42.010000 4 256
42.010000 5 256
42.010000 6 256
42.010000 7 212
42.010000 8 256
42.010000 9 212
42.010000 10 256
42.010000 11 256
42.010000 12 256
42.010000 13 256
42.010000 14 234
42.010000 15 256
42.010000 16 256
42.010000 17 190
42.010000 18 234
42.010000 19 234
42.010000 20 256
42.010000 21 234
42.010000 22 256
42.010000 23 256
42.010000 24 238
42.010000 25 238
42.010000 26 256
42.010000 27 256
43.010000 0 213
43.010000 1 217
43.010000 2 215
43.010000 3 191
43.010000 4 235
43.010000 5 235
43.010000 6 235
43.010000 7 199
43.010000 8 235
43.010000 9 194
43.010000 10 235
43.010000 11 235
43.010000 12 235
43.010000 13 235
43.010000 14 213
43.010000 15 235
43.010000 16 235
43.010000 17 169
43.010000 18 213
43.010000 19 215
43.010000 20 235
43.010000 21 217
43.010000 22 235
43.010000 23 235
43.010000 24 217
43.010000 25 217
43.010000 26 235
43.010000 27 235
44.010000 0 215
44.010000 1 213
44.010000 2 213
44.010000 3 197
44.010000 4 233
44.010000 5 233
44.010000 6 233
44.010000 7 193
44.010000 8 233
44.010000 9 194
44.010000 10 233
44.010000 11 233
44.010000 12 233
44.010000 13 233
44.010000 14 215
44.010000 15 233
44.010000 16 233
44.010000 17 179
44.010000 18 215
44.010000 19 213
44.010000 20 233
44.010000 21 213
44.010000 22 233
44.010000 23 233
44.010000 24 213
44.010000 25 213
44.010000 26 233
44.010000 27 233
45.010000 0 213
45.010000 1 211
45.010000 2 213
45.010000 3 195
45.010000 4 231
45.010000 5 231
45.010000 6 231
45.010000 7 191
45.010000 8 231
45.010000 9 195
45.010000 10 231
45.010000 11 231
45.010000 12 231
45.010000 13 231
45.010000 14 213
45.010000 15 231
45.010000 16 231
45.010000 17 177
45.010000 18 213
45.010000 19 213
45.010000 20 231
45.010000 21 211
45.010000 22 231
45.010000 23 231
45.010000 24 209
45.010000 25 210
45.010000 26 231
45.010000 27 231
46.010000 0 199
46.010000 1 199
46.010000 2 199
46.010000 3 181
46.010000 4 217
46.010000 5 217
46.010000 6 217
46.010000 7 181
46.010000 8 217
46.010000 9 181
46.010000 10 217
46.010000 11 217
46.010000 12 217
46.010000 13 217
46.010000 14 199
46.010000 15 217
46.010000 16 217
46.010000 17 163
46.010000 18 199
46.010000 19 199
46.010000 20 217
46.010000 21 199
46.010000 22 217
46.010000 23 217
46.010000 24 199
46.010000 25 198
46.010000 26 217
46.010000 27 217
47.010000 0 212
47.010000 1 212
47.010000 2 214
47.010000 3 194
47.010000 4 232
47.010000 5 232
47.010000 6 232
47.010000 7 192
47.010000 8 232
47.010000 9 196
47.010000 10 232
47.010000 11 232
47.010000 12 232
47.010000 13 232
47.010000 14 212
47.010000 15 232
47.010000 16 232
47.010000 17 174
47.010000 18 212
47.010000 19 214
47.010000 20 232
47.010000 21 212
47.010000 22 232
47.010000 23 232
47.010000 24 212
47.010000 25 212
47.010000 26 232
47.010000 27 232
48.010000 0 228
48.010000 1 228
48.010000 2 226
48.010000 3 206
48.010000 4 248
48.010000 5 248
48.010000 6 248
48.010000 7 208
48.010000 8 248
48.010000 9 204
48.010000 10 248
48.010000 11 248
48.010000 12 248
48.010000 13 248
48.010000 14 228
48.010000 15 248
48.010000 16 248
48.010000 17 186
48.010000 18 228
48.010000 19 226
48.010000 20 248
48.010000 21 228
48.010000 22 248
48.010000 23 248
48.010000 24 228
48.010000 25 228
48.010000 26 248
48.010000 27 248
49.010000 0 223
49.010000 1 223
49.010000 2 223
49.010000 3 203
49.010000 4 243
49.010000 5 243
49.010000 6 243
49.010000 7 203
49.010000 8 243
49.010000 9 203
49.010000 10 243
49.010000 11 243
49.010000 12 243
49.010000 13 243
49.010000 14 223
49.010000 15 243
49.010000 16 243
49.010000 17 183
49.010000 18 223
49.010000 19 223
49.010000 20 243
49.010000 21 223
49.010000 22 243
49.010000 23 243
49.010000 24 221
49.010000 25 222
49.010000 26 243
49.010000 27 243
50.010000 0 221
50.010000 1 221
50.010000 2 221
50.010000 3 201
50.010000 4 241
50.010000 5 241
50.010000 6 241
50.010000 7 201
50.010000 8 241
50.010000 9 201
50.010000 10 241
50.010000 11 241
50.010000 12 241
50.010000 13 241
50.010000 14 221
50.010000 15 241
50.010000 16 241
50.010000 17 181
50.010000 18 221
50.010000 19 221
50.010000 20 241
50.010000 21 221
50.010000 22 241
50.010000 23 241
50.010000 24 221
50.010000 25 220
50.010000 26 241
50.010000 27 241
51.010000 0 241
51.010000 1 245
51.010000 2 243
51.010000 3 217
51.010000 4 265
51.010000 5 265
51.010000 6 265
51.010000 7 225
51.010000 8 265
51.010000 9 218
51.010000 10 265
51.010000 11 265
51.010000 12 265
51.010000 13 265
51.010000 14 241
51.010000 15 265
51.010000 16 265
51.010000 17 193
51.010000 18 241
51.010000 19 243
51.010000 20 265
51.010000 21 245
51.010000 22 265
51.010000 23 265
51.010000 24 243
51.010000 25 243
51.010000 26 265
51.010000 27 265
52.010000 0 223
52.010000 1 223
52.010000 2 221
52.010000 3 203
52.010000 4 243
52.010000 5 243
52.010000 6 243
52.010000 7 203
52.010000 8 243
52.010000 9 202
52.010000 10 243
52.010000 11 243
52.010000 12 243
52.010000 13 243
52.010000 14 223
52.010000 15 243
52.010000 16 243
52.010000 17 183
52.010000 18 223
52.010000 19 221
52.010000 20 243
52.010000 21 223
52.010000 22 243
52.010000 23 243
52.010000 24 223
52.010000 25 223
52.010000 26 243
52.010000 27 243
53.010000 0 233
53.010000 1 243
53.010000 2 235
53.010000 3 207
53.010000 4 259
53.010000 5 259
53.010000 6 259
53.010000 7 227
53.010000 8 259
53.010000 9 210
53.010000 10 259
53.010000 11 259
53.010000 12 259
53.010000 13 259
53.010000 14 233
53.010000 15 259
53.010000 16 259
53.010000 17 181
53.010000 18 233
53.010000 19 235
53.010000 20 259
53.010000 21 243
53.010000 22 259
53.010000 23 259
53.010000 24 237
53.010000 25 237
53.010000 26 259
53.010000 27 259
54.010000 0 225
54.010000 1 225
54.010000 2 223
54.010000 3 205
54.010000 4 245
54.010000 5 245
54.010000 6 245
54.010000 7 205
54.010000 8 245
54.010000 9 202
54.010000 10 245
54.010000 11 245
54.010000 12 245
54.010000 13 245
54.010000 14 225
54.010000 15 245
54.010000 16 245
54.010000 17 185
54.010000 18 225
54.010000 19 223
54.010000 20 245
54.010000 21 225
54.010000 22 245
54.010000 23 245
54.010000 24 225
54.010000 25 225
54.010000 26 245
54.010000 27 245
55.010000 0 230
55.010000 1 234
55.010000 2 230
55.010000 3 208
55.010000 4 252
55.010000 5 252
55.010000 6 252
55.010000 7 216
55.010000 8 252
55.010000 9 208
55.010000 10 252
55.010000 11 252
55.010000 12 252
55.010000 13 252
55.010000 14 230
55.010000 15 252
55.010000 16 252
55.010000 17 186
55.010000 18 230
55.010000 19 230
55.010000 20 252
55.010000 21 234
55.010000 22 252
55.010000 23 252
55.010000 24 228
55.010000 25 228
55.010000 26 252
55.010000 27 252
56.010000 0 202
56.010000 1 202
56.010000 2 202
56.010000 3 184
56.010000 4 220
56.010000 5 220
56.010000 6 220
56.010000 7 184
56.010000 8 220
56.010000 9 184
56.010000 10 220
56.010000 11 220
56.010000 12 220
56.010000 13 220
56.010000 14 202
56.010000 15 220
56.010000 16 220
56.010000 17 166
56.010000 18 202
56.010000 19 202
56.010000 20 220
56.010000 21 202
56.010000 22 220
56.010000 23 220
56.010000 24 200
56.010000 25 200
56.010000 26 220
56.010000 27 220
57.010000 0 223
57.010000 1 221
57.010000 2 225
57.010000 3 203
57.010000 4 243
57.010000 5 243
57.010000 6 243
57.010000 7 199
57.010000 8 243
57.010000 9 206
57.010000 10 243
57.010000 11 243
57.010000 12 243
57.010000 13 243
57.010000 14 223
57.010000 15 243
57.010000 16 243
57.010000 17 183
57.010000 18 223
57.010000 19 225
57.010000 20 243
57.010000 21 221
57.010000 22 243
57.010000 23 243
57.010000 24 223
57.010000 25 223
57.010000 26 243
57.010000 27 243
58.010000 0 189
58.010000 1 189
58.010000 2 187
58.010000 3 173
58.010000 4 205
58.010000 5 205
58.010000 6 205
58.010000 7 173
58.010000 8 205
58.010000 9 170
58.010000 10 205
58.010000 11 205
58.010000 12 205
58.010000 13 205
58.010000 14 189
58.010000 15 205
58.010000 16 205
58.010000 17 157
58.010000 18 189
58.010000 19 187
58.010000 20 205
58.010000 21 189
58.010000 22 205
58.010000 23 205
58.010000 24 185
58.010000 25 185
58.010000 26 205
58.010000 27 205
59.010000 0 216
59.010000 1 216
59.010000 2 216
59.010000 3 196
59.010000 4 236
59.010000 5 236
59.010000 6 236
59.010000 7 196
59.010000 8 236
59.010000 9 196
59.010000 10 236
59.010000 11 236
59.010000 12 236
59.010000 13 236
59.010000 14 216
59.010000 15 236
59.010000 16 236
59.010000 17 176
59.010000 18 216
59.010000 19 216
59.010000 20 236
59.010000 21 216
59.010000 22 236
59.010000 23 236
59.010000 24 218
59.010000 25 218
59.010000 26 236
59.010000 27 236
60.010000 0 228
60.010000 1 228
60.010000 2 228
60.010000 3 208
60.010000 4 248
60.010000 5 248
60.010000 6 248
60.010000 7 208
60.010000 8 248
60.010000 9 208
60.010000 10 248
60.010000 11 248
60.010000 12 248
60.010000 13 248
60.010000 14 228
60.010000 15 248
60.010000 16 248
60.010000 17 188
60.010000 18 228
60.010000 19 228
60.010000 20 248
60.010000 21 228
60.010000 22 248
60.010000 23 248
60.010000 24 224
60.010000 25 224
60.010000 26 248
60.010000 27 248
61.010000 0 211
61.010000 1 213
61.010000 2 211
61.010000 3 191
61.010000 4 231
61.010000 5 231
61.010000 6 231
61.010000 7 195
61.010000 8 231
61.010000 9 191
61.010000 10 231
61.010000 11 231
61.010000 12 231
61.010000 13 231
61.010000 14 211
61.010000 15 231
61.010000 16 231
61.010000 17 171
61.010000 18 211
61.010000 19 211
61.010000 20 231
61.010000 21 213
61.010000 22 231
61.010000 23 231
61.010000 24 211
61.010000 25 212
61.010000 26 231
61.010000 27 231
62.010000 0 206
62.010000 1 212
62.010000 2 208
62.010000 3 184
62.010000 4 228
62.010000 5 228
62.010000 6 228
62.010000 7 196
62.010000 8 228
62.010000 9 187
62.010000 10 228
62.010000 11 228
62.010000 12 228
62.010000 13 228
62.010000 14 206
62.010000 15 228
62.010000 16 228
62.010000 17 162
62.010000 18 206
62.010000 19 208
62.010000 20 228
62.010000 21 212
62.010000 22 228
62.010000 23 228
62.010000 24 210
62.010000 25 209
62.010000 26 228
62.010000 27 228
63.010000 0 245
63.010000 1 243
63.010000 2 243
63.010000 3 225
63.010000 4 265
63.010000 5 265
63.010000 6 265
63.010000 7 221
63.010000 8 265
63.010000 9 222
63.010000 10 265
63.010000 11 265
63.010000 12 265
63.010000 13 265
63.010000 14 245
63.010000 15 265
63.010000 16 265
63.010000 17 205
63.010000 18 245
63.010000 19 243
63.010000 20 265
63.010000 21 243
63.010000 22 265
63.010000 23 265
63.010000 24 239
63.010000 25 239
63.010000 26 265
63.010000 27 265
64.010000 0 232
64.010000 1 230
64.010000 2 232
64.010000 3 212
64.010000 4 252
64.010000 5 252
64.010000 6 252
64.010000 7 208
64.010000 8 252
64.010000 9 212
64.010000 10 252
64.010000 11 252
64.010000 12 252
64.010000 13 252
64.010000 14 232
64.010000 15 252
64.010000 16 252
64.010000 17 192
64.010000 18 232
64.010000 19 232
64.010000 20 252
64.010000 21 230
64.010000 22 252
64.010000 23 252
64.010000 24 230
64.010000 25 230
64.010000 26 252
64.010000 27 252
65.010000 0 224
65.010000 1 222
65.010000 2 224
65.010000 3 204
65.010000 4 244
65.010000 5 244
65.010000 6 244
65.010000 7 200
65.010000 8 244
65.010000 9 204
65.010000 10 244
65.010000 11 244
65.010000 12 244
65.010000 13 244
65.010000 14 224
65.010000 15 244
65.010000 16 244
65.010000 17 184
65.010000 18 224
65.010000 19 224
65.010000 20 244
65.010000 21 222
65.010000 22 244
65.010000 23 244
65.010000 24 226
65.010000 25 226
65.010000 26 244
65.010000 27 244
66.010000 0 223
66.010000 1 221
66.010000 2 223
66.010000 3 203
66.010000 4 243
66.010000 5 243
66.010000 6 243
66.010000 7 202
66.010000 8 243
66.010000 9 203
66.010000 10 243
66.010000 11 243
66.010000 12 243
66.010000 13 243
66.010000 14 223
66.010000 15 243
66.010000 16 243
66.010000 17 183
66.010000 18 223
66.010000 19 223
66.010000 20 243
66.010000 21 223
66.010000 22 243
66.010000 23 243
66.010000 24 223
66.010000 25 223
66.010000 26 243
66.010000 27 243
67.010000 0 227
67.010000 1 233
67.010000 2 227
67.010000 3 205
67.010000 4 249
67.010000 5 249
67.010000 6 249
67.010000 7 214
67.010000 8 249
67.010000 9 205
67.010000 10 249
67.010000 11 249
67.010000 12 249
67.010000 13 249
67.010000 14 227
67.010000 15 249
67.010000 16 249
67.010000 17 183
67.010000 18 227
67.010000 19 227
67.010000 20 249
67.010000 21 231
67.010000 22 249
67.010000 23 249
67.010000 24 225
67.010000 25 225
67.010000 26 249
67.010000 27 249
68.010000 0 216
68.010000 1 218
68.010000 2 216
68.010000 3 196
68.010000 4 236
68.010000 5 236
68.010000 6 236
68.010000 7 200
68.010000 8 236
68.010000 9 196
68.010000 10 236
68.010000 11 236
68.010000 12 236
68.010000 13 236
68.010000 14 216
68.010000 15 236
68.010000 16 236
68.010000 17 176
68.010000 18 216
68.010000 19 216
68.010000 20 236
68.010000 21 218
68.010000 22 236
68.010000 23 236
68.010000 24 214
68.010000 25 214
68.010000 26 236
68.010000 27 236
69.010000 0 220
69.010000 1 220
69.010000 2 220
69.010000 3 200
69.010000 4 240
69.010000 5 240
69.010000 6 240
69.010000 7 200
69.010000 8 240
69.010000 9 200
69.010000 10 240
69.010000 11 240
69.010000 12 240
69.010000 13 240
69.010000 14 220
69.010000 15 240
69.010000 16 240
69.010000 17 180
69.010000 18 220
69.010000 19 220
69.010000 20 240
69.010000 21 220
69.010000 22 240
69.010000 23 240
69.010000 24 220
69.010000 25 220
69.010000 26 240
69.010000 27 240
70.010000 0 221
70.010000 1 223
70.010000 2 221
70.010000 3 199
70.010000 4 243
70.010000 5 243
70.010000 6 243
70.010000 7 206
70.010000 8 243
70.010000 9 199
70.010000 10 243
70.010000 11 243
70.010000 12 243
70.010000 13 243
70.010000 14 221
70.010000 15 243
70.010000 16 243
70.010000 17 177
70.010000 18 221
70.010000 19 221
70.010000 20 243
70.010000 21 225
70.010000 22 243
70.010000 23 243
70.010000 24 225
70.010000 25 225
70.010000 26 243
70.010000 27 243
71.010000 0 225
71.010000 1 225
71.010000 2 225
71.010000 3 205
71.010000 4 245
71.010000 5 245
71.010000 6 245
71.010000 7 202
71.010000 8 245
71.010000 9 205
71.010000 10 245
71.010000 11 245
71.010000 12 245
71.010000 13 245
71.010000 14 225
71.010000 15 245
71.010000 16 245
71.010000 17 185
71.010000 18 225
71.010000 19 225
71.010000 20 245
71.010000 21 223
71.010000 22 245
71.010000 23 245
71.010000 24 225
71.010000 25 225
71.010000 26 245
71.010000 27 245
72.010000 0 214
72.010000 1 212
72.010000 2 214
72.010000 3 196
72.010000 4 232
72.010000 5 232
72.010000 6 232
72.010000 7 192
72.010000 8 232
72.010000 9 196
72.010000 10 232
72.010000 11 232
72.010000 12 232
72.010000 13 232
72.010000 14 214
72.010000 15 232
72.010000 16 232
72.010000 17 178
72.010000 18 214
72.010000 19 214
72.010000 20 232
72.010000 21 212
72.010000 22 232
72.010000 23 232
72.010000 24 210
72.010000 25 210
72.010000 26 232
72.010000 27 232
73.010000 0 238
73.010000 1 238
73.010000 2 238
73.010000 3 216
73.010000 4 260
73.010000 5 260
73.010000 6 260
73.010000 7 216
73.010000 8 260
73.010000 9 216
73.010000 10 260
73.010000 11 260
73.010000 12 260
73.010000 13 260
73.010000 14 238
73.010000 15 260
73.010000 16 260
73.010000 17 194
73.010000 18 238
73.010000 19 238
73.010000 20 260
73.010000 21 238
73.010000 22 260
73.010000 23 260
73.010000 24 240
73.010000 25 240
73.010000 26 260
73.010000 27 260
74.010000 0 235
74.010000 1 233
74.010000 2 236
74.010000 3 215
74.010000 4 255
74.010000 5 255
74.010000 6 255
74.010000 7 211
74.010000 8 255
74.010000 9 215
74.010000 10 255
74.010000 11 255
74.010000 12 255
74.010000 13 255
74.010000 14 235
74.010000 15 255
74.010000 16 255
74.010000 17 195
74.010000 18 235
74.010000 19 236
74.010000 20 255
74.010000 21 233
74.010000 22 255
74.010000 23 255
74.010000 24 231
74.010000 25 231
74.010000 26 255
74.010000 27 255
75.010000 0 204
75.010000 1 202
75.010000 2 205
75.010000 3 187
75.010000 4 222
75.010000 5 222
75.010000 6 222
75.010000 7 182
75.010000 8 222
75.010000 9 190
75.010000 10 222
75.010000 11 222
75.010000 12 222
75.010000 13 222
75.010000 14 204
75.010000 15 222
75.010000 16 222
75.010000 17 169
75.010000 18 204
75.010000 19 205
75.010000 20 222
75.010000 21 202
75.010000 22 222
75.010000 23 222
75.010000 24 202
75.010000 25 202
75.010000 26 222
75.010000 27 222
76.010000 0 228
76.010000 1 222
76.010000 2 226
76.010000 3 209
76.010000 4 246
76.010000 5 246
76.010000 6 246
76.010000 7 198
76.010000 8 246
76.010000 9 206
76.010000 10 246
76.010000 11 246
76.010000 12 246
76.010000 13 246
76.010000 14 228
76.010000 15 246
76.010000 16 246
76.010000 17 191
76.010000 18 228
76.010000 19 226
76.010000 20 246
76.010000 21 223
76.010000 22 246
76.010000 23 246
76.010000 24 228
76.010000 25 228
76.010000 26 246
76.010000 27 246
77.010000 0 226
77.010000 1 232
77.010000 2 228
77.010000 3 201
77.010000 4 250
77.010000 5 250
77.010000 6 250
77.010000 7 213
77.010000 8 250
77.010000 9 205
77.010000 10 250
77.010000 11 250
77.010000 12 250
77.010000 13 250
77.010000 14 226
77.010000 15 250
77.010000 16 250
77.010000 17 177
77.010000 18 226
77.010000 19 228
77.010000 20 250
77.010000 21 231
77.010000 22 250
77.010000 23 250
77.010000 24 232
77.010000 25 232
77.010000 26 250
77.010000 27 250
78.010000 0 229
78.010000 1 227
78.010000 2 227
78.010000 3 209
78.010000 4 249
78.010000 5 249
78.010000 6 249
78.010000 7 205
78.010000 8 249
78.010000 9 206
78.010000 10 249
78.010000 11 249
78.010000 12 249
78.010000 13 249
78.010000 14 229
78.010000 15 249
78.010000 16 249
78.010000 17 189
78.010000 18 229
78.010000 19 227
78.010000 20 249
78.010000 21 227
78.010000 22 249
78.010000 23 249
78.010000 24 231
78.010000 25 231
78.010000 26 249
78.010000 27 249
79.010000 0 227
79.010000 1 229
79.010000 2 229
79.010000 3 205
79.010000 4 249
79.010000 5 249
79.010000 6 249
79.010000 7 209
79.010000 8 249
79.010000 9 206
79.010000 10 249
79.010000 11 249
79.010000 12 249
79.010000 13 249
79.010000 14 227
79.010000 15 249
79.010000 16 249
79.010000 17 183
79.010000 18 227
79.010000 19 229
79.010000 20 249
79.010000 21 229
79.010000 22 249
79.010000 23 249
79.010000 24 229
79.010000 25 229
79.010000 26 249
79.010000 27 249
80.010000 0 237
80.010000 1 237
80.010000 2 235
80.010000 3 215
80.010000 4 259
80.010000 5 259
80.010000 6 259
80.010000 7 215
80.010000 8 259
80.010000 9 214
80.010000 10 259
80.010000 11 259
80.010000 12 259
80.010000 13 259
80.010000 14 237
80.010000 15 259
80.010000 16 259
80.010000 17 193
80.010000 18 237
80.010000 19 235
80.010000 20 259
80.010000 21 237
80.010000 22 259
80.010000 23 259
80.010000 24 241
80.010000 25 241
80.010000 26 259
80.010000 27 259
81.010000 0 216
81.010000 1 216
81.010000 2 216
81.010000 3 196
81.010000 4 236
81.010000 5 236
81.010000 6 236
81.010000 7 196
81.010000 8 236
81.010000 9 196
81.010000 10 236
81.010000 11 236
81.010000 12 236
81.010000 13 236
81.010000 14 216
81.010000 15 236
81.010000 16 236
81.010000 17 176
81.010000 18 216
81.010000 19 216
81.010000 20 236
81.010000 21 216
81.010000 22 236
81.010000 23 236
81.010000 24 218
81.010000 25 218
81.010000 26 236
81.010000 27 236
82.010000 0 199
82.010000 1 199
82.010000 2 199
82.010000 3 181
82.010000 4 217
82.010000 5 217
82.010000 6 217
82.010000 7 182
82.010000 8 217
82.010000 9 181
82.010000 10 217
82.010000 11 217
82.010000 12 217
82.010000 13 217
82.010000 14 199
82.010000 15 217
82.010000 16 217
82.010000 17 163
82.010000 18 199
82.010000 19 199
82.010000 20 217
82.010000 21 201
82.010000 22 217
82.010000 23 217
82.010000 24 197
82.010000 25 197
82.010000 26 217
82.010000 27 217
83.010000 0 188
83.010000 1 190
83.010000 2 188
83.010000 3 170
83.010000 4 206
83.010000 5 206
83.010000 6 206
83.010000 7 173
83.010000 8 206
83.010000 9 170
83.010000 10 206
83.010000 11 206
83.010000 12 206
83.010000 13 206
83.010000 14 188
83.010000 15 206
83.010000 16 206
83.010000 17 152
83.010000 18 188
83.010000 19 188
83.010000 20 206
83.010000 21 189
83.010000 22 206
83.010000 23 206
83.010000 24 190
83.010000 25 190
83.010000 26 206
83.010000 27 206
84.010000 0 222
84.010000 1 226
84.010000 2 223
84.010000 3 200
84.010000 4 244
84.010000 5 244
84.010000 6 244
84.010000 7 208
84.010000 8 244
84.010000 9 200
84.010000 10 244
84.010000 11 244
84.010000 12 244
84.010000 13 244
84.010000 14 222
84.010000 15 244
84.010000 16 244
84.010000 17 178
84.010000 18 222
84.010000 19 223
84.010000 20 244
84.010000 21 225
84.010000 22 244
84.010000 23 244
84.010000 24 224
84.010000 25 224
84.010000 26 244
84.010000 27 244
85.010000 0 213
85.010000 1 207
85.010000 2 212
85.010000 3 197
85.010000 4 229
85.010000 5 229
85.010000 6 229
85.010000 7 185
85.010000 8 229
85.010000 9 197
85.010000 10 229
85.010000 11 229
85.010000 12 229
85.010000 13 229
85.010000 14 213
85.010000 15 229
85.010000 16 229
85.010000 17 181
85.010000 18 213
85.010000 19 212
85.010000 20 229
85.010000 21 207
85.010000 22 229
85.010000 23 229
85.010000 24 207
85.010000 25 207
85.010000 26 229
85.010000 27 229
86.010000 0 221
86.010000 1 225
86.010000 2 221
86.010000 3 199
86.010000 4 243
86.010000 5 243
86.010000 6 243
86.010000 7 207
86.010000 8 243
86.010000 9 199
86.010000 10 243
86.010000 11 243
86.010000 12 243
86.010000 13 243
86.010000 14 221
86.010000 15 243
86.010000 16 243
86.010000 17 177
86.010000 18 221
86.010000 19 221
86.010000 20 243
86.010000 21 225
86.010000 22 243
86.010000 23 243
86.010000 24 223
86.010000 25 224
86.010000 26 243
86.010000 27 243
87.010000 0 220
87.010000 1 220
87.010000 2 220
87.010000 3 200
87.010000 4 240
87.010000 5 240
87.010000 6 240
87.010000 7 200
87.010000 8 240
87.010000 9 200
87.010000 10 240
87.010000 11 240
87.010000 12 240
87.010000 13 240
87.010000 14 220
87.010000 15 240
87.010000 16 240
87.010000 17 180
87.010000 18 220
87.010000 19 220
87.010000 20 240
87.010000 21 221
87.010000 22 240
87.010000 23 240
87.010000 24 220
87.010000 25 219
87.010000 26 240
87.010000 27 240
88.010000 0 232
88.010000 1 228
88.010000 2 234
88.010000 3 215
88.010000 4 252
88.010000 5 252
88.010000 6 252
88.010000 7 204
88.010000 8 252
88.010000 9 216
88.010000 10 252
88.010000 11 252
88.010000 12 252
88.010000 13 252
88.010000 14 232
88.010000 15 252
88.010000 16 252
88.010000 17 195
88.010000 18 232
88.010000 19 234
88.010000 20 252
88.010000 21 227
88.010000 22 252
88.010000 23 252
88.010000 24 230
88.010000 25 230
88.010000 26 252
88.010000 27 252
89.010000 0 249
89.010000 1 253
89.010000 2 247
89.010000 3 222
89.010000 4 273
89.010000 5 273
89.010000 6 273
89.010000 7 233
89.010000 8 273
89.010000 9 221
89.010000 10 273
89.010000 11 273
89.010000 12 273
89.010000 13 273
89.010000 14 249
89.010000 15 273
89.010000 16 273
89.010000 17 198
89.010000 18 249
89.010000 19 247
89.010000 20 273
89.010000 21 253
89.010000 22 273
89.010000 23 273
89.010000 24 253
89.010000 25 253
89.010000 26 273
89.010000 27 273
90.010000 0 205
90.010000 1 203
90.010000 2 205
90.010000 3 187
90.010000 4 223
90.010000 5 223
90.010000 6 223
90.010000 7 183
90.010000 8 223
90.010000 9 187
90.010000 10 223
90.010000 11 223
90.010000 12 223
90.010000 13 223
90.010000 14 205
90.010000 15 223
90.010000 16 223
90.010000 17 169
90.010000 18 205
90.010000 19 205
90.010000 20 223
90.010000 21 204
90.010000 22 223
90.010000 23 223
90.010000 24 205
90.010000 25 205
90.010000 26 223
90.010000 27 223
91.010000 0 200
91.010000 1 202
91.010000 2 202
91.010000 3 180
91.010000 4 220
91.010000 5 220
91.010000 6 220
91.010000 7 184
91.010000 8 220
91.010000 9 183
91.010000 10 220
91.010000 11 220
91.010000 12 220
91.010000 13 220
91.010000 14 200
91.010000 15 220
91.010000 16 220
91.010000 17 160
91.010000 18 200
91.010000 19 202
91.010000 20 220
91.010000 21 201
91.010000 22 220
91.010000 23 220
91.010000 24 204
91.010000 25 204
91.010000 26 220
91.010000 27 220
92.010000 0 241
92.010000 1 237
92.010000 2 239
92.010000 3 221
92.010000 4 261
92.010000 5 261
92.010000 6 261
92.010000 7 213
92.010000 8 261
92.010000 9 218
92.010000 10 261
92.010000 11 261
92.010000 12 261
92.010000 13 261
92.010000 14 241
92.010000 15 261
92.010000 16 261
92.010000 17 201
92.010000 18 241
92.010000 19 239
92.010000 20 261
92.010000 21 237
92.010000 22 261
92.010000 23 261
92.010000 24 241
92.010000 25 241
92.010000 26 261
92.010000 27 261
93.010000 0 226
93.010000 1 221
93.010000 2 227
93.010000 3 209
93.010000 4 245
93.010000 5 245
93.010000 6 245
93.010000 7 197
93.010000 8 245
93.010000 9 209
93.010000 10 245
93.010000 11 245
93.010000 12 245
93.010000 13 245
93.010000 14 226
93.010000 15 245
93.010000 16 245
93.010000 17 190
93.010000 18 226
93.010000 19 227
93.010000 20 245
93.010000 21 221
93.010000 22 245
93.010000 23 245
93.010000 24 225
93.010000 25 225
93.010000 26 245
93.010000 27 245
94.010000 0 221
94.010000 1 222
94.010000 2 222
94.010000 3 198
94.010000 4 242
94.010000 5 242
94.010000 6 242
94.010000 7 202
94.010000 8 242
94.010000 9 201
94.010000 10 242
94.010000 11 242
94.010000 12 242
94.010000 13 242
94.010000 14 221
94.010000 15 242
94.010000 16 242
94.010000 17 177
94.010000 18 221
94.010000 19 222
94.010000 20 242
94.010000 21 222
94.010000 22 242
94.010000 23 242
94.010000 24 224
94.010000 25 224
94.010000 26 242
94.010000 27 242
95.010000 0 215
95.010000 1 213
95.010000 2 213
95.010000 3 197
95.010000 4 233
95.010000 5 233
95.010000 6 233
95.010000 7 193
95.010000 8 233
95.010000 9 194
95.010000 10 233
95.010000 11 233
95.010000 12 233
95.010000 13 233
95.010000 14 215
95.010000 15 233
95.010000 16 233
95.010000 17 179
95.010000 18 215
95.010000 19 213
95.010000 20 233
95.010000 21 213
95.010000 22 233
95.010000 23 233
95.010000 24 213
95.010000 25 213
95.010000 26 233
95.010000 27 233
96.010000 0 210
96.010000 1 208
96.010000 2 210
96.010000 3 192
96.010000 4 228
96.010000 5 228
96.010000 6 228
96.010000 7 188
96.010000 8 228
96.010000 9 192
96.010000 10 228
96.010000 11 228
96.010000 12 228
96.010000 13 228
96.010000 14 210
96.010000 15 228
96.010000 16 228
96.010000 17 174
96.010000 18 210
96.010000 19 210
96.010000 20 228
96.010000 21 208
96.010000 22 228
96.010000 23 228
96.010000 24 208
96.010000 25 208
96.010000 26 228
96.010000 27 228
97.010000 0 234
97.010000 1 236
97.010000 2 234
97.010000 3 212
97.010000 4 256
97.010000 5 256
97.010000 6 256
97.010000 7 216
97.010000 8 256
97.010000 9 212
97.010000 10 256
97.010000 11 256
97.010000 12 256
97.010000 13 256
97.010000 14 234
97.010000 15 256
97.010000 16 256
97.010000 17 190
97.010000 18 234
97.010000 19 234
97.010000 20 256
97.010000 21 236
97.010000 22 256
97.010000 23 256
97.010000 24 234
97.010000 25 234
97.010000 26 256
97.010000 27 256
98.010000 0 219
98.010000 1 225
98.010000 2 221
98.010000 3 198
98.010000 4 243
98.010000 5 243
98.010000 6 243
98.010000 7 207
98.010000 8 243
98.010000 9 199
98.010000 10 243
98.010000 11 243
98.010000 12 243
98.010000 13 243
98.010000 14 219
98.010000 15 243
98.010000 16 243
98.010000 17 174
98.010000 18 219
98.010000 19 221
98.010000 20 243
98.010000 21 225
98.010000 22 243
98.010000 23 243
98.010000 24 225
98.010000 25 225
98.010000 26 243
98.010000 27 243
99.010000 0 239
99.010000 1 235
99.010000 2 237
99.010000 3 218
99.010000 4 257
99.010000 5 257
99.010000 6 257
99.010000 7 211
99.010000 8 257
99.010000 9 217
99.010000 10 257
99.010000 11 257
99.010000 12 257
99.010000 13 257
99.010000 14 239
99.010000 15 257
99.010000 16 257
99.010000 17 200
99.010000 18 239
99.010000 19 237
99.010000 20 257
99.010000 21 235
99.010000 22 257
99.010000 23 257
99.010000 24 231
99.010000 25 233
99.010000 26 257
99.010000 27 257
100.010000 0 219
100.010000 1 221
100.010000 2 219
100.010000 3 199
100.010000 4 239
100.010000 5 239
100.010000 6 239
100.010000 7 203
100.010000 8 239
100.010000 9 199
100.010000 10 239
100.010000 11 239
100.010000 12 239
100.010000 13 239
100.010000 14 219
100.010000 15 239
100.010000 16 239
100.010000 17 179
100.010000 18 219
100.010000 19 219
100.010000 20 239
100.010000 21 221
100.010000 22 239
100.010000 23 239
100.010000 24 215
100.010000 25 216
100.010000 26 239
100.010000 27 239
101.010000 0 215
101.010000 1 215
101.010000 2 215
101.010000 3 195
101.010000 4 235
101.010000 5 235
101.010000 6 235
101.010000 7 195
101.010000 8 235
101.010000 9 195
101.010000 10 235
101.010000 11 235
101.010000 12 235
101.010000 13 235
101.010000 14 215
101.010000 15 235
101.010000 16 235
101.010000 17 175
101.010000 18 215
101.010000 19 215
101.010000 20 235
101.010000 21 215
101.010000 22 235
101.010000 23 235
101.010000 24 218
101.010000 25 217
101.010000 26 235
101.010000 27 235
102.010000 0 212
102.010000 1 210
102.010000 2 212
102.010000 3 194
102.010000 4 230
102.010000 5 230
102.010000 6 230
102.010000 7 190
102.010000 8 230
102.010000 9 194
102.010000 10 230
102.010000 11 230
102.010000 12 230
102.010000 13 230
102.010000 14 212
102.010000 15 230
102.010000 16 230
102.010000 17 176
102.010000 18 212
102.010000 19 212
102.010000 20 230
102.010000 21 210
102.010000 22 230
102.010000 23 230
102.010000 24 209
102.010000 25 209
102.010000 26 230
102.010000 27 230
103.010000 0 208
103.010000 1 212
103.010000 2 208
103.010000 3 188
103.010000 4 228
103.010000 5 228
103.010000 6 228
103.010000 7 196
103.010000 8 228
103.010000 9 188
103.010000 10 228
103.010000 11 228
103.010000 12 228
103.010000 13 228
103.010000 14 208
103.010000 15 228
103.010000 16 228
103.010000 17 168
103.010000 18 208
103.010000 19 208
103.010000 20 228
103.010000 21 212
103.010000 22 228
103.010000 23 228
103.010000 24 206
103.010000 25 206
103.010000 26 228
103.010000 27 228
104.010000 0 216
104.010000 1 216
104.010000 2 216
104.010000 3 196
104.010000 4 236
104.010000 5 236
104.010000 6 236
104.010000 7 196
104.010000 8 236
104.010000 9 196
104.010000 10 236
104.010000 11 236
104.010000 12 236
104.010000 13 236
104.010000 14 216
104.010000 15 236
104.010000 16 236
104.010000 17 176
104.010000 18 216
104.010000 19 216
104.010000 20 236
104.010000 21 216
104.010000 22 236
104.010000 23 236
104.010000 24 218
104.010000 25 218
104.010000 26 236
104.010000 27 236
105.010000 0 214
105.010000 1 210
105.010000 2 216
105.010000 3 200
105.010000 4 232
105.010000 5 232
105.010000 6 232
105.010000 7 188
105.010000 8 232
105.010000 9 200
105.010000 10 232
105.010000 11 232
105.010000 12 232
105.010000 13 232
105.010000 14 214
105.010000 15 232
105.010000 16 232
105.010000 17 182
105.010000 18 214
105.010000 19 216
105.010000 20 232
105.010000 21 210
105.010000 22 232
105.010000 23 232
105.010000 24 208
105.010000 25 210
105.010000 26 232
105.010000 27 232
106.010000 0 226
106.010000 1 228
106.010000 2 226
106.010000 3 204
106.010000 4 248
106.010000 5 248
106.010000 6 248
106.010000 7 208
106.010000 8 248
106.010000 9 204
106.010000 10 248
106.010000 11 248
106.010000 12 248
106.010000 13 248
106.010000 14 226
106.010000 15 248
106.010000 16 248
106.010000 17 182
106.010000 18 226
106.010000 19 226
106.010000 20 248
106.010000 21 228
106.010000 22 248
106.010000 23 248
106.010000 24 230
106.010000 25 230
106.010000 26 248
106.010000 27 248
107.010000 0 210
107.010000 1 206
107.010000 2 210
107.010000 3 190
107.010000 4 228
107.010000 5 228
107.010000 6 228
107.010000 7 188
107.010000 8 228
107.010000 9 192
107.010000 10 228
107.010000 11 228
107.010000 12 228
107.010000 13 228
107.010000 14 210
107.010000 15 228
107.010000 16 228
107.010000 17 172
107.010000 18 210
107.010000 19 210
107.010000 20 228
107.010000 21 208
107.010000 22 228
107.010000 23 228
107.010000 24 210
107.010000 25 210
107.010000 26 228
107.010000 27 228
108.010000 0 242
108.010000 1 242
108.010000 2 242
108.010000 3 220
108.010000 4 264
108.010000 5 264
108.010000 6 264
108.010000 7 220
108.010000 8 264
108.010000 9 220
108.010000 10 264
108.010000 11 264
108.010000 12 264
108.010000 13 264
108.010000 14 242
108.010000 15 264
108.010000 16 264
108.010000 17 198
108.010000 18 242
108.010000 19 242
108.010000 20 264
108.010000 21 242
108.010000 22 264
108.010000 23 264
108.010000 24 242
108.010000 25 242
108.010000 26 264
108.010000 27 264
109.010000 0 253
109.010000 1 252
109.010000 2 255
109.010000 3 229
109.010000 4 277
109.010000 5 277
109.010000 6 277
109.010000 7 229
109.010000 8 277
109.010000 9 232
109.010000 10 277
109.010000 11 277
109.010000 12 277
109.010000 13 277
109.010000 14 253
109.010000 15 277
109.010000 16 277
109.010000 17 205
109.010000 18 253
109.010000 19 255
109.010000 20 277
109.010000 21 253
109.010000 22 277
109.010000 23 277
109.010000 24 256
109.010000 25 257
109.010000 26 277
109.010000 27 277
110.010000 0 222
110.010000 1 218
110.010000 2 220
110.010000 3 204
110.010000 4 240
110.010000 5 240
110.010000 6 240
110.010000 7 199
110.010000 8 240
110.010000 9 201
110.010000 10 240
110.010000 11 240
110.010000 12 240
110.010000 13 240
110.010000 14 222
110.010000 15 240
110.010000 16 240
110.010000 17 186
110.010000 18 222
110.010000 19 220
110.010000 20 240
110.010000 21 220
110.010000 22 240
110.010000 23 240
110.010000 24 218
110.010000 25 218
110.010000 26 240
110.010000 27 240
111.010000 0 197
111.010000 1 196
111.010000 2 198
111.010000 3 182
111.010000 4 214
111.010000 5 214
111.010000 6 214
111.010000 7 175
111.010000 8 214
111.010000 9 182
111.010000 10 214
111.010000 11 214
111.010000 12 214
111.010000 13 214
111.010000 14 197
111.010000 15 214
111.010000 16 214
111.010000 17 165
111.010000 18 197
111.010000 19 198
111.010000 20 214
111.010000 21 194
111.010000 22 214
111.010000 23 214
111.010000 24 194
111.010000 25 194
111.010000 26 214
111.010000 27 214
112.010000 0 229
112.010000 1 230
112.010000 2 228
112.010000 3 206
112.010000 4 250
112.010000 5 250
112.010000 6 250
112.010000 7 213
112.010000 8 250
112.010000 9 206
112.010000 10 250
112.010000 11 250
112.010000 12 250
112.010000 13 250
112.010000 14 229
112.010000 15 250
112.010000 16 250
112.010000 17 185
112.010000 18 229
112.010000 19 228
112.010000 20 250
112.010000 21 232
112.010000 22 250
112.010000 23 250
112.010000 24 228
112.010000 25 228
112.010000 26 250
112.010000 27 250
113.010000 0 229
113.010000 1 227
113.010000 2 229
113.010000 3 209
113.010000 4 249
113.010000 5 249
113.010000 6 249
113.010000 7 202
113.010000 8 249
113.010000 9 209
113.010000 10 249
113.010000 11 249
113.010000 12 249
113.010000 13 249
113.010000 14 229
113.010000 15 249
113.010000 16 249
113.010000 17 189
113.010000 18 229
113.010000 19 229
113.010000 20 249
113.010000 21 225
113.010000 22 249
113.010000 23 249
113.010000 24 231
113.010000 25 231
113.010000 26 249
113.010000 27 249
114.010000 0 217
114.010000 1 221
114.010000 2 219
114.010000 3 198
114.010000 4 239
114.010000 5 239
114.010000 6 239
114.010000 7 203
114.010000 8 239
114.010000 9 199
114.010000 10 239
114.010000 11 239
114.010000 12 239
114.010000 13 239
114.010000 14 217
114.010000 15 239
114.010000 16 239
114.010000 17 176
114.010000 18 217
114.010000 19 219
114.010000 20 239
114.010000 21 221
114.010000 22 239
114.010000 23 239
114.010000 24 217
114.010000 25 217
114.010000 26 239
114.010000 27 239
115.010000 0 215
115.010000 1 213
115.010000 2 213
115.010000 3 194
115.010000 4 233
115.010000 5 233
115.010000 6 233
115.010000 7 193
115.010000 8 233
115.010000 9 193
115.010000 10 233
115.010000 11 233
115.010000 12 233
115.010000 13 233
115.010000 14 215
115.010000 15 233
115.010000 16 233
115.010000 17 176
115.010000 18 215
115.010000 19 213
115.010000 20 233
115.010000 21 213
115.010000 22 233
115.010000 23 233
115.010000 24 215
115.010000 25 215
115.010000 26 233
115.010000 27 233
116.010000 0 234
116.010000 1 234
116.010000 2 234
116.010000 3 212
116.010000 4 256
116.010000 5 256
116.010000 6 256
116.010000 7 212
116.010000 8 256
116.010000 9 212
116.010000 10 256
116.010000 11 256
116.010000 12 256
116.010000 13 256
116.010000 14 234
116.010000 15 256
116.010000 16 256
116.010000 17 190
116.010000 18 234
116.010000 19 234
116.010000 20 256
116.010000 21 234
116.010000 22 256
116.010000 23 256
116.010000 24 238
116.010000 25 238
116.010000 26 256
116.010000 27 256
117.010000 0 234
117.010000 1 231
117.010000 2 234
117.010000 3 214
117.010000 4 254
117.010000 5 254
117.010000 6 254
117.010000 7 209
117.010000 8 254
117.010000 9 214
117.010000 10 254
117.010000 11 254
117.010000 12 254
117.010000 13 254
117.010000 14 234
117.010000 15 254
117.010000 16 254
117.010000 17 194
117.010000 18 234
117.010000 19 234
117.010000 20 254
117.010000 21 232
117.010000 22 254
117.010000 23 254
117.010000 24 232
117.010000 25 232
117.010000 26 254
117.010000 27 254
118.010000 0 217
118.010000 1 216
118.010000 2 219
118.010000 3 200
118.010000 4 237
118.010000 5 237
118.010000 6 237
118.010000 7 194
118.010000 8 237
118.010000 9 201
118.010000 10 237
118.010000 11 237
118.010000 12 237
118.010000 13 237
118.010000 14 217
118.010000 15 237
118.010000 16 237
118.010000 17 180
118.010000 18 217
118.010000 19 219
118.010000 20 237
118.010000 21 215
118.010000 22 237
118.010000 23 237
118.010000 24 217
118.010000 25 217
118.010000 26 237
118.010000 27 237
119.010000 0 228
119.010000 1 226
119.010000 2 226
119.010000 3 205
119.010000 4 248
119.010000 5 248
119.010000 6 248
119.010000 7 207
119.010000 8 248
119.010000 9 204
119.010000 10 248
119.010000 11 248
119.010000 12 248
119.010000 13 248
119.010000 14 228
119.010000 15 248
119.010000 16 248
119.010000 17 185
119.010000 18 228
119.010000 19 226
119.010000 20 248
119.010000 21 228
119.010000 22 248
119.010000 23 248
119.010000 24 230
119.010000 25 230
119.010000 26 248
119.010000 27 248
120.010000 0 248
120.010000 1 252
120.010000 2 249
120.010000 3 224
120.010000 4 272
120.010000 5 272
120.010000 6 272
120.010000 7 229
120.010000 8 272
120.010000 9 224
120.010000 10 272
120.010000 11 272
120.010000 12 272
120.010000 13 272
120.010000 14 248
120.010000 15 272
120.010000 16 272
120.010000 17 200
120.010000 18 248
120.010000 19 249
120.010000 20 272
120.010000 21 250
120.010000 22 272
120.010000 23 272
120.010000 24 250
120.010000 25 250
120.010000 26 272
120.010000 27 272
121.010000 0 220
121.010000 1 210
121.010000 2 219
121.010000 3 204
121.010000 4 236
121.010000 5 236
121.010000 6 236
121.010000 7 184
121.010000 8 236
121.010000 9 204
121.010000 10 236
121.010000 11 236
121.010000 12 236
121.010000 13 236
121.010000 14 220
121.010000 15 236
121.010000 16 236
121.010000 17 188
121.010000 18 220
121.010000 19 219
121.010000 20 236
121.010000 21 211
121.010000 22 236
121.010000 23 236
121.010000 24 218
121.010000 25 218
121.010000 26 236
121.010000 27 236
122.010000 0 218
122.010000 1 220
122.010000 2 220
122.010000 3 199
122.010000 4 240
122.010000 5 240
122.010000 6 240
122.010000 7 200
122.010000 8 240
122.010000 9 200
122.010000 10 240
122.010000 11 240
122.010000 12 240
122.010000 13 240
122.010000 14 218
122.010000 15 240
122.010000 16 240
122.010000 17 177
122.010000 18 218
122.010000 19 220
122.010000 20 240
122.010000 21 219
122.010000 22 240
122.010000 23 240
122.010000 24 222
122.010000 25 222
122.010000 26 240
122.010000 27 240
123.010000 0 216
123.010000 1 211
123.010000 2 216
123.010000 3 197
123.010000 4 234
123.010000 5 234
123.010000 6 234
123.010000 7 190
123.010000 8 234
123.010000 9 198
123.010000 10 234
123.010000 11 234
123.010000 12 234
123.010000 13 234
123.010000 14 216
123.010000 15 234
123.010000 16 234
123.010000 17 179
123.010000 18 216
123.010000 19 216
123.010000 20 234
123.010000 21 212
123.010000 22 234
123.010000 23 234
123.010000 24 216
123.010000 25 216
123.010000 26 234
123.010000 27 234
124.010000 0 217
124.010000 1 219
124.010000 2 215
124.010000 3 194
124.010000 4 237
124.010000 5 237
124.010000 6 237
124.010000 7 201
124.010000 8 237
124.010000 9 193
124.010000 10 237
124.010000 11 237
124.010000 12 237
124.010000 13 237
124.010000 14 217
124.010000 15 237
124.010000 16 237
124.010000 17 174
124.010000 18 217
124.010000 19 215
124.010000 20 237
124.010000 21 219
124.010000 22 237
124.010000 23 237
124.010000 24 219
124.010000 25 219
124.010000 26 237
124.010000 27 237
125.010000 0 220
125.010000 1 220
125.010000 2 220
125.010000 3 200
125.010000 4 240
125.010000 5 240
125.010000 6 240
125.010000 7 200
125.010000 8 240
125.010000 9 200
125.010000 10 240
125.010000 11 240
125.010000 12 240
125.010000 13 240
125.010000 14 220
125.010000 15 240
125.010000 16 240
125.010000 17 180
125.010000 18 220
125.010000 19 220
125.010000 20 240
125.010000 21 220
125.010000 22 240
125.010000 23 240
125.010000 24 220
125.010000 25 220
125.010000 26 240
125.010000 27 240
126.010000 0 239
126.010000 1 237
126.010000 2 240
126.010000 3 219
126.010000 4 259
126.010000 5 259
126.010000 6 259
126.010000 7 215
126.010000 8 259
126.010000 9 219
126.010000 10 259
126.010000 11 259
126.010000 12 259
126.010000 13 259
126.010000 14 239
126.010000 15 259
126.010000 16 259
126.010000 17 199
126.010000 18 239
126.010000 19 240
126.010000 20 259
126.010000 21 237
126.010000 22 259
126.010000 23 259
126.010000 24 233
126.010000 25 233
126.010000 26 259
126.010000 27 259
127.010000 0 225
127.010000 1 225
127.010000 2 224
127.010000 3 205
127.010000 4 245
127.010000 5 245
127.010000 6 245
127.010000 7 205
127.010000 8 245
127.010000 9 205
127.010000 10 245
127.010000 11 245
127.010000 12 245
127.010000 13 245
127.010000 14 225
127.010000 15 245
127.010000 16 245
127.010000 17 185
127.010000 18 225
127.010000 19 224
127.010000 20 245
127.010000 21 225
127.010000 22 245
127.010000 23 245
127.010000 24 223
127.010000 25 223
127.010000 26 245
127.010000 27 245
128.010000 0 230
128.010000 1 232
128.010000 2 230
128.010000 3 208
128.010000 4 252
128.010000 5 252
128.010000 6 252
128.010000 7 212
128.010000 8 252
128.010000 9 208
128.010000 10 252
128.010000 11 252
128.010000 12 252
128.010000 13 252
128.010000 14 230
128.010000 15 252
128.010000 16 252
128.010000 17 186
128.010000 18 230
128.010000 19 230
128.010000 20 252
128.010000 21 232
128.010000 22 252
128.010000 23 252
128.010000 24 232
128.010000 25 232
128.010000 26 252
128.010000 27 252
129.010000 0 219
129.010000 1 217
129.010000 2 219
129.010000 3 199
129.010000 4 239
129.010000 5 239
129.010000 6 239
129.010000 7 198
129.010000 8 239
129.010000 9 199
129.010000 10 239
129.010000 11 239
129.010000 12 239
129.010000 13 239
129.010000 14 219
129.010000 15 239
129.010000 16 239
129.010000 17 179
129.010000 18 219
129.010000 19 219
129.010000 20 239
129.010000 21 219
129.010000 22 239
129.010000 23 239
129.010000 24 221
129.010000 25 221
129.010000 26 239
129.010000 27 239
130.010000 0 205
130.010000 1 203
130.010000 2 207
130.010000 3 188
130.010000 4 223
130.010000 5 223
130.010000 6 223
130.010000 7 180
130.010000 8 223
130.010000 9 190
130.010000 10 223
130.010000 11 223
130.010000 12 223
130.010000 13 223
130.010000 14 205
130.010000 15 223
130.010000 16 223
130.010000 17 170
130.010000 18 205
130.010000 19 207
130.010000 20 223
130.010000 21 201
130.010000 22 223
130.010000 23 223
130.010000 24 205
130.010000 25 205
130.010000 26 223
130.010000 27 223
131.010000 0 223
131.010000 1 219
131.010000 2 221
131.010000 3 204
131.010000 4 241
131.010000 5 241
131.010000 6 241
131.010000 7 197
131.010000 8 241
131.010000 9 202
131.010000 10 241
131.010000 11 241
131.010000 12 241
131.010000 13 241
131.010000 14 223
131.010000 15 241
131.010000 16 241
131.010000 17 186
131.010000 18 223
131.010000 19 221
131.010000 20 241
131.010000 21 220
131.010000 22 241
131.010000 23 241
131.010000 24 221
131.010000 25 221
131.010000 26 241
131.010000 27 241
132.010000 0 197
132.010000 1 201
132.010000 2 197
132.010000 3 177
132.010000 4 217
132.010000 5 217
132.010000 6 217
132.010000 7 185
132.010000 8 217
132.010000 9 177
132.010000 10 217
132.010000 11 217
132.010000 12 217
132.010000 13 217
132.010000 14 197
132.010000 15 217
132.010000 16 217
132.010000 17 157
132.010000 18 197
132.010000 19 197
132.010000 20 217
132.010000 21 200
132.010000 22 217
132.010000 23 217
132.010000 24 201
132.010000 25 201
132.010000 26 217
132.010000 27 217
133.010000 0 194
133.010000 1 196
133.010000 2 194
133.010000 3 176
133.010000 4 212
133.010000 5 212
133.010000 6 212
133.010000 7 180
133.010000 8 212
133.010000 9 176
133.010000 10 212
133.010000 11 212
133.010000 12 212
133.010000 13 212
133.010000 14 194
133.010000 15 212
133.010000 16 212
133.010000 17 158
133.010000 18 194
133.010000 19 194
133.010000 20 212
133.010000 21 196
133.010000 22 212
133.010000 23 212
133.010000 24 192
133.010000 25 192
133.010000 26 212
133.010000 27 212
134.010000 0 209
134.010000 1 215
134.010000 2 211
134.010000 3 187
134.010000 4 231
134.010000 5 231
134.010000 6 231
134.010000 7 199
134.010000 8 231
134.010000 9 190
134.010000 10 231
134.010000 11 231
134.010000 12 231
134.010000 13 231
134.010000 14 209
134.010000 15 231
134.010000 16 231
134.010000 17 165
134.010000 18 209
134.010000 19 211
134.010000 20 231
134.010000 21 215
134.010000 22 231
134.010000 23 231
134.010000 24 211
134.010000 25 211
134.010000 26 231
134.010000 27 231
135.010000 0 209
135.010000 1 205
135.010000 2 207
135.010000 3 193
135.010000 4 225
135.010000 5 225
135.010000 6 225
135.010000 7 185
135.010000 8 225
135.010000 9 190
135.010000 10 225
135.010000 11 225
135.010000 12 225
135.010000 13 225
135.010000 14 209
135.010000 15 225
135.010000 16 225
135.010000 17 177
135.010000 18 209
135.010000 19 207
135.010000 20 225
135.010000 21 205
135.010000 22 225
135.010000 23 225
135.010000 24 203
135.010000 25 203
135.010000 26 225
135.010000 27 225
136.010000 0 202
136.010000 1 202
136.010000 2 202
136.010000 3 184
136.010000 4 220
136.010000 5 220
136.010000 6 220
136.010000 7 184
136.010000 8 220
136.010000 9 184
136.010000 10 220
136.010000 11 220
136.010000 12 220
136.010000 13 220
136.010000 14 202
136.010000 15 220
136.010000 16 220
136.010000 17 166
136.010000 18 202
136.010000 19 202
136.010000 20 220
136.010000 21 202
136.010000 22 220
136.010000 23 220
136.010000 24 200
136.010000 25 200
136.010000 26 220
136.010000 27 220
137.010000 0 238
137.010000 1 246
137.010000 2 238
137.010000 3 212
137.010000 4 264
137.010000 5 264
137.010000 6 264
137.010000 7 228
137.010000 8 264
137.010000 9 212
137.010000 10 264
137.010000 11 264
137.010000 12 264
137.010000 13 264
137.010000 14 238
137.010000 15 264
137.010000 16 264
137.010000 17 186
137.010000 18 238
137.010000 19 238
137.010000 20 264
137.010000 21 246
137.010000 22 264
137.010000 23 264
137.010000 24 246
137.010000 25 246
137.010000 26 264
137.010000 27 264
138.010000 0 219
138.010000 1 223
138.010000 2 221
138.010000 3 197
138.010000 4 241
138.010000 5 241
138.010000 6 241
138.010000 7 205
138.010000 8 241
138.010000 9 198
138.010000 10 241
138.010000 11 241
138.010000 12 241
138.010000 13 241
138.010000 14 219
138.010000 15 241
138.010000 16 241
138.010000 17 175
138.010000 18 219
138.010000 19 221
138.010000 20 241
138.010000 21 223
138.010000 22 241
138.010000 23 241
138.010000 24 221
138.010000 25 221
138.010000 26 241
138.010000 27 241
139.010000 0 220
139.010000 1 216
139.010000 2 218
139.010000 3 202
139.010000 4 238
139.010000 5 238
139.010000 6 238
139.010000 7 194
139.010000 8 238
139.010000 9 201
139.010000 10 238
139.010000 11 238
139.010000 12 238
139.010000 13 238
139.010000 14 220
139.010000 15 238
139.010000 16 238
139.010000 17 184
139.010000 18 220
139.010000 19 218
139.010000 20 238
139.010000 21 217
139.010000 22 238
139.010000 23 238
139.010000 24 218
139.010000 25 218
139.010000 26 238
139.010000 27 238
140.010000 0 216
140.010000 1 216
140.010000 2 216
140.010000 3 196
140.010000 4 236
140.010000 5 236
140.010000 6 236
140.010000 7 199
140.010000 8 236
140.010000 9 196
140.010000 10 236
140.010000 11 236
140.010000 12 236
140.010000 13 236
140.010000 14 216
140.010000 15 236
140.010000 16 236
140.010000 17 176
140.010000 18 216
140.010000 19 216
140.010000 20 236
140.010000 21 217
140.010000 22 236
140.010000 23 236
140.010000 24 216
140.010000 25 216
140.010000 26 236
140.010000 27 236
141.010000 0 201
141.010000 1 201
141.010000 2 203
141.010000 3 184
141.010000 4 219
141.010000 5 219
141.010000 6 219
141.010000 7 180
141.010000 8 219
141.010000 9 186
141.010000 10 219
141.010000 11 219
141.010000 12 219
141.010000 13 219
141.010000 14 201
141.010000 15 219
141.010000 16 219
141.010000 17 166
141.010000 18 201
141.010000 19 203
141.010000 20 219
141.010000 21 199
141.010000 22 219
141.010000 23 219
141.010000 24 199
141.010000 25 199
141.010000 26 219
141.010000 27 219
142.010000 0 216
142.010000 1 214
142.010000 2 214
142.010000 3 197
142.010000 4 234
142.010000 5 234
142.010000 6 234
142.010000 7 194
142.010000 8 234
142.010000 9 195
142.010000 10 234
142.010000 11 234
142.010000 12 234
142.010000 13 234
142.010000 14 216
142.010000 15 234
142.010000 16 234
142.010000 17 179
142.010000 18 216
142.010000 19 214
142.010000 20 234
142.010000 21 214
142.010000 22 234
142.010000 23 234
142.010000 24 214
142.010000 25 214
142.010000 26 234
142.010000 27 234
143.010000 0 223
143.010000 1 223
143.010000 2 224
143.010000 3 203
143.010000 4 243
143.010000 5 243
143.010000 6 243
143.010000 7 203
143.010000 8 243
143.010000 9 203
143.010000 10 243
143.010000 11 243
143.010000 12 243
143.010000 13 243
143.010000 14 223
143.010000 15 243
143.010000 16 243
143.010000 17 183
143.010000 18 223
143.010000 19 224
143.010000 20 243
143.010000 21 223
143.010000 22 243
143.010000 23 243
143.010000 24 221
143.010000 25 221
143.010000 26 243
143.010000 27 243
144.010000 0 222
144.010000 1 218
144.010000 2 222
144.010000 3 204
144.010000 4 240
144.010000 5 240
144.010000 6 240
144.010000 7 196
144.010000 8 240
144.010000 9 204
144.010000 10 240
144.010000 11 240
144.010000 12 240
144.010000 13 240
144.010000 14 222
144.010000 15 240
144.010000 16 240
144.010000 17 186
144.010000 18 222
144.010000 19 222
144.010000 20 240
144.010000 21 218
144.010000 22 240
144.010000 23 240
144.010000 24 218
144.010000 25 218
144.010000 26 240
144.010000 27 240
145.010000 0 233
145.010000 1 231
145.010000 2 232
145.010000 3 213
145.010000 4 253
145.010000 5 253
145.010000 6 253
145.010000 7 209
145.010000 8 253
145.010000 9 213
145.010000 10 253
145.010000 11 253
145.010000 12 253
145.010000 13 253
145.010000 14 233
145.010000 15 253
145.010000 16 253
145.010000 17 193
145.010000 18 233
145.010000 19 232
145.010000 20 253
145.010000 21 231
145.010000 22 253
145.010000 23 253
145.010000 24 231
145.010000 25 231
145.010000 26 253
145.010000 27 253
146.010000 0 237
146.010000 1 237
146.010000 2 237
146.010000 3 215
146.010000 4 259
146.010000 5 259
146.010000 6 259
146.010000 7 215
146.010000 8 259
146.010000 9 215
146.010000 10 259
146.010000 11 259
146.010000 12 259
146.010000 13 259
146.010000 14 237
146.010000 15 259
146.010000 16 259
146.010000 17 193
146.010000 18 237
146.010000 19 237
146.010000 20 259
146.010000 21 238
146.010000 22 259
146.010000 23 259
146.010000 24 239
146.010000 25 239
146.010000 26 259
146.010000 27 259
147.010000 0 199
147.010000 1 199
147.010000 2 199
147.010000 3 181
147.010000 4 217
147.010000 5 217
147.010000 6 217
147.010000 7 181
147.010000 8 217
147.010000 9 181
147.010000 10 217
147.010000 11 217
147.010000 12 217
147.010000 13 217
147.010000 14 199
147.010000 15 217
147.010000 16 217
147.010000 17 163
147.010000 18 199
147.010000 19 199
147.010000 20 217
147.010000 21 198
147.010000 22 217
147.010000 23 217
147.010000 24 199
147.010000 25 199
147.010000 26 217
147.010000 27 217
148.010000 0 220
148.010000 1 220
148.010000 2 220
148.010000 3 200
148.010000 4 240
148.010000 5 240
148.010000 6 240
148.010000 7 200
148.010000 8 240
148.010000 9 200
148.010000 10 240
148.010000 11 240
148.010000 12 240
148.010000 13 240
148.010000 14 220
148.010000 15 240
148.010000 16 240
148.010000 17 180
148.010000 18 220
148.010000 19 220
148.010000 20 240
148.010000 21 220
148.010000 22 240
148.010000 23 240
148.010000 24 220
148.010000 25 220
148.010000 26 240
148.010000 27 240
149.010000 0 208
149.010000 1 210
149.010000 2 210
149.010000 3 188
149.010000 4 228
149.010000 5 228
149.010000 6 228
149.010000 7 192
149.010000 8 228
149.010000 9 190
149.010000 10 228
149.010000 11 228
149.010000 12 228
149.010000 13 228
149.010000 14 208
149.010000 15 228
149.010000 16 228
149.010000 17 168
149.010000 18 208
149.010000 19 210
149.010000 20 228
149.010000 21 210
149.010000 22 228
149.010000 23 228
149.010000 24 208
149.010000 25 208
149.010000 26 228
149.010000 27 228
