0.010000 0 14
0.010000 1 19
0.010000 2 19
0.010000 3 18
0.010000 4 17
0.010000 5 19
0.010000 6 16
0.010000 7 16
0.010000 8 19
0.010000 9 14
0.010000 10 19
0.010000 11 19
0.010000 12 18
0.010000 13 19
0.010000 14 14
0.010000 15 14
1.010000 0 550
1.010000 1 541
1.010000 2 533
1.010000 3 549
1.010000 4 546
1.010000 5 542
1.010000 6 556
1.010000 7 519
1.010000 8 554
1.010000 9 539
1.010000 10 547
1.010000 11 547
1.010000 12 515
1.010000 13 557
1.010000 14 550
1.010000 15 510
2.010000 0 373
2.010000 1 383
2.010000 2 374
2.010000 3 389
2.010000 4 375
2.010000 5 382
2.010000 6 390
2.010000 7 373
2.010000 8 382
2.010000 9 374
2.010000 10 375
2.010000 11 387
2.010000 12 361
2.010000 13 387
2.010000 14 373
2.010000 15 357
3.010000 0 380
3.010000 1 385
3.010000 2 385
3.010000 3 388
3.010000 4 375
3.010000 5 385
3.010000 6 387
3.010000 7 374
3.010000 8 385
3.010000 9 377
3.010000 10 378
3.010000 11 390
3.010000 12 370
3.010000 13 391
3.010000 14 380
3.010000 15 369
4.010000 0 344
4.010000 1 353
4.010000 2 339
4.010000 3 368
4.010000 4 343
4.010000 5 351
4.010000 6 352
4.010000 7 358
4.010000 8 336
4.010000 9 344
4.010000 10 341
4.010000 11 353
4.010000 12 326
4.010000 13 354
4.010000 14 344
4.010000 15 327
5.010000 0 352
5.010000 1 360
5.010000 2 350
5.010000 3 360
5.010000 4 351
5.010000 5 372
5.010000 6 357
5.010000 7 346
5.010000 8 359
5.010000 9 352
5.010000 10 349
5.010000 11 363
5.010000 12 345
5.010000 13 361
5.010000 14 352
5.010000 15 334
6.010000 0 314
6.010000 1 330
6.010000 2 318
6.010000 3 321
6.010000 4 311
6.010000 5 319
6.010000 6 317
6.010000 7 307
6.010000 8 317
6.010000 9 309
6.010000 10 311
6.010000 11 332
6.010000 12 307
6.010000 13 322
6.010000 14 314
6.010000 15 300
7.010000 0 479
7.010000 1 467
7.010000 2 463
7.010000 3 486
7.010000 4 471
7.010000 5 480
7.010000 6 484
7.010000 7 451
7.010000 8 482
7.010000 9 468
7.010000 10 475
7.010000 11 487
7.010000 12 446
7.010000 13 487
7.010000 14 479
7.010000 15 450
8.010000 0 391
8.010000 1 396
8.010000 2 388
8.010000 3 401
8.010000 4 387
8.010000 5 397
8.010000 6 396
8.010000 7 384
8.010000 8 396
8.010000 9 387
8.010000 10 388
8.010000 11 400
8.010000 12 374
8.010000 13 401
8.010000 14 391
8.010000 15 370
9.010000 0 390
9.010000 1 393
9.010000 2 386
9.010000 3 384
9.010000 4 384
9.010000 5 397
9.010000 6 393
9.010000 7 383
9.010000 8 407
9.010000 9 384
9.010000 10 387
9.010000 11 401
9.010000 12 373
9.010000 13 399
9.010000 14 390
9.010000 15 367
10.010000 0 427
10.010000 1 432
10.010000 2 419
10.010000 3 447
10.010000 4 421
10.010000 5 415
10.010000 6 419
10.010000 7 416
10.010000 8 429
10.010000 9 419
10.010000 10 422
10.010000 11 433
10.010000 12 404
10.010000 13 433
10.010000 14 427
10.010000 15 400
11.010000 0 381
11.010000 1 393
11.010000 2 384
11.010000 3 397
11.010000 4 383
11.010000 5 401
11.010000 6 393
11.010000 7 378
11.010000 8 376
11.010000 9 397
11.010000 10 381
11.010000 11 382
11.010000 12 373
11.010000 13 394
11.010000 14 381
11.010000 15 382
12.010000 0 309
12.010000 1 312
12.010000 2 316
12.010000 3 316
12.010000 4 308
12.010000 5 314
12.010000 6 324
12.010000 7 302
12.010000 8 327
12.010000 9 305
12.010000 10 306
12.010000 11 315
12.010000 12 305
12.010000 13 314
12.010000 14 309
12.010000 15 290
13.010000 0 483
13.010000 1 478
13.010000 2 459
13.010000 3 483
13.010000 4 467
13.010000 5 466
13.010000 6 474
13.010000 7 455
13.010000 8 477
13.010000 9 462
13.010000 10 451
13.010000 11 482
13.010000 12 444
13.010000 13 483
13.010000 14 483
13.010000 15 434
14.010000 0 364
14.010000 1 378
14.010000 2 369
14.010000 3 381
14.010000 4 372
14.010000 5 378
14.010000 6 367
14.010000 7 375
14.010000 8 380
14.010000 9 369
14.010000 10 387
14.010000 11 382
14.010000 12 356
14.010000 13 382
14.010000 14 364
14.010000 15 352
15.010000 0 405
15.010000 1 404
15.010000 2 387
15.010000 3 408
15.010000 4 404
15.010000 5 405
15.010000 6 421
15.010000 7 394
15.010000 8 404
15.010000 9 382
15.010000 10 400
15.010000 11 411
15.010000 12 372
15.010000 13 407
15.010000 14 405
15.010000 15 365
16.010000 0 1042
16.010000 1 1194
16.010000 2 1182
16.010000 3 1194
16.010000 4 1178
16.010000 5 1185
16.010000 6 938
16.010000 7 1154
16.010000 8 1190
16.010000 9 927
16.010000 10 1184
16.010000 11 1190
16.010000 12 1169
16.010000 13 1070
16.010000 14 1042
16.010000 15 914
17.010000 0 1016
17.010000 1 1149
17.010000 2 1141
17.010000 3 1149
17.010000 4 1136
17.010000 5 1148
17.010000 6 890
17.010000 7 1130
17.010000 8 1146
17.010000 9 873
17.010000 10 1135
17.010000 11 1151
17.010000 12 1121
17.010000 13 1024
17.010000 14 1016
17.010000 15 855
18.010000 0 1039
18.010000 1 1180
18.010000 2 1183
18.010000 3 1182
18.010000 4 1175
18.010000 5 1181
18.010000 6 891
18.010000 7 1166
18.010000 8 1182
18.010000 9 870
18.010000 10 1192
18.010000 11 1188
18.010000 12 1153
18.010000 13 1043
18.010000 14 1039
18.010000 15 861
19.010000 0 977
19.010000 1 1116
19.010000 2 1113
19.010000 3 1117
19.010000 4 1107
19.010000 5 1114
19.010000 6 856
19.010000 7 1099
19.010000 8 1115
19.010000 9 860
19.010000 10 1107
19.010000 11 1118
19.010000 12 1101
19.010000 13 1005
19.010000 14 977
19.010000 15 848
20.010000 0 1027
20.010000 1 1171
20.010000 2 1165
20.010000 3 1171
20.010000 4 1159
20.010000 5 1185
20.010000 6 911
20.010000 7 1156
20.010000 8 1172
20.010000 9 886
20.010000 10 1161
20.010000 11 1176
20.010000 12 1158
20.010000 13 1024
20.010000 14 1027
20.010000 15 871
21.010000 0 1020
21.010000 1 1150
21.010000 2 1156
21.010000 3 1174
21.010000 4 1152
21.010000 5 1161
21.010000 6 901
21.010000 7 1150
21.010000 8 1173
21.010000 9 879
21.010000 10 1156
21.010000 11 1164
21.010000 12 1136
21.010000 13 1032
21.010000 14 1020
21.010000 15 868
22.010000 0 1075
22.010000 1 1205
22.010000 2 1190
22.010000 3 1208
22.010000 4 1195
22.010000 5 1207
22.010000 6 961
22.010000 7 1193
22.010000 8 1201
22.010000 9 914
22.010000 10 1182
22.010000 11 1209
22.010000 12 1170
22.010000 13 1068
22.010000 14 1075
22.010000 15 894
23.010000 0 1039
23.010000 1 1206
23.010000 2 1199
23.010000 3 1197
23.010000 4 1198
23.010000 5 1208
23.010000 6 925
23.010000 7 1197
23.010000 8 1216
23.010000 9 940
23.010000 10 1204
23.010000 11 1213
23.010000 12 1192
23.010000 13 1090
23.010000 14 1039
23.010000 15 922
24.010000 0 1080
24.010000 1 1219
24.010000 2 1206
24.010000 3 1223
24.010000 4 1207
24.010000 5 1214
24.010000 6 963
24.010000 7 1203
24.010000 8 1197
24.010000 9 942
24.010000 10 1214
24.010000 11 1221
24.010000 12 1191
24.010000 13 1087
24.010000 14 1080
24.010000 15 923
25.010000 0 1035
25.010000 1 1171
25.010000 2 1156
25.010000 3 1187
25.010000 4 1162
25.010000 5 1157
25.010000 6 903
25.010000 7 1157
25.010000 8 1180
25.010000 9 899
25.010000 10 1161
25.010000 11 1171
25.010000 12 1143
25.010000 13 1049
25.010000 14 1035
25.010000 15 879
26.010000 0 992
26.010000 1 1129
26.010000 2 1123
26.010000 3 1118
26.010000 4 1117
26.010000 5 1140
26.010000 6 874
26.010000 7 1121
26.010000 8 1130
26.010000 9 849
26.010000 10 1121
26.010000 11 1136
26.010000 12 1105
26.010000 13 1010
26.010000 14 992
26.010000 15 837
27.010000 0 1066
27.010000 1 1227
27.010000 2 1212
27.010000 3 1227
27.010000 4 1213
27.010000 5 1225
27.010000 6 938
27.010000 7 1207
27.010000 8 1224
27.010000 9 937
27.010000 10 1218
27.010000 11 1227
27.010000 12 1195
27.010000 13 1103
27.010000 14 1066
27.010000 15 917
28.010000 0 993
28.010000 1 1145
28.010000 2 1137
28.010000 3 1143
28.010000 4 1112
28.010000 5 1141
28.010000 6 879
28.010000 7 1145
28.010000 8 1139
28.010000 9 864
28.010000 10 1129
28.010000 11 1148
28.010000 12 1123
28.010000 13 1017
28.010000 14 993
28.010000 15 848
29.010000 0 1040
29.010000 1 1190
29.010000 2 1172
29.010000 3 1185
29.010000 4 1172
29.010000 5 1190
29.010000 6 906
29.010000 7 1172
29.010000 8 1196
29.010000 9 890
29.010000 10 1174
29.010000 11 1185
29.010000 12 1163
29.010000 13 1036
29.010000 14 1040
29.010000 15 868
30.010000 0 1046
30.010000 1 1184
30.010000 2 1182
30.010000 3 1186
30.010000 4 1173
30.010000 5 1182
30.010000 6 925
30.010000 7 1147
30.010000 8 1184
30.010000 9 899
30.010000 10 1176
30.010000 11 1187
30.010000 12 1173
30.010000 13 1061
30.010000 14 1046
30.010000 15 889
31.010000 0 974
31.010000 1 1130
31.010000 2 1120
31.010000 3 1146
31.010000 4 1130
31.010000 5 1131
31.010000 6 879
31.010000 7 1134
31.010000 8 1142
31.010000 9 867
31.010000 10 1124
31.010000 11 1133
31.010000 12 1113
31.010000 13 998
31.010000 14 974
31.010000 15 845
32.010000 0 1104
32.010000 1 1258
32.010000 2 1243
32.010000 3 1254
32.010000 4 1252
32.010000 5 1260
32.010000 6 986
32.010000 7 1236
32.010000 8 1260
32.010000 9 991
32.010000 10 1259
32.010000 11 1270
32.010000 12 1226
32.010000 13 1143
32.010000 14 1104
32.010000 15 974
33.010000 0 1014
33.010000 1 1140
33.010000 2 1159
33.010000 3 1154
33.010000 4 1141
33.010000 5 1152
33.010000 6 888
33.010000 7 1143
33.010000 8 1154
33.010000 9 882
33.010000 10 1147
33.010000 11 1155
33.010000 12 1146
33.010000 13 1031
33.010000 14 1014
33.010000 15 872
34.010000 0 1012
34.010000 1 1181
34.010000 2 1161
34.010000 3 1168
34.010000 4 1153
34.010000 5 1165
34.010000 6 897
34.010000 7 1150
34.010000 8 1164
34.010000 9 887
34.010000 10 1156
34.010000 11 1166
34.010000 12 1149
34.010000 13 1032
34.010000 14 1012
34.010000 15 868
35.010000 0 992
35.010000 1 1138
35.010000 2 1133
35.010000 3 1138
35.010000 4 1139
35.010000 5 1136
35.010000 6 860
35.010000 7 1123
35.010000 8 1144
35.010000 9 859
35.010000 10 1130
35.010000 11 1137
35.010000 12 1126
35.010000 13 1003
35.010000 14 992
35.010000 15 842
36.010000 0 1020
36.010000 1 1145
36.010000 2 1134
36.010000 3 1149
36.010000 4 1135
36.010000 5 1147
36.010000 6 892
36.010000 7 1147
36.010000 8 1147
36.010000 9 858
36.010000 10 1142
36.010000 11 1151
36.010000 12 1121
36.010000 13 1009
36.010000 14 1020
36.010000 15 842
37.010000 0 950
37.010000 1 1119
37.010000 2 1118
37.010000 3 1121
37.010000 4 1115
37.010000 5 1123
37.010000 6 834
37.010000 7 1125
37.010000 8 1122
37.010000 9 842
37.010000 10 1115
37.010000 11 1119
37.010000 12 1108
37.010000 13 1001
37.010000 14 950
37.010000 15 828
38.010000 0 1016
38.010000 1 1178
38.010000 2 1179
38.010000 3 1197
38.010000 4 1176
38.010000 5 1179
38.010000 6 915
38.010000 7 1191
38.010000 8 1187
38.010000 9 887
38.010000 10 1179
38.010000 11 1185
38.010000 12 1162
38.010000 13 1051
38.010000 14 1016
38.010000 15 878
39.010000 0 1018
39.010000 1 1156
39.010000 2 1134
39.010000 3 1151
39.010000 4 1136
39.010000 5 1151
39.010000 6 893
39.010000 7 1134
39.010000 8 1148
39.010000 9 881
39.010000 10 1134
39.010000 11 1149
39.010000 12 1124
39.010000 13 1015
39.010000 14 1018
39.010000 15 861
40.010000 0 1033
40.010000 1 1160
40.010000 2 1157
40.010000 3 1173
40.010000 4 1162
40.010000 5 1167
40.010000 6 920
40.010000 7 1157
40.010000 8 1172
40.010000 9 895
40.010000 10 1166
40.010000 11 1175
40.010000 12 1132
40.010000 13 1051
40.010000 14 1033
40.010000 15 875
41.010000 0 1036
41.010000 1 1183
41.010000 2 1186
41.010000 3 1183
41.010000 4 1156
41.010000 5 1188
41.010000 6 912
41.010000 7 1161
41.010000 8 1175
41.010000 9 882
41.010000 10 1167
41.010000 11 1181
41.010000 12 1172
41.010000 13 1038
41.010000 14 1036
41.010000 15 870
42.010000 0 1080
42.010000 1 1222
42.010000 2 1208
42.010000 3 1228
42.010000 4 1214
42.010000 5 1223
42.010000 6 953
42.010000 7 1210
42.010000 8 1222
42.010000 9 941
42.010000 10 1216
42.010000 11 1228
42.010000 12 1199
42.010000 13 1091
42.010000 14 1080
42.010000 15 920
43.010000 0 1028
43.010000 1 1165
43.010000 2 1153
43.010000 3 1181
43.010000 4 1154
43.010000 5 1161
43.010000 6 915
43.010000 7 1151
43.010000 8 1152
43.010000 9 912
43.010000 10 1140
43.010000 11 1167
43.010000 12 1135
43.010000 13 1049
43.010000 14 1028
43.010000 15 895
44.010000 0 1053
44.010000 1 1222
44.010000 2 1214
44.010000 3 1224
44.010000 4 1212
44.010000 5 1225
44.010000 6 952
44.010000 7 1209
44.010000 8 1221
44.010000 9 956
44.010000 10 1213
44.010000 11 1227
44.010000 12 1207
44.010000 13 1096
44.010000 14 1053
44.010000 15 939
45.010000 0 1042
45.010000 1 1163
45.010000 2 1170
45.010000 3 1162
45.010000 4 1150
45.010000 5 1160
45.010000 6 919
45.010000 7 1123
45.010000 8 1162
45.010000 9 886
45.010000 10 1152
45.010000 11 1153
45.010000 12 1163
45.010000 13 1026
45.010000 14 1042
45.010000 15 870
46.010000 0 1011
46.010000 1 1158
46.010000 2 1129
46.010000 3 1167
46.010000 4 1156
46.010000 5 1161
46.010000 6 883
46.010000 7 1177
46.010000 8 1177
46.010000 9 892
46.010000 10 1164
46.010000 11 1184
46.010000 12 1104
46.010000 13 1057
46.010000 14 1011
46.010000 15 870
47.010000 0 1043
47.010000 1 1191
47.010000 2 1184
47.010000 3 1194
47.010000 4 1182
47.010000 5 1194
47.010000 6 930
47.010000 7 1177
47.010000 8 1177
47.010000 9 913
47.010000 10 1183
47.010000 11 1191
47.010000 12 1167
47.010000 13 1069
47.010000 14 1043
47.010000 15 902
48.010000 0 998
48.010000 1 1127
48.010000 2 1121
48.010000 3 1130
48.010000 4 1119
48.010000 5 1130
48.010000 6 874
48.010000 7 1131
48.010000 8 1142
48.010000 9 832
48.010000 10 1125
48.010000 11 1134
48.010000 12 1100
48.010000 13 985
48.010000 14 998
48.010000 15 819
49.010000 0 1038
49.010000 1 1175
49.010000 2 1165
49.010000 3 1177
49.010000 4 1166
49.010000 5 1175
49.010000 6 906
49.010000 7 1164
49.010000 8 1177
49.010000 9 887
49.010000 10 1186
49.010000 11 1183
49.010000 12 1155
49.010000 13 1037
49.010000 14 1038
49.010000 15 872
50.010000 0 1033
50.010000 1 1193
50.010000 2 1193
50.010000 3 1192
50.010000 4 1185
50.010000 5 1207
50.010000 6 891
50.010000 7 1175
50.010000 8 1195
50.010000 9 893
50.010000 10 1192
50.010000 11 1199
50.010000 12 1183
50.010000 13 1056
50.010000 14 1033
50.010000 15 878
51.010000 0 997
51.010000 1 1123
51.010000 2 1122
51.010000 3 1125
51.010000 4 1111
51.010000 5 1105
51.010000 6 863
51.010000 7 1097
51.010000 8 1120
51.010000 9 856
51.010000 10 1133
51.010000 11 1125
51.010000 12 1102
51.010000 13 1023
51.010000 14 997
51.010000 15 843
52.010000 0 973
52.010000 1 1135
52.010000 2 1127
52.010000 3 1135
52.010000 4 1139
52.010000 5 1138
52.010000 6 855
52.010000 7 1143
52.010000 8 1140
52.010000 9 851
52.010000 10 1128
52.010000 11 1142
52.010000 12 1117
52.010000 13 1002
52.010000 14 973
52.010000 15 830
53.010000 0 1094
53.010000 1 1225
53.010000 2 1217
53.010000 3 1226
53.010000 4 1213
53.010000 5 1224
53.010000 6 975
53.010000 7 1190
53.010000 8 1223
53.010000 9 934
53.010000 10 1215
53.010000 11 1229
53.010000 12 1204
53.010000 13 1083
53.010000 14 1094
53.010000 15 916
54.010000 0 990
54.010000 1 1143
54.010000 2 1137
54.010000 3 1146
54.010000 4 1136
54.010000 5 1143
54.010000 6 866
54.010000 7 1132
54.010000 8 1146
54.010000 9 890
54.010000 10 1154
54.010000 11 1152
54.010000 12 1127
54.010000 13 1041
54.010000 14 990
54.010000 15 874
55.010000 0 1051
55.010000 1 1190
55.010000 2 1177
55.010000 3 1184
55.010000 4 1174
55.010000 5 1182
55.010000 6 919
55.010000 7 1174
55.010000 8 1183
55.010000 9 897
55.010000 10 1174
55.010000 11 1189
55.010000 12 1171
55.010000 13 1038
55.010000 14 1051
55.010000 15 878
56.010000 0 1031
56.010000 1 1185
56.010000 2 1176
56.010000 3 1186
56.010000 4 1175
56.010000 5 1180
56.010000 6 908
56.010000 7 1165
56.010000 8 1184
56.010000 9 902
56.010000 10 1174
56.010000 11 1183
56.010000 12 1159
56.010000 13 1059
56.010000 14 1031
56.010000 15 882
57.010000 0 1001
57.010000 1 1137
57.010000 2 1122
57.010000 3 1140
57.010000 4 1127
57.010000 5 1136
57.010000 6 889
57.010000 7 1136
57.010000 8 1138
57.010000 9 853
57.010000 10 1131
57.010000 11 1142
57.010000 12 1111
57.010000 13 1004
57.010000 14 1001
57.010000 15 834
58.010000 0 993
58.010000 1 1142
58.010000 2 1134
58.010000 3 1156
58.010000 4 1148
58.010000 5 1142
58.010000 6 862
58.010000 7 1127
58.010000 8 1153
58.010000 9 855
58.010000 10 1136
58.010000 11 1143
58.010000 12 1127
58.010000 13 1001
58.010000 14 993
58.010000 15 838
59.010000 0 1052
59.010000 1 1190
59.010000 2 1175
59.010000 3 1191
59.010000 4 1170
59.010000 5 1185
59.010000 6 933
59.010000 7 1172
59.010000 8 1183
59.010000 9 917
59.010000 10 1179
59.010000 11 1192
59.010000 12 1156
59.010000 13 1065
59.010000 14 1052
59.010000 15 897
60.010000 0 984
60.010000 1 1133
60.010000 2 1132
60.010000 3 1131
60.010000 4 1138
60.010000 5 1148
60.010000 6 859
60.010000 7 1119
60.010000 8 1133
60.010000 9 847
60.010000 10 1125
60.010000 11 1132
60.010000 12 1124
60.010000 13 991
60.010000 14 984
60.010000 15 836
61.010000 0 1057
61.010000 1 1194
61.010000 2 1183
61.010000 3 1204
61.010000 4 1186
61.010000 5 1185
61.010000 6 941
61.010000 7 1195
61.010000 8 1199
61.010000 9 921
61.010000 10 1190
61.010000 11 1206
61.010000 12 1167
61.010000 13 1075
61.010000 14 1057
61.010000 15 904
62.010000 0 974
62.010000 1 1142
62.010000 2 1138
62.010000 3 1145
62.010000 4 1118
62.010000 5 1140
62.010000 6 852
62.010000 7 1125
62.010000 8 1135
62.010000 9 874
62.010000 10 1136
62.010000 11 1139
62.010000 12 1137
62.010000 13 1002
62.010000 14 974
62.010000 15 859
63.010000 0 1023
63.010000 1 1168
63.010000 2 1170
63.010000 3 1164
63.010000 4 1168
63.010000 5 1168
63.010000 6 893
63.010000 7 1147
63.010000 8 1170
63.010000 9 871
63.010000 10 1156
63.010000 11 1164
63.010000 12 1163
63.010000 13 1018
63.010000 14 1023
63.010000 15 852
64.010000 0 1082
64.010000 1 1244
64.010000 2 1212
64.010000 3 1247
64.010000 4 1232
64.010000 5 1245
64.010000 6 964
64.010000 7 1236
64.010000 8 1247
64.010000 9 957
64.010000 10 1238
64.010000 11 1249
64.010000 12 1191
64.010000 13 1123
64.010000 14 1082
64.010000 15 942
65.010000 0 1020
65.010000 1 1174
65.010000 2 1171
65.010000 3 1180
65.010000 4 1156
65.010000 5 1175
65.010000 6 915
65.010000 7 1163
65.010000 8 1182
65.010000 9 903
65.010000 10 1174
65.010000 11 1182
65.010000 12 1150
65.010000 13 1053
65.010000 14 1020
65.010000 15 894
66.010000 0 1054
66.010000 1 1205
66.010000 2 1192
66.010000 3 1206
66.010000 4 1212
66.010000 5 1206
66.010000 6 937
66.010000 7 1186
66.010000 8 1200
66.010000 9 912
66.010000 10 1183
66.010000 11 1195
66.010000 12 1170
66.010000 13 1072
66.010000 14 1054
66.010000 15 889
67.010000 0 1083
67.010000 1 1216
67.010000 2 1200
67.010000 3 1213
67.010000 4 1188
67.010000 5 1215
67.010000 6 952
67.010000 7 1202
67.010000 8 1218
67.010000 9 922
67.010000 10 1199
67.010000 11 1232
67.010000 12 1173
67.010000 13 1100
67.010000 14 1083
67.010000 15 902
68.010000 0 1003
68.010000 1 1154
68.010000 2 1146
68.010000 3 1158
68.010000 4 1146
68.010000 5 1154
68.010000 6 884
68.010000 7 1154
68.010000 8 1151
68.010000 9 892
68.010000 10 1144
68.010000 11 1141
68.010000 12 1138
68.010000 13 1021
68.010000 14 1003
68.010000 15 871
69.010000 0 1003
69.010000 1 1139
69.010000 2 1144
69.010000 3 1148
69.010000 4 1142
69.010000 5 1149
69.010000 6 901
69.010000 7 1136
69.010000 8 1150
69.010000 9 883
69.010000 10 1143
69.010000 11 1164
69.010000 12 1132
69.010000 13 1022
69.010000 14 1003
69.010000 15 868
70.010000 0 1050
70.010000 1 1204
70.010000 2 1181
70.010000 3 1203
70.010000 4 1185
70.010000 5 1192
70.010000 6 917
70.010000 7 1179
70.010000 8 1188
70.010000 9 915
70.010000 10 1181
70.010000 11 1186
70.010000 12 1175
70.010000 13 1059
70.010000 14 1050
70.010000 15 898
71.010000 0 1011
71.010000 1 1172
71.010000 2 1161
71.010000 3 1170
71.010000 4 1174
71.010000 5 1170
71.010000 6 909
71.010000 7 1154
71.010000 8 1168
71.010000 9 876
71.010000 10 1157
71.010000 11 1166
71.010000 12 1140
71.010000 13 1028
71.010000 14 1011
71.010000 15 855
72.010000 0 1009
72.010000 1 1156
72.010000 2 1154
72.010000 3 1159
72.010000 4 1147
72.010000 5 1159
72.010000 6 894
72.010000 7 1142
72.010000 8 1160
72.010000 9 881
72.010000 10 1152
72.010000 11 1169
72.010000 12 1133
72.010000 13 1026
72.010000 14 1009
72.010000 15 863
73.010000 0 1068
73.010000 1 1218
73.010000 2 1205
73.010000 3 1207
73.010000 4 1206
73.010000 5 1219
73.010000 6 960
73.010000 7 1203
73.010000 8 1214
73.010000 9 936
73.010000 10 1208
73.010000 11 1223
73.010000 12 1193
73.010000 13 1085
73.010000 14 1068
73.010000 15 916
74.010000 0 1019
74.010000 1 1181
74.010000 2 1173
74.010000 3 1182
74.010000 4 1172
74.010000 5 1182
74.010000 6 903
74.010000 7 1166
74.010000 8 1179
74.010000 9 908
74.010000 10 1172
74.010000 11 1186
74.010000 12 1157
74.010000 13 1061
74.010000 14 1019
74.010000 15 891
75.010000 0 1015
75.010000 1 1147
75.010000 2 1126
75.010000 3 1155
75.010000 4 1134
75.010000 5 1146
75.010000 6 893
75.010000 7 1144
75.010000 8 1149
75.010000 9 887
75.010000 10 1147
75.010000 11 1152
75.010000 12 1112
75.010000 13 1029
75.010000 14 1015
75.010000 15 869
76.010000 0 1038
76.010000 1 1161
76.010000 2 1144
76.010000 3 1161
76.010000 4 1146
76.010000 5 1156
76.010000 6 913
76.010000 7 1143
76.010000 8 1153
76.010000 9 879
76.010000 10 1149
76.010000 11 1160
76.010000 12 1127
76.010000 13 1017
76.010000 14 1038
76.010000 15 861
77.010000 0 1060
77.010000 1 1221
77.010000 2 1213
77.010000 3 1218
77.010000 4 1207
77.010000 5 1204
77.010000 6 954
77.010000 7 1202
77.010000 8 1219
77.010000 9 931
77.010000 10 1212
77.010000 11 1222
77.010000 12 1196
77.010000 13 1089
77.010000 14 1060
77.010000 15 911
78.010000 0 1067
78.010000 1 1214
78.010000 2 1193
78.010000 3 1215
78.010000 4 1203
78.010000 5 1225
78.010000 6 923
78.010000 7 1198
78.010000 8 1212
78.010000 9 923
78.010000 10 1203
78.010000 11 1216
78.010000 12 1185
78.010000 13 1076
78.010000 14 1067
78.010000 15 906
79.010000 0 990
79.010000 1 1156
79.010000 2 1143
79.010000 3 1155
79.010000 4 1143
79.010000 5 1140
79.010000 6 875
79.010000 7 1153
79.010000 8 1149
79.010000 9 875
79.010000 10 1161
79.010000 11 1155
79.010000 12 1134
79.010000 13 1017
79.010000 14 990
79.010000 15 864
80.010000 0 1017
80.010000 1 1157
80.010000 2 1155
80.010000 3 1165
80.010000 4 1157
80.010000 5 1157
80.010000 6 901
80.010000 7 1161
80.010000 8 1165
80.010000 9 885
80.010000 10 1156
80.010000 11 1169
80.010000 12 1142
80.010000 13 1035
80.010000 14 1017
80.010000 15 867
81.010000 0 991
81.010000 1 1145
81.010000 2 1127
81.010000 3 1138
81.010000 4 1122
81.010000 5 1136
81.010000 6 873
81.010000 7 1121
81.010000 8 1134
81.010000 9 869
81.010000 10 1125
81.010000 11 1136
81.010000 12 1122
81.010000 13 1015
81.010000 14 991
81.010000 15 852
82.010000 0 1105
82.010000 1 1253
82.010000 2 1243
82.010000 3 1255
82.010000 4 1246
82.010000 5 1255
82.010000 6 978
82.010000 7 1237
82.010000 8 1255
82.010000 9 952
82.010000 10 1243
82.010000 11 1257
82.010000 12 1234
82.010000 13 1105
82.010000 14 1105
82.010000 15 933
83.010000 0 965
83.010000 1 1112
83.010000 2 1109
83.010000 3 1110
83.010000 4 1114
83.010000 5 1109
83.010000 6 849
83.010000 7 1093
83.010000 8 1109
83.010000 9 840
83.010000 10 1099
83.010000 11 1108
83.010000 12 1101
83.010000 13 979
83.010000 14 965
83.010000 15 823
84.010000 0 1016
84.010000 1 1172
84.010000 2 1152
84.010000 3 1161
84.010000 4 1149
84.010000 5 1161
84.010000 6 875
84.010000 7 1145
84.010000 8 1169
84.010000 9 860
84.010000 10 1150
84.010000 11 1165
84.010000 12 1135
84.010000 13 1033
84.010000 14 1016
84.010000 15 845
85.010000 0 991
85.010000 1 1151
85.010000 2 1150
85.010000 3 1149
85.010000 4 1133
85.010000 5 1166
85.010000 6 875
85.010000 7 1140
85.010000 8 1166
85.010000 9 865
85.010000 10 1140
85.010000 11 1156
85.010000 12 1138
85.010000 13 1018
85.010000 14 991
85.010000 15 849
86.010000 0 1037
86.010000 1 1183
86.010000 2 1176
86.010000 3 1186
86.010000 4 1182
86.010000 5 1166
86.010000 6 935
86.010000 7 1169
86.010000 8 1165
86.010000 9 913
86.010000 10 1174
86.010000 11 1187
86.010000 12 1166
86.010000 13 1047
86.010000 14 1037
86.010000 15 901
87.010000 0 1032
87.010000 1 1191
87.010000 2 1192
87.010000 3 1181
87.010000 4 1168
87.010000 5 1200
87.010000 6 910
87.010000 7 1159
87.010000 8 1185
87.010000 9 903
87.010000 10 1169
87.010000 11 1185
87.010000 12 1184
87.010000 13 1045
87.010000 14 1032
87.010000 15 888
88.010000 0 1038
88.010000 1 1176
88.010000 2 1159
88.010000 3 1187
88.010000 4 1164
88.010000 5 1177
88.010000 6 911
88.010000 7 1181
88.010000 8 1194
88.010000 9 903
88.010000 10 1177
88.010000 11 1190
88.010000 12 1148
88.010000 13 1051
88.010000 14 1038
88.010000 15 883
89.010000 0 1031
89.010000 1 1171
89.010000 2 1162
89.010000 3 1173
89.010000 4 1158
89.010000 5 1168
89.010000 6 901
89.010000 7 1159
89.010000 8 1174
89.010000 9 894
89.010000 10 1180
89.010000 11 1176
89.010000 12 1153
89.010000 13 1041
89.010000 14 1031
89.010000 15 878
90.010000 0 975
90.010000 1 1127
90.010000 2 1114
90.010000 3 1128
90.010000 4 1116
90.010000 5 1124
90.010000 6 870
90.010000 7 1131
90.010000 8 1124
90.010000 9 859
90.010000 10 1118
90.010000 11 1129
90.010000 12 1093
90.010000 13 1009
90.010000 14 975
90.010000 15 842
91.010000 0 986
91.010000 1 1134
91.010000 2 1125
91.010000 3 1144
91.010000 4 1124
91.010000 5 1134
91.010000 6 871
91.010000 7 1122
91.010000 8 1132
91.010000 9 855
91.010000 10 1135
91.010000 11 1136
91.010000 12 1112
91.010000 13 1010
91.010000 14 986
91.010000 15 840
92.010000 0 1029
92.010000 1 1153
92.010000 2 1152
92.010000 3 1157
92.010000 4 1147
92.010000 5 1154
92.010000 6 893
92.010000 7 1148
92.010000 8 1155
92.010000 9 860
92.010000 10 1163
92.010000 11 1161
92.010000 12 1141
92.010000 13 1012
92.010000 14 1029
92.010000 15 851
93.010000 0 1112
93.010000 1 1252
93.010000 2 1241
93.010000 3 1251
93.010000 4 1239
93.010000 5 1250
93.010000 6 978
93.010000 7 1215
93.010000 8 1248
93.010000 9 956
93.010000 10 1240
93.010000 11 1254
93.010000 12 1226
93.010000 13 1124
93.010000 14 1112
93.010000 15 936
94.010000 0 959
94.010000 1 1102
94.010000 2 1101
94.010000 3 1107
94.010000 4 1099
94.010000 5 1115
94.010000 6 838
94.010000 7 1095
94.010000 8 1106
94.010000 9 848
94.010000 10 1116
94.010000 11 1112
94.010000 12 1092
94.010000 13 986
94.010000 14 959
94.010000 15 834
95.010000 0 1058
95.010000 1 1204
95.010000 2 1194
95.010000 3 1202
95.010000 4 1193
95.010000 5 1203
95.010000 6 928
95.010000 7 1187
95.010000 8 1200
95.010000 9 906
95.010000 10 1193
95.010000 11 1205
95.010000 12 1173
95.010000 13 1063
95.010000 14 1058
95.010000 15 886
96.010000 0 1000
96.010000 1 1139
96.010000 2 1130
96.010000 3 1137
96.010000 4 1126
96.010000 5 1144
96.010000 6 872
96.010000 7 1125
96.010000 8 1137
96.010000 9 858
96.010000 10 1127
96.010000 11 1140
96.010000 12 1113
96.010000 13 1021
96.010000 14 1000
96.010000 15 845
97.010000 0 1018
97.010000 1 1147
97.010000 2 1146
97.010000 3 1142
97.010000 4 1133
97.010000 5 1154
97.010000 6 900
97.010000 7 1132
97.010000 8 1152
97.010000 9 896
97.010000 10 1142
97.010000 11 1155
97.010000 12 1134
97.010000 13 1031
97.010000 14 1018
97.010000 15 879
98.010000 0 1039
98.010000 1 1180
98.010000 2 1159
98.010000 3 1191
98.010000 4 1182
98.010000 5 1175
98.010000 6 906
98.010000 7 1162
98.010000 8 1177
98.010000 9 877
98.010000 10 1170
98.010000 11 1179
98.010000 12 1144
98.010000 13 1039
98.010000 14 1039
98.010000 15 857
99.010000 0 1049
99.010000 1 1189
99.010000 2 1182
99.010000 3 1185
99.010000 4 1177
99.010000 5 1187
99.010000 6 915
99.010000 7 1168
99.010000 8 1185
99.010000 9 885
99.010000 10 1174
99.010000 11 1187
99.010000 12 1160
99.010000 13 1049
99.010000 14 1049
99.010000 15 867
100.010000 0 1022
100.010000 1 1174
100.010000 2 1164
100.010000 3 1174
100.010000 4 1162
100.010000 5 1171
100.010000 6 915
100.010000 7 1163
100.010000 8 1175
100.010000 9 895
100.010000 10 1162
100.010000 11 1177
100.010000 12 1146
100.010000 13 1046
100.010000 14 1022
100.010000 15 877
101.010000 0 1055
101.010000 1 1207
101.010000 2 1196
101.010000 3 1215
101.010000 4 1199
101.010000 5 1194
101.010000 6 928
101.010000 7 1197
101.010000 8 1209
101.010000 9 950
101.010000 10 1200
101.010000 11 1212
101.010000 12 1182
101.010000 13 1094
101.010000 14 1055
101.010000 15 932
102.010000 0 1011
102.010000 1 1137
102.010000 2 1135
102.010000 3 1139
102.010000 4 1127
102.010000 5 1140
102.010000 6 893
102.010000 7 1121
102.010000 8 1141
102.010000 9 844
102.010000 10 1145
102.010000 11 1145
102.010000 12 1113
102.010000 13 1002
102.010000 14 1011
102.010000 15 834
103.010000 0 1058
103.010000 1 1231
103.010000 2 1228
103.010000 3 1224
103.010000 4 1217
103.010000 5 1236
103.010000 6 941
103.010000 7 1212
103.010000 8 1229
103.010000 9 910
103.010000 10 1218
103.010000 11 1230
103.010000 12 1198
103.010000 13 1090
103.010000 14 1058
103.010000 15 895
104.010000 0 966
104.010000 1 1108
104.010000 2 1101
104.010000 3 1103
104.010000 4 1097
104.010000 5 1118
104.010000 6 844
104.010000 7 1092
104.010000 8 1118
104.010000 9 837
104.010000 10 1097
104.010000 11 1112
104.010000 12 1096
104.010000 13 979
104.010000 14 966
104.010000 15 818
105.010000 0 1058
105.010000 1 1233
105.010000 2 1232
105.010000 3 1232
105.010000 4 1221
105.010000 5 1234
105.010000 6 951
105.010000 7 1215
105.010000 8 1228
105.010000 9 932
105.010000 10 1221
105.010000 11 1232
105.010000 12 1205
105.010000 13 1095
105.010000 14 1058
105.010000 15 916
106.010000 0 1031
106.010000 1 1166
106.010000 2 1162
106.010000 3 1170
106.010000 4 1139
106.010000 5 1160
106.010000 6 893
106.010000 7 1149
106.010000 8 1164
106.010000 9 899
106.010000 10 1156
106.010000 11 1166
106.010000 12 1154
106.010000 13 1037
106.010000 14 1031
106.010000 15 884
107.010000 0 1024
107.010000 1 1167
107.010000 2 1162
107.010000 3 1166
107.010000 4 1170
107.010000 5 1166
107.010000 6 896
107.010000 7 1152
107.010000 8 1166
107.010000 9 868
107.010000 10 1155
107.010000 11 1165
107.010000 12 1139
107.010000 13 1023
107.010000 14 1024
107.010000 15 851
108.010000 0 1042
108.010000 1 1190
108.010000 2 1189
108.010000 3 1187
108.010000 4 1164
108.010000 5 1190
108.010000 6 904
108.010000 7 1174
108.010000 8 1191
108.010000 9 909
108.010000 10 1195
108.010000 11 1195
108.010000 12 1176
108.010000 13 1062
108.010000 14 1042
108.010000 15 893
109.010000 0 1079
109.010000 1 1217
109.010000 2 1197
109.010000 3 1211
109.010000 4 1197
109.010000 5 1206
109.010000 6 958
109.010000 7 1192
109.010000 8 1194
109.010000 9 912
109.010000 10 1196
109.010000 11 1212
109.010000 12 1169
109.010000 13 1073
109.010000 14 1079
109.010000 15 894
110.010000 0 1025
110.010000 1 1176
110.010000 2 1175
110.010000 3 1180
110.010000 4 1168
110.010000 5 1164
110.010000 6 904
110.010000 7 1161
110.010000 8 1188
110.010000 9 898
110.010000 10 1169
110.010000 11 1179
110.010000 12 1151
110.010000 13 1049
110.010000 14 1025
110.010000 15 881
111.010000 0 1058
111.010000 1 1176
111.010000 2 1171
111.010000 3 1185
111.010000 4 1173
111.010000 5 1187
111.010000 6 937
111.010000 7 1189
111.010000 8 1183
111.010000 9 891
111.010000 10 1179
111.010000 11 1192
111.010000 12 1157
111.010000 13 1059
111.010000 14 1058
111.010000 15 872
112.010000 0 963
112.010000 1 1103
112.010000 2 1089
112.010000 3 1099
112.010000 4 1090
112.010000 5 1093
112.010000 6 837
112.010000 7 1092
112.010000 8 1103
112.010000 9 804
112.010000 10 1089
112.010000 11 1107
112.010000 12 1063
112.010000 13 971
112.010000 14 963
112.010000 15 784
113.010000 0 1060
113.010000 1 1204
113.010000 2 1193
113.010000 3 1207
113.010000 4 1192
113.010000 5 1199
113.010000 6 933
113.010000 7 1186
113.010000 8 1202
113.010000 9 927
113.010000 10 1194
113.010000 11 1193
113.010000 12 1175
113.010000 13 1070
113.010000 14 1060
113.010000 15 910
114.010000 0 982
114.010000 1 1152
114.010000 2 1141
114.010000 3 1135
114.010000 4 1129
114.010000 5 1141
114.010000 6 831
114.010000 7 1126
114.010000 8 1150
114.010000 9 835
114.010000 10 1129
114.010000 11 1148
114.010000 12 1138
114.010000 13 1009
114.010000 14 982
114.010000 15 823
115.010000 0 1080
115.010000 1 1199
115.010000 2 1207
115.010000 3 1228
115.010000 4 1210
115.010000 5 1207
115.010000 6 980
115.010000 7 1205
115.010000 8 1212
115.010000 9 956
115.010000 10 1219
115.010000 11 1225
115.010000 12 1186
115.010000 13 1108
115.010000 14 1080
115.010000 15 939
116.010000 0 962
116.010000 1 1126
116.010000 2 1127
116.010000 3 1124
116.010000 4 1119
116.010000 5 1125
116.010000 6 836
116.010000 7 1107
116.010000 8 1126
116.010000 9 817
116.010000 10 1133
116.010000 11 1124
116.010000 12 1111
116.010000 13 990
116.010000 14 962
116.010000 15 806
117.010000 0 1031
117.010000 1 1186
117.010000 2 1181
117.010000 3 1188
117.010000 4 1178
117.010000 5 1193
117.010000 6 926
117.010000 7 1172
117.010000 8 1182
117.010000 9 901
117.010000 10 1176
117.010000 11 1186
117.010000 12 1165
117.010000 13 1032
117.010000 14 1031
117.010000 15 886
118.010000 0 986
118.010000 1 1142
118.010000 2 1141
118.010000 3 1139
118.010000 4 1147
118.010000 5 1146
118.010000 6 861
118.010000 7 1128
118.010000 8 1155
118.010000 9 854
118.010000 10 1133
118.010000 11 1148
118.010000 12 1128
118.010000 13 1024
118.010000 14 986
118.010000 15 837
119.010000 0 1007
119.010000 1 1161
119.010000 2 1151
119.010000 3 1172
119.010000 4 1150
119.010000 5 1168
119.010000 6 880
119.010000 7 1150
119.010000 8 1153
119.010000 9 884
119.010000 10 1152
119.010000 11 1161
119.010000 12 1145
119.010000 13 1031
119.010000 14 1007
119.010000 15 868
120.010000 0 1027
120.010000 1 1168
120.010000 2 1156
120.010000 3 1177
120.010000 4 1156
120.010000 5 1165
120.010000 6 899
120.010000 7 1149
120.010000 8 1164
120.010000 9 882
120.010000 10 1152
120.010000 11 1165
120.010000 12 1143
120.010000 13 1020
120.010000 14 1027
120.010000 15 860
121.010000 0 972
121.010000 1 1113
121.010000 2 1115
121.010000 3 1118
121.010000 4 1105
121.010000 5 1118
121.010000 6 847
121.010000 7 1108
121.010000 8 1124
121.010000 9 834
121.010000 10 1110
121.010000 11 1120
121.010000 12 1094
121.010000 13 1008
121.010000 14 972
121.010000 15 827
122.010000 0 1013
122.010000 1 1162
122.010000 2 1157
122.010000 3 1162
122.010000 4 1153
122.010000 5 1165
122.010000 6 887
122.010000 7 1152
122.010000 8 1169
122.010000 9 879
122.010000 10 1152
122.010000 11 1164
122.010000 12 1149
122.010000 13 1029
122.010000 14 1013
122.010000 15 862
123.010000 0 1047
123.010000 1 1179
123.010000 2 1174
123.010000 3 1180
123.010000 4 1168
123.010000 5 1176
123.010000 6 920
123.010000 7 1159
123.010000 8 1178
123.010000 9 895
123.010000 10 1173
123.010000 11 1183
123.010000 12 1165
123.010000 13 1040
123.010000 14 1047
123.010000 15 883
124.010000 0 980
124.010000 1 1153
124.010000 2 1138
124.010000 3 1145
124.010000 4 1148
124.010000 5 1142
124.010000 6 863
124.010000 7 1126
124.010000 8 1139
124.010000 9 860
124.010000 10 1137
124.010000 11 1142
124.010000 12 1131
124.010000 13 1007
124.010000 14 980
124.010000 15 849
125.010000 0 1016
125.010000 1 1153
125.010000 2 1138
125.010000 3 1152
125.010000 4 1143
125.010000 5 1155
125.010000 6 878
125.010000 7 1141
125.010000 8 1150
125.010000 9 857
125.010000 10 1145
125.010000 11 1153
125.010000 12 1124
125.010000 13 1019
125.010000 14 1016
125.010000 15 842
126.010000 0 1056
126.010000 1 1190
126.010000 2 1180
126.010000 3 1213
126.010000 4 1187
126.010000 5 1196
126.010000 6 941
126.010000 7 1186
126.010000 8 1187
126.010000 9 943
126.010000 10 1191
126.010000 11 1207
126.010000 12 1169
126.010000 13 1083
126.010000 14 1056
126.010000 15 926
127.010000 0 1021
127.010000 1 1158
127.010000 2 1152
127.010000 3 1165
127.010000 4 1152
127.010000 5 1158
127.010000 6 908
127.010000 7 1138
127.010000 8 1156
127.010000 9 889
127.010000 10 1153
127.010000 11 1147
127.010000 12 1139
127.010000 13 1023
127.010000 14 1021
127.010000 15 871
128.010000 0 1054
128.010000 1 1223
128.010000 2 1206
128.010000 3 1229
128.010000 4 1226
128.010000 5 1218
128.010000 6 927
128.010000 7 1209
128.010000 8 1221
128.010000 9 923
128.010000 10 1207
128.010000 11 1224
128.010000 12 1199
128.010000 13 1073
128.010000 14 1054
128.010000 15 902
129.010000 0 981
129.010000 1 1124
129.010000 2 1114
129.010000 3 1117
129.010000 4 1116
129.010000 5 1134
129.010000 6 843
129.010000 7 1128
129.010000 8 1126
129.010000 9 824
129.010000 10 1131
129.010000 11 1129
129.010000 12 1100
129.010000 13 997
129.010000 14 981
129.010000 15 810
130.010000 0 1050
130.010000 1 1216
130.010000 2 1200
130.010000 3 1212
130.010000 4 1202
130.010000 5 1201
130.010000 6 943
130.010000 7 1218
130.010000 8 1213
130.010000 9 928
130.010000 10 1208
130.010000 11 1218
130.010000 12 1180
130.010000 13 1083
130.010000 14 1050
130.010000 15 911
131.010000 0 1029
131.010000 1 1186
131.010000 2 1167
131.010000 3 1176
131.010000 4 1162
131.010000 5 1175
131.010000 6 917
131.010000 7 1145
131.010000 8 1174
131.010000 9 912
131.010000 10 1162
131.010000 11 1174
131.010000 12 1160
131.010000 13 1045
131.010000 14 1029
131.010000 15 894
132.010000 0 1074
132.010000 1 1203
132.010000 2 1207
132.010000 3 1216
132.010000 4 1206
132.010000 5 1220
132.010000 6 935
132.010000 7 1207
132.010000 8 1228
132.010000 9 922
132.010000 10 1214
132.010000 11 1227
132.010000 12 1176
132.010000 13 1105
132.010000 14 1074
132.010000 15 904
133.010000 0 986
133.010000 1 1128
133.010000 2 1124
133.010000 3 1126
133.010000 4 1118
133.010000 5 1130
133.010000 6 863
133.010000 7 1125
133.010000 8 1125
133.010000 9 851
133.010000 10 1114
133.010000 11 1130
133.010000 12 1110
133.010000 13 992
133.010000 14 986
133.010000 15 835
134.010000 0 1047
134.010000 1 1189
134.010000 2 1183
134.010000 3 1191
134.010000 4 1185
134.010000 5 1188
134.010000 6 920
134.010000 7 1172
134.010000 8 1184
134.010000 9 893
134.010000 10 1181
134.010000 11 1185
134.010000 12 1165
134.010000 13 1038
134.010000 14 1047
134.010000 15 876
135.010000 0 1011
135.010000 1 1160
135.010000 2 1156
135.010000 3 1171
135.010000 4 1149
135.010000 5 1163
135.010000 6 881
135.010000 7 1153
135.010000 8 1163
135.010000 9 896
135.010000 10 1156
135.010000 11 1168
135.010000 12 1148
135.010000 13 1053
135.010000 14 1011
135.010000 15 881
136.010000 0 971
136.010000 1 1118
136.010000 2 1112
136.010000 3 1127
136.010000 4 1109
136.010000 5 1129
136.010000 6 840
136.010000 7 1103
136.010000 8 1121
136.010000 9 822
136.010000 10 1122
136.010000 11 1122
136.010000 12 1105
136.010000 13 972
136.010000 14 971
136.010000 15 807
137.010000 0 1056
137.010000 1 1219
137.010000 2 1212
137.010000 3 1223
137.010000 4 1208
137.010000 5 1205
137.010000 6 955
137.010000 7 1202
137.010000 8 1215
137.010000 9 950
137.010000 10 1214
137.010000 11 1218
137.010000 12 1202
137.010000 13 1087
137.010000 14 1056
137.010000 15 939
138.010000 0 1009
138.010000 1 1164
138.010000 2 1159
138.010000 3 1163
138.010000 4 1154
138.010000 5 1164
138.010000 6 888
138.010000 7 1162
138.010000 8 1162
138.010000 9 870
138.010000 10 1156
138.010000 11 1163
138.010000 12 1144
138.010000 13 1030
138.010000 14 1009
138.010000 15 856
139.010000 0 1041
139.010000 1 1187
139.010000 2 1186
139.010000 3 1188
139.010000 4 1180
139.010000 5 1189
139.010000 6 920
139.010000 7 1175
139.010000 8 1193
139.010000 9 884
139.010000 10 1182
139.010000 11 1191
139.010000 12 1156
139.010000 13 1052
139.010000 14 1041
139.010000 15 873
140.010000 0 1010
140.010000 1 1149
140.010000 2 1154
140.010000 3 1154
140.010000 4 1140
140.010000 5 1150
140.010000 6 890
140.010000 7 1141
140.010000 8 1150
140.010000 9 876
140.010000 10 1145
140.010000 11 1155
140.010000 12 1144
140.010000 13 1022
140.010000 14 1010
140.010000 15 868
141.010000 0 1011
141.010000 1 1162
141.010000 2 1159
141.010000 3 1166
141.010000 4 1171
141.010000 5 1170
141.010000 6 884
141.010000 7 1154
141.010000 8 1186
141.010000 9 871
141.010000 10 1158
141.010000 11 1169
141.010000 12 1144
141.010000 13 1031
141.010000 14 1011
141.010000 15 854
142.010000 0 1116
142.010000 1 1272
142.010000 2 1259
142.010000 3 1271
142.010000 4 1243
142.010000 5 1272
142.010000 6 1008
142.010000 7 1251
142.010000 8 1245
142.010000 9 1011
142.010000 10 1258
142.010000 11 1272
142.010000 12 1247
142.010000 13 1158
142.010000 14 1116
142.010000 15 992
143.010000 0 1002
143.010000 1 1149
143.010000 2 1144
143.010000 3 1149
143.010000 4 1139
143.010000 5 1149
143.010000 6 887
143.010000 7 1133
143.010000 8 1145
143.010000 9 867
143.010000 10 1137
143.010000 11 1146
143.010000 12 1129
143.010000 13 1017
143.010000 14 1002
143.010000 15 850
144.010000 0 950
144.010000 1 1102
144.010000 2 1092
144.010000 3 1094
144.010000 4 1086
144.010000 5 1092
144.010000 6 825
144.010000 7 1079
144.010000 8 1104
144.010000 9 806
144.010000 10 1081
144.010000 11 1093
144.010000 12 1078
144.010000 13 964
144.010000 14 950
144.010000 15 790
145.010000 0 1036
145.010000 1 1172
145.010000 2 1161
145.010000 3 1168
145.010000 4 1161
145.010000 5 1167
145.010000 6 909
145.010000 7 1159
145.010000 8 1163
145.010000 9 874
145.010000 10 1174
145.010000 11 1177
145.010000 12 1139
145.010000 13 1043
145.010000 14 1036
145.010000 15 857
146.010000 0 1059
146.010000 1 1195
146.010000 2 1186
146.010000 3 1199
146.010000 4 1184
146.010000 5 1200
146.010000 6 923
146.010000 7 1192
146.010000 8 1194
146.010000 9 918
146.010000 10 1183
146.010000 11 1200
146.010000 12 1174
146.010000 13 1067
146.010000 14 1059
146.010000 15 895
147.010000 0 1039
147.010000 1 1186
147.010000 2 1177
147.010000 3 1187
147.010000 4 1187
147.010000 5 1181
147.010000 6 919
147.010000 7 1162
147.010000 8 1189
147.010000 9 899
147.010000 10 1168
147.010000 11 1180
147.010000 12 1166
147.010000 13 1046
147.010000 14 1039
147.010000 15 883
148.010000 0 1011
148.010000 1 1174
148.010000 2 1161
148.010000 3 1169
148.010000 4 1158
148.010000 5 1168
148.010000 6 892
148.010000 7 1155
148.010000 8 1167
148.010000 9 886
148.010000 10 1164
148.010000 11 1174
148.010000 12 1152
148.010000 13 1037
148.010000 14 1011
148.010000 15 866
149.010000 0 997
149.010000 1 1162
149.010000 2 1168
149.010000 3 1151
149.010000 4 1167
149.010000 5 1159
149.010000 6 886
149.010000 7 1143
149.010000 8 1160
149.010000 9 870
149.010000 10 1155
149.010000 11 1170
149.010000 12 1153
149.010000 13 1032
149.010000 14 997
149.010000 15 861
