0.010000 0 4
0.010000 1 3
0.010000 2 4
0.010000 3 4
0.010000 4 3
0.010000 5 3
0.010000 6 4
0.010000 7 3
0.010000 8 4
0.010000 9 4
0.010000 10 4
0.010000 11 4
0.010000 12 4
0.010000 13 4
0.010000 14 4
1.010000 0 14
1.010000 1 15
1.010000 2 14
1.010000 3 15
1.010000 4 15
1.010000 5 15
1.010000 6 15
1.010000 7 16
1.010000 8 14
1.010000 9 15
1.010000 10 15
1.010000 11 15
1.010000 12 14
1.010000 13 14
1.010000 14 14
2.010000 0 13
2.010000 1 15
2.010000 2 11
2.010000 3 14
2.010000 4 15
2.010000 5 14
2.010000 6 14
2.010000 7 13
2.010000 8 15
2.010000 9 14
2.010000 10 14
2.010000 11 13
2.010000 12 11
2.010000 13 15
2.010000 14 13
3.010000 0 12
3.010000 1 13
3.010000 2 14
3.010000 3 13
3.010000 4 13
3.010000 5 14
3.010000 6 12
3.010000 7 13
3.010000 8 13
3.010000 9 12
3.010000 10 12
3.010000 11 14
3.010000 12 14
3.010000 13 13
3.010000 14 12
4.010000 0 13
4.010000 1 16
4.010000 2 13
4.010000 3 16
4.010000 4 16
4.010000 5 16
4.010000 6 17
4.010000 7 17
4.010000 8 16
4.010000 9 17
4.010000 10 17
4.010000 11 15
4.010000 12 13
4.010000 13 15
4.010000 14 13
5.010000 0 14
5.010000 1 13
5.010000 2 12
5.010000 3 13
5.010000 4 13
5.010000 5 12
5.010000 6 13
5.010000 7 13
5.010000 8 12
5.010000 9 13
5.010000 10 13
5.010000 11 13
5.010000 12 12
5.010000 13 14
5.010000 14 14
6.010000 0 12
6.010000 1 15
6.010000 2 14
6.010000 3 14
6.010000 4 14
6.010000 5 16
6.010000 6 15
6.010000 7 15
6.010000 8 16
6.010000 9 15
6.010000 10 15
6.010000 11 16
6.010000 12 14
6.010000 13 15
6.010000 14 12
7.010000 0 14
7.010000 1 14
7.010000 2 13
7.010000 3 15
7.010000 4 15
7.010000 5 13
7.010000 6 14
7.010000 7 13
7.010000 8 13
7.010000 9 14
7.010000 10 14
7.010000 11 14
7.010000 12 13
7.010000 13 14
7.010000 14 14
8.010000 0 13
8.010000 1 13
8.010000 2 12
8.010000 3 13
8.010000 4 13
8.010000 5 14
8.010000 6 13
8.010000 7 13
8.010000 8 14
8.010000 9 13
8.010000 10 13
8.010000 11 12
8.010000 12 12
8.010000 13 12
8.010000 14 13
9.010000 0 12
9.010000 1 13
9.010000 2 14
9.010000 3 13
9.010000 4 13
9.010000 5 13
9.010000 6 13
9.010000 7 14
9.010000 8 12
9.010000 9 13
9.010000 10 12
9.010000 11 13
9.010000 12 14
9.010000 13 13
9.010000 14 12
10.010000 0 13
10.010000 1 15
10.010000 2 14
10.010000 3 16
10.010000 4 16
10.010000 5 15
10.010000 6 16
10.010000 7 16
10.010000 8 16
10.010000 9 16
10.010000 10 17
10.010000 11 17
10.010000 12 14
10.010000 13 17
10.010000 14 13
11.010000 0 16
11.010000 1 17
11.010000 2 14
11.010000 3 16
11.010000 4 16
11.010000 5 17
11.010000 6 15
11.010000 7 15
11.010000 8 16
11.010000 9 15
11.010000 10 16
11.010000 11 15
11.010000 12 14
11.010000 13 16
11.010000 14 16
12.010000 0 10
12.010000 1 12
12.010000 2 11
12.010000 3 12
12.010000 4 11
12.010000 5 12
12.010000 6 12
12.010000 7 13
12.010000 8 13
12.010000 9 13
12.010000 10 12
12.010000 11 13
12.010000 12 11
12.010000 13 12
12.010000 14 10
13.010000 0 13
13.010000 1 14
13.010000 2 13
13.010000 3 14
13.010000 4 15
13.010000 5 13
13.010000 6 15
13.010000 7 14
13.010000 8 14
13.010000 9 14
13.010000 10 14
13.010000 11 13
13.010000 12 13
13.010000 13 14
13.010000 14 13
14.010000 0 13
14.010000 1 13
14.010000 2 15
14.010000 3 13
14.010000 4 14
14.010000 5 15
14.010000 6 14
14.010000 7 14
14.010000 8 13
14.010000 9 14
14.010000 10 14
14.010000 11 14
14.010000 12 15
14.010000 13 14
14.010000 14 13
15.010000 0 11
15.010000 1 14
15.010000 2 12
15.010000 3 13
15.010000 4 13
15.010000 5 13
15.010000 6 13
15.010000 7 12
15.010000 8 14
15.010000 9 13
15.010000 10 13
15.010000 11 14
15.010000 12 12
15.010000 13 13
15.010000 14 11
16.010000 0 304
16.010000 1 393
16.010000 2 392
16.010000 3 303
16.010000 4 393
16.010000 5 393
16.010000 6 394
16.010000 7 303
16.010000 8 393
16.010000 9 394
16.010000 10 394
16.010000 11 302
16.010000 12 392
16.010000 13 394
16.010000 14 304
17.010000 0 231
17.010000 1 304
17.010000 2 303
17.010000 3 231
17.010000 4 305
17.010000 5 305
17.010000 6 303
17.010000 7 231
17.010000 8 305
17.010000 9 303
17.010000 10 303
17.010000 11 232
17.010000 12 303
17.010000 13 304
17.010000 14 231
18.010000 0 261
18.010000 1 346
18.010000 2 344
18.010000 3 261
18.010000 4 344
18.010000 5 345
18.010000 6 346
18.010000 7 261
18.010000 8 345
18.010000 9 345
18.010000 10 346
18.010000 11 263
18.010000 12 344
18.010000 13 345
18.010000 14 261
19.010000 0 240
19.010000 1 316
19.010000 2 315
19.010000 3 241
19.010000 4 317
19.010000 5 316
19.010000 6 316
19.010000 7 241
19.010000 8 316
19.010000 9 317
19.010000 10 315
19.010000 11 239
19.010000 12 315
19.010000 13 315
19.010000 14 240
20.010000 0 267
20.010000 1 356
20.010000 2 355
20.010000 3 272
20.010000 4 356
20.010000 5 356
20.010000 6 356
20.010000 7 272
20.010000 8 355
20.010000 9 356
20.010000 10 356
20.010000 11 270
20.010000 12 355
20.010000 13 357
20.010000 14 267
21.010000 0 253
21.010000 1 335
21.010000 2 334
21.010000 3 254
21.010000 4 334
21.010000 5 335
21.010000 6 335
21.010000 7 255
21.010000 8 336
21.010000 9 335
21.010000 10 335
21.010000 11 256
21.010000 12 334
21.010000 13 335
21.010000 14 253
22.010000 0 252
22.010000 1 328
22.010000 2 328
22.010000 3 249
22.010000 4 329
22.010000 5 329
22.010000 6 329
22.010000 7 248
22.010000 8 329
22.010000 9 329
22.010000 10 330
22.010000 11 251
22.010000 12 328
22.010000 13 329
22.010000 14 252
23.010000 0 283
23.010000 1 377
23.010000 2 375
23.010000 3 284
23.010000 4 377
23.010000 5 376
23.010000 6 376
23.010000 7 287
23.010000 8 376
23.010000 9 375
23.010000 10 376
23.010000 11 286
23.010000 12 375
23.010000 13 376
23.010000 14 283
24.010000 0 260
24.010000 1 344
24.010000 2 343
24.010000 3 265
24.010000 4 344
24.010000 5 344
24.010000 6 344
24.010000 7 262
24.010000 8 344
24.010000 9 345
24.010000 10 343
24.010000 11 259
24.010000 12 343
24.010000 13 343
24.010000 14 260
25.010000 0 242
25.010000 1 319
25.010000 2 316
25.010000 3 243
25.010000 4 319
25.010000 5 319
25.010000 6 319
25.010000 7 243
25.010000 8 319
25.010000 9 319
25.010000 10 319
25.010000 11 244
25.010000 12 316
25.010000 13 319
25.010000 14 242
26.010000 0 253
26.010000 1 337
26.010000 2 339
26.010000 3 257
26.010000 4 338
26.010000 5 337
26.010000 6 338
26.010000 7 258
26.010000 8 337
26.010000 9 338
26.010000 10 339
26.010000 11 258
26.010000 12 339
26.010000 13 339
26.010000 14 253
27.010000 0 264
27.010000 1 346
27.010000 2 342
27.010000 3 261
27.010000 4 345
27.010000 5 346
27.010000 6 345
27.010000 7 261
27.010000 8 345
27.010000 9 345
27.010000 10 344
27.010000 11 263
27.010000 12 342
27.010000 13 345
27.010000 14 264
28.010000 0 231
28.010000 1 306
28.010000 2 307
28.010000 3 234
28.010000 4 306
28.010000 5 306
28.010000 6 306
28.010000 7 233
28.010000 8 307
28.010000 9 305
28.010000 10 307
28.010000 11 231
28.010000 12 307
28.010000 13 305
28.010000 14 231
29.010000 0 243
29.010000 1 320
29.010000 2 317
29.010000 3 242
29.010000 4 319
29.010000 5 320
29.010000 6 319
29.010000 7 245
29.010000 8 320
29.010000 9 321
29.010000 10 320
29.010000 11 245
29.010000 12 317
29.010000 13 321
29.010000 14 243
30.010000 0 272
30.010000 1 359
30.010000 2 360
30.010000 3 272
30.010000 4 360
30.010000 5 359
30.010000 6 360
30.010000 7 270
30.010000 8 359
30.010000 9 359
30.010000 10 359
30.010000 11 272
30.010000 12 360
30.010000 13 359
30.010000 14 272
31.010000 0 277
31.010000 1 366
31.010000 2 365
31.010000 3 278
31.010000 4 366
31.010000 5 366
31.010000 6 366
31.010000 7 278
31.010000 8 366
31.010000 9 365
31.010000 10 366
31.010000 11 279
31.010000 12 365
31.010000 13 366
31.010000 14 277
32.010000 0 234
32.010000 1 309
32.010000 2 307
32.010000 3 236
32.010000 4 309
32.010000 5 309
32.010000 6 308
32.010000 7 237
32.010000 8 309
32.010000 9 309
32.010000 10 309
32.010000 11 235
32.010000 12 307
32.010000 13 309
32.010000 14 234
33.010000 0 231
33.010000 1 304
33.010000 2 303
33.010000 3 234
33.010000 4 305
33.010000 5 305
33.010000 6 306
33.010000 7 233
33.010000 8 305
33.010000 9 305
33.010000 10 304
33.010000 11 233
33.010000 12 303
33.010000 13 304
33.010000 14 231
34.010000 0 243
34.010000 1 325
34.010000 2 325
34.010000 3 244
34.010000 4 323
34.010000 5 324
34.010000 6 323
34.010000 7 247
34.010000 8 324
34.010000 9 324
34.010000 10 325
34.010000 11 248
34.010000 12 325
34.010000 13 325
34.010000 14 243
35.010000 0 261
35.010000 1 344
35.010000 2 343
35.010000 3 264
35.010000 4 345
35.010000 5 344
35.010000 6 344
35.010000 7 260
35.010000 8 344
35.010000 9 344
35.010000 10 343
35.010000 11 260
35.010000 12 343
35.010000 13 344
35.010000 14 261
36.010000 0 217
36.010000 1 290
36.010000 2 289
36.010000 3 219
36.010000 4 290
36.010000 5 290
36.010000 6 290
36.010000 7 223
36.010000 8 290
36.010000 9 291
36.010000 10 291
36.010000 11 222
36.010000 12 289
36.010000 13 290
36.010000 14 217
37.010000 0 276
37.010000 1 361
37.010000 2 360
37.010000 3 276
37.010000 4 361
37.010000 5 360
37.010000 6 362
37.010000 7 272
37.010000 8 361
37.010000 9 361
37.010000 10 361
37.010000 11 272
37.010000 12 360
37.010000 13 361
37.010000 14 276
