0.010000 0 17
0.010000 1 16
0.010000 2 16
0.010000 3 17
0.010000 4 17
0.010000 5 17
0.010000 6 17
0.010000 7 17
0.010000 8 17
0.010000 9 14
0.010000 10 17
0.010000 11 17
0.010000 12 13
0.010000 13 16
0.010000 14 16
0.010000 15 17
0.010000 16 17
0.010000 17 17
0.010000 18 14
0.010000 19 14
1.010000 0 1099
1.010000 1 1080
1.010000 2 1073
1.010000 3 1109
1.010000 4 1117
1.010000 5 1095
1.010000 6 1046
1.010000 7 1095
1.010000 8 1061
1.010000 9 1104
1.010000 10 1090
1.010000 11 1073
1.010000 12 1072
1.010000 13 1084
1.010000 14 1099
1.010000 15 1109
1.010000 16 1096
1.010000 17 1084
1.010000 18 1102
1.010000 19 1124
2.010000 0 767
2.010000 1 775
2.010000 2 768
2.010000 3 753
2.010000 4 779
2.010000 5 755
2.010000 6 739
2.010000 7 696
2.010000 8 764
2.010000 9 750
2.010000 10 773
2.010000 11 738
2.010000 12 723
2.010000 13 734
2.010000 14 751
2.010000 15 779
2.010000 16 752
2.010000 17 741
2.010000 18 749
2.010000 19 762
3.010000 0 911
3.010000 1 882
3.010000 2 888
3.010000 3 888
3.010000 4 909
3.010000 5 900
3.010000 6 885
3.010000 7 874
3.010000 8 886
3.010000 9 902
3.010000 10 903
3.010000 11 882
3.010000 12 873
3.010000 13 889
3.010000 14 903
3.010000 15 916
3.010000 16 905
3.010000 17 921
3.010000 18 906
3.010000 19 932
4.010000 0 806
4.010000 1 816
4.010000 2 791
4.010000 3 817
4.010000 4 807
4.010000 5 792
4.010000 6 778
4.010000 7 778
4.010000 8 780
4.010000 9 794
4.010000 10 792
4.010000 11 776
4.010000 12 763
4.010000 13 801
4.010000 14 790
4.010000 15 792
4.010000 16 790
4.010000 17 780
4.010000 18 792
4.010000 19 792
5.010000 0 1000
5.010000 1 985
5.010000 2 984
5.010000 3 983
5.010000 4 996
5.010000 5 964
5.010000 6 980
5.010000 7 970
5.010000 8 963
5.010000 9 987
5.010000 10 968
5.010000 11 961
5.010000 12 955
5.010000 13 943
5.010000 14 986
5.010000 15 1000
5.010000 16 981
5.010000 17 953
5.010000 18 984
5.010000 19 1008
6.010000 0 802
6.010000 1 791
6.010000 2 781
6.010000 3 791
6.010000 4 802
6.010000 5 788
6.010000 6 790
6.010000 7 764
6.010000 8 776
6.010000 9 787
6.010000 10 793
6.010000 11 775
6.010000 12 766
6.010000 13 793
6.010000 14 791
6.010000 15 806
6.010000 16 792
6.010000 17 808
6.010000 18 790
6.010000 19 803
7.010000 0 938
7.010000 1 925
7.010000 2 912
7.010000 3 920
7.010000 4 931
7.010000 5 945
7.010000 6 907
7.010000 7 862
7.010000 8 907
7.010000 9 914
7.010000 10 942
7.010000 11 906
7.010000 12 896
7.010000 13 888
7.010000 14 939
7.010000 15 939
7.010000 16 918
7.010000 17 914
7.010000 18 917
7.010000 19 934
8.010000 0 979
8.010000 1 968
8.010000 2 959
8.010000 3 964
8.010000 4 976
8.010000 5 966
8.010000 6 948
8.010000 7 934
8.010000 8 947
8.010000 9 963
8.010000 10 965
8.010000 11 951
8.010000 12 935
8.010000 13 946
8.010000 14 943
8.010000 15 979
8.010000 16 969
8.010000 17 955
8.010000 18 967
8.010000 19 976
9.010000 0 987
9.010000 1 953
9.010000 2 968
9.010000 3 979
9.010000 4 980
9.010000 5 958
9.010000 6 960
9.010000 7 945
9.010000 8 961
9.010000 9 999
9.010000 10 975
9.010000 11 958
9.010000 12 949
9.010000 13 965
9.010000 14 981
9.010000 15 991
9.010000 16 979
9.010000 17 972
9.010000 18 982
9.010000 19 995
10.010000 0 891
10.010000 1 878
10.010000 2 870
10.010000 3 874
10.010000 4 888
10.010000 5 900
10.010000 6 858
10.010000 7 852
10.010000 8 861
10.010000 9 876
10.010000 10 879
10.010000 11 862
10.010000 12 850
10.010000 13 859
10.010000 14 878
10.010000 15 891
10.010000 16 878
10.010000 17 869
10.010000 18 875
10.010000 19 891
11.010000 0 863
11.010000 1 849
11.010000 2 839
11.010000 3 849
11.010000 4 861
11.010000 5 850
11.010000 6 832
11.010000 7 849
11.010000 8 831
11.010000 9 848
11.010000 10 849
11.010000 11 833
11.010000 12 820
11.010000 13 831
11.010000 14 850
11.010000 15 860
11.010000 16 849
11.010000 17 839
11.010000 18 848
11.010000 19 860
12.010000 0 932
12.010000 1 922
12.010000 2 912
12.010000 3 916
12.010000 4 931
12.010000 5 934
12.010000 6 905
12.010000 7 889
12.010000 8 899
12.010000 9 898
12.010000 10 919
12.010000 11 904
12.010000 12 887
12.010000 13 901
12.010000 14 916
12.010000 15 934
12.010000 16 920
12.010000 17 912
12.010000 18 916
12.010000 19 931
13.010000 0 965
13.010000 1 952
13.010000 2 942
13.010000 3 952
13.010000 4 964
13.010000 5 953
13.010000 6 934
13.010000 7 918
13.010000 8 933
13.010000 9 949
13.010000 10 951
13.010000 11 928
13.010000 12 919
13.010000 13 932
13.010000 14 950
13.010000 15 964
13.010000 16 947
13.010000 17 940
13.010000 18 931
13.010000 19 962
14.010000 0 884
14.010000 1 870
14.010000 2 863
14.010000 3 866
14.010000 4 884
14.010000 5 870
14.010000 6 851
14.010000 7 845
14.010000 8 855
14.010000 9 870
14.010000 10 868
14.010000 11 852
14.010000 12 844
14.010000 13 854
14.010000 14 873
14.010000 15 884
14.010000 16 874
14.010000 17 864
14.010000 18 891
14.010000 19 885
15.010000 0 885
15.010000 1 860
15.010000 2 855
15.010000 3 858
15.010000 4 884
15.010000 5 860
15.010000 6 847
15.010000 7 836
15.010000 8 847
15.010000 9 861
15.010000 10 864
15.010000 11 847
15.010000 12 832
15.010000 13 842
15.010000 14 862
15.010000 15 872
15.010000 16 862
15.010000 17 850
15.010000 18 860
15.010000 19 873
16.010000 0 1292
16.010000 1 1306
16.010000 2 1296
16.010000 3 1235
16.010000 4 1306
16.010000 5 1302
16.010000 6 1285
16.010000 7 1229
16.010000 8 1129
16.010000 9 1299
16.010000 10 1304
16.010000 11 1283
16.010000 12 1294
16.010000 13 1283
16.010000 14 1283
16.010000 15 1326
16.010000 16 1299
16.010000 17 1291
16.010000 18 1202
16.010000 19 1311
17.010000 0 1069
17.010000 1 1134
17.010000 2 1135
17.010000 3 1115
17.010000 4 1159
17.010000 5 1139
17.010000 6 1151
17.010000 7 997
17.010000 8 1049
17.010000 9 1161
17.010000 10 1142
17.010000 11 1119
17.010000 12 1120
17.010000 13 1145
17.010000 14 1160
17.010000 15 1154
17.010000 16 1153
17.010000 17 1137
17.010000 18 1048
17.010000 19 1152
18.010000 0 1229
18.010000 1 1274
18.010000 2 1269
18.010000 3 1259
18.010000 4 1284
18.010000 5 1278
18.010000 6 1260
18.010000 7 1084
18.010000 8 1218
18.010000 9 1253
18.010000 10 1267
18.010000 11 1289
18.010000 12 1246
18.010000 13 1272
18.010000 14 1265
18.010000 15 1297
18.010000 16 1275
18.010000 17 1268
18.010000 18 1169
18.010000 19 1286
19.010000 0 1171
19.010000 1 1253
19.010000 2 1241
19.010000 3 1242
19.010000 4 1275
19.010000 5 1244
19.010000 6 1235
19.010000 7 1064
19.010000 8 1180
19.010000 9 1265
19.010000 10 1247
19.010000 11 1232
19.010000 12 1224
19.010000 13 1240
19.010000 14 1255
19.010000 15 1261
19.010000 16 1248
19.010000 17 1254
19.010000 18 1146
19.010000 19 1271
20.010000 0 1230
20.010000 1 1281
20.010000 2 1274
20.010000 3 1245
20.010000 4 1311
20.010000 5 1285
20.010000 6 1271
20.010000 7 1123
20.010000 8 1194
20.010000 9 1263
20.010000 10 1286
20.010000 11 1245
20.010000 12 1254
20.010000 13 1287
20.010000 14 1308
20.010000 15 1303
20.010000 16 1298
20.010000 17 1294
20.010000 18 1173
20.010000 19 1288
21.010000 0 1044
21.010000 1 1130
21.010000 2 1130
21.010000 3 1139
21.010000 4 1158
21.010000 5 1138
21.010000 6 1126
21.010000 7 944
21.010000 8 1091
21.010000 9 1138
21.010000 10 1138
21.010000 11 1121
21.010000 12 1138
21.010000 13 1126
21.010000 14 1122
21.010000 15 1161
21.010000 16 1142
21.010000 17 1152
21.010000 18 1026
21.010000 19 1161
22.010000 0 1164
22.010000 1 1255
22.010000 2 1234
22.010000 3 1212
22.010000 4 1251
22.010000 5 1259
22.010000 6 1222
22.010000 7 1012
22.010000 8 1187
22.010000 9 1238
22.010000 10 1246
22.010000 11 1245
22.010000 12 1239
22.010000 13 1223
22.010000 14 1237
22.010000 15 1255
22.010000 16 1242
22.010000 17 1231
22.010000 18 1116
22.010000 19 1252
23.010000 0 1162
23.010000 1 1225
23.010000 2 1220
23.010000 3 1220
23.010000 4 1248
23.010000 5 1229
23.010000 6 1204
23.010000 7 1072
23.010000 8 1167
23.010000 9 1224
23.010000 10 1202
23.010000 11 1203
23.010000 12 1188
23.010000 13 1212
23.010000 14 1223
23.010000 15 1235
23.010000 16 1220
23.010000 17 1207
23.010000 18 1143
23.010000 19 1231
24.010000 0 1343
24.010000 1 1368
24.010000 2 1367
24.010000 3 1355
24.010000 4 1384
24.010000 5 1352
24.010000 6 1367
24.010000 7 1239
24.010000 8 1307
24.010000 9 1385
24.010000 10 1399
24.010000 11 1363
24.010000 12 1355
24.010000 13 1365
24.010000 14 1391
24.010000 15 1397
24.010000 16 1384
24.010000 17 1383
24.010000 18 1283
24.010000 19 1402
25.010000 0 1204
25.010000 1 1271
25.010000 2 1257
25.010000 3 1212
25.010000 4 1275
25.010000 5 1283
25.010000 6 1250
25.010000 7 1104
25.010000 8 1184
25.010000 9 1262
25.010000 10 1267
25.010000 11 1248
25.010000 12 1236
25.010000 13 1247
25.010000 14 1281
25.010000 15 1278
25.010000 16 1265
25.010000 17 1257
25.010000 18 1158
25.010000 19 1275
26.010000 0 1290
26.010000 1 1344
26.010000 2 1336
26.010000 3 1295
26.010000 4 1357
26.010000 5 1328
26.010000 6 1324
26.010000 7 1192
26.010000 8 1271
26.010000 9 1332
26.010000 10 1339
26.010000 11 1326
26.010000 12 1279
26.010000 13 1334
26.010000 14 1332
26.010000 15 1352
26.010000 16 1344
26.010000 17 1332
26.010000 18 1257
26.010000 19 1351
27.010000 0 1076
27.010000 1 1130
27.010000 2 1119
27.010000 3 1115
27.010000 4 1141
27.010000 5 1126
27.010000 6 1120
27.010000 7 993
27.010000 8 1041
27.010000 9 1130
27.010000 10 1131
27.010000 11 1119
27.010000 12 1131
27.010000 13 1113
27.010000 14 1130
27.010000 15 1150
27.010000 16 1133
27.010000 17 1121
27.010000 18 1018
27.010000 19 1136
28.010000 0 1069
28.010000 1 1161
28.010000 2 1141
28.010000 3 1098
28.010000 4 1148
28.010000 5 1138
28.010000 6 1122
28.010000 7 959
28.010000 8 1065
28.010000 9 1159
28.010000 10 1154
28.010000 11 1142
28.010000 12 1143
28.010000 13 1127
28.010000 14 1142
28.010000 15 1131
28.010000 16 1130
28.010000 17 1128
28.010000 18 1016
28.010000 19 1152
29.010000 0 1310
29.010000 1 1333
29.010000 2 1371
29.010000 3 1327
29.010000 4 1384
29.010000 5 1354
29.010000 6 1336
29.010000 7 1203
29.010000 8 1254
29.010000 9 1351
29.010000 10 1355
29.010000 11 1332
29.010000 12 1313
29.010000 13 1357
29.010000 14 1357
29.010000 15 1366
29.010000 16 1357
29.010000 17 1347
29.010000 18 1258
29.010000 19 1373
30.010000 0 1069
30.010000 1 1138
30.010000 2 1107
30.010000 3 1074
30.010000 4 1116
30.010000 5 1140
30.010000 6 1105
30.010000 7 942
30.010000 8 1019
30.010000 9 1116
30.010000 10 1137
30.010000 11 1103
30.010000 12 1119
30.010000 13 1098
30.010000 14 1127
30.010000 15 1131
30.010000 16 1116
30.010000 17 1111
30.010000 18 1004
30.010000 19 1154
31.010000 0 1253
31.010000 1 1276
31.010000 2 1265
31.010000 3 1231
31.010000 4 1292
31.010000 5 1276
31.010000 6 1263
31.010000 7 1140
31.010000 8 1184
31.010000 9 1256
31.010000 10 1276
31.010000 11 1261
31.010000 12 1274
31.010000 13 1262
31.010000 14 1269
31.010000 15 1294
31.010000 16 1276
31.010000 17 1266
31.010000 18 1175
31.010000 19 1272
32.010000 0 1211
32.010000 1 1256
32.010000 2 1259
32.010000 3 1228
32.010000 4 1285
32.010000 5 1273
32.010000 6 1258
32.010000 7 1122
32.010000 8 1180
32.010000 9 1283
32.010000 10 1272
32.010000 11 1255
32.010000 12 1238
32.010000 13 1256
32.010000 14 1269
32.010000 15 1277
32.010000 16 1267
32.010000 17 1264
32.010000 18 1160
32.010000 19 1277
33.010000 0 1164
33.010000 1 1220
33.010000 2 1205
33.010000 3 1173
33.010000 4 1224
33.010000 5 1214
33.010000 6 1194
33.010000 7 1070
33.010000 8 1126
33.010000 9 1208
33.010000 10 1217
33.010000 11 1206
33.010000 12 1189
33.010000 13 1194
33.010000 14 1219
33.010000 15 1222
33.010000 16 1217
33.010000 17 1226
33.010000 18 1129
33.010000 19 1228
34.010000 0 1235
34.010000 1 1277
34.010000 2 1272
34.010000 3 1237
34.010000 4 1295
34.010000 5 1272
34.010000 6 1260
34.010000 7 1140
34.010000 8 1176
34.010000 9 1268
34.010000 10 1254
34.010000 11 1257
34.010000 12 1244
34.010000 13 1284
34.010000 14 1274
34.010000 15 1288
34.010000 16 1278
34.010000 17 1271
34.010000 18 1172
34.010000 19 1288
35.010000 0 1252
35.010000 1 1284
35.010000 2 1282
35.010000 3 1239
35.010000 4 1301
35.010000 5 1291
35.010000 6 1273
35.010000 7 1150
35.010000 8 1188
35.010000 9 1304
35.010000 10 1305
35.010000 11 1256
35.010000 12 1258
35.010000 13 1267
35.010000 14 1268
35.010000 15 1309
35.010000 16 1279
35.010000 17 1273
35.010000 18 1190
35.010000 19 1301
36.010000 0 1067
36.010000 1 1110
36.010000 2 1100
36.010000 3 1058
36.010000 4 1129
36.010000 5 1111
36.010000 6 1086
36.010000 7 971
36.010000 8 1025
36.010000 9 1108
36.010000 10 1115
36.010000 11 1110
36.010000 12 1085
36.010000 13 1118
36.010000 14 1112
36.010000 15 1128
36.010000 16 1126
36.010000 17 1103
36.010000 18 1001
36.010000 19 1130
37.010000 0 1370
37.010000 1 1415
37.010000 2 1428
37.010000 3 1382
37.010000 4 1434
37.010000 5 1433
37.010000 6 1385
37.010000 7 1290
37.010000 8 1299
37.010000 9 1423
37.010000 10 1421
37.010000 11 1395
37.010000 12 1391
37.010000 13 1377
37.010000 14 1415
37.010000 15 1431
37.010000 16 1399
37.010000 17 1406
37.010000 18 1326
37.010000 19 1434
38.010000 0 1134
38.010000 1 1190
38.010000 2 1167
38.010000 3 1116
38.010000 4 1180
38.010000 5 1181
38.010000 6 1189
38.010000 7 1054
38.010000 8 1064
38.010000 9 1170
38.010000 10 1191
38.010000 11 1135
38.010000 12 1147
38.010000 13 1156
38.010000 14 1175
38.010000 15 1186
38.010000 16 1195
38.010000 17 1169
38.010000 18 1063
38.010000 19 1185
39.010000 0 1124
39.010000 1 1201
39.010000 2 1208
39.010000 3 1176
39.010000 4 1215
39.010000 5 1189
39.010000 6 1180
39.010000 7 1015
39.010000 8 1083
39.010000 9 1196
39.010000 10 1195
39.010000 11 1182
39.010000 12 1196
39.010000 13 1182
39.010000 14 1208
39.010000 15 1216
39.010000 16 1190
39.010000 17 1184
39.010000 18 1064
39.010000 19 1204
40.010000 0 1119
40.010000 1 1173
40.010000 2 1174
40.010000 3 1098
40.010000 4 1178
40.010000 5 1162
40.010000 6 1143
40.010000 7 1019
40.010000 8 1045
40.010000 9 1177
40.010000 10 1167
40.010000 11 1165
40.010000 12 1128
40.010000 13 1144
40.010000 14 1153
40.010000 15 1176
40.010000 16 1142
40.010000 17 1151
40.010000 18 1060
40.010000 19 1169
41.010000 0 1141
41.010000 1 1184
41.010000 2 1194
41.010000 3 1157
41.010000 4 1235
41.010000 5 1214
41.010000 6 1217
41.010000 7 1041
41.010000 8 1120
41.010000 9 1198
41.010000 10 1207
41.010000 11 1191
41.010000 12 1173
41.010000 13 1187
41.010000 14 1189
41.010000 15 1242
41.010000 16 1224
41.010000 17 1198
41.010000 18 1093
41.010000 19 1212
42.010000 0 1327
42.010000 1 1369
42.010000 2 1339
42.010000 3 1272
42.010000 4 1315
42.010000 5 1313
42.010000 6 1323
42.010000 7 1256
42.010000 8 1215
42.010000 9 1337
42.010000 10 1333
42.010000 11 1292
42.010000 12 1335
42.010000 13 1321
42.010000 14 1352
42.010000 15 1312
42.010000 16 1322
42.010000 17 1326
42.010000 18 1261
42.010000 19 1357
43.010000 0 1206
43.010000 1 1257
43.010000 2 1261
43.010000 3 1236
43.010000 4 1277
43.010000 5 1268
43.010000 6 1270
43.010000 7 1107
43.010000 8 1188
43.010000 9 1273
43.010000 10 1263
43.010000 11 1251
43.010000 12 1233
43.010000 13 1251
43.010000 14 1261
43.010000 15 1272
43.010000 16 1266
43.010000 17 1254
43.010000 18 1162
43.010000 19 1277
44.010000 0 1165
44.010000 1 1231
44.010000 2 1217
44.010000 3 1159
44.010000 4 1240
44.010000 5 1228
44.010000 6 1205
44.010000 7 1077
44.010000 8 1074
44.010000 9 1216
44.010000 10 1232
44.010000 11 1225
44.010000 12 1177
44.010000 13 1201
44.010000 14 1218
44.010000 15 1234
44.010000 16 1218
44.010000 17 1233
44.010000 18 1086
44.010000 19 1228
45.010000 0 1101
45.010000 1 1150
45.010000 2 1136
45.010000 3 1114
45.010000 4 1159
45.010000 5 1162
45.010000 6 1130
45.010000 7 1040
45.010000 8 1038
45.010000 9 1145
45.010000 10 1148
45.010000 11 1149
45.010000 12 1123
45.010000 13 1127
45.010000 14 1147
45.010000 15 1153
45.010000 16 1150
45.010000 17 1136
45.010000 18 1029
45.010000 19 1159
46.010000 0 1125
46.010000 1 1177
46.010000 2 1169
46.010000 3 1131
46.010000 4 1188
46.010000 5 1174
46.010000 6 1183
46.010000 7 1061
46.010000 8 1088
46.010000 9 1178
46.010000 10 1175
46.010000 11 1156
46.010000 12 1143
46.010000 13 1177
46.010000 14 1184
46.010000 15 1197
46.010000 16 1175
46.010000 17 1168
46.010000 18 1105
46.010000 19 1188
47.010000 0 1191
47.010000 1 1223
47.010000 2 1235
47.010000 3 1198
47.010000 4 1241
47.010000 5 1223
47.010000 6 1200
47.010000 7 1102
47.010000 8 1111
47.010000 9 1226
47.010000 10 1223
47.010000 11 1198
47.010000 12 1173
47.010000 13 1204
47.010000 14 1222
47.010000 15 1227
47.010000 16 1219
47.010000 17 1210
47.010000 18 1104
47.010000 19 1229
48.010000 0 1252
48.010000 1 1280
48.010000 2 1266
48.010000 3 1197
48.010000 4 1295
48.010000 5 1300
48.010000 6 1263
48.010000 7 1169
48.010000 8 1179
48.010000 9 1272
48.010000 10 1284
48.010000 11 1266
48.010000 12 1255
48.010000 13 1258
48.010000 14 1271
48.010000 15 1308
48.010000 16 1284
48.010000 17 1275
48.010000 18 1187
48.010000 19 1295
49.010000 0 1141
49.010000 1 1190
49.010000 2 1197
49.010000 3 1145
49.010000 4 1201
49.010000 5 1193
49.010000 6 1209
49.010000 7 1024
49.010000 8 1090
49.010000 9 1181
49.010000 10 1195
49.010000 11 1175
49.010000 12 1160
49.010000 13 1179
49.010000 14 1201
49.010000 15 1200
49.010000 16 1207
49.010000 17 1182
49.010000 18 1082
49.010000 19 1199
50.010000 0 1246
50.010000 1 1302
50.010000 2 1287
50.010000 3 1242
50.010000 4 1302
50.010000 5 1290
50.010000 6 1266
50.010000 7 1184
50.010000 8 1125
50.010000 9 1297
50.010000 10 1289
50.010000 11 1276
50.010000 12 1266
50.010000 13 1276
50.010000 14 1299
50.010000 15 1306
50.010000 16 1297
50.010000 17 1303
50.010000 18 1196
50.010000 19 1316
51.010000 0 1214
51.010000 1 1243
51.010000 2 1235
51.010000 3 1207
51.010000 4 1253
51.010000 5 1237
51.010000 6 1219
51.010000 7 1108
51.010000 8 1148
51.010000 9 1256
51.010000 10 1239
51.010000 11 1227
51.010000 12 1208
51.010000 13 1227
51.010000 14 1237
51.010000 15 1239
51.010000 16 1234
51.010000 17 1233
51.010000 18 1158
51.010000 19 1255
52.010000 0 1151
52.010000 1 1221
52.010000 2 1201
52.010000 3 1154
52.010000 4 1222
52.010000 5 1214
52.010000 6 1219
52.010000 7 1063
52.010000 8 1089
52.010000 9 1225
52.010000 10 1210
52.010000 11 1212
52.010000 12 1186
52.010000 13 1195
52.010000 14 1216
52.010000 15 1234
52.010000 16 1215
52.010000 17 1217
52.010000 18 1083
52.010000 19 1223
53.010000 0 1285
53.010000 1 1290
53.010000 2 1295
53.010000 3 1261
53.010000 4 1321
53.010000 5 1304
53.010000 6 1268
53.010000 7 1194
53.010000 8 1173
53.010000 9 1305
53.010000 10 1300
53.010000 11 1289
53.010000 12 1268
53.010000 13 1308
53.010000 14 1296
53.010000 15 1314
53.010000 16 1303
53.010000 17 1301
53.010000 18 1185
53.010000 19 1314
54.010000 0 1093
54.010000 1 1143
54.010000 2 1138
54.010000 3 1106
54.010000 4 1159
54.010000 5 1153
54.010000 6 1130
54.010000 7 1005
54.010000 8 1049
54.010000 9 1142
54.010000 10 1143
54.010000 11 1138
54.010000 12 1123
54.010000 13 1154
54.010000 14 1152
54.010000 15 1171
54.010000 16 1154
54.010000 17 1146
54.010000 18 1064
54.010000 19 1171
55.010000 0 1180
55.010000 1 1204
55.010000 2 1180
55.010000 3 1096
55.010000 4 1199
55.010000 5 1192
55.010000 6 1175
55.010000 7 1112
55.010000 8 1027
55.010000 9 1181
55.010000 10 1208
55.010000 11 1188
55.010000 12 1162
55.010000 13 1175
55.010000 14 1197
55.010000 15 1182
55.010000 16 1177
55.010000 17 1188
55.010000 18 1075
55.010000 19 1196
56.010000 0 1337
56.010000 1 1407
56.010000 2 1377
56.010000 3 1357
56.010000 4 1415
56.010000 5 1388
56.010000 6 1365
56.010000 7 1227
56.010000 8 1297
56.010000 9 1385
56.010000 10 1386
56.010000 11 1369
56.010000 12 1358
56.010000 13 1341
56.010000 14 1384
56.010000 15 1411
56.010000 16 1384
56.010000 17 1377
56.010000 18 1267
56.010000 19 1395
57.010000 0 979
57.010000 1 1019
57.010000 2 1027
57.010000 3 946
57.010000 4 1021
57.010000 5 1027
57.010000 6 1002
57.010000 7 900
57.010000 8 871
57.010000 9 1007
57.010000 10 1037
57.010000 11 1022
57.010000 12 990
57.010000 13 1011
57.010000 14 1005
57.010000 15 1025
57.010000 16 1033
57.010000 17 1000
57.010000 18 903
57.010000 19 1011
58.010000 0 1251
58.010000 1 1309
58.010000 2 1305
58.010000 3 1238
58.010000 4 1305
58.010000 5 1304
58.010000 6 1276
58.010000 7 1148
58.010000 8 1176
58.010000 9 1298
58.010000 10 1284
58.010000 11 1309
58.010000 12 1271
58.010000 13 1271
58.010000 14 1294
58.010000 15 1304
58.010000 16 1290
58.010000 17 1290
58.010000 18 1209
58.010000 19 1309
59.010000 0 1239
59.010000 1 1287
59.010000 2 1272
59.010000 3 1234
59.010000 4 1291
59.010000 5 1264
59.010000 6 1286
59.010000 7 1152
59.010000 8 1166
59.010000 9 1278
59.010000 10 1298
59.010000 11 1263
59.010000 12 1256
59.010000 13 1263
59.010000 14 1279
59.010000 15 1293
59.010000 16 1282
59.010000 17 1276
59.010000 18 1165
59.010000 19 1293
60.010000 0 1284
60.010000 1 1305
60.010000 2 1299
60.010000 3 1257
60.010000 4 1312
60.010000 5 1304
60.010000 6 1308
60.010000 7 1199
60.010000 8 1217
60.010000 9 1313
60.010000 10 1288
60.010000 11 1265
60.010000 12 1274
60.010000 13 1296
60.010000 14 1311
60.010000 15 1315
60.010000 16 1291
60.010000 17 1298
60.010000 18 1247
60.010000 19 1324
61.010000 0 1195
61.010000 1 1246
61.010000 2 1258
61.010000 3 1199
61.010000 4 1262
61.010000 5 1268
61.010000 6 1228
61.010000 7 1087
61.010000 8 1142
61.010000 9 1222
61.010000 10 1248
61.010000 11 1246
61.010000 12 1216
61.010000 13 1225
61.010000 14 1241
61.010000 15 1261
61.010000 16 1263
61.010000 17 1230
61.010000 18 1102
61.010000 19 1257
62.010000 0 1135
62.010000 1 1143
62.010000 2 1163
62.010000 3 1103
62.010000 4 1171
62.010000 5 1180
62.010000 6 1147
62.010000 7 1039
62.010000 8 1029
62.010000 9 1173
62.010000 10 1169
62.010000 11 1150
62.010000 12 1135
62.010000 13 1146
62.010000 14 1174
62.010000 15 1186
62.010000 16 1167
62.010000 17 1161
62.010000 18 1072
62.010000 19 1176
63.010000 0 1234
63.010000 1 1284
63.010000 2 1280
63.010000 3 1243
63.010000 4 1304
63.010000 5 1285
63.010000 6 1269
63.010000 7 1169
63.010000 8 1198
63.010000 9 1296
63.010000 10 1285
63.010000 11 1270
63.010000 12 1259
63.010000 13 1261
63.010000 14 1285
63.010000 15 1294
63.010000 16 1283
63.010000 17 1276
63.010000 18 1180
63.010000 19 1296
64.010000 0 1222
64.010000 1 1259
64.010000 2 1248
64.010000 3 1205
64.010000 4 1269
64.010000 5 1242
64.010000 6 1238
64.010000 7 1127
64.010000 8 1142
64.010000 9 1263
64.010000 10 1271
64.010000 11 1241
64.010000 12 1223
64.010000 13 1240
64.010000 14 1255
64.010000 15 1266
64.010000 16 1260
64.010000 17 1259
64.010000 18 1173
64.010000 19 1259
65.010000 0 1286
65.010000 1 1324
65.010000 2 1317
65.010000 3 1268
65.010000 4 1339
65.010000 5 1333
65.010000 6 1311
65.010000 7 1185
65.010000 8 1204
65.010000 9 1329
65.010000 10 1337
65.010000 11 1310
65.010000 12 1297
65.010000 13 1326
65.010000 14 1329
65.010000 15 1334
65.010000 16 1305
65.010000 17 1310
65.010000 18 1214
65.010000 19 1353
66.010000 0 1129
66.010000 1 1180
66.010000 2 1166
66.010000 3 1137
66.010000 4 1200
66.010000 5 1159
66.010000 6 1164
66.010000 7 1042
66.010000 8 1092
66.010000 9 1185
66.010000 10 1199
66.010000 11 1164
66.010000 12 1155
66.010000 13 1167
66.010000 14 1185
66.010000 15 1203
66.010000 16 1188
66.010000 17 1175
66.010000 18 1084
66.010000 19 1206
67.010000 0 1176
67.010000 1 1230
67.010000 2 1214
67.010000 3 1172
67.010000 4 1226
67.010000 5 1241
67.010000 6 1205
67.010000 7 1094
67.010000 8 1081
67.010000 9 1218
67.010000 10 1201
67.010000 11 1209
67.010000 12 1219
67.010000 13 1177
67.010000 14 1220
67.010000 15 1245
67.010000 16 1230
67.010000 17 1228
67.010000 18 1104
67.010000 19 1231
68.010000 0 1164
68.010000 1 1242
68.010000 2 1184
68.010000 3 1171
68.010000 4 1237
68.010000 5 1221
68.010000 6 1215
68.010000 7 1078
68.010000 8 1096
68.010000 9 1228
68.010000 10 1239
68.010000 11 1208
68.010000 12 1205
68.010000 13 1240
68.010000 14 1243
68.010000 15 1233
68.010000 16 1243
68.010000 17 1248
68.010000 18 1125
68.010000 19 1253
69.010000 0 1131
69.010000 1 1172
69.010000 2 1172
69.010000 3 1139
69.010000 4 1185
69.010000 5 1167
69.010000 6 1142
69.010000 7 1049
69.010000 8 1052
69.010000 9 1171
69.010000 10 1184
69.010000 11 1175
69.010000 12 1149
69.010000 13 1179
69.010000 14 1172
69.010000 15 1183
69.010000 16 1183
69.010000 17 1167
69.010000 18 1055
69.010000 19 1182
70.010000 0 1248
70.010000 1 1270
70.010000 2 1272
70.010000 3 1191
70.010000 4 1278
70.010000 5 1258
70.010000 6 1248
70.010000 7 1189
70.010000 8 1100
70.010000 9 1266
70.010000 10 1262
70.010000 11 1254
70.010000 12 1269
70.010000 13 1252
70.010000 14 1265
70.010000 15 1281
70.010000 16 1245
70.010000 17 1249
70.010000 18 1142
70.010000 19 1275
71.010000 0 1064
71.010000 1 1094
71.010000 2 1081
71.010000 3 999
71.010000 4 1095
71.010000 5 1097
71.010000 6 1089
71.010000 7 995
71.010000 8 885
71.010000 9 1083
71.010000 10 1089
71.010000 11 1095
71.010000 12 1054
71.010000 13 1088
71.010000 14 1088
71.010000 15 1105
71.010000 16 1102
71.010000 17 1073
71.010000 18 957
71.010000 19 1090
72.010000 0 1157
72.010000 1 1194
72.010000 2 1181
72.010000 3 1144
72.010000 4 1212
72.010000 5 1192
72.010000 6 1160
72.010000 7 1077
72.010000 8 1093
72.010000 9 1203
72.010000 10 1190
72.010000 11 1158
72.010000 12 1203
72.010000 13 1205
72.010000 14 1202
72.010000 15 1203
72.010000 16 1198
72.010000 17 1193
72.010000 18 1129
72.010000 19 1228
73.010000 0 1315
73.010000 1 1350
73.010000 2 1322
73.010000 3 1281
73.010000 4 1349
73.010000 5 1321
73.010000 6 1313
73.010000 7 1252
73.010000 8 1190
73.010000 9 1332
73.010000 10 1333
73.010000 11 1314
73.010000 12 1277
73.010000 13 1313
73.010000 14 1341
73.010000 15 1341
73.010000 16 1333
73.010000 17 1336
73.010000 18 1206
73.010000 19 1344
74.010000 0 1159
74.010000 1 1215
74.010000 2 1205
74.010000 3 1178
74.010000 4 1228
74.010000 5 1221
74.010000 6 1208
74.010000 7 1062
74.010000 8 1153
74.010000 9 1219
74.010000 10 1208
74.010000 11 1198
74.010000 12 1185
74.010000 13 1198
74.010000 14 1229
74.010000 15 1226
74.010000 16 1198
74.010000 17 1196
74.010000 18 1132
74.010000 19 1227
75.010000 0 1097
75.010000 1 1128
75.010000 2 1125
75.010000 3 1064
75.010000 4 1143
75.010000 5 1140
75.010000 6 1102
75.010000 7 1036
75.010000 8 996
75.010000 9 1148
75.010000 10 1134
75.010000 11 1139
75.010000 12 1108
75.010000 13 1118
75.010000 14 1133
75.010000 15 1134
75.010000 16 1150
75.010000 17 1139
75.010000 18 1040
75.010000 19 1137
76.010000 0 1309
76.010000 1 1348
76.010000 2 1319
76.010000 3 1276
76.010000 4 1344
76.010000 5 1333
76.010000 6 1323
76.010000 7 1189
76.010000 8 1202
76.010000 9 1328
76.010000 10 1340
76.010000 11 1319
76.010000 12 1306
76.010000 13 1317
76.010000 14 1333
76.010000 15 1348
76.010000 16 1346
76.010000 17 1319
76.010000 18 1237
76.010000 19 1346
77.010000 0 1284
77.010000 1 1334
77.010000 2 1328
77.010000 3 1266
77.010000 4 1345
77.010000 5 1333
77.010000 6 1343
77.010000 7 1236
77.010000 8 1202
77.010000 9 1331
77.010000 10 1323
77.010000 11 1326
77.010000 12 1304
77.010000 13 1318
77.010000 14 1324
77.010000 15 1328
77.010000 16 1327
77.010000 17 1302
77.010000 18 1208
77.010000 19 1344
78.010000 0 1079
78.010000 1 1111
78.010000 2 1108
78.010000 3 1054
78.010000 4 1127
78.010000 5 1117
78.010000 6 1084
78.010000 7 1023
78.010000 8 955
78.010000 9 1116
78.010000 10 1114
78.010000 11 1086
78.010000 12 1123
78.010000 13 1118
78.010000 14 1124
78.010000 15 1121
78.010000 16 1107
78.010000 17 1113
78.010000 18 1001
78.010000 19 1131
79.010000 0 1264
79.010000 1 1288
79.010000 2 1276
79.010000 3 1241
79.010000 4 1293
79.010000 5 1316
79.010000 6 1274
79.010000 7 1177
79.010000 8 1148
79.010000 9 1283
79.010000 10 1295
79.010000 11 1264
79.010000 12 1253
79.010000 13 1262
79.010000 14 1258
79.010000 15 1313
79.010000 16 1310
79.010000 17 1272
79.010000 18 1191
79.010000 19 1292
80.010000 0 1143
80.010000 1 1172
80.010000 2 1168
80.010000 3 1133
80.010000 4 1192
80.010000 5 1163
80.010000 6 1182
80.010000 7 1063
80.010000 8 1092
80.010000 9 1178
80.010000 10 1167
80.010000 11 1184
80.010000 12 1153
80.010000 13 1164
80.010000 14 1199
80.010000 15 1188
80.010000 16 1176
80.010000 17 1176
80.010000 18 1077
80.010000 19 1191
81.010000 0 1271
81.010000 1 1305
81.010000 2 1303
81.010000 3 1258
81.010000 4 1318
81.010000 5 1323
81.010000 6 1297
81.010000 7 1184
81.010000 8 1192
81.010000 9 1286
81.010000 10 1311
81.010000 11 1310
81.010000 12 1279
81.010000 13 1286
81.010000 14 1295
81.010000 15 1321
81.010000 16 1311
81.010000 17 1296
81.010000 18 1227
81.010000 19 1315
82.010000 0 1244
82.010000 1 1298
82.010000 2 1291
82.010000 3 1201
82.010000 4 1308
82.010000 5 1286
82.010000 6 1266
82.010000 7 1152
82.010000 8 1159
82.010000 9 1289
82.010000 10 1301
82.010000 11 1277
82.010000 12 1245
82.010000 13 1276
82.010000 14 1285
82.010000 15 1303
82.010000 16 1286
82.010000 17 1278
82.010000 18 1204
82.010000 19 1302
83.010000 0 1268
83.010000 1 1307
83.010000 2 1300
83.010000 3 1268
83.010000 4 1313
83.010000 5 1304
83.010000 6 1292
83.010000 7 1174
83.010000 8 1198
83.010000 9 1313
83.010000 10 1321
83.010000 11 1289
83.010000 12 1276
83.010000 13 1284
83.010000 14 1299
83.010000 15 1319
83.010000 16 1304
83.010000 17 1312
83.010000 18 1193
83.010000 19 1316
84.010000 0 1146
84.010000 1 1191
84.010000 2 1179
84.010000 3 1152
84.010000 4 1204
84.010000 5 1192
84.010000 6 1172
84.010000 7 1060
84.010000 8 1058
84.010000 9 1192
84.010000 10 1205
84.010000 11 1199
84.010000 12 1188
84.010000 13 1177
84.010000 14 1205
84.010000 15 1200
84.010000 16 1176
84.010000 17 1185
84.010000 18 1069
84.010000 19 1201
85.010000 0 1191
85.010000 1 1240
85.010000 2 1232
85.010000 3 1197
85.010000 4 1251
85.010000 5 1236
85.010000 6 1225
85.010000 7 1098
85.010000 8 1152
85.010000 9 1245
85.010000 10 1256
85.010000 11 1226
85.010000 12 1194
85.010000 13 1217
85.010000 14 1246
85.010000 15 1260
85.010000 16 1238
85.010000 17 1241
85.010000 18 1137
85.010000 19 1257
86.010000 0 1179
86.010000 1 1192
86.010000 2 1196
86.010000 3 1134
86.010000 4 1215
86.010000 5 1198
86.010000 6 1187
86.010000 7 1112
86.010000 8 1079
86.010000 9 1206
86.010000 10 1204
86.010000 11 1182
86.010000 12 1164
86.010000 13 1189
86.010000 14 1211
86.010000 15 1214
86.010000 16 1198
86.010000 17 1213
86.010000 18 1109
86.010000 19 1216
87.010000 0 1226
87.010000 1 1274
87.010000 2 1261
87.010000 3 1224
87.010000 4 1282
87.010000 5 1276
87.010000 6 1260
87.010000 7 1139
87.010000 8 1173
87.010000 9 1266
87.010000 10 1281
87.010000 11 1256
87.010000 12 1243
87.010000 13 1250
87.010000 14 1257
87.010000 15 1294
87.010000 16 1270
87.010000 17 1267
87.010000 18 1153
87.010000 19 1276
88.010000 0 1185
88.010000 1 1219
88.010000 2 1208
88.010000 3 1162
88.010000 4 1232
88.010000 5 1226
88.010000 6 1209
88.010000 7 1108
88.010000 8 1091
88.010000 9 1223
88.010000 10 1227
88.010000 11 1208
88.010000 12 1195
88.010000 13 1240
88.010000 14 1225
88.010000 15 1231
88.010000 16 1245
88.010000 17 1222
88.010000 18 1134
88.010000 19 1245
89.010000 0 1121
89.010000 1 1175
89.010000 2 1162
89.010000 3 1117
89.010000 4 1179
89.010000 5 1183
89.010000 6 1155
89.010000 7 1034
89.010000 8 1024
89.010000 9 1169
89.010000 10 1184
89.010000 11 1176
89.010000 12 1146
89.010000 13 1150
89.010000 14 1164
89.010000 15 1202
89.010000 16 1170
89.010000 17 1168
89.010000 18 1058
89.010000 19 1177
90.010000 0 1322
90.010000 1 1356
90.010000 2 1361
90.010000 3 1312
90.010000 4 1383
90.010000 5 1365
90.010000 6 1343
90.010000 7 1220
90.010000 8 1275
90.010000 9 1372
90.010000 10 1357
90.010000 11 1344
90.010000 12 1328
90.010000 13 1353
90.010000 14 1368
90.010000 15 1373
90.010000 16 1364
90.010000 17 1359
90.010000 18 1274
90.010000 19 1380
91.010000 0 1237
91.010000 1 1262
91.010000 2 1255
91.010000 3 1215
91.010000 4 1276
91.010000 5 1269
91.010000 6 1246
91.010000 7 1151
91.010000 8 1155
91.010000 9 1278
91.010000 10 1260
91.010000 11 1245
91.010000 12 1241
91.010000 13 1256
91.010000 14 1286
91.010000 15 1263
91.010000 16 1272
91.010000 17 1258
91.010000 18 1189
91.010000 19 1295
92.010000 0 1232
92.010000 1 1260
92.010000 2 1264
92.010000 3 1229
92.010000 4 1307
92.010000 5 1262
92.010000 6 1261
92.010000 7 1141
92.010000 8 1179
92.010000 9 1273
92.010000 10 1266
92.010000 11 1252
92.010000 12 1247
92.010000 13 1263
92.010000 14 1313
92.010000 15 1282
92.010000 16 1275
92.010000 17 1269
92.010000 18 1140
92.010000 19 1289
93.010000 0 1120
93.010000 1 1183
93.010000 2 1154
93.010000 3 1108
93.010000 4 1177
93.010000 5 1179
93.010000 6 1151
93.010000 7 1030
93.010000 8 1042
93.010000 9 1156
93.010000 10 1161
93.010000 11 1149
93.010000 12 1160
93.010000 13 1143
93.010000 14 1124
93.010000 15 1174
93.010000 16 1166
93.010000 17 1170
93.010000 18 1066
93.010000 19 1168
94.010000 0 1337
94.010000 1 1361
94.010000 2 1367
94.010000 3 1302
94.010000 4 1375
94.010000 5 1339
94.010000 6 1346
94.010000 7 1252
94.010000 8 1227
94.010000 9 1359
94.010000 10 1362
94.010000 11 1343
94.010000 12 1333
94.010000 13 1365
94.010000 14 1352
94.010000 15 1373
94.010000 16 1360
94.010000 17 1353
94.010000 18 1251
94.010000 19 1376
95.010000 0 1150
95.010000 1 1208
95.010000 2 1182
95.010000 3 1140
95.010000 4 1202
95.010000 5 1196
95.010000 6 1184
95.010000 7 1067
95.010000 8 1087
95.010000 9 1190
95.010000 10 1204
95.010000 11 1185
95.010000 12 1166
95.010000 13 1183
95.010000 14 1194
95.010000 15 1219
95.010000 16 1195
95.010000 17 1219
95.010000 18 1087
95.010000 19 1207
96.010000 0 1374
96.010000 1 1432
96.010000 2 1405
96.010000 3 1377
96.010000 4 1427
96.010000 5 1413
96.010000 6 1390
96.010000 7 1281
96.010000 8 1310
96.010000 9 1411
96.010000 10 1404
96.010000 11 1392
96.010000 12 1376
96.010000 13 1389
96.010000 14 1411
96.010000 15 1403
96.010000 16 1382
96.010000 17 1367
96.010000 18 1313
96.010000 19 1426
97.010000 0 1138
97.010000 1 1174
97.010000 2 1173
97.010000 3 1114
97.010000 4 1211
97.010000 5 1176
97.010000 6 1163
97.010000 7 1051
97.010000 8 1042
97.010000 9 1198
97.010000 10 1189
97.010000 11 1162
97.010000 12 1156
97.010000 13 1169
97.010000 14 1183
97.010000 15 1189
97.010000 16 1200
97.010000 17 1173
97.010000 18 1074
97.010000 19 1188
98.010000 0 1336
98.010000 1 1376
98.010000 2 1366
98.010000 3 1311
98.010000 4 1362
98.010000 5 1382
98.010000 6 1366
98.010000 7 1242
98.010000 8 1259
98.010000 9 1376
98.010000 10 1378
98.010000 11 1362
98.010000 12 1342
98.010000 13 1367
98.010000 14 1366
98.010000 15 1405
98.010000 16 1376
98.010000 17 1372
98.010000 18 1283
98.010000 19 1391
99.010000 0 1246
99.010000 1 1266
99.010000 2 1263
99.010000 3 1218
99.010000 4 1288
99.010000 5 1270
99.010000 6 1282
99.010000 7 1138
99.010000 8 1156
99.010000 9 1291
99.010000 10 1267
99.010000 11 1248
99.010000 12 1245
99.010000 13 1260
99.010000 14 1272
99.010000 15 1274
99.010000 16 1268
99.010000 17 1258
99.010000 18 1185
99.010000 19 1290
100.010000 0 1095
100.010000 1 1141
100.010000 2 1132
100.010000 3 1103
100.010000 4 1144
100.010000 5 1149
100.010000 6 1125
100.010000 7 1020
100.010000 8 1023
100.010000 9 1111
100.010000 10 1134
100.010000 11 1115
100.010000 12 1110
100.010000 13 1154
100.010000 14 1140
100.010000 15 1153
100.010000 16 1136
100.010000 17 1134
100.010000 18 1032
100.010000 19 1155
101.010000 0 1308
101.010000 1 1352
101.010000 2 1341
101.010000 3 1292
101.010000 4 1364
101.010000 5 1349
101.010000 6 1324
101.010000 7 1210
101.010000 8 1249
101.010000 9 1346
101.010000 10 1348
101.010000 11 1335
101.010000 12 1320
101.010000 13 1299
101.010000 14 1363
101.010000 15 1363
101.010000 16 1364
101.010000 17 1338
101.010000 18 1246
101.010000 19 1356
102.010000 0 1031
102.010000 1 1080
102.010000 2 1098
102.010000 3 1047
102.010000 4 1114
102.010000 5 1092
102.010000 6 1081
102.010000 7 953
102.010000 8 956
102.010000 9 1088
102.010000 10 1079
102.010000 11 1071
102.010000 12 1091
102.010000 13 1098
102.010000 14 1084
102.010000 15 1094
102.010000 16 1084
102.010000 17 1074
102.010000 18 962
102.010000 19 1103
103.010000 0 1321
103.010000 1 1341
103.010000 2 1333
103.010000 3 1281
103.010000 4 1334
103.010000 5 1363
103.010000 6 1336
103.010000 7 1245
103.010000 8 1194
103.010000 9 1340
103.010000 10 1349
103.010000 11 1340
103.010000 12 1320
103.010000 13 1304
103.010000 14 1343
103.010000 15 1380
103.010000 16 1368
103.010000 17 1342
103.010000 18 1247
103.010000 19 1367
104.010000 0 1189
104.010000 1 1242
104.010000 2 1219
104.010000 3 1160
104.010000 4 1252
104.010000 5 1223
104.010000 6 1204
104.010000 7 1139
104.010000 8 1079
104.010000 9 1222
104.010000 10 1229
104.010000 11 1204
104.010000 12 1193
104.010000 13 1201
104.010000 14 1236
104.010000 15 1222
104.010000 16 1210
104.010000 17 1217
104.010000 18 1093
104.010000 19 1225
105.010000 0 1276
105.010000 1 1256
105.010000 2 1265
105.010000 3 1138
105.010000 4 1260
105.010000 5 1254
105.010000 6 1240
105.010000 7 1196
105.010000 8 1028
105.010000 9 1248
105.010000 10 1249
105.010000 11 1237
105.010000 12 1221
105.010000 13 1234
105.010000 14 1246
105.010000 15 1260
105.010000 16 1257
105.010000 17 1240
105.010000 18 1124
105.010000 19 1262
106.010000 0 1223
106.010000 1 1240
106.010000 2 1252
106.010000 3 1175
106.010000 4 1287
106.010000 5 1249
106.010000 6 1241
106.010000 7 1194
106.010000 8 1085
106.010000 9 1262
106.010000 10 1256
106.010000 11 1241
106.010000 12 1258
106.010000 13 1273
106.010000 14 1264
106.010000 15 1283
106.010000 16 1256
106.010000 17 1253
106.010000 18 1133
106.010000 19 1275
107.010000 0 1162
107.010000 1 1147
107.010000 2 1114
107.010000 3 1027
107.010000 4 1162
107.010000 5 1139
107.010000 6 1152
107.010000 7 1113
107.010000 8 907
107.010000 9 1143
107.010000 10 1149
107.010000 11 1129
107.010000 12 1139
107.010000 13 1124
107.010000 14 1146
107.010000 15 1157
107.010000 16 1143
107.010000 17 1158
107.010000 18 1054
107.010000 19 1155
108.010000 0 1272
108.010000 1 1309
108.010000 2 1316
108.010000 3 1228
108.010000 4 1315
108.010000 5 1300
108.010000 6 1262
108.010000 7 1236
108.010000 8 1120
108.010000 9 1305
108.010000 10 1293
108.010000 11 1281
108.010000 12 1274
108.010000 13 1303
108.010000 14 1298
108.010000 15 1323
108.010000 16 1281
108.010000 17 1267
108.010000 18 1204
108.010000 19 1311
109.010000 0 1255
109.010000 1 1253
109.010000 2 1221
109.010000 3 1158
109.010000 4 1262
109.010000 5 1252
109.010000 6 1262
109.010000 7 1191
109.010000 8 1062
109.010000 9 1247
109.010000 10 1256
109.010000 11 1255
109.010000 12 1243
109.010000 13 1236
109.010000 14 1249
109.010000 15 1258
109.010000 16 1253
109.010000 17 1245
109.010000 18 1144
109.010000 19 1265
110.010000 0 1069
110.010000 1 1121
110.010000 2 1130
110.010000 3 1075
110.010000 4 1129
110.010000 5 1121
110.010000 6 1094
110.010000 7 978
110.010000 8 1008
110.010000 9 1124
110.010000 10 1109
110.010000 11 1093
110.010000 12 1088
110.010000 13 1092
110.010000 14 1112
110.010000 15 1119
110.010000 16 1105
110.010000 17 1117
110.010000 18 975
110.010000 19 1115
111.010000 0 1151
111.010000 1 1183
111.010000 2 1146
111.010000 3 1104
111.010000 4 1192
111.010000 5 1183
111.010000 6 1172
111.010000 7 1079
111.010000 8 1062
111.010000 9 1165
111.010000 10 1201
111.010000 11 1170
111.010000 12 1161
111.010000 13 1174
111.010000 14 1186
111.010000 15 1218
111.010000 16 1188
111.010000 17 1187
111.010000 18 1106
111.010000 19 1209
112.010000 0 1168
112.010000 1 1192
112.010000 2 1189
112.010000 3 1104
112.010000 4 1191
112.010000 5 1185
112.010000 6 1168
112.010000 7 1099
112.010000 8 983
112.010000 9 1179
112.010000 10 1180
112.010000 11 1172
112.010000 12 1179
112.010000 13 1175
112.010000 14 1172
112.010000 15 1219
112.010000 16 1185
112.010000 17 1150
112.010000 18 1078
112.010000 19 1193
113.010000 0 1196
113.010000 1 1205
113.010000 2 1198
113.010000 3 1125
113.010000 4 1228
113.010000 5 1200
113.010000 6 1187
113.010000 7 1160
113.010000 8 1020
113.010000 9 1200
113.010000 10 1202
113.010000 11 1176
113.010000 12 1188
113.010000 13 1197
113.010000 14 1228
113.010000 15 1180
113.010000 16 1209
113.010000 17 1217
113.010000 18 1098
113.010000 19 1222
114.010000 0 1326
114.010000 1 1317
114.010000 2 1302
114.010000 3 1203
114.010000 4 1308
114.010000 5 1335
114.010000 6 1284
114.010000 7 1224
114.010000 8 1091
114.010000 9 1289
114.010000 10 1303
114.010000 11 1292
114.010000 12 1270
114.010000 13 1282
114.010000 14 1295
114.010000 15 1294
114.010000 16 1298
114.010000 17 1293
114.010000 18 1194
114.010000 19 1298
115.010000 0 1273
115.010000 1 1240
115.010000 2 1233
115.010000 3 1105
115.010000 4 1244
115.010000 5 1228
115.010000 6 1221
115.010000 7 1212
115.010000 8 974
115.010000 9 1253
115.010000 10 1248
115.010000 11 1234
115.010000 12 1209
115.010000 13 1215
115.010000 14 1232
115.010000 15 1243
115.010000 16 1225
115.010000 17 1230
115.010000 18 1114
115.010000 19 1254
116.010000 0 1333
116.010000 1 1371
116.010000 2 1367
116.010000 3 1311
116.010000 4 1391
116.010000 5 1342
116.010000 6 1348
116.010000 7 1318
116.010000 8 1218
116.010000 9 1380
116.010000 10 1369
116.010000 11 1352
116.010000 12 1346
116.010000 13 1364
116.010000 14 1383
116.010000 15 1386
116.010000 16 1377
116.010000 17 1387
116.010000 18 1288
116.010000 19 1387
117.010000 0 1159
117.010000 1 1183
117.010000 2 1173
117.010000 3 1104
117.010000 4 1181
117.010000 5 1184
117.010000 6 1176
117.010000 7 1130
117.010000 8 1040
117.010000 9 1163
117.010000 10 1203
117.010000 11 1172
117.010000 12 1156
117.010000 13 1161
117.010000 14 1182
117.010000 15 1221
117.010000 16 1188
117.010000 17 1182
117.010000 18 1084
117.010000 19 1195
118.010000 0 1314
118.010000 1 1287
118.010000 2 1281
118.010000 3 1198
118.010000 4 1300
118.010000 5 1283
118.010000 6 1268
118.010000 7 1247
118.010000 8 1094
118.010000 9 1298
118.010000 10 1286
118.010000 11 1279
118.010000 12 1249
118.010000 13 1266
118.010000 14 1283
118.010000 15 1270
118.010000 16 1276
118.010000 17 1272
118.010000 18 1178
118.010000 19 1284
119.010000 0 1350
119.010000 1 1368
119.010000 2 1362
119.010000 3 1291
119.010000 4 1389
119.010000 5 1368
119.010000 6 1356
119.010000 7 1301
119.010000 8 1159
119.010000 9 1372
119.010000 10 1369
119.010000 11 1355
119.010000 12 1345
119.010000 13 1381
119.010000 14 1377
119.010000 15 1387
119.010000 16 1374
119.010000 17 1359
119.010000 18 1271
119.010000 19 1389
120.010000 0 1189
120.010000 1 1214
120.010000 2 1190
120.010000 3 1131
120.010000 4 1223
120.010000 5 1196
120.010000 6 1184
120.010000 7 1166
120.010000 8 1061
120.010000 9 1197
120.010000 10 1197
120.010000 11 1159
120.010000 12 1166
120.010000 13 1179
120.010000 14 1195
120.010000 15 1215
120.010000 16 1195
120.010000 17 1192
120.010000 18 1085
120.010000 19 1207
121.010000 0 1071
121.010000 1 1093
121.010000 2 1086
121.010000 3 1022
121.010000 4 1101
121.010000 5 1093
121.010000 6 1071
121.010000 7 1029
121.010000 8 941
121.010000 9 1120
121.010000 10 1106
121.010000 11 1088
121.010000 12 1063
121.010000 13 1073
121.010000 14 1093
121.010000 15 1101
121.010000 16 1096
121.010000 17 1081
121.010000 18 1017
121.010000 19 1106
122.010000 0 1228
122.010000 1 1266
122.010000 2 1272
122.010000 3 1220
122.010000 4 1278
122.010000 5 1268
122.010000 6 1249
122.010000 7 1171
122.010000 8 1135
122.010000 9 1245
122.010000 10 1260
122.010000 11 1224
122.010000 12 1233
122.010000 13 1250
122.010000 14 1279
122.010000 15 1280
122.010000 16 1260
122.010000 17 1270
122.010000 18 1150
122.010000 19 1276
123.010000 0 1182
123.010000 1 1230
123.010000 2 1217
123.010000 3 1152
123.010000 4 1238
123.010000 5 1230
123.010000 6 1243
123.010000 7 1102
123.010000 8 1081
123.010000 9 1226
123.010000 10 1229
123.010000 11 1235
123.010000 12 1195
123.010000 13 1214
123.010000 14 1226
123.010000 15 1244
123.010000 16 1235
123.010000 17 1223
123.010000 18 1117
123.010000 19 1235
124.010000 0 1148
124.010000 1 1184
124.010000 2 1158
124.010000 3 1108
124.010000 4 1183
124.010000 5 1183
124.010000 6 1138
124.010000 7 1072
124.010000 8 1032
124.010000 9 1171
124.010000 10 1182
124.010000 11 1156
124.010000 12 1149
124.010000 13 1177
124.010000 14 1171
124.010000 15 1178
124.010000 16 1183
124.010000 17 1174
124.010000 18 1077
124.010000 19 1185
125.010000 0 1200
125.010000 1 1250
125.010000 2 1264
125.010000 3 1220
125.010000 4 1277
125.010000 5 1239
125.010000 6 1221
125.010000 7 1120
125.010000 8 1160
125.010000 9 1280
125.010000 10 1258
125.010000 11 1222
125.010000 12 1228
125.010000 13 1240
125.010000 14 1274
125.010000 15 1293
125.010000 16 1261
125.010000 17 1264
125.010000 18 1162
125.010000 19 1286
126.010000 0 1187
126.010000 1 1212
126.010000 2 1212
126.010000 3 1163
126.010000 4 1233
126.010000 5 1212
126.010000 6 1191
126.010000 7 1079
126.010000 8 1117
126.010000 9 1232
126.010000 10 1200
126.010000 11 1209
126.010000 12 1183
126.010000 13 1217
126.010000 14 1213
126.010000 15 1193
126.010000 16 1185
126.010000 17 1182
126.010000 18 1104
126.010000 19 1226
127.010000 0 1184
127.010000 1 1223
127.010000 2 1209
127.010000 3 1159
127.010000 4 1249
127.010000 5 1222
127.010000 6 1217
127.010000 7 1116
127.010000 8 1114
127.010000 9 1200
127.010000 10 1233
127.010000 11 1212
127.010000 12 1193
127.010000 13 1231
127.010000 14 1227
127.010000 15 1252
127.010000 16 1251
127.010000 17 1237
127.010000 18 1117
127.010000 19 1246
128.010000 0 1186
128.010000 1 1225
128.010000 2 1235
128.010000 3 1159
128.010000 4 1236
128.010000 5 1226
128.010000 6 1226
128.010000 7 1121
128.010000 8 1083
128.010000 9 1226
128.010000 10 1226
128.010000 11 1206
128.010000 12 1193
128.010000 13 1209
128.010000 14 1222
128.010000 15 1233
128.010000 16 1226
128.010000 17 1197
128.010000 18 1103
128.010000 19 1240
129.010000 0 1166
129.010000 1 1208
129.010000 2 1218
129.010000 3 1174
129.010000 4 1224
129.010000 5 1218
129.010000 6 1194
129.010000 7 1072
129.010000 8 1117
129.010000 9 1208
129.010000 10 1218
129.010000 11 1225
129.010000 12 1190
129.010000 13 1195
129.010000 14 1206
129.010000 15 1230
129.010000 16 1199
129.010000 17 1199
129.010000 18 1106
129.010000 19 1221
130.010000 0 1260
130.010000 1 1290
130.010000 2 1281
130.010000 3 1221
130.010000 4 1300
130.010000 5 1286
130.010000 6 1278
130.010000 7 1165
130.010000 8 1145
130.010000 9 1289
130.010000 10 1291
130.010000 11 1276
130.010000 12 1293
130.010000 13 1274
130.010000 14 1288
130.010000 15 1303
130.010000 16 1287
130.010000 17 1282
130.010000 18 1178
130.010000 19 1302
131.010000 0 1194
131.010000 1 1240
131.010000 2 1237
131.010000 3 1205
131.010000 4 1261
131.010000 5 1240
131.010000 6 1227
131.010000 7 1109
131.010000 8 1137
131.010000 9 1276
131.010000 10 1243
131.010000 11 1204
131.010000 12 1217
131.010000 13 1251
131.010000 14 1260
131.010000 15 1253
131.010000 16 1243
131.010000 17 1229
131.010000 18 1149
131.010000 19 1259
132.010000 0 1037
132.010000 1 1088
132.010000 2 1090
132.010000 3 1048
132.010000 4 1099
132.010000 5 1086
132.010000 6 1066
132.010000 7 969
132.010000 8 954
132.010000 9 1110
132.010000 10 1094
132.010000 11 1065
132.010000 12 1033
132.010000 13 1082
132.010000 14 1074
132.010000 15 1102
132.010000 16 1108
132.010000 17 1077
132.010000 18 956
132.010000 19 1085
133.010000 0 1272
133.010000 1 1302
133.010000 2 1297
133.010000 3 1244
133.010000 4 1309
133.010000 5 1312
133.010000 6 1286
133.010000 7 1199
133.010000 8 1170
133.010000 9 1262
133.010000 10 1298
133.010000 11 1286
133.010000 12 1293
133.010000 13 1308
133.010000 14 1302
133.010000 15 1316
133.010000 16 1273
133.010000 17 1289
133.010000 18 1203
133.010000 19 1315
134.010000 0 1262
134.010000 1 1310
134.010000 2 1285
134.010000 3 1251
134.010000 4 1321
134.010000 5 1310
134.010000 6 1288
134.010000 7 1153
134.010000 8 1222
134.010000 9 1309
134.010000 10 1314
134.010000 11 1317
134.010000 12 1286
134.010000 13 1297
134.010000 14 1314
134.010000 15 1319
134.010000 16 1309
134.010000 17 1309
134.010000 18 1228
134.010000 19 1341
135.010000 0 1166
135.010000 1 1200
135.010000 2 1209
135.010000 3 1154
135.010000 4 1222
135.010000 5 1211
135.010000 6 1194
135.010000 7 1102
135.010000 8 1089
135.010000 9 1189
135.010000 10 1212
135.010000 11 1219
135.010000 12 1167
135.010000 13 1214
135.010000 14 1207
135.010000 15 1229
135.010000 16 1210
135.010000 17 1198
135.010000 18 1102
135.010000 19 1218
136.010000 0 1221
136.010000 1 1262
136.010000 2 1242
136.010000 3 1207
136.010000 4 1270
136.010000 5 1272
136.010000 6 1261
136.010000 7 1134
136.010000 8 1138
136.010000 9 1249
136.010000 10 1253
136.010000 11 1219
136.010000 12 1255
136.010000 13 1263
136.010000 14 1255
136.010000 15 1256
136.010000 16 1260
136.010000 17 1247
136.010000 18 1143
136.010000 19 1255
137.010000 0 1162
137.010000 1 1195
137.010000 2 1210
137.010000 3 1153
137.010000 4 1216
137.010000 5 1211
137.010000 6 1191
137.010000 7 1071
137.010000 8 1099
137.010000 9 1210
137.010000 10 1205
137.010000 11 1202
137.010000 12 1175
137.010000 13 1194
137.010000 14 1205
137.010000 15 1234
137.010000 16 1212
137.010000 17 1199
137.010000 18 1132
137.010000 19 1217
138.010000 0 1269
138.010000 1 1286
138.010000 2 1287
138.010000 3 1239
138.010000 4 1315
138.010000 5 1276
138.010000 6 1274
138.010000 7 1194
138.010000 8 1166
138.010000 9 1303
138.010000 10 1288
138.010000 11 1279
138.010000 12 1270
138.010000 13 1282
138.010000 14 1312
138.010000 15 1306
138.010000 16 1287
138.010000 17 1287
138.010000 18 1212
138.010000 19 1309
139.010000 0 1180
139.010000 1 1239
139.010000 2 1231
139.010000 3 1235
139.010000 4 1243
139.010000 5 1256
139.010000 6 1226
139.010000 7 1069
139.010000 8 1155
139.010000 9 1233
139.010000 10 1243
139.010000 11 1231
139.010000 12 1233
139.010000 13 1244
139.010000 14 1228
139.010000 15 1250
139.010000 16 1243
139.010000 17 1232
139.010000 18 1115
139.010000 19 1253
140.010000 0 1300
140.010000 1 1322
140.010000 2 1311
140.010000 3 1243
140.010000 4 1333
140.010000 5 1328
140.010000 6 1305
140.010000 7 1221
140.010000 8 1184
140.010000 9 1337
140.010000 10 1329
140.010000 11 1326
140.010000 12 1277
140.010000 13 1284
140.010000 14 1320
140.010000 15 1355
140.010000 16 1323
140.010000 17 1323
140.010000 18 1231
140.010000 19 1340
141.010000 0 1175
141.010000 1 1243
141.010000 2 1237
141.010000 3 1188
141.010000 4 1244
141.010000 5 1207
141.010000 6 1209
141.010000 7 1090
141.010000 8 1124
141.010000 9 1235
141.010000 10 1222
141.010000 11 1214
141.010000 12 1212
141.010000 13 1240
141.010000 14 1243
141.010000 15 1214
141.010000 16 1239
141.010000 17 1214
141.010000 18 1121
141.010000 19 1240
142.010000 0 1142
142.010000 1 1198
142.010000 2 1180
142.010000 3 1151
142.010000 4 1196
142.010000 5 1188
142.010000 6 1172
142.010000 7 1051
142.010000 8 1060
142.010000 9 1189
142.010000 10 1182
142.010000 11 1181
142.010000 12 1190
142.010000 13 1170
142.010000 14 1186
142.010000 15 1195
142.010000 16 1184
142.010000 17 1176
142.010000 18 1074
142.010000 19 1210
143.010000 0 1264
143.010000 1 1290
143.010000 2 1303
143.010000 3 1220
143.010000 4 1297
143.010000 5 1302
143.010000 6 1267
143.010000 7 1161
143.010000 8 1163
143.010000 9 1289
143.010000 10 1288
143.010000 11 1246
143.010000 12 1274
143.010000 13 1265
143.010000 14 1287
143.010000 15 1298
143.010000 16 1285
143.010000 17 1268
143.010000 18 1184
143.010000 19 1300
144.010000 0 1231
144.010000 1 1280
144.010000 2 1274
144.010000 3 1232
144.010000 4 1307
144.010000 5 1280
144.010000 6 1269
144.010000 7 1141
144.010000 8 1178
144.010000 9 1288
144.010000 10 1291
144.010000 11 1254
144.010000 12 1249
144.010000 13 1266
144.010000 14 1286
144.010000 15 1296
144.010000 16 1282
144.010000 17 1279
144.010000 18 1180
144.010000 19 1312
145.010000 0 1272
145.010000 1 1300
145.010000 2 1286
145.010000 3 1228
145.010000 4 1322
145.010000 5 1301
145.010000 6 1311
145.010000 7 1183
145.010000 8 1145
145.010000 9 1294
145.010000 10 1318
145.010000 11 1281
145.010000 12 1263
145.010000 13 1282
145.010000 14 1298
145.010000 15 1313
145.010000 16 1301
145.010000 17 1287
145.010000 18 1170
145.010000 19 1286
146.010000 0 1123
146.010000 1 1168
146.010000 2 1162
146.010000 3 1120
146.010000 4 1181
146.010000 5 1174
146.010000 6 1177
146.010000 7 1064
146.010000 8 1059
146.010000 9 1173
146.010000 10 1155
146.010000 11 1153
146.010000 12 1148
146.010000 13 1158
146.010000 14 1183
146.010000 15 1203
146.010000 16 1174
146.010000 17 1167
146.010000 18 1072
146.010000 19 1195
147.010000 0 1246
147.010000 1 1274
147.010000 2 1259
147.010000 3 1211
147.010000 4 1288
147.010000 5 1268
147.010000 6 1256
147.010000 7 1134
147.010000 8 1131
147.010000 9 1260
147.010000 10 1284
147.010000 11 1256
147.010000 12 1237
147.010000 13 1258
147.010000 14 1264
147.010000 15 1279
147.010000 16 1268
147.010000 17 1256
147.010000 18 1148
147.010000 19 1275
148.010000 0 1358
148.010000 1 1335
148.010000 2 1300
148.010000 3 1218
148.010000 4 1325
148.010000 5 1330
148.010000 6 1315
148.010000 7 1284
148.010000 8 1094
148.010000 9 1325
148.010000 10 1348
148.010000 11 1337
148.010000 12 1303
148.010000 13 1309
148.010000 14 1327
148.010000 15 1326
148.010000 16 1328
148.010000 17 1326
148.010000 18 1207
148.010000 19 1354
149.010000 0 1184
149.010000 1 1246
149.010000 2 1256
149.010000 3 1175
149.010000 4 1273
149.010000 5 1241
149.010000 6 1232
149.010000 7 1162
149.010000 8 1085
149.010000 9 1237
149.010000 10 1261
149.010000 11 1250
149.010000 12 1221
149.010000 13 1236
149.010000 14 1250
149.010000 15 1272
149.010000 16 1252
149.010000 17 1243
149.010000 18 1161
149.010000 19 1273
