0.010000 0 0
0.010000 1 0
0.010000 2 0
0.010000 3 0
0.010000 4 0
0.010000 5 0
0.010000 6 0
0.010000 7 0
0.010000 8 0
0.010000 9 0
0.010000 10 0
0.010000 11 0
0.010000 12 0
0.010000 13 0
0.010000 14 0
0.010000 15 0
0.010000 16 0
0.010000 17 0
0.010000 18 0
0.010000 19 0
0.010000 20 0
0.010000 21 0
0.010000 22 0
0.010000 23 0
0.010000 24 0
1.010000 0 0
1.010000 1 0
1.010000 2 0
1.010000 3 0
1.010000 4 0
1.010000 5 0
1.010000 6 0
1.010000 7 0
1.010000 8 0
1.010000 9 0
1.010000 10 0
1.010000 11 0
1.010000 12 0
1.010000 13 0
1.010000 14 0
1.010000 15 0
1.010000 16 0
1.010000 17 0
1.010000 18 0
1.010000 19 0
1.010000 20 0
1.010000 21 0
1.010000 22 0
1.010000 23 0
1.010000 24 0
2.010000 0 0
2.010000 1 0
2.010000 2 0
2.010000 3 0
2.010000 4 0
2.010000 5 0
2.010000 6 0
2.010000 7 0
2.010000 8 0
2.010000 9 0
2.010000 10 0
2.010000 11 0
2.010000 12 0
2.010000 13 0
2.010000 14 0
2.010000 15 0
2.010000 16 0
2.010000 17 0
2.010000 18 0
2.010000 19 0
2.010000 20 0
2.010000 21 0
2.010000 22 0
2.010000 23 0
2.010000 24 0
3.010000 0 0
3.010000 1 0
3.010000 2 0
3.010000 3 0
3.010000 4 0
3.010000 5 0
3.010000 6 0
3.010000 7 0
3.010000 8 0
3.010000 9 0
3.010000 10 0
3.010000 11 0
3.010000 12 0
3.010000 13 0
3.010000 14 0
3.010000 15 0
3.010000 16 0
3.010000 17 0
3.010000 18 0
3.010000 19 0
3.010000 20 0
3.010000 21 0
3.010000 22 0
3.010000 23 0
3.010000 24 0
4.010000 0 0
4.010000 1 0
4.010000 2 0
4.010000 3 0
4.010000 4 0
4.010000 5 0
4.010000 6 0
4.010000 7 0
4.010000 8 0
4.010000 9 0
4.010000 10 0
4.010000 11 0
4.010000 12 0
4.010000 13 0
4.010000 14 0
4.010000 15 0
4.010000 16 0
4.010000 17 0
4.010000 18 0
4.010000 19 0
4.010000 20 0
4.010000 21 0
4.010000 22 0
4.010000 23 0
4.010000 24 0
5.010000 0 0
5.010000 1 0
5.010000 2 0
5.010000 3 0
5.010000 4 0
5.010000 5 0
5.010000 6 0
5.010000 7 0
5.010000 8 0
5.010000 9 0
5.010000 10 0
5.010000 11 0
5.010000 12 0
5.010000 13 0
5.010000 14 0
5.010000 15 0
5.010000 16 0
5.010000 17 0
5.010000 18 0
5.010000 19 0
5.010000 20 0
5.010000 21 0
5.010000 22 0
5.010000 23 0
5.010000 24 0
6.010000 0 0
6.010000 1 0
6.010000 2 0
6.010000 3 0
6.010000 4 0
6.010000 5 0
6.010000 6 0
6.010000 7 0
6.010000 8 0
6.010000 9 0
6.010000 10 0
6.010000 11 0
6.010000 12 0
6.010000 13 0
6.010000 14 0
6.010000 15 0
6.010000 16 0
6.010000 17 0
6.010000 18 0
6.010000 19 0
6.010000 20 0
6.010000 21 0
6.010000 22 0
6.010000 23 0
6.010000 24 0
7.010000 0 0
7.010000 1 0
7.010000 2 0
7.010000 3 0
7.010000 4 0
7.010000 5 0
7.010000 6 0
7.010000 7 0
7.010000 8 0
7.010000 9 0
7.010000 10 0
7.010000 11 0
7.010000 12 0
7.010000 13 0
7.010000 14 0
7.010000 15 0
7.010000 16 0
7.010000 17 0
7.010000 18 0
7.010000 19 0
7.010000 20 0
7.010000 21 0
7.010000 22 0
7.010000 23 0
7.010000 24 0
8.010000 0 0
8.010000 1 0
8.010000 2 0
8.010000 3 0
8.010000 4 0
8.010000 5 0
8.010000 6 0
8.010000 7 0
8.010000 8 0
8.010000 9 0
8.010000 10 0
8.010000 11 0
8.010000 12 0
8.010000 13 0
8.010000 14 0
8.010000 15 0
8.010000 16 0
8.010000 17 0
8.010000 18 0
8.010000 19 0
8.010000 20 0
8.010000 21 0
8.010000 22 0
8.010000 23 0
8.010000 24 0
9.010000 0 0
9.010000 1 0
9.010000 2 0
9.010000 3 0
9.010000 4 0
9.010000 5 0
9.010000 6 0
9.010000 7 0
9.010000 8 0
9.010000 9 0
9.010000 10 0
9.010000 11 0
9.010000 12 0
9.010000 13 0
9.010000 14 0
9.010000 15 0
9.010000 16 0
9.010000 17 0
9.010000 18 0
9.010000 19 0
9.010000 20 0
9.010000 21 0
9.010000 22 0
9.010000 23 0
9.010000 24 0
10.010000 0 0
10.010000 1 0
10.010000 2 0
10.010000 3 0
10.010000 4 0
10.010000 5 0
10.010000 6 0
10.010000 7 0
10.010000 8 0
10.010000 9 0
10.010000 10 0
10.010000 11 0
10.010000 12 0
10.010000 13 0
10.010000 14 0
10.010000 15 0
10.010000 16 0
10.010000 17 0
10.010000 18 0
10.010000 19 0
10.010000 20 0
10.010000 21 0
10.010000 22 0
10.010000 23 0
10.010000 24 0
11.010000 0 0
11.010000 1 0
11.010000 2 0
11.010000 3 0
11.010000 4 0
11.010000 5 0
11.010000 6 0
11.010000 7 0
11.010000 8 0
11.010000 9 0
11.010000 10 0
11.010000 11 0
11.010000 12 0
11.010000 13 0
11.010000 14 0
11.010000 15 0
11.010000 16 0
11.010000 17 0
11.010000 18 0
11.010000 19 0
11.010000 20 0
11.010000 21 0
11.010000 22 0
11.010000 23 0
11.010000 24 0
12.010000 0 0
12.010000 1 0
12.010000 2 0
12.010000 3 0
12.010000 4 0
12.010000 5 0
12.010000 6 0
12.010000 7 0
12.010000 8 0
12.010000 9 0
12.010000 10 0
12.010000 11 0
12.010000 12 0
12.010000 13 0
12.010000 14 0
12.010000 15 0
12.010000 16 0
12.010000 17 0
12.010000 18 0
12.010000 19 0
12.010000 20 0
12.010000 21 0
12.010000 22 0
12.010000 23 0
12.010000 24 0
13.010000 0 0
13.010000 1 0
13.010000 2 0
13.010000 3 0
13.010000 4 0
13.010000 5 0
13.010000 6 0
13.010000 7 0
13.010000 8 0
13.010000 9 0
13.010000 10 0
13.010000 11 0
13.010000 12 0
13.010000 13 0
13.010000 14 0
13.010000 15 0
13.010000 16 0
13.010000 17 0
13.010000 18 0
13.010000 19 0
13.010000 20 0
13.010000 21 0
13.010000 22 0
13.010000 23 0
13.010000 24 0
14.010000 0 0
14.010000 1 0
14.010000 2 0
14.010000 3 0
14.010000 4 0
14.010000 5 0
14.010000 6 0
14.010000 7 0
14.010000 8 0
14.010000 9 0
14.010000 10 0
14.010000 11 0
14.010000 12 0
14.010000 13 0
14.010000 14 0
14.010000 15 0
14.010000 16 0
14.010000 17 0
14.010000 18 0
14.010000 19 0
14.010000 20 0
14.010000 21 0
14.010000 22 0
14.010000 23 0
14.010000 24 0
15.010000 0 2
15.010000 1 1
15.010000 2 2
15.010000 3 1
15.010000 4 2
15.010000 5 2
15.010000 6 2
15.010000 7 2
15.010000 8 2
15.010000 9 2
15.010000 10 2
15.010000 11 2
15.010000 12 2
15.010000 13 2
15.010000 14 2
15.010000 15 2
15.010000 16 2
15.010000 17 2
15.010000 18 2
15.010000 19 2
15.010000 20 2
15.010000 21 2
15.010000 22 2
15.010000 23 2
15.010000 24 2
16.010000 0 653
16.010000 1 659
16.010000 2 702
16.010000 3 662
16.010000 4 701
16.010000 5 708
16.010000 6 640
16.010000 7 674
16.010000 8 708
16.010000 9 702
16.010000 10 704
16.010000 11 691
16.010000 12 575
16.010000 13 665
16.010000 14 703
16.010000 15 708
16.010000 16 699
16.010000 17 698
16.010000 18 671
16.010000 19 702
16.010000 20 701
16.010000 21 669
16.010000 22 707
16.010000 23 641
16.010000 24 653
17.010000 0 257
17.010000 1 255
17.010000 2 275
17.010000 3 255
17.010000 4 275
17.010000 5 275
17.010000 6 237
17.010000 7 275
17.010000 8 275
17.010000 9 275
17.010000 10 275
17.010000 11 275
17.010000 12 195
17.010000 13 235
17.010000 14 275
17.010000 15 275
17.010000 16 275
17.010000 17 275
17.010000 18 275
17.010000 19 275
17.010000 20 275
17.010000 21 255
17.010000 22 275
17.010000 23 236
17.010000 24 257
18.010000 0 229
18.010000 1 235
18.010000 2 249
18.010000 3 231
18.010000 4 249
18.010000 5 249
18.010000 6 209
18.010000 7 249
18.010000 8 249
18.010000 9 249
18.010000 10 249
18.010000 11 249
18.010000 12 185
18.010000 13 209
18.010000 14 249
18.010000 15 249
18.010000 16 249
18.010000 17 249
18.010000 18 249
18.010000 19 249
18.010000 20 249
18.010000 21 231
18.010000 22 249
18.010000 23 214
18.010000 24 229
19.010000 0 233
19.010000 1 233
19.010000 2 251
19.010000 3 233
19.010000 4 251
19.010000 5 251
19.010000 6 215
19.010000 7 251
19.010000 8 251
19.010000 9 251
19.010000 10 251
19.010000 11 251
19.010000 12 179
19.010000 13 215
19.010000 14 251
19.010000 15 251
19.010000 16 251
19.010000 17 251
19.010000 18 251
19.010000 19 251
19.010000 20 251
19.010000 21 234
19.010000 22 251
19.010000 23 215
19.010000 24 233
20.010000 0 253
20.010000 1 255
20.010000 2 273
20.010000 3 253
20.010000 4 273
20.010000 5 273
20.010000 6 233
20.010000 7 273
20.010000 8 273
20.010000 9 273
20.010000 10 273
20.010000 11 273
20.010000 12 197
20.010000 13 233
20.010000 14 273
20.010000 15 273
20.010000 16 273
20.010000 17 273
20.010000 18 273
20.010000 19 273
20.010000 20 273
20.010000 21 252
20.010000 22 273
20.010000 23 235
20.010000 24 253
21.010000 0 237
21.010000 1 235
21.010000 2 255
21.010000 3 237
21.010000 4 255
21.010000 5 255
21.010000 6 219
21.010000 7 255
21.010000 8 255
21.010000 9 255
21.010000 10 255
21.010000 11 255
21.010000 12 182
21.010000 13 219
21.010000 14 255
21.010000 15 255
21.010000 16 255
21.010000 17 255
21.010000 18 255
21.010000 19 255
21.010000 20 255
21.010000 21 237
21.010000 22 255
21.010000 23 219
21.010000 24 237
22.010000 0 275
22.010000 1 281
22.010000 2 297
22.010000 3 273
22.010000 4 297
22.010000 5 297
22.010000 6 253
22.010000 7 297
22.010000 8 297
22.010000 9 297
22.010000 10 297
22.010000 11 297
22.010000 12 214
22.010000 13 253
22.010000 14 297
22.010000 15 297
22.010000 16 297
22.010000 17 297
22.010000 18 297
22.010000 19 297
22.010000 20 297
22.010000 21 273
22.010000 22 297
22.010000 23 257
22.010000 24 275
23.010000 0 261
23.010000 1 263
23.010000 2 283
23.010000 3 265
23.010000 4 283
23.010000 5 283
23.010000 6 239
23.010000 7 283
23.010000 8 283
23.010000 9 283
23.010000 10 283
23.010000 11 283
23.010000 12 207
23.010000 13 239
23.010000 14 283
23.010000 15 283
23.010000 16 283
23.010000 17 283
23.010000 18 283
23.010000 19 283
23.010000 20 283
23.010000 21 265
23.010000 22 283
23.010000 23 242
23.010000 24 261
24.010000 0 269
24.010000 1 269
24.010000 2 289
24.010000 3 267
24.010000 4 289
24.010000 5 289
24.010000 6 249
24.010000 7 289
24.010000 8 289
24.010000 9 289
24.010000 10 289
24.010000 11 289
24.010000 12 205
24.010000 13 249
24.010000 14 289
24.010000 15 289
24.010000 16 289
24.010000 17 289
24.010000 18 289
24.010000 19 289
24.010000 20 289
24.010000 21 267
24.010000 22 289
24.010000 23 248
24.010000 24 269
25.010000 0 280
25.010000 1 284
25.010000 2 304
25.010000 3 284
25.010000 4 304
25.010000 5 304
25.010000 6 256
25.010000 7 304
25.010000 8 304
25.010000 9 304
25.010000 10 304
25.010000 11 304
25.010000 12 224
25.010000 13 256
25.010000 14 304
25.010000 15 304
25.010000 16 304
25.010000 17 304
25.010000 18 304
25.010000 19 304
25.010000 20 304
25.010000 21 284
25.010000 22 304
25.010000 23 260
25.010000 24 280
26.010000 0 265
26.010000 1 259
26.010000 2 283
26.010000 3 263
26.010000 4 283
26.010000 5 283
26.010000 6 247
26.010000 7 283
26.010000 8 283
26.010000 9 283
26.010000 10 283
26.010000 11 283
26.010000 12 195
26.010000 13 247
26.010000 14 283
26.010000 15 283
26.010000 16 283
26.010000 17 283
26.010000 18 283
26.010000 19 283
26.010000 20 283
26.010000 21 263
26.010000 22 283
26.010000 23 242
26.010000 24 265
27.010000 0 253
27.010000 1 253
27.010000 2 271
27.010000 3 248
27.010000 4 271
27.010000 5 271
27.010000 6 235
27.010000 7 271
27.010000 8 271
27.010000 9 271
27.010000 10 271
27.010000 11 271
27.010000 12 191
27.010000 13 234
27.010000 14 271
27.010000 15 271
27.010000 16 271
27.010000 17 271
27.010000 18 271
27.010000 19 271
27.010000 20 271
27.010000 21 249
27.010000 22 271
27.010000 23 234
27.010000 24 253
28.010000 0 252
28.010000 1 252
28.010000 2 272
28.010000 3 254
28.010000 4 272
28.010000 5 272
28.010000 6 232
28.010000 7 272
28.010000 8 272
28.010000 9 272
28.010000 10 272
28.010000 11 272
28.010000 12 196
28.010000 13 232
28.010000 14 272
28.010000 15 272
28.010000 16 272
28.010000 17 272
28.010000 18 272
28.010000 19 272
28.010000 20 272
28.010000 21 254
28.010000 22 272
28.010000 23 232
28.010000 24 252
29.010000 0 258
29.010000 1 254
29.010000 2 276
29.010000 3 256
29.010000 4 276
29.010000 5 276
29.010000 6 240
29.010000 7 276
29.010000 8 276
29.010000 9 276
29.010000 10 276
29.010000 11 276
29.010000 12 192
29.010000 13 240
29.010000 14 276
29.010000 15 276
29.010000 16 276
29.010000 17 276
29.010000 18 276
29.010000 19 276
29.010000 20 276
29.010000 21 256
29.010000 22 276
29.010000 23 236
29.010000 24 258
30.010000 0 244
30.010000 1 246
30.010000 2 264
30.010000 3 246
30.010000 4 264
30.010000 5 264
30.010000 6 224
30.010000 7 264
30.010000 8 264
30.010000 9 264
30.010000 10 264
30.010000 11 264
30.010000 12 192
30.010000 13 224
30.010000 14 264
30.010000 15 264
30.010000 16 264
30.010000 17 264
30.010000 18 264
30.010000 19 264
30.010000 20 264
30.010000 21 246
30.010000 22 264
30.010000 23 226
30.010000 24 244
31.010000 0 244
31.010000 1 242
31.010000 2 262
31.010000 3 244
31.010000 4 262
31.010000 5 262
31.010000 6 225
31.010000 7 262
31.010000 8 262
31.010000 9 262
31.010000 10 262
31.010000 11 262
31.010000 12 185
31.010000 13 226
31.010000 14 262
31.010000 15 262
31.010000 16 262
31.010000 17 262
31.010000 18 262
31.010000 19 262
31.010000 20 262
31.010000 21 244
31.010000 22 262
31.010000 23 224
31.010000 24 244
32.010000 0 232
32.010000 1 230
32.010000 2 248
32.010000 3 228
32.010000 4 248
32.010000 5 248
32.010000 6 216
32.010000 7 248
32.010000 8 248
32.010000 9 248
32.010000 10 248
32.010000 11 248
32.010000 12 172
32.010000 13 216
32.010000 14 248
32.010000 15 248
32.010000 16 248
32.010000 17 248
32.010000 18 248
32.010000 19 248
32.010000 20 248
32.010000 21 228
32.010000 22 248
32.010000 23 214
32.010000 24 232
33.010000 0 251
33.010000 1 246
33.010000 2 269
33.010000 3 249
33.010000 4 269
33.010000 5 269
33.010000 6 236
33.010000 7 269
33.010000 8 269
33.010000 9 269
33.010000 10 269
33.010000 11 269
33.010000 12 184
33.010000 13 237
33.010000 14 269
33.010000 15 269
33.010000 16 269
33.010000 17 269
33.010000 18 269
33.010000 19 269
33.010000 20 269
33.010000 21 249
33.010000 22 269
33.010000 23 231
33.010000 24 251
34.010000 0 297
34.010000 1 301
34.010000 2 321
34.010000 3 299
34.010000 4 321
34.010000 5 321
34.010000 6 270
34.010000 7 321
34.010000 8 321
34.010000 9 321
34.010000 10 321
34.010000 11 321
34.010000 12 237
34.010000 13 269
34.010000 14 321
34.010000 15 321
34.010000 16 321
34.010000 17 321
34.010000 18 321
34.010000 19 321
34.010000 20 321
34.010000 21 299
34.010000 22 321
34.010000 23 275
34.010000 24 297
35.010000 0 251
35.010000 1 251
35.010000 2 271
35.010000 3 251
35.010000 4 271
35.010000 5 271
35.010000 6 234
35.010000 7 271
35.010000 8 271
35.010000 9 271
35.010000 10 271
35.010000 11 271
35.010000 12 191
35.010000 13 235
35.010000 14 271
35.010000 15 271
35.010000 16 271
35.010000 17 271
35.010000 18 271
35.010000 19 271
35.010000 20 271
35.010000 21 251
35.010000 22 271
35.010000 23 233
35.010000 24 251
36.010000 0 254
36.010000 1 250
36.010000 2 272
36.010000 3 254
36.010000 4 272
36.010000 5 272
36.010000 6 233
36.010000 7 272
36.010000 8 272
36.010000 9 272
36.010000 10 272
36.010000 11 272
36.010000 12 195
36.010000 13 232
36.010000 14 272
36.010000 15 272
36.010000 16 272
36.010000 17 272
36.010000 18 272
36.010000 19 272
36.010000 20 272
36.010000 21 254
36.010000 22 272
36.010000 23 232
36.010000 24 254
37.010000 0 285
37.010000 1 285
37.010000 2 307
37.010000 3 285
37.010000 4 307
37.010000 5 307
37.010000 6 263
37.010000 7 307
37.010000 8 307
37.010000 9 307
37.010000 10 307
37.010000 11 307
37.010000 12 219
37.010000 13 263
37.010000 14 307
37.010000 15 307
37.010000 16 307
37.010000 17 307
37.010000 18 307
37.010000 19 307
37.010000 20 307
37.010000 21 287
37.010000 22 307
37.010000 23 262
37.010000 24 285
38.010000 0 252
38.010000 1 252
38.010000 2 270
38.010000 3 248
38.010000 4 270
38.010000 5 270
38.010000 6 234
38.010000 7 270
38.010000 8 270
38.010000 9 270
38.010000 10 270
38.010000 11 270
38.010000 12 189
38.010000 13 234
38.010000 14 270
38.010000 15 270
38.010000 16 270
38.010000 17 270
38.010000 18 270
38.010000 19 270
38.010000 20 270
38.010000 21 248
38.010000 22 270
38.010000 23 233
38.010000 24 252
39.010000 0 257
39.010000 1 261
39.010000 2 279
39.010000 3 261
39.010000 4 279
39.010000 5 279
39.010000 6 235
39.010000 7 279
39.010000 8 279
39.010000 9 279
39.010000 10 279
39.010000 11 279
39.010000 12 205
39.010000 13 235
39.010000 14 279
39.010000 15 279
39.010000 16 279
39.010000 17 279
39.010000 18 279
39.010000 19 279
39.010000 20 279
39.010000 21 259
39.010000 22 279
39.010000 23 240
39.010000 24 257
40.010000 0 266
40.010000 1 274
40.010000 2 292
40.010000 3 274
40.010000 4 292
40.010000 5 292
40.010000 6 242
40.010000 7 292
40.010000 8 292
40.010000 9 292
40.010000 10 292
40.010000 11 292
40.010000 12 220
40.010000 13 244
40.010000 14 292
40.010000 15 292
40.010000 16 292
40.010000 17 292
40.010000 18 292
40.010000 19 292
40.010000 20 292
40.010000 21 275
40.010000 22 292
40.010000 23 249
40.010000 24 266
41.010000 0 271
41.010000 1 271
41.010000 2 293
41.010000 3 275
41.010000 4 293
41.010000 5 293
41.010000 6 249
41.010000 7 293
41.010000 8 293
41.010000 9 293
41.010000 10 293
41.010000 11 293
41.010000 12 213
41.010000 13 249
41.010000 14 293
41.010000 15 293
41.010000 16 293
41.010000 17 293
41.010000 18 293
41.010000 19 293
41.010000 20 293
41.010000 21 274
41.010000 22 293
41.010000 23 249
41.010000 24 271
42.010000 0 263
42.010000 1 263
42.010000 2 283
42.010000 3 263
42.010000 4 283
42.010000 5 283
42.010000 6 241
42.010000 7 283
42.010000 8 283
42.010000 9 283
42.010000 10 283
42.010000 11 283
42.010000 12 206
42.010000 13 239
42.010000 14 283
42.010000 15 283
42.010000 16 283
42.010000 17 283
42.010000 18 283
42.010000 19 283
42.010000 20 283
42.010000 21 263
42.010000 22 283
42.010000 23 243
42.010000 24 263
43.010000 0 239
43.010000 1 241
43.010000 2 257
43.010000 3 237
43.010000 4 257
43.010000 5 257
43.010000 6 221
43.010000 7 257
43.010000 8 257
43.010000 9 257
43.010000 10 257
43.010000 11 257
43.010000 12 182
43.010000 13 221
43.010000 14 257
43.010000 15 257
43.010000 16 257
43.010000 17 257
43.010000 18 257
43.010000 19 257
43.010000 20 257
43.010000 21 237
43.010000 22 257
43.010000 23 221
43.010000 24 239
44.010000 0 270
44.010000 1 274
44.010000 2 292
44.010000 3 270
44.010000 4 292
44.010000 5 292
44.010000 6 248
44.010000 7 292
44.010000 8 292
44.010000 9 292
44.010000 10 292
44.010000 11 292
44.010000 12 212
44.010000 13 248
44.010000 14 292
44.010000 15 292
44.010000 16 292
44.010000 17 292
44.010000 18 292
44.010000 19 292
44.010000 20 292
44.010000 21 270
44.010000 22 292
44.010000 23 252
44.010000 24 270
45.010000 0 242
45.010000 1 240
45.010000 2 260
45.010000 3 242
45.010000 4 260
45.010000 5 260
45.010000 6 224
45.010000 7 260
45.010000 8 260
45.010000 9 260
45.010000 10 260
45.010000 11 260
45.010000 12 184
45.010000 13 224
45.010000 14 260
45.010000 15 260
45.010000 16 260
45.010000 17 260
45.010000 18 260
45.010000 19 260
45.010000 20 260
45.010000 21 242
45.010000 22 260
45.010000 23 222
45.010000 24 242
46.010000 0 250
46.010000 1 248
46.010000 2 268
46.010000 3 248
46.010000 4 268
46.010000 5 268
46.010000 6 232
46.010000 7 268
46.010000 8 268
46.010000 9 268
46.010000 10 268
46.010000 11 268
46.010000 12 188
46.010000 13 232
46.010000 14 268
46.010000 15 268
46.010000 16 268
46.010000 17 268
46.010000 18 268
46.010000 19 268
46.010000 20 268
46.010000 21 248
46.010000 22 268
46.010000 23 230
46.010000 24 250
47.010000 0 279
47.010000 1 279
47.010000 2 299
47.010000 3 273
47.010000 4 299
47.010000 5 299
47.010000 6 259
47.010000 7 299
47.010000 8 299
47.010000 9 299
47.010000 10 299
47.010000 11 299
47.010000 12 210
47.010000 13 259
47.010000 14 299
47.010000 15 299
47.010000 16 299
47.010000 17 299
47.010000 18 299
47.010000 19 299
47.010000 20 299
47.010000 21 275
47.010000 22 299
47.010000 23 259
47.010000 24 279
48.010000 0 266
48.010000 1 270
48.010000 2 288
48.010000 3 268
48.010000 4 288
48.010000 5 288
48.010000 6 244
48.010000 7 288
48.010000 8 288
48.010000 9 288
48.010000 10 288
48.010000 11 288
48.010000 12 209
48.010000 13 244
48.010000 14 288
48.010000 15 288
48.010000 16 288
48.010000 17 288
48.010000 18 288
48.010000 19 288
48.010000 20 288
48.010000 21 267
48.010000 22 288
48.010000 23 248
48.010000 24 266
49.010000 0 250
49.010000 1 248
49.010000 2 268
49.010000 3 248
49.010000 4 268
49.010000 5 268
49.010000 6 232
49.010000 7 268
49.010000 8 268
49.010000 9 268
49.010000 10 268
49.010000 11 268
49.010000 12 188
49.010000 13 232
49.010000 14 268
49.010000 15 268
49.010000 16 268
49.010000 17 268
49.010000 18 268
49.010000 19 268
49.010000 20 268
49.010000 21 247
49.010000 22 268
49.010000 23 231
49.010000 24 250
50.010000 0 228
50.010000 1 224
50.010000 2 244
50.010000 3 226
50.010000 4 244
50.010000 5 244
50.010000 6 212
50.010000 7 244
50.010000 8 244
50.010000 9 244
50.010000 10 244
50.010000 11 244
50.010000 12 171
50.010000 13 212
50.010000 14 244
50.010000 15 244
50.010000 16 244
50.010000 17 244
50.010000 18 244
50.010000 19 244
50.010000 20 244
50.010000 21 226
50.010000 22 244
50.010000 23 209
50.010000 24 228
51.010000 0 261
51.010000 1 265
51.010000 2 283
51.010000 3 264
51.010000 4 283
51.010000 5 283
51.010000 6 239
51.010000 7 283
51.010000 8 283
51.010000 9 283
51.010000 10 283
51.010000 11 283
51.010000 12 208
51.010000 13 238
51.010000 14 283
51.010000 15 283
51.010000 16 283
51.010000 17 283
51.010000 18 283
51.010000 19 283
51.010000 20 283
51.010000 21 265
51.010000 22 283
51.010000 23 241
51.010000 24 261
52.010000 0 268
52.010000 1 264
52.010000 2 288
52.010000 3 270
52.010000 4 288
52.010000 5 288
52.010000 6 248
52.010000 7 288
52.010000 8 288
52.010000 9 288
52.010000 10 288
52.010000 11 288
52.010000 12 204
52.010000 13 248
52.010000 14 288
52.010000 15 288
52.010000 16 288
52.010000 17 288
52.010000 18 288
52.010000 19 288
52.010000 20 288
52.010000 21 270
52.010000 22 288
52.010000 23 244
52.010000 24 268
53.010000 0 247
53.010000 1 251
53.010000 2 269
53.010000 3 250
53.010000 4 269
53.010000 5 269
53.010000 6 228
53.010000 7 269
53.010000 8 269
53.010000 9 269
53.010000 10 269
53.010000 11 269
53.010000 12 196
53.010000 13 229
53.010000 14 269
53.010000 15 269
53.010000 16 269
53.010000 17 269
53.010000 18 269
53.010000 19 269
53.010000 20 269
53.010000 21 251
53.010000 22 269
53.010000 23 231
53.010000 24 247
54.010000 0 249
54.010000 1 247
54.010000 2 265
54.010000 3 243
54.010000 4 265
54.010000 5 265
54.010000 6 230
54.010000 7 265
54.010000 8 265
54.010000 9 265
54.010000 10 265
54.010000 11 265
54.010000 12 185
54.010000 13 229
54.010000 14 265
54.010000 15 265
54.010000 16 265
54.010000 17 265
54.010000 18 265
54.010000 19 265
54.010000 20 265
54.010000 21 243
54.010000 22 265
54.010000 23 229
54.010000 24 249
55.010000 0 276
55.010000 1 274
55.010000 2 296
55.010000 3 274
55.010000 4 296
55.010000 5 296
55.010000 6 256
55.010000 7 296
55.010000 8 296
55.010000 9 296
55.010000 10 296
55.010000 11 296
55.010000 12 208
55.010000 13 256
55.010000 14 296
55.010000 15 296
55.010000 16 296
55.010000 17 296
55.010000 18 296
55.010000 19 296
55.010000 20 296
55.010000 21 274
55.010000 22 296
55.010000 23 254
55.010000 24 276
56.010000 0 267
56.010000 1 265
56.010000 2 287
56.010000 3 267
56.010000 4 287
56.010000 5 287
56.010000 6 247
56.010000 7 287
56.010000 8 287
56.010000 9 287
56.010000 10 287
56.010000 11 287
56.010000 12 203
56.010000 13 247
56.010000 14 287
56.010000 15 287
56.010000 16 287
56.010000 17 287
56.010000 18 287
56.010000 19 287
56.010000 20 287
56.010000 21 267
56.010000 22 287
56.010000 23 246
56.010000 24 267
57.010000 0 235
57.010000 1 237
57.010000 2 253
57.010000 3 233
57.010000 4 253
57.010000 5 253
57.010000 6 217
57.010000 7 253
57.010000 8 253
57.010000 9 253
57.010000 10 253
57.010000 11 253
57.010000 12 181
57.010000 13 217
57.010000 14 253
57.010000 15 253
57.010000 16 253
57.010000 17 253
57.010000 18 253
57.010000 19 253
57.010000 20 253
57.010000 21 233
57.010000 22 253
57.010000 23 218
57.010000 24 235
58.010000 0 270
58.010000 1 272
58.010000 2 292
58.010000 3 272
58.010000 4 292
58.010000 5 292
58.010000 6 248
58.010000 7 292
58.010000 8 292
58.010000 9 292
58.010000 10 292
58.010000 11 292
58.010000 12 212
58.010000 13 248
58.010000 14 292
58.010000 15 292
58.010000 16 292
58.010000 17 292
58.010000 18 292
58.010000 19 292
58.010000 20 292
58.010000 21 272
58.010000 22 292
58.010000 23 250
58.010000 24 270
59.010000 0 272
59.010000 1 278
59.010000 2 296
59.010000 3 276
59.010000 4 296
59.010000 5 296
59.010000 6 248
59.010000 7 296
59.010000 8 296
59.010000 9 296
59.010000 10 296
59.010000 11 296
59.010000 12 220
59.010000 13 248
59.010000 14 296
59.010000 15 296
59.010000 16 296
59.010000 17 296
59.010000 18 296
59.010000 19 296
59.010000 20 296
59.010000 21 276
59.010000 22 296
59.010000 23 254
59.010000 24 272
60.010000 0 252
60.010000 1 254
60.010000 2 272
60.010000 3 252
60.010000 4 272
60.010000 5 272
60.010000 6 232
60.010000 7 272
60.010000 8 272
60.010000 9 272
60.010000 10 272
60.010000 11 272
60.010000 12 196
60.010000 13 232
60.010000 14 272
60.010000 15 272
60.010000 16 272
60.010000 17 272
60.010000 18 272
60.010000 19 272
60.010000 20 272
60.010000 21 252
60.010000 22 272
60.010000 23 234
60.010000 24 252
61.010000 0 269
61.010000 1 266
61.010000 2 289
61.010000 3 269
61.010000 4 289
61.010000 5 289
61.010000 6 248
61.010000 7 289
61.010000 8 289
61.010000 9 289
61.010000 10 289
61.010000 11 289
61.010000 12 205
61.010000 13 249
61.010000 14 289
61.010000 15 289
61.010000 16 289
61.010000 17 289
61.010000 18 289
61.010000 19 289
61.010000 20 289
61.010000 21 269
61.010000 22 289
61.010000 23 248
61.010000 24 269
62.010000 0 256
62.010000 1 249
62.010000 2 272
62.010000 3 249
62.010000 4 272
62.010000 5 272
62.010000 6 240
62.010000 7 272
62.010000 8 272
62.010000 9 272
62.010000 10 272
62.010000 11 272
62.010000 12 187
62.010000 13 238
62.010000 14 272
62.010000 15 272
62.010000 16 272
62.010000 17 272
62.010000 18 272
62.010000 19 272
62.010000 20 272
62.010000 21 250
62.010000 22 272
62.010000 23 235
62.010000 24 256
63.010000 0 252
63.010000 1 254
63.010000 2 272
63.010000 3 252
63.010000 4 272
63.010000 5 272
63.010000 6 232
63.010000 7 272
63.010000 8 272
63.010000 9 272
63.010000 10 272
63.010000 11 272
63.010000 12 196
63.010000 13 232
63.010000 14 272
63.010000 15 272
63.010000 16 272
63.010000 17 272
63.010000 18 272
63.010000 19 272
63.010000 20 272
63.010000 21 252
63.010000 22 272
63.010000 23 234
63.010000 24 252
64.010000 0 276
64.010000 1 274
64.010000 2 296
64.010000 3 274
64.010000 4 296
64.010000 5 296
64.010000 6 256
64.010000 7 296
64.010000 8 296
64.010000 9 296
64.010000 10 296
64.010000 11 296
64.010000 12 208
64.010000 13 256
64.010000 14 296
64.010000 15 296
64.010000 16 296
64.010000 17 296
64.010000 18 296
64.010000 19 296
64.010000 20 296
64.010000 21 274
64.010000 22 296
64.010000 23 254
64.010000 24 276
65.010000 0 280
65.010000 1 284
65.010000 2 304
65.010000 3 284
65.010000 4 304
65.010000 5 304
65.010000 6 256
65.010000 7 304
65.010000 8 304
65.010000 9 304
65.010000 10 304
65.010000 11 304
65.010000 12 224
65.010000 13 256
65.010000 14 304
65.010000 15 304
65.010000 16 304
65.010000 17 304
65.010000 18 304
65.010000 19 304
65.010000 20 304
65.010000 21 284
65.010000 22 304
65.010000 23 260
65.010000 24 280
66.010000 0 237
66.010000 1 237
66.010000 2 255
66.010000 3 235
66.010000 4 255
66.010000 5 255
66.010000 6 219
66.010000 7 255
66.010000 8 255
66.010000 9 255
66.010000 10 255
66.010000 11 255
66.010000 12 182
66.010000 13 219
66.010000 14 255
66.010000 15 255
66.010000 16 255
66.010000 17 255
66.010000 18 255
66.010000 19 255
66.010000 20 255
66.010000 21 237
66.010000 22 255
66.010000 23 219
66.010000 24 237
67.010000 0 235
67.010000 1 231
67.010000 2 251
67.010000 3 233
67.010000 4 251
67.010000 5 251
67.010000 6 219
67.010000 7 251
67.010000 8 251
67.010000 9 251
67.010000 10 251
67.010000 11 251
67.010000 12 173
67.010000 13 219
67.010000 14 251
67.010000 15 251
67.010000 16 251
67.010000 17 251
67.010000 18 251
67.010000 19 251
67.010000 20 251
67.010000 21 231
67.010000 22 251
67.010000 23 216
67.010000 24 235
68.010000 0 242
68.010000 1 238
68.010000 2 258
68.010000 3 238
68.010000 4 258
68.010000 5 258
68.010000 6 226
68.010000 7 258
68.010000 8 258
68.010000 9 258
68.010000 10 258
68.010000 11 258
68.010000 12 177
68.010000 13 226
68.010000 14 258
68.010000 15 258
68.010000 16 258
68.010000 17 258
68.010000 18 258
68.010000 19 258
68.010000 20 258
68.010000 21 238
68.010000 22 258
68.010000 23 221
68.010000 24 242
69.010000 0 287
69.010000 1 283
69.010000 2 307
69.010000 3 283
69.010000 4 307
69.010000 5 307
69.010000 6 267
69.010000 7 307
69.010000 8 307
69.010000 9 307
69.010000 10 307
69.010000 11 307
69.010000 12 213
69.010000 13 267
69.010000 14 307
69.010000 15 307
69.010000 16 307
69.010000 17 307
69.010000 18 307
69.010000 19 307
69.010000 20 307
69.010000 21 284
69.010000 22 307
69.010000 23 265
69.010000 24 287
70.010000 0 252
70.010000 1 252
70.010000 2 272
70.010000 3 254
70.010000 4 272
70.010000 5 272
70.010000 6 232
70.010000 7 272
70.010000 8 272
70.010000 9 272
70.010000 10 272
70.010000 11 272
70.010000 12 194
70.010000 13 235
70.010000 14 272
70.010000 15 272
70.010000 16 272
70.010000 17 272
70.010000 18 272
70.010000 19 272
70.010000 20 272
70.010000 21 253
70.010000 22 272
70.010000 23 232
70.010000 24 252
71.010000 0 232
71.010000 1 228
71.010000 2 248
71.010000 3 230
71.010000 4 248
71.010000 5 248
71.010000 6 216
71.010000 7 248
71.010000 8 248
71.010000 9 248
71.010000 10 248
71.010000 11 248
71.010000 12 175
71.010000 13 213
71.010000 14 248
71.010000 15 248
71.010000 16 248
71.010000 17 248
71.010000 18 248
71.010000 19 248
71.010000 20 248
71.010000 21 232
71.010000 22 248
71.010000 23 210
71.010000 24 232
72.010000 0 265
72.010000 1 265
72.010000 2 285
72.010000 3 265
72.010000 4 285
72.010000 5 285
72.010000 6 245
72.010000 7 285
72.010000 8 285
72.010000 9 285
72.010000 10 285
72.010000 11 285
72.010000 12 202
72.010000 13 245
72.010000 14 285
72.010000 15 285
72.010000 16 285
72.010000 17 285
72.010000 18 285
72.010000 19 285
72.010000 20 285
72.010000 21 263
72.010000 22 285
72.010000 23 245
72.010000 24 265
73.010000 0 233
73.010000 1 231
73.010000 2 251
73.010000 3 235
73.010000 4 251
73.010000 5 251
73.010000 6 215
73.010000 7 251
73.010000 8 251
73.010000 9 251
73.010000 10 251
73.010000 11 251
73.010000 12 179
73.010000 13 215
73.010000 14 251
73.010000 15 251
73.010000 16 251
73.010000 17 251
73.010000 18 251
73.010000 19 251
73.010000 20 251
73.010000 21 236
73.010000 22 251
73.010000 23 213
73.010000 24 233
74.010000 0 273
74.010000 1 277
74.010000 2 297
74.010000 3 279
74.010000 4 297
74.010000 5 297
74.010000 6 249
74.010000 7 297
74.010000 8 297
74.010000 9 297
74.010000 10 297
74.010000 11 297
74.010000 12 221
74.010000 13 249
74.010000 14 297
74.010000 15 297
74.010000 16 297
74.010000 17 297
74.010000 18 297
74.010000 19 297
74.010000 20 297
74.010000 21 278
74.010000 22 297
74.010000 23 253
74.010000 24 273
75.010000 0 251
75.010000 1 250
75.010000 2 269
75.010000 3 247
75.010000 4 269
75.010000 5 269
75.010000 6 233
75.010000 7 269
75.010000 8 269
75.010000 9 269
75.010000 10 269
75.010000 11 269
75.010000 12 188
75.010000 13 233
75.010000 14 269
75.010000 15 269
75.010000 16 269
75.010000 17 269
75.010000 18 269
75.010000 19 269
75.010000 20 269
75.010000 21 248
75.010000 22 269
75.010000 23 233
75.010000 24 251
76.010000 0 261
76.010000 1 259
76.010000 2 281
76.010000 3 263
76.010000 4 281
76.010000 5 281
76.010000 6 241
76.010000 7 281
76.010000 8 281
76.010000 9 281
76.010000 10 281
76.010000 11 281
76.010000 12 201
76.010000 13 241
76.010000 14 281
76.010000 15 281
76.010000 16 281
76.010000 17 281
76.010000 18 281
76.010000 19 281
76.010000 20 281
76.010000 21 262
76.010000 22 281
76.010000 23 239
76.010000 24 261
77.010000 0 260
77.010000 1 258
77.010000 2 280
77.010000 3 262
77.010000 4 280
77.010000 5 280
77.010000 6 240
77.010000 7 280
77.010000 8 280
77.010000 9 280
77.010000 10 280
77.010000 11 280
77.010000 12 200
77.010000 13 240
77.010000 14 280
77.010000 15 280
77.010000 16 280
77.010000 17 280
77.010000 18 280
77.010000 19 280
77.010000 20 280
77.010000 21 262
77.010000 22 280
77.010000 23 238
77.010000 24 260
78.010000 0 251
78.010000 1 247
78.010000 2 270
78.010000 3 252
78.010000 4 270
78.010000 5 270
78.010000 6 234
78.010000 7 270
78.010000 8 270
78.010000 9 270
78.010000 10 270
78.010000 11 270
78.010000 12 190
78.010000 13 234
78.010000 14 270
78.010000 15 270
78.010000 16 270
78.010000 17 270
78.010000 18 270
78.010000 19 270
78.010000 20 270
78.010000 21 252
78.010000 22 270
78.010000 23 230
78.010000 24 251
79.010000 0 279
79.010000 1 280
79.010000 2 301
79.010000 3 279
79.010000 4 301
79.010000 5 301
79.010000 6 257
79.010000 7 301
79.010000 8 301
79.010000 9 301
79.010000 10 301
79.010000 11 301
79.010000 12 216
79.010000 13 257
79.010000 14 301
79.010000 15 301
79.010000 16 301
79.010000 17 301
79.010000 18 301
79.010000 19 301
79.010000 20 301
79.010000 21 279
79.010000 22 301
79.010000 23 260
79.010000 24 279
80.010000 0 261
80.010000 1 261
80.010000 2 281
80.010000 3 261
80.010000 4 281
80.010000 5 281
80.010000 6 241
80.010000 7 281
80.010000 8 281
80.010000 9 281
80.010000 10 281
80.010000 11 281
80.010000 12 201
80.010000 13 241
80.010000 14 281
80.010000 15 281
80.010000 16 281
80.010000 17 281
80.010000 18 281
80.010000 19 281
80.010000 20 281
80.010000 21 261
80.010000 22 281
80.010000 23 240
80.010000 24 261
81.010000 0 271
81.010000 1 267
81.010000 2 291
81.010000 3 271
81.010000 4 291
81.010000 5 291
81.010000 6 251
81.010000 7 291
81.010000 8 291
81.010000 9 291
81.010000 10 291
81.010000 11 291
81.010000 12 203
81.010000 13 254
81.010000 14 291
81.010000 15 291
81.010000 16 291
81.010000 17 291
81.010000 18 291
81.010000 19 291
81.010000 20 291
81.010000 21 271
81.010000 22 291
81.010000 23 249
81.010000 24 271
82.010000 0 269
82.010000 1 270
82.010000 2 289
82.010000 3 265
82.010000 4 289
82.010000 5 289
82.010000 6 249
82.010000 7 289
82.010000 8 289
82.010000 9 289
82.010000 10 289
82.010000 11 289
82.010000 12 209
82.010000 13 245
82.010000 14 289
82.010000 15 289
82.010000 16 289
82.010000 17 289
82.010000 18 289
82.010000 19 289
82.010000 20 289
82.010000 21 267
82.010000 22 289
82.010000 23 249
82.010000 24 269
83.010000 0 256
83.010000 1 260
83.010000 2 278
83.010000 3 260
83.010000 4 278
83.010000 5 278
83.010000 6 234
83.010000 7 278
83.010000 8 278
83.010000 9 278
83.010000 10 278
83.010000 11 278
83.010000 12 205
83.010000 13 233
83.010000 14 278
83.010000 15 278
83.010000 16 278
83.010000 17 278
83.010000 18 278
83.010000 19 278
83.010000 20 278
83.010000 21 260
83.010000 22 278
83.010000 23 238
83.010000 24 256
84.010000 0 277
84.010000 1 271
84.010000 2 297
84.010000 3 279
84.010000 4 297
84.010000 5 297
84.010000 6 257
84.010000 7 297
84.010000 8 297
84.010000 9 297
84.010000 10 297
84.010000 11 297
84.010000 12 208
84.010000 13 256
84.010000 14 297
84.010000 15 297
84.010000 16 297
84.010000 17 297
84.010000 18 297
84.010000 19 297
84.010000 20 297
84.010000 21 280
84.010000 22 297
84.010000 23 251
84.010000 24 277
85.010000 0 244
85.010000 1 243
85.010000 2 264
85.010000 3 247
85.010000 4 264
85.010000 5 264
85.010000 6 223
85.010000 7 264
85.010000 8 264
85.010000 9 264
85.010000 10 264
85.010000 11 264
85.010000 12 194
85.010000 13 224
85.010000 14 264
85.010000 15 264
85.010000 16 264
85.010000 17 264
85.010000 18 264
85.010000 19 264
85.010000 20 264
85.010000 21 247
85.010000 22 264
85.010000 23 226
85.010000 24 244
86.010000 0 270
86.010000 1 272
86.010000 2 292
86.010000 3 272
86.010000 4 292
86.010000 5 292
86.010000 6 248
86.010000 7 292
86.010000 8 292
86.010000 9 292
86.010000 10 292
86.010000 11 292
86.010000 12 212
86.010000 13 248
86.010000 14 292
86.010000 15 292
86.010000 16 292
86.010000 17 292
86.010000 18 292
86.010000 19 292
86.010000 20 292
86.010000 21 272
86.010000 22 292
86.010000 23 250
86.010000 24 270
87.010000 0 238
87.010000 1 240
87.010000 2 258
87.010000 3 240
87.010000 4 258
87.010000 5 258
87.010000 6 219
87.010000 7 258
87.010000 8 258
87.010000 9 258
87.010000 10 258
87.010000 11 258
87.010000 12 186
87.010000 13 221
87.010000 14 258
87.010000 15 258
87.010000 16 258
87.010000 17 258
87.010000 18 258
87.010000 19 258
87.010000 20 258
87.010000 21 240
87.010000 22 258
87.010000 23 222
87.010000 24 238
88.010000 0 258
88.010000 1 252
88.010000 2 274
88.010000 3 254
88.010000 4 274
88.010000 5 274
88.010000 6 239
88.010000 7 274
88.010000 8 274
88.010000 9 274
88.010000 10 274
88.010000 11 274
88.010000 12 188
88.010000 13 239
88.010000 14 274
88.010000 15 274
88.010000 16 274
88.010000 17 274
88.010000 18 274
88.010000 19 274
88.010000 20 274
88.010000 21 254
88.010000 22 274
88.010000 23 234
88.010000 24 258
89.010000 0 278
89.010000 1 278
89.010000 2 300
89.010000 3 280
89.010000 4 300
89.010000 5 300
89.010000 6 256
89.010000 7 300
89.010000 8 300
89.010000 9 300
89.010000 10 300
89.010000 11 300
89.010000 12 216
89.010000 13 256
89.010000 14 300
89.010000 15 300
89.010000 16 300
89.010000 17 300
89.010000 18 300
89.010000 19 300
89.010000 20 300
89.010000 21 280
89.010000 22 300
89.010000 23 256
89.010000 24 278
90.010000 0 235
90.010000 1 239
90.010000 2 255
90.010000 3 235
90.010000 4 255
90.010000 5 255
90.010000 6 218
90.010000 7 255
90.010000 8 255
90.010000 9 255
90.010000 10 255
90.010000 11 255
90.010000 12 183
90.010000 13 219
90.010000 14 255
90.010000 15 255
90.010000 16 255
90.010000 17 255
90.010000 18 255
90.010000 19 255
90.010000 20 255
90.010000 21 235
90.010000 22 255
90.010000 23 221
90.010000 24 235
91.010000 0 265
91.010000 1 259
91.010000 2 281
91.010000 3 259
91.010000 4 281
91.010000 5 281
91.010000 6 246
91.010000 7 281
91.010000 8 281
91.010000 9 281
91.010000 10 281
91.010000 11 281
91.010000 12 193
91.010000 13 245
91.010000 14 281
91.010000 15 281
91.010000 16 281
91.010000 17 281
91.010000 18 281
91.010000 19 281
91.010000 20 281
91.010000 21 259
91.010000 22 281
91.010000 23 241
91.010000 24 265
92.010000 0 234
92.010000 1 234
92.010000 2 252
92.010000 3 234
92.010000 4 252
92.010000 5 252
92.010000 6 216
92.010000 7 252
92.010000 8 252
92.010000 9 252
92.010000 10 252
92.010000 11 252
92.010000 12 180
92.010000 13 216
92.010000 14 252
92.010000 15 252
92.010000 16 252
92.010000 17 252
92.010000 18 252
92.010000 19 252
92.010000 20 252
92.010000 21 234
92.010000 22 252
92.010000 23 216
92.010000 24 234
93.010000 0 252
93.010000 1 254
93.010000 2 272
93.010000 3 252
93.010000 4 272
93.010000 5 272
93.010000 6 232
93.010000 7 272
93.010000 8 272
93.010000 9 272
93.010000 10 272
93.010000 11 272
93.010000 12 196
93.010000 13 232
93.010000 14 272
93.010000 15 272
93.010000 16 272
93.010000 17 272
93.010000 18 272
93.010000 19 272
93.010000 20 272
93.010000 21 252
93.010000 22 272
93.010000 23 234
93.010000 24 252
94.010000 0 226
94.010000 1 228
94.010000 2 244
94.010000 3 226
94.010000 4 244
94.010000 5 244
94.010000 6 208
94.010000 7 244
94.010000 8 244
94.010000 9 244
94.010000 10 244
94.010000 11 244
94.010000 12 176
94.010000 13 208
94.010000 14 244
94.010000 15 244
94.010000 16 244
94.010000 17 244
94.010000 18 244
94.010000 19 244
94.010000 20 244
94.010000 21 226
94.010000 22 244
94.010000 23 210
94.010000 24 226
95.010000 0 276
95.010000 1 274
95.010000 2 296
95.010000 3 274
95.010000 4 296
95.010000 5 296
95.010000 6 256
95.010000 7 296
95.010000 8 296
95.010000 9 296
95.010000 10 296
95.010000 11 296
95.010000 12 208
95.010000 13 256
95.010000 14 296
95.010000 15 296
95.010000 16 296
95.010000 17 296
95.010000 18 296
95.010000 19 296
95.010000 20 296
95.010000 21 274
95.010000 22 296
95.010000 23 254
95.010000 24 276
96.010000 0 259
96.010000 1 257
96.010000 2 279
96.010000 3 261
96.010000 4 279
96.010000 5 279
96.010000 6 239
96.010000 7 279
96.010000 8 279
96.010000 9 279
96.010000 10 279
96.010000 11 279
96.010000 12 199
96.010000 13 239
96.010000 14 279
96.010000 15 279
96.010000 16 279
96.010000 17 279
96.010000 18 279
96.010000 19 279
96.010000 20 279
96.010000 21 261
96.010000 22 279
96.010000 23 238
96.010000 24 259
97.010000 0 255
97.010000 1 259
97.010000 2 277
97.010000 3 259
97.010000 4 277
97.010000 5 277
97.010000 6 233
97.010000 7 277
97.010000 8 277
97.010000 9 277
97.010000 10 277
97.010000 11 277
97.010000 12 205
97.010000 13 233
97.010000 14 277
97.010000 15 277
97.010000 16 277
97.010000 17 277
97.010000 18 277
97.010000 19 277
97.010000 20 277
97.010000 21 259
97.010000 22 277
97.010000 23 236
97.010000 24 255
98.010000 0 247
98.010000 1 245
98.010000 2 267
98.010000 3 251
98.010000 4 267
98.010000 5 267
98.010000 6 227
98.010000 7 267
98.010000 8 267
98.010000 9 267
98.010000 10 267
98.010000 11 267
98.010000 12 194
98.010000 13 227
98.010000 14 267
98.010000 15 267
98.010000 16 267
98.010000 17 267
98.010000 18 267
98.010000 19 267
98.010000 20 267
98.010000 21 253
98.010000 22 267
98.010000 23 225
98.010000 24 247
99.010000 0 239
99.010000 1 239
99.010000 2 257
99.010000 3 239
99.010000 4 257
99.010000 5 257
99.010000 6 221
99.010000 7 257
99.010000 8 257
99.010000 9 257
99.010000 10 257
99.010000 11 257
99.010000 12 182
99.010000 13 221
99.010000 14 257
99.010000 15 257
99.010000 16 257
99.010000 17 257
99.010000 18 257
99.010000 19 257
99.010000 20 257
99.010000 21 237
99.010000 22 257
99.010000 23 221
99.010000 24 239
100.010000 0 260
100.010000 1 260
100.010000 2 280
100.010000 3 260
100.010000 4 280
100.010000 5 280
100.010000 6 240
100.010000 7 280
100.010000 8 280
100.010000 9 280
100.010000 10 280
100.010000 11 280
100.010000 12 200
100.010000 13 240
100.010000 14 280
100.010000 15 280
100.010000 16 280
100.010000 17 280
100.010000 18 280
100.010000 19 280
100.010000 20 280
100.010000 21 260
100.010000 22 280
100.010000 23 240
100.010000 24 260
101.010000 0 246
101.010000 1 252
101.010000 2 268
101.010000 3 250
101.010000 4 268
101.010000 5 268
101.010000 6 224
101.010000 7 268
101.010000 8 268
101.010000 9 268
101.010000 10 268
101.010000 11 268
101.010000 12 200
101.010000 13 224
101.010000 14 268
101.010000 15 268
101.010000 16 268
101.010000 17 268
101.010000 18 268
101.010000 19 268
101.010000 20 268
101.010000 21 250
101.010000 22 268
101.010000 23 230
101.010000 24 246
102.010000 0 255
102.010000 1 255
102.010000 2 275
102.010000 3 255
102.010000 4 275
102.010000 5 275
102.010000 6 235
102.010000 7 275
102.010000 8 275
102.010000 9 275
102.010000 10 275
102.010000 11 275
102.010000 12 195
102.010000 13 238
102.010000 14 275
102.010000 15 275
102.010000 16 275
102.010000 17 275
102.010000 18 275
102.010000 19 275
102.010000 20 275
102.010000 21 255
102.010000 22 275
102.010000 23 237
102.010000 24 255
103.010000 0 247
103.010000 1 245
103.010000 2 265
103.010000 3 247
103.010000 4 265
103.010000 5 265
103.010000 6 229
103.010000 7 265
103.010000 8 265
103.010000 9 265
103.010000 10 265
103.010000 11 265
103.010000 12 189
103.010000 13 226
103.010000 14 265
103.010000 15 265
103.010000 16 265
103.010000 17 265
103.010000 18 265
103.010000 19 265
103.010000 20 265
103.010000 21 247
103.010000 22 265
103.010000 23 225
103.010000 24 247
104.010000 0 268
104.010000 1 268
104.010000 2 288
104.010000 3 266
104.010000 4 288
104.010000 5 288
104.010000 6 248
104.010000 7 288
104.010000 8 288
104.010000 9 288
104.010000 10 288
104.010000 11 288
104.010000 12 204
104.010000 13 248
104.010000 14 288
104.010000 15 288
104.010000 16 288
104.010000 17 288
104.010000 18 288
104.010000 19 288
104.010000 20 288
104.010000 21 266
104.010000 22 288
104.010000 23 248
104.010000 24 268
105.010000 0 234
105.010000 1 231
105.010000 2 251
105.010000 3 233
105.010000 4 251
105.010000 5 251
105.010000 6 219
105.010000 7 251
105.010000 8 251
105.010000 9 251
105.010000 10 251
105.010000 11 251
105.010000 12 174
105.010000 13 218
105.010000 14 251
105.010000 15 251
105.010000 16 251
105.010000 17 251
105.010000 18 251
105.010000 19 251
105.010000 20 251
105.010000 21 233
105.010000 22 251
105.010000 23 215
105.010000 24 234
106.010000 0 234
106.010000 1 235
106.010000 2 251
106.010000 3 231
106.010000 4 251
106.010000 5 251
106.010000 6 215
106.010000 7 251
106.010000 8 251
106.010000 9 251
106.010000 10 251
106.010000 11 251
106.010000 12 179
106.010000 13 215
106.010000 14 251
106.010000 15 251
106.010000 16 251
106.010000 17 251
106.010000 18 251
106.010000 19 251
106.010000 20 251
106.010000 21 231
106.010000 22 251
106.010000 23 217
106.010000 24 234
107.010000 0 257
107.010000 1 261
107.010000 2 279
107.010000 3 259
107.010000 4 279
107.010000 5 279
107.010000 6 235
107.010000 7 279
107.010000 8 279
107.010000 9 279
107.010000 10 279
107.010000 11 279
107.010000 12 206
107.010000 13 235
107.010000 14 279
107.010000 15 279
107.010000 16 279
107.010000 17 279
107.010000 18 279
107.010000 19 279
107.010000 20 279
107.010000 21 259
107.010000 22 279
107.010000 23 241
107.010000 24 257
108.010000 0 285
108.010000 1 289
108.010000 2 309
108.010000 3 289
108.010000 4 309
108.010000 5 309
108.010000 6 261
108.010000 7 309
108.010000 8 309
108.010000 9 309
108.010000 10 309
108.010000 11 309
108.010000 12 226
108.010000 13 261
108.010000 14 309
108.010000 15 309
108.010000 16 309
108.010000 17 309
108.010000 18 309
108.010000 19 309
108.010000 20 309
108.010000 21 289
108.010000 22 309
108.010000 23 263
108.010000 24 285
109.010000 0 265
109.010000 1 265
109.010000 2 285
109.010000 3 262
109.010000 4 285
109.010000 5 285
109.010000 6 245
109.010000 7 285
109.010000 8 285
109.010000 9 285
109.010000 10 285
109.010000 11 285
109.010000 12 203
109.010000 13 245
109.010000 14 285
109.010000 15 285
109.010000 16 285
109.010000 17 285
109.010000 18 285
109.010000 19 285
109.010000 20 285
109.010000 21 263
109.010000 22 285
109.010000 23 247
109.010000 24 265
110.010000 0 271
110.010000 1 267
110.010000 2 289
110.010000 3 267
110.010000 4 289
110.010000 5 289
110.010000 6 253
110.010000 7 289
110.010000 8 289
110.010000 9 289
110.010000 10 289
110.010000 11 289
110.010000 12 198
110.010000 13 253
110.010000 14 289
110.010000 15 289
110.010000 16 289
110.010000 17 289
110.010000 18 289
110.010000 19 289
110.010000 20 289
110.010000 21 267
110.010000 22 289
110.010000 23 247
110.010000 24 271
111.010000 0 258
111.010000 1 256
111.010000 2 276
111.010000 3 254
111.010000 4 276
111.010000 5 276
111.010000 6 240
111.010000 7 276
111.010000 8 276
111.010000 9 276
111.010000 10 276
111.010000 11 276
111.010000 12 192
111.010000 13 240
111.010000 14 276
111.010000 15 276
111.010000 16 276
111.010000 17 276
111.010000 18 276
111.010000 19 276
111.010000 20 276
111.010000 21 254
111.010000 22 276
111.010000 23 238
111.010000 24 258
112.010000 0 244
112.010000 1 243
112.010000 2 262
112.010000 3 242
112.010000 4 262
112.010000 5 262
112.010000 6 225
112.010000 7 262
112.010000 8 262
112.010000 9 262
112.010000 10 262
112.010000 11 262
112.010000 12 186
112.010000 13 226
112.010000 14 262
112.010000 15 262
112.010000 16 262
112.010000 17 262
112.010000 18 262
112.010000 19 262
112.010000 20 262
112.010000 21 242
112.010000 22 262
112.010000 23 226
112.010000 24 244
113.010000 0 250
113.010000 1 248
113.010000 2 268
113.010000 3 248
113.010000 4 268
113.010000 5 268
113.010000 6 232
113.010000 7 268
113.010000 8 268
113.010000 9 268
113.010000 10 268
113.010000 11 268
113.010000 12 188
113.010000 13 232
113.010000 14 268
113.010000 15 268
113.010000 16 268
113.010000 17 268
113.010000 18 268
113.010000 19 268
113.010000 20 268
113.010000 21 248
113.010000 22 268
113.010000 23 230
113.010000 24 250
114.010000 0 276
114.010000 1 274
114.010000 2 296
114.010000 3 274
114.010000 4 296
114.010000 5 296
114.010000 6 256
114.010000 7 296
114.010000 8 296
114.010000 9 296
114.010000 10 296
114.010000 11 296
114.010000 12 208
114.010000 13 256
114.010000 14 296
114.010000 15 296
114.010000 16 296
114.010000 17 296
114.010000 18 296
114.010000 19 296
114.010000 20 296
114.010000 21 274
114.010000 22 296
114.010000 23 254
114.010000 24 276
115.010000 0 250
115.010000 1 246
115.010000 2 268
115.010000 3 250
115.010000 4 268
115.010000 5 268
115.010000 6 232
115.010000 7 268
115.010000 8 268
115.010000 9 268
115.010000 10 268
115.010000 11 268
115.010000 12 188
115.010000 13 232
115.010000 14 268
115.010000 15 268
115.010000 16 268
115.010000 17 268
115.010000 18 268
115.010000 19 268
115.010000 20 268
115.010000 21 250
115.010000 22 268
115.010000 23 228
115.010000 24 250
116.010000 0 269
116.010000 1 271
116.010000 2 291
116.010000 3 271
116.010000 4 291
116.010000 5 291
116.010000 6 247
116.010000 7 291
116.010000 8 291
116.010000 9 291
116.010000 10 291
116.010000 11 291
116.010000 12 211
116.010000 13 247
116.010000 14 291
116.010000 15 291
116.010000 16 291
116.010000 17 291
116.010000 18 291
116.010000 19 291
116.010000 20 291
116.010000 21 271
116.010000 22 291
116.010000 23 250
116.010000 24 269
117.010000 0 263
117.010000 1 262
117.010000 2 281
117.010000 3 257
117.010000 4 281
117.010000 5 281
117.010000 6 244
117.010000 7 281
117.010000 8 281
117.010000 9 281
117.010000 10 281
117.010000 11 281
117.010000 12 196
117.010000 13 244
117.010000 14 281
117.010000 15 281
117.010000 16 281
117.010000 17 281
117.010000 18 281
117.010000 19 281
117.010000 20 281
117.010000 21 257
117.010000 22 281
117.010000 23 244
117.010000 24 263
118.010000 0 262
118.010000 1 262
118.010000 2 282
118.010000 3 261
118.010000 4 282
118.010000 5 282
118.010000 6 242
118.010000 7 282
118.010000 8 282
118.010000 9 282
118.010000 10 282
118.010000 11 282
118.010000 12 201
118.010000 13 242
118.010000 14 282
118.010000 15 282
118.010000 16 282
118.010000 17 282
118.010000 18 282
118.010000 19 282
118.010000 20 282
118.010000 21 262
118.010000 22 282
118.010000 23 242
118.010000 24 262
119.010000 0 265
119.010000 1 265
119.010000 2 285
119.010000 3 264
119.010000 4 285
119.010000 5 285
119.010000 6 245
119.010000 7 285
119.010000 8 285
119.010000 9 285
119.010000 10 285
119.010000 11 285
119.010000 12 202
119.010000 13 245
119.010000 14 285
119.010000 15 285
119.010000 16 285
119.010000 17 285
119.010000 18 285
119.010000 19 285
119.010000 20 285
119.010000 21 263
119.010000 22 285
119.010000 23 246
119.010000 24 265
120.010000 0 259
120.010000 1 259
120.010000 2 277
120.010000 3 253
120.010000 4 277
120.010000 5 277
120.010000 6 241
120.010000 7 277
120.010000 8 277
120.010000 9 277
120.010000 10 277
120.010000 11 277
120.010000 12 193
120.010000 13 241
120.010000 14 277
120.010000 15 277
120.010000 16 277
120.010000 17 277
120.010000 18 277
120.010000 19 277
120.010000 20 277
120.010000 21 253
120.010000 22 277
120.010000 23 240
120.010000 24 259
121.010000 0 253
121.010000 1 249
121.010000 2 271
121.010000 3 249
121.010000 4 271
121.010000 5 271
121.010000 6 237
121.010000 7 271
121.010000 8 271
121.010000 9 271
121.010000 10 271
121.010000 11 271
121.010000 12 186
121.010000 13 239
121.010000 14 271
121.010000 15 271
121.010000 16 271
121.010000 17 271
121.010000 18 271
121.010000 19 271
121.010000 20 271
121.010000 21 249
121.010000 22 271
121.010000 23 235
121.010000 24 253
122.010000 0 248
122.010000 1 244
122.010000 2 264
122.010000 3 244
122.010000 4 264
122.010000 5 264
122.010000 6 230
122.010000 7 264
122.010000 8 264
122.010000 9 264
122.010000 10 264
122.010000 11 264
122.010000 12 184
122.010000 13 228
122.010000 14 264
122.010000 15 264
122.010000 16 264
122.010000 17 264
122.010000 18 264
122.010000 19 264
122.010000 20 264
122.010000 21 244
122.010000 22 264
122.010000 23 226
122.010000 24 248
123.010000 0 265
123.010000 1 265
123.010000 2 285
123.010000 3 265
123.010000 4 285
123.010000 5 285
123.010000 6 245
123.010000 7 285
123.010000 8 285
123.010000 9 285
123.010000 10 285
123.010000 11 285
123.010000 12 202
123.010000 13 245
123.010000 14 285
123.010000 15 285
123.010000 16 285
123.010000 17 285
123.010000 18 285
123.010000 19 285
123.010000 20 285
123.010000 21 265
123.010000 22 285
123.010000 23 243
123.010000 24 265
124.010000 0 254
124.010000 1 258
124.010000 2 276
124.010000 3 258
124.010000 4 276
124.010000 5 276
124.010000 6 232
124.010000 7 276
124.010000 8 276
124.010000 9 276
124.010000 10 276
124.010000 11 276
124.010000 12 204
124.010000 13 232
124.010000 14 276
124.010000 15 276
124.010000 16 276
124.010000 17 276
124.010000 18 276
124.010000 19 276
124.010000 20 276
124.010000 21 258
124.010000 22 276
124.010000 23 236
124.010000 24 254
125.010000 0 268
125.010000 1 268
125.010000 2 288
125.010000 3 266
125.010000 4 288
125.010000 5 288
125.010000 6 248
125.010000 7 288
125.010000 8 288
125.010000 9 288
125.010000 10 288
125.010000 11 288
125.010000 12 204
125.010000 13 248
125.010000 14 288
125.010000 15 288
125.010000 16 288
125.010000 17 288
125.010000 18 288
125.010000 19 288
125.010000 20 288
125.010000 21 266
125.010000 22 288
125.010000 23 248
125.010000 24 268
126.010000 0 264
126.010000 1 268
126.010000 2 286
126.010000 3 265
126.010000 4 286
126.010000 5 286
126.010000 6 242
126.010000 7 286
126.010000 8 286
126.010000 9 286
126.010000 10 286
126.010000 11 286
126.010000 12 210
126.010000 13 241
126.010000 14 286
126.010000 15 286
126.010000 16 286
126.010000 17 286
126.010000 18 286
126.010000 19 286
126.010000 20 286
126.010000 21 266
126.010000 22 286
126.010000 23 246
126.010000 24 264
127.010000 0 271
127.010000 1 267
127.010000 2 291
127.010000 3 271
127.010000 4 291
127.010000 5 291
127.010000 6 251
127.010000 7 291
127.010000 8 291
127.010000 9 291
127.010000 10 291
127.010000 11 291
127.010000 12 206
127.010000 13 251
127.010000 14 291
127.010000 15 291
127.010000 16 291
127.010000 17 291
127.010000 18 291
127.010000 19 291
127.010000 20 291
127.010000 21 271
127.010000 22 291
127.010000 23 249
127.010000 24 271
128.010000 0 283
128.010000 1 285
128.010000 2 306
128.010000 3 284
128.010000 4 306
128.010000 5 306
128.010000 6 262
128.010000 7 306
128.010000 8 306
128.010000 9 306
128.010000 10 306
128.010000 11 306
128.010000 12 219
128.010000 13 262
128.010000 14 306
128.010000 15 306
128.010000 16 306
128.010000 17 306
128.010000 18 306
128.010000 19 306
128.010000 20 306
128.010000 21 284
128.010000 22 306
128.010000 23 263
128.010000 24 283
129.010000 0 248
129.010000 1 246
129.010000 2 268
129.010000 3 252
129.010000 4 268
129.010000 5 268
129.010000 6 228
129.010000 7 268
129.010000 8 268
129.010000 9 268
129.010000 10 268
129.010000 11 268
129.010000 12 192
129.010000 13 231
129.010000 14 268
129.010000 15 268
129.010000 16 268
129.010000 17 268
129.010000 18 268
129.010000 19 268
129.010000 20 268
129.010000 21 252
129.010000 22 268
129.010000 23 227
129.010000 24 248
130.010000 0 270
130.010000 1 266
130.010000 2 288
130.010000 3 266
130.010000 4 288
130.010000 5 288
130.010000 6 252
130.010000 7 288
130.010000 8 288
130.010000 9 288
130.010000 10 288
130.010000 11 288
130.010000 12 200
130.010000 13 249
130.010000 14 288
130.010000 15 288
130.010000 16 288
130.010000 17 288
130.010000 18 288
130.010000 19 288
130.010000 20 288
130.010000 21 267
130.010000 22 288
130.010000 23 246
130.010000 24 270
131.010000 0 249
131.010000 1 247
131.010000 2 267
131.010000 3 246
131.010000 4 267
131.010000 5 267
131.010000 6 230
131.010000 7 267
131.010000 8 267
131.010000 9 267
131.010000 10 267
131.010000 11 267
131.010000 12 191
131.010000 13 229
131.010000 14 267
131.010000 15 267
131.010000 16 267
131.010000 17 267
131.010000 18 267
131.010000 19 267
131.010000 20 267
131.010000 21 248
131.010000 22 267
131.010000 23 229
131.010000 24 249
132.010000 0 254
132.010000 1 260
132.010000 2 276
132.010000 3 256
132.010000 4 276
132.010000 5 276
132.010000 6 232
132.010000 7 276
132.010000 8 276
132.010000 9 276
132.010000 10 276
132.010000 11 276
132.010000 12 204
132.010000 13 232
132.010000 14 276
132.010000 15 276
132.010000 16 276
132.010000 17 276
132.010000 18 276
132.010000 19 276
132.010000 20 276
132.010000 21 256
132.010000 22 276
132.010000 23 238
132.010000 24 254
133.010000 0 261
133.010000 1 267
133.010000 2 283
133.010000 3 261
133.010000 4 283
133.010000 5 283
133.010000 6 239
133.010000 7 283
133.010000 8 283
133.010000 9 283
133.010000 10 283
133.010000 11 283
133.010000 12 207
133.010000 13 239
133.010000 14 283
133.010000 15 283
133.010000 16 283
133.010000 17 283
133.010000 18 283
133.010000 19 283
133.010000 20 283
133.010000 21 262
133.010000 22 283
133.010000 23 245
133.010000 24 261
134.010000 0 264
134.010000 1 266
134.010000 2 286
134.010000 3 266
134.010000 4 286
134.010000 5 286
134.010000 6 242
134.010000 7 286
134.010000 8 286
134.010000 9 286
134.010000 10 286
134.010000 11 286
134.010000 12 207
134.010000 13 244
134.010000 14 286
134.010000 15 286
134.010000 16 286
134.010000 17 286
134.010000 18 286
134.010000 19 286
134.010000 20 286
134.010000 21 265
134.010000 22 286
134.010000 23 248
134.010000 24 264
135.010000 0 251
135.010000 1 253
135.010000 2 271
135.010000 3 253
135.010000 4 271
135.010000 5 271
135.010000 6 231
135.010000 7 271
135.010000 8 271
135.010000 9 271
135.010000 10 271
135.010000 11 271
135.010000 12 198
135.010000 13 229
135.010000 14 271
135.010000 15 271
135.010000 16 271
135.010000 17 271
135.010000 18 271
135.010000 19 271
135.010000 20 271
135.010000 21 253
135.010000 22 271
135.010000 23 229
135.010000 24 251
136.010000 0 260
136.010000 1 258
136.010000 2 280
136.010000 3 262
136.010000 4 280
136.010000 5 280
136.010000 6 240
136.010000 7 280
136.010000 8 280
136.010000 9 280
136.010000 10 280
136.010000 11 280
136.010000 12 200
136.010000 13 240
136.010000 14 280
136.010000 15 280
136.010000 16 280
136.010000 17 280
136.010000 18 280
136.010000 19 280
136.010000 20 280
136.010000 21 262
136.010000 22 280
136.010000 23 238
136.010000 24 260
137.010000 0 279
137.010000 1 277
137.010000 2 299
137.010000 3 275
137.010000 4 299
137.010000 5 299
137.010000 6 259
137.010000 7 299
137.010000 8 299
137.010000 9 299
137.010000 10 299
137.010000 11 299
137.010000 12 210
137.010000 13 259
137.010000 14 299
137.010000 15 299
137.010000 16 299
137.010000 17 299
137.010000 18 299
137.010000 19 299
137.010000 20 299
137.010000 21 277
137.010000 22 299
137.010000 23 257
137.010000 24 279
138.010000 0 242
138.010000 1 242
138.010000 2 260
138.010000 3 240
138.010000 4 260
138.010000 5 260
138.010000 6 224
138.010000 7 260
138.010000 8 260
138.010000 9 260
138.010000 10 260
138.010000 11 260
138.010000 12 184
138.010000 13 224
138.010000 14 260
138.010000 15 260
138.010000 16 260
138.010000 17 260
138.010000 18 260
138.010000 19 260
138.010000 20 260
138.010000 21 240
138.010000 22 260
138.010000 23 224
138.010000 24 242
139.010000 0 249
139.010000 1 251
139.010000 2 269
139.010000 3 251
139.010000 4 269
139.010000 5 269
139.010000 6 229
139.010000 7 269
139.010000 8 269
139.010000 9 269
139.010000 10 269
139.010000 11 269
139.010000 12 194
139.010000 13 229
139.010000 14 269
139.010000 15 269
139.010000 16 269
139.010000 17 269
139.010000 18 269
139.010000 19 269
139.010000 20 269
139.010000 21 249
139.010000 22 269
139.010000 23 231
139.010000 24 249
140.010000 0 254
140.010000 1 255
140.010000 2 274
140.010000 3 254
140.010000 4 274
140.010000 5 274
140.010000 6 234
140.010000 7 274
140.010000 8 274
140.010000 9 274
140.010000 10 274
140.010000 11 274
140.010000 12 197
140.010000 13 234
140.010000 14 274
140.010000 15 274
140.010000 16 274
140.010000 17 274
140.010000 18 274
140.010000 19 274
140.010000 20 274
140.010000 21 254
140.010000 22 274
140.010000 23 236
140.010000 24 254
141.010000 0 250
141.010000 1 251
141.010000 2 270
141.010000 3 252
141.010000 4 270
141.010000 5 270
141.010000 6 230
141.010000 7 270
141.010000 8 270
141.010000 9 270
141.010000 10 270
141.010000 11 270
141.010000 12 195
141.010000 13 230
141.010000 14 270
141.010000 15 270
141.010000 16 270
141.010000 17 270
141.010000 18 270
141.010000 19 270
141.010000 20 270
141.010000 21 252
141.010000 22 270
141.010000 23 230
141.010000 24 250
142.010000 0 260
142.010000 1 258
142.010000 2 280
142.010000 3 262
142.010000 4 280
142.010000 5 280
142.010000 6 240
142.010000 7 280
142.010000 8 280
142.010000 9 280
142.010000 10 280
142.010000 11 280
142.010000 12 200
142.010000 13 240
142.010000 14 280
142.010000 15 280
142.010000 16 280
142.010000 17 280
142.010000 18 280
142.010000 19 280
142.010000 20 280
142.010000 21 262
142.010000 22 280
142.010000 23 238
142.010000 24 260
143.010000 0 252
143.010000 1 252
143.010000 2 272
143.010000 3 254
143.010000 4 272
143.010000 5 272
143.010000 6 232
143.010000 7 272
143.010000 8 272
143.010000 9 272
143.010000 10 272
143.010000 11 272
143.010000 12 196
143.010000 13 232
143.010000 14 272
143.010000 15 272
143.010000 16 272
143.010000 17 272
143.010000 18 272
143.010000 19 272
143.010000 20 272
143.010000 21 254
143.010000 22 272
143.010000 23 232
143.010000 24 252
144.010000 0 264
144.010000 1 265
144.010000 2 286
144.010000 3 268
144.010000 4 286
144.010000 5 286
144.010000 6 241
144.010000 7 286
144.010000 8 286
144.010000 9 286
144.010000 10 286
144.010000 11 286
144.010000 12 210
144.010000 13 242
144.010000 14 286
144.010000 15 286
144.010000 16 286
144.010000 17 286
144.010000 18 286
144.010000 19 286
144.010000 20 286
144.010000 21 268
144.010000 22 286
144.010000 23 244
144.010000 24 264
145.010000 0 260
145.010000 1 262
145.010000 2 280
145.010000 3 258
145.010000 4 280
145.010000 5 280
145.010000 6 240
145.010000 7 280
145.010000 8 280
145.010000 9 280
145.010000 10 280
145.010000 11 280
145.010000 12 200
145.010000 13 240
145.010000 14 280
145.010000 15 280
145.010000 16 280
145.010000 17 280
145.010000 18 280
145.010000 19 280
145.010000 20 280
145.010000 21 258
145.010000 22 280
145.010000 23 242
145.010000 24 260
146.010000 0 266
146.010000 1 262
146.010000 2 284
146.010000 3 262
146.010000 4 284
146.010000 5 284
146.010000 6 248
146.010000 7 284
146.010000 8 284
146.010000 9 284
146.010000 10 284
146.010000 11 284
146.010000 12 196
146.010000 13 248
146.010000 14 284
146.010000 15 284
146.010000 16 284
146.010000 17 284
146.010000 18 284
146.010000 19 284
146.010000 20 284
146.010000 21 262
146.010000 22 284
146.010000 23 244
146.010000 24 266
147.010000 0 256
147.010000 1 256
147.010000 2 276
147.010000 3 257
147.010000 4 276
147.010000 5 276
147.010000 6 235
147.010000 7 276
147.010000 8 276
147.010000 9 276
147.010000 10 276
147.010000 11 276
147.010000 12 199
147.010000 13 235
147.010000 14 276
147.010000 15 276
147.010000 16 276
147.010000 17 276
147.010000 18 276
147.010000 19 276
147.010000 20 276
147.010000 21 258
147.010000 22 276
147.010000 23 236
147.010000 24 256
148.010000 0 261
148.010000 1 257
148.010000 2 279
148.010000 3 257
148.010000 4 279
148.010000 5 279
148.010000 6 243
148.010000 7 279
148.010000 8 279
148.010000 9 279
148.010000 10 279
148.010000 11 279
148.010000 12 194
148.010000 13 243
148.010000 14 279
148.010000 15 279
148.010000 16 279
148.010000 17 279
148.010000 18 279
148.010000 19 279
148.010000 20 279
148.010000 21 257
148.010000 22 279
148.010000 23 241
148.010000 24 261
149.010000 0 249
149.010000 1 251
149.010000 2 269
149.010000 3 251
149.010000 4 269
149.010000 5 269
149.010000 6 229
149.010000 7 269
149.010000 8 269
149.010000 9 269
149.010000 10 269
149.010000 11 269
149.010000 12 194
149.010000 13 229
149.010000 14 269
149.010000 15 269
149.010000 16 269
149.010000 17 269
149.010000 18 269
149.010000 19 269
149.010000 20 269
149.010000 21 251
149.010000 22 269
149.010000 23 229
149.010000 24 249
