0.010000 0 18
0.010000 1 16
0.010000 2 17
0.010000 3 19
0.010000 4 12
0.010000 5 19
0.010000 6 17
0.010000 7 14
0.010000 8 18
0.010000 9 18
1.010000 0 128
1.010000 1 144
1.010000 2 132
1.010000 3 138
1.010000 4 141
1.010000 5 139
1.010000 6 132
1.010000 7 152
1.010000 8 128
1.010000 9 146
2.010000 0 136
2.010000 1 131
2.010000 2 129
2.010000 3 146
2.010000 4 141
2.010000 5 139
2.010000 6 129
2.010000 7 146
2.010000 8 136
2.010000 9 131
3.010000 0 104
3.010000 1 117
3.010000 2 103
3.010000 3 110
3.010000 4 104
3.010000 5 99
3.010000 6 103
3.010000 7 110
3.010000 8 104
3.010000 9 114
4.010000 0 120
4.010000 1 121
4.010000 2 116
4.010000 3 125
4.010000 4 117
4.010000 5 121
4.010000 6 116
4.010000 7 125
4.010000 8 120
4.010000 9 121
5.010000 0 118
5.010000 1 115
5.010000 2 109
5.010000 3 120
5.010000 4 110
5.010000 5 113
5.010000 6 109
5.010000 7 118
5.010000 8 118
5.010000 9 114
6.010000 0 120
6.010000 1 121
6.010000 2 116
6.010000 3 125
6.010000 4 117
6.010000 5 121
6.010000 6 116
6.010000 7 125
6.010000 8 120
6.010000 9 121
7.010000 0 107
7.010000 1 104
7.010000 2 101
7.010000 3 115
7.010000 4 102
7.010000 5 106
7.010000 6 101
7.010000 7 109
7.010000 8 107
7.010000 9 103
8.010000 0 142
8.010000 1 148
8.010000 2 138
8.010000 3 145
8.010000 4 140
8.010000 5 148
8.010000 6 138
8.010000 7 146
8.010000 8 142
8.010000 9 148
9.010000 0 95
9.010000 1 99
9.010000 2 97
9.010000 3 103
9.010000 4 108
9.010000 5 102
9.010000 6 97
9.010000 7 113
9.010000 8 95
9.010000 9 102
10.010000 0 135
10.010000 1 129
10.010000 2 131
10.010000 3 142
10.010000 4 132
10.010000 5 138
10.010000 6 131
10.010000 7 142
10.010000 8 135
10.010000 9 136
11.010000 0 109
11.010000 1 104
11.010000 2 98
11.010000 3 116
11.010000 4 100
11.010000 5 103
11.010000 6 98
11.010000 7 107
11.010000 8 109
11.010000 9 103
12.010000 0 126
12.010000 1 130
12.010000 2 126
12.010000 3 134
12.010000 4 127
12.010000 5 132
12.010000 6 126
12.010000 7 136
12.010000 8 126
12.010000 9 132
13.010000 0 120
13.010000 1 121
13.010000 2 116
13.010000 3 125
13.010000 4 117
13.010000 5 121
13.010000 6 116
13.010000 7 125
13.010000 8 120
13.010000 9 121
14.010000 0 124
14.010000 1 125
14.010000 2 119
14.010000 3 129
14.010000 4 120
14.010000 5 124
14.010000 6 119
14.010000 7 128
14.010000 8 124
14.010000 9 125
15.010000 0 136
15.010000 1 134
15.010000 2 120
15.010000 3 139
15.010000 4 130
15.010000 5 133
15.010000 6 120
15.010000 7 139
15.010000 8 136
15.010000 9 133
16.010000 0 562
16.010000 1 558
16.010000 2 487
16.010000 3 520
16.010000 4 477
16.010000 5 534
16.010000 6 487
16.010000 7 520
16.010000 8 562
16.010000 9 584
17.010000 0 456
17.010000 1 454
17.010000 2 394
17.010000 3 423
17.010000 4 389
17.010000 5 434
17.010000 6 394
17.010000 7 419
17.010000 8 456
17.010000 9 475
18.010000 0 444
18.010000 1 452
18.010000 2 394
18.010000 3 412
18.010000 4 387
18.010000 5 432
18.010000 6 394
18.010000 7 416
18.010000 8 444
18.010000 9 472
19.010000 0 447
19.010000 1 444
19.010000 2 374
19.010000 3 407
19.010000 4 381
19.010000 5 423
19.010000 6 374
19.010000 7 410
19.010000 8 447
19.010000 9 460
20.010000 0 479
20.010000 1 479
20.010000 2 418
20.010000 3 448
20.010000 4 416
20.010000 5 469
20.010000 6 418
20.010000 7 440
20.010000 8 479
20.010000 9 505
21.010000 0 436
21.010000 1 439
21.010000 2 377
21.010000 3 406
21.010000 4 379
21.010000 5 423
21.010000 6 377
21.010000 7 399
21.010000 8 436
21.010000 9 459
22.010000 0 463
22.010000 1 468
22.010000 2 398
22.010000 3 422
22.010000 4 399
22.010000 5 448
22.010000 6 398
22.010000 7 424
22.010000 8 463
22.010000 9 485
23.010000 0 443
23.010000 1 450
23.010000 2 385
23.010000 3 412
23.010000 4 392
23.010000 5 429
23.010000 6 385
23.010000 7 416
23.010000 8 443
23.010000 9 468
24.010000 0 420
24.010000 1 423
24.010000 2 359
24.010000 3 389
24.010000 4 369
24.010000 5 401
24.010000 6 359
24.010000 7 390
24.010000 8 420
24.010000 9 441
25.010000 0 445
25.010000 1 447
25.010000 2 381
25.010000 3 402
25.010000 4 383
25.010000 5 427
25.010000 6 381
25.010000 7 410
25.010000 8 445
25.010000 9 465
26.010000 0 478
26.010000 1 483
26.010000 2 418
26.010000 3 449
26.010000 4 417
26.010000 5 462
26.010000 6 418
26.010000 7 443
26.010000 8 478
26.010000 9 504
27.010000 0 452
27.010000 1 453
27.010000 2 392
27.010000 3 419
27.010000 4 389
27.010000 5 433
27.010000 6 392
27.010000 7 419
27.010000 8 452
27.010000 9 473
28.010000 0 467
28.010000 1 462
28.010000 2 394
28.010000 3 426
28.010000 4 394
28.010000 5 440
28.010000 6 394
28.010000 7 428
28.010000 8 467
28.010000 9 482
29.010000 0 449
29.010000 1 446
29.010000 2 394
29.010000 3 420
29.010000 4 382
29.010000 5 430
29.010000 6 394
29.010000 7 418
29.010000 8 449
29.010000 9 470
30.010000 0 462
30.010000 1 460
30.010000 2 392
30.010000 3 418
30.010000 4 396
30.010000 5 442
30.010000 6 392
30.010000 7 429
30.010000 8 462
30.010000 9 480
31.010000 0 465
31.010000 1 463
31.010000 2 399
31.010000 3 434
31.010000 4 399
31.010000 5 445
31.010000 6 399
31.010000 7 424
31.010000 8 465
31.010000 9 485
32.010000 0 447
32.010000 1 445
32.010000 2 382
32.010000 3 410
32.010000 4 384
32.010000 5 435
32.010000 6 382
32.010000 7 410
32.010000 8 447
32.010000 9 468
33.010000 0 462
33.010000 1 471
33.010000 2 401
33.010000 3 429
33.010000 4 412
33.010000 5 450
33.010000 6 401
33.010000 7 436
33.010000 8 462
33.010000 9 488
34.010000 0 445
34.010000 1 439
34.010000 2 376
34.010000 3 410
34.010000 4 377
34.010000 5 421
34.010000 6 376
34.010000 7 405
34.010000 8 445
34.010000 9 459
35.010000 0 422
35.010000 1 425
35.010000 2 366
35.010000 3 391
35.010000 4 366
35.010000 5 405
35.010000 6 366
35.010000 7 391
35.010000 8 422
35.010000 9 440
36.010000 0 486
36.010000 1 492
36.010000 2 425
36.010000 3 445
36.010000 4 418
36.010000 5 474
36.010000 6 425
36.010000 7 449
36.010000 8 486
36.010000 9 514
37.010000 0 492
37.010000 1 497
37.010000 2 421
37.010000 3 451
37.010000 4 421
37.010000 5 470
37.010000 6 421
37.010000 7 450
37.010000 8 492
37.010000 9 515
38.010000 0 396
38.010000 1 404
38.010000 2 334
38.010000 3 366
38.010000 4 359
38.010000 5 382
38.010000 6 334
38.010000 7 372
38.010000 8 396
38.010000 9 418
39.010000 0 501
39.010000 1 506
39.010000 2 441
39.010000 3 467
39.010000 4 428
39.010000 5 482
39.010000 6 441
39.010000 7 472
39.010000 8 501
39.010000 9 525
40.010000 0 431
40.010000 1 437
40.010000 2 373
40.010000 3 402
40.010000 4 384
40.010000 5 420
40.010000 6 373
40.010000 7 401
40.010000 8 431
40.010000 9 456
41.010000 0 489
41.010000 1 481
41.010000 2 415
41.010000 3 452
41.010000 4 410
41.010000 5 464
41.010000 6 415
41.010000 7 444
41.010000 8 489
41.010000 9 506
42.010000 0 473
42.010000 1 472
42.010000 2 411
42.010000 3 439
42.010000 4 416
42.010000 5 459
42.010000 6 411
42.010000 7 445
42.010000 8 473
42.010000 9 497
43.010000 0 484
43.010000 1 488
43.010000 2 417
43.010000 3 441
43.010000 4 413
43.010000 5 464
43.010000 6 417
43.010000 7 450
43.010000 8 484
43.010000 9 504
44.010000 0 421
44.010000 1 422
44.010000 2 355
44.010000 3 386
44.010000 4 356
44.010000 5 397
44.010000 6 355
44.010000 7 390
44.010000 8 421
44.010000 9 437
45.010000 0 470
45.010000 1 477
45.010000 2 403
45.010000 3 434
45.010000 4 416
45.010000 5 459
45.010000 6 403
45.010000 7 426
45.010000 8 470
45.010000 9 499
46.010000 0 461
46.010000 1 466
46.010000 2 400
46.010000 3 424
46.010000 4 400
46.010000 5 445
46.010000 6 400
46.010000 7 425
46.010000 8 461
46.010000 9 486
47.010000 0 455
47.010000 1 462
47.010000 2 402
47.010000 3 422
47.010000 4 401
47.010000 5 445
47.010000 6 402
47.010000 7 433
47.010000 8 455
47.010000 9 494
48.010000 0 470
48.010000 1 467
48.010000 2 404
48.010000 3 436
48.010000 4 401
48.010000 5 448
48.010000 6 404
48.010000 7 427
48.010000 8 470
48.010000 9 489
49.010000 0 518
49.010000 1 517
49.010000 2 439
49.010000 3 478
49.010000 4 445
49.010000 5 491
49.010000 6 439
49.010000 7 479
49.010000 8 518
49.010000 9 539
50.010000 0 433
50.010000 1 436
50.010000 2 375
50.010000 3 404
50.010000 4 366
50.010000 5 413
50.010000 6 375
50.010000 7 391
50.010000 8 433
50.010000 9 444
51.010000 0 465
51.010000 1 465
51.010000 2 405
51.010000 3 431
51.010000 4 391
51.010000 5 442
51.010000 6 405
51.010000 7 433
51.010000 8 465
51.010000 9 482
52.010000 0 407
52.010000 1 404
52.010000 2 338
52.010000 3 378
52.010000 4 358
52.010000 5 389
52.010000 6 338
52.010000 7 376
52.010000 8 407
52.010000 9 423
53.010000 0 471
53.010000 1 477
53.010000 2 412
53.010000 3 433
53.010000 4 400
53.010000 5 453
53.010000 6 412
53.010000 7 444
53.010000 8 471
53.010000 9 494
54.010000 0 468
54.010000 1 477
54.010000 2 409
54.010000 3 436
54.010000 4 409
54.010000 5 440
54.010000 6 409
54.010000 7 440
54.010000 8 468
54.010000 9 491
55.010000 0 447
55.010000 1 446
55.010000 2 381
55.010000 3 409
55.010000 4 381
55.010000 5 420
55.010000 6 381
55.010000 7 419
55.010000 8 447
55.010000 9 464
56.010000 0 476
56.010000 1 479
56.010000 2 414
56.010000 3 435
56.010000 4 409
56.010000 5 455
56.010000 6 414
56.010000 7 445
56.010000 8 476
56.010000 9 499
57.010000 0 477
57.010000 1 474
57.010000 2 407
57.010000 3 438
57.010000 4 405
57.010000 5 455
57.010000 6 407
57.010000 7 433
57.010000 8 477
57.010000 9 495
58.010000 0 461
58.010000 1 460
58.010000 2 390
58.010000 3 424
58.010000 4 394
58.010000 5 436
58.010000 6 390
58.010000 7 422
58.010000 8 461
58.010000 9 478
59.010000 0 462
59.010000 1 463
59.010000 2 402
59.010000 3 431
59.010000 4 407
59.010000 5 449
59.010000 6 402
59.010000 7 436
59.010000 8 462
59.010000 9 478
60.010000 0 442
60.010000 1 443
60.010000 2 380
60.010000 3 414
60.010000 4 375
60.010000 5 420
60.010000 6 380
60.010000 7 402
60.010000 8 442
60.010000 9 470
61.010000 0 509
61.010000 1 506
61.010000 2 430
61.010000 3 458
61.010000 4 441
61.010000 5 501
61.010000 6 430
61.010000 7 467
61.010000 8 509
61.010000 9 524
62.010000 0 447
62.010000 1 444
62.010000 2 385
62.010000 3 415
62.010000 4 386
62.010000 5 426
62.010000 6 385
62.010000 7 412
62.010000 8 447
62.010000 9 466
63.010000 0 462
63.010000 1 468
63.010000 2 401
63.010000 3 426
63.010000 4 401
63.010000 5 442
63.010000 6 401
63.010000 7 435
63.010000 8 462
63.010000 9 486
64.010000 0 450
64.010000 1 464
64.010000 2 386
64.010000 3 409
64.010000 4 395
64.010000 5 433
64.010000 6 386
64.010000 7 418
64.010000 8 450
64.010000 9 475
65.010000 0 443
65.010000 1 439
65.010000 2 384
65.010000 3 417
65.010000 4 376
65.010000 5 427
65.010000 6 384
65.010000 7 411
65.010000 8 443
65.010000 9 463
66.010000 0 464
66.010000 1 472
66.010000 2 402
66.010000 3 428
66.010000 4 409
66.010000 5 450
66.010000 6 402
66.010000 7 434
66.010000 8 464
66.010000 9 490
67.010000 0 494
67.010000 1 492
67.010000 2 428
67.010000 3 461
67.010000 4 419
67.010000 5 478
67.010000 6 428
67.010000 7 445
67.010000 8 494
67.010000 9 514
68.010000 0 446
68.010000 1 446
68.010000 2 375
68.010000 3 402
68.010000 4 390
68.010000 5 438
68.010000 6 375
68.010000 7 409
68.010000 8 446
68.010000 9 475
69.010000 0 464
69.010000 1 467
69.010000 2 399
69.010000 3 426
69.010000 4 400
69.010000 5 440
69.010000 6 399
69.010000 7 433
69.010000 8 464
69.010000 9 485
70.010000 0 476
70.010000 1 475
70.010000 2 412
70.010000 3 441
70.010000 4 405
70.010000 5 453
70.010000 6 412
70.010000 7 439
70.010000 8 476
70.010000 9 497
71.010000 0 445
71.010000 1 453
71.010000 2 385
71.010000 3 421
71.010000 4 400
71.010000 5 426
71.010000 6 385
71.010000 7 415
71.010000 8 445
71.010000 9 471
72.010000 0 498
72.010000 1 501
72.010000 2 433
72.010000 3 455
72.010000 4 422
72.010000 5 471
72.010000 6 433
72.010000 7 467
72.010000 8 498
72.010000 9 519
73.010000 0 461
73.010000 1 464
73.010000 2 394
73.010000 3 424
73.010000 4 401
73.010000 5 453
73.010000 6 394
73.010000 7 424
73.010000 8 461
73.010000 9 486
74.010000 0 436
74.010000 1 436
74.010000 2 367
74.010000 3 400
74.010000 4 376
74.010000 5 416
74.010000 6 367
74.010000 7 400
74.010000 8 436
74.010000 9 452
75.010000 0 461
75.010000 1 462
75.010000 2 392
75.010000 3 426
75.010000 4 402
75.010000 5 440
75.010000 6 392
75.010000 7 430
75.010000 8 461
75.010000 9 480
76.010000 0 440
76.010000 1 443
76.010000 2 386
76.010000 3 407
76.010000 4 377
76.010000 5 423
76.010000 6 386
76.010000 7 407
76.010000 8 440
76.010000 9 463
77.010000 0 449
77.010000 1 446
77.010000 2 382
77.010000 3 411
77.010000 4 383
77.010000 5 423
77.010000 6 382
77.010000 7 423
77.010000 8 449
77.010000 9 464
78.010000 0 479
78.010000 1 482
78.010000 2 411
78.010000 3 442
78.010000 4 418
78.010000 5 457
78.010000 6 411
78.010000 7 442
78.010000 8 479
78.010000 9 502
79.010000 0 441
79.010000 1 445
79.010000 2 375
79.010000 3 408
79.010000 4 391
79.010000 5 431
79.010000 6 375
79.010000 7 412
79.010000 8 441
79.010000 9 464
80.010000 0 467
80.010000 1 467
80.010000 2 403
80.010000 3 435
80.010000 4 403
80.010000 5 447
80.010000 6 403
80.010000 7 429
80.010000 8 467
80.010000 9 491
81.010000 0 429
81.010000 1 436
81.010000 2 366
81.010000 3 393
81.010000 4 367
81.010000 5 412
81.010000 6 366
81.010000 7 388
81.010000 8 429
81.010000 9 450
82.010000 0 463
82.010000 1 459
82.010000 2 405
82.010000 3 432
82.010000 4 406
82.010000 5 452
82.010000 6 405
82.010000 7 432
82.010000 8 463
82.010000 9 486
83.010000 0 500
83.010000 1 503
83.010000 2 431
83.010000 3 456
83.010000 4 427
83.010000 5 477
83.010000 6 431
83.010000 7 466
83.010000 8 500
83.010000 9 520
84.010000 0 413
84.010000 1 418
84.010000 2 354
84.010000 3 383
84.010000 4 369
84.010000 5 400
84.010000 6 354
84.010000 7 384
84.010000 8 413
84.010000 9 436
85.010000 0 474
85.010000 1 467
85.010000 2 405
85.010000 3 432
85.010000 4 392
85.010000 5 446
85.010000 6 405
85.010000 7 433
85.010000 8 474
85.010000 9 486
86.010000 0 479
86.010000 1 482
86.010000 2 418
86.010000 3 446
86.010000 4 412
86.010000 5 460
86.010000 6 418
86.010000 7 446
86.010000 8 479
86.010000 9 504
87.010000 0 438
87.010000 1 446
87.010000 2 379
87.010000 3 400
87.010000 4 369
87.010000 5 413
87.010000 6 379
87.010000 7 401
87.010000 8 438
87.010000 9 458
88.010000 0 489
88.010000 1 486
88.010000 2 418
88.010000 3 454
88.010000 4 418
88.010000 5 470
88.010000 6 418
88.010000 7 444
88.010000 8 489
88.010000 9 510
89.010000 0 470
89.010000 1 477
89.010000 2 405
89.010000 3 436
89.010000 4 407
89.010000 5 455
89.010000 6 405
89.010000 7 430
89.010000 8 470
89.010000 9 504
90.010000 0 490
90.010000 1 487
90.010000 2 415
90.010000 3 455
90.010000 4 425
90.010000 5 473
90.010000 6 415
90.010000 7 449
90.010000 8 490
90.010000 9 502
91.010000 0 399
91.010000 1 398
91.010000 2 345
91.010000 3 362
91.010000 4 340
91.010000 5 391
91.010000 6 345
91.010000 7 370
91.010000 8 399
91.010000 9 426
92.010000 0 477
92.010000 1 474
92.010000 2 410
92.010000 3 442
92.010000 4 423
92.010000 5 456
92.010000 6 410
92.010000 7 450
92.010000 8 477
92.010000 9 487
93.010000 0 477
93.010000 1 481
93.010000 2 419
93.010000 3 451
93.010000 4 412
93.010000 5 467
93.010000 6 419
93.010000 7 434
93.010000 8 477
93.010000 9 513
94.010000 0 473
94.010000 1 470
94.010000 2 406
94.010000 3 440
94.010000 4 404
94.010000 5 456
94.010000 6 406
94.010000 7 434
94.010000 8 473
94.010000 9 494
95.010000 0 424
95.010000 1 432
95.010000 2 367
95.010000 3 389
95.010000 4 359
95.010000 5 403
95.010000 6 367
95.010000 7 387
95.010000 8 424
95.010000 9 445
96.010000 0 460
96.010000 1 455
96.010000 2 397
96.010000 3 418
96.010000 4 398
96.010000 5 444
96.010000 6 397
96.010000 7 427
96.010000 8 460
96.010000 9 480
97.010000 0 440
97.010000 1 442
97.010000 2 375
97.010000 3 397
97.010000 4 375
97.010000 5 420
97.010000 6 375
97.010000 7 404
97.010000 8 440
97.010000 9 458
98.010000 0 452
98.010000 1 446
98.010000 2 389
98.010000 3 418
98.010000 4 380
98.010000 5 425
98.010000 6 389
98.010000 7 417
98.010000 8 452
98.010000 9 468
99.010000 0 447
99.010000 1 448
99.010000 2 390
99.010000 3 414
99.010000 4 384
99.010000 5 434
99.010000 6 390
99.010000 7 408
99.010000 8 447
99.010000 9 470
100.010000 0 454
100.010000 1 455
100.010000 2 387
100.010000 3 420
100.010000 4 394
100.010000 5 428
100.010000 6 387
100.010000 7 427
100.010000 8 454
100.010000 9 472
101.010000 0 442
101.010000 1 441
101.010000 2 380
101.010000 3 401
101.010000 4 371
101.010000 5 414
101.010000 6 380
101.010000 7 411
101.010000 8 442
101.010000 9 458
102.010000 0 451
102.010000 1 456
102.010000 2 388
102.010000 3 414
102.010000 4 392
102.010000 5 430
102.010000 6 388
102.010000 7 421
102.010000 8 451
102.010000 9 471
103.010000 0 465
103.010000 1 470
103.010000 2 406
103.010000 3 426
103.010000 4 401
103.010000 5 446
103.010000 6 406
103.010000 7 432
103.010000 8 465
103.010000 9 489
104.010000 0 485
104.010000 1 489
104.010000 2 411
104.010000 3 446
104.010000 4 426
104.010000 5 465
104.010000 6 411
104.010000 7 448
104.010000 8 485
104.010000 9 498
105.010000 0 410
105.010000 1 416
105.010000 2 365
105.010000 3 381
105.010000 4 356
105.010000 5 402
105.010000 6 365
105.010000 7 382
105.010000 8 410
105.010000 9 445
106.010000 0 505
106.010000 1 505
106.010000 2 437
106.010000 3 474
106.010000 4 432
106.010000 5 484
106.010000 6 437
106.010000 7 462
106.010000 8 505
106.010000 9 523
107.010000 0 444
107.010000 1 442
107.010000 2 371
107.010000 3 404
107.010000 4 381
107.010000 5 418
107.010000 6 371
107.010000 7 406
107.010000 8 444
107.010000 9 459
108.010000 0 444
108.010000 1 449
108.010000 2 393
108.010000 3 416
108.010000 4 384
108.010000 5 427
108.010000 6 393
108.010000 7 412
108.010000 8 444
108.010000 9 470
109.010000 0 446
109.010000 1 452
109.010000 2 385
109.010000 3 412
109.010000 4 394
109.010000 5 434
109.010000 6 385
109.010000 7 416
109.010000 8 446
109.010000 9 470
110.010000 0 484
110.010000 1 481
110.010000 2 415
110.010000 3 450
110.010000 4 409
110.010000 5 455
110.010000 6 415
110.010000 7 443
110.010000 8 484
110.010000 9 503
111.010000 0 459
111.010000 1 458
111.010000 2 391
111.010000 3 417
111.010000 4 396
111.010000 5 443
111.010000 6 391
111.010000 7 423
111.010000 8 459
111.010000 9 478
112.010000 0 442
112.010000 1 444
112.010000 2 377
112.010000 3 404
112.010000 4 386
112.010000 5 428
112.010000 6 377
112.010000 7 410
112.010000 8 442
112.010000 9 462
113.010000 0 491
113.010000 1 494
113.010000 2 423
113.010000 3 450
113.010000 4 421
113.010000 5 468
113.010000 6 423
113.010000 7 456
113.010000 8 491
113.010000 9 514
114.010000 0 432
114.010000 1 431
114.010000 2 366
114.010000 3 401
114.010000 4 373
114.010000 5 411
114.010000 6 366
114.010000 7 399
114.010000 8 432
114.010000 9 449
115.010000 0 458
115.010000 1 453
115.010000 2 399
115.010000 3 427
115.010000 4 385
115.010000 5 435
115.010000 6 399
115.010000 7 419
115.010000 8 458
115.010000 9 468
116.010000 0 457
116.010000 1 458
116.010000 2 399
116.010000 3 422
116.010000 4 389
116.010000 5 442
116.010000 6 399
116.010000 7 418
116.010000 8 457
116.010000 9 480
117.010000 0 473
117.010000 1 461
117.010000 2 414
117.010000 3 450
117.010000 4 397
117.010000 5 448
117.010000 6 414
117.010000 7 437
117.010000 8 473
117.010000 9 490
118.010000 0 458
118.010000 1 460
118.010000 2 395
118.010000 3 425
118.010000 4 395
118.010000 5 443
118.010000 6 395
118.010000 7 421
118.010000 8 458
118.010000 9 489
119.010000 0 438
119.010000 1 445
119.010000 2 373
119.010000 3 403
119.010000 4 392
119.010000 5 423
119.010000 6 373
119.010000 7 409
119.010000 8 438
119.010000 9 463
120.010000 0 459
120.010000 1 454
120.010000 2 395
120.010000 3 430
120.010000 4 395
120.010000 5 444
120.010000 6 395
120.010000 7 417
120.010000 8 459
120.010000 9 471
121.010000 0 452
121.010000 1 457
121.010000 2 392
121.010000 3 412
121.010000 4 391
121.010000 5 428
121.010000 6 392
121.010000 7 427
121.010000 8 452
121.010000 9 471
122.010000 0 460
122.010000 1 463
122.010000 2 390
122.010000 3 423
122.010000 4 401
122.010000 5 445
122.010000 6 390
122.010000 7 423
122.010000 8 460
122.010000 9 481
123.010000 0 474
123.010000 1 466
123.010000 2 401
123.010000 3 433
123.010000 4 396
123.010000 5 445
123.010000 6 401
123.010000 7 432
123.010000 8 474
123.010000 9 488
124.010000 0 508
124.010000 1 512
124.010000 2 439
124.010000 3 475
124.010000 4 445
124.010000 5 488
124.010000 6 439
124.010000 7 476
124.010000 8 508
124.010000 9 535
125.010000 0 465
125.010000 1 462
125.010000 2 403
125.010000 3 433
125.010000 4 396
125.010000 5 441
125.010000 6 403
125.010000 7 429
125.010000 8 465
125.010000 9 485
126.010000 0 459
126.010000 1 459
126.010000 2 395
126.010000 3 415
126.010000 4 384
126.010000 5 434
126.010000 6 395
126.010000 7 421
126.010000 8 459
126.010000 9 477
127.010000 0 442
127.010000 1 443
127.010000 2 377
127.010000 3 419
127.010000 4 381
127.010000 5 412
127.010000 6 377
127.010000 7 403
127.010000 8 442
127.010000 9 455
128.010000 0 444
128.010000 1 440
128.010000 2 382
128.010000 3 409
128.010000 4 388
128.010000 5 442
128.010000 6 382
128.010000 7 403
128.010000 8 444
128.010000 9 480
129.010000 0 458
129.010000 1 460
129.010000 2 389
129.010000 3 421
129.010000 4 393
129.010000 5 429
129.010000 6 389
129.010000 7 429
129.010000 8 458
129.010000 9 465
130.010000 0 505
130.010000 1 511
130.010000 2 436
130.010000 3 465
130.010000 4 435
130.010000 5 487
130.010000 6 436
130.010000 7 465
130.010000 8 505
130.010000 9 532
131.010000 0 491
131.010000 1 492
131.010000 2 425
131.010000 3 456
131.010000 4 422
131.010000 5 465
131.010000 6 425
131.010000 7 454
131.010000 8 491
131.010000 9 512
132.010000 0 462
132.010000 1 465
132.010000 2 394
132.010000 3 425
132.010000 4 396
132.010000 5 443
132.010000 6 394
132.010000 7 425
132.010000 8 462
132.010000 9 490
133.010000 0 438
133.010000 1 445
133.010000 2 386
133.010000 3 411
133.010000 4 386
133.010000 5 425
133.010000 6 386
133.010000 7 411
133.010000 8 438
133.010000 9 458
134.010000 0 487
134.010000 1 484
134.010000 2 422
134.010000 3 452
134.010000 4 414
134.010000 5 471
134.010000 6 422
134.010000 7 445
134.010000 8 487
134.010000 9 507
135.010000 0 462
135.010000 1 468
135.010000 2 402
135.010000 3 421
135.010000 4 400
135.010000 5 443
135.010000 6 402
135.010000 7 432
135.010000 8 462
135.010000 9 486
136.010000 0 458
136.010000 1 454
136.010000 2 391
136.010000 3 427
136.010000 4 394
136.010000 5 434
136.010000 6 391
136.010000 7 421
136.010000 8 458
136.010000 9 479
137.010000 0 467
137.010000 1 464
137.010000 2 409
137.010000 3 434
137.010000 4 391
137.010000 5 446
137.010000 6 409
137.010000 7 424
137.010000 8 467
137.010000 9 486
138.010000 0 430
138.010000 1 437
138.010000 2 371
138.010000 3 397
138.010000 4 381
138.010000 5 416
138.010000 6 371
138.010000 7 405
138.010000 8 430
138.010000 9 453
139.010000 0 473
139.010000 1 471
139.010000 2 409
139.010000 3 437
139.010000 4 404
139.010000 5 454
139.010000 6 409
139.010000 7 436
139.010000 8 473
139.010000 9 493
140.010000 0 424
140.010000 1 428
140.010000 2 365
140.010000 3 395
140.010000 4 376
140.010000 5 412
140.010000 6 365
140.010000 7 393
140.010000 8 424
140.010000 9 448
141.010000 0 454
141.010000 1 453
141.010000 2 394
141.010000 3 420
141.010000 4 386
141.010000 5 435
141.010000 6 394
141.010000 7 418
141.010000 8 454
141.010000 9 470
142.010000 0 470
142.010000 1 474
142.010000 2 402
142.010000 3 428
142.010000 4 415
142.010000 5 468
142.010000 6 402
142.010000 7 436
142.010000 8 470
142.010000 9 498
143.010000 0 462
143.010000 1 457
143.010000 2 404
143.010000 3 432
143.010000 4 401
143.010000 5 447
143.010000 6 404
143.010000 7 427
143.010000 8 462
143.010000 9 484
144.010000 0 462
144.010000 1 469
144.010000 2 391
144.010000 3 423
144.010000 4 388
144.010000 5 429
144.010000 6 391
144.010000 7 423
144.010000 8 462
144.010000 9 480
145.010000 0 462
145.010000 1 471
145.010000 2 403
145.010000 3 420
145.010000 4 404
145.010000 5 448
145.010000 6 403
145.010000 7 432
145.010000 8 462
145.010000 9 488
146.010000 0 484
146.010000 1 485
146.010000 2 417
146.010000 3 444
146.010000 4 413
146.010000 5 457
146.010000 6 417
146.010000 7 449
146.010000 8 484
146.010000 9 505
147.010000 0 452
147.010000 1 458
147.010000 2 391
147.010000 3 418
147.010000 4 391
147.010000 5 443
147.010000 6 391
147.010000 7 414
147.010000 8 452
147.010000 9 484
148.010000 0 443
148.010000 1 449
148.010000 2 387
148.010000 3 411
148.010000 4 384
148.010000 5 421
148.010000 6 387
148.010000 7 410
148.010000 8 443
148.010000 9 469
149.010000 0 454
149.010000 1 456
149.010000 2 394
149.010000 3 419
149.010000 4 390
149.010000 5 437
149.010000 6 394
149.010000 7 417
149.010000 8 454
149.010000 9 477
