0.010000 0 12
0.010000 1 15
0.010000 2 16
0.010000 3 15
0.010000 4 14
0.010000 5 14
0.010000 6 15
0.010000 7 15
0.010000 8 14
0.010000 9 15
0.010000 10 15
0.010000 11 16
0.010000 12 16
0.010000 13 16
0.010000 14 12
1.010000 0 532
1.010000 1 526
1.010000 2 513
1.010000 3 533
1.010000 4 535
1.010000 5 530
1.010000 6 544
1.010000 7 503
1.010000 8 536
1.010000 9 540
1.010000 10 534
1.010000 11 531
1.010000 12 513
1.010000 13 543
1.010000 14 532
2.010000 0 388
2.010000 1 414
2.010000 2 397
2.010000 3 420
2.010000 4 400
2.010000 5 413
2.010000 6 395
2.010000 7 396
2.010000 8 410
2.010000 9 413
2.010000 10 397
2.010000 11 413
2.010000 12 397
2.010000 13 412
2.010000 14 388
3.010000 0 324
3.010000 1 334
3.010000 2 333
3.010000 3 333
3.010000 4 323
3.010000 5 332
3.010000 6 341
3.010000 7 318
3.010000 8 329
3.010000 9 333
3.010000 10 321
3.010000 11 331
3.010000 12 333
3.010000 13 332
3.010000 14 324
4.010000 0 392
4.010000 1 402
4.010000 2 392
4.010000 3 403
4.010000 4 389
4.010000 5 403
4.010000 6 398
4.010000 7 384
4.010000 8 398
4.010000 9 400
4.010000 10 388
4.010000 11 398
4.010000 12 392
4.010000 13 389
4.010000 14 392
5.010000 0 413
5.010000 1 422
5.010000 2 401
5.010000 3 422
5.010000 4 407
5.010000 5 419
5.010000 6 420
5.010000 7 404
5.010000 8 402
5.010000 9 424
5.010000 10 409
5.010000 11 422
5.010000 12 401
5.010000 13 423
5.010000 14 413
6.010000 0 276
6.010000 1 280
6.010000 2 276
6.010000 3 278
6.010000 4 269
6.010000 5 281
6.010000 6 274
6.010000 7 280
6.010000 8 290
6.010000 9 276
6.010000 10 267
6.010000 11 277
6.010000 12 276
6.010000 13 276
6.010000 14 276
7.010000 0 419
7.010000 1 431
7.010000 2 404
7.010000 3 433
7.010000 4 416
7.010000 5 429
7.010000 6 425
7.010000 7 415
7.010000 8 412
7.010000 9 429
7.010000 10 416
7.010000 11 433
7.010000 12 404
7.010000 13 434
7.010000 14 419
8.010000 0 266
8.010000 1 273
8.010000 2 270
8.010000 3 273
8.010000 4 263
8.010000 5 286
8.010000 6 269
8.010000 7 261
8.010000 8 284
8.010000 9 286
8.010000 10 264
8.010000 11 275
8.010000 12 270
8.010000 13 282
8.010000 14 266
9.010000 0 442
9.010000 1 451
9.010000 2 446
9.010000 3 451
9.010000 4 437
9.010000 5 441
9.010000 6 446
9.010000 7 430
9.010000 8 445
9.010000 9 440
9.010000 10 421
9.010000 11 448
9.010000 12 446
9.010000 13 450
9.010000 14 442
10.010000 0 332
10.010000 1 341
10.010000 2 335
10.010000 3 344
10.010000 4 330
10.010000 5 340
10.010000 6 341
10.010000 7 327
10.010000 8 323
10.010000 9 356
10.010000 10 349
10.010000 11 341
10.010000 12 335
10.010000 13 345
10.010000 14 332
11.010000 0 397
11.010000 1 406
11.010000 2 394
11.010000 3 403
11.010000 4 394
11.010000 5 406
11.010000 6 400
11.010000 7 387
11.010000 8 401
11.010000 9 394
11.010000 10 393
11.010000 11 407
11.010000 12 394
11.010000 13 402
11.010000 14 397
12.010000 0 352
12.010000 1 363
12.010000 2 360
12.010000 3 362
12.010000 4 350
12.010000 5 362
12.010000 6 358
12.010000 7 347
12.010000 8 359
12.010000 9 363
12.010000 10 353
12.010000 11 363
12.010000 12 360
12.010000 13 364
12.010000 14 352
13.010000 0 369
13.010000 1 379
13.010000 2 369
13.010000 3 378
13.010000 4 365
13.010000 5 377
13.010000 6 375
13.010000 7 361
13.010000 8 374
13.010000 9 378
13.010000 10 365
13.010000 11 379
13.010000 12 369
13.010000 13 379
13.010000 14 369
14.010000 0 344
14.010000 1 354
14.010000 2 353
14.010000 3 353
14.010000 4 341
14.010000 5 353
14.010000 6 352
14.010000 7 338
14.010000 8 350
14.010000 9 356
14.010000 10 344
14.010000 11 354
14.010000 12 353
14.010000 13 356
14.010000 14 344
15.010000 0 373
15.010000 1 382
15.010000 2 374
15.010000 3 382
15.010000 4 370
15.010000 5 384
15.010000 6 378
15.010000 7 367
15.010000 8 378
15.010000 9 383
15.010000 10 371
15.010000 11 383
15.010000 12 374
15.010000 13 383
15.010000 14 373
16.010000 0 772
16.010000 1 726
16.010000 2 891
16.010000 3 890
16.010000 4 884
16.010000 5 895
16.010000 6 890
16.010000 7 708
16.010000 8 894
16.010000 9 893
16.010000 10 884
16.010000 11 891
16.010000 12 891
16.010000 13 810
16.010000 14 772
17.010000 0 727
17.010000 1 647
17.010000 2 831
17.010000 3 844
17.010000 4 824
17.010000 5 836
17.010000 6 830
17.010000 7 635
17.010000 8 844
17.010000 9 834
17.010000 10 822
17.010000 11 847
17.010000 12 831
17.010000 13 739
17.010000 14 727
18.010000 0 835
18.010000 1 793
18.010000 2 943
18.010000 3 955
18.010000 4 939
18.010000 5 954
18.010000 6 951
18.010000 7 762
18.010000 8 943
18.010000 9 954
18.010000 10 942
18.010000 11 943
18.010000 12 943
18.010000 13 858
18.010000 14 835
19.010000 0 765
19.010000 1 665
19.010000 2 853
19.010000 3 851
19.010000 4 833
19.010000 5 863
19.010000 6 858
19.010000 7 667
19.010000 8 865
19.010000 9 857
19.010000 10 840
19.010000 11 861
19.010000 12 853
19.010000 13 770
19.010000 14 765
20.010000 0 778
20.010000 1 729
20.010000 2 925
20.010000 3 927
20.010000 4 927
20.010000 5 929
20.010000 6 921
20.010000 7 714
20.010000 8 925
20.010000 9 922
20.010000 10 915
20.010000 11 929
20.010000 12 925
20.010000 13 835
20.010000 14 778
21.010000 0 758
21.010000 1 685
21.010000 2 853
21.010000 3 861
21.010000 4 852
21.010000 5 861
21.010000 6 860
21.010000 7 671
21.010000 8 864
21.010000 9 864
21.010000 10 869
21.010000 11 865
21.010000 12 853
21.010000 13 781
21.010000 14 758
22.010000 0 835
22.010000 1 777
22.010000 2 942
22.010000 3 935
22.010000 4 930
22.010000 5 950
22.010000 6 940
22.010000 7 746
22.010000 8 941
22.010000 9 943
22.010000 10 918
22.010000 11 953
22.010000 12 942
22.010000 13 866
22.010000 14 835
23.010000 0 795
23.010000 1 706
23.010000 2 880
23.010000 3 890
23.010000 4 876
23.010000 5 886
23.010000 6 886
23.010000 7 694
23.010000 8 886
23.010000 9 891
23.010000 10 877
23.010000 11 891
23.010000 12 880
23.010000 13 786
23.010000 14 795
24.010000 0 828
24.010000 1 751
24.010000 2 917
24.010000 3 924
24.010000 4 899
24.010000 5 925
24.010000 6 916
24.010000 7 731
24.010000 8 928
24.010000 9 921
24.010000 10 913
24.010000 11 928
24.010000 12 917
24.010000 13 831
24.010000 14 828
25.010000 0 840
25.010000 1 751
25.010000 2 951
25.010000 3 950
25.010000 4 935
25.010000 5 946
25.010000 6 951
25.010000 7 741
25.010000 8 938
25.010000 9 961
25.010000 10 941
25.010000 11 952
25.010000 12 951
25.010000 13 867
25.010000 14 840
26.010000 0 810
26.010000 1 732
26.010000 2 905
26.010000 3 900
26.010000 4 901
26.010000 5 897
26.010000 6 899
26.010000 7 680
26.010000 8 894
26.010000 9 901
26.010000 10 888
26.010000 11 898
26.010000 12 905
26.010000 13 807
26.010000 14 810
27.010000 0 795
27.010000 1 729
27.010000 2 926
27.010000 3 924
27.010000 4 911
27.010000 5 918
27.010000 6 924
27.010000 7 724
27.010000 8 917
27.010000 9 933
27.010000 10 915
27.010000 11 922
27.010000 12 926
27.010000 13 838
27.010000 14 795
28.010000 0 787
28.010000 1 716
28.010000 2 872
28.010000 3 895
28.010000 4 883
28.010000 5 891
28.010000 6 887
28.010000 7 724
28.010000 8 894
28.010000 9 893
28.010000 10 877
28.010000 11 900
28.010000 12 872
28.010000 13 809
28.010000 14 787
29.010000 0 846
29.010000 1 762
29.010000 2 935
29.010000 3 945
29.010000 4 934
29.010000 5 943
29.010000 6 943
29.010000 7 737
29.010000 8 944
29.010000 9 947
29.010000 10 929
29.010000 11 945
29.010000 12 935
29.010000 13 854
29.010000 14 846
30.010000 0 735
30.010000 1 653
30.010000 2 854
30.010000 3 853
30.010000 4 845
30.010000 5 853
30.010000 6 862
30.010000 7 652
30.010000 8 850
30.010000 9 855
30.010000 10 854
30.010000 11 864
30.010000 12 854
30.010000 13 758
30.010000 14 735
31.010000 0 855
31.010000 1 776
31.010000 2 942
31.010000 3 951
31.010000 4 939
31.010000 5 945
31.010000 6 943
31.010000 7 734
31.010000 8 948
31.010000 9 951
31.010000 10 950
31.010000 11 954
31.010000 12 942
31.010000 13 848
31.010000 14 855
32.010000 0 752
32.010000 1 670
32.010000 2 860
32.010000 3 863
32.010000 4 852
32.010000 5 859
32.010000 6 857
32.010000 7 692
32.010000 8 860
32.010000 9 866
32.010000 10 850
32.010000 11 861
32.010000 12 860
32.010000 13 790
32.010000 14 752
33.010000 0 811
33.010000 1 743
33.010000 2 897
33.010000 3 905
33.010000 4 891
33.010000 5 902
33.010000 6 896
33.010000 7 708
33.010000 8 904
33.010000 9 902
33.010000 10 893
33.010000 11 906
33.010000 12 897
33.010000 13 814
33.010000 14 811
34.010000 0 819
34.010000 1 724
34.010000 2 923
34.010000 3 919
34.010000 4 908
34.010000 5 915
34.010000 6 909
34.010000 7 719
34.010000 8 920
34.010000 9 921
34.010000 10 906
34.010000 11 919
34.010000 12 923
34.010000 13 838
34.010000 14 819
35.010000 0 838
35.010000 1 740
35.010000 2 924
35.010000 3 929
35.010000 4 911
35.010000 5 926
35.010000 6 917
35.010000 7 699
35.010000 8 922
35.010000 9 931
35.010000 10 916
35.010000 11 922
35.010000 12 924
35.010000 13 837
35.010000 14 838
36.010000 0 793
36.010000 1 706
36.010000 2 869
36.010000 3 873
36.010000 4 862
36.010000 5 872
36.010000 6 868
36.010000 7 693
36.010000 8 892
36.010000 9 871
36.010000 10 867
36.010000 11 872
36.010000 12 869
36.010000 13 786
36.010000 14 793
37.010000 0 800
37.010000 1 718
37.010000 2 909
37.010000 3 919
37.010000 4 914
37.010000 5 913
37.010000 6 910
37.010000 7 720
37.010000 8 908
37.010000 9 928
37.010000 10 902
37.010000 11 914
37.010000 12 909
37.010000 13 825
37.010000 14 800
38.010000 0 884
38.010000 1 799
38.010000 2 982
38.010000 3 990
38.010000 4 978
38.010000 5 997
38.010000 6 981
38.010000 7 781
38.010000 8 991
38.010000 9 983
38.010000 10 976
38.010000 11 992
38.010000 12 982
38.010000 13 882
38.010000 14 884
39.010000 0 735
39.010000 1 640
39.010000 2 818
39.010000 3 817
39.010000 4 803
39.010000 5 814
39.010000 6 813
39.010000 7 630
39.010000 8 817
39.010000 9 830
39.010000 10 819
39.010000 11 818
39.010000 12 818
39.010000 13 738
39.010000 14 735
40.010000 0 850
40.010000 1 760
40.010000 2 921
40.010000 3 934
40.010000 4 930
40.010000 5 932
40.010000 6 936
40.010000 7 725
40.010000 8 931
40.010000 9 930
40.010000 10 913
40.010000 11 931
40.010000 12 921
40.010000 13 815
40.010000 14 850
41.010000 0 763
41.010000 1 658
41.010000 2 861
41.010000 3 864
41.010000 4 854
41.010000 5 865
41.010000 6 857
41.010000 7 677
41.010000 8 878
41.010000 9 865
41.010000 10 872
41.010000 11 870
41.010000 12 861
41.010000 13 796
41.010000 14 763
42.010000 0 868
42.010000 1 794
42.010000 2 973
42.010000 3 981
42.010000 4 959
42.010000 5 982
42.010000 6 971
42.010000 7 780
42.010000 8 971
42.010000 9 975
42.010000 10 945
42.010000 11 975
42.010000 12 973
42.010000 13 886
42.010000 14 868
43.010000 0 877
43.010000 1 767
43.010000 2 954
43.010000 3 957
43.010000 4 943
43.010000 5 951
43.010000 6 951
43.010000 7 743
43.010000 8 958
43.010000 9 955
43.010000 10 939
43.010000 11 960
43.010000 12 954
43.010000 13 853
43.010000 14 877
44.010000 0 817
44.010000 1 736
44.010000 2 919
44.010000 3 919
44.010000 4 906
44.010000 5 932
44.010000 6 908
44.010000 7 731
44.010000 8 922
44.010000 9 920
44.010000 10 904
44.010000 11 919
44.010000 12 919
44.010000 13 831
44.010000 14 817
45.010000 0 814
45.010000 1 737
45.010000 2 914
45.010000 3 918
45.010000 4 895
45.010000 5 918
45.010000 6 911
45.010000 7 758
45.010000 8 915
45.010000 9 911
45.010000 10 899
45.010000 11 914
45.010000 12 914
45.010000 13 836
45.010000 14 814
46.010000 0 816
46.010000 1 723
46.010000 2 913
46.010000 3 906
46.010000 4 896
46.010000 5 900
46.010000 6 899
46.010000 7 701
46.010000 8 902
46.010000 9 904
46.010000 10 889
46.010000 11 900
46.010000 12 913
46.010000 13 811
46.010000 14 816
47.010000 0 858
47.010000 1 771
47.010000 2 977
47.010000 3 972
47.010000 4 951
47.010000 5 968
47.010000 6 961
47.010000 7 760
47.010000 8 972
47.010000 9 965
47.010000 10 951
47.010000 11 966
47.010000 12 977
47.010000 13 868
47.010000 14 858
48.010000 0 821
48.010000 1 746
48.010000 2 923
48.010000 3 905
48.010000 4 898
48.010000 5 917
48.010000 6 906
48.010000 7 732
48.010000 8 918
48.010000 9 907
48.010000 10 900
48.010000 11 912
48.010000 12 923
48.010000 13 831
48.010000 14 821
49.010000 0 776
49.010000 1 692
49.010000 2 915
49.010000 3 890
49.010000 4 875
49.010000 5 888
49.010000 6 886
49.010000 7 689
49.010000 8 893
49.010000 9 893
49.010000 10 889
49.010000 11 886
49.010000 12 915
49.010000 13 808
49.010000 14 776
50.010000 0 763
50.010000 1 694
50.010000 2 886
50.010000 3 865
50.010000 4 848
50.010000 5 865
50.010000 6 865
50.010000 7 664
50.010000 8 864
50.010000 9 870
50.010000 10 845
50.010000 11 860
50.010000 12 886
50.010000 13 767
50.010000 14 763
51.010000 0 975
51.010000 1 908
51.010000 2 1080
51.010000 3 1109
51.010000 4 1088
51.010000 5 1105
51.010000 6 1085
51.010000 7 897
51.010000 8 1098
51.010000 9 1095
51.010000 10 1057
51.010000 11 1099
51.010000 12 1080
51.010000 13 1000
51.010000 14 975
52.010000 0 822
52.010000 1 734
52.010000 2 868
52.010000 3 906
52.010000 4 895
52.010000 5 898
52.010000 6 903
52.010000 7 731
52.010000 8 888
52.010000 9 905
52.010000 10 916
52.010000 11 923
52.010000 12 868
52.010000 13 819
52.010000 14 822
53.010000 0 815
53.010000 1 739
53.010000 2 909
53.010000 3 916
53.010000 4 900
53.010000 5 914
53.010000 6 909
53.010000 7 735
53.010000 8 930
53.010000 9 912
53.010000 10 895
53.010000 11 906
53.010000 12 909
53.010000 13 824
53.010000 14 815
54.010000 0 901
54.010000 1 801
54.010000 2 976
54.010000 3 977
54.010000 4 961
54.010000 5 973
54.010000 6 953
54.010000 7 760
54.010000 8 977
54.010000 9 969
54.010000 10 956
54.010000 11 971
54.010000 12 976
54.010000 13 873
54.010000 14 901
55.010000 0 758
55.010000 1 669
55.010000 2 864
55.010000 3 876
55.010000 4 844
55.010000 5 857
55.010000 6 858
55.010000 7 678
55.010000 8 860
55.010000 9 873
55.010000 10 844
55.010000 11 859
55.010000 12 864
55.010000 13 780
55.010000 14 758
56.010000 0 754
56.010000 1 667
56.010000 2 873
56.010000 3 862
56.010000 4 847
56.010000 5 860
56.010000 6 869
56.010000 7 665
56.010000 8 860
56.010000 9 862
56.010000 10 848
56.010000 11 865
56.010000 12 873
56.010000 13 788
56.010000 14 754
57.010000 0 873
57.010000 1 773
57.010000 2 975
57.010000 3 960
57.010000 4 956
57.010000 5 972
57.010000 6 949
57.010000 7 791
57.010000 8 976
57.010000 9 961
57.010000 10 954
57.010000 11 982
57.010000 12 975
57.010000 13 890
57.010000 14 873
58.010000 0 851
58.010000 1 788
58.010000 2 948
58.010000 3 947
58.010000 4 926
58.010000 5 938
58.010000 6 942
58.010000 7 744
58.010000 8 949
58.010000 9 931
58.010000 10 915
58.010000 11 930
58.010000 12 948
58.010000 13 843
58.010000 14 851
59.010000 0 856
59.010000 1 749
59.010000 2 962
59.010000 3 966
59.010000 4 944
59.010000 5 970
59.010000 6 942
59.010000 7 741
59.010000 8 960
59.010000 9 943
59.010000 10 940
59.010000 11 957
59.010000 12 962
59.010000 13 866
59.010000 14 856
60.010000 0 840
60.010000 1 748
60.010000 2 935
60.010000 3 931
60.010000 4 926
60.010000 5 927
60.010000 6 929
60.010000 7 742
60.010000 8 935
60.010000 9 924
60.010000 10 931
60.010000 11 935
60.010000 12 935
60.010000 13 841
60.010000 14 840
61.010000 0 819
61.010000 1 736
61.010000 2 933
61.010000 3 938
61.010000 4 922
61.010000 5 920
61.010000 6 933
61.010000 7 743
61.010000 8 926
61.010000 9 938
61.010000 10 914
61.010000 11 930
61.010000 12 933
61.010000 13 844
61.010000 14 819
62.010000 0 846
62.010000 1 753
62.010000 2 961
62.010000 3 952
62.010000 4 938
62.010000 5 945
62.010000 6 945
62.010000 7 747
62.010000 8 956
62.010000 9 945
62.010000 10 937
62.010000 11 949
62.010000 12 961
62.010000 13 850
62.010000 14 846
63.010000 0 771
63.010000 1 703
63.010000 2 882
63.010000 3 877
63.010000 4 861
63.010000 5 880
63.010000 6 866
63.010000 7 687
63.010000 8 874
63.010000 9 868
63.010000 10 861
63.010000 11 876
63.010000 12 882
63.010000 13 782
63.010000 14 771
64.010000 0 915
64.010000 1 827
64.010000 2 999
64.010000 3 1017
64.010000 4 996
64.010000 5 986
64.010000 6 1004
64.010000 7 823
64.010000 8 998
64.010000 9 1004
64.010000 10 993
64.010000 11 1017
64.010000 12 999
64.010000 13 913
64.010000 14 915
65.010000 0 784
65.010000 1 727
65.010000 2 911
65.010000 3 917
65.010000 4 902
65.010000 5 904
65.010000 6 904
65.010000 7 730
65.010000 8 920
65.010000 9 902
65.010000 10 893
65.010000 11 915
65.010000 12 911
65.010000 13 823
65.010000 14 784
66.010000 0 884
66.010000 1 805
66.010000 2 1006
66.010000 3 1008
66.010000 4 987
66.010000 5 998
66.010000 6 997
66.010000 7 793
66.010000 8 1003
66.010000 9 995
66.010000 10 983
66.010000 11 1001
66.010000 12 1006
66.010000 13 900
66.010000 14 884
67.010000 0 818
67.010000 1 735
67.010000 2 925
67.010000 3 922
67.010000 4 905
67.010000 5 913
67.010000 6 907
67.010000 7 728
67.010000 8 921
67.010000 9 910
67.010000 10 902
67.010000 11 914
67.010000 12 925
67.010000 13 828
67.010000 14 818
68.010000 0 805
68.010000 1 715
68.010000 2 922
68.010000 3 922
68.010000 4 905
68.010000 5 914
68.010000 6 909
68.010000 7 740
68.010000 8 918
68.010000 9 908
68.010000 10 897
68.010000 11 916
68.010000 12 922
68.010000 13 821
68.010000 14 805
69.010000 0 682
69.010000 1 603
69.010000 2 778
69.010000 3 774
69.010000 4 780
69.010000 5 769
69.010000 6 762
69.010000 7 601
69.010000 8 775
69.010000 9 773
69.010000 10 759
69.010000 11 781
69.010000 12 778
69.010000 13 703
69.010000 14 682
70.010000 0 855
70.010000 1 766
70.010000 2 944
70.010000 3 950
70.010000 4 931
70.010000 5 938
70.010000 6 933
70.010000 7 740
70.010000 8 948
70.010000 9 932
70.010000 10 925
70.010000 11 940
70.010000 12 944
70.010000 13 838
70.010000 14 855
71.010000 0 889
71.010000 1 799
71.010000 2 1038
71.010000 3 1030
71.010000 4 1001
71.010000 5 1006
71.010000 6 1009
71.010000 7 794
71.010000 8 1016
71.010000 9 1017
71.010000 10 1001
71.010000 11 1015
71.010000 12 1038
71.010000 13 913
71.010000 14 889
72.010000 0 848
72.010000 1 797
72.010000 2 956
72.010000 3 976
72.010000 4 963
72.010000 5 954
72.010000 6 969
72.010000 7 790
72.010000 8 963
72.010000 9 988
72.010000 10 969
72.010000 11 973
72.010000 12 956
72.010000 13 902
72.010000 14 848
73.010000 0 844
73.010000 1 751
73.010000 2 919
73.010000 3 953
73.010000 4 939
73.010000 5 931
73.010000 6 928
73.010000 7 749
73.010000 8 936
73.010000 9 916
73.010000 10 930
73.010000 11 943
73.010000 12 919
73.010000 13 841
73.010000 14 844
74.010000 0 889
74.010000 1 796
74.010000 2 986
74.010000 3 988
74.010000 4 967
74.010000 5 973
74.010000 6 974
74.010000 7 792
74.010000 8 981
74.010000 9 974
74.010000 10 952
74.010000 11 990
74.010000 12 986
74.010000 13 894
74.010000 14 889
75.010000 0 850
75.010000 1 769
75.010000 2 976
75.010000 3 955
75.010000 4 937
75.010000 5 944
75.010000 6 948
75.010000 7 763
75.010000 8 955
75.010000 9 955
75.010000 10 943
75.010000 11 956
75.010000 12 976
75.010000 13 869
75.010000 14 850
76.010000 0 719
76.010000 1 637
76.010000 2 825
76.010000 3 810
76.010000 4 810
76.010000 5 803
76.010000 6 820
76.010000 7 635
76.010000 8 810
76.010000 9 807
76.010000 10 820
76.010000 11 817
76.010000 12 825
76.010000 13 719
76.010000 14 719
77.010000 0 805
77.010000 1 716
77.010000 2 932
77.010000 3 915
77.010000 4 904
77.010000 5 904
77.010000 6 909
77.010000 7 711
77.010000 8 915
77.010000 9 917
77.010000 10 923
77.010000 11 917
77.010000 12 932
77.010000 13 836
77.010000 14 805
78.010000 0 869
78.010000 1 770
78.010000 2 992
78.010000 3 979
78.010000 4 957
78.010000 5 959
78.010000 6 963
78.010000 7 749
78.010000 8 966
78.010000 9 968
78.010000 10 951
78.010000 11 967
78.010000 12 992
78.010000 13 874
78.010000 14 869
79.010000 0 948
79.010000 1 883
79.010000 2 991
79.010000 3 1053
79.010000 4 1036
79.010000 5 1055
79.010000 6 1023
79.010000 7 867
79.010000 8 1042
79.010000 9 1022
79.010000 10 1008
79.010000 11 1047
79.010000 12 991
79.010000 13 949
79.010000 14 948
80.010000 0 866
80.010000 1 795
80.010000 2 983
80.010000 3 978
80.010000 4 962
80.010000 5 960
80.010000 6 951
80.010000 7 784
80.010000 8 976
80.010000 9 965
80.010000 10 975
80.010000 11 975
80.010000 12 983
80.010000 13 878
80.010000 14 866
81.010000 0 794
81.010000 1 693
81.010000 2 903
81.010000 3 908
81.010000 4 882
81.010000 5 878
81.010000 6 888
81.010000 7 723
81.010000 8 896
81.010000 9 884
81.010000 10 893
81.010000 11 894
81.010000 12 903
81.010000 13 804
81.010000 14 794
82.010000 0 691
82.010000 1 643
82.010000 2 805
82.010000 3 799
82.010000 4 795
82.010000 5 804
82.010000 6 789
82.010000 7 617
82.010000 8 793
82.010000 9 792
82.010000 10 781
82.010000 11 797
82.010000 12 805
82.010000 13 710
82.010000 14 691
83.010000 0 910
83.010000 1 821
83.010000 2 1008
83.010000 3 1007
83.010000 4 988
83.010000 5 977
83.010000 6 1017
83.010000 7 822
83.010000 8 1008
83.010000 9 996
83.010000 10 988
83.010000 11 1018
83.010000 12 1008
83.010000 13 896
83.010000 14 910
84.010000 0 900
84.010000 1 803
84.010000 2 1008
84.010000 3 1003
84.010000 4 994
84.010000 5 990
84.010000 6 978
84.010000 7 818
84.010000 8 1010
84.010000 9 991
84.010000 10 985
84.010000 11 1012
84.010000 12 1008
84.010000 13 916
84.010000 14 900
85.010000 0 831
85.010000 1 766
85.010000 2 942
85.010000 3 953
85.010000 4 931
85.010000 5 956
85.010000 6 938
85.010000 7 767
85.010000 8 966
85.010000 9 940
85.010000 10 935
85.010000 11 944
85.010000 12 942
85.010000 13 855
85.010000 14 831
86.010000 0 909
86.010000 1 826
86.010000 2 1024
86.010000 3 1009
86.010000 4 1005
86.010000 5 1007
86.010000 6 1017
86.010000 7 821
86.010000 8 1022
86.010000 9 1014
86.010000 10 1023
86.010000 11 1020
86.010000 12 1024
86.010000 13 915
86.010000 14 909
87.010000 0 946
87.010000 1 867
87.010000 2 1024
87.010000 3 1032
87.010000 4 1014
87.010000 5 1015
87.010000 6 1025
87.010000 7 849
87.010000 8 1014
87.010000 9 1017
87.010000 10 990
87.010000 11 1027
87.010000 12 1024
87.010000 13 936
87.010000 14 946
88.010000 0 876
88.010000 1 774
88.010000 2 977
88.010000 3 975
88.010000 4 963
88.010000 5 957
88.010000 6 973
88.010000 7 779
88.010000 8 982
88.010000 9 967
88.010000 10 979
88.010000 11 981
88.010000 12 977
88.010000 13 877
88.010000 14 876
89.010000 0 860
89.010000 1 778
89.010000 2 953
89.010000 3 968
89.010000 4 940
89.010000 5 941
89.010000 6 936
89.010000 7 759
89.010000 8 955
89.010000 9 946
89.010000 10 935
89.010000 11 953
89.010000 12 953
89.010000 13 860
89.010000 14 860
90.010000 0 853
90.010000 1 779
90.010000 2 950
90.010000 3 964
90.010000 4 950
90.010000 5 951
90.010000 6 960
90.010000 7 797
90.010000 8 970
90.010000 9 947
90.010000 10 945
90.010000 11 962
90.010000 12 950
90.010000 13 876
90.010000 14 853
91.010000 0 887
91.010000 1 784
91.010000 2 981
91.010000 3 990
91.010000 4 973
91.010000 5 975
91.010000 6 974
91.010000 7 786
91.010000 8 990
91.010000 9 973
91.010000 10 979
91.010000 11 985
91.010000 12 981
91.010000 13 879
91.010000 14 887
92.010000 0 763
92.010000 1 696
92.010000 2 862
92.010000 3 870
92.010000 4 854
92.010000 5 846
92.010000 6 871
92.010000 7 687
92.010000 8 866
92.010000 9 853
92.010000 10 850
92.010000 11 873
92.010000 12 862
92.010000 13 777
92.010000 14 763
93.010000 0 828
93.010000 1 778
93.010000 2 950
93.010000 3 939
93.010000 4 923
93.010000 5 923
93.010000 6 934
93.010000 7 767
93.010000 8 936
93.010000 9 932
93.010000 10 922
93.010000 11 924
93.010000 12 950
93.010000 13 848
93.010000 14 828
94.010000 0 650
94.010000 1 598
94.010000 2 719
94.010000 3 749
94.010000 4 724
94.010000 5 740
94.010000 6 732
94.010000 7 616
94.010000 8 738
94.010000 9 738
94.010000 10 722
94.010000 11 749
94.010000 12 719
94.010000 13 681
94.010000 14 650
95.010000 0 664
95.010000 1 605
95.010000 2 716
95.010000 3 718
95.010000 4 704
95.010000 5 702
95.010000 6 712
95.010000 7 603
95.010000 8 719
95.010000 9 705
95.010000 10 700
95.010000 11 713
95.010000 12 716
95.010000 13 655
95.010000 14 664
96.010000 0 854
96.010000 1 786
96.010000 2 965
96.010000 3 961
96.010000 4 941
96.010000 5 938
96.010000 6 952
96.010000 7 778
96.010000 8 955
96.010000 9 962
96.010000 10 938
96.010000 11 939
96.010000 12 965
96.010000 13 851
96.010000 14 854
97.010000 0 878
97.010000 1 807
97.010000 2 977
97.010000 3 998
97.010000 4 984
97.010000 5 987
97.010000 6 984
97.010000 7 818
97.010000 8 992
97.010000 9 982
97.010000 10 980
97.010000 11 996
97.010000 12 977
97.010000 13 917
97.010000 14 878
98.010000 0 835
98.010000 1 753
98.010000 2 938
98.010000 3 932
98.010000 4 921
98.010000 5 917
98.010000 6 925
98.010000 7 741
98.010000 8 932
98.010000 9 919
98.010000 10 920
98.010000 11 935
98.010000 12 938
98.010000 13 816
98.010000 14 835
99.010000 0 890
99.010000 1 797
99.010000 2 982
99.010000 3 996
99.010000 4 975
99.010000 5 979
99.010000 6 984
99.010000 7 790
99.010000 8 974
99.010000 9 981
99.010000 10 983
99.010000 11 988
99.010000 12 982
99.010000 13 885
99.010000 14 890
100.010000 0 855
100.010000 1 768
100.010000 2 938
100.010000 3 961
100.010000 4 926
100.010000 5 931
100.010000 6 955
100.010000 7 752
100.010000 8 933
100.010000 9 931
100.010000 10 902
100.010000 11 940
100.010000 12 938
100.010000 13 836
100.010000 14 855
101.010000 0 766
101.010000 1 671
101.010000 2 888
101.010000 3 874
101.010000 4 869
101.010000 5 869
101.010000 6 872
101.010000 7 687
101.010000 8 885
101.010000 9 882
101.010000 10 866
101.010000 11 881
101.010000 12 888
101.010000 13 802
101.010000 14 766
102.010000 0 771
102.010000 1 687
102.010000 2 876
102.010000 3 875
102.010000 4 875
102.010000 5 876
102.010000 6 864
102.010000 7 678
102.010000 8 875
102.010000 9 867
102.010000 10 877
102.010000 11 874
102.010000 12 876
102.010000 13 769
102.010000 14 771
103.010000 0 813
103.010000 1 729
103.010000 2 916
103.010000 3 926
103.010000 4 920
103.010000 5 907
103.010000 6 918
103.010000 7 766
103.010000 8 934
103.010000 9 913
103.010000 10 905
103.010000 11 926
103.010000 12 916
103.010000 13 815
103.010000 14 813
104.010000 0 910
104.010000 1 818
104.010000 2 1003
104.010000 3 1012
104.010000 4 1001
104.010000 5 995
104.010000 6 1004
104.010000 7 794
104.010000 8 1005
104.010000 9 1015
104.010000 10 989
104.010000 11 1010
104.010000 12 1003
104.010000 13 900
104.010000 14 910
105.010000 0 839
105.010000 1 751
105.010000 2 939
105.010000 3 941
105.010000 4 936
105.010000 5 929
105.010000 6 933
105.010000 7 749
105.010000 8 951
105.010000 9 932
105.010000 10 925
105.010000 11 945
105.010000 12 939
105.010000 13 846
105.010000 14 839
106.010000 0 806
106.010000 1 733
106.010000 2 912
106.010000 3 920
106.010000 4 916
106.010000 5 905
106.010000 6 909
106.010000 7 745
106.010000 8 931
106.010000 9 907
106.010000 10 899
106.010000 11 925
106.010000 12 912
106.010000 13 832
106.010000 14 806
107.010000 0 848
107.010000 1 749
107.010000 2 940
107.010000 3 939
107.010000 4 932
107.010000 5 939
107.010000 6 939
107.010000 7 750
107.010000 8 931
107.010000 9 936
107.010000 10 926
107.010000 11 941
107.010000 12 940
107.010000 13 846
107.010000 14 848
108.010000 0 799
108.010000 1 710
108.010000 2 893
108.010000 3 901
108.010000 4 892
108.010000 5 885
108.010000 6 893
108.010000 7 722
108.010000 8 915
108.010000 9 888
108.010000 10 883
108.010000 11 903
108.010000 12 893
108.010000 13 804
108.010000 14 799
109.010000 0 731
109.010000 1 694
109.010000 2 836
109.010000 3 852
109.010000 4 844
109.010000 5 833
109.010000 6 844
109.010000 7 729
109.010000 8 849
109.010000 9 837
109.010000 10 803
109.010000 11 850
109.010000 12 836
109.010000 13 774
109.010000 14 731
110.010000 0 397
110.010000 1 397
110.010000 2 405
110.010000 3 409
110.010000 4 403
110.010000 5 387
110.010000 6 401
110.010000 7 394
110.010000 8 413
110.010000 9 404
110.010000 10 412
110.010000 11 412
110.010000 12 405
110.010000 13 398
110.010000 14 397
111.010000 0 461
111.010000 1 468
111.010000 2 475
111.010000 3 480
111.010000 4 468
111.010000 5 477
111.010000 6 471
111.010000 7 463
111.010000 8 466
111.010000 9 472
111.010000 10 437
111.010000 11 478
111.010000 12 475
111.010000 13 468
111.010000 14 461
112.010000 0 418
112.010000 1 411
112.010000 2 420
112.010000 3 425
112.010000 4 416
112.010000 5 409
112.010000 6 416
112.010000 7 405
112.010000 8 425
112.010000 9 414
112.010000 10 404
112.010000 11 425
112.010000 12 420
112.010000 13 412
112.010000 14 418
113.010000 0 412
113.010000 1 408
113.010000 2 418
113.010000 3 420
113.010000 4 415
113.010000 5 393
113.010000 6 411
113.010000 7 406
113.010000 8 424
113.010000 9 414
113.010000 10 422
113.010000 11 423
113.010000 12 418
113.010000 13 410
113.010000 14 412
114.010000 0 420
114.010000 1 412
114.010000 2 419
114.010000 3 423
114.010000 4 415
114.010000 5 410
114.010000 6 414
114.010000 7 409
114.010000 8 423
114.010000 9 416
114.010000 10 403
114.010000 11 425
114.010000 12 419
114.010000 13 411
114.010000 14 420
115.010000 0 383
115.010000 1 370
115.010000 2 375
115.010000 3 382
115.010000 4 390
115.010000 5 370
115.010000 6 376
115.010000 7 366
115.010000 8 384
115.010000 9 372
115.010000 10 364
115.010000 11 382
115.010000 12 375
115.010000 13 370
115.010000 14 383
116.010000 0 515
116.010000 1 514
116.010000 2 529
116.010000 3 536
116.010000 4 507
116.010000 5 517
116.010000 6 525
116.010000 7 514
116.010000 8 531
116.010000 9 524
116.010000 10 485
116.010000 11 529
116.010000 12 529
116.010000 13 518
116.010000 14 515
117.010000 0 421
117.010000 1 397
117.010000 2 401
117.010000 3 424
117.010000 4 432
117.010000 5 420
117.010000 6 413
117.010000 7 411
117.010000 8 427
117.010000 9 413
117.010000 10 401
117.010000 11 427
117.010000 12 401
117.010000 13 413
117.010000 14 421
118.010000 0 329
118.010000 1 323
118.010000 2 344
118.010000 3 335
118.010000 4 329
118.010000 5 343
118.010000 6 330
118.010000 7 322
118.010000 8 347
118.010000 9 329
118.010000 10 315
118.010000 11 336
118.010000 12 344
118.010000 13 326
118.010000 14 329
119.010000 0 606
119.010000 1 565
119.010000 2 642
119.010000 3 577
119.010000 4 637
119.010000 5 640
119.010000 6 648
119.010000 7 636
119.010000 8 656
119.010000 9 646
119.010000 10 651
119.010000 11 653
119.010000 12 642
119.010000 13 603
119.010000 14 606
120.010000 0 812
120.010000 1 718
120.010000 2 901
120.010000 3 724
120.010000 4 895
120.010000 5 888
120.010000 6 889
120.010000 7 885
120.010000 8 904
120.010000 9 884
120.010000 10 881
120.010000 11 900
120.010000 12 901
120.010000 13 819
120.010000 14 812
121.010000 0 886
121.010000 1 785
121.010000 2 975
121.010000 3 801
121.010000 4 988
121.010000 5 964
121.010000 6 967
121.010000 7 961
121.010000 8 982
121.010000 9 962
121.010000 10 959
121.010000 11 982
121.010000 12 975
121.010000 13 860
121.010000 14 886
122.010000 0 758
122.010000 1 647
122.010000 2 847
122.010000 3 665
122.010000 4 832
122.010000 5 829
122.010000 6 841
122.010000 7 824
122.010000 8 837
122.010000 9 833
122.010000 10 820
122.010000 11 850
122.010000 12 847
122.010000 13 749
122.010000 14 758
123.010000 0 928
123.010000 1 823
123.010000 2 1021
123.010000 3 830
123.010000 4 1002
123.010000 5 1011
123.010000 6 1023
123.010000 7 1010
123.010000 8 1017
123.010000 9 1022
123.010000 10 1021
123.010000 11 1037
123.010000 12 1021
123.010000 13 915
123.010000 14 928
124.010000 0 866
124.010000 1 766
124.010000 2 939
124.010000 3 783
124.010000 4 939
124.010000 5 920
124.010000 6 939
124.010000 7 911
124.010000 8 944
124.010000 9 933
124.010000 10 926
124.010000 11 935
124.010000 12 939
124.010000 13 851
124.010000 14 866
125.010000 0 846
125.010000 1 776
125.010000 2 947
125.010000 3 777
125.010000 4 945
125.010000 5 932
125.010000 6 940
125.010000 7 923
125.010000 8 943
125.010000 9 941
125.010000 10 936
125.010000 11 938
125.010000 12 947
125.010000 13 868
125.010000 14 846
126.010000 0 797
126.010000 1 703
126.010000 2 870
126.010000 3 718
126.010000 4 888
126.010000 5 867
126.010000 6 878
126.010000 7 891
126.010000 8 905
126.010000 9 875
126.010000 10 864
126.010000 11 890
126.010000 12 870
126.010000 13 786
126.010000 14 797
127.010000 0 835
127.010000 1 742
127.010000 2 948
127.010000 3 749
127.010000 4 952
127.010000 5 928
127.010000 6 938
127.010000 7 928
127.010000 8 931
127.010000 9 939
127.010000 10 927
127.010000 11 937
127.010000 12 948
127.010000 13 838
127.010000 14 835
128.010000 0 882
128.010000 1 798
128.010000 2 973
128.010000 3 808
128.010000 4 960
128.010000 5 955
128.010000 6 971
128.010000 7 962
128.010000 8 974
128.010000 9 971
128.010000 10 953
128.010000 11 973
128.010000 12 973
128.010000 13 880
128.010000 14 882
129.010000 0 787
129.010000 1 690
129.010000 2 876
129.010000 3 700
129.010000 4 878
129.010000 5 877
129.010000 6 873
129.010000 7 862
129.010000 8 878
129.010000 9 872
129.010000 10 863
129.010000 11 877
129.010000 12 876
129.010000 13 791
129.010000 14 787
130.010000 0 764
130.010000 1 686
130.010000 2 856
130.010000 3 685
130.010000 4 863
130.010000 5 840
130.010000 6 848
130.010000 7 841
130.010000 8 872
130.010000 9 846
130.010000 10 844
130.010000 11 874
130.010000 12 856
130.010000 13 765
130.010000 14 764
131.010000 0 924
131.010000 1 828
131.010000 2 1007
131.010000 3 834
131.010000 4 1008
131.010000 5 986
131.010000 6 1008
131.010000 7 995
131.010000 8 1002
131.010000 9 1004
131.010000 10 990
131.010000 11 991
131.010000 12 1007
131.010000 13 915
131.010000 14 924
132.010000 0 840
132.010000 1 747
132.010000 2 949
132.010000 3 743
132.010000 4 937
132.010000 5 916
132.010000 6 931
132.010000 7 923
132.010000 8 934
132.010000 9 928
132.010000 10 938
132.010000 11 936
132.010000 12 949
132.010000 13 822
132.010000 14 840
133.010000 0 739
133.010000 1 648
133.010000 2 829
133.010000 3 657
133.010000 4 838
133.010000 5 833
133.010000 6 823
133.010000 7 819
133.010000 8 830
133.010000 9 825
133.010000 10 812
133.010000 11 829
133.010000 12 829
133.010000 13 754
133.010000 14 739
134.010000 0 873
134.010000 1 786
134.010000 2 965
134.010000 3 802
134.010000 4 965
134.010000 5 931
134.010000 6 959
134.010000 7 943
134.010000 8 962
134.010000 9 954
134.010000 10 947
134.010000 11 957
134.010000 12 965
134.010000 13 848
134.010000 14 873
135.010000 0 888
135.010000 1 807
135.010000 2 1003
135.010000 3 810
135.010000 4 1003
135.010000 5 981
135.010000 6 980
135.010000 7 986
135.010000 8 1006
135.010000 9 990
135.010000 10 988
135.010000 11 1002
135.010000 12 1003
135.010000 13 904
135.010000 14 888
136.010000 0 829
136.010000 1 733
136.010000 2 930
136.010000 3 750
136.010000 4 935
136.010000 5 925
136.010000 6 927
136.010000 7 921
136.010000 8 947
136.010000 9 924
136.010000 10 921
136.010000 11 947
136.010000 12 930
136.010000 13 831
136.010000 14 829
137.010000 0 764
137.010000 1 697
137.010000 2 861
137.010000 3 702
137.010000 4 864
137.010000 5 852
137.010000 6 861
137.010000 7 843
137.010000 8 869
137.010000 9 854
137.010000 10 848
137.010000 11 865
137.010000 12 861
137.010000 13 776
137.010000 14 764
138.010000 0 842
138.010000 1 774
138.010000 2 944
138.010000 3 772
138.010000 4 955
138.010000 5 937
138.010000 6 937
138.010000 7 937
138.010000 8 942
138.010000 9 947
138.010000 10 938
138.010000 11 951
138.010000 12 944
138.010000 13 872
138.010000 14 842
139.010000 0 849
139.010000 1 755
139.010000 2 938
139.010000 3 780
139.010000 4 935
139.010000 5 927
139.010000 6 937
139.010000 7 930
139.010000 8 954
139.010000 9 933
139.010000 10 921
139.010000 11 942
139.010000 12 938
139.010000 13 839
139.010000 14 849
140.010000 0 916
140.010000 1 809
140.010000 2 1005
140.010000 3 856
140.010000 4 981
140.010000 5 983
140.010000 6 996
140.010000 7 977
140.010000 8 999
140.010000 9 990
140.010000 10 956
140.010000 11 993
140.010000 12 1005
140.010000 13 875
140.010000 14 916
141.010000 0 809
141.010000 1 731
141.010000 2 911
141.010000 3 727
141.010000 4 913
141.010000 5 917
141.010000 6 913
141.010000 7 905
141.010000 8 915
141.010000 9 912
141.010000 10 916
141.010000 11 913
141.010000 12 911
141.010000 13 822
141.010000 14 809
142.010000 0 871
142.010000 1 759
142.010000 2 966
142.010000 3 786
142.010000 4 978
142.010000 5 961
142.010000 6 961
142.010000 7 945
142.010000 8 956
142.010000 9 957
142.010000 10 935
142.010000 11 965
142.010000 12 966
142.010000 13 852
142.010000 14 871
143.010000 0 804
143.010000 1 749
143.010000 2 907
143.010000 3 749
143.010000 4 917
143.010000 5 918
143.010000 6 920
143.010000 7 914
143.010000 8 939
143.010000 9 917
143.010000 10 921
143.010000 11 930
143.010000 12 907
143.010000 13 839
143.010000 14 804
144.010000 0 912
144.010000 1 786
144.010000 2 992
144.010000 3 829
144.010000 4 992
144.010000 5 972
144.010000 6 982
144.010000 7 953
144.010000 8 996
144.010000 9 985
144.010000 10 979
144.010000 11 983
144.010000 12 992
144.010000 13 891
144.010000 14 912
145.010000 0 755
145.010000 1 700
145.010000 2 884
145.010000 3 706
145.010000 4 888
145.010000 5 874
145.010000 6 876
145.010000 7 881
145.010000 8 898
145.010000 9 883
145.010000 10 881
145.010000 11 887
145.010000 12 884
145.010000 13 795
145.010000 14 755
146.010000 0 840
146.010000 1 739
146.010000 2 945
146.010000 3 745
146.010000 4 953
146.010000 5 950
146.010000 6 941
146.010000 7 954
146.010000 8 952
146.010000 9 939
146.010000 10 917
146.010000 11 948
146.010000 12 945
146.010000 13 841
146.010000 14 840
147.010000 0 798
147.010000 1 719
147.010000 2 902
147.010000 3 733
147.010000 4 901
147.010000 5 891
147.010000 6 896
147.010000 7 905
147.010000 8 907
147.010000 9 900
147.010000 10 887
147.010000 11 905
147.010000 12 902
147.010000 13 816
147.010000 14 798
148.010000 0 805
148.010000 1 726
148.010000 2 892
148.010000 3 732
148.010000 4 894
148.010000 5 882
148.010000 6 890
148.010000 7 876
148.010000 8 898
148.010000 9 887
148.010000 10 876
148.010000 11 892
148.010000 12 892
148.010000 13 802
148.010000 14 805
149.010000 0 845
149.010000 1 767
149.010000 2 967
149.010000 3 783
149.010000 4 970
149.010000 5 976
149.010000 6 964
149.010000 7 957
149.010000 8 974
149.010000 9 965
149.010000 10 950
149.010000 11 971
149.010000 12 967
149.010000 13 863
149.010000 14 845
