0.010000 0 2
0.010000 1 5
0.010000 2 5
0.010000 3 5
0.010000 4 4
0.010000 5 5
0.010000 6 5
0.010000 7 5
0.010000 8 5
0.010000 9 5
0.010000 10 5
0.010000 11 4
0.010000 12 5
0.010000 13 5
0.010000 14 3
0.010000 15 5
0.010000 16 5
0.010000 17 4
0.010000 18 3
0.010000 19 5
0.010000 20 5
1.010000 0 20
1.010000 1 20
1.010000 2 16
1.010000 3 20
1.010000 4 22
1.010000 5 18
1.010000 6 21
1.010000 7 21
1.010000 8 20
1.010000 9 21
1.010000 10 21
1.010000 11 22
1.010000 12 19
1.010000 13 21
1.010000 14 21
1.010000 15 16
1.010000 16 21
1.010000 17 19
1.010000 18 21
1.010000 19 19
1.010000 20 21
2.010000 0 15
2.010000 1 21
2.010000 2 19
2.010000 3 17
2.010000 4 19
2.010000 5 21
2.010000 6 20
2.010000 7 20
2.010000 8 20
2.010000 9 20
2.010000 10 20
2.010000 11 20
2.010000 12 20
2.010000 13 20
2.010000 14 18
2.010000 15 21
2.010000 16 20
2.010000 17 16
2.010000 18 19
2.010000 19 20
2.010000 20 20
3.010000 0 21
3.010000 1 22
3.010000 2 17
3.010000 3 23
3.010000 4 22
3.010000 5 19
3.010000 6 21
3.010000 7 22
3.010000 8 23
3.010000 9 22
3.010000 10 22
3.010000 11 22
3.010000 12 20
3.010000 13 21
3.010000 14 23
3.010000 15 17
3.010000 16 21
3.010000 17 23
3.010000 18 21
3.010000 19 20
3.010000 20 22
4.010000 0 15
4.010000 1 18
4.010000 2 14
4.010000 3 17
4.010000 4 18
4.010000 5 18
4.010000 6 19
4.010000 7 18
4.010000 8 18
4.010000 9 18
4.010000 10 18
4.010000 11 18
4.010000 12 17
4.010000 13 18
4.010000 14 16
4.010000 15 17
4.010000 16 19
4.010000 17 16
4.010000 18 18
4.010000 19 16
4.010000 20 18
5.010000 0 16
5.010000 1 17
5.010000 2 18
5.010000 3 17
5.010000 4 18
5.010000 5 18
5.010000 6 17
5.010000 7 17
5.010000 8 18
5.010000 9 18
5.010000 10 18
5.010000 11 18
5.010000 12 18
5.010000 13 19
5.010000 14 18
5.010000 15 18
5.010000 16 18
5.010000 17 16
5.010000 18 17
5.010000 19 19
5.010000 20 18
6.010000 0 19
6.010000 1 25
6.010000 2 21
6.010000 3 21
6.010000 4 25
6.010000 5 23
6.010000 6 24
6.010000 7 24
6.010000 8 23
6.010000 9 23
6.010000 10 24
6.010000 11 23
6.010000 12 23
6.010000 13 24
6.010000 14 22
6.010000 15 22
6.010000 16 24
6.010000 17 19
6.010000 18 22
6.010000 19 23
6.010000 20 24
7.010000 0 18
7.010000 1 19
7.010000 2 13
7.010000 3 20
7.010000 4 18
7.010000 5 16
7.010000 6 20
7.010000 7 19
7.010000 8 20
7.010000 9 20
7.010000 10 19
7.010000 11 20
7.010000 12 17
7.010000 13 18
7.010000 14 19
7.010000 15 14
7.010000 16 19
7.010000 17 20
7.010000 18 19
7.010000 19 16
7.010000 20 19
8.010000 0 16
8.010000 1 21
8.010000 2 21
8.010000 3 20
8.010000 4 22
8.010000 5 23
8.010000 6 22
8.010000 7 23
8.010000 8 22
8.010000 9 22
8.010000 10 21
8.010000 11 21
8.010000 12 21
8.010000 13 22
8.010000 14 20
8.010000 15 22
8.010000 16 22
8.010000 17 18
8.010000 18 19
8.010000 19 22
8.010000 20 22
9.010000 0 17
9.010000 1 18
9.010000 2 15
9.010000 3 18
9.010000 4 19
9.010000 5 15
9.010000 6 18
9.010000 7 17
9.010000 8 18
9.010000 9 18
9.010000 10 19
9.010000 11 18
9.010000 12 18
9.010000 13 19
9.010000 14 17
9.010000 15 15
9.010000 16 17
9.010000 17 17
9.010000 18 18
9.010000 19 18
9.010000 20 18
10.010000 0 14
10.010000 1 20
10.010000 2 17
10.010000 3 18
10.010000 4 19
10.010000 5 20
10.010000 6 19
10.010000 7 19
10.010000 8 19
10.010000 9 19
10.010000 10 18
10.010000 11 20
10.010000 12 18
10.010000 13 19
10.010000 14 17
10.010000 15 19
10.010000 16 20
10.010000 17 17
10.010000 18 17
10.010000 19 18
10.010000 20 18
11.010000 0 19
11.010000 1 19
11.010000 2 12
11.010000 3 18
11.010000 4 19
11.010000 5 17
11.010000 6 19
11.010000 7 20
11.010000 8 19
11.010000 9 19
11.010000 10 20
11.010000 11 19
11.010000 12 16
11.010000 13 19
11.010000 14 20
11.010000 15 15
11.010000 16 18
11.010000 17 18
11.010000 18 20
11.010000 19 16
11.010000 20 20
12.010000 0 17
12.010000 1 20
12.010000 2 20
12.010000 3 19
12.010000 4 20
12.010000 5 18
12.010000 6 20
12.010000 7 19
12.010000 8 19
12.010000 9 20
12.010000 10 20
12.010000 11 19
12.010000 12 21
12.010000 13 20
12.010000 14 19
12.010000 15 18
12.010000 16 21
12.010000 17 18
12.010000 18 19
12.010000 19 21
12.010000 20 20
13.010000 0 14
13.010000 1 21
13.010000 2 19
13.010000 3 18
13.010000 4 21
13.010000 5 21
13.010000 6 21
13.010000 7 22
13.010000 8 22
13.010000 9 21
13.010000 10 21
13.010000 11 22
13.010000 12 20
13.010000 13 21
13.010000 14 18
13.010000 15 20
13.010000 16 21
13.010000 17 16
13.010000 18 18
13.010000 19 20
13.010000 20 21
14.010000 0 21
14.010000 1 20
14.010000 2 13
14.010000 3 21
14.010000 4 20
14.010000 5 19
14.010000 6 20
14.010000 7 20
14.010000 8 19
14.010000 9 20
14.010000 10 20
14.010000 11 20
14.010000 12 17
14.010000 13 19
14.010000 14 21
14.010000 15 17
14.010000 16 20
14.010000 17 21
14.010000 18 21
14.010000 19 17
14.010000 20 20
15.010000 0 16
15.010000 1 19
15.010000 2 18
15.010000 3 18
15.010000 4 19
15.010000 5 19
15.010000 6 19
15.010000 7 18
15.010000 8 19
15.010000 9 19
15.010000 10 19
15.010000 11 19
15.010000 12 19
15.010000 13 20
15.010000 14 18
15.010000 15 18
15.010000 16 19
15.010000 17 17
15.010000 18 18
15.010000 19 18
15.010000 20 18
16.010000 0 526
16.010000 1 608
16.010000 2 458
16.010000 3 466
16.010000 4 608
16.010000 5 606
16.010000 6 608
16.010000 7 609
16.010000 8 609
16.010000 9 469
16.010000 10 608
16.010000 11 608
16.010000 12 605
16.010000 13 608
16.010000 14 530
16.010000 15 604
16.010000 16 536
16.010000 17 388
16.010000 18 530
16.010000 19 463
16.010000 20 609
17.010000 0 587
17.010000 1 682
17.010000 2 524
17.010000 3 510
17.010000 4 682
17.010000 5 681
17.010000 6 681
17.010000 7 681
17.010000 8 682
17.010000 9 521
17.010000 10 681
17.010000 11 682
17.010000 12 682
17.010000 13 681
17.010000 14 590
17.010000 15 681
17.010000 16 602
17.010000 17 418
17.010000 18 590
17.010000 19 526
17.010000 20 682
18.010000 0 532
18.010000 1 610
18.010000 2 462
18.010000 3 462
18.010000 4 611
18.010000 5 608
18.010000 6 612
18.010000 7 612
18.010000 8 611
18.010000 9 461
18.010000 10 612
18.010000 11 611
18.010000 12 610
18.010000 13 612
18.010000 14 533
18.010000 15 606
18.010000 16 539
18.010000 17 384
18.010000 18 533
18.010000 19 464
18.010000 20 611
19.010000 0 544
19.010000 1 624
19.010000 2 466
19.010000 3 475
19.010000 4 623
19.010000 5 624
19.010000 6 623
19.010000 7 622
19.010000 8 623
19.010000 9 473
19.010000 10 623
19.010000 11 623
19.010000 12 623
19.010000 13 623
19.010000 14 547
19.010000 15 624
19.010000 16 545
19.010000 17 399
19.010000 18 547
19.010000 19 467
19.010000 20 623
20.010000 0 608
20.010000 1 690
20.010000 2 517
20.010000 3 526
20.010000 4 690
20.010000 5 689
20.010000 6 690
20.010000 7 690
20.010000 8 690
20.010000 9 520
20.010000 10 689
20.010000 11 690
20.010000 12 689
20.010000 13 690
20.010000 14 610
20.010000 15 688
20.010000 16 604
20.010000 17 446
20.010000 18 610
20.010000 19 519
20.010000 20 689
21.010000 0 581
21.010000 1 674
21.010000 2 506
21.010000 3 508
21.010000 4 674
21.010000 5 671
21.010000 6 674
21.010000 7 675
21.010000 8 674
21.010000 9 516
21.010000 10 675
21.010000 11 674
21.010000 12 671
21.010000 13 674
21.010000 14 583
21.010000 15 669
21.010000 16 597
21.010000 17 417
21.010000 18 582
21.010000 19 510
21.010000 20 675
22.010000 0 551
22.010000 1 632
22.010000 2 479
22.010000 3 475
22.010000 4 632
22.010000 5 631
22.010000 6 632
22.010000 7 632
22.010000 8 632
22.010000 9 482
22.010000 10 632
22.010000 11 632
22.010000 12 632
22.010000 13 631
22.010000 14 552
22.010000 15 630
22.010000 16 555
22.010000 17 395
22.010000 18 553
22.010000 19 480
22.010000 20 632
23.010000 0 564
23.010000 1 653
23.010000 2 494
23.010000 3 490
23.010000 4 653
23.010000 5 652
23.010000 6 653
23.010000 7 653
23.010000 8 653
23.010000 9 497
23.010000 10 653
23.010000 11 653
23.010000 12 651
23.010000 13 654
23.010000 14 567
23.010000 15 651
23.010000 16 578
23.010000 17 404
23.010000 18 567
23.010000 19 497
23.010000 20 653
24.010000 0 582
24.010000 1 667
24.010000 2 505
24.010000 3 503
24.010000 4 667
24.010000 5 668
24.010000 6 667
24.010000 7 667
24.010000 8 667
24.010000 9 507
24.010000 10 666
24.010000 11 666
24.010000 12 668
24.010000 13 667
24.010000 14 585
24.010000 15 668
24.010000 16 585
24.010000 17 421
24.010000 18 584
24.010000 19 505
24.010000 20 667
25.010000 0 523
25.010000 1 601
25.010000 2 455
25.010000 3 450
25.010000 4 601
25.010000 5 600
25.010000 6 601
25.010000 7 601
25.010000 8 601
25.010000 9 454
25.010000 10 602
25.010000 11 602
25.010000 12 600
25.010000 13 601
25.010000 14 524
25.010000 15 599
25.010000 16 533
25.010000 17 373
25.010000 18 525
25.010000 19 457
25.010000 20 601
26.010000 0 574
26.010000 1 643
26.010000 2 473
26.010000 3 496
26.010000 4 643
26.010000 5 642
26.010000 6 643
26.010000 7 643
26.010000 8 643
26.010000 9 483
26.010000 10 643
26.010000 11 643
26.010000 12 640
26.010000 13 643
26.010000 14 575
26.010000 15 640
26.010000 16 560
26.010000 17 428
26.010000 18 575
26.010000 19 476
26.010000 20 643
27.010000 0 526
27.010000 1 609
27.010000 2 463
27.010000 3 462
27.010000 4 610
27.010000 5 609
27.010000 6 610
27.010000 7 610
27.010000 8 610
27.010000 9 470
27.010000 10 610
27.010000 11 610
27.010000 12 611
27.010000 13 610
27.010000 14 529
27.010000 15 609
27.010000 16 532
27.010000 17 382
27.010000 18 530
27.010000 19 464
27.010000 20 610
28.010000 0 594
28.010000 1 684
28.010000 2 519
28.010000 3 513
28.010000 4 684
28.010000 5 683
28.010000 6 684
28.010000 7 684
28.010000 8 684
28.010000 9 522
28.010000 10 684
28.010000 11 684
28.010000 12 683
28.010000 13 684
28.010000 14 597
28.010000 15 682
28.010000 16 601
28.010000 17 425
28.010000 18 595
28.010000 19 521
28.010000 20 684
29.010000 0 590
29.010000 1 677
29.010000 2 503
29.010000 3 514
29.010000 4 676
29.010000 5 675
29.010000 6 676
29.010000 7 676
29.010000 8 676
29.010000 9 514
29.010000 10 676
29.010000 11 676
29.010000 12 674
29.010000 13 676
29.010000 14 590
29.010000 15 673
29.010000 16 596
29.010000 17 428
29.010000 18 591
29.010000 19 505
29.010000 20 676
30.010000 0 573
30.010000 1 647
30.010000 2 483
30.010000 3 493
30.010000 4 646
30.010000 5 644
30.010000 6 647
30.010000 7 647
30.010000 8 647
30.010000 9 489
30.010000 10 647
30.010000 11 647
30.010000 12 645
30.010000 13 647
30.010000 14 575
30.010000 15 643
30.010000 16 565
30.010000 17 421
30.010000 18 575
30.010000 19 487
30.010000 20 647
31.010000 0 569
31.010000 1 655
31.010000 2 494
31.010000 3 492
31.010000 4 656
31.010000 5 654
31.010000 6 655
31.010000 7 655
31.010000 8 654
31.010000 9 503
31.010000 10 655
31.010000 11 655
31.010000 12 655
31.010000 13 655
31.010000 14 572
31.010000 15 653
31.010000 16 574
31.010000 17 409
31.010000 18 572
31.010000 19 495
31.010000 20 655
32.010000 0 601
32.010000 1 696
32.010000 2 529
32.010000 3 521
32.010000 4 695
32.010000 5 697
32.010000 6 696
32.010000 7 696
32.010000 8 697
32.010000 9 529
32.010000 10 696
32.010000 11 696
32.010000 12 694
32.010000 13 696
32.010000 14 603
32.010000 15 696
32.010000 16 616
32.010000 17 428
32.010000 18 603
32.010000 19 531
32.010000 20 696
33.010000 0 563
33.010000 1 635
33.010000 2 472
33.010000 3 489
33.010000 4 636
33.010000 5 634
33.010000 6 635
33.010000 7 635
33.010000 8 635
33.010000 9 476
33.010000 10 635
33.010000 11 635
33.010000 12 636
33.010000 13 635
33.010000 14 564
33.010000 15 634
33.010000 16 553
33.010000 17 418
33.010000 18 564
33.010000 19 473
33.010000 20 635
34.010000 0 589
34.010000 1 692
34.010000 2 530
34.010000 3 514
34.010000 4 692
34.010000 5 691
34.010000 6 692
34.010000 7 692
34.010000 8 692
34.010000 9 531
34.010000 10 692
34.010000 11 692
34.010000 12 691
34.010000 13 692
34.010000 14 593
34.010000 15 690
34.010000 16 616
34.010000 17 416
34.010000 18 593
34.010000 19 532
34.010000 20 692
35.010000 0 561
35.010000 1 633
35.010000 2 469
35.010000 3 486
35.010000 4 633
35.010000 5 632
35.010000 6 633
35.010000 7 633
35.010000 8 633
35.010000 9 481
35.010000 10 632
35.010000 11 633
35.010000 12 631
35.010000 13 633
35.010000 14 561
35.010000 15 630
35.010000 16 550
35.010000 17 413
35.010000 18 561
35.010000 19 471
35.010000 20 633
36.010000 0 562
36.010000 1 648
36.010000 2 490
36.010000 3 491
36.010000 4 648
36.010000 5 647
36.010000 6 648
36.010000 7 648
36.010000 8 648
36.010000 9 489
36.010000 10 649
36.010000 11 648
36.010000 12 648
36.010000 13 648
36.010000 14 566
36.010000 15 647
36.010000 16 571
36.010000 17 410
36.010000 18 566
36.010000 19 492
36.010000 20 648
37.010000 0 567
37.010000 1 642
37.010000 2 478
37.010000 3 490
37.010000 4 642
37.010000 5 640
37.010000 6 642
37.010000 7 642
37.010000 8 642
37.010000 9 486
37.010000 10 642
37.010000 11 642
37.010000 12 641
37.010000 13 641
37.010000 14 568
37.010000 15 639
37.010000 16 562
37.010000 17 415
37.010000 18 567
37.010000 19 481
37.010000 20 642
38.010000 0 563
38.010000 1 659
38.010000 2 500
38.010000 3 497
38.010000 4 659
38.010000 5 659
38.010000 6 659
38.010000 7 659
38.010000 8 659
38.010000 9 509
38.010000 10 659
38.010000 11 659
38.010000 12 658
38.010000 13 660
38.010000 14 566
38.010000 15 658
38.010000 16 578
38.010000 17 405
38.010000 18 567
38.010000 19 501
38.010000 20 659
39.010000 0 589
39.010000 1 667
39.010000 2 501
39.010000 3 505
39.010000 4 667
39.010000 5 666
39.010000 6 667
39.010000 7 667
39.010000 8 667
39.010000 9 497
39.010000 10 667
39.010000 11 666
39.010000 12 665
39.010000 13 667
39.010000 14 590
39.010000 15 664
39.010000 16 591
39.010000 17 428
39.010000 18 590
39.010000 19 503
39.010000 20 667
40.010000 0 534
40.010000 1 618
40.010000 2 467
40.010000 3 465
40.010000 4 618
40.010000 5 617
40.010000 6 618
40.010000 7 618
40.010000 8 618
40.010000 9 472
40.010000 10 618
40.010000 11 619
40.010000 12 617
40.010000 13 618
40.010000 14 536
40.010000 15 616
40.010000 16 546
40.010000 17 382
40.010000 18 535
40.010000 19 469
40.010000 20 618
41.010000 0 592
41.010000 1 673
41.010000 2 508
41.010000 3 506
41.010000 4 673
41.010000 5 672
41.010000 6 673
41.010000 7 673
41.010000 8 673
41.010000 9 506
41.010000 10 673
41.010000 11 673
41.010000 12 672
41.010000 13 673
41.010000 14 593
41.010000 15 671
41.010000 16 593
41.010000 17 426
41.010000 18 594
41.010000 19 510
41.010000 20 673
42.010000 0 569
42.010000 1 657
42.010000 2 497
42.010000 3 495
42.010000 4 657
42.010000 5 656
42.010000 6 657
42.010000 7 657
42.010000 8 657
42.010000 9 505
42.010000 10 657
42.010000 11 657
42.010000 12 657
42.010000 13 657
42.010000 14 573
42.010000 15 656
42.010000 16 574
42.010000 17 412
42.010000 18 573
42.010000 19 499
42.010000 20 657
43.010000 0 553
43.010000 1 636
43.010000 2 482
43.010000 3 477
43.010000 4 636
43.010000 5 633
43.010000 6 636
43.010000 7 636
43.010000 8 636
43.010000 9 483
43.010000 10 636
43.010000 11 636
43.010000 12 634
43.010000 13 636
43.010000 14 553
43.010000 15 631
43.010000 16 564
43.010000 17 393
43.010000 18 553
43.010000 19 485
43.010000 20 636
44.010000 0 601
44.010000 1 688
44.010000 2 519
44.010000 3 523
44.010000 4 687
44.010000 5 689
44.010000 6 688
44.010000 7 688
44.010000 8 687
44.010000 9 521
44.010000 10 688
44.010000 11 688
44.010000 12 688
44.010000 13 688
44.010000 14 604
44.010000 15 689
44.010000 16 602
44.010000 17 439
44.010000 18 604
44.010000 19 520
44.010000 20 687
45.010000 0 543
45.010000 1 624
45.010000 2 470
45.010000 3 474
45.010000 4 625
45.010000 5 623
45.010000 6 624
45.010000 7 624
45.010000 8 625
45.010000 9 470
45.010000 10 624
45.010000 11 624
45.010000 12 623
45.010000 13 624
45.010000 14 546
45.010000 15 622
45.010000 16 550
45.010000 17 396
45.010000 18 545
45.010000 19 472
45.010000 20 624
46.010000 0 572
46.010000 1 666
46.010000 2 507
46.010000 3 500
46.010000 4 666
46.010000 5 665
46.010000 6 665
46.010000 7 666
46.010000 8 666
46.010000 9 512
46.010000 10 666
46.010000 11 666
46.010000 12 665
46.010000 13 666
46.010000 14 574
46.010000 15 664
46.010000 16 586
46.010000 17 409
46.010000 18 575
46.010000 19 509
46.010000 20 667
47.010000 0 546
47.010000 1 612
47.010000 2 450
47.010000 3 472
47.010000 4 612
47.010000 5 611
47.010000 6 613
47.010000 7 612
47.010000 8 612
47.010000 9 458
47.010000 10 612
47.010000 11 612
47.010000 12 610
47.010000 13 611
47.010000 14 546
47.010000 15 609
47.010000 16 536
47.010000 17 405
47.010000 18 546
47.010000 19 452
47.010000 20 612
48.010000 0 552
48.010000 1 656
48.010000 2 512
48.010000 3 478
48.010000 4 656
48.010000 5 655
48.010000 6 656
48.010000 7 656
48.010000 8 656
48.010000 9 510
48.010000 10 656
48.010000 11 656
48.010000 12 656
48.010000 13 657
48.010000 14 556
48.010000 15 655
48.010000 16 584
48.010000 17 379
48.010000 18 556
48.010000 19 514
48.010000 20 655
49.010000 0 586
49.010000 1 659
49.010000 2 486
49.010000 3 508
49.010000 4 659
49.010000 5 658
49.010000 6 659
49.010000 7 659
49.010000 8 659
49.010000 9 497
49.010000 10 659
49.010000 11 658
49.010000 12 658
49.010000 13 659
49.010000 14 588
49.010000 15 657
49.010000 16 572
49.010000 17 437
49.010000 18 588
49.010000 19 488
49.010000 20 660
50.010000 0 581
50.010000 1 654
50.010000 2 480
50.010000 3 507
50.010000 4 654
50.010000 5 651
50.010000 6 654
50.010000 7 654
50.010000 8 654
50.010000 9 493
50.010000 10 654
50.010000 11 655
50.010000 12 651
50.010000 13 654
50.010000 14 582
50.010000 15 649
50.010000 16 569
50.010000 17 434
50.010000 18 581
50.010000 19 484
50.010000 20 654
51.010000 0 578
51.010000 1 663
51.010000 2 504
51.010000 3 498
51.010000 4 663
51.010000 5 664
51.010000 6 663
51.010000 7 663
51.010000 8 663
51.010000 9 498
51.010000 10 663
51.010000 11 663
51.010000 12 663
51.010000 13 663
51.010000 14 580
51.010000 15 663
51.010000 16 586
51.010000 17 415
51.010000 18 580
51.010000 19 504
51.010000 20 663
52.010000 0 584
52.010000 1 672
52.010000 2 512
52.010000 3 505
52.010000 4 672
52.010000 5 671
52.010000 6 673
52.010000 7 673
52.010000 8 673
52.010000 9 515
52.010000 10 673
52.010000 11 673
52.010000 12 672
52.010000 13 673
52.010000 14 585
52.010000 15 670
52.010000 16 591
52.010000 17 417
52.010000 18 586
52.010000 19 515
52.010000 20 673
53.010000 0 568
53.010000 1 651
53.010000 2 490
53.010000 3 493
53.010000 4 651
53.010000 5 650
53.010000 6 650
53.010000 7 650
53.010000 8 650
53.010000 9 491
53.010000 10 650
53.010000 11 650
53.010000 12 650
53.010000 13 650
53.010000 14 570
53.010000 15 650
53.010000 16 569
53.010000 17 413
53.010000 18 570
53.010000 19 491
53.010000 20 650
54.010000 0 565
54.010000 1 652
54.010000 2 493
54.010000 3 491
54.010000 4 652
54.010000 5 651
54.010000 6 652
54.010000 7 652
54.010000 8 652
54.010000 9 493
54.010000 10 652
54.010000 11 652
54.010000 12 649
54.010000 13 652
54.010000 14 567
54.010000 15 649
54.010000 16 579
54.010000 17 406
54.010000 18 567
54.010000 19 496
54.010000 20 652
55.010000 0 561
55.010000 1 653
55.010000 2 501
55.010000 3 490
55.010000 4 653
55.010000 5 652
55.010000 6 653
55.010000 7 653
55.010000 8 653
55.010000 9 497
55.010000 10 653
55.010000 11 653
55.010000 12 654
55.010000 13 652
55.010000 14 565
55.010000 15 652
55.010000 16 576
55.010000 17 403
55.010000 18 565
55.010000 19 502
55.010000 20 653
56.010000 0 590
56.010000 1 675
56.010000 2 507
56.010000 3 510
56.010000 4 675
56.010000 5 674
56.010000 6 675
56.010000 7 675
56.010000 8 675
56.010000 9 510
56.010000 10 675
56.010000 11 675
56.010000 12 674
56.010000 13 676
56.010000 14 592
56.010000 15 673
56.010000 16 595
56.010000 17 426
56.010000 18 591
56.010000 19 509
56.010000 20 675
57.010000 0 530
57.010000 1 611
57.010000 2 466
57.010000 3 461
57.010000 4 612
57.010000 5 611
57.010000 6 612
57.010000 7 611
57.010000 8 612
57.010000 9 464
57.010000 10 612
57.010000 11 611
57.010000 12 611
57.010000 13 612
57.010000 14 531
57.010000 15 610
57.010000 16 543
57.010000 17 380
57.010000 18 532
57.010000 19 468
57.010000 20 612
58.010000 0 587
58.010000 1 670
58.010000 2 498
58.010000 3 510
58.010000 4 669
58.010000 5 668
58.010000 6 669
58.010000 7 670
58.010000 8 669
58.010000 9 507
58.010000 10 669
58.010000 11 670
58.010000 12 667
58.010000 13 669
58.010000 14 589
58.010000 15 666
58.010000 16 584
58.010000 17 430
58.010000 18 589
58.010000 19 500
58.010000 20 669
59.010000 0 542
59.010000 1 624
59.010000 2 471
59.010000 3 476
59.010000 4 625
59.010000 5 624
59.010000 6 625
59.010000 7 625
59.010000 8 625
59.010000 9 478
59.010000 10 625
59.010000 11 625
59.010000 12 625
59.010000 13 625
59.010000 14 544
59.010000 15 624
59.010000 16 547
59.010000 17 396
59.010000 18 545
59.010000 19 473
59.010000 20 625
60.010000 0 561
60.010000 1 642
60.010000 2 487
60.010000 3 482
60.010000 4 641
60.010000 5 640
60.010000 6 641
60.010000 7 641
60.010000 8 641
60.010000 9 478
60.010000 10 641
60.010000 11 641
60.010000 12 640
60.010000 13 641
60.010000 14 562
60.010000 15 639
60.010000 16 569
60.010000 17 402
60.010000 18 561
60.010000 19 489
60.010000 20 641
61.010000 0 589
61.010000 1 675
61.010000 2 504
61.010000 3 517
61.010000 4 675
61.010000 5 674
61.010000 6 674
61.010000 7 675
61.010000 8 675
61.010000 9 519
61.010000 10 675
61.010000 11 675
61.010000 12 674
61.010000 13 675
61.010000 14 591
61.010000 15 673
61.010000 16 585
61.010000 17 433
61.010000 18 591
61.010000 19 506
61.010000 20 675
62.010000 0 571
62.010000 1 652
62.010000 2 489
62.010000 3 493
62.010000 4 652
62.010000 5 651
62.010000 6 653
62.010000 7 652
62.010000 8 652
62.010000 9 491
62.010000 10 652
62.010000 11 652
62.010000 12 650
62.010000 13 652
62.010000 14 573
62.010000 15 649
62.010000 16 576
62.010000 17 414
62.010000 18 573
62.010000 19 491
62.010000 20 652
63.010000 0 591
63.010000 1 689
63.010000 2 530
63.010000 3 511
63.010000 4 689
63.010000 5 688
63.010000 6 689
63.010000 7 689
63.010000 8 689
63.010000 9 526
63.010000 10 689
63.010000 11 689
63.010000 12 689
63.010000 13 689
63.010000 14 594
63.010000 15 688
63.010000 16 610
63.010000 17 416
63.010000 18 594
63.010000 19 532
63.010000 20 689
64.010000 0 544
64.010000 1 618
64.010000 2 456
64.010000 3 478
64.010000 4 618
64.010000 5 617
64.010000 6 618
64.010000 7 618
64.010000 8 618
64.010000 9 470
64.010000 10 618
64.010000 11 618
64.010000 12 616
64.010000 13 618
64.010000 14 545
64.010000 15 615
64.010000 16 538
64.010000 17 405
64.010000 18 545
64.010000 19 458
64.010000 20 618
65.010000 0 560
65.010000 1 657
65.010000 2 508
65.010000 3 487
65.010000 4 657
65.010000 5 656
65.010000 6 657
65.010000 7 657
65.010000 8 657
65.010000 9 503
65.010000 10 657
65.010000 11 657
65.010000 12 657
65.010000 13 656
65.010000 14 562
65.010000 15 656
65.010000 16 584
65.010000 17 392
65.010000 18 562
65.010000 19 510
65.010000 20 657
66.010000 0 583
66.010000 1 652
66.010000 2 480
66.010000 3 507
66.010000 4 653
66.010000 5 650
66.010000 6 653
66.010000 7 653
66.010000 8 652
66.010000 9 490
66.010000 10 653
66.010000 11 653
66.010000 12 651
66.010000 13 654
66.010000 14 585
66.010000 15 648
66.010000 16 567
66.010000 17 439
66.010000 18 585
66.010000 19 483
66.010000 20 653
67.010000 0 575
67.010000 1 671
67.010000 2 509
67.010000 3 500
67.010000 4 670
67.010000 5 671
67.010000 6 670
67.010000 7 670
67.010000 8 671
67.010000 9 514
67.010000 10 670
67.010000 11 670
67.010000 12 668
67.010000 13 670
67.010000 14 577
67.010000 15 670
67.010000 16 593
67.010000 17 407
67.010000 18 577
67.010000 19 511
67.010000 20 669
68.010000 0 560
68.010000 1 643
68.010000 2 485
68.010000 3 489
68.010000 4 643
68.010000 5 642
68.010000 6 643
68.010000 7 643
68.010000 8 643
68.010000 9 488
68.010000 10 643
68.010000 11 643
68.010000 12 644
68.010000 13 643
68.010000 14 564
68.010000 15 642
68.010000 16 561
68.010000 17 411
68.010000 18 564
68.010000 19 486
68.010000 20 644
69.010000 0 521
69.010000 1 598
69.010000 2 453
69.010000 3 450
69.010000 4 597
69.010000 5 595
69.010000 6 597
69.010000 7 598
69.010000 8 598
69.010000 9 455
69.010000 10 598
69.010000 11 598
69.010000 12 596
69.010000 13 598
69.010000 14 521
69.010000 15 593
69.010000 16 530
69.010000 17 372
69.010000 18 521
69.010000 19 456
69.010000 20 598
70.010000 0 591
70.010000 1 677
70.010000 2 509
70.010000 3 513
70.010000 4 678
70.010000 5 678
70.010000 6 678
70.010000 7 677
70.010000 8 677
70.010000 9 511
70.010000 10 677
70.010000 11 677
70.010000 12 676
70.010000 13 676
70.010000 14 593
70.010000 15 677
70.010000 16 595
70.010000 17 429
70.010000 18 593
70.010000 19 510
70.010000 20 677
71.010000 0 575
71.010000 1 653
71.010000 2 486
71.010000 3 501
71.010000 4 652
71.010000 5 651
71.010000 6 653
71.010000 7 653
71.010000 8 652
71.010000 9 492
71.010000 10 653
71.010000 11 653
71.010000 12 652
71.010000 13 654
71.010000 14 577
71.010000 15 650
71.010000 16 573
71.010000 17 426
71.010000 18 578
71.010000 19 488
71.010000 20 653
72.010000 0 528
72.010000 1 610
72.010000 2 465
72.010000 3 455
72.010000 4 611
72.010000 5 610
72.010000 6 610
72.010000 7 610
72.010000 8 611
72.010000 9 464
72.010000 10 610
72.010000 11 610
72.010000 12 609
72.010000 13 610
72.010000 14 530
72.010000 15 609
72.010000 16 538
72.010000 17 375
72.010000 18 530
72.010000 19 467
72.010000 20 610
73.010000 0 601
73.010000 1 704
73.010000 2 541
73.010000 3 520
73.010000 4 704
73.010000 5 703
73.010000 6 704
73.010000 7 704
73.010000 8 704
73.010000 9 542
73.010000 10 704
73.010000 11 704
73.010000 12 704
73.010000 13 704
73.010000 14 605
73.010000 15 703
73.010000 16 624
73.010000 17 421
73.010000 18 604
73.010000 19 543
73.010000 20 704
74.010000 0 554
74.010000 1 618
74.010000 2 459
74.010000 3 474
74.010000 4 618
74.010000 5 617
74.010000 6 618
74.010000 7 618
74.010000 8 618
74.010000 9 463
74.010000 10 618
74.010000 11 618
74.010000 12 617
74.010000 13 618
74.010000 14 555
74.010000 15 616
74.010000 16 535
74.010000 17 411
74.010000 18 556
74.010000 19 461
74.010000 20 618
75.010000 0 579
75.010000 1 664
75.010000 2 499
75.010000 3 503
75.010000 4 664
75.010000 5 663
75.010000 6 664
75.010000 7 664
75.010000 8 663
75.010000 9 502
75.010000 10 663
75.010000 11 664
75.010000 12 662
75.010000 13 664
75.010000 14 580
75.010000 15 661
75.010000 16 589
75.010000 17 418
75.010000 18 579
75.010000 19 501
75.010000 20 664
76.010000 0 577
76.010000 1 658
76.010000 2 491
76.010000 3 504
76.010000 4 658
76.010000 5 657
76.010000 6 658
76.010000 7 658
76.010000 8 659
76.010000 9 500
76.010000 10 658
76.010000 11 658
76.010000 12 657
76.010000 13 657
76.010000 14 579
76.010000 15 656
76.010000 16 573
76.010000 17 425
76.010000 18 579
76.010000 19 493
76.010000 20 658
77.010000 0 527
77.010000 1 616
77.010000 2 480
77.010000 3 452
77.010000 4 616
77.010000 5 615
77.010000 6 616
77.010000 7 616
77.010000 8 616
77.010000 9 461
77.010000 10 617
77.010000 11 616
77.010000 12 616
77.010000 13 617
77.010000 14 530
77.010000 15 615
77.010000 16 554
77.010000 17 367
77.010000 18 531
77.010000 19 482
77.010000 20 616
78.010000 0 549
78.010000 1 618
78.010000 2 455
78.010000 3 480
78.010000 4 618
78.010000 5 617
78.010000 6 618
78.010000 7 618
78.010000 8 618
78.010000 9 463
78.010000 10 617
78.010000 11 618
78.010000 12 617
78.010000 13 618
78.010000 14 550
78.010000 15 616
78.010000 16 541
78.010000 17 411
78.010000 18 549
78.010000 19 457
78.010000 20 617
79.010000 0 585
79.010000 1 674
79.010000 2 506
79.010000 3 513
79.010000 4 675
79.010000 5 674
79.010000 6 675
79.010000 7 675
79.010000 8 675
79.010000 9 519
79.010000 10 676
79.010000 11 675
79.010000 12 674
79.010000 13 675
79.010000 14 588
79.010000 15 673
79.010000 16 588
79.010000 17 426
79.010000 18 588
79.010000 19 508
79.010000 20 676
80.010000 0 573
80.010000 1 656
80.010000 2 489
80.010000 3 499
80.010000 4 655
80.010000 5 653
80.010000 6 655
80.010000 7 655
80.010000 8 655
80.010000 9 507
80.010000 10 655
80.010000 11 654
80.010000 12 654
80.010000 13 655
80.010000 14 576
80.010000 15 652
80.010000 16 566
80.010000 17 420
80.010000 18 575
80.010000 19 491
80.010000 20 655
81.010000 0 572
81.010000 1 656
81.010000 2 502
81.010000 3 487
81.010000 4 656
81.010000 5 656
81.010000 6 656
81.010000 7 656
81.010000 8 656
81.010000 9 486
81.010000 10 656
81.010000 11 657
81.010000 12 655
81.010000 13 656
81.010000 14 572
81.010000 15 655
81.010000 16 589
81.010000 17 403
81.010000 18 573
81.010000 19 504
81.010000 20 656
82.010000 0 594
82.010000 1 699
82.010000 2 536
82.010000 3 519
82.010000 4 699
82.010000 5 698
82.010000 6 699
82.010000 7 699
82.010000 8 699
82.010000 9 540
82.010000 10 699
82.010000 11 699
82.010000 12 698
82.010000 13 699
82.010000 14 596
82.010000 15 697
82.010000 16 620
82.010000 17 416
82.010000 18 596
82.010000 19 538
82.010000 20 699
83.010000 0 615
83.010000 1 695
83.010000 2 516
83.010000 3 531
83.010000 4 695
83.010000 5 694
83.010000 6 695
83.010000 7 695
83.010000 8 695
83.010000 9 524
83.010000 10 695
83.010000 11 695
83.010000 12 694
83.010000 13 695
83.010000 14 618
83.010000 15 693
83.010000 16 606
83.010000 17 454
83.010000 18 618
83.010000 19 518
83.010000 20 695
84.010000 0 545
84.010000 1 618
84.010000 2 456
84.010000 3 479
84.010000 4 618
84.010000 5 616
84.010000 6 618
84.010000 7 617
84.010000 8 617
84.010000 9 469
84.010000 10 618
84.010000 11 618
84.010000 12 616
84.010000 13 618
84.010000 14 546
84.010000 15 614
84.010000 16 540
84.010000 17 407
84.010000 18 546
84.010000 19 458
84.010000 20 618
85.010000 0 564
85.010000 1 655
85.010000 2 501
85.010000 3 488
85.010000 4 655
85.010000 5 655
85.010000 6 655
85.010000 7 656
85.010000 8 656
85.010000 9 498
85.010000 10 655
85.010000 11 655
85.010000 12 655
85.010000 13 654
85.010000 14 568
85.010000 15 655
85.010000 16 579
85.010000 17 402
85.010000 18 568
85.010000 19 503
85.010000 20 655
86.010000 0 576
86.010000 1 656
86.010000 2 490
86.010000 3 498
86.010000 4 656
86.010000 5 655
86.010000 6 655
86.010000 7 656
86.010000 8 656
86.010000 9 499
86.010000 10 656
86.010000 11 656
86.010000 12 653
86.010000 13 657
86.010000 14 576
86.010000 15 653
86.010000 16 575
86.010000 17 417
86.010000 18 576
86.010000 19 493
86.010000 20 656
87.010000 0 558
87.010000 1 633
87.010000 2 478
87.010000 3 479
87.010000 4 633
87.010000 5 632
87.010000 6 634
87.010000 7 633
87.010000 8 633
87.010000 9 472
87.010000 10 632
87.010000 11 633
87.010000 12 634
87.010000 13 633
87.010000 14 560
87.010000 15 632
87.010000 16 558
87.010000 17 406
87.010000 18 560
87.010000 19 479
87.010000 20 633
88.010000 0 556
88.010000 1 644
88.010000 2 486
88.010000 3 488
88.010000 4 644
88.010000 5 643
88.010000 6 644
88.010000 7 644
88.010000 8 644
88.010000 9 492
88.010000 10 645
88.010000 11 644
88.010000 12 643
88.010000 13 644
88.010000 14 560
88.010000 15 642
88.010000 16 565
88.010000 17 405
88.010000 18 560
88.010000 19 488
88.010000 20 644
89.010000 0 570
89.010000 1 654
89.010000 2 494
89.010000 3 491
89.010000 4 654
89.010000 5 653
89.010000 6 654
89.010000 7 654
89.010000 8 654
89.010000 9 495
89.010000 10 654
89.010000 11 654
89.010000 12 651
89.010000 13 654
89.010000 14 570
89.010000 15 651
89.010000 16 580
89.010000 17 406
89.010000 18 570
89.010000 19 497
89.010000 20 654
90.010000 0 585
90.010000 1 673
90.010000 2 511
90.010000 3 505
90.010000 4 673
90.010000 5 672
90.010000 6 672
90.010000 7 673
90.010000 8 673
90.010000 9 515
90.010000 10 673
90.010000 11 673
90.010000 12 674
90.010000 13 673
90.010000 14 588
90.010000 15 672
90.010000 16 589
90.010000 17 420
90.010000 18 588
90.010000 19 512
90.010000 20 673
91.010000 0 533
91.010000 1 616
91.010000 2 463
91.010000 3 469
91.010000 4 616
91.010000 5 615
91.010000 6 617
91.010000 7 616
91.010000 8 616
91.010000 9 468
91.010000 10 616
91.010000 11 616
91.010000 12 614
91.010000 13 616
91.010000 14 536
91.010000 15 613
91.010000 16 543
91.010000 17 389
91.010000 18 535
91.010000 19 465
91.010000 20 616
92.010000 0 584
92.010000 1 657
92.010000 2 487
92.010000 3 504
92.010000 4 657
92.010000 5 656
92.010000 6 657
92.010000 7 657
92.010000 8 657
92.010000 9 496
92.010000 10 657
92.010000 11 657
92.010000 12 656
92.010000 13 657
92.010000 14 584
92.010000 15 655
92.010000 16 571
92.010000 17 431
92.010000 18 585
92.010000 19 489
92.010000 20 657
93.010000 0 567
93.010000 1 663
93.010000 2 509
93.010000 3 493
93.010000 4 663
93.010000 5 662
93.010000 6 663
93.010000 7 663
93.010000 8 663
93.010000 9 509
93.010000 10 663
93.010000 11 662
93.010000 12 663
93.010000 13 663
93.010000 14 571
93.010000 15 662
93.010000 16 587
93.010000 17 402
93.010000 18 571
93.010000 19 511
93.010000 20 663
94.010000 0 574
94.010000 1 638
94.010000 2 468
94.010000 3 495
94.010000 4 638
94.010000 5 637
94.010000 6 638
94.010000 7 638
94.010000 8 638
94.010000 9 473
94.010000 10 638
94.010000 11 639
94.010000 12 637
94.010000 13 638
94.010000 14 576
94.010000 15 636
94.010000 16 554
94.010000 17 433
94.010000 18 576
94.010000 19 470
94.010000 20 638
95.010000 0 571
95.010000 1 673
95.010000 2 528
95.010000 3 488
95.010000 4 673
95.010000 5 670
95.010000 6 673
95.010000 7 673
95.010000 8 672
95.010000 9 518
95.010000 10 673
95.010000 11 673
95.010000 12 672
95.010000 13 673
95.010000 14 571
95.010000 15 669
95.010000 16 604
95.010000 17 385
95.010000 18 571
95.010000 19 531
95.010000 20 672
96.010000 0 589
96.010000 1 667
96.010000 2 496
96.010000 3 512
96.010000 4 667
96.010000 5 668
96.010000 6 666
96.010000 7 667
96.010000 8 668
96.010000 9 498
96.010000 10 667
96.010000 11 667
96.010000 12 666
96.010000 13 667
96.010000 14 592
96.010000 15 667
96.010000 16 583
96.010000 17 437
96.010000 18 592
96.010000 19 497
96.010000 20 668
97.010000 0 525
97.010000 1 603
97.010000 2 450
97.010000 3 460
97.010000 4 603
97.010000 5 602
97.010000 6 604
97.010000 7 603
97.010000 8 603
97.010000 9 466
97.010000 10 603
97.010000 11 603
97.010000 12 602
97.010000 13 603
97.010000 14 527
97.010000 15 601
97.010000 16 523
97.010000 17 384
97.010000 18 527
97.010000 19 452
97.010000 20 603
98.010000 0 605
98.010000 1 695
98.010000 2 524
98.010000 3 524
98.010000 4 695
98.010000 5 694
98.010000 6 695
98.010000 7 695
98.010000 8 695
98.010000 9 523
98.010000 10 695
98.010000 11 695
98.010000 12 692
98.010000 13 695
98.010000 14 607
98.010000 15 692
98.010000 16 617
98.010000 17 436
98.010000 18 607
98.010000 19 527
98.010000 20 695
99.010000 0 572
99.010000 1 650
99.010000 2 481
99.010000 3 502
99.010000 4 650
99.010000 5 649
99.010000 6 650
99.010000 7 650
99.010000 8 650
99.010000 9 493
99.010000 10 650
99.010000 11 650
99.010000 12 649
99.010000 13 650
99.010000 14 573
99.010000 15 648
99.010000 16 566
99.010000 17 425
99.010000 18 573
99.010000 19 483
99.010000 20 650
100.010000 0 563
100.010000 1 651
100.010000 2 501
100.010000 3 486
100.010000 4 651
100.010000 5 650
100.010000 6 651
100.010000 7 650
100.010000 8 651
100.010000 9 495
100.010000 10 651
100.010000 11 650
100.010000 12 652
100.010000 13 650
100.010000 14 566
100.010000 15 650
100.010000 16 575
100.010000 17 401
100.010000 18 565
100.010000 19 502
100.010000 20 651
101.010000 0 547
101.010000 1 636
101.010000 2 485
101.010000 3 474
101.010000 4 636
101.010000 5 635
101.010000 6 636
101.010000 7 637
101.010000 8 636
101.010000 9 485
101.010000 10 636
101.010000 11 637
101.010000 12 635
101.010000 13 637
101.010000 14 550
101.010000 15 634
101.010000 16 562
101.010000 17 389
101.010000 18 551
101.010000 19 487
101.010000 20 636
102.010000 0 542
102.010000 1 611
102.010000 2 453
102.010000 3 468
102.010000 4 611
102.010000 5 610
102.010000 6 610
102.010000 7 611
102.010000 8 611
102.010000 9 458
102.010000 10 611
102.010000 11 611
102.010000 12 610
102.010000 13 611
102.010000 14 543
102.010000 15 609
102.010000 16 537
102.010000 17 399
102.010000 18 543
102.010000 19 455
102.010000 20 611
103.010000 0 552
103.010000 1 634
103.010000 2 479
103.010000 3 477
103.010000 4 634
103.010000 5 632
103.010000 6 635
103.010000 7 634
103.010000 8 634
103.010000 9 479
103.010000 10 634
103.010000 11 634
103.010000 12 632
103.010000 13 634
103.010000 14 553
103.010000 15 630
103.010000 16 563
103.010000 17 396
103.010000 18 553
103.010000 19 482
103.010000 20 633
104.010000 0 607
104.010000 1 686
104.010000 2 500
104.010000 3 535
104.010000 4 686
104.010000 5 686
104.010000 6 686
104.010000 7 686
104.010000 8 686
104.010000 9 526
104.010000 10 685
104.010000 11 686
104.010000 12 686
104.010000 13 686
104.010000 14 609
104.010000 15 686
104.010000 16 589
104.010000 17 458
104.010000 18 609
104.010000 19 501
104.010000 20 687
105.010000 0 574
105.010000 1 667
105.010000 2 509
105.010000 3 497
105.010000 4 667
105.010000 5 666
105.010000 6 667
105.010000 7 667
105.010000 8 667
105.010000 9 512
105.010000 10 668
105.010000 11 667
105.010000 12 666
105.010000 13 667
105.010000 14 578
105.010000 15 665
105.010000 16 588
105.010000 17 409
105.010000 18 578
105.010000 19 511
105.010000 20 666
106.010000 0 561
106.010000 1 647
106.010000 2 496
106.010000 3 479
106.010000 4 647
106.010000 5 646
106.010000 6 646
106.010000 7 647
106.010000 8 647
106.010000 9 492
106.010000 10 647
106.010000 11 647
106.010000 12 644
106.010000 13 647
106.010000 14 561
106.010000 15 644
106.010000 16 574
106.010000 17 392
106.010000 18 561
106.010000 19 499
106.010000 20 648
107.010000 0 589
107.010000 1 670
107.010000 2 497
107.010000 3 516
107.010000 4 670
107.010000 5 669
107.010000 6 671
107.010000 7 670
107.010000 8 670
107.010000 9 506
107.010000 10 670
107.010000 11 670
107.010000 12 671
107.010000 13 670
107.010000 14 593
107.010000 15 669
107.010000 16 583
107.010000 17 440
107.010000 18 593
107.010000 19 498
107.010000 20 670
108.010000 0 558
108.010000 1 640
108.010000 2 489
108.010000 3 475
108.010000 4 640
108.010000 5 639
108.010000 6 640
108.010000 7 640
108.010000 8 640
108.010000 9 481
108.010000 10 640
108.010000 11 640
108.010000 12 639
108.010000 13 640
108.010000 14 559
108.010000 15 638
108.010000 16 570
108.010000 17 394
108.010000 18 560
108.010000 19 491
108.010000 20 640
109.010000 0 601
109.010000 1 697
109.010000 2 530
109.010000 3 523
109.010000 4 697
109.010000 5 696
109.010000 6 697
109.010000 7 697
109.010000 8 697
109.010000 9 532
109.010000 10 697
109.010000 11 697
109.010000 12 696
109.010000 13 697
109.010000 14 603
109.010000 15 695
109.010000 16 615
109.010000 17 428
109.010000 18 602
109.010000 19 532
109.010000 20 697
110.010000 0 579
110.010000 1 656
110.010000 2 481
110.010000 3 508
110.010000 4 655
110.010000 5 655
110.010000 6 656
110.010000 7 656
110.010000 8 656
110.010000 9 499
110.010000 10 656
110.010000 11 656
110.010000 12 654
110.010000 13 656
110.010000 14 581
110.010000 15 653
110.010000 16 571
110.010000 17 433
110.010000 18 581
110.010000 19 483
110.010000 20 656
111.010000 0 579
111.010000 1 670
111.010000 2 511
111.010000 3 502
111.010000 4 671
111.010000 5 669
111.010000 6 670
111.010000 7 670
111.010000 8 670
111.010000 9 507
111.010000 10 670
111.010000 11 670
111.010000 12 670
111.010000 13 669
111.010000 14 581
111.010000 15 669
111.010000 16 595
111.010000 17 413
111.010000 18 580
111.010000 19 513
111.010000 20 670
112.010000 0 537
112.010000 1 621
112.010000 2 470
112.010000 3 468
112.010000 4 621
112.010000 5 620
112.010000 6 621
112.010000 7 621
112.010000 8 621
112.010000 9 475
112.010000 10 621
112.010000 11 620
112.010000 12 620
112.010000 13 621
112.010000 14 538
112.010000 15 619
112.010000 16 549
112.010000 17 386
112.010000 18 540
112.010000 19 472
112.010000 20 620
113.010000 0 537
113.010000 1 612
113.010000 2 455
113.010000 3 466
113.010000 4 612
113.010000 5 611
113.010000 6 612
113.010000 7 612
113.010000 8 612
113.010000 9 467
113.010000 10 612
113.010000 11 613
113.010000 12 611
113.010000 13 613
113.010000 14 539
113.010000 15 610
113.010000 16 533
113.010000 17 392
113.010000 18 538
113.010000 19 457
113.010000 20 613
114.010000 0 559
114.010000 1 633
114.010000 2 472
114.010000 3 484
114.010000 4 633
114.010000 5 632
114.010000 6 633
114.010000 7 633
114.010000 8 633
114.010000 9 475
114.010000 10 633
114.010000 11 633
114.010000 12 631
114.010000 13 633
114.010000 14 562
114.010000 15 630
114.010000 16 555
114.010000 17 413
114.010000 18 561
114.010000 19 474
114.010000 20 633
115.010000 0 593
115.010000 1 685
115.010000 2 516
115.010000 3 518
115.010000 4 685
115.010000 5 682
115.010000 6 685
115.010000 7 685
115.010000 8 685
115.010000 9 526
115.010000 10 685
115.010000 11 685
115.010000 12 684
115.010000 13 685
115.010000 14 594
115.010000 15 681
115.010000 16 601
115.010000 17 427
115.010000 18 595
115.010000 19 519
115.010000 20 685
116.010000 0 528
116.010000 1 604
116.010000 2 461
116.010000 3 453
116.010000 4 604
116.010000 5 603
116.010000 6 603
116.010000 7 604
116.010000 8 604
116.010000 9 453
116.010000 10 604
116.010000 11 604
116.010000 12 603
116.010000 13 604
116.010000 14 530
116.010000 15 602
116.010000 16 535
116.010000 17 379
116.010000 18 530
116.010000 19 463
116.010000 20 604
117.010000 0 581
117.010000 1 661
117.010000 2 495
117.010000 3 503
117.010000 4 661
117.010000 5 662
117.010000 6 662
117.010000 7 661
117.010000 8 660
117.010000 9 497
117.010000 10 661
117.010000 11 661
117.010000 12 660
117.010000 13 661
117.010000 14 583
117.010000 15 661
117.010000 16 580
117.010000 17 425
117.010000 18 583
117.010000 19 496
117.010000 20 661
118.010000 0 568
118.010000 1 658
118.010000 2 494
118.010000 3 500
118.010000 4 658
118.010000 5 657
118.010000 6 658
118.010000 7 658
118.010000 8 659
118.010000 9 509
118.010000 10 658
118.010000 11 658
118.010000 12 658
118.010000 13 658
118.010000 14 572
118.010000 15 657
118.010000 16 572
118.010000 17 415
118.010000 18 572
118.010000 19 496
118.010000 20 658
119.010000 0 537
119.010000 1 622
119.010000 2 479
119.010000 3 459
119.010000 4 622
119.010000 5 621
119.010000 6 622
119.010000 7 622
119.010000 8 622
119.010000 9 468
119.010000 10 622
119.010000 11 622
119.010000 12 621
119.010000 13 622
119.010000 14 539
119.010000 15 620
119.010000 16 558
119.010000 17 376
119.010000 18 539
119.010000 19 481
119.010000 20 622
120.010000 0 595
120.010000 1 662
120.010000 2 476
120.010000 3 522
120.010000 4 661
120.010000 5 660
120.010000 6 662
120.010000 7 661
120.010000 8 662
120.010000 9 513
120.010000 10 662
120.010000 11 662
120.010000 12 660
120.010000 13 662
120.010000 14 595
120.010000 15 658
120.010000 16 558
120.010000 17 454
120.010000 18 595
120.010000 19 479
120.010000 20 662
121.010000 0 603
121.010000 1 704
121.010000 2 543
121.010000 3 522
121.010000 4 706
121.010000 5 705
121.010000 6 705
121.010000 7 706
121.010000 8 705
121.010000 9 530
121.010000 10 705
121.010000 11 705
121.010000 12 705
121.010000 13 705
121.010000 14 606
121.010000 15 705
121.010000 16 633
121.010000 17 424
121.010000 18 607
121.010000 19 544
121.010000 20 705
122.010000 0 553
122.010000 1 636
122.010000 2 484
122.010000 3 473
122.010000 4 635
122.010000 5 634
122.010000 6 635
122.010000 7 635
122.010000 8 635
122.010000 9 477
122.010000 10 635
122.010000 11 635
122.010000 12 634
122.010000 13 635
122.010000 14 555
122.010000 15 633
122.010000 16 565
122.010000 17 392
122.010000 18 554
122.010000 19 486
122.010000 20 635
123.010000 0 599
123.010000 1 686
123.010000 2 521
123.010000 3 516
123.010000 4 686
123.010000 5 685
123.010000 6 686
123.010000 7 686
123.010000 8 686
123.010000 9 519
123.010000 10 686
123.010000 11 686
123.010000 12 685
123.010000 13 686
123.010000 14 600
123.010000 15 684
123.010000 16 603
123.010000 17 430
123.010000 18 600
123.010000 19 523
123.010000 20 686
124.010000 0 547
124.010000 1 625
124.010000 2 466
124.010000 3 476
124.010000 4 625
124.010000 5 624
124.010000 6 625
124.010000 7 625
124.010000 8 625
124.010000 9 475
124.010000 10 625
124.010000 11 625
124.010000 12 623
124.010000 13 625
124.010000 14 550
124.010000 15 623
124.010000 16 548
124.010000 17 401
124.010000 18 550
124.010000 19 469
124.010000 20 625
125.010000 0 593
125.010000 1 680
125.010000 2 513
125.010000 3 516
125.010000 4 679
125.010000 5 679
125.010000 6 679
125.010000 7 680
125.010000 8 680
125.010000 9 515
125.010000 10 680
125.010000 11 680
125.010000 12 679
125.010000 13 680
125.010000 14 595
125.010000 15 678
125.010000 16 598
125.010000 17 431
125.010000 18 595
125.010000 19 515
125.010000 20 680
126.010000 0 530
126.010000 1 623
126.010000 2 475
126.010000 3 465
126.010000 4 624
126.010000 5 622
126.010000 6 623
126.010000 7 623
126.010000 8 623
126.010000 9 483
126.010000 10 623
126.010000 11 623
126.010000 12 620
126.010000 13 623
126.010000 14 531
126.010000 15 620
126.010000 16 553
126.010000 17 373
126.010000 18 531
126.010000 19 478
126.010000 20 622
127.010000 0 583
127.010000 1 660
127.010000 2 496
127.010000 3 499
127.010000 4 660
127.010000 5 659
127.010000 6 661
127.010000 7 660
127.010000 8 660
127.010000 9 495
127.010000 10 660
127.010000 11 660
127.010000 12 661
127.010000 13 660
127.010000 14 586
127.010000 15 659
127.010000 16 577
127.010000 17 425
127.010000 18 586
127.010000 19 497
127.010000 20 661
128.010000 0 559
128.010000 1 634
128.010000 2 474
128.010000 3 482
128.010000 4 634
128.010000 5 632
128.010000 6 634
128.010000 7 634
128.010000 8 634
128.010000 9 478
128.010000 10 634
128.010000 11 634
128.010000 12 631
128.010000 13 634
128.010000 14 560
128.010000 15 630
128.010000 16 557
128.010000 17 408
128.010000 18 560
128.010000 19 478
128.010000 20 634
129.010000 0 573
129.010000 1 656
129.010000 2 493
129.010000 3 500
129.010000 4 655
129.010000 5 656
129.010000 6 656
129.010000 7 656
129.010000 8 656
129.010000 9 498
129.010000 10 656
129.010000 11 656
129.010000 12 657
129.010000 13 656
129.010000 14 576
129.010000 15 656
129.010000 16 573
129.010000 17 420
129.010000 18 576
129.010000 19 493
129.010000 20 656
130.010000 0 551
130.010000 1 626
130.010000 2 464
130.010000 3 481
130.010000 4 627
130.010000 5 625
130.010000 6 625
130.010000 7 626
130.010000 8 626
130.010000 9 476
130.010000 10 626
130.010000 11 626
130.010000 12 625
130.010000 13 626
130.010000 14 552
130.010000 15 624
130.010000 16 546
130.010000 17 407
130.010000 18 552
130.010000 19 466
130.010000 20 626
131.010000 0 611
131.010000 1 699
131.010000 2 521
131.010000 3 534
131.010000 4 699
131.010000 5 698
131.010000 6 700
131.010000 7 699
131.010000 8 699
131.010000 9 529
131.010000 10 699
131.010000 11 699
131.010000 12 697
131.010000 13 699
131.010000 14 615
131.010000 15 696
131.010000 16 612
131.010000 17 451
131.010000 18 615
131.010000 19 523
131.010000 20 699
132.010000 0 550
132.010000 1 643
132.010000 2 498
132.010000 3 473
132.010000 4 643
132.010000 5 642
132.010000 6 642
132.010000 7 643
132.010000 8 643
132.010000 9 493
132.010000 10 642
132.010000 11 643
132.010000 12 643
132.010000 13 643
132.010000 14 550
132.010000 15 642
132.010000 16 574
132.010000 17 379
132.010000 18 550
132.010000 19 500
132.010000 20 643
133.010000 0 576
133.010000 1 658
133.010000 2 495
133.010000 3 498
133.010000 4 658
133.010000 5 657
133.010000 6 659
133.010000 7 658
133.010000 8 658
133.010000 9 492
133.010000 10 659
133.010000 11 658
133.010000 12 656
133.010000 13 658
133.010000 14 579
133.010000 15 655
133.010000 16 582
133.010000 17 420
133.010000 18 579
133.010000 19 497
133.010000 20 658
134.010000 0 594
134.010000 1 668
134.010000 2 498
134.010000 3 508
134.010000 4 667
134.010000 5 667
134.010000 6 668
134.010000 7 668
134.010000 8 668
134.010000 9 502
134.010000 10 668
134.010000 11 668
134.010000 12 668
134.010000 13 668
134.010000 14 596
134.010000 15 667
134.010000 16 583
134.010000 17 435
134.010000 18 596
134.010000 19 500
134.010000 20 668
135.010000 0 569
135.010000 1 665
135.010000 2 504
135.010000 3 501
135.010000 4 666
135.010000 5 664
135.010000 6 665
135.010000 7 664
135.010000 8 665
135.010000 9 510
135.010000 10 665
135.010000 11 665
135.010000 12 664
135.010000 13 665
135.010000 14 572
135.010000 15 663
135.010000 16 589
135.010000 17 409
135.010000 18 572
135.010000 19 506
135.010000 20 665
136.010000 0 537
136.010000 1 615
136.010000 2 464
136.010000 3 463
136.010000 4 615
136.010000 5 613
136.010000 6 615
136.010000 7 616
136.010000 8 615
136.010000 9 467
136.010000 10 615
136.010000 11 615
136.010000 12 613
136.010000 13 615
136.010000 14 537
136.010000 15 611
136.010000 16 542
136.010000 17 384
136.010000 18 537
136.010000 19 467
136.010000 20 615
137.010000 0 501
137.010000 1 580
137.010000 2 442
137.010000 3 438
137.010000 4 580
137.010000 5 580
137.010000 6 580
137.010000 7 580
137.010000 8 580
137.010000 9 443
137.010000 10 579
137.010000 11 579
137.010000 12 580
137.010000 13 579
137.010000 14 504
137.010000 15 580
137.010000 16 512
137.010000 17 363
137.010000 18 505
137.010000 19 443
137.010000 20 579
138.010000 0 592
138.010000 1 666
138.010000 2 488
138.010000 3 512
138.010000 4 666
138.010000 5 664
138.010000 6 666
138.010000 7 666
138.010000 8 666
138.010000 9 506
138.010000 10 667
138.010000 11 667
138.010000 12 663
138.010000 13 667
138.010000 14 594
138.010000 15 662
138.010000 16 575
138.010000 17 439
138.010000 18 593
138.010000 19 492
138.010000 20 667
139.010000 0 557
139.010000 1 634
139.010000 2 475
139.010000 3 484
139.010000 4 633
139.010000 5 632
139.010000 6 634
139.010000 7 633
139.010000 8 634
139.010000 9 485
139.010000 10 634
139.010000 11 634
139.010000 12 634
139.010000 13 634
139.010000 14 558
139.010000 15 631
139.010000 16 552
139.010000 17 408
139.010000 18 558
139.010000 19 476
139.010000 20 634
140.010000 0 606
140.010000 1 697
140.010000 2 522
140.010000 3 530
140.010000 4 698
140.010000 5 698
140.010000 6 697
140.010000 7 698
140.010000 8 697
140.010000 9 526
140.010000 10 697
140.010000 11 697
140.010000 12 696
140.010000 13 697
140.010000 14 610
140.010000 15 697
140.010000 16 613
140.010000 17 444
140.010000 18 610
140.010000 19 523
140.010000 20 697
141.010000 0 585
141.010000 1 671
141.010000 2 512
141.010000 3 500
141.010000 4 671
141.010000 5 670
141.010000 6 671
141.010000 7 671
141.010000 8 671
141.010000 9 503
141.010000 10 671
141.010000 11 671
141.010000 12 670
141.010000 13 671
141.010000 14 585
141.010000 15 669
141.010000 16 599
141.010000 17 413
141.010000 18 585
141.010000 19 514
141.010000 20 670
