0.010000 0 0
0.010000 1 0
0.010000 2 0
0.010000 3 0
0.010000 4 0
0.010000 5 0
0.010000 6 0
0.010000 7 0
0.010000 8 0
0.010000 9 0
0.010000 10 0
0.010000 11 0
1.010000 0 0
1.010000 1 0
1.010000 2 0
1.010000 3 0
1.010000 4 0
1.010000 5 0
1.010000 6 0
1.010000 7 0
1.010000 8 0
1.010000 9 0
1.010000 10 0
1.010000 11 0
2.010000 0 0
2.010000 1 0
2.010000 2 0
2.010000 3 0
2.010000 4 0
2.010000 5 0
2.010000 6 0
2.010000 7 0
2.010000 8 0
2.010000 9 0
2.010000 10 0
2.010000 11 0
3.010000 0 0
3.010000 1 0
3.010000 2 0
3.010000 3 0
3.010000 4 0
3.010000 5 0
3.010000 6 0
3.010000 7 0
3.010000 8 0
3.010000 9 0
3.010000 10 0
3.010000 11 0
4.010000 0 0
4.010000 1 0
4.010000 2 0
4.010000 3 0
4.010000 4 0
4.010000 5 0
4.010000 6 0
4.010000 7 0
4.010000 8 0
4.010000 9 0
4.010000 10 0
4.010000 11 0
5.010000 0 0
5.010000 1 0
5.010000 2 0
5.010000 3 0
5.010000 4 0
5.010000 5 0
5.010000 6 0
5.010000 7 0
5.010000 8 0
5.010000 9 0
5.010000 10 0
5.010000 11 0
6.010000 0 0
6.010000 1 0
6.010000 2 0
6.010000 3 0
6.010000 4 0
6.010000 5 0
6.010000 6 0
6.010000 7 0
6.010000 8 0
6.010000 9 0
6.010000 10 0
6.010000 11 0
7.010000 0 0
7.010000 1 0
7.010000 2 0
7.010000 3 0
7.010000 4 0
7.010000 5 0
7.010000 6 0
7.010000 7 0
7.010000 8 0
7.010000 9 0
7.010000 10 0
7.010000 11 0
8.010000 0 0
8.010000 1 0
8.010000 2 0
8.010000 3 0
8.010000 4 0
8.010000 5 0
8.010000 6 0
8.010000 7 0
8.010000 8 0
8.010000 9 0
8.010000 10 0
8.010000 11 0
9.010000 0 0
9.010000 1 0
9.010000 2 0
9.010000 3 0
9.010000 4 0
9.010000 5 0
9.010000 6 0
9.010000 7 0
9.010000 8 0
9.010000 9 0
9.010000 10 0
9.010000 11 0
10.010000 0 0
10.010000 1 0
10.010000 2 0
10.010000 3 0
10.010000 4 0
10.010000 5 0
10.010000 6 0
10.010000 7 0
10.010000 8 0
10.010000 9 0
10.010000 10 0
10.010000 11 0
11.010000 0 0
11.010000 1 0
11.010000 2 0
11.010000 3 0
11.010000 4 0
11.010000 5 0
11.010000 6 0
11.010000 7 0
11.010000 8 0
11.010000 9 0
11.010000 10 0
11.010000 11 0
12.010000 0 0
12.010000 1 0
12.010000 2 0
12.010000 3 0
12.010000 4 0
12.010000 5 0
12.010000 6 0
12.010000 7 0
12.010000 8 0
12.010000 9 0
12.010000 10 0
12.010000 11 0
13.010000 0 0
13.010000 1 0
13.010000 2 0
13.010000 3 0
13.010000 4 0
13.010000 5 0
13.010000 6 0
13.010000 7 0
13.010000 8 0
13.010000 9 0
13.010000 10 0
13.010000 11 0
14.010000 0 0
14.010000 1 0
14.010000 2 0
14.010000 3 0
14.010000 4 0
14.010000 5 0
14.010000 6 0
14.010000 7 0
14.010000 8 0
14.010000 9 0
14.010000 10 0
14.010000 11 0
15.010000 0 0
15.010000 1 1
15.010000 2 1
15.010000 3 1
15.010000 4 1
15.010000 5 1
15.010000 6 1
15.010000 7 1
15.010000 8 1
15.010000 9 1
15.010000 10 1
15.010000 11 0
16.010000 0 531
16.010000 1 639
16.010000 2 634
16.010000 3 639
16.010000 4 435
16.010000 5 639
16.010000 6 635
16.010000 7 437
16.010000 8 635
16.010000 9 634
16.010000 10 536
16.010000 11 531
17.010000 0 509
17.010000 1 607
17.010000 2 607
17.010000 3 607
17.010000 4 411
17.010000 5 607
17.010000 6 607
17.010000 7 402
17.010000 8 607
17.010000 9 607
17.010000 10 499
17.010000 11 509
18.010000 0 556
18.010000 1 671
18.010000 2 671
18.010000 3 671
18.010000 4 438
18.010000 5 671
18.010000 6 671
18.010000 7 451
18.010000 8 671
18.010000 9 671
18.010000 10 568
18.010000 11 556
19.010000 0 522
19.010000 1 633
19.010000 2 633
19.010000 3 633
19.010000 4 420
19.010000 5 633
19.010000 6 633
19.010000 7 428
19.010000 8 633
19.010000 9 633
19.010000 10 529
19.010000 11 522
20.010000 0 534
20.010000 1 634
20.010000 2 634
20.010000 3 634
20.010000 4 430
20.010000 5 634
20.010000 6 634
20.010000 7 417
20.010000 8 634
20.010000 9 634
20.010000 10 521
20.010000 11 534
21.010000 0 542
21.010000 1 654
21.010000 2 654
21.010000 3 654
21.010000 4 435
21.010000 5 654
21.010000 6 654
21.010000 7 438
21.010000 8 654
21.010000 9 654
21.010000 10 547
21.010000 11 542
22.010000 0 582
22.010000 1 694
22.010000 2 694
22.010000 3 694
22.010000 4 468
22.010000 5 694
22.010000 6 694
22.010000 7 458
22.010000 8 694
22.010000 9 694
22.010000 10 574
22.010000 11 582
23.010000 0 552
23.010000 1 670
23.010000 2 670
23.010000 3 670
23.010000 4 438
23.010000 5 670
23.010000 6 670
23.010000 7 453
23.010000 8 670
23.010000 9 670
23.010000 10 567
23.010000 11 552
24.010000 0 552
24.010000 1 654
24.010000 2 654
24.010000 3 654
24.010000 4 450
24.010000 5 654
24.010000 6 654
24.010000 7 429
24.010000 8 654
24.010000 9 654
24.010000 10 531
24.010000 11 552
25.010000 0 542
25.010000 1 648
25.010000 2 648
25.010000 3 648
25.010000 4 429
25.010000 5 648
25.010000 6 648
25.010000 7 431
25.010000 8 648
25.010000 9 648
25.010000 10 542
25.010000 11 542
26.010000 0 562
26.010000 1 681
26.010000 2 681
26.010000 3 681
26.010000 4 453
26.010000 5 681
26.010000 6 681
26.010000 7 458
26.010000 8 681
26.010000 9 681
26.010000 10 570
26.010000 11 562
27.010000 0 568
27.010000 1 680
27.010000 2 680
27.010000 3 680
27.010000 4 456
27.010000 5 680
27.010000 6 680
27.010000 7 452
27.010000 8 680
27.010000 9 680
27.010000 10 564
27.010000 11 568
28.010000 0 528
28.010000 1 630
28.010000 2 630
28.010000 3 630
28.010000 4 422
28.010000 5 630
28.010000 6 630
28.010000 7 417
28.010000 8 630
28.010000 9 630
28.010000 10 523
28.010000 11 528
29.010000 0 559
29.010000 1 673
29.010000 2 673
29.010000 3 673
29.010000 4 443
29.010000 5 673
29.010000 6 673
29.010000 7 451
29.010000 8 673
29.010000 9 673
29.010000 10 566
29.010000 11 559
30.010000 0 547
30.010000 1 657
30.010000 2 657
30.010000 3 657
30.010000 4 443
30.010000 5 657
30.010000 6 657
30.010000 7 439
30.010000 8 657
30.010000 9 657
30.010000 10 542
30.010000 11 547
31.010000 0 535
31.010000 1 647
31.010000 2 647
31.010000 3 647
31.010000 4 427
31.010000 5 647
31.010000 6 647
31.010000 7 435
31.010000 8 647
31.010000 9 647
31.010000 10 544
31.010000 11 535
32.010000 0 548
32.010000 1 646
32.010000 2 646
32.010000 3 646
32.010000 4 441
32.010000 5 646
32.010000 6 646
32.010000 7 421
32.010000 8 646
32.010000 9 646
32.010000 10 528
32.010000 11 548
33.010000 0 587
33.010000 1 710
33.010000 2 710
33.010000 3 710
33.010000 4 476
33.010000 5 710
33.010000 6 710
33.010000 7 475
33.010000 8 710
33.010000 9 710
33.010000 10 592
33.010000 11 587
34.010000 0 520
34.010000 1 622
34.010000 2 622
34.010000 3 622
34.010000 4 418
34.010000 5 622
34.010000 6 622
34.010000 7 413
34.010000 8 622
34.010000 9 622
34.010000 10 515
34.010000 11 520
35.010000 0 555
35.010000 1 661
35.010000 2 661
35.010000 3 661
35.010000 4 442
35.010000 5 661
35.010000 6 661
35.010000 7 437
35.010000 8 661
35.010000 9 661
35.010000 10 549
35.010000 11 555
36.010000 0 537
36.010000 1 655
36.010000 2 655
36.010000 3 655
36.010000 4 427
36.010000 5 655
36.010000 6 655
36.010000 7 445
36.010000 8 655
36.010000 9 655
36.010000 10 556
36.010000 11 537
37.010000 0 564
37.010000 1 668
37.010000 2 668
37.010000 3 668
37.010000 4 454
37.010000 5 668
37.010000 6 668
37.010000 7 439
37.010000 8 668
37.010000 9 668
37.010000 10 547
37.010000 11 564
38.010000 0 554
38.010000 1 684
38.010000 2 684
38.010000 3 684
38.010000 4 449
38.010000 5 684
38.010000 6 684
38.010000 7 471
38.010000 8 684
38.010000 9 684
38.010000 10 578
38.010000 11 554
39.010000 0 548
39.010000 1 640
39.010000 2 640
39.010000 3 640
39.010000 4 435
39.010000 5 640
39.010000 6 640
39.010000 7 412
39.010000 8 640
39.010000 9 640
39.010000 10 525
39.010000 11 548
40.010000 0 549
40.010000 1 661
40.010000 2 661
40.010000 3 661
40.010000 4 438
40.010000 5 661
40.010000 6 661
40.010000 7 443
40.010000 8 661
40.010000 9 661
40.010000 10 553
40.010000 11 549
41.010000 0 554
41.010000 1 658
41.010000 2 658
41.010000 3 658
41.010000 4 444
41.010000 5 658
41.010000 6 658
41.010000 7 434
41.010000 8 658
41.010000 9 658
41.010000 10 542
41.010000 11 554
42.010000 0 553
42.010000 1 678
42.010000 2 678
42.010000 3 678
42.010000 4 444
42.010000 5 678
42.010000 6 678
42.010000 7 463
42.010000 8 678
42.010000 9 678
42.010000 10 574
42.010000 11 553
43.010000 0 525
43.010000 1 622
43.010000 2 622
43.010000 3 622
43.010000 4 421
43.010000 5 622
43.010000 6 622
43.010000 7 408
43.010000 8 622
43.010000 9 622
43.010000 10 512
43.010000 11 525
44.010000 0 559
44.010000 1 667
44.010000 2 667
44.010000 3 667
44.010000 4 450
44.010000 5 667
44.010000 6 667
44.010000 7 441
44.010000 8 667
44.010000 9 667
44.010000 10 551
44.010000 11 559
45.010000 0 576
45.010000 1 691
45.010000 2 691
45.010000 3 691
45.010000 4 457
45.010000 5 691
45.010000 6 691
45.010000 7 461
45.010000 8 691
45.010000 9 691
45.010000 10 579
45.010000 11 576
46.010000 0 567
46.010000 1 711
46.010000 2 711
46.010000 3 711
46.010000 4 409
46.010000 5 711
46.010000 6 711
46.010000 7 608
46.010000 8 711
46.010000 9 711
46.010000 10 549
46.010000 11 567
47.010000 0 482
47.010000 1 648
47.010000 2 648
47.010000 3 648
47.010000 4 323
47.010000 5 648
47.010000 6 648
47.010000 7 648
47.010000 8 648
47.010000 9 648
47.010000 10 491
47.010000 11 482
48.010000 0 484
48.010000 1 651
48.010000 2 651
48.010000 3 651
48.010000 4 326
48.010000 5 651
48.010000 6 651
48.010000 7 651
48.010000 8 651
48.010000 9 651
48.010000 10 492
48.010000 11 484
49.010000 0 491
49.010000 1 655
49.010000 2 655
49.010000 3 655
49.010000 4 327
49.010000 5 655
49.010000 6 655
49.010000 7 655
49.010000 8 655
49.010000 9 655
49.010000 10 492
49.010000 11 491
50.010000 0 494
50.010000 1 652
50.010000 2 652
50.010000 3 652
50.010000 4 326
50.010000 5 652
50.010000 6 652
50.010000 7 652
50.010000 8 652
50.010000 9 652
50.010000 10 484
50.010000 11 494
51.010000 0 493
51.010000 1 662
51.010000 2 662
51.010000 3 662
51.010000 4 331
51.010000 5 662
51.010000 6 662
51.010000 7 662
51.010000 8 662
51.010000 9 662
51.010000 10 500
51.010000 11 493
52.010000 0 483
52.010000 1 650
52.010000 2 650
52.010000 3 650
52.010000 4 325
52.010000 5 650
52.010000 6 650
52.010000 7 650
52.010000 8 650
52.010000 9 650
52.010000 10 492
52.010000 11 483
53.010000 0 498
53.010000 1 660
53.010000 2 660
53.010000 3 660
53.010000 4 330
53.010000 5 660
53.010000 6 660
53.010000 7 660
53.010000 8 660
53.010000 9 660
53.010000 10 492
53.010000 11 498
54.010000 0 494
54.010000 1 656
54.010000 2 656
54.010000 3 656
54.010000 4 328
54.010000 5 656
54.010000 6 656
54.010000 7 656
54.010000 8 656
54.010000 9 656
54.010000 10 490
54.010000 11 494
55.010000 0 492
55.010000 1 660
55.010000 2 660
55.010000 3 660
55.010000 4 330
55.010000 5 660
55.010000 6 660
55.010000 7 660
55.010000 8 660
55.010000 9 660
55.010000 10 498
55.010000 11 492
56.010000 0 485
56.010000 1 654
56.010000 2 654
56.010000 3 654
56.010000 4 327
56.010000 5 654
56.010000 6 654
56.010000 7 654
56.010000 8 654
56.010000 9 654
56.010000 10 496
56.010000 11 485
57.010000 0 508
57.010000 1 672
57.010000 2 672
57.010000 3 672
57.010000 4 336
57.010000 5 672
57.010000 6 672
57.010000 7 672
57.010000 8 672
57.010000 9 672
57.010000 10 500
57.010000 11 508
58.010000 0 499
58.010000 1 662
58.010000 2 662
58.010000 3 662
58.010000 4 332
58.010000 5 662
58.010000 6 662
58.010000 7 662
58.010000 8 662
58.010000 9 662
58.010000 10 493
58.010000 11 499
59.010000 0 478
59.010000 1 644
59.010000 2 644
59.010000 3 644
59.010000 4 322
59.010000 5 644
59.010000 6 644
59.010000 7 644
59.010000 8 644
59.010000 9 644
59.010000 10 488
59.010000 11 478
60.010000 0 522
60.010000 1 688
60.010000 2 688
60.010000 3 688
60.010000 4 343
60.010000 5 688
60.010000 6 688
60.010000 7 688
60.010000 8 688
60.010000 9 688
60.010000 10 511
60.010000 11 522
61.010000 0 472
61.010000 1 644
61.010000 2 644
61.010000 3 644
61.010000 4 322
61.010000 5 644
61.010000 6 644
61.010000 7 644
61.010000 8 644
61.010000 9 644
61.010000 10 494
61.010000 11 472
62.010000 0 485
62.010000 1 650
62.010000 2 650
62.010000 3 650
62.010000 4 325
62.010000 5 650
62.010000 6 650
62.010000 7 650
62.010000 8 650
62.010000 9 650
62.010000 10 490
62.010000 11 485
63.010000 0 488
63.010000 1 652
63.010000 2 652
63.010000 3 652
63.010000 4 326
63.010000 5 652
63.010000 6 652
63.010000 7 652
63.010000 8 652
63.010000 9 652
63.010000 10 490
63.010000 11 488
64.010000 0 497
64.010000 1 662
64.010000 2 662
64.010000 3 662
64.010000 4 331
64.010000 5 662
64.010000 6 662
64.010000 7 662
64.010000 8 662
64.010000 9 662
64.010000 10 496
64.010000 11 497
65.010000 0 500
65.010000 1 660
65.010000 2 660
65.010000 3 660
65.010000 4 330
65.010000 5 660
65.010000 6 660
65.010000 7 660
65.010000 8 660
65.010000 9 660
65.010000 10 490
65.010000 11 500
66.010000 0 485
66.010000 1 658
66.010000 2 658
66.010000 3 658
66.010000 4 330
66.010000 5 658
66.010000 6 658
66.010000 7 658
66.010000 8 658
66.010000 9 658
66.010000 10 501
66.010000 11 485
67.010000 0 501
67.010000 1 662
67.010000 2 662
67.010000 3 662
67.010000 4 330
67.010000 5 662
67.010000 6 662
67.010000 7 662
67.010000 8 662
67.010000 9 662
67.010000 10 493
67.010000 11 501
68.010000 0 496
68.010000 1 664
68.010000 2 664
68.010000 3 664
68.010000 4 333
68.010000 5 664
68.010000 6 664
68.010000 7 664
68.010000 8 664
68.010000 9 664
68.010000 10 499
68.010000 11 496
69.010000 0 489
69.010000 1 653
69.010000 2 653
69.010000 3 653
69.010000 4 326
69.010000 5 653
69.010000 6 653
69.010000 7 653
69.010000 8 653
69.010000 9 653
69.010000 10 491
69.010000 11 489
70.010000 0 487
70.010000 1 659
70.010000 2 659
70.010000 3 659
70.010000 4 330
70.010000 5 659
70.010000 6 659
70.010000 7 659
70.010000 8 659
70.010000 9 659
70.010000 10 501
70.010000 11 487
71.010000 0 491
71.010000 1 658
71.010000 2 658
71.010000 3 658
71.010000 4 328
71.010000 5 658
71.010000 6 658
71.010000 7 658
71.010000 8 658
71.010000 9 658
71.010000 10 497
71.010000 11 491
72.010000 0 503
72.010000 1 682
72.010000 2 682
72.010000 3 682
72.010000 4 342
72.010000 5 682
72.010000 6 682
72.010000 7 682
72.010000 8 682
72.010000 9 682
72.010000 10 519
72.010000 11 503
73.010000 0 498
73.010000 1 660
73.010000 2 660
73.010000 3 660
73.010000 4 330
73.010000 5 660
73.010000 6 660
73.010000 7 660
73.010000 8 660
73.010000 9 660
73.010000 10 492
73.010000 11 498
74.010000 0 477
74.010000 1 641
74.010000 2 641
74.010000 3 641
74.010000 4 320
74.010000 5 641
74.010000 6 641
74.010000 7 641
74.010000 8 641
74.010000 9 641
74.010000 10 485
74.010000 11 477
75.010000 0 503
75.010000 1 667
75.010000 2 667
75.010000 3 667
75.010000 4 334
75.010000 5 667
75.010000 6 667
75.010000 7 667
75.010000 8 667
75.010000 9 667
75.010000 10 497
75.010000 11 503
76.010000 0 486
76.010000 1 651
76.010000 2 651
76.010000 3 651
76.010000 4 325
76.010000 5 651
76.010000 6 651
76.010000 7 651
76.010000 8 651
76.010000 9 651
76.010000 10 491
76.010000 11 486
77.010000 0 511
77.010000 1 669
77.010000 2 669
77.010000 3 669
77.010000 4 334
77.010000 5 669
77.010000 6 669
77.010000 7 669
77.010000 8 669
77.010000 9 669
77.010000 10 493
77.010000 11 511
78.010000 0 479
78.010000 1 648
78.010000 2 648
78.010000 3 648
78.010000 4 324
78.010000 5 648
78.010000 6 648
78.010000 7 648
78.010000 8 648
78.010000 9 648
78.010000 10 493
78.010000 11 479
79.010000 0 505
79.010000 1 671
79.010000 2 671
79.010000 3 671
79.010000 4 336
79.010000 5 671
79.010000 6 671
79.010000 7 671
79.010000 8 671
79.010000 9 671
79.010000 10 501
79.010000 11 505
80.010000 0 488
80.010000 1 659
80.010000 2 659
80.010000 3 659
80.010000 4 330
80.010000 5 659
80.010000 6 659
80.010000 7 659
80.010000 8 659
80.010000 9 659
80.010000 10 500
80.010000 11 488
81.010000 0 484
81.010000 1 648
81.010000 2 648
81.010000 3 648
81.010000 4 323
81.010000 5 648
81.010000 6 648
81.010000 7 648
81.010000 8 648
81.010000 9 648
81.010000 10 489
81.010000 11 484
82.010000 0 503
82.010000 1 669
82.010000 2 669
82.010000 3 669
82.010000 4 335
82.010000 5 669
82.010000 6 669
82.010000 7 669
82.010000 8 669
82.010000 9 669
82.010000 10 500
82.010000 11 503
83.010000 0 483
83.010000 1 639
83.010000 2 639
83.010000 3 639
83.010000 4 319
83.010000 5 639
83.010000 6 639
83.010000 7 639
83.010000 8 639
83.010000 9 639
83.010000 10 476
83.010000 11 483
84.010000 0 495
84.010000 1 662
84.010000 2 662
84.010000 3 662
84.010000 4 332
84.010000 5 662
84.010000 6 662
84.010000 7 662
84.010000 8 662
84.010000 9 662
84.010000 10 497
84.010000 11 495
