0.010000 0 0
0.010000 1 0
0.010000 2 0
0.010000 3 0
0.010000 4 0
0.010000 5 0
0.010000 6 0
0.010000 7 0
0.010000 8 0
0.010000 9 0
0.010000 10 0
0.010000 11 0
0.010000 12 0
0.010000 13 0
0.010000 14 0
0.010000 15 0
0.010000 16 0
0.010000 17 0
0.010000 18 0
0.010000 19 0
0.010000 20 0
0.010000 21 0
1.010000 0 0
1.010000 1 0
1.010000 2 0
1.010000 3 0
1.010000 4 0
1.010000 5 0
1.010000 6 0
1.010000 7 0
1.010000 8 0
1.010000 9 0
1.010000 10 0
1.010000 11 0
1.010000 12 0
1.010000 13 0
1.010000 14 0
1.010000 15 0
1.010000 16 0
1.010000 17 0
1.010000 18 0
1.010000 19 0
1.010000 20 0
1.010000 21 0
2.010000 0 0
2.010000 1 0
2.010000 2 0
2.010000 3 0
2.010000 4 0
2.010000 5 0
2.010000 6 0
2.010000 7 0
2.010000 8 0
2.010000 9 0
2.010000 10 0
2.010000 11 0
2.010000 12 0
2.010000 13 0
2.010000 14 0
2.010000 15 0
2.010000 16 0
2.010000 17 0
2.010000 18 0
2.010000 19 0
2.010000 20 0
2.010000 21 0
3.010000 0 0
3.010000 1 0
3.010000 2 0
3.010000 3 0
3.010000 4 0
3.010000 5 0
3.010000 6 0
3.010000 7 0
3.010000 8 0
3.010000 9 0
3.010000 10 0
3.010000 11 0
3.010000 12 0
3.010000 13 0
3.010000 14 0
3.010000 15 0
3.010000 16 0
3.010000 17 0
3.010000 18 0
3.010000 19 0
3.010000 20 0
3.010000 21 0
4.010000 0 0
4.010000 1 0
4.010000 2 0
4.010000 3 0
4.010000 4 0
4.010000 5 0
4.010000 6 0
4.010000 7 0
4.010000 8 0
4.010000 9 0
4.010000 10 0
4.010000 11 0
4.010000 12 0
4.010000 13 0
4.010000 14 0
4.010000 15 0
4.010000 16 0
4.010000 17 0
4.010000 18 0
4.010000 19 0
4.010000 20 0
4.010000 21 0
5.010000 0 0
5.010000 1 0
5.010000 2 0
5.010000 3 0
5.010000 4 0
5.010000 5 0
5.010000 6 0
5.010000 7 0
5.010000 8 0
5.010000 9 0
5.010000 10 0
5.010000 11 0
5.010000 12 0
5.010000 13 0
5.010000 14 0
5.010000 15 0
5.010000 16 0
5.010000 17 0
5.010000 18 0
5.010000 19 0
5.010000 20 0
5.010000 21 0
6.010000 0 0
6.010000 1 0
6.010000 2 0
6.010000 3 0
6.010000 4 0
6.010000 5 0
6.010000 6 0
6.010000 7 0
6.010000 8 0
6.010000 9 0
6.010000 10 0
6.010000 11 0
6.010000 12 0
6.010000 13 0
6.010000 14 0
6.010000 15 0
6.010000 16 0
6.010000 17 0
6.010000 18 0
6.010000 19 0
6.010000 20 0
6.010000 21 0
7.010000 0 0
7.010000 1 0
7.010000 2 0
7.010000 3 0
7.010000 4 0
7.010000 5 0
7.010000 6 0
7.010000 7 0
7.010000 8 0
7.010000 9 0
7.010000 10 0
7.010000 11 0
7.010000 12 0
7.010000 13 0
7.010000 14 0
7.010000 15 0
7.010000 16 0
7.010000 17 0
7.010000 18 0
7.010000 19 0
7.010000 20 0
7.010000 21 0
8.010000 0 0
8.010000 1 0
8.010000 2 0
8.010000 3 0
8.010000 4 0
8.010000 5 0
8.010000 6 0
8.010000 7 0
8.010000 8 0
8.010000 9 0
8.010000 10 0
8.010000 11 0
8.010000 12 0
8.010000 13 0
8.010000 14 0
8.010000 15 0
8.010000 16 0
8.010000 17 0
8.010000 18 0
8.010000 19 0
8.010000 20 0
8.010000 21 0
9.010000 0 0
9.010000 1 0
9.010000 2 0
9.010000 3 0
9.010000 4 0
9.010000 5 0
9.010000 6 0
9.010000 7 0
9.010000 8 0
9.010000 9 0
9.010000 10 0
9.010000 11 0
9.010000 12 0
9.010000 13 0
9.010000 14 0
9.010000 15 0
9.010000 16 0
9.010000 17 0
9.010000 18 0
9.010000 19 0
9.010000 20 0
9.010000 21 0
10.010000 0 0
10.010000 1 0
10.010000 2 0
10.010000 3 0
10.010000 4 0
10.010000 5 0
10.010000 6 0
10.010000 7 0
10.010000 8 0
10.010000 9 0
10.010000 10 0
10.010000 11 0
10.010000 12 0
10.010000 13 0
10.010000 14 0
10.010000 15 0
10.010000 16 0
10.010000 17 0
10.010000 18 0
10.010000 19 0
10.010000 20 0
10.010000 21 0
11.010000 0 0
11.010000 1 0
11.010000 2 0
11.010000 3 0
11.010000 4 0
11.010000 5 0
11.010000 6 0
11.010000 7 0
11.010000 8 0
11.010000 9 0
11.010000 10 0
11.010000 11 0
11.010000 12 0
11.010000 13 0
11.010000 14 0
11.010000 15 0
11.010000 16 0
11.010000 17 0
11.010000 18 0
11.010000 19 0
11.010000 20 0
11.010000 21 0
12.010000 0 0
12.010000 1 0
12.010000 2 0
12.010000 3 0
12.010000 4 0
12.010000 5 0
12.010000 6 0
12.010000 7 0
12.010000 8 0
12.010000 9 0
12.010000 10 0
12.010000 11 0
12.010000 12 0
12.010000 13 0
12.010000 14 0
12.010000 15 0
12.010000 16 0
12.010000 17 0
12.010000 18 0
12.010000 19 0
12.010000 20 0
12.010000 21 0
13.010000 0 0
13.010000 1 0
13.010000 2 0
13.010000 3 0
13.010000 4 0
13.010000 5 0
13.010000 6 0
13.010000 7 0
13.010000 8 0
13.010000 9 0
13.010000 10 0
13.010000 11 0
13.010000 12 0
13.010000 13 0
13.010000 14 0
13.010000 15 0
13.010000 16 0
13.010000 17 0
13.010000 18 0
13.010000 19 0
13.010000 20 0
13.010000 21 0
14.010000 0 0
14.010000 1 0
14.010000 2 0
14.010000 3 0
14.010000 4 0
14.010000 5 0
14.010000 6 0
14.010000 7 0
14.010000 8 0
14.010000 9 0
14.010000 10 0
14.010000 11 0
14.010000 12 0
14.010000 13 0
14.010000 14 0
14.010000 15 0
14.010000 16 0
14.010000 17 0
14.010000 18 0
14.010000 19 0
14.010000 20 0
14.010000 21 0
15.010000 0 3
15.010000 1 4
15.010000 2 4
15.010000 3 3
15.010000 4 4
15.010000 5 4
15.010000 6 4
15.010000 7 3
15.010000 8 4
15.010000 9 4
15.010000 10 4
15.010000 11 3
15.010000 12 4
15.010000 13 4
15.010000 14 3
15.010000 15 4
15.010000 16 4
15.010000 17 2
15.010000 18 3
15.010000 19 4
15.010000 20 4
15.010000 21 4
16.010000 0 479
16.010000 1 623
16.010000 2 604
16.010000 3 567
16.010000 4 623
16.010000 5 621
16.010000 6 530
16.010000 7 566
16.010000 8 619
16.010000 9 557
16.010000 10 617
16.010000 11 594
16.010000 12 613
16.010000 13 560
16.010000 14 562
16.010000 15 619
16.010000 16 618
16.010000 17 516
16.010000 18 504
16.010000 19 616
16.010000 20 617
16.010000 21 565
17.010000 0 199
17.010000 1 253
17.010000 2 253
17.010000 3 235
17.010000 4 253
17.010000 5 253
17.010000 6 217
17.010000 7 235
17.010000 8 253
17.010000 9 217
17.010000 10 253
17.010000 11 234
17.010000 12 253
17.010000 13 217
17.010000 14 235
17.010000 15 253
17.010000 16 253
17.010000 17 217
17.010000 18 199
17.010000 19 253
17.010000 20 253
17.010000 21 217
18.010000 0 251
18.010000 1 319
18.010000 2 319
18.010000 3 297
18.010000 4 319
18.010000 5 319
18.010000 6 271
18.010000 7 295
18.010000 8 319
18.010000 9 275
18.010000 10 319
18.010000 11 295
18.010000 12 319
18.010000 13 278
18.010000 14 295
18.010000 15 319
18.010000 16 319
18.010000 17 273
18.010000 18 251
18.010000 19 319
18.010000 20 319
18.010000 21 271
19.010000 0 243
19.010000 1 311
19.010000 2 311
19.010000 3 288
19.010000 4 311
19.010000 5 311
19.010000 6 266
19.010000 7 291
19.010000 8 311
19.010000 9 267
19.010000 10 311
19.010000 11 291
19.010000 12 311
19.010000 13 264
19.010000 14 289
19.010000 15 311
19.010000 16 311
19.010000 17 266
19.010000 18 243
19.010000 19 311
19.010000 20 311
19.010000 21 267
20.010000 0 222
20.010000 1 284
20.010000 2 284
20.010000 3 266
20.010000 4 284
20.010000 5 284
20.010000 6 240
20.010000 7 262
20.010000 8 284
20.010000 9 248
20.010000 10 284
20.010000 11 262
20.010000 12 284
20.010000 13 248
20.010000 14 262
20.010000 15 284
20.010000 16 284
20.010000 17 244
20.010000 18 222
20.010000 19 284
20.010000 20 284
20.010000 21 240
21.010000 0 240
21.010000 1 304
21.010000 2 304
21.010000 3 280
21.010000 4 304
21.010000 5 304
21.010000 6 264
21.010000 7 284
21.010000 8 304
21.010000 9 256
21.010000 10 304
21.010000 11 284
21.010000 12 304
21.010000 13 256
21.010000 14 284
21.010000 15 304
21.010000 16 304
21.010000 17 260
21.010000 18 240
21.010000 19 304
21.010000 20 304
21.010000 21 264
22.010000 0 223
22.010000 1 283
22.010000 2 283
22.010000 3 261
22.010000 4 283
22.010000 5 283
22.010000 6 243
22.010000 7 265
22.010000 8 283
22.010000 9 239
22.010000 10 283
22.010000 11 266
22.010000 12 283
22.010000 13 239
22.010000 14 263
22.010000 15 283
22.010000 16 283
22.010000 17 241
22.010000 18 223
22.010000 19 283
22.010000 20 283
22.010000 21 245
23.010000 0 229
23.010000 1 293
23.010000 2 293
23.010000 3 271
23.010000 4 293
23.010000 5 293
23.010000 6 253
23.010000 7 275
23.010000 8 293
23.010000 9 249
23.010000 10 293
23.010000 11 274
23.010000 12 293
23.010000 13 249
23.010000 14 273
23.010000 15 293
23.010000 16 293
23.010000 17 251
23.010000 18 229
23.010000 19 293
23.010000 20 293
23.010000 21 251
24.010000 0 230
24.010000 1 292
24.010000 2 292
24.010000 3 270
24.010000 4 292
24.010000 5 292
24.010000 6 252
24.010000 7 272
24.010000 8 292
24.010000 9 248
24.010000 10 292
24.010000 11 272
24.010000 12 292
24.010000 13 248
24.010000 14 272
24.010000 15 292
24.010000 16 292
24.010000 17 250
24.010000 18 230
24.010000 19 292
24.010000 20 292
24.010000 21 252
25.010000 0 214
25.010000 1 267
25.010000 2 267
25.010000 3 245
25.010000 4 267
25.010000 5 267
25.010000 6 235
25.010000 7 247
25.010000 8 267
25.010000 9 223
25.010000 10 267
25.010000 11 247
25.010000 12 267
25.010000 13 223
25.010000 14 251
25.010000 15 267
25.010000 16 267
25.010000 17 229
25.010000 18 214
25.010000 19 267
25.010000 20 267
25.010000 21 235
26.010000 0 232
26.010000 1 297
26.010000 2 297
26.010000 3 277
26.010000 4 297
26.010000 5 297
26.010000 6 253
26.010000 7 275
26.010000 8 297
26.010000 9 257
26.010000 10 297
26.010000 11 275
26.010000 12 297
26.010000 13 257
26.010000 14 275
26.010000 15 297
26.010000 16 297
26.010000 17 255
26.010000 18 232
26.010000 19 297
26.010000 20 297
26.010000 21 253
27.010000 0 223
27.010000 1 283
27.010000 2 283
27.010000 3 261
27.010000 4 283
27.010000 5 283
27.010000 6 243
27.010000 7 263
27.010000 8 283
27.010000 9 242
27.010000 10 283
27.010000 11 263
27.010000 12 283
27.010000 13 243
27.010000 14 263
27.010000 15 283
27.010000 16 283
27.010000 17 241
27.010000 18 223
27.010000 19 283
27.010000 20 283
27.010000 21 243
28.010000 0 209
28.010000 1 265
28.010000 2 265
28.010000 3 247
28.010000 4 265
28.010000 5 265
28.010000 6 229
28.010000 7 245
28.010000 8 265
28.010000 9 226
28.010000 10 265
28.010000 11 245
28.010000 12 265
28.010000 13 225
28.010000 14 247
28.010000 15 265
28.010000 16 265
28.010000 17 229
28.010000 18 209
28.010000 19 265
28.010000 20 265
28.010000 21 229
29.010000 0 218
29.010000 1 280
29.010000 2 280
29.010000 3 262
29.010000 4 280
29.010000 5 280
29.010000 6 236
29.010000 7 260
29.010000 8 280
29.010000 9 244
29.010000 10 280
29.010000 11 260
29.010000 12 280
29.010000 13 244
29.010000 14 258
29.010000 15 280
29.010000 16 280
29.010000 17 240
29.010000 18 218
29.010000 19 280
29.010000 20 280
29.010000 21 236
30.010000 0 230
30.010000 1 292
30.010000 2 292
30.010000 3 270
30.010000 4 292
30.010000 5 292
30.010000 6 252
30.010000 7 272
30.010000 8 292
30.010000 9 248
30.010000 10 292
30.010000 11 272
30.010000 12 292
30.010000 13 248
30.010000 14 272
30.010000 15 292
30.010000 16 292
30.010000 17 250
30.010000 18 230
30.010000 19 292
30.010000 20 292
30.010000 21 252
31.010000 0 206
31.010000 1 264
31.010000 2 264
31.010000 3 246
31.010000 4 264
31.010000 5 264
31.010000 6 224
31.010000 7 246
31.010000 8 264
31.010000 9 228
31.010000 10 264
31.010000 11 246
31.010000 12 264
31.010000 13 228
31.010000 14 244
31.010000 15 264
31.010000 16 264
31.010000 17 226
31.010000 18 206
31.010000 19 264
31.010000 20 264
31.010000 21 224
32.010000 0 206
32.010000 1 260
32.010000 2 260
32.010000 3 242
32.010000 4 260
32.010000 5 260
32.010000 6 224
32.010000 7 238
32.010000 8 260
32.010000 9 224
32.010000 10 260
32.010000 11 238
32.010000 12 260
32.010000 13 224
32.010000 14 242
32.010000 15 260
32.010000 16 260
32.010000 17 224
32.010000 18 206
32.010000 19 260
32.010000 20 260
32.010000 21 224
33.010000 0 214
33.010000 1 278
33.010000 2 278
33.010000 3 260
33.010000 4 278
33.010000 5 278
33.010000 6 231
33.010000 7 262
33.010000 8 278
33.010000 9 242
33.010000 10 278
33.010000 11 262
33.010000 12 278
33.010000 13 242
33.010000 14 254
33.010000 15 278
33.010000 16 278
33.010000 17 236
33.010000 18 214
33.010000 19 278
33.010000 20 278
33.010000 21 233
34.010000 0 229
34.010000 1 293
34.010000 2 293
34.010000 3 273
34.010000 4 293
34.010000 5 293
34.010000 6 248
34.010000 7 271
34.010000 8 293
34.010000 9 256
34.010000 10 293
34.010000 11 271
34.010000 12 293
34.010000 13 257
34.010000 14 271
34.010000 15 293
34.010000 16 293
34.010000 17 251
34.010000 18 229
34.010000 19 293
34.010000 20 293
34.010000 21 246
35.010000 0 245
35.010000 1 313
35.010000 2 313
35.010000 3 291
35.010000 4 313
35.010000 5 313
35.010000 6 269
35.010000 7 293
35.010000 8 313
35.010000 9 266
35.010000 10 313
35.010000 11 293
35.010000 12 313
35.010000 13 265
35.010000 14 291
35.010000 15 313
35.010000 16 313
35.010000 17 269
35.010000 18 245
35.010000 19 313
35.010000 20 313
35.010000 21 269
36.010000 0 269
36.010000 1 343
36.010000 2 343
36.010000 3 317
36.010000 4 343
36.010000 5 343
36.010000 6 295
36.010000 7 321
36.010000 8 343
36.010000 9 291
36.010000 10 343
36.010000 11 322
36.010000 12 343
36.010000 13 291
36.010000 14 319
36.010000 15 343
36.010000 16 343
36.010000 17 293
36.010000 18 269
36.010000 19 343
36.010000 20 343
36.010000 21 295
37.010000 0 227
37.010000 1 293
37.010000 2 293
37.010000 3 275
37.010000 4 293
37.010000 5 293
37.010000 6 245
37.010000 7 273
37.010000 8 293
37.010000 9 257
37.010000 10 293
37.010000 11 272
37.010000 12 293
37.010000 13 257
37.010000 14 269
37.010000 15 293
37.010000 16 293
37.010000 17 251
37.010000 18 227
37.010000 19 293
37.010000 20 293
37.010000 21 245
38.010000 0 232
38.010000 1 296
38.010000 2 296
38.010000 3 276
38.010000 4 296
38.010000 5 296
38.010000 6 252
38.010000 7 274
38.010000 8 296
38.010000 9 256
38.010000 10 296
38.010000 11 274
38.010000 12 296
38.010000 13 256
38.010000 14 274
38.010000 15 296
38.010000 16 296
38.010000 17 254
38.010000 18 232
38.010000 19 296
38.010000 20 296
38.010000 21 252
39.010000 0 224
39.010000 1 284
39.010000 2 284
39.010000 3 264
39.010000 4 284
39.010000 5 284
39.010000 6 244
39.010000 7 262
39.010000 8 284
39.010000 9 244
39.010000 10 284
39.010000 11 262
39.010000 12 284
39.010000 13 244
39.010000 14 264
39.010000 15 284
39.010000 16 284
39.010000 17 244
39.010000 18 224
39.010000 19 284
39.010000 20 284
39.010000 21 244
40.010000 0 228
40.010000 1 292
40.010000 2 292
40.010000 3 272
40.010000 4 292
40.010000 5 292
40.010000 6 248
40.010000 7 272
40.010000 8 292
40.010000 9 252
40.010000 10 292
40.010000 11 272
40.010000 12 292
40.010000 13 252
40.010000 14 270
40.010000 15 292
40.010000 16 292
40.010000 17 250
40.010000 18 228
40.010000 19 292
40.010000 20 292
40.010000 21 248
41.010000 0 215
41.010000 1 275
41.010000 2 275
41.010000 3 257
41.010000 4 275
41.010000 5 275
41.010000 6 234
41.010000 7 253
41.010000 8 275
41.010000 9 239
41.010000 10 275
41.010000 11 253
41.010000 12 275
41.010000 13 239
41.010000 14 253
41.010000 15 275
41.010000 16 275
41.010000 17 235
41.010000 18 215
41.010000 19 275
41.010000 20 275
41.010000 21 235
42.010000 0 213
42.010000 1 269
42.010000 2 269
42.010000 3 247
42.010000 4 269
42.010000 5 269
42.010000 6 234
42.010000 7 253
42.010000 8 269
42.010000 9 225
42.010000 10 269
42.010000 11 253
42.010000 12 269
42.010000 13 225
42.010000 14 253
42.010000 15 269
42.010000 16 269
42.010000 17 231
42.010000 18 213
42.010000 19 269
42.010000 20 269
42.010000 21 233
43.010000 0 226
43.010000 1 284
43.010000 2 284
43.010000 3 262
43.010000 4 284
43.010000 5 284
43.010000 6 248
43.010000 7 262
43.010000 8 284
43.010000 9 240
43.010000 10 284
43.010000 11 262
43.010000 12 284
43.010000 13 240
43.010000 14 266
43.010000 15 284
43.010000 16 284
43.010000 17 244
43.010000 18 226
43.010000 19 284
43.010000 20 284
43.010000 21 248
44.010000 0 241
44.010000 1 307
44.010000 2 307
44.010000 3 283
44.010000 4 307
44.010000 5 307
44.010000 6 266
44.010000 7 287
44.010000 8 307
44.010000 9 259
44.010000 10 307
44.010000 11 287
44.010000 12 307
44.010000 13 259
44.010000 14 285
44.010000 15 307
44.010000 16 307
44.010000 17 261
44.010000 18 241
44.010000 19 307
44.010000 20 307
44.010000 21 267
45.010000 0 255
45.010000 1 325
45.010000 2 325
45.010000 3 304
45.010000 4 325
45.010000 5 325
45.010000 6 273
45.010000 7 300
45.010000 8 325
45.010000 9 285
45.010000 10 325
45.010000 11 301
45.010000 12 325
45.010000 13 285
45.010000 14 301
45.010000 15 325
45.010000 16 325
45.010000 17 280
45.010000 18 255
45.010000 19 325
45.010000 20 325
45.010000 21 272
46.010000 0 220
46.010000 1 280
46.010000 2 280
46.010000 3 260
46.010000 4 280
46.010000 5 280
46.010000 6 240
46.010000 7 260
46.010000 8 280
46.010000 9 240
46.010000 10 280
46.010000 11 260
46.010000 12 280
46.010000 13 240
46.010000 14 260
46.010000 15 280
46.010000 16 280
46.010000 17 240
46.010000 18 220
46.010000 19 280
46.010000 20 280
46.010000 21 240
47.010000 0 240
47.010000 1 304
47.010000 2 304
47.010000 3 280
47.010000 4 304
47.010000 5 304
47.010000 6 264
47.010000 7 284
47.010000 8 304
47.010000 9 256
47.010000 10 304
47.010000 11 284
47.010000 12 304
47.010000 13 256
47.010000 14 284
47.010000 15 304
47.010000 16 304
47.010000 17 260
47.010000 18 240
47.010000 19 304
47.010000 20 304
47.010000 21 264
48.010000 0 234
48.010000 1 300
48.010000 2 300
48.010000 3 280
48.010000 4 300
48.010000 5 300
48.010000 6 254
48.010000 7 278
48.010000 8 300
48.010000 9 260
48.010000 10 300
48.010000 11 278
48.010000 12 300
48.010000 13 260
48.010000 14 276
48.010000 15 300
48.010000 16 300
48.010000 17 256
48.010000 18 234
48.010000 19 300
48.010000 20 300
48.010000 21 256
49.010000 0 202
49.010000 1 256
49.010000 2 256
49.010000 3 238
49.010000 4 256
49.010000 5 256
49.010000 6 218
49.010000 7 238
49.010000 8 256
49.010000 9 220
49.010000 10 256
49.010000 11 238
49.010000 12 256
49.010000 13 220
49.010000 14 238
49.010000 15 256
49.010000 16 256
49.010000 17 220
49.010000 18 202
49.010000 19 256
49.010000 20 256
49.010000 21 218
50.010000 0 222
50.010000 1 280
50.010000 2 280
50.010000 3 258
50.010000 4 280
50.010000 5 280
50.010000 6 244
50.010000 7 260
50.010000 8 280
50.010000 9 236
50.010000 10 280
50.010000 11 260
50.010000 12 280
50.010000 13 238
50.010000 14 262
50.010000 15 280
50.010000 16 280
50.010000 17 240
50.010000 18 222
50.010000 19 280
50.010000 20 280
50.010000 21 242
51.010000 0 214
51.010000 1 272
51.010000 2 272
51.010000 3 252
51.010000 4 272
51.010000 5 272
51.010000 6 236
51.010000 7 252
51.010000 8 272
51.010000 9 232
51.010000 10 272
51.010000 11 252
51.010000 12 272
51.010000 13 230
51.010000 14 254
51.010000 15 272
51.010000 16 272
51.010000 17 234
51.010000 18 214
51.010000 19 272
51.010000 20 272
51.010000 21 236
52.010000 0 207
52.010000 1 263
52.010000 2 263
52.010000 3 245
52.010000 4 263
52.010000 5 263
52.010000 6 226
52.010000 7 241
52.010000 8 263
52.010000 9 227
52.010000 10 263
52.010000 11 241
52.010000 12 263
52.010000 13 227
52.010000 14 243
52.010000 15 263
52.010000 16 263
52.010000 17 225
52.010000 18 207
52.010000 19 263
52.010000 20 263
52.010000 21 227
53.010000 0 238
53.010000 1 304
53.010000 2 304
53.010000 3 286
53.010000 4 304
53.010000 5 304
53.010000 6 253
53.010000 7 280
53.010000 8 304
53.010000 9 268
53.010000 10 304
53.010000 11 280
53.010000 12 304
53.010000 13 268
53.010000 14 280
53.010000 15 304
53.010000 16 304
53.010000 17 262
53.010000 18 238
53.010000 19 304
53.010000 20 304
53.010000 21 255
54.010000 0 237
54.010000 1 300
54.010000 2 300
54.010000 3 278
54.010000 4 300
54.010000 5 300
54.010000 6 260
54.010000 7 278
54.010000 8 300
54.010000 9 256
54.010000 10 300
54.010000 11 278
54.010000 12 300
54.010000 13 256
54.010000 14 280
54.010000 15 300
54.010000 16 300
54.010000 17 258
54.010000 18 237
54.010000 19 300
54.010000 20 300
54.010000 21 257
55.010000 0 200
55.010000 1 257
55.010000 2 257
55.010000 3 241
55.010000 4 257
55.010000 5 257
55.010000 6 217
55.010000 7 237
55.010000 8 257
55.010000 9 225
55.010000 10 257
55.010000 11 237
55.010000 12 257
55.010000 13 225
55.010000 14 237
55.010000 15 257
55.010000 16 257
55.010000 17 221
55.010000 18 200
55.010000 19 257
55.010000 20 257
55.010000 21 217
56.010000 0 211
56.010000 1 265
56.010000 2 265
56.010000 3 245
56.010000 4 265
56.010000 5 265
56.010000 6 229
56.010000 7 245
56.010000 8 265
56.010000 9 225
56.010000 10 265
56.010000 11 245
56.010000 12 265
56.010000 13 225
56.010000 14 247
56.010000 15 265
56.010000 16 265
56.010000 17 227
56.010000 18 211
56.010000 19 265
56.010000 20 265
56.010000 21 230
57.010000 0 233
57.010000 1 299
57.010000 2 299
57.010000 3 279
57.010000 4 299
57.010000 5 299
57.010000 6 255
57.010000 7 277
57.010000 8 299
57.010000 9 259
57.010000 10 299
57.010000 11 277
57.010000 12 299
57.010000 13 259
57.010000 14 277
57.010000 15 299
57.010000 16 299
57.010000 17 257
57.010000 18 233
57.010000 19 299
57.010000 20 299
57.010000 21 254
58.010000 0 214
58.010000 1 276
58.010000 2 276
58.010000 3 258
58.010000 4 276
58.010000 5 276
58.010000 6 232
58.010000 7 258
58.010000 8 276
58.010000 9 240
58.010000 10 276
58.010000 11 258
58.010000 12 276
58.010000 13 240
58.010000 14 254
58.010000 15 276
58.010000 16 276
58.010000 17 236
58.010000 18 214
58.010000 19 276
58.010000 20 276
58.010000 21 232
59.010000 0 240
59.010000 1 304
59.010000 2 304
59.010000 3 280
59.010000 4 304
59.010000 5 304
59.010000 6 264
59.010000 7 284
59.010000 8 304
59.010000 9 256
59.010000 10 304
59.010000 11 284
59.010000 12 304
59.010000 13 256
59.010000 14 284
59.010000 15 304
59.010000 16 304
59.010000 17 260
59.010000 18 240
59.010000 19 304
59.010000 20 304
59.010000 21 264
60.010000 0 239
60.010000 1 307
60.010000 2 307
60.010000 3 285
60.010000 4 307
60.010000 5 307
60.010000 6 259
60.010000 7 289
60.010000 8 307
60.010000 9 263
60.010000 10 307
60.010000 11 290
60.010000 12 307
60.010000 13 265
60.010000 14 283
60.010000 15 307
60.010000 16 307
60.010000 17 261
60.010000 18 239
60.010000 19 307
60.010000 20 307
60.010000 21 259
61.010000 0 232
61.010000 1 300
61.010000 2 300
61.010000 3 280
61.010000 4 300
61.010000 5 300
61.010000 6 252
61.010000 7 282
61.010000 8 300
61.010000 9 260
61.010000 10 300
61.010000 11 281
61.010000 12 300
61.010000 13 258
61.010000 14 276
61.010000 15 300
61.010000 16 300
61.010000 17 256
61.010000 18 232
61.010000 19 300
61.010000 20 300
61.010000 21 255
62.010000 0 243
62.010000 1 306
62.010000 2 306
62.010000 3 280
62.010000 4 306
62.010000 5 306
62.010000 6 270
62.010000 7 287
62.010000 8 306
62.010000 9 254
62.010000 10 306
62.010000 11 288
62.010000 12 306
62.010000 13 253
62.010000 14 288
62.010000 15 306
62.010000 16 306
62.010000 17 262
62.010000 18 243
62.010000 19 306
62.010000 20 306
62.010000 21 267
63.010000 0 212
63.010000 1 269
63.010000 2 269
63.010000 3 249
63.010000 4 269
63.010000 5 269
63.010000 6 233
63.010000 7 249
63.010000 8 269
63.010000 9 229
63.010000 10 269
63.010000 11 249
63.010000 12 269
63.010000 13 229
63.010000 14 251
63.010000 15 269
63.010000 16 269
63.010000 17 231
63.010000 18 212
63.010000 19 269
63.010000 20 269
63.010000 21 233
64.010000 0 238
64.010000 1 303
64.010000 2 303
64.010000 3 281
64.010000 4 303
64.010000 5 303
64.010000 6 259
64.010000 7 283
64.010000 8 303
64.010000 9 259
64.010000 10 303
64.010000 11 283
64.010000 12 303
64.010000 13 259
64.010000 14 281
64.010000 15 303
64.010000 16 303
64.010000 17 259
64.010000 18 238
64.010000 19 303
64.010000 20 303
64.010000 21 259
65.010000 0 206
65.010000 1 265
65.010000 2 265
65.010000 3 247
65.010000 4 265
65.010000 5 265
65.010000 6 225
65.010000 7 247
65.010000 8 265
65.010000 9 229
65.010000 10 265
65.010000 11 247
65.010000 12 265
65.010000 13 229
65.010000 14 245
65.010000 15 265
65.010000 16 265
65.010000 17 227
65.010000 18 206
65.010000 19 265
65.010000 20 265
65.010000 21 225
66.010000 0 227
66.010000 1 291
66.010000 2 291
66.010000 3 271
66.010000 4 291
66.010000 5 291
66.010000 6 247
66.010000 7 271
66.010000 8 291
66.010000 9 251
66.010000 10 291
66.010000 11 272
66.010000 12 291
66.010000 13 251
66.010000 14 269
66.010000 15 291
66.010000 16 291
66.010000 17 249
66.010000 18 227
66.010000 19 291
66.010000 20 291
66.010000 21 247
67.010000 0 211
67.010000 1 269
67.010000 2 269
67.010000 3 253
67.010000 4 269
67.010000 5 269
67.010000 6 225
67.010000 7 247
67.010000 8 269
67.010000 9 237
67.010000 10 269
67.010000 11 246
67.010000 12 269
67.010000 13 237
67.010000 14 247
67.010000 15 269
67.010000 16 269
67.010000 17 231
67.010000 18 211
67.010000 19 269
67.010000 20 269
67.010000 21 227
68.010000 0 210
68.010000 1 267
68.010000 2 267
68.010000 3 247
68.010000 4 267
68.010000 5 267
68.010000 6 231
68.010000 7 249
68.010000 8 267
68.010000 9 227
68.010000 10 267
68.010000 11 249
68.010000 12 267
68.010000 13 227
68.010000 14 249
68.010000 15 267
68.010000 16 267
68.010000 17 229
68.010000 18 210
68.010000 19 267
68.010000 20 267
68.010000 21 229
69.010000 0 206
69.010000 1 264
69.010000 2 264
69.010000 3 246
69.010000 4 264
69.010000 5 264
69.010000 6 224
69.010000 7 246
69.010000 8 264
69.010000 9 228
69.010000 10 264
69.010000 11 246
69.010000 12 264
69.010000 13 228
69.010000 14 244
69.010000 15 264
69.010000 16 264
69.010000 17 226
69.010000 18 206
69.010000 19 264
69.010000 20 264
69.010000 21 224
70.010000 0 224
70.010000 1 285
70.010000 2 285
70.010000 3 265
70.010000 4 285
70.010000 5 285
70.010000 6 245
70.010000 7 263
70.010000 8 285
70.010000 9 245
70.010000 10 285
70.010000 11 263
70.010000 12 285
70.010000 13 245
70.010000 14 265
70.010000 15 285
70.010000 16 285
70.010000 17 245
70.010000 18 224
70.010000 19 285
70.010000 20 285
70.010000 21 245
71.010000 0 216
71.010000 1 272
71.010000 2 272
71.010000 3 252
71.010000 4 272
71.010000 5 272
71.010000 6 236
71.010000 7 250
71.010000 8 272
71.010000 9 232
71.010000 10 272
71.010000 11 250
71.010000 12 272
71.010000 13 232
71.010000 14 254
71.010000 15 272
71.010000 16 272
71.010000 17 234
71.010000 18 216
71.010000 19 272
71.010000 20 272
71.010000 21 236
72.010000 0 198
72.010000 1 252
72.010000 2 252
72.010000 3 234
72.010000 4 252
72.010000 5 252
72.010000 6 216
72.010000 7 234
72.010000 8 252
72.010000 9 216
72.010000 10 252
72.010000 11 234
72.010000 12 252
72.010000 13 216
72.010000 14 234
72.010000 15 252
72.010000 16 252
72.010000 17 216
72.010000 18 198
72.010000 19 252
72.010000 20 252
72.010000 21 216
73.010000 0 212
73.010000 1 266
73.010000 2 266
73.010000 3 246
73.010000 4 266
73.010000 5 266
73.010000 6 231
73.010000 7 244
73.010000 8 266
73.010000 9 226
73.010000 10 266
73.010000 11 244
73.010000 12 266
73.010000 13 226
73.010000 14 248
73.010000 15 266
73.010000 16 266
73.010000 17 228
73.010000 18 212
73.010000 19 266
73.010000 20 266
73.010000 21 233
74.010000 0 216
74.010000 1 278
74.010000 2 278
74.010000 3 258
74.010000 4 278
74.010000 5 278
74.010000 6 237
74.010000 7 262
74.010000 8 278
74.010000 9 238
74.010000 10 278
74.010000 11 262
74.010000 12 278
74.010000 13 238
74.010000 14 258
74.010000 15 278
74.010000 16 278
74.010000 17 238
74.010000 18 216
74.010000 19 278
74.010000 20 278
74.010000 21 235
75.010000 0 218
75.010000 1 280
75.010000 2 280
75.010000 3 262
75.010000 4 280
75.010000 5 280
75.010000 6 236
75.010000 7 260
75.010000 8 280
75.010000 9 244
75.010000 10 280
75.010000 11 260
75.010000 12 280
75.010000 13 244
75.010000 14 258
75.010000 15 280
75.010000 16 280
75.010000 17 240
75.010000 18 218
75.010000 19 280
75.010000 20 280
75.010000 21 236
76.010000 0 223
76.010000 1 283
76.010000 2 283
76.010000 3 263
76.010000 4 283
76.010000 5 283
76.010000 6 243
76.010000 7 261
76.010000 8 283
76.010000 9 243
76.010000 10 283
76.010000 11 262
76.010000 12 283
76.010000 13 243
76.010000 14 263
76.010000 15 283
76.010000 16 283
76.010000 17 243
76.010000 18 223
76.010000 19 283
76.010000 20 283
76.010000 21 243
77.010000 0 211
77.010000 1 269
77.010000 2 269
77.010000 3 251
77.010000 4 269
77.010000 5 269
77.010000 6 229
77.010000 7 249
77.010000 8 269
77.010000 9 233
77.010000 10 269
77.010000 11 248
77.010000 12 269
77.010000 13 233
77.010000 14 249
77.010000 15 269
77.010000 16 269
77.010000 17 231
77.010000 18 211
77.010000 19 269
77.010000 20 269
77.010000 21 229
78.010000 0 219
78.010000 1 279
78.010000 2 279
78.010000 3 259
78.010000 4 279
78.010000 5 279
78.010000 6 239
78.010000 7 259
78.010000 8 279
78.010000 9 239
78.010000 10 279
78.010000 11 260
78.010000 12 279
78.010000 13 239
78.010000 14 259
78.010000 15 279
78.010000 16 279
78.010000 17 239
78.010000 18 219
78.010000 19 279
78.010000 20 279
78.010000 21 239
79.010000 0 240
79.010000 1 304
79.010000 2 304
79.010000 3 278
79.010000 4 304
79.010000 5 304
79.010000 6 264
79.010000 7 288
79.010000 8 304
79.010000 9 252
79.010000 10 304
79.010000 11 287
79.010000 12 304
79.010000 13 255
79.010000 14 284
79.010000 15 304
79.010000 16 304
79.010000 17 258
79.010000 18 240
79.010000 19 304
79.010000 20 304
79.010000 21 264
80.010000 0 204
80.010000 1 260
80.010000 2 260
80.010000 3 244
80.010000 4 260
80.010000 5 260
80.010000 6 220
80.010000 7 238
80.010000 8 260
80.010000 9 228
80.010000 10 260
80.010000 11 238
80.010000 12 260
80.010000 13 225
80.010000 14 240
80.010000 15 260
80.010000 16 260
80.010000 17 224
80.010000 18 204
80.010000 19 260
80.010000 20 260
80.010000 21 223
81.010000 0 222
81.010000 1 280
81.010000 2 280
81.010000 3 258
81.010000 4 280
81.010000 5 280
81.010000 6 244
81.010000 7 260
81.010000 8 280
81.010000 9 236
81.010000 10 280
81.010000 11 260
81.010000 12 280
81.010000 13 239
81.010000 14 262
81.010000 15 280
81.010000 16 280
81.010000 17 240
81.010000 18 222
81.010000 19 280
81.010000 20 280
81.010000 21 241
82.010000 0 215
82.010000 1 276
82.010000 2 276
82.010000 3 260
82.010000 4 276
82.010000 5 276
82.010000 6 232
82.010000 7 254
82.010000 8 276
82.010000 9 244
82.010000 10 276
82.010000 11 254
82.010000 12 276
82.010000 13 241
82.010000 14 254
82.010000 15 276
82.010000 16 276
82.010000 17 238
82.010000 18 215
82.010000 19 276
82.010000 20 276
82.010000 21 232
83.010000 0 190
83.010000 1 241
83.010000 2 241
83.010000 3 223
83.010000 4 241
83.010000 5 241
83.010000 6 209
83.010000 7 223
83.010000 8 241
83.010000 9 205
83.010000 10 241
83.010000 11 223
83.010000 12 241
83.010000 13 205
83.010000 14 225
83.010000 15 241
83.010000 16 241
83.010000 17 207
83.010000 18 190
83.010000 19 241
83.010000 20 241
83.010000 21 209
84.010000 0 227
84.010000 1 287
84.010000 2 287
84.010000 3 265
84.010000 4 287
84.010000 5 287
84.010000 6 247
84.010000 7 267
84.010000 8 287
84.010000 9 243
84.010000 10 287
84.010000 11 267
84.010000 12 287
84.010000 13 246
84.010000 14 267
84.010000 15 287
84.010000 16 287
84.010000 17 245
84.010000 18 227
84.010000 19 287
84.010000 20 287
84.010000 21 247
85.010000 0 220
85.010000 1 278
85.010000 2 278
85.010000 3 256
85.010000 4 278
85.010000 5 278
85.010000 6 241
85.010000 7 260
85.010000 8 278
85.010000 9 233
85.010000 10 278
85.010000 11 260
85.010000 12 278
85.010000 13 231
85.010000 14 260
85.010000 15 278
85.010000 16 278
85.010000 17 238
85.010000 18 220
85.010000 19 278
85.010000 20 278
85.010000 21 245
86.010000 0 227
86.010000 1 293
86.010000 2 293
86.010000 3 273
86.010000 4 293
86.010000 5 293
86.010000 6 249
86.010000 7 275
86.010000 8 293
86.010000 9 253
86.010000 10 293
86.010000 11 275
86.010000 12 293
86.010000 13 253
86.010000 14 271
86.010000 15 293
86.010000 16 293
86.010000 17 251
86.010000 18 227
86.010000 19 293
86.010000 20 293
86.010000 21 246
87.010000 0 204
87.010000 1 256
87.010000 2 256
87.010000 3 236
87.010000 4 256
87.010000 5 256
87.010000 6 224
87.010000 7 236
87.010000 8 256
87.010000 9 216
87.010000 10 256
87.010000 11 236
87.010000 12 256
87.010000 13 216
87.010000 14 240
87.010000 15 256
87.010000 16 256
87.010000 17 220
87.010000 18 204
87.010000 19 256
87.010000 20 256
87.010000 21 224
88.010000 0 232
88.010000 1 296
88.010000 2 296
88.010000 3 276
88.010000 4 296
88.010000 5 296
88.010000 6 252
88.010000 7 274
88.010000 8 296
88.010000 9 256
88.010000 10 296
88.010000 11 274
88.010000 12 296
88.010000 13 256
88.010000 14 274
88.010000 15 296
88.010000 16 296
88.010000 17 254
88.010000 18 232
88.010000 19 296
88.010000 20 296
88.010000 21 252
89.010000 0 206
89.010000 1 264
89.010000 2 264
89.010000 3 246
89.010000 4 264
89.010000 5 264
89.010000 6 224
89.010000 7 246
89.010000 8 264
89.010000 9 228
89.010000 10 264
89.010000 11 246
89.010000 12 264
89.010000 13 228
89.010000 14 244
89.010000 15 264
89.010000 16 264
89.010000 17 226
89.010000 18 206
89.010000 19 264
89.010000 20 264
89.010000 21 224
90.010000 0 214
90.010000 1 270
90.010000 2 270
90.010000 3 250
90.010000 4 270
90.010000 5 270
90.010000 6 233
90.010000 7 250
90.010000 8 270
90.010000 9 229
90.010000 10 270
90.010000 11 250
90.010000 12 270
90.010000 13 230
90.010000 14 252
90.010000 15 270
90.010000 16 270
90.010000 17 232
90.010000 18 214
90.010000 19 270
90.010000 20 270
90.010000 21 234
91.010000 0 230
91.010000 1 292
91.010000 2 292
91.010000 3 270
91.010000 4 292
91.010000 5 292
91.010000 6 252
91.010000 7 272
91.010000 8 292
91.010000 9 248
91.010000 10 292
91.010000 11 272
91.010000 12 292
91.010000 13 248
91.010000 14 272
91.010000 15 292
91.010000 16 292
91.010000 17 250
91.010000 18 230
91.010000 19 292
91.010000 20 292
91.010000 21 252
92.010000 0 241
92.010000 1 307
92.010000 2 307
92.010000 3 283
92.010000 4 307
92.010000 5 307
92.010000 6 263
92.010000 7 289
92.010000 8 307
92.010000 9 259
92.010000 10 307
92.010000 11 289
92.010000 12 307
92.010000 13 262
92.010000 14 285
92.010000 15 307
92.010000 16 307
92.010000 17 261
92.010000 18 241
92.010000 19 307
92.010000 20 307
92.010000 21 263
93.010000 0 221
93.010000 1 281
93.010000 2 281
93.010000 3 259
93.010000 4 281
93.010000 5 281
93.010000 6 245
93.010000 7 263
93.010000 8 281
93.010000 9 237
93.010000 10 281
93.010000 11 263
93.010000 12 281
93.010000 13 234
93.010000 14 263
93.010000 15 281
93.010000 16 281
93.010000 17 241
93.010000 18 221
93.010000 19 281
93.010000 20 281
93.010000 21 245
94.010000 0 212
94.010000 1 272
94.010000 2 272
94.010000 3 256
94.010000 4 272
94.010000 5 272
94.010000 6 228
94.010000 7 250
94.010000 8 272
94.010000 9 240
94.010000 10 272
94.010000 11 250
94.010000 12 272
94.010000 13 240
94.010000 14 250
94.010000 15 272
94.010000 16 272
94.010000 17 234
94.010000 18 212
94.010000 19 272
94.010000 20 272
94.010000 21 228
95.010000 0 232
95.010000 1 292
95.010000 2 292
95.010000 3 268
95.010000 4 292
95.010000 5 292
95.010000 6 256
95.010000 7 272
95.010000 8 292
95.010000 9 244
95.010000 10 292
95.010000 11 272
95.010000 12 292
95.010000 13 244
95.010000 14 274
95.010000 15 292
95.010000 16 292
95.010000 17 250
95.010000 18 232
95.010000 19 292
95.010000 20 292
95.010000 21 256
96.010000 0 198
96.010000 1 252
96.010000 2 252
96.010000 3 236
96.010000 4 252
96.010000 5 252
96.010000 6 212
96.010000 7 232
96.010000 8 252
96.010000 9 220
96.010000 10 252
96.010000 11 232
96.010000 12 252
96.010000 13 220
96.010000 14 232
96.010000 15 252
96.010000 16 252
96.010000 17 216
96.010000 18 198
96.010000 19 252
96.010000 20 252
96.010000 21 214
97.010000 0 192
97.010000 1 246
97.010000 2 246
97.010000 3 230
97.010000 4 246
97.010000 5 246
97.010000 6 210
97.010000 7 227
97.010000 8 246
97.010000 9 214
97.010000 10 246
97.010000 11 228
97.010000 12 246
97.010000 13 213
97.010000 14 228
97.010000 15 246
97.010000 16 246
97.010000 17 212
97.010000 18 192
97.010000 19 246
97.010000 20 246
97.010000 21 208
98.010000 0 230
98.010000 1 292
98.010000 2 292
98.010000 3 270
98.010000 4 292
98.010000 5 292
98.010000 6 252
98.010000 7 272
98.010000 8 292
98.010000 9 248
98.010000 10 292
98.010000 11 272
98.010000 12 292
98.010000 13 248
98.010000 14 272
98.010000 15 292
98.010000 16 292
98.010000 17 250
98.010000 18 230
98.010000 19 292
98.010000 20 292
98.010000 21 252
99.010000 0 194
99.010000 1 248
99.010000 2 248
99.010000 3 230
99.010000 4 248
99.010000 5 248
99.010000 6 212
99.010000 7 232
99.010000 8 248
99.010000 9 212
99.010000 10 248
99.010000 11 232
99.010000 12 248
99.010000 13 212
99.010000 14 230
99.010000 15 248
99.010000 16 248
99.010000 17 212
99.010000 18 194
99.010000 19 248
99.010000 20 248
99.010000 21 212
100.010000 0 222
100.010000 1 280
100.010000 2 280
100.010000 3 258
100.010000 4 280
100.010000 5 280
100.010000 6 244
100.010000 7 260
100.010000 8 280
100.010000 9 236
100.010000 10 280
100.010000 11 260
100.010000 12 280
100.010000 13 236
100.010000 14 262
100.010000 15 280
100.010000 16 280
100.010000 17 240
100.010000 18 222
100.010000 19 280
100.010000 20 280
100.010000 21 244
101.010000 0 218
101.010000 1 276
101.010000 2 276
101.010000 3 258
101.010000 4 276
101.010000 5 276
101.010000 6 236
101.010000 7 252
101.010000 8 276
101.010000 9 240
101.010000 10 276
101.010000 11 252
101.010000 12 276
101.010000 13 240
101.010000 14 256
101.010000 15 276
101.010000 16 276
101.010000 17 238
101.010000 18 218
101.010000 19 276
101.010000 20 276
101.010000 21 236
102.010000 0 248
102.010000 1 316
102.010000 2 316
102.010000 3 292
102.010000 4 316
102.010000 5 316
102.010000 6 272
102.010000 7 296
102.010000 8 316
102.010000 9 268
102.010000 10 316
102.010000 11 296
102.010000 12 316
102.010000 13 268
102.010000 14 294
102.010000 15 316
102.010000 16 316
102.010000 17 270
102.010000 18 248
102.010000 19 316
102.010000 20 316
102.010000 21 272
103.010000 0 214
103.010000 1 272
103.010000 2 272
103.010000 3 252
103.010000 4 272
103.010000 5 272
103.010000 6 234
103.010000 7 252
103.010000 8 272
103.010000 9 232
103.010000 10 272
103.010000 11 252
103.010000 12 272
103.010000 13 232
103.010000 14 252
103.010000 15 272
103.010000 16 272
103.010000 17 232
103.010000 18 214
103.010000 19 272
103.010000 20 272
103.010000 21 236
104.010000 0 247
104.010000 1 315
104.010000 2 315
104.010000 3 291
104.010000 4 315
104.010000 5 315
104.010000 6 269
104.010000 7 297
104.010000 8 315
104.010000 9 267
104.010000 10 315
104.010000 11 297
104.010000 12 315
104.010000 13 267
104.010000 14 293
104.010000 15 315
104.010000 16 315
104.010000 17 269
104.010000 18 247
104.010000 19 315
104.010000 20 315
104.010000 21 270
105.010000 0 214
105.010000 1 274
105.010000 2 274
105.010000 3 254
105.010000 4 274
105.010000 5 274
105.010000 6 234
105.010000 7 255
105.010000 8 274
105.010000 9 237
105.010000 10 274
105.010000 11 256
105.010000 12 274
105.010000 13 237
105.010000 14 254
105.010000 15 274
105.010000 16 274
105.010000 17 234
105.010000 18 214
105.010000 19 274
105.010000 20 274
105.010000 21 231
106.010000 0 231
106.010000 1 293
106.010000 2 293
106.010000 3 273
106.010000 4 293
106.010000 5 293
106.010000 6 253
106.010000 7 271
106.010000 8 293
106.010000 9 250
106.010000 10 293
106.010000 11 271
106.010000 12 293
106.010000 13 249
106.010000 14 273
106.010000 15 293
106.010000 16 293
106.010000 17 253
106.010000 18 231
106.010000 19 293
106.010000 20 293
106.010000 21 253
107.010000 0 226
107.010000 1 288
107.010000 2 288
107.010000 3 266
107.010000 4 288
107.010000 5 288
107.010000 6 248
107.010000 7 270
107.010000 8 288
107.010000 9 244
107.010000 10 288
107.010000 11 270
107.010000 12 288
107.010000 13 244
107.010000 14 268
107.010000 15 288
107.010000 16 288
107.010000 17 246
107.010000 18 226
107.010000 19 288
107.010000 20 288
107.010000 21 248
108.010000 0 216
108.010000 1 276
108.010000 2 276
108.010000 3 256
108.010000 4 276
108.010000 5 276
108.010000 6 236
108.010000 7 258
108.010000 8 276
108.010000 9 236
108.010000 10 276
108.010000 11 258
108.010000 12 276
108.010000 13 236
108.010000 14 256
108.010000 15 276
108.010000 16 276
108.010000 17 236
108.010000 18 216
108.010000 19 276
108.010000 20 276
108.010000 21 236
109.010000 0 253
109.010000 1 323
109.010000 2 323
109.010000 3 299
109.010000 4 323
109.010000 5 323
109.010000 6 275
109.010000 7 303
109.010000 8 323
109.010000 9 275
109.010000 10 323
109.010000 11 303
109.010000 12 323
109.010000 13 275
109.010000 14 299
109.010000 15 323
109.010000 16 323
109.010000 17 275
109.010000 18 253
109.010000 19 323
109.010000 20 323
109.010000 21 278
110.010000 0 208
110.010000 1 264
110.010000 2 264
110.010000 3 244
110.010000 4 264
110.010000 5 264
110.010000 6 228
110.010000 7 246
110.010000 8 264
110.010000 9 224
110.010000 10 264
110.010000 11 246
110.010000 12 264
110.010000 13 227
110.010000 14 246
110.010000 15 264
110.010000 16 264
110.010000 17 226
110.010000 18 208
110.010000 19 264
110.010000 20 264
110.010000 21 225
111.010000 0 215
111.010000 1 271
111.010000 2 271
111.010000 3 252
111.010000 4 271
111.010000 5 271
111.010000 6 235
111.010000 7 247
111.010000 8 271
111.010000 9 235
111.010000 10 271
111.010000 11 247
111.010000 12 271
111.010000 13 232
111.010000 14 253
111.010000 15 271
111.010000 16 271
111.010000 17 234
111.010000 18 215
111.010000 19 271
111.010000 20 271
111.010000 21 234
112.010000 0 243
112.010000 1 311
112.010000 2 311
112.010000 3 289
112.010000 4 311
112.010000 5 311
112.010000 6 263
112.010000 7 289
112.010000 8 311
112.010000 9 268
112.010000 10 311
112.010000 11 291
112.010000 12 311
112.010000 13 271
112.010000 14 287
112.010000 15 311
112.010000 16 311
112.010000 17 265
112.010000 18 243
112.010000 19 311
112.010000 20 311
112.010000 21 263
113.010000 0 203
113.010000 1 261
113.010000 2 261
113.010000 3 245
113.010000 4 261
113.010000 5 261
113.010000 6 221
113.010000 7 243
113.010000 8 261
113.010000 9 226
113.010000 10 261
113.010000 11 243
113.010000 12 261
113.010000 13 225
113.010000 14 241
113.010000 15 261
113.010000 16 261
113.010000 17 225
113.010000 18 203
113.010000 19 261
113.010000 20 261
113.010000 21 221
114.010000 0 232
114.010000 1 294
114.010000 2 294
114.010000 3 272
114.010000 4 294
114.010000 5 294
114.010000 6 254
114.010000 7 274
114.010000 8 294
114.010000 9 249
114.010000 10 294
114.010000 11 274
114.010000 12 294
114.010000 13 250
114.010000 14 274
114.010000 15 294
114.010000 16 294
114.010000 17 252
114.010000 18 232
114.010000 19 294
114.010000 20 294
114.010000 21 253
115.010000 0 232
115.010000 1 292
115.010000 2 292
115.010000 3 268
115.010000 4 292
115.010000 5 292
115.010000 6 256
115.010000 7 272
115.010000 8 292
115.010000 9 244
115.010000 10 292
115.010000 11 272
115.010000 12 292
115.010000 13 244
115.010000 14 274
115.010000 15 292
115.010000 16 292
115.010000 17 250
115.010000 18 232
115.010000 19 292
115.010000 20 292
115.010000 21 256
116.010000 0 234
116.010000 1 300
116.010000 2 300
116.010000 3 278
116.010000 4 300
116.010000 5 300
116.010000 6 256
116.010000 7 282
116.010000 8 300
116.010000 9 256
116.010000 10 300
116.010000 11 282
116.010000 12 300
116.010000 13 256
116.010000 14 278
116.010000 15 300
116.010000 16 300
116.010000 17 256
116.010000 18 234
116.010000 19 300
116.010000 20 300
116.010000 21 256
117.010000 0 222
117.010000 1 282
117.010000 2 282
117.010000 3 262
117.010000 4 282
117.010000 5 282
117.010000 6 242
117.010000 7 261
117.010000 8 282
117.010000 9 242
117.010000 10 282
117.010000 11 261
117.010000 12 282
117.010000 13 242
117.010000 14 262
117.010000 15 282
117.010000 16 282
117.010000 17 242
117.010000 18 222
117.010000 19 282
117.010000 20 282
117.010000 21 242
118.010000 0 206
118.010000 1 262
118.010000 2 262
118.010000 3 246
118.010000 4 262
118.010000 5 262
118.010000 6 222
118.010000 7 239
118.010000 8 262
118.010000 9 230
118.010000 10 262
118.010000 11 239
118.010000 12 262
118.010000 13 230
118.010000 14 242
118.010000 15 262
118.010000 16 262
118.010000 17 226
118.010000 18 206
118.010000 19 262
118.010000 20 262
118.010000 21 222
119.010000 0 220
119.010000 1 279
119.010000 2 279
119.010000 3 259
119.010000 4 279
119.010000 5 279
119.010000 6 239
119.010000 7 259
119.010000 8 279
119.010000 9 239
119.010000 10 279
119.010000 11 259
119.010000 12 279
119.010000 13 239
119.010000 14 259
119.010000 15 279
119.010000 16 279
119.010000 17 239
119.010000 18 220
119.010000 19 279
119.010000 20 279
119.010000 21 239
120.010000 0 202
120.010000 1 257
120.010000 2 257
120.010000 3 239
120.010000 4 257
120.010000 5 257
120.010000 6 221
120.010000 7 237
120.010000 8 257
120.010000 9 221
120.010000 10 257
120.010000 11 237
120.010000 12 257
120.010000 13 221
120.010000 14 239
120.010000 15 257
120.010000 16 257
120.010000 17 221
120.010000 18 202
120.010000 19 257
120.010000 20 257
120.010000 21 221
121.010000 0 212
121.010000 1 270
121.010000 2 270
121.010000 3 252
121.010000 4 270
121.010000 5 270
121.010000 6 230
121.010000 7 249
121.010000 8 270
121.010000 9 233
121.010000 10 270
121.010000 11 250
121.010000 12 270
121.010000 13 234
121.010000 14 250
121.010000 15 270
121.010000 16 270
121.010000 17 232
121.010000 18 212
121.010000 19 270
121.010000 20 270
121.010000 21 230
122.010000 0 254
122.010000 1 323
122.010000 2 323
122.010000 3 297
122.010000 4 323
122.010000 5 323
122.010000 6 279
122.010000 7 305
122.010000 8 323
122.010000 9 271
122.010000 10 323
122.010000 11 305
122.010000 12 323
122.010000 13 271
122.010000 14 301
122.010000 15 323
122.010000 16 323
122.010000 17 275
122.010000 18 254
122.010000 19 323
122.010000 20 323
122.010000 21 279
123.010000 0 222
123.010000 1 285
123.010000 2 285
123.010000 3 267
123.010000 4 285
123.010000 5 285
123.010000 6 241
123.010000 7 263
123.010000 8 285
123.010000 9 249
123.010000 10 285
123.010000 11 263
123.010000 12 285
123.010000 13 249
123.010000 14 263
123.010000 15 285
123.010000 16 285
123.010000 17 245
123.010000 18 222
123.010000 19 285
123.010000 20 285
123.010000 21 241
124.010000 0 216
124.010000 1 276
124.010000 2 276
124.010000 3 256
124.010000 4 276
124.010000 5 276
124.010000 6 236
124.010000 7 258
124.010000 8 276
124.010000 9 236
124.010000 10 276
124.010000 11 258
124.010000 12 276
124.010000 13 236
124.010000 14 256
124.010000 15 276
124.010000 16 276
124.010000 17 236
124.010000 18 216
124.010000 19 276
124.010000 20 276
124.010000 21 236
125.010000 0 204
125.010000 1 260
125.010000 2 260
125.010000 3 244
125.010000 4 260
125.010000 5 260
125.010000 6 220
125.010000 7 238
125.010000 8 260
125.010000 9 228
125.010000 10 260
125.010000 11 238
125.010000 12 260
125.010000 13 228
125.010000 14 240
125.010000 15 260
125.010000 16 260
125.010000 17 224
125.010000 18 204
125.010000 19 260
125.010000 20 260
125.010000 21 220
126.010000 0 203
126.010000 1 259
126.010000 2 259
126.010000 3 241
126.010000 4 259
126.010000 5 259
126.010000 6 222
126.010000 7 239
126.010000 8 259
126.010000 9 223
126.010000 10 259
126.010000 11 239
126.010000 12 259
126.010000 13 223
126.010000 14 239
126.010000 15 259
126.010000 16 259
126.010000 17 221
126.010000 18 203
126.010000 19 259
126.010000 20 259
126.010000 21 223
127.010000 0 223
127.010000 1 285
127.010000 2 285
127.010000 3 265
127.010000 4 285
127.010000 5 285
127.010000 6 242
127.010000 7 267
127.010000 8 285
127.010000 9 245
127.010000 10 285
127.010000 11 267
127.010000 12 285
127.010000 13 245
127.010000 14 265
127.010000 15 285
127.010000 16 285
127.010000 17 245
127.010000 18 223
127.010000 19 285
127.010000 20 285
127.010000 21 241
128.010000 0 217
128.010000 1 271
128.010000 2 271
128.010000 3 249
128.010000 4 271
128.010000 5 271
128.010000 6 239
128.010000 7 249
128.010000 8 271
128.010000 9 227
128.010000 10 271
128.010000 11 250
128.010000 12 271
128.010000 13 227
128.010000 14 255
128.010000 15 271
128.010000 16 271
128.010000 17 233
128.010000 18 217
128.010000 19 271
128.010000 20 271
128.010000 21 239
129.010000 0 209
129.010000 1 265
129.010000 2 265
129.010000 3 245
129.010000 4 265
129.010000 5 265
129.010000 6 229
129.010000 7 247
129.010000 8 265
129.010000 9 225
129.010000 10 265
129.010000 11 246
129.010000 12 265
129.010000 13 225
129.010000 14 247
129.010000 15 265
129.010000 16 265
129.010000 17 227
129.010000 18 209
129.010000 19 265
129.010000 20 265
129.010000 21 229
130.010000 0 212
130.010000 1 268
130.010000 2 268
130.010000 3 248
130.010000 4 268
130.010000 5 268
130.010000 6 232
130.010000 7 248
130.010000 8 268
130.010000 9 228
130.010000 10 268
130.010000 11 248
130.010000 12 268
130.010000 13 228
130.010000 14 250
130.010000 15 268
130.010000 16 268
130.010000 17 230
130.010000 18 212
130.010000 19 268
130.010000 20 268
130.010000 21 232
131.010000 0 220
131.010000 1 280
131.010000 2 280
131.010000 3 260
131.010000 4 280
131.010000 5 280
131.010000 6 240
131.010000 7 260
131.010000 8 280
131.010000 9 240
131.010000 10 280
131.010000 11 260
131.010000 12 280
131.010000 13 240
131.010000 14 260
131.010000 15 280
131.010000 16 280
131.010000 17 240
131.010000 18 220
131.010000 19 280
131.010000 20 280
131.010000 21 240
132.010000 0 226
132.010000 1 292
132.010000 2 292
132.010000 3 272
132.010000 4 292
132.010000 5 292
132.010000 6 248
132.010000 7 273
132.010000 8 292
132.010000 9 251
132.010000 10 292
132.010000 11 274
132.010000 12 292
132.010000 13 252
132.010000 14 268
132.010000 15 292
132.010000 16 292
132.010000 17 248
132.010000 18 226
132.010000 19 292
132.010000 20 292
132.010000 21 248
133.010000 0 206
133.010000 1 260
133.010000 2 260
133.010000 3 242
133.010000 4 260
133.010000 5 260
133.010000 6 224
133.010000 7 238
133.010000 8 260
133.010000 9 224
133.010000 10 260
133.010000 11 238
133.010000 12 260
133.010000 13 224
133.010000 14 242
133.010000 15 260
133.010000 16 260
133.010000 17 224
133.010000 18 206
133.010000 19 260
133.010000 20 260
133.010000 21 224
134.010000 0 211
134.010000 1 267
134.010000 2 267
134.010000 3 249
134.010000 4 267
134.010000 5 267
134.010000 6 227
134.010000 7 245
134.010000 8 267
134.010000 9 231
134.010000 10 267
134.010000 11 245
134.010000 12 267
134.010000 13 231
134.010000 14 247
134.010000 15 267
134.010000 16 267
134.010000 17 229
134.010000 18 211
134.010000 19 267
134.010000 20 267
134.010000 21 230
135.010000 0 228
135.010000 1 291
135.010000 2 291
135.010000 3 269
135.010000 4 291
135.010000 5 291
135.010000 6 251
135.010000 7 273
135.010000 8 291
135.010000 9 247
135.010000 10 291
135.010000 11 273
135.010000 12 291
135.010000 13 247
135.010000 14 271
135.010000 15 291
135.010000 16 291
135.010000 17 249
135.010000 18 228
135.010000 19 291
135.010000 20 291
135.010000 21 249
136.010000 0 215
136.010000 1 278
136.010000 2 278
136.010000 3 260
136.010000 4 278
136.010000 5 278
136.010000 6 234
136.010000 7 260
136.010000 8 278
136.010000 9 242
136.010000 10 278
136.010000 11 260
136.010000 12 278
136.010000 13 242
136.010000 14 256
136.010000 15 278
136.010000 16 278
136.010000 17 238
136.010000 18 215
136.010000 19 278
136.010000 20 278
136.010000 21 233
137.010000 0 234
137.010000 1 300
137.010000 2 300
137.010000 3 278
137.010000 4 300
137.010000 5 300
137.010000 6 256
137.010000 7 282
137.010000 8 300
137.010000 9 256
137.010000 10 300
137.010000 11 282
137.010000 12 300
137.010000 13 256
137.010000 14 278
137.010000 15 300
137.010000 16 300
137.010000 17 256
137.010000 18 234
137.010000 19 300
137.010000 20 300
137.010000 21 256
138.010000 0 230
138.010000 1 296
138.010000 2 296
138.010000 3 274
138.010000 4 296
138.010000 5 296
138.010000 6 252
138.010000 7 280
138.010000 8 296
138.010000 9 252
138.010000 10 296
138.010000 11 280
138.010000 12 296
138.010000 13 252
138.010000 14 274
138.010000 15 296
138.010000 16 296
138.010000 17 252
138.010000 18 230
138.010000 19 296
138.010000 20 296
138.010000 21 252
139.010000 0 209
139.010000 1 267
139.010000 2 267
139.010000 3 247
139.010000 4 267
139.010000 5 267
139.010000 6 230
139.010000 7 249
139.010000 8 267
139.010000 9 227
139.010000 10 267
139.010000 11 249
139.010000 12 267
139.010000 13 227
139.010000 14 247
139.010000 15 267
139.010000 16 267
139.010000 17 227
139.010000 18 209
139.010000 19 267
139.010000 20 267
139.010000 21 231
140.010000 0 231
140.010000 1 293
140.010000 2 293
140.010000 3 273
140.010000 4 293
140.010000 5 293
140.010000 6 250
140.010000 7 271
140.010000 8 293
140.010000 9 253
140.010000 10 293
140.010000 11 271
140.010000 12 293
140.010000 13 253
140.010000 14 273
140.010000 15 293
140.010000 16 293
140.010000 17 253
140.010000 18 231
140.010000 19 293
140.010000 20 293
140.010000 21 249
141.010000 0 212
141.010000 1 268
141.010000 2 268
141.010000 3 248
141.010000 4 268
141.010000 5 268
141.010000 6 232
141.010000 7 248
141.010000 8 268
141.010000 9 228
141.010000 10 268
141.010000 11 248
141.010000 12 268
141.010000 13 228
141.010000 14 250
141.010000 15 268
141.010000 16 268
141.010000 17 230
141.010000 18 212
141.010000 19 268
141.010000 20 268
141.010000 21 232
142.010000 0 221
142.010000 1 279
142.010000 2 279
142.010000 3 259
142.010000 4 279
142.010000 5 279
142.010000 6 239
142.010000 7 257
142.010000 8 279
142.010000 9 239
142.010000 10 279
142.010000 11 257
142.010000 12 279
142.010000 13 242
142.010000 14 259
142.010000 15 279
142.010000 16 279
142.010000 17 239
142.010000 18 221
142.010000 19 279
142.010000 20 279
142.010000 21 239
143.010000 0 223
143.010000 1 281
143.010000 2 281
143.010000 3 261
143.010000 4 281
143.010000 5 281
143.010000 6 245
143.010000 7 257
143.010000 8 281
143.010000 9 241
143.010000 10 281
143.010000 11 257
143.010000 12 281
143.010000 13 238
143.010000 14 263
143.010000 15 281
143.010000 16 281
143.010000 17 243
143.010000 18 223
143.010000 19 281
143.010000 20 281
143.010000 21 245
144.010000 0 252
144.010000 1 320
144.010000 2 320
144.010000 3 296
144.010000 4 320
144.010000 5 320
144.010000 6 276
144.010000 7 298
144.010000 8 320
144.010000 9 272
144.010000 10 320
144.010000 11 298
144.010000 12 320
144.010000 13 272
144.010000 14 298
144.010000 15 320
144.010000 16 320
144.010000 17 274
144.010000 18 252
144.010000 19 320
144.010000 20 320
144.010000 21 276
145.010000 0 222
145.010000 1 284
145.010000 2 284
145.010000 3 262
145.010000 4 284
145.010000 5 284
145.010000 6 244
145.010000 7 268
145.010000 8 284
145.010000 9 240
145.010000 10 284
145.010000 11 268
145.010000 12 284
145.010000 13 240
145.010000 14 264
145.010000 15 284
145.010000 16 284
145.010000 17 242
145.010000 18 222
145.010000 19 284
145.010000 20 284
145.010000 21 244
146.010000 0 220
146.010000 1 280
146.010000 2 280
146.010000 3 260
146.010000 4 280
146.010000 5 280
146.010000 6 240
146.010000 7 260
146.010000 8 280
146.010000 9 240
146.010000 10 280
146.010000 11 260
146.010000 12 280
146.010000 13 240
146.010000 14 260
146.010000 15 280
146.010000 16 280
146.010000 17 240
146.010000 18 220
146.010000 19 280
146.010000 20 280
146.010000 21 240
147.010000 0 242
147.010000 1 308
147.010000 2 308
147.010000 3 286
147.010000 4 308
147.010000 5 308
147.010000 6 264
147.010000 7 286
147.010000 8 308
147.010000 9 264
147.010000 10 308
147.010000 11 286
147.010000 12 308
147.010000 13 264
147.010000 14 286
147.010000 15 308
147.010000 16 308
147.010000 17 264
147.010000 18 242
147.010000 19 308
147.010000 20 308
147.010000 21 264
148.010000 0 230
148.010000 1 292
148.010000 2 292
148.010000 3 270
148.010000 4 292
148.010000 5 292
148.010000 6 252
148.010000 7 272
148.010000 8 292
148.010000 9 248
148.010000 10 292
148.010000 11 272
148.010000 12 292
148.010000 13 248
148.010000 14 272
148.010000 15 292
148.010000 16 292
148.010000 17 250
148.010000 18 230
148.010000 19 292
148.010000 20 292
148.010000 21 252
149.010000 0 212
149.010000 1 268
149.010000 2 268
149.010000 3 248
149.010000 4 268
149.010000 5 268
149.010000 6 232
149.010000 7 248
149.010000 8 268
149.010000 9 228
149.010000 10 268
149.010000 11 248
149.010000 12 268
149.010000 13 228
149.010000 14 250
149.010000 15 268
149.010000 16 268
149.010000 17 230
149.010000 18 212
149.010000 19 268
149.010000 20 268
149.010000 21 232
