0.010000 0 12
0.010000 1 19
0.010000 2 18
0.010000 3 16
0.010000 4 17
0.010000 5 14
0.010000 6 18
0.010000 7 18
0.010000 8 12
1.010000 0 118
1.010000 1 120
1.010000 2 111
1.010000 3 120
1.010000 4 115
1.010000 5 127
1.010000 6 111
1.010000 7 123
1.010000 8 118
2.010000 0 85
2.010000 1 77
2.010000 2 80
2.010000 3 91
2.010000 4 81
2.010000 5 87
2.010000 6 80
2.010000 7 87
2.010000 8 85
3.010000 0 102
3.010000 1 121
3.010000 2 107
3.010000 3 114
3.010000 4 108
3.010000 5 105
3.010000 6 107
3.010000 7 105
3.010000 8 102
4.010000 0 86
4.010000 1 92
4.010000 2 85
4.010000 3 84
4.010000 4 85
4.010000 5 97
4.010000 6 85
4.010000 7 89
4.010000 8 86
5.010000 0 87
5.010000 1 84
5.010000 2 87
5.010000 3 93
5.010000 4 83
5.010000 5 88
5.010000 6 87
5.010000 7 90
5.010000 8 87
6.010000 0 87
6.010000 1 97
6.010000 2 82
6.010000 3 87
6.010000 4 88
6.010000 5 90
6.010000 6 82
6.010000 7 87
6.010000 8 87
7.010000 0 87
7.010000 1 92
7.010000 2 87
7.010000 3 92
7.010000 4 88
7.010000 5 92
7.010000 6 87
7.010000 7 92
7.010000 8 87
8.010000 0 66
8.010000 1 68
8.010000 2 61
8.010000 3 68
8.010000 4 71
8.010000 5 70
8.010000 6 61
8.010000 7 70
8.010000 8 66
9.010000 0 97
9.010000 1 106
9.010000 2 101
9.010000 3 106
9.010000 4 102
9.010000 5 105
9.010000 6 101
9.010000 7 103
9.010000 8 97
10.010000 0 90
10.010000 1 98
10.010000 2 96
10.010000 3 100
10.010000 4 91
10.010000 5 91
10.010000 6 96
10.010000 7 100
10.010000 8 90
11.010000 0 90
11.010000 1 97
11.010000 2 90
11.010000 3 95
11.010000 4 97
11.010000 5 99
11.010000 6 90
11.010000 7 104
11.010000 8 90
12.010000 0 94
12.010000 1 94
12.010000 2 84
12.010000 3 95
12.010000 4 90
12.010000 5 92
12.010000 6 84
12.010000 7 93
12.010000 8 94
13.010000 0 100
13.010000 1 102
13.010000 2 102
13.010000 3 109
13.010000 4 101
13.010000 5 109
13.010000 6 102
13.010000 7 109
13.010000 8 100
14.010000 0 77
14.010000 1 85
14.010000 2 90
14.010000 3 87
14.010000 4 83
14.010000 5 89
14.010000 6 90
14.010000 7 89
14.010000 8 77
15.010000 0 89
15.010000 1 97
15.010000 2 92
15.010000 3 96
15.010000 4 92
15.010000 5 97
15.010000 6 92
15.010000 7 97
15.010000 8 89
16.010000 0 501
16.010000 1 463
16.010000 2 479
16.010000 3 455
16.010000 4 387
16.010000 5 487
16.010000 6 479
16.010000 7 510
16.010000 8 501
17.010000 0 434
17.010000 1 390
17.010000 2 406
17.010000 3 405
17.010000 4 327
17.010000 5 408
17.010000 6 406
17.010000 7 432
17.010000 8 434
18.010000 0 449
18.010000 1 415
18.010000 2 435
18.010000 3 415
18.010000 4 350
18.010000 5 441
18.010000 6 435
18.010000 7 459
18.010000 8 449
19.010000 0 423
19.010000 1 390
19.010000 2 408
19.010000 3 393
19.010000 4 328
19.010000 5 416
19.010000 6 408
19.010000 7 432
19.010000 8 423
20.010000 0 413
20.010000 1 385
20.010000 2 396
20.010000 3 376
20.010000 4 316
20.010000 5 395
20.010000 6 396
20.010000 7 419
20.010000 8 413
21.010000 0 441
21.010000 1 398
21.010000 2 417
21.010000 3 404
21.010000 4 338
21.010000 5 428
21.010000 6 417
21.010000 7 448
21.010000 8 441
22.010000 0 455
22.010000 1 418
22.010000 2 431
22.010000 3 406
22.010000 4 345
22.010000 5 438
22.010000 6 431
22.010000 7 459
22.010000 8 455
23.010000 0 413
23.010000 1 378
23.010000 2 393
23.010000 3 374
23.010000 4 316
23.010000 5 402
23.010000 6 393
23.010000 7 418
23.010000 8 413
24.010000 0 380
24.010000 1 346
24.010000 2 361
24.010000 3 353
24.010000 4 291
24.010000 5 370
24.010000 6 361
24.010000 7 377
24.010000 8 380
25.010000 0 430
25.010000 1 395
25.010000 2 409
25.010000 3 397
25.010000 4 333
25.010000 5 416
25.010000 6 409
25.010000 7 434
25.010000 8 430
26.010000 0 390
26.010000 1 355
26.010000 2 372
26.010000 3 353
26.010000 4 297
26.010000 5 382
26.010000 6 372
26.010000 7 395
26.010000 8 390
27.010000 0 398
27.010000 1 367
27.010000 2 380
27.010000 3 367
27.010000 4 309
27.010000 5 385
27.010000 6 380
27.010000 7 404
27.010000 8 398
28.010000 0 443
28.010000 1 402
28.010000 2 427
28.010000 3 410
28.010000 4 342
28.010000 5 433
28.010000 6 427
28.010000 7 453
28.010000 8 443
29.010000 0 457
29.010000 1 427
29.010000 2 431
29.010000 3 415
29.010000 4 351
29.010000 5 437
29.010000 6 431
29.010000 7 458
29.010000 8 457
30.010000 0 415
30.010000 1 378
30.010000 2 398
30.010000 3 384
30.010000 4 318
30.010000 5 407
30.010000 6 398
30.010000 7 418
30.010000 8 415
31.010000 0 420
31.010000 1 385
31.010000 2 404
31.010000 3 389
31.010000 4 320
31.010000 5 407
31.010000 6 404
31.010000 7 423
31.010000 8 420
32.010000 0 386
32.010000 1 352
32.010000 2 373
32.010000 3 360
32.010000 4 302
32.010000 5 378
32.010000 6 373
32.010000 7 399
32.010000 8 386
33.010000 0 457
33.010000 1 418
33.010000 2 436
33.010000 3 421
33.010000 4 351
33.010000 5 447
33.010000 6 436
33.010000 7 458
33.010000 8 457
34.010000 0 434
34.010000 1 394
34.010000 2 409
34.010000 3 389
34.010000 4 327
34.010000 5 411
34.010000 6 409
34.010000 7 444
34.010000 8 434
35.010000 0 422
35.010000 1 389
35.010000 2 399
35.010000 3 385
35.010000 4 323
35.010000 5 405
35.010000 6 399
35.010000 7 425
35.010000 8 422
36.010000 0 451
36.010000 1 426
36.010000 2 440
36.010000 3 418
36.010000 4 359
36.010000 5 449
36.010000 6 440
36.010000 7 469
36.010000 8 451
37.010000 0 443
37.010000 1 400
37.010000 2 413
37.010000 3 393
37.010000 4 327
37.010000 5 425
37.010000 6 413
37.010000 7 443
37.010000 8 443
38.010000 0 427
38.010000 1 390
38.010000 2 405
38.010000 3 395
38.010000 4 324
38.010000 5 406
38.010000 6 405
38.010000 7 431
38.010000 8 427
39.010000 0 418
39.010000 1 383
39.010000 2 385
39.010000 3 379
39.010000 4 322
39.010000 5 393
39.010000 6 385
39.010000 7 420
39.010000 8 418
40.010000 0 445
40.010000 1 411
40.010000 2 428
40.010000 3 408
40.010000 4 341
40.010000 5 433
40.010000 6 428
40.010000 7 444
40.010000 8 445
41.010000 0 436
41.010000 1 390
41.010000 2 413
41.010000 3 395
41.010000 4 329
41.010000 5 424
41.010000 6 413
41.010000 7 445
41.010000 8 436
42.010000 0 442
42.010000 1 409
42.010000 2 418
42.010000 3 409
42.010000 4 345
42.010000 5 418
42.010000 6 418
42.010000 7 451
42.010000 8 442
43.010000 0 400
43.010000 1 374
43.010000 2 386
43.010000 3 370
43.010000 4 315
43.010000 5 396
43.010000 6 386
43.010000 7 405
43.010000 8 400
44.010000 0 437
44.010000 1 398
44.010000 2 409
44.010000 3 389
44.010000 4 326
44.010000 5 409
44.010000 6 409
44.010000 7 444
44.010000 8 437
45.010000 0 443
45.010000 1 409
45.010000 2 428
45.010000 3 412
45.010000 4 346
45.010000 5 434
45.010000 6 428
45.010000 7 452
45.010000 8 443
46.010000 0 441
46.010000 1 409
46.010000 2 415
46.010000 3 398
46.010000 4 337
46.010000 5 421
46.010000 6 415
46.010000 7 447
46.010000 8 441
47.010000 0 419
47.010000 1 382
47.010000 2 401
47.010000 3 379
47.010000 4 317
47.010000 5 408
47.010000 6 401
47.010000 7 424
47.010000 8 419
48.010000 0 386
48.010000 1 355
48.010000 2 370
48.010000 3 359
48.010000 4 304
48.010000 5 377
48.010000 6 370
48.010000 7 393
48.010000 8 386
49.010000 0 406
49.010000 1 366
49.010000 2 382
49.010000 3 365
49.010000 4 305
49.010000 5 393
49.010000 6 382
49.010000 7 411
49.010000 8 406
50.010000 0 446
50.010000 1 419
50.010000 2 428
50.010000 3 410
50.010000 4 351
50.010000 5 431
50.010000 6 428
50.010000 7 455
50.010000 8 446
51.010000 0 445
51.010000 1 405
51.010000 2 423
51.010000 3 406
51.010000 4 334
51.010000 5 427
51.010000 6 423
51.010000 7 446
51.010000 8 445
52.010000 0 452
52.010000 1 413
52.010000 2 428
52.010000 3 415
52.010000 4 347
52.010000 5 445
52.010000 6 428
52.010000 7 452
52.010000 8 452
53.010000 0 424
53.010000 1 389
53.010000 2 401
53.010000 3 389
53.010000 4 329
53.010000 5 413
53.010000 6 401
53.010000 7 427
53.010000 8 424
54.010000 0 403
54.010000 1 368
54.010000 2 387
54.010000 3 375
54.010000 4 307
54.010000 5 381
54.010000 6 387
54.010000 7 407
54.010000 8 403
55.010000 0 406
55.010000 1 369
55.010000 2 383
55.010000 3 363
55.010000 4 305
55.010000 5 388
55.010000 6 383
55.010000 7 414
55.010000 8 406
56.010000 0 438
56.010000 1 408
56.010000 2 420
56.010000 3 410
56.010000 4 344
56.010000 5 425
56.010000 6 420
56.010000 7 441
56.010000 8 438
57.010000 0 429
57.010000 1 394
57.010000 2 405
57.010000 3 388
57.010000 4 328
57.010000 5 412
57.010000 6 405
57.010000 7 434
57.010000 8 429
58.010000 0 402
58.010000 1 365
58.010000 2 376
58.010000 3 361
58.010000 4 301
58.010000 5 377
58.010000 6 376
58.010000 7 410
58.010000 8 402
59.010000 0 419
59.010000 1 382
59.010000 2 395
59.010000 3 381
59.010000 4 321
59.010000 5 412
59.010000 6 395
59.010000 7 420
59.010000 8 419
60.010000 0 453
60.010000 1 414
60.010000 2 429
60.010000 3 416
60.010000 4 351
60.010000 5 433
60.010000 6 429
60.010000 7 462
60.010000 8 453
61.010000 0 446
61.010000 1 405
61.010000 2 419
61.010000 3 402
61.010000 4 336
61.010000 5 427
61.010000 6 419
61.010000 7 451
61.010000 8 446
62.010000 0 429
62.010000 1 399
62.010000 2 413
62.010000 3 396
62.010000 4 330
62.010000 5 414
62.010000 6 413
62.010000 7 433
62.010000 8 429
63.010000 0 425
63.010000 1 394
63.010000 2 411
63.010000 3 387
63.010000 4 325
63.010000 5 412
63.010000 6 411
63.010000 7 436
63.010000 8 425
64.010000 0 444
64.010000 1 404
64.010000 2 408
64.010000 3 406
64.010000 4 345
64.010000 5 426
64.010000 6 408
64.010000 7 441
64.010000 8 444
65.010000 0 399
65.010000 1 366
65.010000 2 379
65.010000 3 364
65.010000 4 303
65.010000 5 380
65.010000 6 379
65.010000 7 407
65.010000 8 399
66.010000 0 418
66.010000 1 389
66.010000 2 403
66.010000 3 380
66.010000 4 319
66.010000 5 404
66.010000 6 403
66.010000 7 423
66.010000 8 418
67.010000 0 439
67.010000 1 404
67.010000 2 419
67.010000 3 402
67.010000 4 338
67.010000 5 426
67.010000 6 419
67.010000 7 446
67.010000 8 439
68.010000 0 479
68.010000 1 440
68.010000 2 455
68.010000 3 438
68.010000 4 369
68.010000 5 457
68.010000 6 455
68.010000 7 488
68.010000 8 479
69.010000 0 414
69.010000 1 383
69.010000 2 400
69.010000 3 391
69.010000 4 327
69.010000 5 408
69.010000 6 400
69.010000 7 413
69.010000 8 414
70.010000 0 399
70.010000 1 354
70.010000 2 380
70.010000 3 364
70.010000 4 292
70.010000 5 378
70.010000 6 380
70.010000 7 407
70.010000 8 399
71.010000 0 448
71.010000 1 416
71.010000 2 423
71.010000 3 410
71.010000 4 348
71.010000 5 437
71.010000 6 423
71.010000 7 446
71.010000 8 448
72.010000 0 434
72.010000 1 403
72.010000 2 416
72.010000 3 403
72.010000 4 334
72.010000 5 418
72.010000 6 416
72.010000 7 442
72.010000 8 434
73.010000 0 400
73.010000 1 368
73.010000 2 389
73.010000 3 372
73.010000 4 311
73.010000 5 391
73.010000 6 389
73.010000 7 409
73.010000 8 400
74.010000 0 425
74.010000 1 389
74.010000 2 402
74.010000 3 385
74.010000 4 331
74.010000 5 418
74.010000 6 402
74.010000 7 428
74.010000 8 425
75.010000 0 455
75.010000 1 424
75.010000 2 443
75.010000 3 424
75.010000 4 352
75.010000 5 437
75.010000 6 443
75.010000 7 465
75.010000 8 455
76.010000 0 425
76.010000 1 385
76.010000 2 395
76.010000 3 379
76.010000 4 319
76.010000 5 408
76.010000 6 395
76.010000 7 425
76.010000 8 425
77.010000 0 396
77.010000 1 370
77.010000 2 385
77.010000 3 376
77.010000 4 314
77.010000 5 387
77.010000 6 385
77.010000 7 406
77.010000 8 396
78.010000 0 422
78.010000 1 392
78.010000 2 404
78.010000 3 392
78.010000 4 332
78.010000 5 416
78.010000 6 404
78.010000 7 432
78.010000 8 422
79.010000 0 414
79.010000 1 380
79.010000 2 393
79.010000 3 382
79.010000 4 317
79.010000 5 400
79.010000 6 393
79.010000 7 420
79.010000 8 414
80.010000 0 441
80.010000 1 404
80.010000 2 423
80.010000 3 402
80.010000 4 343
80.010000 5 433
80.010000 6 423
80.010000 7 452
80.010000 8 441
81.010000 0 427
81.010000 1 394
81.010000 2 410
81.010000 3 394
81.010000 4 328
81.010000 5 417
81.010000 6 410
81.010000 7 432
81.010000 8 427
82.010000 0 431
82.010000 1 398
82.010000 2 407
82.010000 3 392
82.010000 4 328
82.010000 5 410
82.010000 6 407
82.010000 7 436
82.010000 8 431
83.010000 0 415
83.010000 1 380
83.010000 2 397
83.010000 3 386
83.010000 4 326
83.010000 5 404
83.010000 6 397
83.010000 7 422
83.010000 8 415
84.010000 0 422
84.010000 1 385
84.010000 2 405
84.010000 3 390
84.010000 4 317
84.010000 5 401
84.010000 6 405
84.010000 7 428
84.010000 8 422
85.010000 0 453
85.010000 1 416
85.010000 2 418
85.010000 3 404
85.010000 4 346
85.010000 5 428
85.010000 6 418
85.010000 7 457
85.010000 8 453
86.010000 0 428
86.010000 1 398
86.010000 2 408
86.010000 3 398
86.010000 4 330
86.010000 5 406
86.010000 6 408
86.010000 7 434
86.010000 8 428
87.010000 0 433
87.010000 1 403
87.010000 2 414
87.010000 3 397
87.010000 4 337
87.010000 5 419
87.010000 6 414
87.010000 7 441
87.010000 8 433
88.010000 0 461
88.010000 1 426
88.010000 2 437
88.010000 3 419
88.010000 4 352
88.010000 5 450
88.010000 6 437
88.010000 7 461
88.010000 8 461
89.010000 0 413
89.010000 1 378
89.010000 2 399
89.010000 3 386
89.010000 4 320
89.010000 5 404
89.010000 6 399
89.010000 7 418
89.010000 8 413
90.010000 0 430
90.010000 1 391
90.010000 2 408
90.010000 3 388
90.010000 4 326
90.010000 5 413
90.010000 6 408
90.010000 7 440
90.010000 8 430
91.010000 0 438
91.010000 1 405
91.010000 2 418
91.010000 3 405
91.010000 4 339
91.010000 5 425
91.010000 6 418
91.010000 7 438
91.010000 8 438
92.010000 0 417
92.010000 1 380
92.010000 2 402
92.010000 3 389
92.010000 4 326
92.010000 5 409
92.010000 6 402
92.010000 7 425
92.010000 8 417
93.010000 0 448
93.010000 1 411
93.010000 2 428
93.010000 3 414
93.010000 4 344
93.010000 5 431
93.010000 6 428
93.010000 7 452
93.010000 8 448
94.010000 0 454
94.010000 1 408
94.010000 2 434
94.010000 3 414
94.010000 4 344
94.010000 5 446
94.010000 6 434
94.010000 7 458
94.010000 8 454
95.010000 0 403
95.010000 1 369
95.010000 2 384
95.010000 3 371
95.010000 4 310
95.010000 5 389
95.010000 6 384
95.010000 7 408
95.010000 8 403
96.010000 0 431
96.010000 1 392
96.010000 2 405
96.010000 3 391
96.010000 4 327
96.010000 5 410
96.010000 6 405
96.010000 7 434
96.010000 8 431
97.010000 0 423
97.010000 1 393
97.010000 2 399
97.010000 3 376
97.010000 4 319
97.010000 5 406
97.010000 6 399
97.010000 7 426
97.010000 8 423
98.010000 0 419
98.010000 1 383
98.010000 2 396
98.010000 3 379
98.010000 4 327
98.010000 5 408
98.010000 6 396
98.010000 7 430
98.010000 8 419
99.010000 0 469
99.010000 1 428
99.010000 2 449
99.010000 3 430
99.010000 4 356
99.010000 5 452
99.010000 6 449
99.010000 7 470
99.010000 8 469
100.010000 0 422
100.010000 1 386
100.010000 2 395
100.010000 3 378
100.010000 4 319
100.010000 5 404
100.010000 6 395
100.010000 7 426
100.010000 8 422
101.010000 0 404
101.010000 1 373
101.010000 2 390
101.010000 3 377
101.010000 4 314
101.010000 5 395
101.010000 6 390
101.010000 7 411
101.010000 8 404
102.010000 0 397
102.010000 1 367
102.010000 2 384
102.010000 3 367
102.010000 4 307
102.010000 5 387
102.010000 6 384
102.010000 7 407
102.010000 8 397
103.010000 0 414
103.010000 1 374
103.010000 2 391
103.010000 3 376
103.010000 4 312
103.010000 5 394
103.010000 6 391
103.010000 7 421
103.010000 8 414
104.010000 0 430
104.010000 1 400
104.010000 2 406
104.010000 3 392
104.010000 4 336
104.010000 5 415
104.010000 6 406
104.010000 7 435
104.010000 8 430
105.010000 0 421
105.010000 1 391
105.010000 2 406
105.010000 3 388
105.010000 4 321
105.010000 5 399
105.010000 6 406
105.010000 7 428
105.010000 8 421
106.010000 0 425
106.010000 1 390
106.010000 2 403
106.010000 3 386
106.010000 4 323
106.010000 5 411
106.010000 6 403
106.010000 7 428
106.010000 8 425
107.010000 0 461
107.010000 1 425
107.010000 2 439
107.010000 3 430
107.010000 4 358
107.010000 5 435
107.010000 6 439
107.010000 7 470
107.010000 8 461
108.010000 0 406
108.010000 1 377
108.010000 2 386
108.010000 3 370
108.010000 4 308
108.010000 5 391
108.010000 6 386
108.010000 7 408
108.010000 8 406
109.010000 0 463
109.010000 1 425
109.010000 2 444
109.010000 3 418
109.010000 4 359
109.010000 5 456
109.010000 6 444
109.010000 7 471
109.010000 8 463
110.010000 0 455
110.010000 1 413
110.010000 2 432
110.010000 3 420
110.010000 4 350
110.010000 5 438
110.010000 6 432
110.010000 7 462
110.010000 8 455
111.010000 0 435
111.010000 1 403
111.010000 2 418
111.010000 3 401
111.010000 4 333
111.010000 5 422
111.010000 6 418
111.010000 7 438
111.010000 8 435
112.010000 0 453
112.010000 1 424
112.010000 2 429
112.010000 3 417
112.010000 4 350
112.010000 5 424
112.010000 6 429
112.010000 7 461
112.010000 8 453
113.010000 0 425
113.010000 1 383
113.010000 2 408
113.010000 3 392
113.010000 4 330
113.010000 5 420
113.010000 6 408
113.010000 7 432
113.010000 8 425
114.010000 0 438
114.010000 1 395
114.010000 2 415
114.010000 3 401
114.010000 4 331
114.010000 5 423
114.010000 6 415
114.010000 7 441
114.010000 8 438
115.010000 0 397
115.010000 1 367
115.010000 2 386
115.010000 3 366
115.010000 4 304
115.010000 5 386
115.010000 6 386
115.010000 7 404
115.010000 8 397
116.010000 0 440
116.010000 1 400
116.010000 2 418
116.010000 3 401
116.010000 4 337
116.010000 5 427
116.010000 6 418
116.010000 7 445
116.010000 8 440
117.010000 0 428
117.010000 1 393
117.010000 2 399
117.010000 3 384
117.010000 4 320
117.010000 5 402
117.010000 6 399
117.010000 7 428
117.010000 8 428
118.010000 0 464
118.010000 1 419
118.010000 2 444
118.010000 3 426
118.010000 4 356
118.010000 5 456
118.010000 6 444
118.010000 7 471
118.010000 8 464
119.010000 0 442
119.010000 1 409
119.010000 2 421
119.010000 3 405
119.010000 4 341
119.010000 5 421
119.010000 6 421
119.010000 7 447
119.010000 8 442
120.010000 0 474
120.010000 1 436
120.010000 2 450
120.010000 3 437
120.010000 4 361
120.010000 5 448
120.010000 6 450
120.010000 7 478
120.010000 8 474
121.010000 0 394
121.010000 1 364
121.010000 2 374
121.010000 3 355
121.010000 4 301
121.010000 5 383
121.010000 6 374
121.010000 7 397
121.010000 8 394
122.010000 0 438
122.010000 1 398
122.010000 2 418
122.010000 3 405
122.010000 4 339
122.010000 5 425
122.010000 6 418
122.010000 7 445
122.010000 8 438
123.010000 0 440
123.010000 1 403
123.010000 2 411
123.010000 3 398
123.010000 4 339
123.010000 5 420
123.010000 6 411
123.010000 7 445
123.010000 8 440
124.010000 0 438
124.010000 1 407
124.010000 2 415
124.010000 3 406
124.010000 4 342
124.010000 5 422
124.010000 6 415
124.010000 7 444
124.010000 8 438
125.010000 0 401
125.010000 1 363
125.010000 2 389
125.010000 3 375
125.010000 4 308
125.010000 5 396
125.010000 6 389
125.010000 7 402
125.010000 8 401
126.010000 0 414
126.010000 1 374
126.010000 2 396
126.010000 3 376
126.010000 4 312
126.010000 5 402
126.010000 6 396
126.010000 7 420
126.010000 8 414
127.010000 0 413
127.010000 1 387
127.010000 2 406
127.010000 3 391
127.010000 4 327
127.010000 5 413
127.010000 6 406
127.010000 7 423
127.010000 8 413
128.010000 0 452
128.010000 1 415
128.010000 2 435
128.010000 3 415
128.010000 4 348
128.010000 5 438
128.010000 6 435
128.010000 7 461
128.010000 8 452
129.010000 0 433
129.010000 1 407
129.010000 2 419
129.010000 3 407
129.010000 4 339
129.010000 5 421
129.010000 6 419
129.010000 7 442
129.010000 8 433
130.010000 0 427
130.010000 1 403
130.010000 2 416
130.010000 3 398
130.010000 4 339
130.010000 5 421
130.010000 6 416
130.010000 7 440
130.010000 8 427
131.010000 0 418
131.010000 1 384
131.010000 2 401
131.010000 3 387
131.010000 4 324
131.010000 5 409
131.010000 6 401
131.010000 7 425
131.010000 8 418
132.010000 0 394
132.010000 1 358
132.010000 2 376
132.010000 3 366
132.010000 4 300
132.010000 5 379
132.010000 6 376
132.010000 7 395
132.010000 8 394
133.010000 0 445
133.010000 1 408
133.010000 2 418
133.010000 3 410
133.010000 4 343
133.010000 5 424
133.010000 6 418
133.010000 7 450
133.010000 8 445
134.010000 0 405
134.010000 1 372
134.010000 2 385
134.010000 3 370
134.010000 4 312
134.010000 5 392
134.010000 6 385
134.010000 7 410
134.010000 8 405
135.010000 0 429
135.010000 1 397
135.010000 2 411
135.010000 3 397
135.010000 4 332
135.010000 5 417
135.010000 6 411
135.010000 7 437
135.010000 8 429
136.010000 0 437
136.010000 1 398
136.010000 2 412
136.010000 3 396
136.010000 4 331
136.010000 5 417
136.010000 6 412
136.010000 7 441
136.010000 8 437
137.010000 0 419
137.010000 1 393
137.010000 2 398
137.010000 3 383
137.010000 4 325
137.010000 5 401
137.010000 6 398
137.010000 7 429
137.010000 8 419
138.010000 0 431
138.010000 1 397
138.010000 2 413
138.010000 3 399
138.010000 4 334
138.010000 5 419
138.010000 6 413
138.010000 7 439
138.010000 8 431
139.010000 0 426
139.010000 1 387
139.010000 2 408
139.010000 3 389
139.010000 4 323
139.010000 5 417
139.010000 6 408
139.010000 7 428
139.010000 8 426
140.010000 0 384
140.010000 1 355
140.010000 2 363
140.010000 3 351
140.010000 4 297
140.010000 5 369
140.010000 6 363
140.010000 7 389
140.010000 8 384
141.010000 0 449
141.010000 1 412
141.010000 2 429
141.010000 3 414
141.010000 4 344
141.010000 5 432
141.010000 6 429
141.010000 7 454
141.010000 8 449
142.010000 0 430
142.010000 1 391
142.010000 2 416
142.010000 3 401
142.010000 4 334
142.010000 5 423
142.010000 6 416
142.010000 7 437
142.010000 8 430
143.010000 0 445
143.010000 1 406
143.010000 2 428
143.010000 3 411
143.010000 4 341
143.010000 5 436
143.010000 6 428
143.010000 7 449
143.010000 8 445
144.010000 0 453
144.010000 1 418
144.010000 2 431
144.010000 3 414
144.010000 4 349
144.010000 5 440
144.010000 6 431
144.010000 7 453
144.010000 8 453
145.010000 0 404
145.010000 1 366
145.010000 2 384
145.010000 3 369
145.010000 4 305
145.010000 5 393
145.010000 6 384
145.010000 7 407
145.010000 8 404
146.010000 0 440
146.010000 1 403
146.010000 2 420
146.010000 3 396
146.010000 4 337
146.010000 5 432
146.010000 6 420
146.010000 7 440
146.010000 8 440
147.010000 0 454
147.010000 1 415
147.010000 2 433
147.010000 3 422
147.010000 4 352
147.010000 5 441
147.010000 6 433
147.010000 7 459
147.010000 8 454
148.010000 0 466
148.010000 1 426
148.010000 2 453
148.010000 3 430
148.010000 4 353
148.010000 5 454
148.010000 6 453
148.010000 7 472
148.010000 8 466
149.010000 0 429
149.010000 1 393
149.010000 2 401
149.010000 3 392
149.010000 4 331
149.010000 5 410
149.010000 6 401
149.010000 7 434
149.010000 8 429
