0.010000 0 7
0.010000 1 23
0.010000 2 21
0.010000 3 17
0.010000 4 23
0.010000 5 21
0.010000 6 23
0.010000 7 23
0.010000 8 23
0.010000 9 23
0.010000 10 23
0.010000 11 22
0.010000 12 22
0.010000 13 23
0.010000 14 14
0.010000 15 20
0.010000 16 23
0.010000 17 11
0.010000 18 13
0.010000 19 22
1.010000 0 760
1.010000 1 861
1.010000 2 720
1.010000 3 823
1.010000 4 828
1.010000 5 832
1.010000 6 842
1.010000 7 845
1.010000 8 852
1.010000 9 854
1.010000 10 807
1.010000 11 854
1.010000 12 815
1.010000 13 816
1.010000 14 829
1.010000 15 800
1.010000 16 849
1.010000 17 792
1.010000 18 820
1.010000 19 805
2.010000 0 605
2.010000 1 672
2.010000 2 600
2.010000 3 659
2.010000 4 680
2.010000 5 646
2.010000 6 680
2.010000 7 659
2.010000 8 676
2.010000 9 659
2.010000 10 657
2.010000 11 654
2.010000 12 656
2.010000 13 661
2.010000 14 660
2.010000 15 625
2.010000 16 676
2.010000 17 642
2.010000 18 661
2.010000 19 656
3.010000 0 434
3.010000 1 499
3.010000 2 430
3.010000 3 491
3.010000 4 496
3.010000 5 485
3.010000 6 496
3.010000 7 486
3.010000 8 495
3.010000 9 504
3.010000 10 475
3.010000 11 492
3.010000 12 479
3.010000 13 480
3.010000 14 474
3.010000 15 469
3.010000 16 491
3.010000 17 471
3.010000 18 472
3.010000 19 479
4.010000 0 477
4.010000 1 553
4.010000 2 483
4.010000 3 523
4.010000 4 525
4.010000 5 534
4.010000 6 551
4.010000 7 541
4.010000 8 552
4.010000 9 547
4.010000 10 555
4.010000 11 564
4.010000 12 532
4.010000 13 537
4.010000 14 534
4.010000 15 514
4.010000 16 547
4.010000 17 504
4.010000 18 534
4.010000 19 532
5.010000 0 447
5.010000 1 506
5.010000 2 451
5.010000 3 492
5.010000 4 511
5.010000 5 486
5.010000 6 502
5.010000 7 488
5.010000 8 501
5.010000 9 494
5.010000 10 482
5.010000 11 498
5.010000 12 486
5.010000 13 488
5.010000 14 485
5.010000 15 470
5.010000 16 499
5.010000 17 477
5.010000 18 488
5.010000 19 498
6.010000 0 550
6.010000 1 638
6.010000 2 560
6.010000 3 608
6.010000 4 611
6.010000 5 613
6.010000 6 647
6.010000 7 622
6.010000 8 634
6.010000 9 620
6.010000 10 613
6.010000 11 630
6.010000 12 617
6.010000 13 613
6.010000 14 615
6.010000 15 594
6.010000 16 629
6.010000 17 591
6.010000 18 615
6.010000 19 614
7.010000 0 554
7.010000 1 649
7.010000 2 565
7.010000 3 614
7.010000 4 621
7.010000 5 610
7.010000 6 627
7.010000 7 615
7.010000 8 615
7.010000 9 621
7.010000 10 580
7.010000 11 622
7.010000 12 619
7.010000 13 609
7.010000 14 609
7.010000 15 601
7.010000 16 620
7.010000 17 599
7.010000 18 611
7.010000 19 619
8.010000 0 530
8.010000 1 604
8.010000 2 517
8.010000 3 583
8.010000 4 592
8.010000 5 582
8.010000 6 601
8.010000 7 589
8.010000 8 600
8.010000 9 597
8.010000 10 585
8.010000 11 597
8.010000 12 569
8.010000 13 585
8.010000 14 584
8.010000 15 552
8.010000 16 597
8.010000 17 565
8.010000 18 581
8.010000 19 571
9.010000 0 445
9.010000 1 521
9.010000 2 468
9.010000 3 495
9.010000 4 510
9.010000 5 521
9.010000 6 514
9.010000 7 504
9.010000 8 520
9.010000 9 516
9.010000 10 505
9.010000 11 513
9.010000 12 504
9.010000 13 502
9.010000 14 498
9.010000 15 505
9.010000 16 516
9.010000 17 477
9.010000 18 498
9.010000 19 504
10.010000 0 504
10.010000 1 584
10.010000 2 499
10.010000 3 569
10.010000 4 571
10.010000 5 547
10.010000 6 579
10.010000 7 565
10.010000 8 576
10.010000 9 571
10.010000 10 562
10.010000 11 557
10.010000 12 564
10.010000 13 556
10.010000 14 559
10.010000 15 537
10.010000 16 570
10.010000 17 554
10.010000 18 558
10.010000 19 562
11.010000 0 496
11.010000 1 561
11.010000 2 489
11.010000 3 545
11.010000 4 550
11.010000 5 541
11.010000 6 557
11.010000 7 550
11.010000 8 557
11.010000 9 569
11.010000 10 538
11.010000 11 561
11.010000 12 540
11.010000 13 545
11.010000 14 538
11.010000 15 523
11.010000 16 539
11.010000 17 525
11.010000 18 537
11.010000 19 539
12.010000 0 464
12.010000 1 515
12.010000 2 463
12.010000 3 503
12.010000 4 503
12.010000 5 496
12.010000 6 509
12.010000 7 498
12.010000 8 511
12.010000 9 494
12.010000 10 493
12.010000 11 509
12.010000 12 495
12.010000 13 498
12.010000 14 494
12.010000 15 479
12.010000 16 526
12.010000 17 482
12.010000 18 508
12.010000 19 510
13.010000 0 433
13.010000 1 503
13.010000 2 433
13.010000 3 483
13.010000 4 507
13.010000 5 482
13.010000 6 499
13.010000 7 487
13.010000 8 497
13.010000 9 508
13.010000 10 479
13.010000 11 491
13.010000 12 481
13.010000 13 479
13.010000 14 484
13.010000 15 467
13.010000 16 491
13.010000 17 472
13.010000 18 483
13.010000 19 480
14.010000 0 589
14.010000 1 689
14.010000 2 605
14.010000 3 663
14.010000 4 660
14.010000 5 664
14.010000 6 685
14.010000 7 669
14.010000 8 685
14.010000 9 682
14.010000 10 660
14.010000 11 680
14.010000 12 663
14.010000 13 666
14.010000 14 662
14.010000 15 643
14.010000 16 662
14.010000 17 643
14.010000 18 649
14.010000 19 660
15.010000 0 447
15.010000 1 501
15.010000 2 435
15.010000 3 485
15.010000 4 491
15.010000 5 474
15.010000 6 500
15.010000 7 488
15.010000 8 502
15.010000 9 498
15.010000 10 505
15.010000 11 512
15.010000 12 481
15.010000 13 488
15.010000 14 488
15.010000 15 452
15.010000 16 514
15.010000 17 467
15.010000 18 488
15.010000 19 480
16.010000 0 745
16.010000 1 875
16.010000 2 799
16.010000 3 857
16.010000 4 864
16.010000 5 850
16.010000 6 790
16.010000 7 855
16.010000 8 870
16.010000 9 866
16.010000 10 772
16.010000 11 853
16.010000 12 854
16.010000 13 856
16.010000 14 798
16.010000 15 832
16.010000 16 832
16.010000 17 786
16.010000 18 797
16.010000 19 852
17.010000 0 747
17.010000 1 876
17.010000 2 789
17.010000 3 853
17.010000 4 864
17.010000 5 852
17.010000 6 781
17.010000 7 858
17.010000 8 871
17.010000 9 864
17.010000 10 754
17.010000 11 866
17.010000 12 859
17.010000 13 850
17.010000 14 802
17.010000 15 843
17.010000 16 817
17.010000 17 786
17.010000 18 798
17.010000 19 844
18.010000 0 614
18.010000 1 729
18.010000 2 682
18.010000 3 702
18.010000 4 726
18.010000 5 716
18.010000 6 666
18.010000 7 718
18.010000 8 730
18.010000 9 726
18.010000 10 642
18.010000 11 741
18.010000 12 716
18.010000 13 716
18.010000 14 666
18.010000 15 700
18.010000 16 690
18.010000 17 647
18.010000 18 673
18.010000 19 727
19.010000 0 731
19.010000 1 843
19.010000 2 733
19.010000 3 823
19.010000 4 838
19.010000 5 801
19.010000 6 743
19.010000 7 821
19.010000 8 834
19.010000 9 826
19.010000 10 741
19.010000 11 814
19.010000 12 811
19.010000 13 813
19.010000 14 790
19.010000 15 784
19.010000 16 787
19.010000 17 767
19.010000 18 771
19.010000 19 801
20.010000 0 667
20.010000 1 783
20.010000 2 714
20.010000 3 759
20.010000 4 771
20.010000 5 760
20.010000 6 704
20.010000 7 765
20.010000 8 779
20.010000 9 773
20.010000 10 686
20.010000 11 771
20.010000 12 769
20.010000 13 761
20.010000 14 718
20.010000 15 752
20.010000 16 740
20.010000 17 704
20.010000 18 722
20.010000 19 766
21.010000 0 730
21.010000 1 852
21.010000 2 789
21.010000 3 834
21.010000 4 841
21.010000 5 842
21.010000 6 769
21.010000 7 833
21.010000 8 849
21.010000 9 829
21.010000 10 745
21.010000 11 847
21.010000 12 830
21.010000 13 834
21.010000 14 781
21.010000 15 824
21.010000 16 805
21.010000 17 770
21.010000 18 780
21.010000 19 832
22.010000 0 720
22.010000 1 836
22.010000 2 763
22.010000 3 804
22.010000 4 824
22.010000 5 816
22.010000 6 763
22.010000 7 818
22.010000 8 834
22.010000 9 828
22.010000 10 742
22.010000 11 829
22.010000 12 815
22.010000 13 818
22.010000 14 776
22.010000 15 799
22.010000 16 793
22.010000 17 747
22.010000 18 772
22.010000 19 818
23.010000 0 733
23.010000 1 859
23.010000 2 785
23.010000 3 834
23.010000 4 845
23.010000 5 831
23.010000 6 769
23.010000 7 842
23.010000 8 855
23.010000 9 849
23.010000 10 749
23.010000 11 850
23.010000 12 838
23.010000 13 836
23.010000 14 788
23.010000 15 814
23.010000 16 807
23.010000 17 771
23.010000 18 790
23.010000 19 838
24.010000 0 690
24.010000 1 802
24.010000 2 721
24.010000 3 781
24.010000 4 789
24.010000 5 791
24.010000 6 710
24.010000 7 788
24.010000 8 800
24.010000 9 793
24.010000 10 696
24.010000 11 813
24.010000 12 774
24.010000 13 783
24.010000 14 737
24.010000 15 767
24.010000 16 752
24.010000 17 718
24.010000 18 736
24.010000 19 773
25.010000 0 637
25.010000 1 750
25.010000 2 690
25.010000 3 739
25.010000 4 738
25.010000 5 721
25.010000 6 661
25.010000 7 748
25.010000 8 742
25.010000 9 742
25.010000 10 637
25.010000 11 735
25.010000 12 730
25.010000 13 726
25.010000 14 688
25.010000 15 709
25.010000 16 696
25.010000 17 687
25.010000 18 688
25.010000 19 730
26.010000 0 639
26.010000 1 746
26.010000 2 684
26.010000 3 714
26.010000 4 723
26.010000 5 725
26.010000 6 657
26.010000 7 701
26.010000 8 730
26.010000 9 727
26.010000 10 640
26.010000 11 728
26.010000 12 719
26.010000 13 740
26.010000 14 690
26.010000 15 710
26.010000 16 696
26.010000 17 661
26.010000 18 677
26.010000 19 719
27.010000 0 709
27.010000 1 835
27.010000 2 766
27.010000 3 812
27.010000 4 822
27.010000 5 817
27.010000 6 743
27.010000 7 817
27.010000 8 833
27.010000 9 825
27.010000 10 726
27.010000 11 829
27.010000 12 813
27.010000 13 818
27.010000 14 765
27.010000 15 800
27.010000 16 788
27.010000 17 742
27.010000 18 757
27.010000 19 813
28.010000 0 732
28.010000 1 842
28.010000 2 767
28.010000 3 831
28.010000 4 828
28.010000 5 819
28.010000 6 755
28.010000 7 825
28.010000 8 838
28.010000 9 832
28.010000 10 731
28.010000 11 836
28.010000 12 821
28.010000 13 823
28.010000 14 775
28.010000 15 801
28.010000 16 791
28.010000 17 768
28.010000 18 774
28.010000 19 818
29.010000 0 678
29.010000 1 766
29.010000 2 705
29.010000 3 736
29.010000 4 755
29.010000 5 747
29.010000 6 694
29.010000 7 750
29.010000 8 767
29.010000 9 760
29.010000 10 679
29.010000 11 761
29.010000 12 745
29.010000 13 752
29.010000 14 723
29.010000 15 729
29.010000 16 731
29.010000 17 680
29.010000 18 713
29.010000 19 757
30.010000 0 685
30.010000 1 817
30.010000 2 739
30.010000 3 806
30.010000 4 804
30.010000 5 781
30.010000 6 733
30.010000 7 818
30.010000 8 812
30.010000 9 812
30.010000 10 708
30.010000 11 808
30.010000 12 791
30.010000 13 798
30.010000 14 741
30.010000 15 761
30.010000 16 767
30.010000 17 743
30.010000 18 746
30.010000 19 790
31.010000 0 682
31.010000 1 794
31.010000 2 737
31.010000 3 777
31.010000 4 783
31.010000 5 793
31.010000 6 700
31.010000 7 777
31.010000 8 790
31.010000 9 787
31.010000 10 683
31.010000 11 791
31.010000 12 775
31.010000 13 779
31.010000 14 719
31.010000 15 778
31.010000 16 747
31.010000 17 710
31.010000 18 730
31.010000 19 778
32.010000 0 718
32.010000 1 827
32.010000 2 753
32.010000 3 807
32.010000 4 814
32.010000 5 805
32.010000 6 740
32.010000 7 810
32.010000 8 826
32.010000 9 820
32.010000 10 721
32.010000 11 820
32.010000 12 806
32.010000 13 808
32.010000 14 777
32.010000 15 788
32.010000 16 778
32.010000 17 746
32.010000 18 754
32.010000 19 804
33.010000 0 728
33.010000 1 850
33.010000 2 777
33.010000 3 823
33.010000 4 834
33.010000 5 820
33.010000 6 767
33.010000 7 807
33.010000 8 841
33.010000 9 836
33.010000 10 743
33.010000 11 839
33.010000 12 828
33.010000 13 826
33.010000 14 770
33.010000 15 808
33.010000 16 801
33.010000 17 768
33.010000 18 795
33.010000 19 833
34.010000 0 645
34.010000 1 750
34.010000 2 678
34.010000 3 733
34.010000 4 756
34.010000 5 732
34.010000 6 663
34.010000 7 753
34.010000 8 751
34.010000 9 741
34.010000 10 645
34.010000 11 744
34.010000 12 728
34.010000 13 734
34.010000 14 692
34.010000 15 715
34.010000 16 698
34.010000 17 668
34.010000 18 680
34.010000 19 728
35.010000 0 789
35.010000 1 923
35.010000 2 851
35.010000 3 898
35.010000 4 894
35.010000 5 901
35.010000 6 828
35.010000 7 897
35.010000 8 921
35.010000 9 900
35.010000 10 810
35.010000 11 916
35.010000 12 906
35.010000 13 904
35.010000 14 841
35.010000 15 889
35.010000 16 873
35.010000 17 824
35.010000 18 845
35.010000 19 907
36.010000 0 732
36.010000 1 851
36.010000 2 771
36.010000 3 829
36.010000 4 839
36.010000 5 821
36.010000 6 759
36.010000 7 836
36.010000 8 843
36.010000 9 842
36.010000 10 740
36.010000 11 845
36.010000 12 826
36.010000 13 833
36.010000 14 773
36.010000 15 801
36.010000 16 799
36.010000 17 757
36.010000 18 784
36.010000 19 828
37.010000 0 670
37.010000 1 780
37.010000 2 707
37.010000 3 761
37.010000 4 782
37.010000 5 757
37.010000 6 694
37.010000 7 759
37.010000 8 774
37.010000 9 772
37.010000 10 680
37.010000 11 772
37.010000 12 757
37.010000 13 759
37.010000 14 713
37.010000 15 742
37.010000 16 733
37.010000 17 702
37.010000 18 718
37.010000 19 760
38.010000 0 730
38.010000 1 836
38.010000 2 770
38.010000 3 806
38.010000 4 823
38.010000 5 818
38.010000 6 739
38.010000 7 819
38.010000 8 847
38.010000 9 839
38.010000 10 732
38.010000 11 820
38.010000 12 816
38.010000 13 822
38.010000 14 771
38.010000 15 802
38.010000 16 792
38.010000 17 744
38.010000 18 779
38.010000 19 823
39.010000 0 669
39.010000 1 775
39.010000 2 706
39.010000 3 779
39.010000 4 777
39.010000 5 766
39.010000 6 727
39.010000 7 774
39.010000 8 784
39.010000 9 788
39.010000 10 692
39.010000 11 779
39.010000 12 761
39.010000 13 770
39.010000 14 722
39.010000 15 741
39.010000 16 744
39.010000 17 720
39.010000 18 723
39.010000 19 750
40.010000 0 744
40.010000 1 865
40.010000 2 797
40.010000 3 818
40.010000 4 838
40.010000 5 843
40.010000 6 746
40.010000 7 834
40.010000 8 835
40.010000 9 843
40.010000 10 742
40.010000 11 845
40.010000 12 833
40.010000 13 836
40.010000 14 781
40.010000 15 826
40.010000 16 807
40.010000 17 748
40.010000 18 795
40.010000 19 837
41.010000 0 697
41.010000 1 833
41.010000 2 758
41.010000 3 815
41.010000 4 825
41.010000 5 808
41.010000 6 755
41.010000 7 818
41.010000 8 826
41.010000 9 824
41.010000 10 728
41.010000 11 824
41.010000 12 812
41.010000 13 816
41.010000 14 756
41.010000 15 791
41.010000 16 782
41.010000 17 756
41.010000 18 761
41.010000 19 811
42.010000 0 694
42.010000 1 803
42.010000 2 711
42.010000 3 787
42.010000 4 789
42.010000 5 766
42.010000 6 718
42.010000 7 783
42.010000 8 797
42.010000 9 791
42.010000 10 694
42.010000 11 792
42.010000 12 776
42.010000 13 779
42.010000 14 752
42.010000 15 749
42.010000 16 750
42.010000 17 735
42.010000 18 739
42.010000 19 775
43.010000 0 682
43.010000 1 786
43.010000 2 723
43.010000 3 765
43.010000 4 773
43.010000 5 776
43.010000 6 709
43.010000 7 769
43.010000 8 782
43.010000 9 781
43.010000 10 686
43.010000 11 778
43.010000 12 761
43.010000 13 770
43.010000 14 726
43.010000 15 755
43.010000 16 743
43.010000 17 709
43.010000 18 734
43.010000 19 764
44.010000 0 674
44.010000 1 797
44.010000 2 744
44.010000 3 774
44.010000 4 785
44.010000 5 775
44.010000 6 712
44.010000 7 778
44.010000 8 791
44.010000 9 789
44.010000 10 689
44.010000 11 786
44.010000 12 788
44.010000 13 777
44.010000 14 731
44.010000 15 758
44.010000 16 747
44.010000 17 718
44.010000 18 730
44.010000 19 778
45.010000 0 624
45.010000 1 737
45.010000 2 667
45.010000 3 721
45.010000 4 729
45.010000 5 726
45.010000 6 664
45.010000 7 725
45.010000 8 747
45.010000 9 728
45.010000 10 635
45.010000 11 733
45.010000 12 717
45.010000 13 716
45.010000 14 671
45.010000 15 711
45.010000 16 691
45.010000 17 659
45.010000 18 667
45.010000 19 716
46.010000 0 735
46.010000 1 854
46.010000 2 763
46.010000 3 830
46.010000 4 842
46.010000 5 839
46.010000 6 759
46.010000 7 837
46.010000 8 849
46.010000 9 839
46.010000 10 738
46.010000 11 845
46.010000 12 818
46.010000 13 828
46.010000 14 787
46.010000 15 822
46.010000 16 798
46.010000 17 770
46.010000 18 787
46.010000 19 828
47.010000 0 679
47.010000 1 785
47.010000 2 708
47.010000 3 767
47.010000 4 790
47.010000 5 754
47.010000 6 696
47.010000 7 767
47.010000 8 781
47.010000 9 775
47.010000 10 679
47.010000 11 779
47.010000 12 761
47.010000 13 766
47.010000 14 714
47.010000 15 739
47.010000 16 736
47.010000 17 705
47.010000 18 728
47.010000 19 765
48.010000 0 673
48.010000 1 807
48.010000 2 734
48.010000 3 781
48.010000 4 788
48.010000 5 781
48.010000 6 720
48.010000 7 785
48.010000 8 796
48.010000 9 795
48.010000 10 703
48.010000 11 793
48.010000 12 776
48.010000 13 782
48.010000 14 730
48.010000 15 761
48.010000 16 757
48.010000 17 716
48.010000 18 726
48.010000 19 785
49.010000 0 713
49.010000 1 789
49.010000 2 720
49.010000 3 780
49.010000 4 758
49.010000 5 763
49.010000 6 715
49.010000 7 769
49.010000 8 774
49.010000 9 785
49.010000 10 709
49.010000 11 787
49.010000 12 769
49.010000 13 777
49.010000 14 746
49.010000 15 742
49.010000 16 751
49.010000 17 721
49.010000 18 734
49.010000 19 769
50.010000 0 719
50.010000 1 839
50.010000 2 769
50.010000 3 823
50.010000 4 826
50.010000 5 818
50.010000 6 748
50.010000 7 824
50.010000 8 835
50.010000 9 832
50.010000 10 729
50.010000 11 834
50.010000 12 819
50.010000 13 822
50.010000 14 765
50.010000 15 801
50.010000 16 790
50.010000 17 753
50.010000 18 765
50.010000 19 819
51.010000 0 700
51.010000 1 820
51.010000 2 740
51.010000 3 798
51.010000 4 809
51.010000 5 803
51.010000 6 734
51.010000 7 804
51.010000 8 815
51.010000 9 811
51.010000 10 715
51.010000 11 812
51.010000 12 796
51.010000 13 796
51.010000 14 754
51.010000 15 786
51.010000 16 769
51.010000 17 738
51.010000 18 751
51.010000 19 796
52.010000 0 696
52.010000 1 821
52.010000 2 773
52.010000 3 798
52.010000 4 809
52.010000 5 801
52.010000 6 724
52.010000 7 803
52.010000 8 816
52.010000 9 810
52.010000 10 704
52.010000 11 811
52.010000 12 821
52.010000 13 798
52.010000 14 748
52.010000 15 792
52.010000 16 768
52.010000 17 733
52.010000 18 748
52.010000 19 806
53.010000 0 768
53.010000 1 904
53.010000 2 814
53.010000 3 883
53.010000 4 887
53.010000 5 888
53.010000 6 822
53.010000 7 884
53.010000 8 895
53.010000 9 875
53.010000 10 771
53.010000 11 890
53.010000 12 864
53.010000 13 877
53.010000 14 829
53.010000 15 871
53.010000 16 852
53.010000 17 820
53.010000 18 830
53.010000 19 874
54.010000 0 641
54.010000 1 741
54.010000 2 670
54.010000 3 727
54.010000 4 731
54.010000 5 707
54.010000 6 662
54.010000 7 726
54.010000 8 740
54.010000 9 736
54.010000 10 664
54.010000 11 738
54.010000 12 731
54.010000 13 721
54.010000 14 687
54.010000 15 689
54.010000 16 683
54.010000 17 669
54.010000 18 687
54.010000 19 718
55.010000 0 692
55.010000 1 802
55.010000 2 728
55.010000 3 771
55.010000 4 794
55.010000 5 786
55.010000 6 716
55.010000 7 786
55.010000 8 816
55.010000 9 791
55.010000 10 703
55.010000 11 798
55.010000 12 782
55.010000 13 785
55.010000 14 738
55.010000 15 775
55.010000 16 769
55.010000 17 705
55.010000 18 736
55.010000 19 785
56.010000 0 682
56.010000 1 780
56.010000 2 713
56.010000 3 771
56.010000 4 764
56.010000 5 759
56.010000 6 702
56.010000 7 763
56.010000 8 760
56.010000 9 774
56.010000 10 679
56.010000 11 767
56.010000 12 772
56.010000 13 785
56.010000 14 720
56.010000 15 740
56.010000 16 738
56.010000 17 715
56.010000 18 720
56.010000 19 746
57.010000 0 722
57.010000 1 840
57.010000 2 767
57.010000 3 816
57.010000 4 826
57.010000 5 815
57.010000 6 759
57.010000 7 819
57.010000 8 834
57.010000 9 831
57.010000 10 739
57.010000 11 822
57.010000 12 817
57.010000 13 817
57.010000 14 776
57.010000 15 797
57.010000 16 794
57.010000 17 756
57.010000 18 774
57.010000 19 818
58.010000 0 689
58.010000 1 792
58.010000 2 697
58.010000 3 771
58.010000 4 778
58.010000 5 767
58.010000 6 708
58.010000 7 778
58.010000 8 788
58.010000 9 777
58.010000 10 691
58.010000 11 800
58.010000 12 749
58.010000 13 771
58.010000 14 725
58.010000 15 746
58.010000 16 744
58.010000 17 709
58.010000 18 736
58.010000 19 767
59.010000 0 718
59.010000 1 852
59.010000 2 808
59.010000 3 824
59.010000 4 843
59.010000 5 839
59.010000 6 770
59.010000 7 829
59.010000 8 848
59.010000 9 844
59.010000 10 740
59.010000 11 841
59.010000 12 849
59.010000 13 805
59.010000 14 783
59.010000 15 828
59.010000 16 788
59.010000 17 767
59.010000 18 781
59.010000 19 836
60.010000 0 641
60.010000 1 759
60.010000 2 691
60.010000 3 741
60.010000 4 747
60.010000 5 740
60.010000 6 673
60.010000 7 758
60.010000 8 754
60.010000 9 751
60.010000 10 658
60.010000 11 749
60.010000 12 738
60.010000 13 740
60.010000 14 691
60.010000 15 723
60.010000 16 727
60.010000 17 681
60.010000 18 690
60.010000 19 737
61.010000 0 737
61.010000 1 851
61.010000 2 784
61.010000 3 824
61.010000 4 835
61.010000 5 830
61.010000 6 768
61.010000 7 819
61.010000 8 847
61.010000 9 843
61.010000 10 747
61.010000 11 846
61.010000 12 832
61.010000 13 833
61.010000 14 781
61.010000 15 813
61.010000 16 805
61.010000 17 760
61.010000 18 794
61.010000 19 834
62.010000 0 724
62.010000 1 826
62.010000 2 753
62.010000 3 810
62.010000 4 813
62.010000 5 811
62.010000 6 740
62.010000 7 810
62.010000 8 825
62.010000 9 803
62.010000 10 723
62.010000 11 821
62.010000 12 802
62.010000 13 811
62.010000 14 768
62.010000 15 791
62.010000 16 786
62.010000 17 749
62.010000 18 764
62.010000 19 801
63.010000 0 697
63.010000 1 812
63.010000 2 752
63.010000 3 789
63.010000 4 800
63.010000 5 800
63.010000 6 723
63.010000 7 795
63.010000 8 810
63.010000 9 807
63.010000 10 706
63.010000 11 806
63.010000 12 793
63.010000 13 796
63.010000 14 752
63.010000 15 783
63.010000 16 766
63.010000 17 725
63.010000 18 742
63.010000 19 792
64.010000 0 688
64.010000 1 778
64.010000 2 707
64.010000 3 761
64.010000 4 766
64.010000 5 758
64.010000 6 702
64.010000 7 763
64.010000 8 777
64.010000 9 773
64.010000 10 689
64.010000 11 774
64.010000 12 758
64.010000 13 762
64.010000 14 733
64.010000 15 741
64.010000 16 739
64.010000 17 702
64.010000 18 721
64.010000 19 760
65.010000 0 732
65.010000 1 841
65.010000 2 780
65.010000 3 837
65.010000 4 840
65.010000 5 833
65.010000 6 776
65.010000 7 838
65.010000 8 853
65.010000 9 849
65.010000 10 759
65.010000 11 851
65.010000 12 833
65.010000 13 838
65.010000 14 777
65.010000 15 814
65.010000 16 814
65.010000 17 763
65.010000 18 779
65.010000 19 834
66.010000 0 683
66.010000 1 820
66.010000 2 733
66.010000 3 786
66.010000 4 798
66.010000 5 798
66.010000 6 718
66.010000 7 793
66.010000 8 803
66.010000 9 797
66.010000 10 695
66.010000 11 798
66.010000 12 786
66.010000 13 785
66.010000 14 735
66.010000 15 785
66.010000 16 753
66.010000 17 720
66.010000 18 734
66.010000 19 787
67.010000 0 665
67.010000 1 772
67.010000 2 716
67.010000 3 760
67.010000 4 760
67.010000 5 763
67.010000 6 685
67.010000 7 760
67.010000 8 769
67.010000 9 769
67.010000 10 667
67.010000 11 770
67.010000 12 755
67.010000 13 778
67.010000 14 707
67.010000 15 743
67.010000 16 728
67.010000 17 697
67.010000 18 708
67.010000 19 751
68.010000 0 718
68.010000 1 829
68.010000 2 751
68.010000 3 804
68.010000 4 817
68.010000 5 807
68.010000 6 748
68.010000 7 807
68.010000 8 825
68.010000 9 820
68.010000 10 726
68.010000 11 818
68.010000 12 804
68.010000 13 791
68.010000 14 777
68.010000 15 789
68.010000 16 781
68.010000 17 751
68.010000 18 767
68.010000 19 803
69.010000 0 690
69.010000 1 815
69.010000 2 747
69.010000 3 793
69.010000 4 802
69.010000 5 793
69.010000 6 726
69.010000 7 800
69.010000 8 809
69.010000 9 805
69.010000 10 706
69.010000 11 809
69.010000 12 796
69.010000 13 813
69.010000 14 743
69.010000 15 776
69.010000 16 768
69.010000 17 727
69.010000 18 743
69.010000 19 796
70.010000 0 676
70.010000 1 793
70.010000 2 737
70.010000 3 773
70.010000 4 782
70.010000 5 783
70.010000 6 718
70.010000 7 779
70.010000 8 791
70.010000 9 790
70.010000 10 700
70.010000 11 788
70.010000 12 776
70.010000 13 778
70.010000 14 726
70.010000 15 765
70.010000 16 753
70.010000 17 707
70.010000 18 726
70.010000 19 775
71.010000 0 752
71.010000 1 879
71.010000 2 802
71.010000 3 856
71.010000 4 864
71.010000 5 856
71.010000 6 785
71.010000 7 860
71.010000 8 875
71.010000 9 870
71.010000 10 760
71.010000 11 870
71.010000 12 856
71.010000 13 855
71.010000 14 807
71.010000 15 838
71.010000 16 825
71.010000 17 791
71.010000 18 805
71.010000 19 854
72.010000 0 738
72.010000 1 835
72.010000 2 744
72.010000 3 816
72.010000 4 821
72.010000 5 798
72.010000 6 743
72.010000 7 816
72.010000 8 829
72.010000 9 822
72.010000 10 722
72.010000 11 825
72.010000 12 809
72.010000 13 814
72.010000 14 776
72.010000 15 780
72.010000 16 781
72.010000 17 764
72.010000 18 784
72.010000 19 809
73.010000 0 776
73.010000 1 913
73.010000 2 834
73.010000 3 895
73.010000 4 900
73.010000 5 895
73.010000 6 821
73.010000 7 897
73.010000 8 910
73.010000 9 905
73.010000 10 780
73.010000 11 907
73.010000 12 887
73.010000 13 895
73.010000 14 830
73.010000 15 877
73.010000 16 866
73.010000 17 817
73.010000 18 827
73.010000 19 891
74.010000 0 650
74.010000 1 791
74.010000 2 727
74.010000 3 769
74.010000 4 779
74.010000 5 782
74.010000 6 712
74.010000 7 795
74.010000 8 786
74.010000 9 786
74.010000 10 689
74.010000 11 780
74.010000 12 769
74.010000 13 771
74.010000 14 723
74.010000 15 765
74.010000 16 744
74.010000 17 708
74.010000 18 704
74.010000 19 767
75.010000 0 745
75.010000 1 850
75.010000 2 767
75.010000 3 824
75.010000 4 837
75.010000 5 828
75.010000 6 762
75.010000 7 811
75.010000 8 846
75.010000 9 838
75.010000 10 748
75.010000 11 840
75.010000 12 825
75.010000 13 802
75.010000 14 799
75.010000 15 811
75.010000 16 800
75.010000 17 772
75.010000 18 790
75.010000 19 826
76.010000 0 673
76.010000 1 793
76.010000 2 719
76.010000 3 771
76.010000 4 781
76.010000 5 772
76.010000 6 709
76.010000 7 796
76.010000 8 790
76.010000 9 784
76.010000 10 688
76.010000 11 784
76.010000 12 770
76.010000 13 774
76.010000 14 724
76.010000 15 755
76.010000 16 743
76.010000 17 708
76.010000 18 725
76.010000 19 771
77.010000 0 792
77.010000 1 919
77.010000 2 846
77.010000 3 894
77.010000 4 890
77.010000 5 894
77.010000 6 834
77.010000 7 883
77.010000 8 915
77.010000 9 910
77.010000 10 812
77.010000 11 912
77.010000 12 900
77.010000 13 901
77.010000 14 851
77.010000 15 875
77.010000 16 872
77.010000 17 828
77.010000 18 848
77.010000 19 900
78.010000 0 647
78.010000 1 753
78.010000 2 675
78.010000 3 735
78.010000 4 741
78.010000 5 729
78.010000 6 671
78.010000 7 754
78.010000 8 746
78.010000 9 741
78.010000 10 651
78.010000 11 745
78.010000 12 727
78.010000 13 732
78.010000 14 691
78.010000 15 711
78.010000 16 705
78.010000 17 682
78.010000 18 692
78.010000 19 726
79.010000 0 704
79.010000 1 821
79.010000 2 752
79.010000 3 798
79.010000 4 809
79.010000 5 801
79.010000 6 743
79.010000 7 807
79.010000 8 818
79.010000 9 813
79.010000 10 721
79.010000 11 814
79.010000 12 802
79.010000 13 804
79.010000 14 761
79.010000 15 784
79.010000 16 774
79.010000 17 741
79.010000 18 759
79.010000 19 801
80.010000 0 686
80.010000 1 793
80.010000 2 719
80.010000 3 767
80.010000 4 779
80.010000 5 776
80.010000 6 702
80.010000 7 776
80.010000 8 789
80.010000 9 782
80.010000 10 686
80.010000 11 787
80.010000 12 768
80.010000 13 775
80.010000 14 730
80.010000 15 759
80.010000 16 745
80.010000 17 702
80.010000 18 731
80.010000 19 772
81.010000 0 644
81.010000 1 738
81.010000 2 666
81.010000 3 723
81.010000 4 742
81.010000 5 717
81.010000 6 658
81.010000 7 722
81.010000 8 736
81.010000 9 728
81.010000 10 639
81.010000 11 732
81.010000 12 716
81.010000 13 718
81.010000 14 689
81.010000 15 702
81.010000 16 694
81.010000 17 670
81.010000 18 678
81.010000 19 717
82.010000 0 716
82.010000 1 837
82.010000 2 762
82.010000 3 816
82.010000 4 824
82.010000 5 817
82.010000 6 756
82.010000 7 820
82.010000 8 834
82.010000 9 827
82.010000 10 731
82.010000 11 830
82.010000 12 813
82.010000 13 816
82.010000 14 767
82.010000 15 797
82.010000 16 791
82.010000 17 752
82.010000 18 769
82.010000 19 813
83.010000 0 699
83.010000 1 816
83.010000 2 735
83.010000 3 804
83.010000 4 804
83.010000 5 784
83.010000 6 741
83.010000 7 798
83.010000 8 812
83.010000 9 807
83.010000 10 720
83.010000 11 808
83.010000 12 793
83.010000 13 794
83.010000 14 756
83.010000 15 767
83.010000 16 773
83.010000 17 749
83.010000 18 741
83.010000 19 792
84.010000 0 658
84.010000 1 756
84.010000 2 714
84.010000 3 740
84.010000 4 743
84.010000 5 743
84.010000 6 665
84.010000 7 737
84.010000 8 752
84.010000 9 749
84.010000 10 647
84.010000 11 749
84.010000 12 744
84.010000 13 739
84.010000 14 686
84.010000 15 733
84.010000 16 710
84.010000 17 674
84.010000 18 698
84.010000 19 751
85.010000 0 699
85.010000 1 829
85.010000 2 758
85.010000 3 808
85.010000 4 817
85.010000 5 809
85.010000 6 748
85.010000 7 820
85.010000 8 825
85.010000 9 821
85.010000 10 725
85.010000 11 821
85.010000 12 809
85.010000 13 810
85.010000 14 758
85.010000 15 792
85.010000 16 782
85.010000 17 747
85.010000 18 757
85.010000 19 808
86.010000 0 769
86.010000 1 885
86.010000 2 794
86.010000 3 859
86.010000 4 871
86.010000 5 854
86.010000 6 798
86.010000 7 845
86.010000 8 880
86.010000 9 870
86.010000 10 775
86.010000 11 878
86.010000 12 861
86.010000 13 856
86.010000 14 813
86.010000 15 837
86.010000 16 837
86.010000 17 798
86.010000 18 827
86.010000 19 863
87.010000 0 690
87.010000 1 814
87.010000 2 733
87.010000 3 797
87.010000 4 800
87.010000 5 791
87.010000 6 724
87.010000 7 796
87.010000 8 820
87.010000 9 801
87.010000 10 702
87.010000 11 804
87.010000 12 786
87.010000 13 776
87.010000 14 740
87.010000 15 775
87.010000 16 761
87.010000 17 740
87.010000 18 753
87.010000 19 787
88.010000 0 700
88.010000 1 819
88.010000 2 767
88.010000 3 796
88.010000 4 806
88.010000 5 807
88.010000 6 731
88.010000 7 799
88.010000 8 799
88.010000 9 807
88.010000 10 710
88.010000 11 804
88.010000 12 805
88.010000 13 799
88.010000 14 750
88.010000 15 797
88.010000 16 771
88.010000 17 736
88.010000 18 753
88.010000 19 804
89.010000 0 742
89.010000 1 856
89.010000 2 777
89.010000 3 829
89.010000 4 827
89.010000 5 834
89.010000 6 775
89.010000 7 838
89.010000 8 866
89.010000 9 836
89.010000 10 754
89.010000 11 852
89.010000 12 833
89.010000 13 836
89.010000 14 793
89.010000 15 817
89.010000 16 811
89.010000 17 767
89.010000 18 792
89.010000 19 834
90.010000 0 616
90.010000 1 720
90.010000 2 675
90.010000 3 697
90.010000 4 726
90.010000 5 705
90.010000 6 652
90.010000 7 707
90.010000 8 704
90.010000 9 733
90.010000 10 632
90.010000 11 714
90.010000 12 717
90.010000 13 704
90.010000 14 663
90.010000 15 687
90.010000 16 682
90.010000 17 645
90.010000 18 675
90.010000 19 704
91.010000 0 658
91.010000 1 767
91.010000 2 690
91.010000 3 746
91.010000 4 755
91.010000 5 745
91.010000 6 681
91.010000 7 766
91.010000 8 768
91.010000 9 759
91.010000 10 664
91.010000 11 761
91.010000 12 744
91.010000 13 748
91.010000 14 712
91.010000 15 728
91.010000 16 719
91.010000 17 685
91.010000 18 696
91.010000 19 741
92.010000 0 731
92.010000 1 839
92.010000 2 772
92.010000 3 821
92.010000 4 830
92.010000 5 822
92.010000 6 758
92.010000 7 809
92.010000 8 850
92.010000 9 833
92.010000 10 739
92.010000 11 834
92.010000 12 822
92.010000 13 822
92.010000 14 781
92.010000 15 806
92.010000 16 795
92.010000 17 762
92.010000 18 781
92.010000 19 824
93.010000 0 640
93.010000 1 763
93.010000 2 678
93.010000 3 739
93.010000 4 742
93.010000 5 733
93.010000 6 670
93.010000 7 753
93.010000 8 747
93.010000 9 742
93.010000 10 652
93.010000 11 746
93.010000 12 729
93.010000 13 731
93.010000 14 685
93.010000 15 717
93.010000 16 703
93.010000 17 679
93.010000 18 685
93.010000 19 729
94.010000 0 816
94.010000 1 939
94.010000 2 844
94.010000 3 919
94.010000 4 922
94.010000 5 903
94.010000 6 850
94.010000 7 906
94.010000 8 923
94.010000 9 911
94.010000 10 824
94.010000 11 932
94.010000 12 912
94.010000 13 913
94.010000 14 863
94.010000 15 883
94.010000 16 892
94.010000 17 857
94.010000 18 872
94.010000 19 912
95.010000 0 671
95.010000 1 798
95.010000 2 738
95.010000 3 772
95.010000 4 789
95.010000 5 782
95.010000 6 707
95.010000 7 780
95.010000 8 806
95.010000 9 806
95.010000 10 683
95.010000 11 790
95.010000 12 785
95.010000 13 778
95.010000 14 726
95.010000 15 774
95.010000 16 741
95.010000 17 707
95.010000 18 728
95.010000 19 786
96.010000 0 708
96.010000 1 834
96.010000 2 771
96.010000 3 805
96.010000 4 822
96.010000 5 831
96.010000 6 740
96.010000 7 811
96.010000 8 830
96.010000 9 807
96.010000 10 720
96.010000 11 825
96.010000 12 818
96.010000 13 807
96.010000 14 762
96.010000 15 823
96.010000 16 780
96.010000 17 741
96.010000 18 760
96.010000 19 816
97.010000 0 701
97.010000 1 811
97.010000 2 740
97.010000 3 791
97.010000 4 799
97.010000 5 790
97.010000 6 731
97.010000 7 795
97.010000 8 807
97.010000 9 803
97.010000 10 707
97.010000 11 805
97.010000 12 789
97.010000 13 791
97.010000 14 743
97.010000 15 772
97.010000 16 767
97.010000 17 728
97.010000 18 753
97.010000 19 792
98.010000 0 724
98.010000 1 828
98.010000 2 768
98.010000 3 809
98.010000 4 810
98.010000 5 804
98.010000 6 732
98.010000 7 806
98.010000 8 807
98.010000 9 820
98.010000 10 722
98.010000 11 821
98.010000 12 814
98.010000 13 815
98.010000 14 760
98.010000 15 783
98.010000 16 786
98.010000 17 750
98.010000 18 775
98.010000 19 806
99.010000 0 824
99.010000 1 954
99.010000 2 857
99.010000 3 934
99.010000 4 929
99.010000 5 915
99.010000 6 872
99.010000 7 935
99.010000 8 946
99.010000 9 948
99.010000 10 849
99.010000 11 931
99.010000 12 919
99.010000 13 929
99.010000 14 879
99.010000 15 896
99.010000 16 906
99.010000 17 864
99.010000 18 882
99.010000 19 928
100.010000 0 704
100.010000 1 823
100.010000 2 757
100.010000 3 802
100.010000 4 810
100.010000 5 798
100.010000 6 733
100.010000 7 802
100.010000 8 819
100.010000 9 811
100.010000 10 709
100.010000 11 816
100.010000 12 808
100.010000 13 803
100.010000 14 745
100.010000 15 789
100.010000 16 770
100.010000 17 738
100.010000 18 760
100.010000 19 808
101.010000 0 636
101.010000 1 751
101.010000 2 681
101.010000 3 724
101.010000 4 758
101.010000 5 728
101.010000 6 665
101.010000 7 735
101.010000 8 748
101.010000 9 743
101.010000 10 666
101.010000 11 745
101.010000 12 730
101.010000 13 731
101.010000 14 681
101.010000 15 713
101.010000 16 702
101.010000 17 658
101.010000 18 690
101.010000 19 732
102.010000 0 808
102.010000 1 929
102.010000 2 811
102.010000 3 904
102.010000 4 911
102.010000 5 890
102.010000 6 833
102.010000 7 911
102.010000 8 924
102.010000 9 911
102.010000 10 793
102.010000 11 921
102.010000 12 897
102.010000 13 901
102.010000 14 863
102.010000 15 872
102.010000 16 871
102.010000 17 837
102.010000 18 852
102.010000 19 884
103.010000 0 652
103.010000 1 760
103.010000 2 703
103.010000 3 742
103.010000 4 746
103.010000 5 748
103.010000 6 680
103.010000 7 743
103.010000 8 756
103.010000 9 755
103.010000 10 673
103.010000 11 756
103.010000 12 740
103.010000 13 746
103.010000 14 696
103.010000 15 730
103.010000 16 716
103.010000 17 684
103.010000 18 700
103.010000 19 742
104.010000 0 656
104.010000 1 774
104.010000 2 707
104.010000 3 754
104.010000 4 764
104.010000 5 754
104.010000 6 695
104.010000 7 761
104.010000 8 773
104.010000 9 782
104.010000 10 675
104.010000 11 770
104.010000 12 755
104.010000 13 764
104.010000 14 712
104.010000 15 737
104.010000 16 727
104.010000 17 694
104.010000 18 707
104.010000 19 756
105.010000 0 715
105.010000 1 833
105.010000 2 758
105.010000 3 809
105.010000 4 821
105.010000 5 811
105.010000 6 743
105.010000 7 818
105.010000 8 829
105.010000 9 806
105.010000 10 725
105.010000 11 823
105.010000 12 809
105.010000 13 825
105.010000 14 766
105.010000 15 794
105.010000 16 783
105.010000 17 754
105.010000 18 772
105.010000 19 810
106.010000 0 664
106.010000 1 782
106.010000 2 717
106.010000 3 756
106.010000 4 768
106.010000 5 771
106.010000 6 675
106.010000 7 762
106.010000 8 776
106.010000 9 780
106.010000 10 668
106.010000 11 769
106.010000 12 763
106.010000 13 754
106.010000 14 716
106.010000 15 762
106.010000 16 731
106.010000 17 701
106.010000 18 716
106.010000 19 764
107.010000 0 730
107.010000 1 842
107.010000 2 772
107.010000 3 825
107.010000 4 830
107.010000 5 819
107.010000 6 759
107.010000 7 822
107.010000 8 838
107.010000 9 818
107.010000 10 734
107.010000 11 837
107.010000 12 825
107.010000 13 821
107.010000 14 775
107.010000 15 801
107.010000 16 799
107.010000 17 762
107.010000 18 775
107.010000 19 820
108.010000 0 736
108.010000 1 844
108.010000 2 756
108.010000 3 822
108.010000 4 831
108.010000 5 811
108.010000 6 763
108.010000 7 826
108.010000 8 840
108.010000 9 834
108.010000 10 743
108.010000 11 835
108.010000 12 820
108.010000 13 821
108.010000 14 786
108.010000 15 793
108.010000 16 795
108.010000 17 767
108.010000 18 786
108.010000 19 820
109.010000 0 677
109.010000 1 812
109.010000 2 750
109.010000 3 787
109.010000 4 799
109.010000 5 797
109.010000 6 722
109.010000 7 792
109.010000 8 806
109.010000 9 802
109.010000 10 703
109.010000 11 800
109.010000 12 792
109.010000 13 790
109.010000 14 727
109.010000 15 784
109.010000 16 762
109.010000 17 713
109.010000 18 726
109.010000 19 791
110.010000 0 741
110.010000 1 860
110.010000 2 787
110.010000 3 838
110.010000 4 829
110.010000 5 837
110.010000 6 771
110.010000 7 841
110.010000 8 854
110.010000 9 851
110.010000 10 752
110.010000 11 852
110.010000 12 837
110.010000 13 839
110.010000 14 790
110.010000 15 818
110.010000 16 810
110.010000 17 774
110.010000 18 794
110.010000 19 837
111.010000 0 768
111.010000 1 899
111.010000 2 823
111.010000 3 880
111.010000 4 885
111.010000 5 876
111.010000 6 818
111.010000 7 879
111.010000 8 890
111.010000 9 889
111.010000 10 770
111.010000 11 875
111.010000 12 876
111.010000 13 877
111.010000 14 823
111.010000 15 859
111.010000 16 855
111.010000 17 813
111.010000 18 822
111.010000 19 877
112.010000 0 731
112.010000 1 849
112.010000 2 791
112.010000 3 837
112.010000 4 836
112.010000 5 830
112.010000 6 761
112.010000 7 831
112.010000 8 846
112.010000 9 843
112.010000 10 743
112.010000 11 843
112.010000 12 829
112.010000 13 811
112.010000 14 770
112.010000 15 813
112.010000 16 803
112.010000 17 765
112.010000 18 777
112.010000 19 842
113.010000 0 687
113.010000 1 802
113.010000 2 706
113.010000 3 795
113.010000 4 789
113.010000 5 780
113.010000 6 723
113.010000 7 789
113.010000 8 798
113.010000 9 792
113.010000 10 696
113.010000 11 810
113.010000 12 776
113.010000 13 780
113.010000 14 741
113.010000 15 761
113.010000 16 749
113.010000 17 737
113.010000 18 733
113.010000 19 760
114.010000 0 689
114.010000 1 798
114.010000 2 734
114.010000 3 777
114.010000 4 785
114.010000 5 776
114.010000 6 717
114.010000 7 778
114.010000 8 790
114.010000 9 788
114.010000 10 692
114.010000 11 770
114.010000 12 777
114.010000 13 777
114.010000 14 741
114.010000 15 759
114.010000 16 766
114.010000 17 727
114.010000 18 740
114.010000 19 776
115.010000 0 657
115.010000 1 762
115.010000 2 699
115.010000 3 743
115.010000 4 752
115.010000 5 745
115.010000 6 686
115.010000 7 751
115.010000 8 762
115.010000 9 756
115.010000 10 658
115.010000 11 778
115.010000 12 748
115.010000 13 772
115.010000 14 694
115.010000 15 728
115.010000 16 717
115.010000 17 676
115.010000 18 697
115.010000 19 745
116.010000 0 681
116.010000 1 814
116.010000 2 734
116.010000 3 778
116.010000 4 801
116.010000 5 794
116.010000 6 733
116.010000 7 797
116.010000 8 808
116.010000 9 801
116.010000 10 715
116.010000 11 803
116.010000 12 789
116.010000 13 786
116.010000 14 746
116.010000 15 776
116.010000 16 764
116.010000 17 720
116.010000 18 747
116.010000 19 788
117.010000 0 683
117.010000 1 806
117.010000 2 725
117.010000 3 790
117.010000 4 792
117.010000 5 781
117.010000 6 715
117.010000 7 806
117.010000 8 800
117.010000 9 794
117.010000 10 692
117.010000 11 797
117.010000 12 777
117.010000 13 781
117.010000 14 739
117.010000 15 763
117.010000 16 751
117.010000 17 733
117.010000 18 729
117.010000 19 780
118.010000 0 694
118.010000 1 797
118.010000 2 740
118.010000 3 783
118.010000 4 781
118.010000 5 784
118.010000 6 718
118.010000 7 775
118.010000 8 792
118.010000 9 789
118.010000 10 683
118.010000 11 785
118.010000 12 786
118.010000 13 760
118.010000 14 733
118.010000 15 771
118.010000 16 754
118.010000 17 725
118.010000 18 735
118.010000 19 774
119.010000 0 694
119.010000 1 823
119.010000 2 746
119.010000 3 809
119.010000 4 815
119.010000 5 797
119.010000 6 745
119.010000 7 807
119.010000 8 813
119.010000 9 814
119.010000 10 708
119.010000 11 813
119.010000 12 799
119.010000 13 796
119.010000 14 751
119.010000 15 780
119.010000 16 770
119.010000 17 750
119.010000 18 754
119.010000 19 800
120.010000 0 664
120.010000 1 760
120.010000 2 711
120.010000 3 752
120.010000 4 760
120.010000 5 752
120.010000 6 691
120.010000 7 757
120.010000 8 772
120.010000 9 768
120.010000 10 689
120.010000 11 770
120.010000 12 755
120.010000 13 777
120.010000 14 710
120.010000 15 733
120.010000 16 726
120.010000 17 689
120.010000 18 709
120.010000 19 755
121.010000 0 661
121.010000 1 776
121.010000 2 722
121.010000 3 753
121.010000 4 762
121.010000 5 766
121.010000 6 692
121.010000 7 756
121.010000 8 769
121.010000 9 767
121.010000 10 679
121.010000 11 766
121.010000 12 759
121.010000 13 755
121.010000 14 707
121.010000 15 755
121.010000 16 732
121.010000 17 690
121.010000 18 711
121.010000 19 761
122.010000 0 750
122.010000 1 860
122.010000 2 786
122.010000 3 838
122.010000 4 846
122.010000 5 834
122.010000 6 777
122.010000 7 839
122.010000 8 838
122.010000 9 849
122.010000 10 751
122.010000 11 833
122.010000 12 835
122.010000 13 836
122.010000 14 794
122.010000 15 815
122.010000 16 811
122.010000 17 785
122.010000 18 810
122.010000 19 837
123.010000 0 735
123.010000 1 852
123.010000 2 768
123.010000 3 840
123.010000 4 838
123.010000 5 839
123.010000 6 770
123.010000 7 818
123.010000 8 849
123.010000 9 842
123.010000 10 752
123.010000 11 845
123.010000 12 820
123.010000 13 813
123.010000 14 788
123.010000 15 814
123.010000 16 809
123.010000 17 774
123.010000 18 780
123.010000 19 824
124.010000 0 559
124.010000 1 631
124.010000 2 568
124.010000 3 622
124.010000 4 623
124.010000 5 612
124.010000 6 552
124.010000 7 624
124.010000 8 646
124.010000 9 625
124.010000 10 561
124.010000 11 651
124.010000 12 611
124.010000 13 643
124.010000 14 580
124.010000 15 591
124.010000 16 594
124.010000 17 565
124.010000 18 589
124.010000 19 613
125.010000 0 714
125.010000 1 859
125.010000 2 782
125.010000 3 829
125.010000 4 846
125.010000 5 838
125.010000 6 756
125.010000 7 860
125.010000 8 856
125.010000 9 847
125.010000 10 746
125.010000 11 851
125.010000 12 834
125.010000 13 840
125.010000 14 777
125.010000 15 821
125.010000 16 805
125.010000 17 755
125.010000 18 774
125.010000 19 836
126.010000 0 636
126.010000 1 729
126.010000 2 672
126.010000 3 716
126.010000 4 719
126.010000 5 708
126.010000 6 645
126.010000 7 713
126.010000 8 723
126.010000 9 720
126.010000 10 615
126.010000 11 720
126.010000 12 717
126.010000 13 725
126.010000 14 671
126.010000 15 700
126.010000 16 677
126.010000 17 663
126.010000 18 675
126.010000 19 716
127.010000 0 703
127.010000 1 808
127.010000 2 735
127.010000 3 789
127.010000 4 798
127.010000 5 784
127.010000 6 726
127.010000 7 790
127.010000 8 802
127.010000 9 798
127.010000 10 692
127.010000 11 799
127.010000 12 785
127.010000 13 786
127.010000 14 746
127.010000 15 766
127.010000 16 752
127.010000 17 731
127.010000 18 750
127.010000 19 784
128.010000 0 686
128.010000 1 802
128.010000 2 763
128.010000 3 777
128.010000 4 788
128.010000 5 792
128.010000 6 720
128.010000 7 785
128.010000 8 785
128.010000 9 800
128.010000 10 703
128.010000 11 794
128.010000 12 783
128.010000 13 788
128.010000 14 727
128.010000 15 772
128.010000 16 761
128.010000 17 708
128.010000 18 743
128.010000 19 798
129.010000 0 747
129.010000 1 875
129.010000 2 781
129.010000 3 852
129.010000 4 862
129.010000 5 851
129.010000 6 787
129.010000 7 856
129.010000 8 873
129.010000 9 864
129.010000 10 765
129.010000 11 865
129.010000 12 851
129.010000 13 852
129.010000 14 816
129.010000 15 833
129.010000 16 824
129.010000 17 789
129.010000 18 791
129.010000 19 835
130.010000 0 669
130.010000 1 784
130.010000 2 724
130.010000 3 760
130.010000 4 774
130.010000 5 761
130.010000 6 700
130.010000 7 765
130.010000 8 782
130.010000 9 777
130.010000 10 703
130.010000 11 760
130.010000 12 773
130.010000 13 762
130.010000 14 724
130.010000 15 752
130.010000 16 738
130.010000 17 696
130.010000 18 712
130.010000 19 772
131.010000 0 684
131.010000 1 799
131.010000 2 733
131.010000 3 773
131.010000 4 787
131.010000 5 779
131.010000 6 714
131.010000 7 781
131.010000 8 808
131.010000 9 786
131.010000 10 679
131.010000 11 791
131.010000 12 786
131.010000 13 777
131.010000 14 738
131.010000 15 772
131.010000 16 750
131.010000 17 715
131.010000 18 733
131.010000 19 784
132.010000 0 716
132.010000 1 841
132.010000 2 757
132.010000 3 811
132.010000 4 828
132.010000 5 818
132.010000 6 753
132.010000 7 841
132.010000 8 836
132.010000 9 830
132.010000 10 732
132.010000 11 832
132.010000 12 813
132.010000 13 799
132.010000 14 769
132.010000 15 800
132.010000 16 788
132.010000 17 749
132.010000 18 776
132.010000 19 813
133.010000 0 716
133.010000 1 825
133.010000 2 761
133.010000 3 811
133.010000 4 809
133.010000 5 802
133.010000 6 740
133.010000 7 785
133.010000 8 810
133.010000 9 817
133.010000 10 722
133.010000 11 819
133.010000 12 808
133.010000 13 830
133.010000 14 766
133.010000 15 787
133.010000 16 783
133.010000 17 744
133.010000 18 747
133.010000 19 809
134.010000 0 653
134.010000 1 771
134.010000 2 688
134.010000 3 748
134.010000 4 759
134.010000 5 751
134.010000 6 681
134.010000 7 771
134.010000 8 764
134.010000 9 759
134.010000 10 660
134.010000 11 761
134.010000 12 742
134.010000 13 746
134.010000 14 706
134.010000 15 733
134.010000 16 713
134.010000 17 695
134.010000 18 705
134.010000 19 742
135.010000 0 650
135.010000 1 760
135.010000 2 690
135.010000 3 750
135.010000 4 744
135.010000 5 741
135.010000 6 682
135.010000 7 742
135.010000 8 754
135.010000 9 766
135.010000 10 663
135.010000 11 752
135.010000 12 737
135.010000 13 741
135.010000 14 691
135.010000 15 723
135.010000 16 715
135.010000 17 691
135.010000 18 693
135.010000 19 737
136.010000 0 748
136.010000 1 852
136.010000 2 778
136.010000 3 832
136.010000 4 843
136.010000 5 835
136.010000 6 769
136.010000 7 836
136.010000 8 849
136.010000 9 832
136.010000 10 747
136.010000 11 849
136.010000 12 830
136.010000 13 833
136.010000 14 796
136.010000 15 815
136.010000 16 810
136.010000 17 770
136.010000 18 792
136.010000 19 828
137.010000 0 622
137.010000 1 719
137.010000 2 648
137.010000 3 696
137.010000 4 706
137.010000 5 706
137.010000 6 640
137.010000 7 699
137.010000 8 714
137.010000 9 709
137.010000 10 624
137.010000 11 708
137.010000 12 691
137.010000 13 699
137.010000 14 666
137.010000 15 685
137.010000 16 692
137.010000 17 645
137.010000 18 662
137.010000 19 697
138.010000 0 724
138.010000 1 843
138.010000 2 774
138.010000 3 823
138.010000 4 833
138.010000 5 825
138.010000 6 763
138.010000 7 828
138.010000 8 842
138.010000 9 835
138.010000 10 743
138.010000 11 838
138.010000 12 822
138.010000 13 827
138.010000 14 768
138.010000 15 807
138.010000 16 796
138.010000 17 752
138.010000 18 778
138.010000 19 827
139.010000 0 732
139.010000 1 853
139.010000 2 771
139.010000 3 827
139.010000 4 840
139.010000 5 829
139.010000 6 771
139.010000 7 832
139.010000 8 851
139.010000 9 841
139.010000 10 751
139.010000 11 844
139.010000 12 834
139.010000 13 807
139.010000 14 790
139.010000 15 820
139.010000 16 803
139.010000 17 762
139.010000 18 778
139.010000 19 830
140.010000 0 694
140.010000 1 804
140.010000 2 727
140.010000 3 781
140.010000 4 790
140.010000 5 781
140.010000 6 721
140.010000 7 785
140.010000 8 799
140.010000 9 794
140.010000 10 699
140.010000 11 796
140.010000 12 778
140.010000 13 783
140.010000 14 752
140.010000 15 764
140.010000 16 754
140.010000 17 729
140.010000 18 739
140.010000 19 780
141.010000 0 720
141.010000 1 836
141.010000 2 760
141.010000 3 820
141.010000 4 824
141.010000 5 814
141.010000 6 748
141.010000 7 821
141.010000 8 831
141.010000 9 828
141.010000 10 728
141.010000 11 831
141.010000 12 815
141.010000 13 817
141.010000 14 767
141.010000 15 797
141.010000 16 788
141.010000 17 757
141.010000 18 769
141.010000 19 813
142.010000 0 729
142.010000 1 865
142.010000 2 792
142.010000 3 839
142.010000 4 851
142.010000 5 841
142.010000 6 775
142.010000 7 846
142.010000 8 860
142.010000 9 856
142.010000 10 756
142.010000 11 854
142.010000 12 844
142.010000 13 844
142.010000 14 790
142.010000 15 824
142.010000 16 814
142.010000 17 769
142.010000 18 784
142.010000 19 844
143.010000 0 793
143.010000 1 917
143.010000 2 843
143.010000 3 893
143.010000 4 903
143.010000 5 893
143.010000 6 812
143.010000 7 878
143.010000 8 913
143.010000 9 904
143.010000 10 806
143.010000 11 908
143.010000 12 893
143.010000 13 898
143.010000 14 844
143.010000 15 875
143.010000 16 869
143.010000 17 822
143.010000 18 843
143.010000 19 897
144.010000 0 653
144.010000 1 769
144.010000 2 723
144.010000 3 746
144.010000 4 756
144.010000 5 759
144.010000 6 682
144.010000 7 751
144.010000 8 765
144.010000 9 760
144.010000 10 668
144.010000 11 761
144.010000 12 756
144.010000 13 750
144.010000 14 698
144.010000 15 750
144.010000 16 722
144.010000 17 680
144.010000 18 702
144.010000 19 760
145.010000 0 686
145.010000 1 803
145.010000 2 726
145.010000 3 790
145.010000 4 791
145.010000 5 766
145.010000 6 711
145.010000 7 782
145.010000 8 795
145.010000 9 790
145.010000 10 685
145.010000 11 789
145.010000 12 783
145.010000 13 775
145.010000 14 735
145.010000 15 756
145.010000 16 744
145.010000 17 734
145.010000 18 738
145.010000 19 787
146.010000 0 682
146.010000 1 802
146.010000 2 746
146.010000 3 779
146.010000 4 790
146.010000 5 790
146.010000 6 718
146.010000 7 784
146.010000 8 797
146.010000 9 794
146.010000 10 688
146.010000 11 790
146.010000 12 788
146.010000 13 781
146.010000 14 734
146.010000 15 781
146.010000 16 752
146.010000 17 719
146.010000 18 734
146.010000 19 785
147.010000 0 682
147.010000 1 797
147.010000 2 714
147.010000 3 786
147.010000 4 794
147.010000 5 774
147.010000 6 722
147.010000 7 806
147.010000 8 816
147.010000 9 794
147.010000 10 701
147.010000 11 801
147.010000 12 781
147.010000 13 783
147.010000 14 728
147.010000 15 759
147.010000 16 756
147.010000 17 720
147.010000 18 734
147.010000 19 781
148.010000 0 726
148.010000 1 839
148.010000 2 770
148.010000 3 824
148.010000 4 833
148.010000 5 820
148.010000 6 758
148.010000 7 830
148.010000 8 840
148.010000 9 838
148.010000 10 737
148.010000 11 838
148.010000 12 822
148.010000 13 827
148.010000 14 777
148.010000 15 801
148.010000 16 798
148.010000 17 758
148.010000 18 776
148.010000 19 823
149.010000 0 719
149.010000 1 837
149.010000 2 769
149.010000 3 812
149.010000 4 824
149.010000 5 818
149.010000 6 756
149.010000 7 822
149.010000 8 818
149.010000 9 834
149.010000 10 733
149.010000 11 827
149.010000 12 827
149.010000 13 817
149.010000 14 772
149.010000 15 797
149.010000 16 794
149.010000 17 755
149.010000 18 775
149.010000 19 801
