0.010000 0 6
0.010000 1 6
0.010000 2 2
0.010000 3 6
0.010000 4 6
0.010000 5 4
0.010000 6 6
0.010000 7 6
0.010000 8 6
0.010000 9 5
0.010000 10 6
0.010000 11 6
0.010000 12 4
0.010000 13 6
0.010000 14 6
0.010000 15 3
0.010000 16 6
0.010000 17 6
0.010000 18 6
0.010000 19 4
0.010000 20 6
0.010000 21 6
0.010000 22 6
0.010000 23 6
0.010000 24 6
0.010000 25 6
0.010000 26 6
0.010000 27 6
1.010000 0 22
1.010000 1 28
1.010000 2 29
1.010000 3 25
1.010000 4 28
1.010000 5 29
1.010000 6 28
1.010000 7 28
1.010000 8 27
1.010000 9 29
1.010000 10 28
1.010000 11 28
1.010000 12 29
1.010000 13 28
1.010000 14 25
1.010000 15 29
1.010000 16 27
1.010000 17 23
1.010000 18 26
1.010000 19 29
1.010000 20 27
1.010000 21 28
1.010000 22 28
1.010000 23 28
1.010000 24 28
1.010000 25 28
1.010000 26 28
1.010000 27 28
2.010000 0 28
2.010000 1 29
2.010000 2 23
2.010000 3 31
2.010000 4 29
2.010000 5 27
2.010000 6 30
2.010000 7 30
2.010000 8 31
2.010000 9 30
2.010000 10 30
2.010000 11 30
2.010000 12 27
2.010000 13 30
2.010000 14 30
2.010000 15 25
2.010000 16 30
2.010000 17 30
2.010000 18 28
2.010000 19 27
2.010000 20 31
2.010000 21 30
2.010000 22 30
2.010000 23 30
2.010000 24 30
2.010000 25 30
2.010000 26 30
2.010000 27 30
3.010000 0 22
3.010000 1 24
3.010000 2 21
3.010000 3 22
3.010000 4 24
3.010000 5 24
3.010000 6 23
3.010000 7 23
3.010000 8 23
3.010000 9 23
3.010000 10 23
3.010000 11 22
3.010000 12 22
3.010000 13 22
3.010000 14 23
3.010000 15 23
3.010000 16 24
3.010000 17 22
3.010000 18 24
3.010000 19 22
3.010000 20 23
3.010000 21 23
3.010000 22 23
3.010000 23 22
3.010000 24 23
3.010000 25 23
3.010000 26 23
3.010000 27 23
4.010000 0 23
4.010000 1 26
4.010000 2 25
4.010000 3 25
4.010000 4 25
4.010000 5 23
4.010000 6 26
4.010000 7 26
4.010000 8 25
4.010000 9 26
4.010000 10 26
4.010000 11 27
4.010000 12 27
4.010000 13 27
4.010000 14 25
4.010000 15 23
4.010000 16 26
4.010000 17 24
4.010000 18 25
4.010000 19 27
4.010000 20 26
4.010000 21 26
4.010000 22 26
4.010000 23 27
4.010000 24 26
4.010000 25 26
4.010000 26 25
4.010000 27 26
5.010000 0 23
5.010000 1 29
5.010000 2 26
5.010000 3 27
5.010000 4 30
5.010000 5 30
5.010000 6 29
5.010000 7 29
5.010000 8 30
5.010000 9 29
5.010000 10 29
5.010000 11 29
5.010000 12 28
5.010000 13 29
5.010000 14 27
5.010000 15 29
5.010000 16 28
5.010000 17 25
5.010000 18 26
5.010000 19 27
5.010000 20 29
5.010000 21 29
5.010000 22 28
5.010000 23 29
5.010000 24 29
5.010000 25 28
5.010000 26 30
5.010000 27 29
6.010000 0 25
6.010000 1 25
6.010000 2 21
6.010000 3 25
6.010000 4 25
6.010000 5 22
6.010000 6 25
6.010000 7 25
6.010000 8 24
6.010000 9 25
6.010000 10 25
6.010000 11 24
6.010000 12 23
6.010000 13 25
6.010000 14 25
6.010000 15 20
6.010000 16 26
6.010000 17 25
6.010000 18 26
6.010000 19 24
6.010000 20 25
6.010000 21 25
6.010000 22 26
6.010000 23 25
6.010000 24 25
6.010000 25 26
6.010000 26 25
6.010000 27 25
7.010000 0 23
7.010000 1 26
7.010000 2 25
7.010000 3 25
7.010000 4 26
7.010000 5 27
7.010000 6 26
7.010000 7 25
7.010000 8 27
7.010000 9 25
7.010000 10 26
7.010000 11 27
7.010000 12 26
7.010000 13 26
7.010000 14 25
7.010000 15 27
7.010000 16 26
7.010000 17 24
7.010000 18 25
7.010000 19 26
7.010000 20 26
7.010000 21 25
7.010000 22 26
7.010000 23 26
7.010000 24 26
7.010000 25 26
7.010000 26 25
7.010000 27 26
8.010000 0 22
8.010000 1 29
8.010000 2 26
8.010000 3 26
8.010000 4 29
8.010000 5 28
8.010000 6 29
8.010000 7 30
8.010000 8 29
8.010000 9 30
8.010000 10 29
8.010000 11 29
8.010000 12 28
8.010000 13 29
8.010000 14 26
8.010000 15 27
8.010000 16 29
8.010000 17 24
8.010000 18 26
8.010000 19 28
8.010000 20 29
8.010000 21 30
8.010000 22 29
8.010000 23 29
8.010000 24 29
8.010000 25 29
8.010000 26 30
8.010000 27 28
9.010000 0 28
9.010000 1 27
9.010000 2 21
9.010000 3 28
9.010000 4 27
9.010000 5 26
9.010000 6 26
9.010000 7 27
9.010000 8 27
9.010000 9 27
9.010000 10 27
9.010000 11 27
9.010000 12 24
9.010000 13 26
9.010000 14 28
9.010000 15 24
9.010000 16 27
9.010000 17 28
9.010000 18 28
9.010000 19 24
9.010000 20 27
9.010000 21 26
9.010000 22 27
9.010000 23 27
9.010000 24 27
9.010000 25 27
9.010000 26 27
9.010000 27 28
10.010000 0 22
10.010000 1 28
10.010000 2 28
10.010000 3 27
10.010000 4 29
10.010000 5 27
10.010000 6 30
10.010000 7 29
10.010000 8 28
10.010000 9 29
10.010000 10 29
10.010000 11 29
10.010000 12 30
10.010000 13 30
10.010000 14 26
10.010000 15 27
10.010000 16 29
10.010000 17 25
10.010000 18 26
10.010000 19 30
10.010000 20 29
10.010000 21 30
10.010000 22 29
10.010000 23 29
10.010000 24 29
10.010000 25 28
10.010000 26 29
10.010000 27 29
11.010000 0 27
11.010000 1 28
11.010000 2 21
11.010000 3 27
11.010000 4 27
11.010000 5 25
11.010000 6 27
11.010000 7 27
11.010000 8 28
11.010000 9 27
11.010000 10 26
11.010000 11 27
11.010000 12 24
11.010000 13 27
11.010000 14 27
11.010000 15 23
11.010000 16 27
11.010000 17 26
11.010000 18 27
11.010000 19 24
11.010000 20 26
11.010000 21 27
11.010000 22 27
11.010000 23 27
11.010000 24 27
11.010000 25 28
11.010000 26 27
11.010000 27 27
12.010000 0 22
12.010000 1 24
12.010000 2 22
12.010000 3 23
12.010000 4 24
12.010000 5 24
12.010000 6 24
12.010000 7 24
12.010000 8 24
12.010000 9 24
12.010000 10 25
12.010000 11 24
12.010000 12 23
12.010000 13 23
12.010000 14 24
12.010000 15 23
12.010000 16 23
12.010000 17 23
12.010000 18 24
12.010000 19 24
12.010000 20 25
12.010000 21 24
12.010000 22 24
12.010000 23 24
12.010000 24 24
12.010000 25 24
12.010000 26 24
12.010000 27 24
13.010000 0 23
13.010000 1 29
13.010000 2 27
13.010000 3 28
13.010000 4 29
13.010000 5 29
13.010000 6 29
13.010000 7 29
13.010000 8 28
13.010000 9 29
13.010000 10 29
13.010000 11 29
13.010000 12 29
13.010000 13 29
13.010000 14 26
13.010000 15 28
13.010000 16 30
13.010000 17 26
13.010000 18 26
13.010000 19 27
13.010000 20 29
13.010000 21 29
13.010000 22 29
13.010000 23 29
13.010000 24 29
13.010000 25 29
13.010000 26 29
13.010000 27 29
14.010000 0 25
14.010000 1 24
14.010000 2 24
14.010000 3 24
14.010000 4 24
14.010000 5 24
14.010000 6 25
14.010000 7 25
14.010000 8 26
14.010000 9 25
14.010000 10 25
14.010000 11 25
14.010000 12 25
14.010000 13 26
14.010000 14 26
14.010000 15 24
14.010000 16 25
14.010000 17 24
14.010000 18 26
14.010000 19 26
14.010000 20 25
14.010000 21 25
14.010000 22 25
14.010000 23 25
14.010000 24 24
14.010000 25 24
14.010000 26 24
14.010000 27 25
15.010000 0 24
15.010000 1 28
15.010000 2 21
15.010000 3 26
15.010000 4 28
15.010000 5 25
15.010000 6 27
15.010000 7 27
15.010000 8 27
15.010000 9 27
15.010000 10 26
15.010000 11 27
15.010000 12 24
15.010000 13 27
15.010000 14 26
15.010000 15 23
15.010000 16 26
15.010000 17 25
15.010000 18 26
15.010000 19 25
15.010000 20 27
15.010000 21 27
15.010000 22 27
15.010000 23 27
15.010000 24 28
15.010000 25 28
15.010000 26 28
15.010000 27 27
16.010000 0 566
16.010000 1 580
16.010000 2 579
16.010000 3 486
16.010000 4 615
16.010000 5 612
16.010000 6 615
16.010000 7 615
16.010000 8 541
16.010000 9 504
16.010000 10 616
16.010000 11 540
16.010000 12 613
16.010000 13 615
16.010000 14 576
16.010000 15 609
16.010000 16 615
16.010000 17 448
16.010000 18 576
16.010000 19 585
16.010000 20 615
16.010000 21 587
16.010000 22 615
16.010000 23 615
16.010000 24 615
16.010000 25 615
16.010000 26 615
16.010000 27 615
17.010000 0 580
17.010000 1 577
17.010000 2 572
17.010000 3 436
17.010000 4 619
17.010000 5 618
17.010000 6 619
17.010000 7 619
17.010000 8 607
17.010000 9 415
17.010000 10 619
17.010000 11 607
17.010000 12 618
17.010000 13 618
17.010000 14 580
17.010000 15 617
17.010000 16 620
17.010000 17 396
17.010000 18 580
17.010000 19 574
17.010000 20 619
17.010000 21 562
17.010000 22 618
17.010000 23 618
17.010000 24 619
17.010000 25 619
17.010000 26 619
17.010000 27 619
18.010000 0 565
18.010000 1 558
18.010000 2 576
18.010000 3 480
18.010000 4 604
18.010000 5 603
18.010000 6 604
18.010000 7 604
18.010000 8 479
18.010000 9 523
18.010000 10 604
18.010000 11 478
18.010000 12 603
18.010000 13 604
18.010000 14 567
18.010000 15 602
18.010000 16 603
18.010000 17 443
18.010000 18 567
18.010000 19 578
18.010000 20 604
18.010000 21 588
18.010000 22 605
18.010000 23 605
18.010000 24 604
18.010000 25 604
18.010000 26 604
18.010000 27 604
19.010000 0 609
19.010000 1 625
19.010000 2 602
19.010000 3 546
19.010000 4 633
19.010000 5 632
19.010000 6 633
19.010000 7 633
19.010000 8 469
19.010000 9 522
19.010000 10 633
19.010000 11 469
19.010000 12 632
19.010000 13 634
19.010000 14 612
19.010000 15 631
19.010000 16 634
19.010000 17 525
19.010000 18 612
19.010000 19 604
19.010000 20 633
19.010000 21 607
19.010000 22 633
19.010000 23 633
19.010000 24 633
19.010000 25 633
19.010000 26 633
19.010000 27 632
20.010000 0 617
20.010000 1 622
20.010000 2 622
20.010000 3 583
20.010000 4 626
20.010000 5 625
20.010000 6 626
20.010000 7 626
20.010000 8 369
20.010000 9 594
20.010000 10 626
20.010000 11 368
20.010000 12 625
20.010000 13 626
20.010000 14 619
20.010000 15 624
20.010000 16 626
20.010000 17 576
20.010000 18 619
20.010000 19 624
20.010000 20 626
20.010000 21 626
20.010000 22 626
20.010000 23 626
20.010000 24 626
20.010000 25 626
20.010000 26 626
20.010000 27 627
21.010000 0 633
21.010000 1 635
21.010000 2 624
21.010000 3 597
21.010000 4 651
21.010000 5 650
21.010000 6 651
21.010000 7 651
21.010000 8 460
21.010000 9 563
21.010000 10 650
21.010000 11 461
21.010000 12 650
21.010000 13 651
21.010000 14 634
21.010000 15 649
21.010000 16 651
21.010000 17 580
21.010000 18 634
21.010000 19 626
21.010000 20 651
21.010000 21 609
21.010000 22 651
21.010000 23 651
21.010000 24 650
21.010000 25 650
21.010000 26 650
21.010000 27 651
22.010000 0 592
22.010000 1 588
22.010000 2 587
22.010000 3 449
22.010000 4 645
22.010000 5 644
22.010000 6 644
22.010000 7 645
22.010000 8 622
22.010000 9 464
22.010000 10 646
22.010000 11 622
22.010000 12 644
22.010000 13 644
22.010000 14 594
22.010000 15 643
22.010000 16 645
22.010000 17 399
22.010000 18 595
22.010000 19 589
22.010000 20 645
22.010000 21 609
22.010000 22 645
22.010000 23 645
22.010000 24 646
22.010000 25 646
22.010000 26 646
22.010000 27 645
23.010000 0 632
23.010000 1 640
23.010000 2 650
23.010000 3 493
23.010000 4 690
23.010000 5 687
23.010000 6 690
23.010000 7 690
23.010000 8 631
23.010000 9 527
23.010000 10 690
23.010000 11 630
23.010000 12 687
23.010000 13 691
23.010000 14 635
23.010000 15 685
23.010000 16 690
23.010000 17 437
23.010000 18 634
23.010000 19 654
23.010000 20 690
23.010000 21 646
23.010000 22 690
23.010000 23 690
23.010000 24 690
23.010000 25 690
23.010000 26 690
23.010000 27 690
