0.010000 0 19
0.010000 1 20
0.010000 2 11
0.010000 3 17
0.010000 4 20
0.010000 5 11
0.010000 6 20
0.010000 7 19
0.010000 8 20
0.010000 9 20
0.010000 10 20
0.010000 11 20
0.010000 12 15
0.010000 13 20
0.010000 14 20
0.010000 15 6
0.010000 16 20
0.010000 17 17
0.010000 18 20
0.010000 19 15
0.010000 20 20
0.010000 21 20
0.010000 22 20
0.010000 23 19
0.010000 24 19
1.010000 0 1212
1.010000 1 1308
1.010000 2 1149
1.010000 3 1280
1.010000 4 1312
1.010000 5 1269
1.010000 6 1304
1.010000 7 1256
1.010000 8 1311
1.010000 9 1277
1.010000 10 1247
1.010000 11 1306
1.010000 12 1263
1.010000 13 1296
1.010000 14 1275
1.010000 15 1246
1.010000 16 1287
1.010000 17 1257
1.010000 18 1295
1.010000 19 1263
1.010000 20 1286
1.010000 21 1301
1.010000 22 1323
1.010000 23 1279
1.010000 24 1296
2.010000 0 870
2.010000 1 944
2.010000 2 848
2.010000 3 919
2.010000 4 909
2.010000 5 895
2.010000 6 910
2.010000 7 926
2.010000 8 917
2.010000 9 917
2.010000 10 891
2.010000 11 915
2.010000 12 899
2.010000 13 896
2.010000 14 910
2.010000 15 876
2.010000 16 929
2.010000 17 897
2.010000 18 919
2.010000 19 917
2.010000 20 905
2.010000 21 910
2.010000 22 898
2.010000 23 867
2.010000 24 906
3.010000 0 1025
3.010000 1 1181
3.010000 2 1061
3.010000 3 1151
3.010000 4 1166
3.010000 5 1151
3.010000 6 1180
3.010000 7 1151
3.010000 8 1170
3.010000 9 1179
3.010000 10 1144
3.010000 11 1165
3.010000 12 1147
3.010000 13 1142
3.010000 14 1129
3.010000 15 1123
3.010000 16 1161
3.010000 17 1126
3.010000 18 1120
3.010000 19 1131
3.010000 20 1153
3.010000 21 1154
3.010000 22 1153
3.010000 23 1180
3.010000 24 1159
4.010000 0 1029
4.010000 1 1148
4.010000 2 1065
4.010000 3 1098
4.010000 4 1124
4.010000 5 1118
4.010000 6 1136
4.010000 7 1109
4.010000 8 1134
4.010000 9 1146
4.010000 10 1098
4.010000 11 1124
4.010000 12 1125
4.010000 13 1110
4.010000 14 1113
4.010000 15 1106
4.010000 16 1122
4.010000 17 1081
4.010000 18 1121
4.010000 19 1122
4.010000 20 1111
4.010000 21 1103
4.010000 22 1078
4.010000 23 1113
4.010000 24 1118
5.010000 0 943
5.010000 1 1026
5.010000 2 918
5.010000 3 1005
5.010000 4 1004
5.010000 5 984
5.010000 6 1016
5.010000 7 994
5.010000 8 1014
5.010000 9 1016
5.010000 10 986
5.010000 11 1013
5.010000 12 995
5.010000 13 1022
5.010000 14 997
5.010000 15 961
5.010000 16 1011
5.010000 17 988
5.010000 18 1006
5.010000 19 992
5.010000 20 1001
5.010000 21 1004
5.010000 22 998
5.010000 23 994
5.010000 24 1002
6.010000 0 1107
6.010000 1 1215
6.010000 2 1100
6.010000 3 1196
6.010000 4 1193
6.010000 5 1180
6.010000 6 1207
6.010000 7 1181
6.010000 8 1203
6.010000 9 1203
6.010000 10 1169
6.010000 11 1200
6.010000 12 1181
6.010000 13 1174
6.010000 14 1186
6.010000 15 1157
6.010000 16 1196
6.010000 17 1178
6.010000 18 1168
6.010000 19 1175
6.010000 20 1183
6.010000 21 1190
6.010000 22 1179
6.010000 23 1154
6.010000 24 1166
7.010000 0 1042
7.010000 1 1161
7.010000 2 1060
7.010000 3 1100
7.010000 4 1124
7.010000 5 1110
7.010000 6 1136
7.010000 7 1084
7.010000 8 1131
7.010000 9 1133
7.010000 10 1104
7.010000 11 1125
7.010000 12 1128
7.010000 13 1105
7.010000 14 1128
7.010000 15 1090
7.010000 16 1123
7.010000 17 1090
7.010000 18 1120
7.010000 19 1119
7.010000 20 1116
7.010000 21 1124
7.010000 22 1108
7.010000 23 1130
7.010000 24 1121
8.010000 0 907
8.010000 1 1019
8.010000 2 938
8.010000 3 996
8.010000 4 999
8.010000 5 991
8.010000 6 1010
8.010000 7 987
8.010000 8 1004
8.010000 9 1012
8.010000 10 976
8.010000 11 1000
8.010000 12 984
8.010000 13 981
8.010000 14 986
8.010000 15 967
8.010000 16 1002
8.010000 17 983
8.010000 18 990
8.010000 19 996
8.010000 20 982
8.010000 21 1006
8.010000 22 983
8.010000 23 991
8.010000 24 988
9.010000 0 915
9.010000 1 1012
9.010000 2 916
9.010000 3 991
9.010000 4 991
9.010000 5 981
9.010000 6 1003
9.010000 7 1003
9.010000 8 998
9.010000 9 1000
9.010000 10 974
9.010000 11 994
9.010000 12 984
9.010000 13 974
9.010000 14 975
9.010000 15 960
9.010000 16 993
9.010000 17 971
9.010000 18 981
9.010000 19 979
9.010000 20 986
9.010000 21 1001
9.010000 22 980
9.010000 23 974
9.010000 24 985
10.010000 0 956
10.010000 1 1057
10.010000 2 963
10.010000 3 1034
10.010000 4 1039
10.010000 5 1023
10.010000 6 1050
10.010000 7 1025
10.010000 8 1042
10.010000 9 1044
10.010000 10 1010
10.010000 11 1038
10.010000 12 1031
10.010000 13 1021
10.010000 14 1027
10.010000 15 1002
10.010000 16 1039
10.010000 17 1017
10.010000 18 1024
10.010000 19 1025
10.010000 20 1031
10.010000 21 1034
10.010000 22 1025
10.010000 23 1047
10.010000 24 1036
11.010000 0 795
11.010000 1 871
11.010000 2 813
11.010000 3 822
11.010000 4 851
11.010000 5 855
11.010000 6 861
11.010000 7 852
11.010000 8 860
11.010000 9 877
11.010000 10 834
11.010000 11 856
11.010000 12 848
11.010000 13 838
11.010000 14 844
11.010000 15 843
11.010000 16 852
11.010000 17 811
11.010000 18 866
11.010000 19 863
11.010000 20 846
11.010000 21 853
11.010000 22 837
11.010000 23 841
11.010000 24 870
12.010000 0 1058
12.010000 1 1196
12.010000 2 1083
12.010000 3 1172
12.010000 4 1174
12.010000 5 1156
12.010000 6 1185
12.010000 7 1160
12.010000 8 1179
12.010000 9 1183
12.010000 10 1142
12.010000 11 1173
12.010000 12 1163
12.010000 13 1147
12.010000 14 1160
12.010000 15 1135
12.010000 16 1168
12.010000 17 1157
12.010000 18 1143
12.010000 19 1154
12.010000 20 1130
12.010000 21 1161
12.010000 22 1154
12.010000 23 1159
12.010000 24 1165
13.010000 0 947
13.010000 1 1021
13.010000 2 910
13.010000 3 987
13.010000 4 994
13.010000 5 984
13.010000 6 1006
13.010000 7 984
13.010000 8 1002
13.010000 9 999
13.010000 10 973
13.010000 11 1001
13.010000 12 985
13.010000 13 979
13.010000 14 989
13.010000 15 963
13.010000 16 995
13.010000 17 970
13.010000 18 1010
13.010000 19 978
13.010000 20 990
13.010000 21 1012
13.010000 22 1012
13.010000 23 949
13.010000 24 992
14.010000 0 998
14.010000 1 1096
14.010000 2 1002
14.010000 3 1054
14.010000 4 1064
14.010000 5 1065
14.010000 6 1081
14.010000 7 1049
14.010000 8 1074
14.010000 9 1075
14.010000 10 1048
14.010000 11 1069
14.010000 12 1059
14.010000 13 1050
14.010000 14 1064
14.010000 15 1046
14.010000 16 1066
14.010000 17 1045
14.010000 18 1078
14.010000 19 1060
14.010000 20 1076
14.010000 21 1064
14.010000 22 1026
14.010000 23 1054
14.010000 24 1060
15.010000 0 934
15.010000 1 1054
15.010000 2 959
15.010000 3 1027
15.010000 4 1030
15.010000 5 1022
15.010000 6 1049
15.010000 7 1023
15.010000 8 1032
15.010000 9 1043
15.010000 10 1017
15.010000 11 1056
15.010000 12 1035
15.010000 13 1016
15.010000 14 1023
15.010000 15 996
15.010000 16 1032
15.010000 17 1009
15.010000 18 1005
15.010000 19 1011
15.010000 20 1056
15.010000 21 1031
15.010000 22 1020
15.010000 23 1022
15.010000 24 1032
16.010000 0 1156
16.010000 1 1273
16.010000 2 1223
16.010000 3 1222
16.010000 4 1265
16.010000 5 1269
16.010000 6 1273
16.010000 7 1245
16.010000 8 1261
16.010000 9 1263
16.010000 10 1095
16.010000 11 1258
16.010000 12 1264
16.010000 13 1246
16.010000 14 1240
16.010000 15 1263
16.010000 16 1290
16.010000 17 1186
16.010000 18 1225
16.010000 19 1270
16.010000 20 1204
16.010000 21 1270
16.010000 22 1095
16.010000 23 1249
16.010000 24 1241
17.010000 0 1055
17.010000 1 1171
17.010000 2 1027
17.010000 3 1035
17.010000 4 1138
17.010000 5 1124
17.010000 6 1142
17.010000 7 1120
17.010000 8 1151
17.010000 9 1034
17.010000 10 1046
17.010000 11 1134
17.010000 12 1130
17.010000 13 1143
17.010000 14 1094
17.010000 15 1101
17.010000 16 1174
17.010000 17 978
17.010000 18 1102
17.010000 19 1072
17.010000 20 1156
17.010000 21 1151
17.010000 22 1048
17.010000 23 1125
17.010000 24 1130
18.010000 0 1353
18.010000 1 1504
18.010000 2 1369
18.010000 3 1457
18.010000 4 1482
18.010000 5 1451
18.010000 6 1475
18.010000 7 1449
18.010000 8 1454
18.010000 9 1466
18.010000 10 1244
18.010000 11 1450
18.010000 12 1459
18.010000 13 1433
18.010000 14 1421
18.010000 15 1440
18.010000 16 1380
18.010000 17 1447
18.010000 18 1468
18.010000 19 1443
18.010000 20 1413
18.010000 21 1443
18.010000 22 1265
18.010000 23 1464
18.010000 24 1458
19.010000 0 1236
19.010000 1 1375
19.010000 2 1394
19.010000 3 1430
19.010000 4 1413
19.010000 5 1433
19.010000 6 1443
19.010000 7 1410
19.010000 8 1420
19.010000 9 1448
19.010000 10 1313
19.010000 11 1416
19.010000 12 1423
19.010000 13 1419
19.010000 14 1370
19.010000 15 1399
19.010000 16 1432
19.010000 17 1396
19.010000 18 1340
19.010000 19 1414
19.010000 20 1379
19.010000 21 1400
19.010000 22 1328
19.010000 23 1430
19.010000 24 1356
20.010000 0 1124
20.010000 1 1151
20.010000 2 1114
20.010000 3 1151
20.010000 4 1186
20.010000 5 1168
20.010000 6 1190
20.010000 7 1156
20.010000 8 1197
20.010000 9 1209
20.010000 10 1052
20.010000 11 1174
20.010000 12 1197
20.010000 13 1145
20.010000 14 1189
20.010000 15 1153
20.010000 16 1180
20.010000 17 1149
20.010000 18 1174
20.010000 19 1145
20.010000 20 1094
20.010000 21 1135
20.010000 22 1084
20.010000 23 1156
20.010000 24 1110
21.010000 0 1256
21.010000 1 1331
21.010000 2 1267
21.010000 3 1289
21.010000 4 1344
21.010000 5 1328
21.010000 6 1353
21.010000 7 1351
21.010000 8 1346
21.010000 9 1373
21.010000 10 1206
21.010000 11 1356
21.010000 12 1336
21.010000 13 1309
21.010000 14 1323
21.010000 15 1315
21.010000 16 1328
21.010000 17 1274
21.010000 18 1327
21.010000 19 1337
21.010000 20 1262
21.010000 21 1301
21.010000 22 1251
21.010000 23 1326
21.010000 24 1275
22.010000 0 1133
22.010000 1 1188
22.010000 2 1200
22.010000 3 1199
22.010000 4 1219
22.010000 5 1232
22.010000 6 1231
22.010000 7 1217
22.010000 8 1246
22.010000 9 1259
22.010000 10 1162
22.010000 11 1236
22.010000 12 1236
22.010000 13 1247
22.010000 14 1188
22.010000 15 1197
22.010000 16 1240
22.010000 17 1134
22.010000 18 1181
22.010000 19 1208
22.010000 20 1142
22.010000 21 1199
22.010000 22 1183
22.010000 23 1222
22.010000 24 1145
23.010000 0 1229
23.010000 1 1328
23.010000 2 1316
23.010000 3 1298
23.010000 4 1326
23.010000 5 1330
23.010000 6 1331
23.010000 7 1301
23.010000 8 1333
23.010000 9 1289
23.010000 10 1157
23.010000 11 1299
23.010000 12 1354
23.010000 13 1298
23.010000 14 1301
23.010000 15 1323
23.010000 16 1319
23.010000 17 1279
23.010000 18 1307
23.010000 19 1321
23.010000 20 1260
23.010000 21 1283
23.010000 22 1168
23.010000 23 1323
23.010000 24 1308
24.010000 0 1294
24.010000 1 1357
24.010000 2 1330
24.010000 3 1336
24.010000 4 1384
24.010000 5 1348
24.010000 6 1371
24.010000 7 1357
24.010000 8 1380
24.010000 9 1297
24.010000 10 1263
24.010000 11 1363
24.010000 12 1412
24.010000 13 1376
24.010000 14 1355
24.010000 15 1345
24.010000 16 1369
24.010000 17 1318
24.010000 18 1375
24.010000 19 1369
24.010000 20 1326
24.010000 21 1340
24.010000 22 1284
24.010000 23 1363
24.010000 24 1274
25.010000 0 1372
25.010000 1 1436
25.010000 2 1252
25.010000 3 1434
25.010000 4 1471
25.010000 5 1370
25.010000 6 1450
25.010000 7 1423
25.010000 8 1464
25.010000 9 1411
25.010000 10 1353
25.010000 11 1445
25.010000 12 1415
25.010000 13 1446
25.010000 14 1435
25.010000 15 1340
25.010000 16 1445
25.010000 17 1411
25.010000 18 1426
25.010000 19 1391
25.010000 20 1406
25.010000 21 1422
25.010000 22 1391
25.010000 23 1450
25.010000 24 1403
26.010000 0 1222
26.010000 1 1269
26.010000 2 1177
26.010000 3 1279
26.010000 4 1302
26.010000 5 1314
26.010000 6 1318
26.010000 7 1292
26.010000 8 1310
26.010000 9 1293
26.010000 10 1301
26.010000 11 1312
26.010000 12 1264
26.010000 13 1309
26.010000 14 1267
26.010000 15 1301
26.010000 16 1291
26.010000 17 1245
26.010000 18 1280
26.010000 19 1273
26.010000 20 1165
26.010000 21 1228
26.010000 22 1287
26.010000 23 1286
26.010000 24 1193
27.010000 0 1266
27.010000 1 1329
27.010000 2 1288
27.010000 3 1358
27.010000 4 1355
27.010000 5 1369
27.010000 6 1370
27.010000 7 1350
27.010000 8 1374
27.010000 9 1371
27.010000 10 1297
27.010000 11 1404
27.010000 12 1345
27.010000 13 1353
27.010000 14 1352
27.010000 15 1363
27.010000 16 1354
27.010000 17 1336
27.010000 18 1336
27.010000 19 1364
27.010000 20 1272
27.010000 21 1312
27.010000 22 1342
27.010000 23 1326
27.010000 24 1259
28.010000 0 1438
28.010000 1 1524
28.010000 2 1398
28.010000 3 1481
28.010000 4 1503
28.010000 5 1451
28.010000 6 1520
28.010000 7 1519
28.010000 8 1528
28.010000 9 1522
28.010000 10 1396
28.010000 11 1474
28.010000 12 1483
28.010000 13 1492
28.010000 14 1499
28.010000 15 1447
28.010000 16 1535
28.010000 17 1459
28.010000 18 1503
28.010000 19 1516
28.010000 20 1487
28.010000 21 1471
28.010000 22 1367
28.010000 23 1515
28.010000 24 1508
29.010000 0 1298
29.010000 1 1385
29.010000 2 1301
29.010000 3 1356
29.010000 4 1387
29.010000 5 1386
29.010000 6 1394
29.010000 7 1378
29.010000 8 1398
29.010000 9 1364
29.010000 10 1268
29.010000 11 1393
29.010000 12 1360
29.010000 13 1377
29.010000 14 1367
29.010000 15 1350
29.010000 16 1391
29.010000 17 1311
29.010000 18 1352
29.010000 19 1351
29.010000 20 1354
29.010000 21 1378
29.010000 22 1272
29.010000 23 1354
29.010000 24 1354
30.010000 0 1233
30.010000 1 1339
30.010000 2 1223
30.010000 3 1331
30.010000 4 1352
30.010000 5 1290
30.010000 6 1342
30.010000 7 1338
30.010000 8 1335
30.010000 9 1326
30.010000 10 1178
30.010000 11 1336
30.010000 12 1320
30.010000 13 1303
30.010000 14 1310
30.010000 15 1282
30.010000 16 1319
30.010000 17 1319
30.010000 18 1319
30.010000 19 1331
30.010000 20 1269
30.010000 21 1292
30.010000 22 1192
30.010000 23 1310
30.010000 24 1268
31.010000 0 1219
31.010000 1 1326
31.010000 2 1182
31.010000 3 1297
31.010000 4 1302
31.010000 5 1264
31.010000 6 1290
31.010000 7 1257
31.010000 8 1304
31.010000 9 1288
31.010000 10 1073
31.010000 11 1277
31.010000 12 1283
31.010000 13 1278
31.010000 14 1282
31.010000 15 1261
31.010000 16 1279
31.010000 17 1286
31.010000 18 1286
31.010000 19 1260
31.010000 20 1312
31.010000 21 1276
31.010000 22 1073
31.010000 23 1272
31.010000 24 1287
32.010000 0 1347
32.010000 1 1504
32.010000 2 1357
32.010000 3 1420
32.010000 4 1471
32.010000 5 1447
32.010000 6 1489
32.010000 7 1452
32.010000 8 1464
32.010000 9 1487
32.010000 10 1275
32.010000 11 1466
32.010000 12 1433
32.010000 13 1445
32.010000 14 1436
32.010000 15 1386
32.010000 16 1457
32.010000 17 1407
32.010000 18 1456
32.010000 19 1403
32.010000 20 1414
32.010000 21 1453
32.010000 22 1275
32.010000 23 1452
32.010000 24 1447
33.010000 0 1198
33.010000 1 1192
33.010000 2 1202
33.010000 3 1269
33.010000 4 1250
33.010000 5 1252
33.010000 6 1276
33.010000 7 1254
33.010000 8 1262
33.010000 9 1281
33.010000 10 1113
33.010000 11 1274
33.010000 12 1246
33.010000 13 1219
33.010000 14 1256
33.010000 15 1232
33.010000 16 1254
33.010000 17 1251
33.010000 18 1242
33.010000 19 1242
33.010000 20 1232
33.010000 21 1267
33.010000 22 1090
33.010000 23 1245
33.010000 24 1226
34.010000 0 1325
34.010000 1 1401
34.010000 2 1361
34.010000 3 1307
34.010000 4 1409
34.010000 5 1418
34.010000 6 1405
34.010000 7 1407
34.010000 8 1428
34.010000 9 1401
34.010000 10 1341
34.010000 11 1438
34.010000 12 1427
34.010000 13 1432
34.010000 14 1379
34.010000 15 1406
34.010000 16 1427
34.010000 17 1269
34.010000 18 1406
34.010000 19 1428
34.010000 20 1367
34.010000 21 1402
34.010000 22 1385
34.010000 23 1394
34.010000 24 1348
35.010000 0 1249
35.010000 1 1301
35.010000 2 1270
35.010000 3 1308
35.010000 4 1320
35.010000 5 1312
35.010000 6 1336
35.010000 7 1264
35.010000 8 1315
35.010000 9 1315
35.010000 10 1225
35.010000 11 1317
35.010000 12 1311
35.010000 13 1275
35.010000 14 1311
35.010000 15 1311
35.010000 16 1326
35.010000 17 1300
35.010000 18 1314
35.010000 19 1327
35.010000 20 1215
35.010000 21 1298
35.010000 22 1233
35.010000 23 1319
35.010000 24 1249
36.010000 0 1465
36.010000 1 1553
36.010000 2 1389
36.010000 3 1506
36.010000 4 1521
36.010000 5 1515
36.010000 6 1531
36.010000 7 1494
36.010000 8 1522
36.010000 9 1499
36.010000 10 1331
36.010000 11 1515
36.010000 12 1500
36.010000 13 1482
36.010000 14 1521
36.010000 15 1488
36.010000 16 1516
36.010000 17 1496
36.010000 18 1513
36.010000 19 1452
36.010000 20 1484
36.010000 21 1457
36.010000 22 1329
36.010000 23 1494
36.010000 24 1488
37.010000 0 1231
37.010000 1 1310
37.010000 2 1298
37.010000 3 1293
37.010000 4 1330
37.010000 5 1375
37.010000 6 1339
37.010000 7 1327
37.010000 8 1356
37.010000 9 1346
37.010000 10 1206
37.010000 11 1339
37.010000 12 1340
37.010000 13 1347
37.010000 14 1334
37.010000 15 1367
37.010000 16 1338
37.010000 17 1248
37.010000 18 1290
37.010000 19 1336
37.010000 20 1286
37.010000 21 1315
37.010000 22 1216
37.010000 23 1324
37.010000 24 1280
38.010000 0 1313
38.010000 1 1428
38.010000 2 1315
38.010000 3 1390
38.010000 4 1424
38.010000 5 1354
38.010000 6 1426
38.010000 7 1401
38.010000 8 1429
38.010000 9 1423
38.010000 10 1301
38.010000 11 1411
38.010000 12 1426
38.010000 13 1408
38.010000 14 1391
38.010000 15 1347
38.010000 16 1418
38.010000 17 1351
38.010000 18 1379
38.010000 19 1426
38.010000 20 1357
38.010000 21 1369
38.010000 22 1318
38.010000 23 1403
38.010000 24 1392
39.010000 0 1197
39.010000 1 1210
39.010000 2 1091
39.010000 3 1239
39.010000 4 1237
39.010000 5 1212
39.010000 6 1268
39.010000 7 1248
39.010000 8 1230
39.010000 9 1218
39.010000 10 1091
39.010000 11 1231
39.010000 12 1151
39.010000 13 1226
39.010000 14 1238
39.010000 15 1121
39.010000 16 1235
39.010000 17 1226
39.010000 18 1230
39.010000 19 1130
39.010000 20 1245
39.010000 21 1231
39.010000 22 1092
39.010000 23 1233
39.010000 24 1181
40.010000 0 1044
40.010000 1 1218
40.010000 2 1186
40.010000 3 1168
40.010000 4 1244
40.010000 5 1236
40.010000 6 1227
40.010000 7 1222
40.010000 8 1234
40.010000 9 1216
40.010000 10 1189
40.010000 11 1228
40.010000 12 1241
40.010000 13 1237
40.010000 14 1133
40.010000 15 1234
40.010000 16 1247
40.010000 17 1135
40.010000 18 1201
40.010000 19 1225
40.010000 20 1184
40.010000 21 1213
40.010000 22 1179
40.010000 23 1229
40.010000 24 1174
41.010000 0 1273
41.010000 1 1310
41.010000 2 1257
41.010000 3 1327
41.010000 4 1349
41.010000 5 1322
41.010000 6 1346
41.010000 7 1317
41.010000 8 1337
41.010000 9 1313
41.010000 10 1220
41.010000 11 1328
41.010000 12 1351
41.010000 13 1327
41.010000 14 1339
41.010000 15 1320
41.010000 16 1312
41.010000 17 1305
41.010000 18 1303
41.010000 19 1311
41.010000 20 1207
41.010000 21 1261
41.010000 22 1258
41.010000 23 1309
41.010000 24 1229
42.010000 0 1136
42.010000 1 1226
42.010000 2 1194
42.010000 3 1246
42.010000 4 1245
42.010000 5 1280
42.010000 6 1269
42.010000 7 1232
42.010000 8 1237
42.010000 9 1255
42.010000 10 1144
42.010000 11 1238
42.010000 12 1225
42.010000 13 1220
42.010000 14 1212
42.010000 15 1255
42.010000 16 1248
42.010000 17 1241
42.010000 18 1237
42.010000 19 1228
42.010000 20 1121
42.010000 21 1219
42.010000 22 1137
42.010000 23 1226
42.010000 24 1165
43.010000 0 1105
43.010000 1 1122
43.010000 2 1166
43.010000 3 1159
43.010000 4 1165
43.010000 5 1200
43.010000 6 1162
43.010000 7 1140
43.010000 8 1177
43.010000 9 1173
43.010000 10 1122
43.010000 11 1168
43.010000 12 1196
43.010000 13 1161
43.010000 14 1161
43.010000 15 1196
43.010000 16 1173
43.010000 17 1158
43.010000 18 1173
43.010000 19 1167
43.010000 20 1023
43.010000 21 1076
43.010000 22 1114
43.010000 23 1149
43.010000 24 1034
44.010000 0 1178
44.010000 1 1238
44.010000 2 1238
44.010000 3 1277
44.010000 4 1262
44.010000 5 1245
44.010000 6 1285
44.010000 7 1239
44.010000 8 1278
44.010000 9 1273
44.010000 10 1166
44.010000 11 1254
44.010000 12 1280
44.010000 13 1250
44.010000 14 1246
44.010000 15 1224
44.010000 16 1260
44.010000 17 1263
44.010000 18 1243
44.010000 19 1248
44.010000 20 1164
44.010000 21 1215
44.010000 22 1151
44.010000 23 1249
44.010000 24 1182
45.010000 0 1167
45.010000 1 1155
45.010000 2 1116
45.010000 3 1208
45.010000 4 1179
45.010000 5 1195
45.010000 6 1200
45.010000 7 1178
45.010000 8 1188
45.010000 9 1200
45.010000 10 1072
45.010000 11 1197
45.010000 12 1131
45.010000 13 1184
45.010000 14 1204
45.010000 15 1098
45.010000 16 1194
45.010000 17 1202
45.010000 18 1207
45.010000 19 1125
45.010000 20 1103
45.010000 21 1154
45.010000 22 1122
45.010000 23 1182
45.010000 24 1099
46.010000 0 1280
46.010000 1 1421
46.010000 2 1236
46.010000 3 1387
46.010000 4 1416
46.010000 5 1382
46.010000 6 1426
46.010000 7 1403
46.010000 8 1428
46.010000 9 1374
46.010000 10 1252
46.010000 11 1405
46.010000 12 1373
46.010000 13 1373
46.010000 14 1390
46.010000 15 1375
46.010000 16 1371
46.010000 17 1378
46.010000 18 1369
46.010000 19 1359
46.010000 20 1363
46.010000 21 1356
46.010000 22 1248
46.010000 23 1368
46.010000 24 1380
47.010000 0 1406
47.010000 1 1415
47.010000 2 1249
47.010000 3 1433
47.010000 4 1424
47.010000 5 1359
47.010000 6 1439
47.010000 7 1397
47.010000 8 1436
47.010000 9 1413
47.010000 10 1252
47.010000 11 1410
47.010000 12 1321
47.010000 13 1416
47.010000 14 1445
47.010000 15 1347
47.010000 16 1420
47.010000 17 1432
47.010000 18 1443
47.010000 19 1415
47.010000 20 1344
47.010000 21 1377
47.010000 22 1279
47.010000 23 1400
47.010000 24 1349
48.010000 0 1105
48.010000 1 1162
48.010000 2 1171
48.010000 3 1215
48.010000 4 1199
48.010000 5 1224
48.010000 6 1241
48.010000 7 1193
48.010000 8 1226
48.010000 9 1217
48.010000 10 1052
48.010000 11 1212
48.010000 12 1204
48.010000 13 1163
48.010000 14 1170
48.010000 15 1219
48.010000 16 1196
48.010000 17 1185
48.010000 18 1173
48.010000 19 1207
48.010000 20 1149
48.010000 21 1179
48.010000 22 1074
48.010000 23 1196
48.010000 24 1153
49.010000 0 1300
49.010000 1 1353
49.010000 2 1297
49.010000 3 1402
49.010000 4 1380
49.010000 5 1362
49.010000 6 1349
49.010000 7 1396
49.010000 8 1388
49.010000 9 1402
49.010000 10 1290
49.010000 11 1378
49.010000 12 1333
49.010000 13 1390
49.010000 14 1379
49.010000 15 1294
49.010000 16 1393
49.010000 17 1381
49.010000 18 1366
49.010000 19 1333
49.010000 20 1308
49.010000 21 1357
49.010000 22 1331
49.010000 23 1400
49.010000 24 1301
50.010000 0 1454
50.010000 1 1489
50.010000 2 1401
50.010000 3 1503
50.010000 4 1490
50.010000 5 1438
50.010000 6 1515
50.010000 7 1467
50.010000 8 1483
50.010000 9 1502
50.010000 10 1378
50.010000 11 1502
50.010000 12 1470
50.010000 13 1479
50.010000 14 1506
50.010000 15 1399
50.010000 16 1507
50.010000 17 1485
50.010000 18 1492
50.010000 19 1472
50.010000 20 1455
50.010000 21 1473
50.010000 22 1389
50.010000 23 1487
50.010000 24 1466
51.010000 0 1159
51.010000 1 1226
51.010000 2 1150
51.010000 3 1239
51.010000 4 1220
51.010000 5 1203
51.010000 6 1249
51.010000 7 1218
51.010000 8 1232
51.010000 9 1240
51.010000 10 1060
51.010000 11 1243
51.010000 12 1208
51.010000 13 1212
51.010000 14 1208
51.010000 15 1176
51.010000 16 1233
51.010000 17 1225
51.010000 18 1213
51.010000 19 1212
51.010000 20 1207
51.010000 21 1219
51.010000 22 1036
51.010000 23 1213
51.010000 24 1188
52.010000 0 1327
52.010000 1 1362
52.010000 2 1261
52.010000 3 1350
52.010000 4 1371
52.010000 5 1350
52.010000 6 1374
52.010000 7 1355
52.010000 8 1384
52.010000 9 1368
52.010000 10 1258
52.010000 11 1386
52.010000 12 1367
52.010000 13 1357
52.010000 14 1357
52.010000 15 1341
52.010000 16 1372
52.010000 17 1322
52.010000 18 1373
52.010000 19 1364
52.010000 20 1320
52.010000 21 1348
52.010000 22 1272
52.010000 23 1354
52.010000 24 1321
53.010000 0 1274
53.010000 1 1306
53.010000 2 1207
53.010000 3 1332
53.010000 4 1346
53.010000 5 1280
53.010000 6 1332
53.010000 7 1310
53.010000 8 1349
53.010000 9 1348
53.010000 10 1259
53.010000 11 1347
53.010000 12 1303
53.010000 13 1298
53.010000 14 1317
53.010000 15 1258
53.010000 16 1319
53.010000 17 1309
53.010000 18 1302
53.010000 19 1297
53.010000 20 1213
53.010000 21 1215
53.010000 22 1263
53.010000 23 1300
53.010000 24 1239
54.010000 0 1388
54.010000 1 1568
54.010000 2 1485
54.010000 3 1497
54.010000 4 1594
54.010000 5 1565
54.010000 6 1600
54.010000 7 1588
54.010000 8 1613
54.010000 9 1585
54.010000 10 1531
54.010000 11 1590
54.010000 12 1594
54.010000 13 1571
54.010000 14 1557
54.010000 15 1556
54.010000 16 1584
54.010000 17 1442
54.010000 18 1533
54.010000 19 1586
54.010000 20 1514
54.010000 21 1556
54.010000 22 1564
54.010000 23 1582
54.010000 24 1524
55.010000 0 1194
55.010000 1 1231
55.010000 2 1121
55.010000 3 1237
55.010000 4 1254
55.010000 5 1210
55.010000 6 1277
55.010000 7 1245
55.010000 8 1254
55.010000 9 1252
55.010000 10 1171
55.010000 11 1253
55.010000 12 1222
55.010000 13 1215
55.010000 14 1266
55.010000 15 1183
55.010000 16 1247
55.010000 17 1218
55.010000 18 1234
55.010000 19 1217
55.010000 20 1152
55.010000 21 1203
55.010000 22 1160
55.010000 23 1225
55.010000 24 1169
56.010000 0 1239
56.010000 1 1330
56.010000 2 1211
56.010000 3 1339
56.010000 4 1350
56.010000 5 1293
56.010000 6 1376
56.010000 7 1322
56.010000 8 1342
56.010000 9 1356
56.010000 10 1222
56.010000 11 1342
56.010000 12 1332
56.010000 13 1320
56.010000 14 1318
56.010000 15 1274
56.010000 16 1323
56.010000 17 1327
56.010000 18 1333
56.010000 19 1316
56.010000 20 1277
56.010000 21 1288
56.010000 22 1196
56.010000 23 1326
56.010000 24 1308
57.010000 0 1388
57.010000 1 1417
57.010000 2 1318
57.010000 3 1445
57.010000 4 1441
57.010000 5 1399
57.010000 6 1415
57.010000 7 1413
57.010000 8 1441
57.010000 9 1440
57.010000 10 1363
57.010000 11 1440
57.010000 12 1413
57.010000 13 1417
57.010000 14 1469
57.010000 15 1356
57.010000 16 1433
57.010000 17 1442
57.010000 18 1432
57.010000 19 1392
57.010000 20 1342
57.010000 21 1398
57.010000 22 1359
57.010000 23 1435
57.010000 24 1330
58.010000 0 1381
58.010000 1 1365
58.010000 2 1342
58.010000 3 1417
58.010000 4 1398
58.010000 5 1379
58.010000 6 1413
58.010000 7 1395
58.010000 8 1406
58.010000 9 1413
58.010000 10 1329
58.010000 11 1413
58.010000 12 1381
58.010000 13 1401
58.010000 14 1420
58.010000 15 1339
58.010000 16 1412
58.010000 17 1383
58.010000 18 1390
58.010000 19 1378
58.010000 20 1338
58.010000 21 1364
58.010000 22 1321
58.010000 23 1388
58.010000 24 1305
59.010000 0 1185
59.010000 1 1434
59.010000 2 1364
59.010000 3 1401
59.010000 4 1454
59.010000 5 1436
59.010000 6 1465
59.010000 7 1424
59.010000 8 1423
59.010000 9 1437
59.010000 10 1314
59.010000 11 1416
59.010000 12 1441
59.010000 13 1392
59.010000 14 1306
59.010000 15 1430
59.010000 16 1413
59.010000 17 1383
59.010000 18 1399
59.010000 19 1422
59.010000 20 1374
59.010000 21 1400
59.010000 22 1311
59.010000 23 1439
59.010000 24 1375
60.010000 0 1177
60.010000 1 1242
60.010000 2 1205
60.010000 3 1234
60.010000 4 1246
60.010000 5 1242
60.010000 6 1230
60.010000 7 1240
60.010000 8 1257
60.010000 9 1229
60.010000 10 1138
60.010000 11 1280
60.010000 12 1256
60.010000 13 1231
60.010000 14 1228
60.010000 15 1229
60.010000 16 1245
60.010000 17 1213
60.010000 18 1225
60.010000 19 1227
60.010000 20 1159
60.010000 21 1194
60.010000 22 1146
60.010000 23 1231
60.010000 24 1206
61.010000 0 1303
61.010000 1 1452
61.010000 2 1343
61.010000 3 1419
61.010000 4 1463
61.010000 5 1436
61.010000 6 1459
61.010000 7 1423
61.010000 8 1437
61.010000 9 1454
61.010000 10 1285
61.010000 11 1414
61.010000 12 1408
61.010000 13 1412
61.010000 14 1403
61.010000 15 1410
61.010000 16 1446
61.010000 17 1411
61.010000 18 1428
61.010000 19 1414
61.010000 20 1366
61.010000 21 1371
61.010000 22 1307
61.010000 23 1424
61.010000 24 1385
62.010000 0 1262
62.010000 1 1281
62.010000 2 1311
62.010000 3 1296
62.010000 4 1337
62.010000 5 1326
62.010000 6 1343
62.010000 7 1312
62.010000 8 1340
62.010000 9 1348
62.010000 10 1242
62.010000 11 1344
62.010000 12 1351
62.010000 13 1332
62.010000 14 1301
62.010000 15 1325
62.010000 16 1370
62.010000 17 1261
62.010000 18 1335
62.010000 19 1355
62.010000 20 1265
62.010000 21 1338
62.010000 22 1258
62.010000 23 1331
62.010000 24 1219
63.010000 0 1171
63.010000 1 1254
63.010000 2 1193
63.010000 3 1266
63.010000 4 1263
63.010000 5 1261
63.010000 6 1250
63.010000 7 1241
63.010000 8 1239
63.010000 9 1261
63.010000 10 1107
63.010000 11 1238
63.010000 12 1228
63.010000 13 1228
63.010000 14 1229
63.010000 15 1237
63.010000 16 1253
63.010000 17 1255
63.010000 18 1230
63.010000 19 1234
63.010000 20 1161
63.010000 21 1210
63.010000 22 1109
63.010000 23 1251
63.010000 24 1192
64.010000 0 1402
64.010000 1 1463
64.010000 2 1326
64.010000 3 1436
64.010000 4 1455
64.010000 5 1420
64.010000 6 1467
64.010000 7 1464
64.010000 8 1480
64.010000 9 1469
64.010000 10 1363
64.010000 11 1504
64.010000 12 1420
64.010000 13 1453
64.010000 14 1452
64.010000 15 1368
64.010000 16 1516
64.010000 17 1395
64.010000 18 1435
64.010000 19 1435
64.010000 20 1419
64.010000 21 1414
64.010000 22 1370
64.010000 23 1473
64.010000 24 1419
65.010000 0 1273
65.010000 1 1246
65.010000 2 1251
65.010000 3 1255
65.010000 4 1306
65.010000 5 1304
65.010000 6 1289
65.010000 7 1278
65.010000 8 1306
65.010000 9 1299
65.010000 10 1210
65.010000 11 1318
65.010000 12 1289
65.010000 13 1284
65.010000 14 1309
65.010000 15 1301
65.010000 16 1339
65.010000 17 1242
65.010000 18 1297
65.010000 19 1300
65.010000 20 1194
65.010000 21 1248
65.010000 22 1222
65.010000 23 1286
65.010000 24 1185
66.010000 0 1198
66.010000 1 1241
66.010000 2 1218
66.010000 3 1261
66.010000 4 1270
66.010000 5 1268
66.010000 6 1288
66.010000 7 1244
66.010000 8 1270
66.010000 9 1289
66.010000 10 1164
66.010000 11 1278
66.010000 12 1253
66.010000 13 1256
66.010000 14 1239
66.010000 15 1239
66.010000 16 1203
66.010000 17 1259
66.010000 18 1269
66.010000 19 1253
66.010000 20 1206
66.010000 21 1234
66.010000 22 1184
66.010000 23 1301
66.010000 24 1178
67.010000 0 1346
67.010000 1 1363
67.010000 2 1311
67.010000 3 1377
67.010000 4 1384
67.010000 5 1386
67.010000 6 1394
67.010000 7 1355
67.010000 8 1405
67.010000 9 1381
67.010000 10 1308
67.010000 11 1345
67.010000 12 1399
67.010000 13 1367
67.010000 14 1387
67.010000 15 1379
67.010000 16 1359
67.010000 17 1369
67.010000 18 1382
67.010000 19 1370
67.010000 20 1292
67.010000 21 1324
67.010000 22 1300
67.010000 23 1351
67.010000 24 1336
68.010000 0 1200
68.010000 1 1260
68.010000 2 1228
68.010000 3 1239
68.010000 4 1287
68.010000 5 1299
68.010000 6 1282
68.010000 7 1268
68.010000 8 1298
68.010000 9 1284
68.010000 10 1148
68.010000 11 1274
68.010000 12 1281
68.010000 13 1250
68.010000 14 1234
68.010000 15 1295
68.010000 16 1265
68.010000 17 1182
68.010000 18 1249
68.010000 19 1272
68.010000 20 1201
68.010000 21 1259
68.010000 22 1165
68.010000 23 1229
68.010000 24 1195
69.010000 0 1447
69.010000 1 1434
69.010000 2 1326
69.010000 3 1454
69.010000 4 1443
69.010000 5 1366
69.010000 6 1458
69.010000 7 1448
69.010000 8 1476
69.010000 9 1459
69.010000 10 1377
69.010000 11 1465
69.010000 12 1416
69.010000 13 1445
69.010000 14 1476
69.010000 15 1307
69.010000 16 1469
69.010000 17 1424
69.010000 18 1478
69.010000 19 1404
69.010000 20 1437
69.010000 21 1432
69.010000 22 1359
69.010000 23 1432
69.010000 24 1403
70.010000 0 1122
70.010000 1 1226
70.010000 2 1179
70.010000 3 1187
70.010000 4 1218
70.010000 5 1201
70.010000 6 1231
70.010000 7 1219
70.010000 8 1232
70.010000 9 1232
70.010000 10 1044
70.010000 11 1195
70.010000 12 1224
70.010000 13 1193
70.010000 14 1173
70.010000 15 1200
70.010000 16 1214
70.010000 17 1171
70.010000 18 1232
70.010000 19 1235
70.010000 20 1124
70.010000 21 1174
70.010000 22 1049
70.010000 23 1174
70.010000 24 1186
71.010000 0 1437
71.010000 1 1626
71.010000 2 1459
71.010000 3 1542
71.010000 4 1608
71.010000 5 1546
71.010000 6 1627
71.010000 7 1603
71.010000 8 1605
71.010000 9 1595
71.010000 10 1438
71.010000 11 1601
71.010000 12 1589
71.010000 13 1565
71.010000 14 1589
71.010000 15 1525
71.010000 16 1591
71.010000 17 1516
71.010000 18 1534
71.010000 19 1592
71.010000 20 1493
71.010000 21 1542
71.010000 22 1463
71.010000 23 1598
71.010000 24 1566
72.010000 0 1571
72.010000 1 1724
72.010000 2 1503
72.010000 3 1718
72.010000 4 1745
72.010000 5 1623
72.010000 6 1757
72.010000 7 1719
72.010000 8 1747
72.010000 9 1755
72.010000 10 1636
72.010000 11 1735
72.010000 12 1707
72.010000 13 1715
72.010000 14 1727
72.010000 15 1585
72.010000 16 1722
72.010000 17 1693
72.010000 18 1668
72.010000 19 1655
72.010000 20 1734
72.010000 21 1729
72.010000 22 1633
72.010000 23 1748
72.010000 24 1660
73.010000 0 1273
73.010000 1 1437
73.010000 2 1335
73.010000 3 1371
73.010000 4 1413
73.010000 5 1404
73.010000 6 1413
73.010000 7 1391
73.010000 8 1418
73.010000 9 1371
73.010000 10 1224
73.010000 11 1400
73.010000 12 1403
73.010000 13 1376
73.010000 14 1392
73.010000 15 1393
73.010000 16 1405
73.010000 17 1365
73.010000 18 1381
73.010000 19 1394
73.010000 20 1405
73.010000 21 1393
73.010000 22 1237
73.010000 23 1397
73.010000 24 1398
74.010000 0 1138
74.010000 1 1178
74.010000 2 1142
74.010000 3 1186
74.010000 4 1190
74.010000 5 1193
74.010000 6 1203
74.010000 7 1176
74.010000 8 1196
74.010000 9 1193
74.010000 10 1017
74.010000 11 1193
74.010000 12 1192
74.010000 13 1171
74.010000 14 1190
74.010000 15 1191
74.010000 16 1203
74.010000 17 1176
74.010000 18 1182
74.010000 19 1195
74.010000 20 1169
74.010000 21 1178
74.010000 22 1031
74.010000 23 1194
74.010000 24 1158
75.010000 0 1219
75.010000 1 1305
75.010000 2 1233
75.010000 3 1297
75.010000 4 1308
75.010000 5 1288
75.010000 6 1309
75.010000 7 1329
75.010000 8 1294
75.010000 9 1310
75.010000 10 1158
75.010000 11 1298
75.010000 12 1303
75.010000 13 1272
75.010000 14 1299
75.010000 15 1281
75.010000 16 1293
75.010000 17 1287
75.010000 18 1292
75.010000 19 1299
75.010000 20 1234
75.010000 21 1274
75.010000 22 1163
75.010000 23 1302
75.010000 24 1256
76.010000 0 1028
76.010000 1 1087
76.010000 2 1096
76.010000 3 1094
76.010000 4 1115
76.010000 5 1084
76.010000 6 1114
76.010000 7 1104
76.010000 8 1103
76.010000 9 1116
76.010000 10 967
76.010000 11 1086
76.010000 12 1119
76.010000 13 1070
76.010000 14 1089
76.010000 15 1082
76.010000 16 1092
76.010000 17 1088
76.010000 18 1107
76.010000 19 1126
76.010000 20 1022
76.010000 21 1089
76.010000 22 974
76.010000 23 1095
76.010000 24 1019
77.010000 0 1518
77.010000 1 1557
77.010000 2 1454
77.010000 3 1574
77.010000 4 1577
77.010000 5 1540
77.010000 6 1564
77.010000 7 1502
77.010000 8 1594
77.010000 9 1564
77.010000 10 1434
77.010000 11 1571
77.010000 12 1564
77.010000 13 1556
77.010000 14 1559
77.010000 15 1536
77.010000 16 1564
77.010000 17 1556
77.010000 18 1567
77.010000 19 1536
77.010000 20 1479
77.010000 21 1483
77.010000 22 1442
77.010000 23 1523
77.010000 24 1508
78.010000 0 1318
78.010000 1 1361
78.010000 2 1293
78.010000 3 1346
78.010000 4 1347
78.010000 5 1379
78.010000 6 1385
78.010000 7 1365
78.010000 8 1365
78.010000 9 1369
78.010000 10 1222
78.010000 11 1389
78.010000 12 1355
78.010000 13 1377
78.010000 14 1350
78.010000 15 1378
78.010000 16 1370
78.010000 17 1325
78.010000 18 1368
78.010000 19 1376
78.010000 20 1335
78.010000 21 1356
78.010000 22 1253
78.010000 23 1354
78.010000 24 1316
79.010000 0 1020
79.010000 1 1082
79.010000 2 1096
79.010000 3 1078
79.010000 4 1111
79.010000 5 1102
79.010000 6 1113
79.010000 7 1076
79.010000 8 1093
79.010000 9 1128
79.010000 10 1030
79.010000 11 1090
79.010000 12 1107
79.010000 13 1091
79.010000 14 1089
79.010000 15 1096
79.010000 16 1106
79.010000 17 1068
79.010000 18 1096
79.010000 19 1122
79.010000 20 983
79.010000 21 1061
79.010000 22 1030
79.010000 23 1132
79.010000 24 1004
80.010000 0 1297
80.010000 1 1361
80.010000 2 1355
80.010000 3 1369
80.010000 4 1385
80.010000 5 1391
80.010000 6 1402
80.010000 7 1377
80.010000 8 1399
80.010000 9 1379
80.010000 10 1278
80.010000 11 1384
80.010000 12 1402
80.010000 13 1374
80.010000 14 1393
80.010000 15 1381
80.010000 16 1389
80.010000 17 1358
80.010000 18 1379
80.010000 19 1379
80.010000 20 1291
80.010000 21 1348
80.010000 22 1282
80.010000 23 1434
80.010000 24 1283
81.010000 0 1202
81.010000 1 1339
81.010000 2 1277
81.010000 3 1282
81.010000 4 1373
81.010000 5 1317
81.010000 6 1359
81.010000 7 1314
81.010000 8 1343
81.010000 9 1358
81.010000 10 1242
81.010000 11 1332
81.010000 12 1340
81.010000 13 1320
81.010000 14 1317
81.010000 15 1281
81.010000 16 1358
81.010000 17 1253
81.010000 18 1320
81.010000 19 1315
81.010000 20 1258
81.010000 21 1295
81.010000 22 1251
81.010000 23 1330
81.010000 24 1312
82.010000 0 1233
82.010000 1 1290
82.010000 2 1317
82.010000 3 1318
82.010000 4 1344
82.010000 5 1344
82.010000 6 1303
82.010000 7 1290
82.010000 8 1341
82.010000 9 1327
82.010000 10 1216
82.010000 11 1324
82.010000 12 1352
82.010000 13 1302
82.010000 14 1252
82.010000 15 1334
82.010000 16 1325
82.010000 17 1242
82.010000 18 1282
82.010000 19 1322
82.010000 20 1270
82.010000 21 1315
82.010000 22 1227
82.010000 23 1242
82.010000 24 1248
83.010000 0 1444
83.010000 1 1605
83.010000 2 1458
83.010000 3 1562
83.010000 4 1528
83.010000 5 1582
83.010000 6 1597
83.010000 7 1571
83.010000 8 1598
83.010000 9 1602
83.010000 10 1466
83.010000 11 1600
83.010000 12 1570
83.010000 13 1566
83.010000 14 1561
83.010000 15 1508
83.010000 16 1605
83.010000 17 1519
83.010000 18 1540
83.010000 19 1500
83.010000 20 1531
83.010000 21 1551
83.010000 22 1509
83.010000 23 1603
83.010000 24 1556
84.010000 0 1272
84.010000 1 1390
84.010000 2 1326
84.010000 3 1380
84.010000 4 1362
84.010000 5 1324
84.010000 6 1383
84.010000 7 1356
84.010000 8 1342
84.010000 9 1399
84.010000 10 1193
84.010000 11 1362
84.010000 12 1360
84.010000 13 1363
84.010000 14 1346
84.010000 15 1270
84.010000 16 1373
84.010000 17 1370
84.010000 18 1360
84.010000 19 1345
84.010000 20 1328
84.010000 21 1374
84.010000 22 1192
84.010000 23 1372
84.010000 24 1332
85.010000 0 1346
85.010000 1 1375
85.010000 2 1332
85.010000 3 1373
85.010000 4 1385
85.010000 5 1414
85.010000 6 1413
85.010000 7 1385
85.010000 8 1403
85.010000 9 1421
85.010000 10 1301
85.010000 11 1433
85.010000 12 1343
85.010000 13 1433
85.010000 14 1394
85.010000 15 1303
85.010000 16 1424
85.010000 17 1347
85.010000 18 1394
85.010000 19 1338
85.010000 20 1344
85.010000 21 1379
85.010000 22 1299
85.010000 23 1413
85.010000 24 1319
86.010000 0 1187
86.010000 1 1278
86.010000 2 1226
86.010000 3 1279
86.010000 4 1282
86.010000 5 1214
86.010000 6 1289
86.010000 7 1285
86.010000 8 1277
86.010000 9 1287
86.010000 10 1137
86.010000 11 1270
86.010000 12 1306
86.010000 13 1223
86.010000 14 1255
86.010000 15 1207
86.010000 16 1254
86.010000 17 1268
86.010000 18 1263
86.010000 19 1304
86.010000 20 1205
86.010000 21 1239
86.010000 22 1144
86.010000 23 1258
86.010000 24 1213
87.010000 0 1444
87.010000 1 1528
87.010000 2 1414
87.010000 3 1486
87.010000 4 1516
87.010000 5 1515
87.010000 6 1528
87.010000 7 1512
87.010000 8 1529
87.010000 9 1506
87.010000 10 1379
87.010000 11 1529
87.010000 12 1490
87.010000 13 1505
87.010000 14 1523
87.010000 15 1477
87.010000 16 1532
87.010000 17 1462
87.010000 18 1505
87.010000 19 1476
87.010000 20 1475
87.010000 21 1499
87.010000 22 1389
87.010000 23 1514
87.010000 24 1482
88.010000 0 1410
88.010000 1 1474
88.010000 2 1232
88.010000 3 1485
88.010000 4 1469
88.010000 5 1412
88.010000 6 1481
88.010000 7 1450
88.010000 8 1475
88.010000 9 1466
88.010000 10 1338
88.010000 11 1496
88.010000 12 1420
88.010000 13 1447
88.010000 14 1462
88.010000 15 1377
88.010000 16 1447
88.010000 17 1466
88.010000 18 1452
88.010000 19 1368
88.010000 20 1442
88.010000 21 1437
88.010000 22 1343
88.010000 23 1407
88.010000 24 1455
89.010000 0 1438
89.010000 1 1593
89.010000 2 1293
89.010000 3 1536
89.010000 4 1564
89.010000 5 1503
89.010000 6 1535
89.010000 7 1530
89.010000 8 1562
89.010000 9 1527
89.010000 10 1382
89.010000 11 1543
89.010000 12 1430
89.010000 13 1500
89.010000 14 1546
89.010000 15 1481
89.010000 16 1526
89.010000 17 1521
89.010000 18 1526
89.010000 19 1507
89.010000 20 1547
89.010000 21 1520
89.010000 22 1399
89.010000 23 1521
89.010000 24 1546
90.010000 0 1395
90.010000 1 1443
90.010000 2 1292
90.010000 3 1486
90.010000 4 1460
90.010000 5 1428
90.010000 6 1475
90.010000 7 1450
90.010000 8 1470
90.010000 9 1471
90.010000 10 1275
90.010000 11 1468
90.010000 12 1385
90.010000 13 1467
90.010000 14 1459
90.010000 15 1405
90.010000 16 1458
90.010000 17 1471
90.010000 18 1461
90.010000 19 1434
90.010000 20 1445
90.010000 21 1445
90.010000 22 1298
90.010000 23 1471
90.010000 24 1473
91.010000 0 1119
91.010000 1 1116
91.010000 2 1090
91.010000 3 1157
91.010000 4 1149
91.010000 5 1143
91.010000 6 1146
91.010000 7 1123
91.010000 8 1136
91.010000 9 1149
91.010000 10 1036
91.010000 11 1118
91.010000 12 1127
91.010000 13 1137
91.010000 14 1149
91.010000 15 1127
91.010000 16 1156
91.010000 17 1143
91.010000 18 1143
91.010000 19 1133
91.010000 20 1062
91.010000 21 1131
91.010000 22 1034
91.010000 23 1124
91.010000 24 1061
92.010000 0 1172
92.010000 1 1131
92.010000 2 1147
92.010000 3 1178
92.010000 4 1172
92.010000 5 1184
92.010000 6 1187
92.010000 7 1170
92.010000 8 1202
92.010000 9 1192
92.010000 10 1124
92.010000 11 1201
92.010000 12 1170
92.010000 13 1194
92.010000 14 1200
92.010000 15 1132
92.010000 16 1189
92.010000 17 1157
92.010000 18 1177
92.010000 19 1153
92.010000 20 1080
92.010000 21 1095
92.010000 22 1125
92.010000 23 1173
92.010000 24 1090
93.010000 0 1267
93.010000 1 1476
93.010000 2 1412
93.010000 3 1428
93.010000 4 1490
93.010000 5 1437
93.010000 6 1483
93.010000 7 1453
93.010000 8 1459
93.010000 9 1484
93.010000 10 1308
93.010000 11 1449
93.010000 12 1502
93.010000 13 1435
93.010000 14 1400
93.010000 15 1431
93.010000 16 1453
93.010000 17 1421
93.010000 18 1446
93.010000 19 1457
93.010000 20 1362
93.010000 21 1414
93.010000 22 1323
93.010000 23 1464
93.010000 24 1424
94.010000 0 1362
94.010000 1 1437
94.010000 2 1317
94.010000 3 1413
94.010000 4 1438
94.010000 5 1423
94.010000 6 1448
94.010000 7 1420
94.010000 8 1453
94.010000 9 1439
94.010000 10 1322
94.010000 11 1446
94.010000 12 1393
94.010000 13 1421
94.010000 14 1439
94.010000 15 1415
94.010000 16 1433
94.010000 17 1403
94.010000 18 1424
94.010000 19 1438
94.010000 20 1422
94.010000 21 1426
94.010000 22 1304
94.010000 23 1415
94.010000 24 1408
95.010000 0 1303
95.010000 1 1325
95.010000 2 1262
95.010000 3 1306
95.010000 4 1346
95.010000 5 1351
95.010000 6 1354
95.010000 7 1337
95.010000 8 1356
95.010000 9 1343
95.010000 10 1232
95.010000 11 1371
95.010000 12 1331
95.010000 13 1336
95.010000 14 1334
95.010000 15 1344
95.010000 16 1360
95.010000 17 1274
95.010000 18 1338
95.010000 19 1345
95.010000 20 1288
95.010000 21 1315
95.010000 22 1250
95.010000 23 1343
95.010000 24 1260
96.010000 0 1250
96.010000 1 1371
96.010000 2 1340
96.010000 3 1352
96.010000 4 1372
96.010000 5 1377
96.010000 6 1380
96.010000 7 1379
96.010000 8 1367
96.010000 9 1388
96.010000 10 1268
96.010000 11 1372
96.010000 12 1381
96.010000 13 1371
96.010000 14 1341
96.010000 15 1370
96.010000 16 1391
96.010000 17 1328
96.010000 18 1345
96.010000 19 1375
96.010000 20 1290
96.010000 21 1342
96.010000 22 1272
96.010000 23 1366
96.010000 24 1289
97.010000 0 1218
97.010000 1 1276
97.010000 2 1232
97.010000 3 1292
97.010000 4 1292
97.010000 5 1292
97.010000 6 1319
97.010000 7 1271
97.010000 8 1302
97.010000 9 1290
97.010000 10 1166
97.010000 11 1288
97.010000 12 1286
97.010000 13 1259
97.010000 14 1283
97.010000 15 1282
97.010000 16 1285
97.010000 17 1284
97.010000 18 1283
97.010000 19 1276
97.010000 20 1239
97.010000 21 1281
97.010000 22 1185
97.010000 23 1262
97.010000 24 1215
98.010000 0 1257
98.010000 1 1300
98.010000 2 1230
98.010000 3 1327
98.010000 4 1307
98.010000 5 1306
98.010000 6 1334
98.010000 7 1291
98.010000 8 1307
98.010000 9 1315
98.010000 10 1186
98.010000 11 1309
98.010000 12 1270
98.010000 13 1301
98.010000 14 1310
98.010000 15 1251
98.010000 16 1330
98.010000 17 1323
98.010000 18 1314
98.010000 19 1274
98.010000 20 1191
98.010000 21 1231
98.010000 22 1240
98.010000 23 1333
98.010000 24 1265
99.010000 0 1306
99.010000 1 1352
99.010000 2 1309
99.010000 3 1397
99.010000 4 1409
99.010000 5 1418
99.010000 6 1374
99.010000 7 1402
99.010000 8 1416
99.010000 9 1420
99.010000 10 1385
99.010000 11 1424
99.010000 12 1366
99.010000 13 1422
99.010000 14 1356
99.010000 15 1348
99.010000 16 1417
99.010000 17 1328
99.010000 18 1355
99.010000 19 1335
99.010000 20 1283
99.010000 21 1370
99.010000 22 1450
99.010000 23 1401
99.010000 24 1289
100.010000 0 1374
100.010000 1 1400
100.010000 2 1372
100.010000 3 1458
100.010000 4 1444
100.010000 5 1405
100.010000 6 1484
100.010000 7 1409
100.010000 8 1446
100.010000 9 1449
100.010000 10 1391
100.010000 11 1439
100.010000 12 1443
100.010000 13 1428
100.010000 14 1435
100.010000 15 1393
100.010000 16 1440
100.010000 17 1452
100.010000 18 1440
100.010000 19 1449
100.010000 20 1330
100.010000 21 1386
100.010000 22 1353
100.010000 23 1434
100.010000 24 1319
101.010000 0 1171
101.010000 1 1266
101.010000 2 1142
101.010000 3 1244
101.010000 4 1268
101.010000 5 1191
101.010000 6 1296
101.010000 7 1270
101.010000 8 1259
101.010000 9 1256
101.010000 10 1113
101.010000 11 1251
101.010000 12 1264
101.010000 13 1228
101.010000 14 1238
101.010000 15 1188
101.010000 16 1242
101.010000 17 1228
101.010000 18 1261
101.010000 19 1253
101.010000 20 1221
101.010000 21 1235
101.010000 22 1103
101.010000 23 1261
101.010000 24 1221
102.010000 0 1433
102.010000 1 1610
102.010000 2 1484
102.010000 3 1496
102.010000 4 1560
102.010000 5 1568
102.010000 6 1499
102.010000 7 1556
102.010000 8 1583
102.010000 9 1536
102.010000 10 1394
102.010000 11 1565
102.010000 12 1552
102.010000 13 1536
102.010000 14 1530
102.010000 15 1558
102.010000 16 1554
102.010000 17 1467
102.010000 18 1539
102.010000 19 1567
102.010000 20 1523
102.010000 21 1546
102.010000 22 1397
102.010000 23 1528
102.010000 24 1562
103.010000 0 1134
103.010000 1 1237
103.010000 2 1152
103.010000 3 1201
103.010000 4 1217
103.010000 5 1215
103.010000 6 1219
103.010000 7 1203
103.010000 8 1215
103.010000 9 1211
103.010000 10 968
103.010000 11 1208
103.010000 12 1209
103.010000 13 1217
103.010000 14 1200
103.010000 15 1209
103.010000 16 1203
103.010000 17 1190
103.010000 18 1198
103.010000 19 1207
103.010000 20 1219
103.010000 21 1193
103.010000 22 942
103.010000 23 1195
103.010000 24 1226
104.010000 0 1291
104.010000 1 1318
104.010000 2 1281
104.010000 3 1364
104.010000 4 1353
104.010000 5 1368
104.010000 6 1386
104.010000 7 1342
104.010000 8 1357
104.010000 9 1386
104.010000 10 1207
104.010000 11 1361
104.010000 12 1341
104.010000 13 1337
104.010000 14 1351
104.010000 15 1351
104.010000 16 1352
104.010000 17 1356
104.010000 18 1365
104.010000 19 1342
104.010000 20 1291
104.010000 21 1333
104.010000 22 1219
104.010000 23 1345
104.010000 24 1317
105.010000 0 1309
105.010000 1 1413
105.010000 2 1317
105.010000 3 1388
105.010000 4 1400
105.010000 5 1408
105.010000 6 1405
105.010000 7 1386
105.010000 8 1398
105.010000 9 1386
105.010000 10 1226
105.010000 11 1395
105.010000 12 1386
105.010000 13 1372
105.010000 14 1375
105.010000 15 1388
105.010000 16 1403
105.010000 17 1355
105.010000 18 1365
105.010000 19 1383
105.010000 20 1383
105.010000 21 1393
105.010000 22 1240
105.010000 23 1381
105.010000 24 1381
106.010000 0 1196
106.010000 1 1242
106.010000 2 1272
106.010000 3 1247
106.010000 4 1260
106.010000 5 1261
106.010000 6 1293
106.010000 7 1236
106.010000 8 1266
106.010000 9 1275
106.010000 10 1125
106.010000 11 1260
106.010000 12 1275
106.010000 13 1250
106.010000 14 1243
106.010000 15 1256
106.010000 16 1269
106.010000 17 1226
106.010000 18 1247
106.010000 19 1302
106.010000 20 1235
106.010000 21 1262
106.010000 22 1138
106.010000 23 1249
106.010000 24 1199
107.010000 0 1208
107.010000 1 1311
107.010000 2 1265
107.010000 3 1298
107.010000 4 1312
107.010000 5 1305
107.010000 6 1351
107.010000 7 1299
107.010000 8 1314
107.010000 9 1324
107.010000 10 1164
107.010000 11 1323
107.010000 12 1322
107.010000 13 1312
107.010000 14 1296
107.010000 15 1292
107.010000 16 1301
107.010000 17 1291
107.010000 18 1302
107.010000 19 1283
107.010000 20 1213
107.010000 21 1256
107.010000 22 1141
107.010000 23 1304
107.010000 24 1269
108.010000 0 1349
108.010000 1 1393
108.010000 2 1342
108.010000 3 1419
108.010000 4 1392
108.010000 5 1373
108.010000 6 1374
108.010000 7 1382
108.010000 8 1398
108.010000 9 1418
108.010000 10 1326
108.010000 11 1398
108.010000 12 1395
108.010000 13 1387
108.010000 14 1416
108.010000 15 1346
108.010000 16 1424
108.010000 17 1410
108.010000 18 1400
108.010000 19 1370
108.010000 20 1306
108.010000 21 1352
108.010000 22 1321
108.010000 23 1389
108.010000 24 1291
109.010000 0 1150
109.010000 1 1184
109.010000 2 1190
109.010000 3 1237
109.010000 4 1220
109.010000 5 1224
109.010000 6 1234
109.010000 7 1228
109.010000 8 1219
109.010000 9 1220
109.010000 10 1084
109.010000 11 1214
109.010000 12 1236
109.010000 13 1199
109.010000 14 1203
109.010000 15 1221
109.010000 16 1208
109.010000 17 1221
109.010000 18 1200
109.010000 19 1210
109.010000 20 1159
109.010000 21 1176
109.010000 22 1085
109.010000 23 1208
109.010000 24 1133
110.010000 0 1368
110.010000 1 1464
110.010000 2 1362
110.010000 3 1424
110.010000 4 1471
110.010000 5 1486
110.010000 6 1484
110.010000 7 1492
110.010000 8 1493
110.010000 9 1495
110.010000 10 1380
110.010000 11 1491
110.010000 12 1424
110.010000 13 1475
110.010000 14 1455
110.010000 15 1420
110.010000 16 1457
110.010000 17 1380
110.010000 18 1448
110.010000 19 1422
110.010000 20 1463
110.010000 21 1478
110.010000 22 1388
110.010000 23 1463
110.010000 24 1477
111.010000 0 1253
111.010000 1 1270
111.010000 2 1258
111.010000 3 1254
111.010000 4 1276
111.010000 5 1302
111.010000 6 1282
111.010000 7 1268
111.010000 8 1297
111.010000 9 1294
111.010000 10 1178
111.010000 11 1313
111.010000 12 1292
111.010000 13 1285
111.010000 14 1270
111.010000 15 1295
111.010000 16 1330
111.010000 17 1226
111.010000 18 1299
111.010000 19 1303
111.010000 20 1212
111.010000 21 1264
111.010000 22 1190
111.010000 23 1296
111.010000 24 1190
112.010000 0 1305
112.010000 1 1262
112.010000 2 1146
112.010000 3 1314
112.010000 4 1304
112.010000 5 1207
112.010000 6 1297
112.010000 7 1274
112.010000 8 1298
112.010000 9 1286
112.010000 10 1238
112.010000 11 1278
112.010000 12 1275
112.010000 13 1288
112.010000 14 1306
112.010000 15 1186
112.010000 16 1329
112.010000 17 1302
112.010000 18 1320
112.010000 19 1271
112.010000 20 1150
112.010000 21 1215
112.010000 22 1281
112.010000 23 1276
112.010000 24 1158
113.010000 0 1281
113.010000 1 1435
113.010000 2 1378
113.010000 3 1419
113.010000 4 1461
113.010000 5 1446
113.010000 6 1474
113.010000 7 1464
113.010000 8 1465
113.010000 9 1484
113.010000 10 1421
113.010000 11 1452
113.010000 12 1460
113.010000 13 1430
113.010000 14 1425
113.010000 15 1443
113.010000 16 1399
113.010000 17 1402
113.010000 18 1401
113.010000 19 1449
113.010000 20 1374
113.010000 21 1427
113.010000 22 1328
113.010000 23 1431
113.010000 24 1375
114.010000 0 1146
114.010000 1 1202
114.010000 2 1104
114.010000 3 1231
114.010000 4 1235
114.010000 5 1202
114.010000 6 1240
114.010000 7 1182
114.010000 8 1234
114.010000 9 1193
114.010000 10 1158
114.010000 11 1214
114.010000 12 1208
114.010000 13 1182
114.010000 14 1218
114.010000 15 1196
114.010000 16 1212
114.010000 17 1229
114.010000 18 1185
114.010000 19 1194
114.010000 20 1109
114.010000 21 1147
114.010000 22 1149
114.010000 23 1213
114.010000 24 1164
115.010000 0 1427
115.010000 1 1437
115.010000 2 1346
115.010000 3 1468
115.010000 4 1466
115.010000 5 1406
115.010000 6 1475
115.010000 7 1462
115.010000 8 1518
115.010000 9 1475
115.010000 10 1362
115.010000 11 1485
115.010000 12 1454
115.010000 13 1452
115.010000 14 1455
115.010000 15 1388
115.010000 16 1431
115.010000 17 1433
115.010000 18 1468
115.010000 19 1460
115.010000 20 1434
115.010000 21 1437
115.010000 22 1371
115.010000 23 1475
115.010000 24 1396
116.010000 0 1529
116.010000 1 1760
116.010000 2 1539
116.010000 3 1665
116.010000 4 1726
116.010000 5 1664
116.010000 6 1769
116.010000 7 1745
116.010000 8 1696
116.010000 9 1749
116.010000 10 1688
116.010000 11 1726
116.010000 12 1662
116.010000 13 1705
116.010000 14 1707
116.010000 15 1575
116.010000 16 1722
116.010000 17 1646
116.010000 18 1703
116.010000 19 1654
116.010000 20 1648
116.010000 21 1693
116.010000 22 1673
116.010000 23 1718
116.010000 24 1679
117.010000 0 1292
117.010000 1 1306
117.010000 2 1265
117.010000 3 1362
117.010000 4 1374
117.010000 5 1352
117.010000 6 1377
117.010000 7 1332
117.010000 8 1372
117.010000 9 1369
117.010000 10 1294
117.010000 11 1369
117.010000 12 1343
117.010000 13 1348
117.010000 14 1362
117.010000 15 1324
117.010000 16 1365
117.010000 17 1346
117.010000 18 1348
117.010000 19 1339
117.010000 20 1283
117.010000 21 1333
117.010000 22 1302
117.010000 23 1371
117.010000 24 1275
118.010000 0 1145
118.010000 1 1172
118.010000 2 1112
118.010000 3 1222
118.010000 4 1206
118.010000 5 1188
118.010000 6 1237
118.010000 7 1190
118.010000 8 1194
118.010000 9 1239
118.010000 10 1122
118.010000 11 1196
118.010000 12 1155
118.010000 13 1180
118.010000 14 1202
118.010000 15 1124
118.010000 16 1204
118.010000 17 1217
118.010000 18 1200
118.010000 19 1149
118.010000 20 1118
118.010000 21 1166
118.010000 22 1105
118.010000 23 1213
118.010000 24 1133
119.010000 0 1166
119.010000 1 1210
119.010000 2 1154
119.010000 3 1234
119.010000 4 1195
119.010000 5 1209
119.010000 6 1215
119.010000 7 1199
119.010000 8 1214
119.010000 9 1231
119.010000 10 1120
119.010000 11 1225
119.010000 12 1166
119.010000 13 1228
119.010000 14 1218
119.010000 15 1128
119.010000 16 1220
119.010000 17 1226
119.010000 18 1225
119.010000 19 1179
119.010000 20 1154
119.010000 21 1185
119.010000 22 1128
119.010000 23 1216
119.010000 24 1140
120.010000 0 1330
120.010000 1 1379
120.010000 2 1263
120.010000 3 1414
120.010000 4 1399
120.010000 5 1372
120.010000 6 1394
120.010000 7 1384
120.010000 8 1393
120.010000 9 1353
120.010000 10 1322
120.010000 11 1389
120.010000 12 1374
120.010000 13 1360
120.010000 14 1384
120.010000 15 1358
120.010000 16 1383
120.010000 17 1411
120.010000 18 1389
120.010000 19 1346
120.010000 20 1293
120.010000 21 1337
120.010000 22 1351
120.010000 23 1367
120.010000 24 1300
121.010000 0 1469
121.010000 1 1580
121.010000 2 1503
121.010000 3 1504
121.010000 4 1565
121.010000 5 1575
121.010000 6 1586
121.010000 7 1552
121.010000 8 1583
121.010000 9 1605
121.010000 10 1477
121.010000 11 1602
121.010000 12 1571
121.010000 13 1581
121.010000 14 1550
121.010000 15 1550
121.010000 16 1590
121.010000 17 1455
121.010000 18 1545
121.010000 19 1574
121.010000 20 1535
121.010000 21 1562
121.010000 22 1486
121.010000 23 1566
121.010000 24 1557
122.010000 0 1325
122.010000 1 1423
122.010000 2 1289
122.010000 3 1382
122.010000 4 1412
122.010000 5 1400
122.010000 6 1410
122.010000 7 1395
122.010000 8 1424
122.010000 9 1420
122.010000 10 1241
122.010000 11 1438
122.010000 12 1356
122.010000 13 1405
122.010000 14 1397
122.010000 15 1339
122.010000 16 1415
122.010000 17 1350
122.010000 18 1392
122.010000 19 1353
122.010000 20 1460
122.010000 21 1414
122.010000 22 1252
122.010000 23 1387
122.010000 24 1391
123.010000 0 1373
123.010000 1 1458
123.010000 2 1377
123.010000 3 1425
123.010000 4 1434
123.010000 5 1442
123.010000 6 1445
123.010000 7 1433
123.010000 8 1440
123.010000 9 1439
123.010000 10 1210
123.010000 11 1431
123.010000 12 1421
123.010000 13 1383
123.010000 14 1436
123.010000 15 1422
123.010000 16 1448
123.010000 17 1424
123.010000 18 1447
123.010000 19 1414
123.010000 20 1345
123.010000 21 1424
123.010000 22 1224
123.010000 23 1410
123.010000 24 1410
124.010000 0 1183
124.010000 1 1221
124.010000 2 1219
124.010000 3 1240
124.010000 4 1222
124.010000 5 1244
124.010000 6 1231
124.010000 7 1209
124.010000 8 1224
124.010000 9 1242
124.010000 10 1128
124.010000 11 1238
124.010000 12 1247
124.010000 13 1232
124.010000 14 1200
124.010000 15 1234
124.010000 16 1242
124.010000 17 1208
124.010000 18 1238
124.010000 19 1238
124.010000 20 1154
124.010000 21 1218
124.010000 22 1127
124.010000 23 1213
124.010000 24 1150
125.010000 0 1279
125.010000 1 1320
125.010000 2 1220
125.010000 3 1342
125.010000 4 1357
125.010000 5 1299
125.010000 6 1351
125.010000 7 1351
125.010000 8 1349
125.010000 9 1342
125.010000 10 1230
125.010000 11 1331
125.010000 12 1326
125.010000 13 1311
125.010000 14 1317
125.010000 15 1272
125.010000 16 1322
125.010000 17 1329
125.010000 18 1350
125.010000 19 1303
125.010000 20 1225
125.010000 21 1263
125.010000 22 1232
125.010000 23 1304
125.010000 24 1255
126.010000 0 1480
126.010000 1 1633
126.010000 2 1405
126.010000 3 1637
126.010000 4 1620
126.010000 5 1525
126.010000 6 1605
126.010000 7 1607
126.010000 8 1630
126.010000 9 1614
126.010000 10 1452
126.010000 11 1635
126.010000 12 1578
126.010000 13 1601
126.010000 14 1620
126.010000 15 1493
126.010000 16 1598
126.010000 17 1619
126.010000 18 1542
126.010000 19 1574
126.010000 20 1584
126.010000 21 1605
126.010000 22 1476
126.010000 23 1595
126.010000 24 1599
127.010000 0 1151
127.010000 1 1265
127.010000 2 1175
127.010000 3 1250
127.010000 4 1268
127.010000 5 1251
127.010000 6 1263
127.010000 7 1257
127.010000 8 1253
127.010000 9 1273
127.010000 10 1104
127.010000 11 1256
127.010000 12 1243
127.010000 13 1232
127.010000 14 1221
127.010000 15 1238
127.010000 16 1238
127.010000 17 1242
127.010000 18 1246
127.010000 19 1240
127.010000 20 1209
127.010000 21 1202
127.010000 22 1071
127.010000 23 1241
127.010000 24 1236
128.010000 0 1304
128.010000 1 1407
128.010000 2 1332
128.010000 3 1420
128.010000 4 1416
128.010000 5 1409
128.010000 6 1423
128.010000 7 1394
128.010000 8 1417
128.010000 9 1422
128.010000 10 1309
128.010000 11 1391
128.010000 12 1397
128.010000 13 1390
128.010000 14 1394
128.010000 15 1389
128.010000 16 1408
128.010000 17 1403
128.010000 18 1392
128.010000 19 1392
128.010000 20 1340
128.010000 21 1352
128.010000 22 1321
128.010000 23 1401
128.010000 24 1368
129.010000 0 1153
129.010000 1 1216
129.010000 2 1163
129.010000 3 1223
129.010000 4 1209
129.010000 5 1207
129.010000 6 1210
129.010000 7 1186
129.010000 8 1200
129.010000 9 1205
129.010000 10 1023
129.010000 11 1201
129.010000 12 1201
129.010000 13 1178
129.010000 14 1195
129.010000 15 1197
129.010000 16 1211
129.010000 17 1217
129.010000 18 1209
129.010000 19 1198
129.010000 20 1153
129.010000 21 1190
129.010000 22 1020
129.010000 23 1189
129.010000 24 1160
130.010000 0 1281
130.010000 1 1380
130.010000 2 1290
130.010000 3 1309
130.010000 4 1350
130.010000 5 1345
130.010000 6 1346
130.010000 7 1335
130.010000 8 1339
130.010000 9 1354
130.010000 10 1119
130.010000 11 1337
130.010000 12 1345
130.010000 13 1334
130.010000 14 1327
130.010000 15 1328
130.010000 16 1340
130.010000 17 1291
130.010000 18 1325
130.010000 19 1329
130.010000 20 1325
130.010000 21 1339
130.010000 22 1132
130.010000 23 1329
130.010000 24 1346
131.010000 0 1356
131.010000 1 1412
131.010000 2 1283
131.010000 3 1416
131.010000 4 1423
131.010000 5 1362
131.010000 6 1430
131.010000 7 1416
131.010000 8 1445
131.010000 9 1421
131.010000 10 1247
131.010000 11 1432
131.010000 12 1398
131.010000 13 1404
131.010000 14 1396
131.010000 15 1336
131.010000 16 1419
131.010000 17 1383
131.010000 18 1403
131.010000 19 1393
131.010000 20 1428
131.010000 21 1426
131.010000 22 1254
131.010000 23 1390
131.010000 24 1406
132.010000 0 1346
132.010000 1 1440
132.010000 2 1406
132.010000 3 1364
132.010000 4 1449
132.010000 5 1461
132.010000 6 1465
132.010000 7 1436
132.010000 8 1456
132.010000 9 1460
132.010000 10 1281
132.010000 11 1472
132.010000 12 1442
132.010000 13 1446
132.010000 14 1453
132.010000 15 1432
132.010000 16 1458
132.010000 17 1347
132.010000 18 1449
132.010000 19 1442
132.010000 20 1442
132.010000 21 1449
132.010000 22 1286
132.010000 23 1459
132.010000 24 1444
133.010000 0 1186
133.010000 1 1192
133.010000 2 1174
133.010000 3 1224
133.010000 4 1212
133.010000 5 1223
133.010000 6 1224
133.010000 7 1200
133.010000 8 1225
133.010000 9 1224
133.010000 10 1079
133.010000 11 1224
133.010000 12 1207
133.010000 13 1210
133.010000 14 1223
133.010000 15 1201
133.010000 16 1244
133.010000 17 1190
133.010000 18 1196
133.010000 19 1210
133.010000 20 1180
133.010000 21 1207
133.010000 22 1096
133.010000 23 1223
133.010000 24 1161
134.010000 0 1213
134.010000 1 1236
134.010000 2 1151
134.010000 3 1236
134.010000 4 1245
134.010000 5 1219
134.010000 6 1269
134.010000 7 1267
134.010000 8 1232
134.010000 9 1249
134.010000 10 1144
134.010000 11 1251
134.010000 12 1222
134.010000 13 1233
134.010000 14 1271
134.010000 15 1189
134.010000 16 1248
134.010000 17 1223
134.010000 18 1239
134.010000 19 1221
134.010000 20 1167
134.010000 21 1227
134.010000 22 1120
134.010000 23 1237
134.010000 24 1184
135.010000 0 1287
135.010000 1 1493
135.010000 2 1390
135.010000 3 1432
135.010000 4 1484
135.010000 5 1443
135.010000 6 1491
135.010000 7 1418
135.010000 8 1479
135.010000 9 1466
135.010000 10 1315
135.010000 11 1447
135.010000 12 1474
135.010000 13 1426
135.010000 14 1388
135.010000 15 1434
135.010000 16 1447
135.010000 17 1427
135.010000 18 1447
135.010000 19 1455
135.010000 20 1411
135.010000 21 1417
135.010000 22 1309
135.010000 23 1434
135.010000 24 1450
136.010000 0 1385
136.010000 1 1501
136.010000 2 1334
136.010000 3 1463
136.010000 4 1474
136.010000 5 1421
136.010000 6 1472
136.010000 7 1479
136.010000 8 1481
136.010000 9 1484
136.010000 10 1294
136.010000 11 1477
136.010000 12 1475
136.010000 13 1440
136.010000 14 1460
136.010000 15 1408
136.010000 16 1462
136.010000 17 1450
136.010000 18 1463
136.010000 19 1452
136.010000 20 1445
136.010000 21 1444
136.010000 22 1302
136.010000 23 1453
136.010000 24 1432
137.010000 0 1302
137.010000 1 1333
137.010000 2 1302
137.010000 3 1354
137.010000 4 1367
137.010000 5 1354
137.010000 6 1378
137.010000 7 1342
137.010000 8 1390
137.010000 9 1374
137.010000 10 1226
137.010000 11 1392
137.010000 12 1365
137.010000 13 1346
137.010000 14 1363
137.010000 15 1341
137.010000 16 1369
137.010000 17 1335
137.010000 18 1356
137.010000 19 1357
137.010000 20 1330
137.010000 21 1343
137.010000 22 1223
137.010000 23 1353
137.010000 24 1333
138.010000 0 1226
138.010000 1 1272
138.010000 2 1214
138.010000 3 1275
138.010000 4 1291
138.010000 5 1276
138.010000 6 1303
138.010000 7 1296
138.010000 8 1298
138.010000 9 1294
138.010000 10 1199
138.010000 11 1290
138.010000 12 1291
138.010000 13 1271
138.010000 14 1294
138.010000 15 1274
138.010000 16 1286
138.010000 17 1260
138.010000 18 1280
138.010000 19 1284
138.010000 20 1206
138.010000 21 1261
138.010000 22 1200
138.010000 23 1274
138.010000 24 1222
139.010000 0 1257
139.010000 1 1422
139.010000 2 1298
139.010000 3 1372
139.010000 4 1384
139.010000 5 1373
139.010000 6 1392
139.010000 7 1407
139.010000 8 1372
139.010000 9 1396
139.010000 10 1205
139.010000 11 1382
139.010000 12 1373
139.010000 13 1368
139.010000 14 1344
139.010000 15 1352
139.010000 16 1382
139.010000 17 1351
139.010000 18 1362
139.010000 19 1370
139.010000 20 1361
139.010000 21 1393
139.010000 22 1204
139.010000 23 1374
139.010000 24 1362
140.010000 0 1161
140.010000 1 1188
140.010000 2 1149
140.010000 3 1225
140.010000 4 1236
140.010000 5 1212
140.010000 6 1231
140.010000 7 1201
140.010000 8 1249
140.010000 9 1225
140.010000 10 1083
140.010000 11 1223
140.010000 12 1213
140.010000 13 1210
140.010000 14 1225
140.010000 15 1200
140.010000 16 1227
140.010000 17 1205
140.010000 18 1213
140.010000 19 1211
140.010000 20 1182
140.010000 21 1214
140.010000 22 1087
140.010000 23 1222
140.010000 24 1171
141.010000 0 1375
141.010000 1 1419
141.010000 2 1355
141.010000 3 1429
141.010000 4 1437
141.010000 5 1421
141.010000 6 1435
141.010000 7 1426
141.010000 8 1449
141.010000 9 1440
141.010000 10 1342
141.010000 11 1443
141.010000 12 1433
141.010000 13 1448
141.010000 14 1430
141.010000 15 1388
141.010000 16 1440
141.010000 17 1408
141.010000 18 1430
141.010000 19 1411
141.010000 20 1368
141.010000 21 1374
141.010000 22 1346
141.010000 23 1426
141.010000 24 1379
142.010000 0 1115
142.010000 1 1142
142.010000 2 1192
142.010000 3 1177
142.010000 4 1175
142.010000 5 1183
142.010000 6 1201
142.010000 7 1182
142.010000 8 1180
142.010000 9 1201
142.010000 10 1096
142.010000 11 1184
142.010000 12 1211
142.010000 13 1196
142.010000 14 1157
142.010000 15 1175
142.010000 16 1187
142.010000 17 1152
142.010000 18 1158
142.010000 19 1204
142.010000 20 1087
142.010000 21 1157
142.010000 22 1074
142.010000 23 1197
142.010000 24 1078
143.010000 0 1348
143.010000 1 1376
143.010000 2 1277
143.010000 3 1389
143.010000 4 1399
143.010000 5 1351
143.010000 6 1398
143.010000 7 1367
143.010000 8 1391
143.010000 9 1393
143.010000 10 1212
143.010000 11 1383
143.010000 12 1371
143.010000 13 1373
143.010000 14 1401
143.010000 15 1349
143.010000 16 1397
143.010000 17 1383
143.010000 18 1383
143.010000 19 1377
143.010000 20 1307
143.010000 21 1313
143.010000 22 1268
143.010000 23 1359
143.010000 24 1324
144.010000 0 1211
144.010000 1 1311
144.010000 2 1218
144.010000 3 1279
144.010000 4 1346
144.010000 5 1309
144.010000 6 1332
144.010000 7 1334
144.010000 8 1325
144.010000 9 1331
144.010000 10 1224
144.010000 11 1316
144.010000 12 1297
144.010000 13 1294
144.010000 14 1304
144.010000 15 1302
144.010000 16 1302
144.010000 17 1264
144.010000 18 1308
144.010000 19 1317
144.010000 20 1254
144.010000 21 1299
144.010000 22 1217
144.010000 23 1297
144.010000 24 1262
145.010000 0 1171
145.010000 1 1241
145.010000 2 1178
145.010000 3 1226
145.010000 4 1242
145.010000 5 1227
145.010000 6 1240
145.010000 7 1226
145.010000 8 1239
145.010000 9 1242
145.010000 10 1125
145.010000 11 1234
145.010000 12 1202
145.010000 13 1221
145.010000 14 1240
145.010000 15 1180
145.010000 16 1237
145.010000 17 1220
145.010000 18 1224
145.010000 19 1217
145.010000 20 1160
145.010000 21 1212
145.010000 22 1097
145.010000 23 1222
145.010000 24 1173
146.010000 0 1296
146.010000 1 1364
146.010000 2 1254
146.010000 3 1381
146.010000 4 1395
146.010000 5 1364
146.010000 6 1432
146.010000 7 1374
146.010000 8 1400
146.010000 9 1399
146.010000 10 1284
146.010000 11 1391
146.010000 12 1358
146.010000 13 1397
146.010000 14 1385
146.010000 15 1317
146.010000 16 1388
146.010000 17 1376
146.010000 18 1384
146.010000 19 1320
146.010000 20 1332
146.010000 21 1337
146.010000 22 1304
146.010000 23 1400
146.010000 24 1339
147.010000 0 1306
147.010000 1 1315
147.010000 2 1257
147.010000 3 1344
147.010000 4 1336
147.010000 5 1330
147.010000 6 1326
147.010000 7 1324
147.010000 8 1353
147.010000 9 1361
147.010000 10 1248
147.010000 11 1339
147.010000 12 1293
147.010000 13 1334
147.010000 14 1365
147.010000 15 1266
147.010000 16 1342
147.010000 17 1343
147.010000 18 1349
147.010000 19 1301
147.010000 20 1247
147.010000 21 1293
147.010000 22 1276
147.010000 23 1339
147.010000 24 1240
148.010000 0 1186
148.010000 1 1224
148.010000 2 1190
148.010000 3 1267
148.010000 4 1270
148.010000 5 1249
148.010000 6 1274
148.010000 7 1270
148.010000 8 1270
148.010000 9 1266
148.010000 10 1185
148.010000 11 1273
148.010000 12 1245
148.010000 13 1249
148.010000 14 1214
148.010000 15 1221
148.010000 16 1271
148.010000 17 1227
148.010000 18 1248
148.010000 19 1252
148.010000 20 1195
148.010000 21 1246
148.010000 22 1226
148.010000 23 1252
148.010000 24 1166
149.010000 0 1191
149.010000 1 1157
149.010000 2 1145
149.010000 3 1231
149.010000 4 1209
149.010000 5 1197
149.010000 6 1245
149.010000 7 1200
149.010000 8 1214
149.010000 9 1222
149.010000 10 1159
149.010000 11 1220
149.010000 12 1201
149.010000 13 1231
149.010000 14 1230
149.010000 15 1173
149.010000 16 1218
149.010000 17 1223
149.010000 18 1215
149.010000 19 1201
149.010000 20 1103
149.010000 21 1142
149.010000 22 1199
149.010000 23 1203
149.010000 24 1091
