0.010000 0 7
0.010000 1 23
0.010000 2 21
0.010000 3 17
0.010000 4 23
0.010000 5 21
0.010000 6 23
0.010000 7 23
0.010000 8 23
0.010000 9 23
0.010000 10 23
0.010000 11 22
0.010000 12 22
0.010000 13 23
0.010000 14 14
0.010000 15 20
0.010000 16 23
0.010000 17 11
0.010000 18 13
0.010000 19 22
1.010000 0 760
1.010000 1 861
1.010000 2 720
1.010000 3 823
1.010000 4 828
1.010000 5 832
1.010000 6 842
1.010000 7 845
1.010000 8 852
1.010000 9 854
1.010000 10 807
1.010000 11 854
1.010000 12 815
1.010000 13 816
1.010000 14 829
1.010000 15 800
1.010000 16 849
1.010000 17 792
1.010000 18 820
1.010000 19 805
2.010000 0 605
2.010000 1 672
2.010000 2 600
2.010000 3 659
2.010000 4 680
2.010000 5 646
2.010000 6 680
2.010000 7 659
2.010000 8 676
2.010000 9 659
2.010000 10 657
2.010000 11 654
2.010000 12 656
2.010000 13 661
2.010000 14 660
2.010000 15 625
2.010000 16 676
2.010000 17 642
2.010000 18 661
2.010000 19 656
3.010000 0 434
3.010000 1 499
3.010000 2 430
3.010000 3 491
3.010000 4 496
3.010000 5 485
3.010000 6 496
3.010000 7 486
3.010000 8 495
3.010000 9 504
3.010000 10 475
3.010000 11 492
3.010000 12 479
3.010000 13 480
3.010000 14 474
3.010000 15 469
3.010000 16 491
3.010000 17 471
3.010000 18 472
3.010000 19 479
4.010000 0 477
4.010000 1 553
4.010000 2 483
4.010000 3 523
4.010000 4 525
4.010000 5 534
4.010000 6 551
4.010000 7 541
4.010000 8 552
4.010000 9 547
4.010000 10 555
4.010000 11 564
4.010000 12 532
4.010000 13 537
4.010000 14 534
4.010000 15 514
4.010000 16 547
4.010000 17 504
4.010000 18 534
4.010000 19 532
5.010000 0 447
5.010000 1 506
5.010000 2 451
5.010000 3 492
5.010000 4 511
5.010000 5 486
5.010000 6 502
5.010000 7 488
5.010000 8 501
5.010000 9 494
5.010000 10 482
5.010000 11 498
5.010000 12 486
5.010000 13 488
5.010000 14 485
5.010000 15 470
5.010000 16 499
5.010000 17 477
5.010000 18 488
5.010000 19 498
6.010000 0 550
6.010000 1 638
6.010000 2 560
6.010000 3 608
6.010000 4 611
6.010000 5 613
6.010000 6 647
6.010000 7 622
6.010000 8 634
6.010000 9 620
6.010000 10 613
6.010000 11 630
6.010000 12 617
6.010000 13 613
6.010000 14 615
6.010000 15 594
6.010000 16 629
6.010000 17 591
6.010000 18 615
6.010000 19 614
7.010000 0 554
7.010000 1 649
7.010000 2 565
7.010000 3 614
7.010000 4 621
7.010000 5 610
7.010000 6 627
7.010000 7 615
7.010000 8 615
7.010000 9 621
7.010000 10 580
7.010000 11 622
7.010000 12 619
7.010000 13 609
7.010000 14 609
7.010000 15 601
7.010000 16 620
7.010000 17 599
7.010000 18 611
7.010000 19 619
8.010000 0 530
8.010000 1 604
8.010000 2 517
8.010000 3 583
8.010000 4 592
8.010000 5 582
8.010000 6 601
8.010000 7 589
8.010000 8 600
8.010000 9 597
8.010000 10 585
8.010000 11 597
8.010000 12 569
8.010000 13 585
8.010000 14 584
8.010000 15 552
8.010000 16 597
8.010000 17 565
8.010000 18 581
8.010000 19 571
9.010000 0 445
9.010000 1 521
9.010000 2 468
9.010000 3 495
9.010000 4 510
9.010000 5 521
9.010000 6 514
9.010000 7 504
9.010000 8 520
9.010000 9 516
9.010000 10 505
9.010000 11 513
9.010000 12 504
9.010000 13 502
9.010000 14 498
9.010000 15 505
9.010000 16 516
9.010000 17 477
9.010000 18 498
9.010000 19 504
10.010000 0 504
10.010000 1 584
10.010000 2 499
10.010000 3 569
10.010000 4 571
10.010000 5 547
10.010000 6 579
10.010000 7 565
10.010000 8 576
10.010000 9 571
10.010000 10 562
10.010000 11 557
10.010000 12 564
10.010000 13 556
10.010000 14 559
10.010000 15 537
10.010000 16 570
10.010000 17 554
10.010000 18 558
10.010000 19 562
11.010000 0 496
11.010000 1 561
11.010000 2 489
11.010000 3 545
11.010000 4 550
11.010000 5 541
11.010000 6 557
11.010000 7 550
11.010000 8 557
11.010000 9 569
11.010000 10 538
11.010000 11 561
11.010000 12 540
11.010000 13 545
11.010000 14 538
11.010000 15 523
11.010000 16 539
11.010000 17 525
11.010000 18 537
11.010000 19 539
12.010000 0 464
12.010000 1 515
12.010000 2 463
12.010000 3 503
12.010000 4 503
12.010000 5 496
12.010000 6 509
12.010000 7 498
12.010000 8 511
12.010000 9 494
12.010000 10 493
12.010000 11 509
12.010000 12 495
12.010000 13 498
12.010000 14 494
12.010000 15 479
12.010000 16 526
12.010000 17 482
12.010000 18 508
12.010000 19 510
13.010000 0 433
13.010000 1 503
13.010000 2 433
13.010000 3 483
13.010000 4 507
13.010000 5 482
13.010000 6 499
13.010000 7 487
13.010000 8 497
13.010000 9 508
13.010000 10 479
13.010000 11 491
13.010000 12 481
13.010000 13 479
13.010000 14 484
13.010000 15 467
13.010000 16 491
13.010000 17 472
13.010000 18 483
13.010000 19 480
14.010000 0 589
14.010000 1 689
14.010000 2 605
14.010000 3 663
14.010000 4 660
14.010000 5 664
14.010000 6 685
14.010000 7 669
14.010000 8 685
14.010000 9 682
14.010000 10 660
14.010000 11 680
14.010000 12 663
14.010000 13 666
14.010000 14 662
14.010000 15 643
14.010000 16 662
14.010000 17 643
14.010000 18 649
14.010000 19 660
15.010000 0 449
15.010000 1 502
15.010000 2 436
15.010000 3 486
15.010000 4 492
15.010000 5 475
15.010000 6 501
15.010000 7 488
15.010000 8 503
15.010000 9 499
15.010000 10 506
15.010000 11 512
15.010000 12 482
15.010000 13 489
15.010000 14 490
15.010000 15 453
15.010000 16 515
15.010000 17 469
15.010000 18 490
15.010000 19 481
16.010000 0 882
16.010000 1 1031
16.010000 2 884
16.010000 3 983
16.010000 4 1019
16.010000 5 1005
16.010000 6 972
16.010000 7 943
16.010000 8 1027
16.010000 9 965
16.010000 10 998
16.010000 11 957
16.010000 12 1001
16.010000 13 1002
16.010000 14 978
16.010000 15 983
16.010000 16 1006
16.010000 17 930
16.010000 18 922
16.010000 19 941
17.010000 0 754
17.010000 1 889
17.010000 2 768
17.010000 3 852
17.010000 4 873
17.010000 5 872
17.010000 6 843
17.010000 7 810
17.010000 8 885
17.010000 9 838
17.010000 10 862
17.010000 11 821
17.010000 12 866
17.010000 13 867
17.010000 14 838
17.010000 15 857
17.010000 16 881
17.010000 17 809
17.010000 18 800
17.010000 19 825
18.010000 0 771
18.010000 1 912
18.010000 2 801
18.010000 3 860
18.010000 4 900
18.010000 5 888
18.010000 6 863
18.010000 7 827
18.010000 8 905
18.010000 9 854
18.010000 10 883
18.010000 11 834
18.010000 12 893
18.010000 13 888
18.010000 14 868
18.010000 15 879
18.010000 16 899
18.010000 17 824
18.010000 18 823
18.010000 19 853
19.010000 0 711
19.010000 1 842
19.010000 2 728
19.010000 3 808
19.010000 4 831
19.010000 5 823
19.010000 6 799
19.010000 7 791
19.010000 8 838
19.010000 9 799
19.010000 10 819
19.010000 11 784
19.010000 12 818
19.010000 13 824
19.010000 14 797
19.010000 15 806
19.010000 16 836
19.010000 17 770
19.010000 18 760
19.010000 19 781
20.010000 0 813
20.010000 1 935
20.010000 2 837
20.010000 3 896
20.010000 4 929
20.010000 5 900
20.010000 6 907
20.010000 7 838
20.010000 8 943
20.010000 9 898
20.010000 10 916
20.010000 11 864
20.010000 12 923
20.010000 13 914
20.010000 14 904
20.010000 15 883
20.010000 16 933
20.010000 17 861
20.010000 18 864
20.010000 19 889
21.010000 0 745
21.010000 1 889
21.010000 2 779
21.010000 3 839
21.010000 4 878
21.010000 5 874
21.010000 6 846
21.010000 7 836
21.010000 8 890
21.010000 9 841
21.010000 10 869
21.010000 11 825
21.010000 12 870
21.010000 13 872
21.010000 14 835
21.010000 15 856
21.010000 16 899
21.010000 17 788
21.010000 18 795
21.010000 19 828
22.010000 0 772
22.010000 1 890
22.010000 2 796
22.010000 3 875
22.010000 4 887
22.010000 5 875
22.010000 6 848
22.010000 7 813
22.010000 8 882
22.010000 9 860
22.010000 10 875
22.010000 11 824
22.010000 12 880
22.010000 13 879
22.010000 14 859
22.010000 15 861
22.010000 16 896
22.010000 17 831
22.010000 18 812
22.010000 19 847
23.010000 0 768
23.010000 1 909
23.010000 2 795
23.010000 3 863
23.010000 4 897
23.010000 5 886
23.010000 6 865
23.010000 7 829
23.010000 8 903
23.010000 9 859
23.010000 10 885
23.010000 11 833
23.010000 12 886
23.010000 13 883
23.010000 14 864
23.010000 15 869
23.010000 16 899
23.010000 17 824
23.010000 18 818
23.010000 19 845
24.010000 0 754
24.010000 1 893
24.010000 2 764
24.010000 3 838
24.010000 4 870
24.010000 5 858
24.010000 6 842
24.010000 7 812
24.010000 8 875
24.010000 9 816
24.010000 10 853
24.010000 11 821
24.010000 12 860
24.010000 13 861
24.010000 14 844
24.010000 15 843
24.010000 16 875
24.010000 17 806
24.010000 18 806
24.010000 19 819
25.010000 0 764
25.010000 1 917
25.010000 2 794
25.010000 3 876
25.010000 4 904
25.010000 5 893
25.010000 6 864
25.010000 7 829
25.010000 8 908
25.010000 9 880
25.010000 10 886
25.010000 11 837
25.010000 12 900
25.010000 13 892
25.010000 14 867
25.010000 15 885
25.010000 16 901
25.010000 17 836
25.010000 18 822
25.010000 19 846
26.010000 0 806
26.010000 1 940
26.010000 2 856
26.010000 3 886
26.010000 4 937
26.010000 5 930
26.010000 6 903
26.010000 7 865
26.010000 8 951
26.010000 9 896
26.010000 10 930
26.010000 11 881
26.010000 12 928
26.010000 13 933
26.010000 14 911
26.010000 15 910
26.010000 16 947
26.010000 17 842
26.010000 18 861
26.010000 19 907
27.010000 0 744
27.010000 1 887
27.010000 2 801
27.010000 3 849
27.010000 4 879
27.010000 5 874
27.010000 6 841
27.010000 7 810
27.010000 8 888
27.010000 9 848
27.010000 10 871
27.010000 11 816
27.010000 12 885
27.010000 13 888
27.010000 14 840
27.010000 15 857
27.010000 16 887
27.010000 17 800
27.010000 18 792
27.010000 19 834
28.010000 0 686
28.010000 1 835
28.010000 2 707
28.010000 3 787
28.010000 4 814
28.010000 5 812
28.010000 6 784
28.010000 7 753
28.010000 8 818
28.010000 9 787
28.010000 10 814
28.010000 11 759
28.010000 12 801
28.010000 13 799
28.010000 14 767
28.010000 15 795
28.010000 16 796
28.010000 17 747
28.010000 18 738
28.010000 19 754
29.010000 0 789
29.010000 1 956
29.010000 2 840
29.010000 3 908
29.010000 4 944
29.010000 5 934
29.010000 6 907
29.010000 7 873
29.010000 8 953
29.010000 9 908
29.010000 10 935
29.010000 11 883
29.010000 12 934
29.010000 13 932
29.010000 14 900
29.010000 15 916
29.010000 16 945
29.010000 17 863
29.010000 18 850
29.010000 19 890
30.010000 0 769
30.010000 1 902
30.010000 2 800
30.010000 3 870
30.010000 4 892
30.010000 5 884
30.010000 6 853
30.010000 7 820
30.010000 8 900
30.010000 9 858
30.010000 10 884
30.010000 11 829
30.010000 12 888
30.010000 13 887
30.010000 14 855
30.010000 15 857
30.010000 16 897
30.010000 17 824
30.010000 18 810
30.010000 19 833
31.010000 0 760
31.010000 1 874
31.010000 2 735
31.010000 3 831
31.010000 4 863
31.010000 5 850
31.010000 6 834
31.010000 7 805
31.010000 8 873
31.010000 9 816
31.010000 10 874
31.010000 11 817
31.010000 12 838
31.010000 13 856
31.010000 14 846
31.010000 15 833
31.010000 16 866
31.010000 17 796
31.010000 18 800
31.010000 19 805
32.010000 0 753
32.010000 1 891
32.010000 2 804
32.010000 3 845
32.010000 4 889
32.010000 5 883
32.010000 6 862
32.010000 7 825
32.010000 8 899
32.010000 9 851
32.010000 10 877
32.010000 11 833
32.010000 12 886
32.010000 13 898
32.010000 14 849
32.010000 15 869
32.010000 16 895
32.010000 17 804
32.010000 18 817
32.010000 19 850
33.010000 0 800
33.010000 1 913
33.010000 2 799
33.010000 3 876
33.010000 4 903
33.010000 5 890
33.010000 6 871
33.010000 7 839
33.010000 8 912
33.010000 9 866
33.010000 10 889
33.010000 11 850
33.010000 12 891
33.010000 13 875
33.010000 14 885
33.010000 15 872
33.010000 16 907
33.010000 17 837
33.010000 18 836
33.010000 19 855
34.010000 0 768
34.010000 1 921
34.010000 2 787
34.010000 3 869
34.010000 4 900
34.010000 5 891
34.010000 6 865
34.010000 7 830
34.010000 8 906
34.010000 9 873
34.010000 10 886
34.010000 11 839
34.010000 12 891
34.010000 13 889
34.010000 14 868
34.010000 15 876
34.010000 16 899
34.010000 17 830
34.010000 18 820
34.010000 19 839
35.010000 0 836
35.010000 1 975
35.010000 2 865
35.010000 3 931
35.010000 4 961
35.010000 5 953
35.010000 6 920
35.010000 7 884
35.010000 8 969
35.010000 9 912
35.010000 10 928
35.010000 11 897
35.010000 12 948
35.010000 13 955
35.010000 14 926
35.010000 15 933
35.010000 16 978
35.010000 17 888
35.010000 18 895
35.010000 19 920
36.010000 0 774
36.010000 1 896
36.010000 2 799
36.010000 3 864
36.010000 4 896
36.010000 5 882
36.010000 6 864
36.010000 7 828
36.010000 8 904
36.010000 9 863
36.010000 10 880
36.010000 11 843
36.010000 12 885
36.010000 13 886
36.010000 14 867
36.010000 15 863
36.010000 16 900
36.010000 17 830
36.010000 18 832
36.010000 19 852
37.010000 0 763
37.010000 1 910
37.010000 2 810
37.010000 3 860
37.010000 4 897
37.010000 5 891
37.010000 6 867
37.010000 7 832
37.010000 8 906
37.010000 9 858
37.010000 10 885
37.010000 11 839
37.010000 12 890
37.010000 13 892
37.010000 14 862
37.010000 15 874
37.010000 16 901
37.010000 17 819
37.010000 18 820
37.010000 19 857
38.010000 0 762
38.010000 1 883
38.010000 2 767
38.010000 3 841
38.010000 4 858
38.010000 5 851
38.010000 6 825
38.010000 7 771
38.010000 8 867
38.010000 9 823
38.010000 10 846
38.010000 11 804
38.010000 12 857
38.010000 13 851
38.010000 14 839
38.010000 15 843
38.010000 16 866
38.010000 17 805
38.010000 18 794
38.010000 19 820
39.010000 0 778
39.010000 1 920
39.010000 2 816
39.010000 3 867
39.010000 4 907
39.010000 5 901
39.010000 6 878
39.010000 7 841
39.010000 8 918
39.010000 9 878
39.010000 10 898
39.010000 11 850
39.010000 12 899
39.010000 13 899
39.010000 14 870
39.010000 15 884
39.010000 16 914
39.010000 17 824
39.010000 18 837
39.010000 19 868
40.010000 0 702
40.010000 1 847
40.010000 2 721
40.010000 3 803
40.010000 4 835
40.010000 5 829
40.010000 6 804
40.010000 7 791
40.010000 8 840
40.010000 9 792
40.010000 10 815
40.010000 11 778
40.010000 12 821
40.010000 13 819
40.010000 14 800
40.010000 15 814
40.010000 16 830
40.010000 17 768
40.010000 18 760
40.010000 19 776
41.010000 0 740
41.010000 1 874
41.010000 2 776
41.010000 3 832
41.010000 4 863
41.010000 5 863
41.010000 6 834
41.010000 7 804
41.010000 8 871
41.010000 9 826
41.010000 10 849
41.010000 11 811
41.010000 12 855
41.010000 13 854
41.010000 14 832
41.010000 15 846
41.010000 16 869
41.010000 17 795
41.010000 18 793
41.010000 19 816
42.010000 0 700
42.010000 1 817
42.010000 2 709
42.010000 3 782
42.010000 4 809
42.010000 5 793
42.010000 6 771
42.010000 7 740
42.010000 8 825
42.010000 9 768
42.010000 10 815
42.010000 11 748
42.010000 12 803
42.010000 13 797
42.010000 14 779
42.010000 15 784
42.010000 16 810
42.010000 17 744
42.010000 18 735
42.010000 19 761
43.010000 0 846
43.010000 1 1005
43.010000 2 878
43.010000 3 953
43.010000 4 992
43.010000 5 973
43.010000 6 959
43.010000 7 928
43.010000 8 1001
43.010000 9 957
43.010000 10 953
43.010000 11 934
43.010000 12 980
43.010000 13 979
43.010000 14 950
43.010000 15 955
43.010000 16 993
43.010000 17 908
43.010000 18 916
43.010000 19 944
44.010000 0 730
44.010000 1 864
44.010000 2 765
44.010000 3 835
44.010000 4 855
44.010000 5 847
44.010000 6 824
44.010000 7 792
44.010000 8 860
44.010000 9 837
44.010000 10 846
44.010000 11 799
44.010000 12 841
44.010000 13 851
44.010000 14 809
44.010000 15 823
44.010000 16 860
44.010000 17 793
44.010000 18 783
44.010000 19 811
45.010000 0 747
45.010000 1 857
45.010000 2 764
45.010000 3 815
45.010000 4 844
45.010000 5 834
45.010000 6 805
45.010000 7 773
45.010000 8 857
45.010000 9 792
45.010000 10 836
45.010000 11 789
45.010000 12 853
45.010000 13 835
45.010000 14 823
45.010000 15 824
45.010000 16 852
45.010000 17 776
45.010000 18 783
45.010000 19 803
46.010000 0 683
46.010000 1 794
46.010000 2 708
46.010000 3 771
46.010000 4 793
46.010000 5 799
46.010000 6 776
46.010000 7 739
46.010000 8 804
46.010000 9 763
46.010000 10 781
46.010000 11 749
46.010000 12 781
46.010000 13 785
46.010000 14 774
46.010000 15 779
46.010000 16 798
46.010000 17 731
46.010000 18 720
46.010000 19 748
47.010000 0 712
47.010000 1 834
47.010000 2 720
47.010000 3 799
47.010000 4 824
47.010000 5 814
47.010000 6 803
47.010000 7 764
47.010000 8 833
47.010000 9 788
47.010000 10 832
47.010000 11 773
47.010000 12 812
47.010000 13 819
47.010000 14 793
47.010000 15 794
47.010000 16 829
47.010000 17 759
47.010000 18 754
47.010000 19 769
48.010000 0 794
48.010000 1 943
48.010000 2 796
48.010000 3 889
48.010000 4 914
48.010000 5 901
48.010000 6 871
48.010000 7 856
48.010000 8 926
48.010000 9 875
48.010000 10 888
48.010000 11 883
48.010000 12 904
48.010000 13 909
48.010000 14 879
48.010000 15 885
48.010000 16 918
48.010000 17 841
48.010000 18 842
48.010000 19 863
49.010000 0 752
49.010000 1 894
49.010000 2 782
49.010000 3 852
49.010000 4 887
49.010000 5 871
49.010000 6 848
49.010000 7 815
49.010000 8 891
49.010000 9 849
49.010000 10 890
49.010000 11 824
49.010000 12 872
49.010000 13 876
49.010000 14 846
49.010000 15 851
49.010000 16 886
49.010000 17 809
49.010000 18 804
49.010000 19 832
50.010000 0 736
50.010000 1 828
50.010000 2 732
50.010000 3 803
50.010000 4 826
50.010000 5 819
50.010000 6 812
50.010000 7 775
50.010000 8 836
50.010000 9 796
50.010000 10 795
50.010000 11 782
50.010000 12 815
50.010000 13 822
50.010000 14 812
50.010000 15 800
50.010000 16 835
50.010000 17 773
50.010000 18 777
50.010000 19 778
51.010000 0 702
51.010000 1 870
51.010000 2 771
51.010000 3 812
51.010000 4 850
51.010000 5 849
51.010000 6 811
51.010000 7 784
51.010000 8 852
51.010000 9 812
51.010000 10 838
51.010000 11 787
51.010000 12 847
51.010000 13 834
51.010000 14 798
51.010000 15 842
51.010000 16 847
51.010000 17 771
51.010000 18 768
51.010000 19 808
52.010000 0 762
52.010000 1 869
52.010000 2 747
52.010000 3 849
52.010000 4 867
52.010000 5 850
52.010000 6 833
52.010000 7 793
52.010000 8 873
52.010000 9 820
52.010000 10 846
52.010000 11 807
52.010000 12 857
52.010000 13 851
52.010000 14 841
52.010000 15 838
52.010000 16 863
52.010000 17 820
52.010000 18 801
52.010000 19 809
53.010000 0 718
53.010000 1 871
53.010000 2 759
53.010000 3 819
53.010000 4 856
53.010000 5 858
53.010000 6 830
53.010000 7 809
53.010000 8 869
53.010000 9 816
53.010000 10 865
53.010000 11 807
53.010000 12 853
53.010000 13 856
53.010000 14 822
53.010000 15 841
53.010000 16 864
53.010000 17 776
53.010000 18 772
53.010000 19 798
54.010000 0 742
54.010000 1 895
54.010000 2 806
54.010000 3 857
54.010000 4 883
54.010000 5 878
54.010000 6 840
54.010000 7 801
54.010000 8 889
54.010000 9 863
54.010000 10 874
54.010000 11 809
54.010000 12 889
54.010000 13 877
54.010000 14 832
54.010000 15 868
54.010000 16 888
54.010000 17 807
54.010000 18 794
54.010000 19 841
55.010000 0 779
55.010000 1 925
55.010000 2 790
55.010000 3 885
55.010000 4 907
55.010000 5 886
55.010000 6 867
55.010000 7 839
55.010000 8 913
55.010000 9 858
55.010000 10 895
55.010000 11 845
55.010000 12 884
55.010000 13 915
55.010000 14 873
55.010000 15 863
55.010000 16 912
55.010000 17 843
55.010000 18 831
55.010000 19 860
56.010000 0 758
56.010000 1 887
56.010000 2 791
56.010000 3 839
56.010000 4 870
56.010000 5 868
56.010000 6 836
56.010000 7 814
56.010000 8 885
56.010000 9 853
56.010000 10 866
56.010000 11 826
56.010000 12 873
56.010000 13 852
56.010000 14 854
56.010000 15 848
56.010000 16 883
56.010000 17 798
56.010000 18 803
56.010000 19 825
57.010000 0 797
57.010000 1 938
57.010000 2 825
57.010000 3 898
57.010000 4 924
57.010000 5 915
57.010000 6 889
57.010000 7 857
57.010000 8 921
57.010000 9 895
57.010000 10 911
57.010000 11 867
57.010000 12 918
57.010000 13 918
57.010000 14 890
57.010000 15 902
57.010000 16 931
57.010000 17 856
57.010000 18 852
57.010000 19 881
58.010000 0 727
58.010000 1 843
58.010000 2 733
58.010000 3 800
58.010000 4 835
58.010000 5 829
58.010000 6 803
58.010000 7 765
58.010000 8 839
58.010000 9 779
58.010000 10 824
58.010000 11 776
58.010000 12 827
58.010000 13 840
58.010000 14 802
58.010000 15 808
58.010000 16 838
58.010000 17 763
58.010000 18 774
58.010000 19 773
59.010000 0 665
59.010000 1 777
59.010000 2 686
59.010000 3 734
59.010000 4 765
59.010000 5 757
59.010000 6 732
59.010000 7 690
59.010000 8 772
59.010000 9 747
59.010000 10 776
59.010000 11 718
59.010000 12 764
59.010000 13 783
59.010000 14 740
59.010000 15 743
59.010000 16 774
59.010000 17 699
59.010000 18 711
59.010000 19 726
60.010000 0 727
60.010000 1 864
60.010000 2 763
60.010000 3 828
60.010000 4 850
60.010000 5 856
60.010000 6 818
60.010000 7 789
60.010000 8 866
60.010000 9 826
60.010000 10 844
60.010000 11 802
60.010000 12 839
60.010000 13 847
60.010000 14 812
60.010000 15 833
60.010000 16 860
60.010000 17 779
60.010000 18 779
60.010000 19 813
61.010000 0 706
61.010000 1 842
61.010000 2 736
61.010000 3 806
61.010000 4 833
61.010000 5 826
61.010000 6 810
61.010000 7 784
61.010000 8 839
61.010000 9 798
61.010000 10 813
61.010000 11 771
61.010000 12 820
61.010000 13 814
61.010000 14 798
61.010000 15 804
61.010000 16 843
61.010000 17 766
61.010000 18 754
61.010000 19 777
62.010000 0 878
62.010000 1 1047
62.010000 2 915
62.010000 3 994
62.010000 4 1029
62.010000 5 1025
62.010000 6 980
62.010000 7 961
62.010000 8 1041
62.010000 9 984
62.010000 10 1001
62.010000 11 975
62.010000 12 1017
62.010000 13 1025
62.010000 14 993
62.010000 15 1008
62.010000 16 1035
62.010000 17 942
62.010000 18 929
62.010000 19 975
63.010000 0 740
63.010000 1 887
63.010000 2 781
63.010000 3 843
63.010000 4 877
63.010000 5 868
63.010000 6 845
63.010000 7 818
63.010000 8 882
63.010000 9 839
63.010000 10 864
63.010000 11 819
63.010000 12 865
63.010000 13 866
63.010000 14 833
63.010000 15 851
63.010000 16 893
63.010000 17 806
63.010000 18 808
63.010000 19 834
64.010000 0 682
64.010000 1 802
64.010000 2 696
64.010000 3 760
64.010000 4 782
64.010000 5 777
64.010000 6 755
64.010000 7 715
64.010000 8 787
64.010000 9 748
64.010000 10 772
64.010000 11 725
64.010000 12 769
64.010000 13 778
64.010000 14 762
64.010000 15 759
64.010000 16 789
64.010000 17 722
64.010000 18 710
64.010000 19 738
65.010000 0 874
65.010000 1 989
65.010000 2 863
65.010000 3 955
65.010000 4 986
65.010000 5 961
65.010000 6 965
65.010000 7 923
65.010000 8 997
65.010000 9 931
65.010000 10 972
65.010000 11 938
65.010000 12 970
65.010000 13 981
65.010000 14 963
65.010000 15 938
65.010000 16 995
65.010000 17 917
65.010000 18 923
65.010000 19 925
66.010000 0 731
66.010000 1 907
66.010000 2 804
66.010000 3 846
66.010000 4 883
66.010000 5 877
66.010000 6 849
66.010000 7 812
66.010000 8 890
66.010000 9 865
66.010000 10 872
66.010000 11 815
66.010000 12 890
66.010000 13 876
66.010000 14 841
66.010000 15 862
66.010000 16 871
66.010000 17 801
66.010000 18 794
66.010000 19 837
67.010000 0 799
67.010000 1 941
67.010000 2 811
67.010000 3 892
67.010000 4 942
67.010000 5 923
67.010000 6 875
67.010000 7 859
67.010000 8 938
67.010000 9 886
67.010000 10 916
67.010000 11 866
67.010000 12 905
67.010000 13 918
67.010000 14 896
67.010000 15 908
67.010000 16 938
67.010000 17 853
67.010000 18 852
67.010000 19 874
68.010000 0 790
68.010000 1 899
68.010000 2 801
68.010000 3 863
68.010000 4 884
68.010000 5 886
68.010000 6 883
68.010000 7 833
68.010000 8 905
68.010000 9 846
68.010000 10 893
68.010000 11 845
68.010000 12 895
68.010000 13 914
68.010000 14 877
68.010000 15 864
68.010000 16 909
68.010000 17 830
68.010000 18 840
68.010000 19 843
69.010000 0 682
69.010000 1 813
69.010000 2 707
69.010000 3 770
69.010000 4 819
69.010000 5 791
69.010000 6 774
69.010000 7 742
69.010000 8 810
69.010000 9 766
69.010000 10 807
69.010000 11 748
69.010000 12 794
69.010000 13 792
69.010000 14 770
69.010000 15 776
69.010000 16 804
69.010000 17 734
69.010000 18 733
69.010000 19 756
70.010000 0 801
70.010000 1 941
70.010000 2 821
70.010000 3 896
70.010000 4 917
70.010000 5 924
70.010000 6 892
70.010000 7 867
70.010000 8 936
70.010000 9 898
70.010000 10 917
70.010000 11 877
70.010000 12 915
70.010000 13 920
70.010000 14 896
70.010000 15 905
70.010000 16 933
70.010000 17 853
70.010000 18 853
70.010000 19 876
71.010000 0 754
71.010000 1 883
71.010000 2 766
71.010000 3 828
71.010000 4 882
71.010000 5 869
71.010000 6 832
71.010000 7 801
71.010000 8 880
71.010000 9 815
71.010000 10 857
71.010000 11 808
71.010000 12 864
71.010000 13 862
71.010000 14 836
71.010000 15 856
71.010000 16 873
71.010000 17 787
71.010000 18 802
71.010000 19 814
72.010000 0 793
72.010000 1 927
72.010000 2 831
72.010000 3 887
72.010000 4 914
72.010000 5 906
72.010000 6 879
72.010000 7 843
72.010000 8 906
72.010000 9 881
72.010000 10 904
72.010000 11 856
72.010000 12 918
72.010000 13 904
72.010000 14 882
72.010000 15 887
72.010000 16 924
72.010000 17 846
72.010000 18 838
72.010000 19 866
73.010000 0 783
73.010000 1 949
73.010000 2 838
73.010000 3 899
73.010000 4 939
73.010000 5 927
73.010000 6 916
73.010000 7 869
73.010000 8 956
73.010000 9 895
73.010000 10 896
73.010000 11 861
73.010000 12 936
73.010000 13 922
73.010000 14 896
73.010000 15 920
73.010000 16 935
73.010000 17 856
73.010000 18 846
73.010000 19 888
74.010000 0 739
74.010000 1 860
74.010000 2 753
74.010000 3 827
74.010000 4 848
74.010000 5 839
74.010000 6 814
74.010000 7 783
74.010000 8 856
74.010000 9 809
74.010000 10 835
74.010000 11 794
74.010000 12 845
74.010000 13 840
74.010000 14 817
74.010000 15 830
74.010000 16 850
74.010000 17 788
74.010000 18 777
74.010000 19 803
75.010000 0 809
75.010000 1 943
75.010000 2 820
75.010000 3 897
75.010000 4 929
75.010000 5 920
75.010000 6 903
75.010000 7 866
75.010000 8 923
75.010000 9 889
75.010000 10 915
75.010000 11 881
75.010000 12 916
75.010000 13 923
75.010000 14 899
75.010000 15 900
75.010000 16 935
75.010000 17 859
75.010000 18 864
75.010000 19 874
76.010000 0 798
76.010000 1 944
76.010000 2 830
76.010000 3 889
76.010000 4 914
76.010000 5 927
76.010000 6 902
76.010000 7 871
76.010000 8 940
76.010000 9 896
76.010000 10 922
76.010000 11 875
76.010000 12 921
76.010000 13 921
76.010000 14 898
76.010000 15 906
76.010000 16 938
76.010000 17 848
76.010000 18 861
76.010000 19 884
77.010000 0 781
77.010000 1 947
77.010000 2 830
77.010000 3 887
77.010000 4 934
77.010000 5 920
77.010000 6 897
77.010000 7 864
77.010000 8 943
77.010000 9 897
77.010000 10 919
77.010000 11 876
77.010000 12 929
77.010000 13 922
77.010000 14 893
77.010000 15 909
77.010000 16 934
77.010000 17 843
77.010000 18 849
77.010000 19 884
78.010000 0 699
78.010000 1 843
78.010000 2 742
78.010000 3 789
78.010000 4 833
78.010000 5 826
78.010000 6 805
78.010000 7 773
78.010000 8 842
78.010000 9 793
78.010000 10 842
78.010000 11 779
78.010000 12 829
78.010000 13 825
78.010000 14 798
78.010000 15 815
78.010000 16 838
78.010000 17 747
78.010000 18 753
78.010000 19 784
79.010000 0 787
79.010000 1 928
79.010000 2 796
79.010000 3 867
79.010000 4 904
79.010000 5 890
79.010000 6 870
79.010000 7 835
79.010000 8 909
79.010000 9 863
79.010000 10 869
79.010000 11 845
79.010000 12 893
79.010000 13 891
79.010000 14 886
79.010000 15 875
79.010000 16 904
79.010000 17 837
79.010000 18 835
79.010000 19 851
80.010000 0 792
80.010000 1 914
80.010000 2 794
80.010000 3 871
80.010000 4 905
80.010000 5 893
80.010000 6 870
80.010000 7 836
80.010000 8 915
80.010000 9 860
80.010000 10 886
80.010000 11 840
80.010000 12 888
80.010000 13 896
80.010000 14 873
80.010000 15 872
80.010000 16 907
80.010000 17 835
80.010000 18 844
80.010000 19 845
81.010000 0 745
81.010000 1 900
81.010000 2 779
81.010000 3 849
81.010000 4 889
81.010000 5 888
81.010000 6 857
81.010000 7 831
81.010000 8 911
81.010000 9 851
81.010000 10 876
81.010000 11 837
81.010000 12 870
81.010000 13 892
81.010000 14 854
81.010000 15 873
81.010000 16 893
81.010000 17 804
81.010000 18 798
81.010000 19 834
82.010000 0 736
82.010000 1 874
82.010000 2 768
82.010000 3 827
82.010000 4 877
82.010000 5 853
82.010000 6 826
82.010000 7 790
82.010000 8 870
82.010000 9 827
82.010000 10 849
82.010000 11 798
82.010000 12 853
82.010000 13 853
82.010000 14 825
82.010000 15 838
82.010000 16 866
82.010000 17 788
82.010000 18 795
82.010000 19 818
83.010000 0 748
83.010000 1 867
83.010000 2 755
83.010000 3 822
83.010000 4 855
83.010000 5 843
83.010000 6 832
83.010000 7 791
83.010000 8 860
83.010000 9 821
83.010000 10 839
83.010000 11 802
83.010000 12 842
83.010000 13 845
83.010000 14 836
83.010000 15 825
83.010000 16 858
83.010000 17 797
83.010000 18 801
83.010000 19 808
84.010000 0 747
84.010000 1 883
84.010000 2 761
84.010000 3 842
84.010000 4 871
84.010000 5 865
84.010000 6 837
84.010000 7 812
84.010000 8 882
84.010000 9 836
84.010000 10 862
84.010000 11 818
84.010000 12 871
84.010000 13 861
84.010000 14 827
84.010000 15 858
84.010000 16 872
84.010000 17 788
84.010000 18 784
84.010000 19 821
85.010000 0 752
85.010000 1 888
85.010000 2 783
85.010000 3 849
85.010000 4 874
85.010000 5 875
85.010000 6 843
85.010000 7 805
85.010000 8 881
85.010000 9 839
85.010000 10 859
85.010000 11 818
85.010000 12 865
85.010000 13 868
85.010000 14 842
85.010000 15 857
85.010000 16 882
85.010000 17 814
85.010000 18 802
85.010000 19 822
86.010000 0 777
86.010000 1 908
86.010000 2 788
86.010000 3 870
86.010000 4 896
86.010000 5 884
86.010000 6 865
86.010000 7 830
86.010000 8 904
86.010000 9 868
86.010000 10 885
86.010000 11 841
86.010000 12 873
86.010000 13 891
86.010000 14 864
86.010000 15 852
86.010000 16 902
86.010000 17 824
86.010000 18 824
86.010000 19 842
87.010000 0 670
87.010000 1 799
87.010000 2 674
87.010000 3 760
87.010000 4 779
87.010000 5 767
87.010000 6 755
87.010000 7 723
87.010000 8 788
87.010000 9 736
87.010000 10 790
87.010000 11 730
87.010000 12 771
87.010000 13 772
87.010000 14 761
87.010000 15 752
87.010000 16 784
87.010000 17 725
87.010000 18 707
87.010000 19 723
88.010000 0 718
88.010000 1 834
88.010000 2 741
88.010000 3 777
88.010000 4 820
88.010000 5 817
88.010000 6 792
88.010000 7 759
88.010000 8 833
88.010000 9 790
88.010000 10 814
88.010000 11 781
88.010000 12 815
88.010000 13 818
88.010000 14 799
88.010000 15 806
88.010000 16 830
88.010000 17 737
88.010000 18 760
88.010000 19 795
89.010000 0 777
89.010000 1 922
89.010000 2 793
89.010000 3 893
89.010000 4 911
89.010000 5 903
89.010000 6 873
89.010000 7 842
89.010000 8 900
89.010000 9 870
89.010000 10 892
89.010000 11 847
89.010000 12 893
89.010000 13 898
89.010000 14 869
89.010000 15 883
89.010000 16 912
89.010000 17 851
89.010000 18 826
89.010000 19 847
90.010000 0 792
90.010000 1 898
90.010000 2 769
90.010000 3 862
90.010000 4 895
90.010000 5 877
90.010000 6 853
90.010000 7 817
90.010000 8 909
90.010000 9 820
90.010000 10 868
90.010000 11 836
90.010000 12 873
90.010000 13 877
90.010000 14 862
90.010000 15 862
90.010000 16 893
90.010000 17 823
90.010000 18 824
90.010000 19 827
91.010000 0 764
91.010000 1 892
91.010000 2 782
91.010000 3 856
91.010000 4 877
91.010000 5 870
91.010000 6 856
91.010000 7 818
91.010000 8 873
91.010000 9 844
91.010000 10 876
91.010000 11 828
91.010000 12 871
91.010000 13 875
91.010000 14 843
91.010000 15 851
91.010000 16 887
91.010000 17 817
91.010000 18 815
91.010000 19 831
92.010000 0 790
92.010000 1 941
92.010000 2 825
92.010000 3 895
92.010000 4 928
92.010000 5 914
92.010000 6 891
92.010000 7 861
92.010000 8 937
92.010000 9 890
92.010000 10 912
92.010000 11 872
92.010000 12 920
92.010000 13 915
92.010000 14 889
92.010000 15 901
92.010000 16 914
92.010000 17 851
92.010000 18 845
92.010000 19 879
93.010000 0 714
93.010000 1 864
93.010000 2 772
93.010000 3 822
93.010000 4 850
93.010000 5 857
93.010000 6 823
93.010000 7 787
93.010000 8 860
93.010000 9 833
93.010000 10 844
93.010000 11 793
93.010000 12 850
93.010000 13 851
93.010000 14 810
93.010000 15 833
93.010000 16 858
93.010000 17 778
93.010000 18 769
93.010000 19 796
94.010000 0 689
94.010000 1 804
94.010000 2 721
94.010000 3 766
94.010000 4 791
94.010000 5 785
94.010000 6 767
94.010000 7 737
94.010000 8 798
94.010000 9 765
94.010000 10 784
94.010000 11 743
94.010000 12 784
94.010000 13 788
94.010000 14 762
94.010000 15 768
94.010000 16 799
94.010000 17 728
94.010000 18 739
94.010000 19 768
95.010000 0 794
95.010000 1 952
95.010000 2 820
95.010000 3 899
95.010000 4 942
95.010000 5 930
95.010000 6 903
95.010000 7 871
95.010000 8 959
95.010000 9 899
95.010000 10 924
95.010000 11 879
95.010000 12 915
95.010000 13 925
95.010000 14 900
95.010000 15 914
95.010000 16 938
95.010000 17 865
95.010000 18 866
95.010000 19 888
96.010000 0 779
96.010000 1 920
96.010000 2 797
96.010000 3 873
96.010000 4 909
96.010000 5 889
96.010000 6 878
96.010000 7 841
96.010000 8 915
96.010000 9 866
96.010000 10 896
96.010000 11 850
96.010000 12 903
96.010000 13 892
96.010000 14 871
96.010000 15 880
96.010000 16 912
96.010000 17 832
96.010000 18 834
96.010000 19 861
97.010000 0 741
97.010000 1 859
97.010000 2 749
97.010000 3 818
97.010000 4 847
97.010000 5 837
97.010000 6 811
97.010000 7 785
97.010000 8 855
97.010000 9 797
97.010000 10 839
97.010000 11 801
97.010000 12 836
97.010000 13 857
97.010000 14 815
97.010000 15 818
97.010000 16 855
97.010000 17 776
97.010000 18 787
97.010000 19 800
98.010000 0 803
98.010000 1 944
98.010000 2 820
98.010000 3 903
98.010000 4 929
98.010000 5 920
98.010000 6 904
98.010000 7 865
98.010000 8 924
98.010000 9 891
98.010000 10 917
98.010000 11 876
98.010000 12 918
98.010000 13 925
98.010000 14 892
98.010000 15 900
98.010000 16 937
98.010000 17 859
98.010000 18 854
98.010000 19 872
99.010000 0 763
99.010000 1 880
99.010000 2 763
99.010000 3 841
99.010000 4 864
99.010000 5 858
99.010000 6 833
99.010000 7 798
99.010000 8 872
99.010000 9 845
99.010000 10 858
99.010000 11 804
99.010000 12 851
99.010000 13 863
99.010000 14 851
99.010000 15 832
99.010000 16 872
99.010000 17 803
99.010000 18 797
99.010000 19 809
100.010000 0 803
100.010000 1 960
100.010000 2 841
100.010000 3 909
100.010000 4 949
100.010000 5 946
100.010000 6 908
100.010000 7 880
100.010000 8 957
100.010000 9 889
100.010000 10 927
100.010000 11 889
100.010000 12 938
100.010000 13 934
100.010000 14 903
100.010000 15 932
100.010000 16 950
100.010000 17 864
100.010000 18 865
100.010000 19 897
101.010000 0 723
101.010000 1 848
101.010000 2 728
101.010000 3 814
101.010000 4 837
101.010000 5 833
101.010000 6 805
101.010000 7 773
101.010000 8 844
101.010000 9 798
101.010000 10 823
101.010000 11 776
101.010000 12 821
101.010000 13 825
101.010000 14 818
101.010000 15 814
101.010000 16 837
101.010000 17 779
101.010000 18 764
101.010000 19 780
102.010000 0 701
102.010000 1 835
102.010000 2 749
102.010000 3 792
102.010000 4 824
102.010000 5 821
102.010000 6 803
102.010000 7 755
102.010000 8 829
102.010000 9 796
102.010000 10 811
102.010000 11 763
102.010000 12 821
102.010000 13 813
102.010000 14 791
102.010000 15 809
102.010000 16 826
102.010000 17 755
102.010000 18 756
102.010000 19 785
103.010000 0 806
103.010000 1 951
103.010000 2 831
103.010000 3 897
103.010000 4 939
103.010000 5 930
103.010000 6 908
103.010000 7 872
103.010000 8 948
103.010000 9 902
103.010000 10 926
103.010000 11 884
103.010000 12 929
103.010000 13 929
103.010000 14 897
103.010000 15 912
103.010000 16 945
103.010000 17 853
103.010000 18 866
103.010000 19 885
104.010000 0 769
104.010000 1 908
104.010000 2 798
104.010000 3 861
104.010000 4 896
104.010000 5 883
104.010000 6 862
104.010000 7 826
104.010000 8 902
104.010000 9 858
104.010000 10 877
104.010000 11 830
104.010000 12 888
104.010000 13 879
104.010000 14 865
104.010000 15 874
104.010000 16 880
104.010000 17 828
104.010000 18 825
104.010000 19 853
105.010000 0 728
105.010000 1 861
105.010000 2 748
105.010000 3 825
105.010000 4 848
105.010000 5 842
105.010000 6 826
105.010000 7 792
105.010000 8 856
105.010000 9 826
105.010000 10 837
105.010000 11 800
105.010000 12 841
105.010000 13 844
105.010000 14 817
105.010000 15 825
105.010000 16 851
105.010000 17 788
105.010000 18 775
105.010000 19 795
106.010000 0 704
106.010000 1 846
106.010000 2 767
106.010000 3 801
106.010000 4 835
106.010000 5 832
106.010000 6 802
106.010000 7 765
106.010000 8 843
106.010000 9 797
106.010000 10 825
106.010000 11 772
106.010000 12 844
106.010000 13 829
106.010000 14 799
106.010000 15 820
106.010000 16 841
106.010000 17 755
106.010000 18 752
106.010000 19 794
107.010000 0 740
107.010000 1 892
107.010000 2 762
107.010000 3 846
107.010000 4 879
107.010000 5 869
107.010000 6 842
107.010000 7 818
107.010000 8 885
107.010000 9 841
107.010000 10 867
107.010000 11 823
107.010000 12 843
107.010000 13 872
107.010000 14 835
107.010000 15 843
107.010000 16 878
107.010000 17 806
107.010000 18 807
107.010000 19 832
108.010000 0 707
108.010000 1 830
108.010000 2 731
108.010000 3 792
108.010000 4 826
108.010000 5 812
108.010000 6 794
108.010000 7 759
108.010000 8 828
108.010000 9 794
108.010000 10 811
108.010000 11 768
108.010000 12 819
108.010000 13 813
108.010000 14 795
108.010000 15 803
108.010000 16 823
108.010000 17 761
108.010000 18 758
108.010000 19 778
109.010000 0 763
109.010000 1 905
109.010000 2 799
109.010000 3 850
109.010000 4 891
109.010000 5 885
109.010000 6 861
109.010000 7 826
109.010000 8 903
109.010000 9 858
109.010000 10 884
109.010000 11 836
109.010000 12 903
109.010000 13 882
109.010000 14 858
109.010000 15 876
109.010000 16 899
109.010000 17 805
109.010000 18 816
109.010000 19 839
110.010000 0 797
110.010000 1 938
110.010000 2 814
110.010000 3 906
110.010000 4 929
110.010000 5 905
110.010000 6 892
110.010000 7 859
110.010000 8 936
110.010000 9 894
110.010000 10 912
110.010000 11 865
110.010000 12 915
110.010000 13 915
110.010000 14 890
110.010000 15 887
110.010000 16 929
110.010000 17 862
110.010000 18 849
110.010000 19 879
111.010000 0 758
111.010000 1 868
111.010000 2 751
111.010000 3 836
111.010000 4 856
111.010000 5 846
111.010000 6 822
111.010000 7 796
111.010000 8 863
111.010000 9 820
111.010000 10 842
111.010000 11 807
111.010000 12 830
111.010000 13 850
111.010000 14 825
111.010000 15 825
111.010000 16 862
111.010000 17 795
111.010000 18 795
111.010000 19 815
112.010000 0 688
112.010000 1 811
112.010000 2 721
112.010000 3 761
112.010000 4 799
112.010000 5 793
112.010000 6 776
112.010000 7 738
112.010000 8 806
112.010000 9 763
112.010000 10 787
112.010000 11 759
112.010000 12 809
112.010000 13 792
112.010000 14 773
112.010000 15 784
112.010000 16 801
112.010000 17 729
112.010000 18 744
112.010000 19 757
113.010000 0 777
113.010000 1 919
113.010000 2 770
113.010000 3 877
113.010000 4 895
113.010000 5 881
113.010000 6 856
113.010000 7 827
113.010000 8 901
113.010000 9 846
113.010000 10 876
113.010000 11 849
113.010000 12 881
113.010000 13 864
113.010000 14 864
113.010000 15 865
113.010000 16 898
113.010000 17 834
113.010000 18 813
113.010000 19 829
114.010000 0 813
114.010000 1 971
114.010000 2 829
114.010000 3 928
114.010000 4 960
114.010000 5 946
114.010000 6 924
114.010000 7 895
114.010000 8 964
114.010000 9 910
114.010000 10 941
114.010000 11 901
114.010000 12 931
114.010000 13 945
114.010000 14 916
114.010000 15 929
114.010000 16 959
114.010000 17 882
114.010000 18 872
114.010000 19 899
115.010000 0 782
115.010000 1 895
115.010000 2 811
115.010000 3 870
115.010000 4 894
115.010000 5 885
115.010000 6 857
115.010000 7 813
115.010000 8 904
115.010000 9 851
115.010000 10 886
115.010000 11 829
115.010000 12 893
115.010000 13 914
115.010000 14 865
115.010000 15 875
115.010000 16 905
115.010000 17 828
115.010000 18 819
115.010000 19 863
116.010000 0 776
116.010000 1 936
116.010000 2 803
116.010000 3 887
116.010000 4 914
116.010000 5 905
116.010000 6 883
116.010000 7 849
116.010000 8 920
116.010000 9 882
116.010000 10 899
116.010000 11 856
116.010000 12 897
116.010000 13 905
116.010000 14 881
116.010000 15 879
116.010000 16 916
116.010000 17 847
116.010000 18 830
116.010000 19 854
117.010000 0 755
117.010000 1 892
117.010000 2 785
117.010000 3 848
117.010000 4 880
117.010000 5 871
117.010000 6 847
117.010000 7 814
117.010000 8 889
117.010000 9 846
117.010000 10 865
117.010000 11 821
117.010000 12 876
117.010000 13 869
117.010000 14 846
117.010000 15 862
117.010000 16 882
117.010000 17 808
117.010000 18 808
117.010000 19 837
118.010000 0 724
118.010000 1 849
118.010000 2 760
118.010000 3 817
118.010000 4 837
118.010000 5 829
118.010000 6 803
118.010000 7 774
118.010000 8 845
118.010000 9 806
118.010000 10 825
118.010000 11 785
118.010000 12 843
118.010000 13 830
118.010000 14 807
118.010000 15 812
118.010000 16 845
118.010000 17 777
118.010000 18 764
118.010000 19 794
119.010000 0 741
119.010000 1 890
119.010000 2 786
119.010000 3 836
119.010000 4 880
119.010000 5 871
119.010000 6 843
119.010000 7 815
119.010000 8 884
119.010000 9 842
119.010000 10 870
119.010000 11 817
119.010000 12 878
119.010000 13 856
119.010000 14 840
119.010000 15 862
119.010000 16 892
119.010000 17 795
119.010000 18 801
119.010000 19 830
120.010000 0 744
120.010000 1 895
120.010000 2 761
120.010000 3 842
120.010000 4 904
120.010000 5 869
120.010000 6 857
120.010000 7 808
120.010000 8 893
120.010000 9 850
120.010000 10 890
120.010000 11 819
120.010000 12 860
120.010000 13 862
120.010000 14 846
120.010000 15 853
120.010000 16 884
120.010000 17 800
120.010000 18 805
120.010000 19 828
121.010000 0 714
121.010000 1 856
121.010000 2 764
121.010000 3 808
121.010000 4 843
121.010000 5 837
121.010000 6 808
121.010000 7 787
121.010000 8 853
121.010000 9 809
121.010000 10 829
121.010000 11 784
121.010000 12 848
121.010000 13 833
121.010000 14 805
121.010000 15 828
121.010000 16 847
121.010000 17 766
121.010000 18 767
121.010000 19 805
122.010000 0 718
122.010000 1 834
122.010000 2 726
122.010000 3 803
122.010000 4 820
122.010000 5 814
122.010000 6 793
122.010000 7 772
122.010000 8 832
122.010000 9 791
122.010000 10 813
122.010000 11 777
122.010000 12 820
122.010000 13 820
122.010000 14 785
122.010000 15 803
122.010000 16 831
122.010000 17 757
122.010000 18 761
122.010000 19 777
123.010000 0 689
123.010000 1 816
123.010000 2 717
123.010000 3 776
123.010000 4 814
123.010000 5 790
123.010000 6 771
123.010000 7 740
123.010000 8 825
123.010000 9 747
123.010000 10 790
123.010000 11 746
123.010000 12 806
123.010000 13 787
123.010000 14 781
123.010000 15 785
123.010000 16 802
123.010000 17 749
123.010000 18 729
123.010000 19 773
124.010000 0 729
124.010000 1 879
124.010000 2 774
124.010000 3 830
124.010000 4 860
124.010000 5 854
124.010000 6 830
124.010000 7 808
124.010000 8 872
124.010000 9 827
124.010000 10 851
124.010000 11 805
124.010000 12 856
124.010000 13 858
124.010000 14 820
124.010000 15 841
124.010000 16 870
124.010000 17 784
124.010000 18 789
124.010000 19 817
125.010000 0 687
125.010000 1 841
125.010000 2 749
125.010000 3 809
125.010000 4 831
125.010000 5 830
125.010000 6 794
125.010000 7 763
125.010000 8 834
125.010000 9 817
125.010000 10 815
125.010000 11 768
125.010000 12 828
125.010000 13 821
125.010000 14 774
125.010000 15 821
125.010000 16 831
125.010000 17 752
125.010000 18 742
125.010000 19 796
126.010000 0 791
126.010000 1 899
126.010000 2 786
126.010000 3 862
126.010000 4 883
126.010000 5 866
126.010000 6 848
126.010000 7 826
126.010000 8 893
126.010000 9 856
126.010000 10 877
126.010000 11 841
126.010000 12 873
126.010000 13 885
126.010000 14 862
126.010000 15 835
126.010000 16 898
126.010000 17 825
126.010000 18 838
126.010000 19 830
127.010000 0 789
127.010000 1 931
127.010000 2 815
127.010000 3 872
127.010000 4 919
127.010000 5 906
127.010000 6 889
127.010000 7 837
127.010000 8 934
127.010000 9 876
127.010000 10 906
127.010000 11 857
127.010000 12 915
127.010000 13 905
127.010000 14 907
127.010000 15 897
127.010000 16 922
127.010000 17 844
127.010000 18 843
127.010000 19 869
128.010000 0 750
128.010000 1 860
128.010000 2 751
128.010000 3 822
128.010000 4 850
128.010000 5 837
128.010000 6 818
128.010000 7 778
128.010000 8 856
128.010000 9 816
128.010000 10 834
128.010000 11 794
128.010000 12 836
128.010000 13 842
128.010000 14 823
128.010000 15 819
128.010000 16 854
128.010000 17 789
128.010000 18 799
128.010000 19 805
129.010000 0 777
129.010000 1 907
129.010000 2 759
129.010000 3 865
129.010000 4 896
129.010000 5 884
129.010000 6 862
129.010000 7 834
129.010000 8 902
129.010000 9 847
129.010000 10 875
129.010000 11 844
129.010000 12 888
129.010000 13 881
129.010000 14 864
129.010000 15 877
129.010000 16 894
129.010000 17 827
129.010000 18 820
129.010000 19 827
130.010000 0 651
130.010000 1 782
130.010000 2 707
130.010000 3 740
130.010000 4 773
130.010000 5 772
130.010000 6 744
130.010000 7 725
130.010000 8 777
130.010000 9 741
130.010000 10 762
130.010000 11 714
130.010000 12 765
130.010000 13 766
130.010000 14 743
130.010000 15 755
130.010000 16 776
130.010000 17 707
130.010000 18 705
130.010000 19 740
131.010000 0 763
131.010000 1 889
131.010000 2 785
131.010000 3 841
131.010000 4 877
131.010000 5 878
131.010000 6 851
131.010000 7 796
131.010000 8 885
131.010000 9 832
131.010000 10 865
131.010000 11 824
131.010000 12 882
131.010000 13 870
131.010000 14 844
131.010000 15 866
131.010000 16 885
131.010000 17 801
131.010000 18 814
131.010000 19 825
132.010000 0 815
132.010000 1 953
132.010000 2 818
132.010000 3 909
132.010000 4 941
132.010000 5 914
132.010000 6 909
132.010000 7 876
132.010000 8 949
132.010000 9 897
132.010000 10 931
132.010000 11 884
132.010000 12 926
132.010000 13 933
132.010000 14 911
132.010000 15 892
132.010000 16 943
132.010000 17 870
132.010000 18 863
132.010000 19 885
133.010000 0 783
133.010000 1 927
133.010000 2 791
133.010000 3 871
133.010000 4 906
133.010000 5 893
133.010000 6 857
133.010000 7 841
133.010000 8 914
133.010000 9 868
133.010000 10 888
133.010000 11 852
133.010000 12 895
133.010000 13 894
133.010000 14 869
133.010000 15 881
133.010000 16 908
133.010000 17 832
133.010000 18 844
133.010000 19 852
134.010000 0 697
134.010000 1 826
134.010000 2 734
134.010000 3 779
134.010000 4 814
134.010000 5 815
134.010000 6 796
134.010000 7 753
134.010000 8 822
134.010000 9 786
134.010000 10 806
134.010000 11 767
134.010000 12 809
134.010000 13 809
134.010000 14 783
134.010000 15 798
134.010000 16 820
134.010000 17 740
134.010000 18 753
134.010000 19 771
135.010000 0 792
135.010000 1 932
135.010000 2 824
135.010000 3 902
135.010000 4 917
135.010000 5 911
135.010000 6 876
135.010000 7 845
135.010000 8 930
135.010000 9 891
135.010000 10 914
135.010000 11 853
135.010000 12 917
135.010000 13 917
135.010000 14 875
135.010000 15 888
135.010000 16 926
135.010000 17 845
135.010000 18 831
135.010000 19 868
136.010000 0 814
136.010000 1 952
136.010000 2 825
136.010000 3 897
136.010000 4 921
136.010000 5 929
136.010000 6 912
136.010000 7 882
136.010000 8 946
136.010000 9 904
136.010000 10 924
136.010000 11 894
136.010000 12 915
136.010000 13 938
136.010000 14 904
136.010000 15 909
136.010000 16 944
136.010000 17 859
136.010000 18 874
136.010000 19 891
137.010000 0 733
137.010000 1 870
137.010000 2 751
137.010000 3 827
137.010000 4 852
137.010000 5 840
137.010000 6 810
137.010000 7 779
137.010000 8 859
137.010000 9 819
137.010000 10 840
137.010000 11 788
137.010000 12 838
137.010000 13 846
137.010000 14 823
137.010000 15 823
137.010000 16 856
137.010000 17 783
137.010000 18 778
137.010000 19 804
138.010000 0 750
138.010000 1 892
138.010000 2 776
138.010000 3 848
138.010000 4 875
138.010000 5 864
138.010000 6 845
138.010000 7 813
138.010000 8 886
138.010000 9 842
138.010000 10 876
138.010000 11 826
138.010000 12 872
138.010000 13 874
138.010000 14 838
138.010000 15 848
138.010000 16 885
138.010000 17 798
138.010000 18 797
138.010000 19 826
139.010000 0 708
139.010000 1 840
139.010000 2 759
139.010000 3 798
139.010000 4 828
139.010000 5 823
139.010000 6 797
139.010000 7 759
139.010000 8 833
139.010000 9 802
139.010000 10 816
139.010000 11 763
139.010000 12 831
139.010000 13 823
139.010000 14 799
139.010000 15 808
139.010000 16 834
139.010000 17 767
139.010000 18 764
139.010000 19 789
140.010000 0 698
140.010000 1 845
140.010000 2 724
140.010000 3 809
140.010000 4 835
140.010000 5 823
140.010000 6 801
140.010000 7 792
140.010000 8 840
140.010000 9 800
140.010000 10 822
140.010000 11 791
140.010000 12 816
140.010000 13 828
140.010000 14 787
140.010000 15 800
140.010000 16 837
140.010000 17 757
140.010000 18 745
140.010000 19 774
141.010000 0 792
141.010000 1 934
141.010000 2 818
141.010000 3 891
141.010000 4 921
141.010000 5 915
141.010000 6 890
141.010000 7 858
141.010000 8 932
141.010000 9 887
141.010000 10 907
141.010000 11 864
141.010000 12 906
141.010000 13 913
141.010000 14 886
141.010000 15 894
141.010000 16 926
141.010000 17 846
141.010000 18 846
141.010000 19 873
142.010000 0 783
142.010000 1 909
142.010000 2 797
142.010000 3 868
142.010000 4 897
142.010000 5 886
142.010000 6 858
142.010000 7 822
142.010000 8 908
142.010000 9 865
142.010000 10 886
142.010000 11 836
142.010000 12 888
142.010000 13 894
142.010000 14 876
142.010000 15 868
142.010000 16 904
142.010000 17 829
142.010000 18 823
142.010000 19 848
143.010000 0 730
143.010000 1 852
143.010000 2 735
143.010000 3 824
143.010000 4 856
143.010000 5 830
143.010000 6 803
143.010000 7 772
143.010000 8 847
143.010000 9 796
143.010000 10 832
143.010000 11 793
143.010000 12 831
143.010000 13 833
143.010000 14 805
143.010000 15 815
143.010000 16 842
143.010000 17 780
143.010000 18 764
143.010000 19 786
144.010000 0 786
144.010000 1 935
144.010000 2 843
144.010000 3 878
144.010000 4 923
144.010000 5 916
144.010000 6 895
144.010000 7 837
144.010000 8 930
144.010000 9 887
144.010000 10 911
144.010000 11 865
144.010000 12 931
144.010000 13 919
144.010000 14 891
144.010000 15 899
144.010000 16 929
144.010000 17 839
144.010000 18 851
144.010000 19 876
145.010000 0 762
145.010000 1 901
145.010000 2 774
145.010000 3 872
145.010000 4 890
145.010000 5 880
145.010000 6 857
145.010000 7 825
145.010000 8 896
145.010000 9 854
145.010000 10 873
145.010000 11 833
145.010000 12 863
145.010000 13 893
145.010000 14 848
145.010000 15 861
145.010000 16 892
145.010000 17 824
145.010000 18 807
145.010000 19 839
146.010000 0 740
146.010000 1 885
146.010000 2 768
146.010000 3 848
146.010000 4 874
146.010000 5 864
146.010000 6 843
146.010000 7 824
146.010000 8 881
146.010000 9 838
146.010000 10 859
146.010000 11 810
146.010000 12 861
146.010000 13 865
146.010000 14 837
146.010000 15 846
146.010000 16 874
146.010000 17 807
146.010000 18 793
146.010000 19 820
147.010000 0 690
147.010000 1 813
147.010000 2 706
147.010000 3 774
147.010000 4 800
147.010000 5 794
147.010000 6 771
147.010000 7 741
147.010000 8 810
147.010000 9 768
147.010000 10 814
147.010000 11 751
147.010000 12 791
147.010000 13 815
147.010000 14 775
147.010000 15 774
147.010000 16 809
147.010000 17 736
147.010000 18 734
147.010000 19 752
148.010000 0 696
148.010000 1 819
148.010000 2 700
148.010000 3 768
148.010000 4 796
148.010000 5 787
148.010000 6 770
148.010000 7 738
148.010000 8 803
148.010000 9 762
148.010000 10 799
148.010000 11 748
148.010000 12 788
148.010000 13 788
148.010000 14 776
148.010000 15 772
148.010000 16 800
148.010000 17 739
148.010000 18 744
148.010000 19 750
149.010000 0 870
149.010000 1 1025
149.010000 2 880
149.010000 3 975
149.010000 4 1004
149.010000 5 988
149.010000 6 970
149.010000 7 928
149.010000 8 1010
149.010000 9 965
149.010000 10 963
149.010000 11 940
149.010000 12 981
149.010000 13 975
149.010000 14 974
149.010000 15 966
149.010000 16 1006
149.010000 17 944
149.010000 18 929
149.010000 19 944
