0.010000 0 2
0.010000 1 5
0.010000 2 5
0.010000 3 3
0.010000 4 4
0.010000 5 5
0.010000 6 5
0.010000 7 5
0.010000 8 5
0.010000 9 5
0.010000 10 5
0.010000 11 5
0.010000 12 5
0.010000 13 5
0.010000 14 3
0.010000 15 5
0.010000 16 5
0.010000 17 2
1.010000 0 16
1.010000 1 18
1.010000 2 16
1.010000 3 17
1.010000 4 19
1.010000 5 17
1.010000 6 17
1.010000 7 17
1.010000 8 18
1.010000 9 18
1.010000 10 18
1.010000 11 18
1.010000 12 17
1.010000 13 18
1.010000 14 17
1.010000 15 16
1.010000 16 18
1.010000 17 16
2.010000 0 19
2.010000 1 19
2.010000 2 14
2.010000 3 20
2.010000 4 19
2.010000 5 16
2.010000 6 19
2.010000 7 20
2.010000 8 19
2.010000 9 19
2.010000 10 19
2.010000 11 19
2.010000 12 16
2.010000 13 18
2.010000 14 19
2.010000 15 14
2.010000 16 18
2.010000 17 20
3.010000 0 15
3.010000 1 15
3.010000 2 16
3.010000 3 15
3.010000 4 16
3.010000 5 17
3.010000 6 16
3.010000 7 15
3.010000 8 15
3.010000 9 16
3.010000 10 15
3.010000 11 15
3.010000 12 16
3.010000 13 17
3.010000 14 16
3.010000 15 16
3.010000 16 17
3.010000 17 14
4.010000 0 13
4.010000 1 18
4.010000 2 16
4.010000 3 14
4.010000 4 16
4.010000 5 16
4.010000 6 18
4.010000 7 18
4.010000 8 18
4.010000 9 17
4.010000 10 17
4.010000 11 18
4.010000 12 17
4.010000 13 16
4.010000 14 15
4.010000 15 16
4.010000 16 16
4.010000 17 12
5.010000 0 16
5.010000 1 15
5.010000 2 11
5.010000 3 16
5.010000 4 17
5.010000 5 13
5.010000 6 16
5.010000 7 16
5.010000 8 16
5.010000 9 16
5.010000 10 17
5.010000 11 16
5.010000 12 13
5.010000 13 17
5.010000 14 16
5.010000 15 11
5.010000 16 17
5.010000 17 16
6.010000 0 13
6.010000 1 18
6.010000 2 19
6.010000 3 16
6.010000 4 18
6.010000 5 19
6.010000 6 18
6.010000 7 17
6.010000 8 17
6.010000 9 18
6.010000 10 18
6.010000 11 18
6.010000 12 19
6.010000 13 18
6.010000 14 15
6.010000 15 19
6.010000 16 18
6.010000 17 14
7.010000 0 17
7.010000 1 19
7.010000 2 16
7.010000 3 17
7.010000 4 18
7.010000 5 17
7.010000 6 17
7.010000 7 18
7.010000 8 18
7.010000 9 17
7.010000 10 18
7.010000 11 17
7.010000 12 17
7.010000 13 18
7.010000 14 18
7.010000 15 16
7.010000 16 18
7.010000 17 16
8.010000 0 15
8.010000 1 15
8.010000 2 11
8.010000 3 16
8.010000 4 15
8.010000 5 12
8.010000 6 16
8.010000 7 16
8.010000 8 16
8.010000 9 16
8.010000 10 14
8.010000 11 15
8.010000 12 13
8.010000 13 14
8.010000 14 15
8.010000 15 10
8.010000 16 15
8.010000 17 16
9.010000 0 16
9.010000 1 18
9.010000 2 19
9.010000 3 17
9.010000 4 18
9.010000 5 20
9.010000 6 19
9.010000 7 18
9.010000 8 19
9.010000 9 19
9.010000 10 20
9.010000 11 19
9.010000 12 19
9.010000 13 19
9.010000 14 17
9.010000 15 20
9.010000 16 18
9.010000 17 16
10.010000 0 14
10.010000 1 17
10.010000 2 11
10.010000 3 16
10.010000 4 17
10.010000 5 13
10.010000 6 16
10.010000 7 17
10.010000 8 16
10.010000 9 16
10.010000 10 16
10.010000 11 17
10.010000 12 13
10.010000 13 16
10.010000 14 15
10.010000 15 11
10.010000 16 16
10.010000 17 15
11.010000 0 15
11.010000 1 16
11.010000 2 14
11.010000 3 15
11.010000 4 16
11.010000 5 15
11.010000 6 16
11.010000 7 15
11.010000 8 16
11.010000 9 15
11.010000 10 16
11.010000 11 16
11.010000 12 15
11.010000 13 17
11.010000 14 16
11.010000 15 14
11.010000 16 17
11.010000 17 14
12.010000 0 14
12.010000 1 16
12.010000 2 14
12.010000 3 15
12.010000 4 16
12.010000 5 16
12.010000 6 16
12.010000 7 17
12.010000 8 16
12.010000 9 17
12.010000 10 16
12.010000 11 16
12.010000 12 15
12.010000 13 15
12.010000 14 15
12.010000 15 15
12.010000 16 15
12.010000 17 14
13.010000 0 15
13.010000 1 17
13.010000 2 18
13.010000 3 16
13.010000 4 16
13.010000 5 17
13.010000 6 16
13.010000 7 16
13.010000 8 17
13.010000 9 16
13.010000 10 16
13.010000 11 17
13.010000 12 18
13.010000 13 18
13.010000 14 16
13.010000 15 17
13.010000 16 18
13.010000 17 15
14.010000 0 15
14.010000 1 17
14.010000 2 14
14.010000 3 16
14.010000 4 18
14.010000 5 14
14.010000 6 18
14.010000 7 17
14.010000 8 16
14.010000 9 18
14.010000 10 18
14.010000 11 16
14.010000 12 16
14.010000 13 17
14.010000 14 16
14.010000 15 13
14.010000 16 17
14.010000 17 15
15.010000 0 12
15.010000 1 18
15.010000 2 17
15.010000 3 16
15.010000 4 17
15.010000 5 19
15.010000 6 18
15.010000 7 19
15.010000 8 19
15.010000 9 18
15.010000 10 18
15.010000 11 18
15.010000 12 17
15.010000 13 18
15.010000 14 14
15.010000 15 18
15.010000 16 18
15.010000 17 13
16.010000 0 16
16.010000 1 18
16.010000 2 16
16.010000 3 16
16.010000 4 19
16.010000 5 17
16.010000 6 18
16.010000 7 18
16.010000 8 18
16.010000 9 18
16.010000 10 17
16.010000 11 19
16.010000 12 17
16.010000 13 17
16.010000 14 17
16.010000 15 16
16.010000 16 18
16.010000 17 15
17.010000 0 18
17.010000 1 17
17.010000 2 15
17.010000 3 17
17.010000 4 17
17.010000 5 16
17.010000 6 18
17.010000 7 18
17.010000 8 18
17.010000 9 18
17.010000 10 18
17.010000 11 18
17.010000 12 16
17.010000 13 19
17.010000 14 19
17.010000 15 14
17.010000 16 18
17.010000 17 17
18.010000 0 11
18.010000 1 17
18.010000 2 15
18.010000 3 15
18.010000 4 17
18.010000 5 16
18.010000 6 16
18.010000 7 16
18.010000 8 16
18.010000 9 15
18.010000 10 17
18.010000 11 16
18.010000 12 16
18.010000 13 16
18.010000 14 12
18.010000 15 16
18.010000 16 16
18.010000 17 12
19.010000 0 542
19.010000 1 652
19.010000 2 648
19.010000 3 651
19.010000 4 652
19.010000 5 650
19.010000 6 448
19.010000 7 652
19.010000 8 652
19.010000 9 653
19.010000 10 446
19.010000 11 651
19.010000 12 650
19.010000 13 652
19.010000 14 544
19.010000 15 648
19.010000 16 549
19.010000 17 543
20.010000 0 525
20.010000 1 635
20.010000 2 634
20.010000 3 635
20.010000 4 636
20.010000 5 636
20.010000 6 425
20.010000 7 636
20.010000 8 636
20.010000 9 636
20.010000 10 436
20.010000 11 637
20.010000 12 635
20.010000 13 636
20.010000 14 526
20.010000 15 635
20.010000 16 537
20.010000 17 525
21.010000 0 538
21.010000 1 643
21.010000 2 640
21.010000 3 640
21.010000 4 642
21.010000 5 642
21.010000 6 437
21.010000 7 642
21.010000 8 642
21.010000 9 642
21.010000 10 433
21.010000 11 642
21.010000 12 641
21.010000 13 642
21.010000 14 539
21.010000 15 641
21.010000 16 533
21.010000 17 537
22.010000 0 544
22.010000 1 649
22.010000 2 647
22.010000 3 650
22.010000 4 649
22.010000 5 649
22.010000 6 431
22.010000 7 649
22.010000 8 649
22.010000 9 649
22.010000 10 437
22.010000 11 649
22.010000 12 648
22.010000 13 649
22.010000 14 544
22.010000 15 648
22.010000 16 549
22.010000 17 544
23.010000 0 551
23.010000 1 666
23.010000 2 662
23.010000 3 663
23.010000 4 666
23.010000 5 666
23.010000 6 458
23.010000 7 666
23.010000 8 666
23.010000 9 666
23.010000 10 454
23.010000 11 666
23.010000 12 664
23.010000 13 666
23.010000 14 553
23.010000 15 663
23.010000 16 553
23.010000 17 551
24.010000 0 517
24.010000 1 623
24.010000 2 623
24.010000 3 624
24.010000 4 623
24.010000 5 623
24.010000 6 415
24.010000 7 623
24.010000 8 623
24.010000 9 623
24.010000 10 423
24.010000 11 623
24.010000 12 623
24.010000 13 623
24.010000 14 517
24.010000 15 624
24.010000 16 526
24.010000 17 517
25.010000 0 510
25.010000 1 611
25.010000 2 610
25.010000 3 609
25.010000 4 612
25.010000 5 612
25.010000 6 417
25.010000 7 612
25.010000 8 612
25.010000 9 612
25.010000 10 412
25.010000 11 612
25.010000 12 611
25.010000 13 612
25.010000 14 512
25.010000 15 611
25.010000 16 514
25.010000 17 510
26.010000 0 530
26.010000 1 636
26.010000 2 633
26.010000 3 636
26.010000 4 635
26.010000 5 635
26.010000 6 425
26.010000 7 635
26.010000 8 635
26.010000 9 635
26.010000 10 429
26.010000 11 635
26.010000 12 634
26.010000 13 635
26.010000 14 530
26.010000 15 634
26.010000 16 534
26.010000 17 530
27.010000 0 536
27.010000 1 658
27.010000 2 656
27.010000 3 655
27.010000 4 658
27.010000 5 658
27.010000 6 443
27.010000 7 658
27.010000 8 658
27.010000 9 658
27.010000 10 456
27.010000 11 658
27.010000 12 657
27.010000 13 658
27.010000 14 538
27.010000 15 657
27.010000 16 555
27.010000 17 536
