0.010000 0 0
0.010000 1 0
0.010000 2 0
0.010000 3 0
0.010000 4 0
0.010000 5 0
0.010000 6 0
0.010000 7 0
0.010000 8 0
0.010000 9 0
0.010000 10 0
0.010000 11 0
0.010000 12 0
1.010000 0 0
1.010000 1 0
1.010000 2 0
1.010000 3 0
1.010000 4 0
1.010000 5 0
1.010000 6 0
1.010000 7 0
1.010000 8 0
1.010000 9 0
1.010000 10 0
1.010000 11 0
1.010000 12 0
2.010000 0 0
2.010000 1 0
2.010000 2 0
2.010000 3 0
2.010000 4 0
2.010000 5 0
2.010000 6 0
2.010000 7 0
2.010000 8 0
2.010000 9 0
2.010000 10 0
2.010000 11 0
2.010000 12 0
3.010000 0 0
3.010000 1 0
3.010000 2 0
3.010000 3 0
3.010000 4 0
3.010000 5 0
3.010000 6 0
3.010000 7 0
3.010000 8 0
3.010000 9 0
3.010000 10 0
3.010000 11 0
3.010000 12 0
4.010000 0 0
4.010000 1 0
4.010000 2 0
4.010000 3 0
4.010000 4 0
4.010000 5 0
4.010000 6 0
4.010000 7 0
4.010000 8 0
4.010000 9 0
4.010000 10 0
4.010000 11 0
4.010000 12 0
5.010000 0 0
5.010000 1 0
5.010000 2 0
5.010000 3 0
5.010000 4 0
5.010000 5 0
5.010000 6 0
5.010000 7 0
5.010000 8 0
5.010000 9 0
5.010000 10 0
5.010000 11 0
5.010000 12 0
6.010000 0 0
6.010000 1 0
6.010000 2 0
6.010000 3 0
6.010000 4 0
6.010000 5 0
6.010000 6 0
6.010000 7 0
6.010000 8 0
6.010000 9 0
6.010000 10 0
6.010000 11 0
6.010000 12 0
7.010000 0 0
7.010000 1 0
7.010000 2 0
7.010000 3 0
7.010000 4 0
7.010000 5 0
7.010000 6 0
7.010000 7 0
7.010000 8 0
7.010000 9 0
7.010000 10 0
7.010000 11 0
7.010000 12 0
8.010000 0 0
8.010000 1 0
8.010000 2 0
8.010000 3 0
8.010000 4 0
8.010000 5 0
8.010000 6 0
8.010000 7 0
8.010000 8 0
8.010000 9 0
8.010000 10 0
8.010000 11 0
8.010000 12 0
9.010000 0 0
9.010000 1 0
9.010000 2 0
9.010000 3 0
9.010000 4 0
9.010000 5 0
9.010000 6 0
9.010000 7 0
9.010000 8 0
9.010000 9 0
9.010000 10 0
9.010000 11 0
9.010000 12 0
10.010000 0 0
10.010000 1 0
10.010000 2 0
10.010000 3 0
10.010000 4 0
10.010000 5 0
10.010000 6 0
10.010000 7 0
10.010000 8 0
10.010000 9 0
10.010000 10 0
10.010000 11 0
10.010000 12 0
11.010000 0 0
11.010000 1 0
11.010000 2 0
11.010000 3 0
11.010000 4 0
11.010000 5 0
11.010000 6 0
11.010000 7 0
11.010000 8 0
11.010000 9 0
11.010000 10 0
11.010000 11 0
11.010000 12 0
12.010000 0 0
12.010000 1 0
12.010000 2 0
12.010000 3 0
12.010000 4 0
12.010000 5 0
12.010000 6 0
12.010000 7 0
12.010000 8 0
12.010000 9 0
12.010000 10 0
12.010000 11 0
12.010000 12 0
13.010000 0 0
13.010000 1 0
13.010000 2 0
13.010000 3 0
13.010000 4 0
13.010000 5 0
13.010000 6 0
13.010000 7 0
13.010000 8 0
13.010000 9 0
13.010000 10 0
13.010000 11 0
13.010000 12 0
14.010000 0 0
14.010000 1 0
14.010000 2 0
14.010000 3 0
14.010000 4 0
14.010000 5 0
14.010000 6 0
14.010000 7 0
14.010000 8 0
14.010000 9 0
14.010000 10 0
14.010000 11 0
14.010000 12 0
15.010000 0 0
15.010000 1 1
15.010000 2 1
15.010000 3 1
15.010000 4 1
15.010000 5 1
15.010000 6 1
15.010000 7 1
15.010000 8 1
15.010000 9 1
15.010000 10 1
15.010000 11 0
15.010000 12 1
16.010000 0 492
16.010000 1 410
16.010000 2 606
16.010000 3 607
16.010000 4 603
16.010000 5 603
16.010000 6 607
16.010000 7 430
16.010000 8 603
16.010000 9 606
16.010000 10 516
16.010000 11 492
16.010000 12 603
17.010000 0 564
17.010000 1 451
17.010000 2 674
17.010000 3 674
17.010000 4 674
17.010000 5 674
17.010000 6 674
17.010000 7 447
17.010000 8 674
17.010000 9 674
17.010000 10 560
17.010000 11 564
17.010000 12 674
18.010000 0 535
18.010000 1 430
18.010000 2 644
18.010000 3 644
18.010000 4 644
18.010000 5 644
18.010000 6 644
18.010000 7 430
18.010000 8 644
18.010000 9 644
18.010000 10 537
18.010000 11 535
18.010000 12 644
19.010000 0 558
19.010000 1 441
19.010000 2 663
19.010000 3 663
19.010000 4 663
19.010000 5 663
19.010000 6 663
19.010000 7 436
19.010000 8 663
19.010000 9 663
19.010000 10 554
19.010000 11 558
19.010000 12 663
20.010000 0 537
20.010000 1 432
20.010000 2 637
20.010000 3 637
20.010000 4 637
20.010000 5 637
20.010000 6 637
20.010000 7 418
20.010000 8 637
20.010000 9 637
20.010000 10 524
20.010000 11 537
20.010000 12 637
21.010000 0 557
21.010000 1 444
21.010000 2 676
21.010000 3 676
21.010000 4 676
21.010000 5 676
21.010000 6 676
21.010000 7 457
21.010000 8 676
21.010000 9 676
21.010000 10 570
21.010000 11 557
21.010000 12 676
22.010000 0 534
22.010000 1 422
22.010000 2 644
22.010000 3 644
22.010000 4 644
22.010000 5 644
22.010000 6 644
22.010000 7 431
22.010000 8 644
22.010000 9 644
22.010000 10 545
22.010000 11 534
22.010000 12 644
23.010000 0 562
23.010000 1 456
23.010000 2 680
23.010000 3 680
23.010000 4 680
23.010000 5 680
23.010000 6 680
23.010000 7 457
23.010000 8 680
23.010000 9 680
23.010000 10 565
23.010000 11 562
23.010000 12 680
24.010000 0 537
24.010000 1 426
24.010000 2 638
24.010000 3 638
24.010000 4 638
24.010000 5 638
24.010000 6 638
24.010000 7 420
24.010000 8 638
24.010000 9 638
24.010000 10 531
24.010000 11 537
24.010000 12 638
25.010000 0 570
25.010000 1 457
25.010000 2 688
25.010000 3 688
25.010000 4 688
25.010000 5 688
25.010000 6 688
25.010000 7 462
25.010000 8 688
25.010000 9 688
25.010000 10 575
25.010000 11 570
25.010000 12 688
26.010000 0 533
26.010000 1 437
26.010000 2 642
26.010000 3 642
26.010000 4 642
26.010000 5 642
26.010000 6 642
26.010000 7 428
26.010000 8 642
26.010000 9 642
26.010000 10 528
26.010000 11 533
26.010000 12 642
27.010000 0 601
27.010000 1 480
27.010000 2 718
27.010000 3 718
27.010000 4 718
27.010000 5 718
27.010000 6 718
27.010000 7 475
27.010000 8 718
27.010000 9 718
27.010000 10 598
27.010000 11 601
27.010000 12 718
28.010000 0 540
28.010000 1 435
28.010000 2 648
28.010000 3 648
28.010000 4 648
28.010000 5 648
28.010000 6 648
28.010000 7 432
28.010000 8 648
28.010000 9 648
28.010000 10 537
28.010000 11 540
28.010000 12 648
29.010000 0 546
29.010000 1 435
29.010000 2 666
29.010000 3 666
29.010000 4 666
29.010000 5 666
29.010000 6 666
29.010000 7 453
29.010000 8 666
29.010000 9 666
29.010000 10 564
29.010000 11 546
29.010000 12 666
30.010000 0 539
30.010000 1 438
30.010000 2 644
30.010000 3 644
30.010000 4 644
30.010000 5 644
30.010000 6 644
30.010000 7 426
30.010000 8 644
30.010000 9 644
30.010000 10 529
30.010000 11 539
30.010000 12 644
31.010000 0 560
31.010000 1 447
31.010000 2 690
31.010000 3 690
31.010000 4 690
31.010000 5 690
31.010000 6 690
31.010000 7 476
31.010000 8 690
31.010000 9 690
31.010000 10 587
31.010000 11 560
31.010000 12 690
32.010000 0 545
32.010000 1 435
32.010000 2 638
32.010000 3 638
32.010000 4 638
32.010000 5 638
32.010000 6 638
32.010000 7 411
32.010000 8 638
32.010000 9 638
32.010000 10 523
32.010000 11 545
32.010000 12 638
33.010000 0 569
33.010000 1 457
33.010000 2 689
33.010000 3 689
33.010000 4 689
33.010000 5 689
33.010000 6 689
33.010000 7 464
33.010000 8 689
33.010000 9 689
33.010000 10 577
33.010000 11 569
33.010000 12 689
34.010000 0 517
34.010000 1 416
34.010000 2 620
34.010000 3 620
34.010000 4 620
34.010000 5 620
34.010000 6 620
34.010000 7 413
34.010000 8 620
34.010000 9 620
34.010000 10 514
34.010000 11 517
34.010000 12 620
35.010000 0 551
35.010000 1 438
35.010000 2 666
35.010000 3 666
35.010000 4 666
35.010000 5 666
35.010000 6 666
35.010000 7 448
35.010000 8 666
35.010000 9 666
35.010000 10 561
35.010000 11 551
35.010000 12 666
36.010000 0 562
36.010000 1 452
36.010000 2 663
36.010000 3 663
36.010000 4 663
36.010000 5 663
36.010000 6 663
36.010000 7 432
36.010000 8 663
36.010000 9 663
36.010000 10 543
36.010000 11 562
36.010000 12 663
37.010000 0 556
37.010000 1 446
37.010000 2 681
37.010000 3 681
37.010000 4 681
37.010000 5 681
37.010000 6 681
37.010000 7 464
37.010000 8 681
37.010000 9 681
37.010000 10 577
37.010000 11 556
37.010000 12 681
38.010000 0 569
38.010000 1 454
38.010000 2 670
38.010000 3 670
38.010000 4 670
38.010000 5 670
38.010000 6 670
38.010000 7 437
38.010000 8 670
38.010000 9 670
38.010000 10 550
38.010000 11 569
38.010000 12 670
39.010000 0 541
39.010000 1 437
39.010000 2 668
39.010000 3 668
39.010000 4 668
39.010000 5 668
39.010000 6 668
39.010000 7 460
39.010000 8 668
39.010000 9 668
39.010000 10 566
39.010000 11 541
39.010000 12 668
40.010000 0 554
40.010000 1 440
40.010000 2 670
40.010000 3 670
40.010000 4 670
40.010000 5 670
40.010000 6 670
40.010000 7 451
40.010000 8 670
40.010000 9 670
40.010000 10 565
40.010000 11 554
40.010000 12 670
41.010000 0 543
41.010000 1 442
41.010000 2 639
41.010000 3 639
41.010000 4 639
41.010000 5 639
41.010000 6 639
41.010000 7 415
41.010000 8 639
41.010000 9 639
41.010000 10 517
41.010000 11 543
41.010000 12 639
42.010000 0 534
42.010000 1 423
42.010000 2 648
42.010000 3 648
42.010000 4 648
42.010000 5 648
42.010000 6 648
42.010000 7 438
42.010000 8 648
42.010000 9 648
42.010000 10 549
42.010000 11 534
42.010000 12 648
43.010000 0 543
43.010000 1 429
43.010000 2 646
43.010000 3 646
43.010000 4 646
43.010000 5 646
43.010000 6 646
43.010000 7 427
43.010000 8 646
43.010000 9 646
43.010000 10 539
43.010000 11 543
43.010000 12 646
44.010000 0 558
44.010000 1 448
44.010000 2 673
44.010000 3 673
44.010000 4 673
44.010000 5 673
44.010000 6 673
44.010000 7 452
44.010000 8 673
44.010000 9 673
44.010000 10 561
44.010000 11 558
44.010000 12 673
45.010000 0 549
45.010000 1 442
45.010000 2 657
45.010000 3 657
45.010000 4 657
45.010000 5 657
45.010000 6 657
45.010000 7 436
45.010000 8 657
45.010000 9 657
45.010000 10 544
45.010000 11 549
45.010000 12 657
46.010000 0 551
46.010000 1 445
46.010000 2 659
46.010000 3 659
46.010000 4 659
46.010000 5 659
46.010000 6 659
46.010000 7 437
46.010000 8 659
46.010000 9 659
46.010000 10 544
46.010000 11 551
46.010000 12 659
47.010000 0 555
47.010000 1 442
47.010000 2 668
47.010000 3 668
47.010000 4 668
47.010000 5 668
47.010000 6 668
47.010000 7 447
47.010000 8 668
47.010000 9 668
47.010000 10 560
47.010000 11 555
47.010000 12 668
48.010000 0 580
48.010000 1 461
48.010000 2 684
48.010000 3 684
48.010000 4 684
48.010000 5 684
48.010000 6 684
48.010000 7 446
48.010000 8 684
48.010000 9 684
48.010000 10 565
48.010000 11 580
48.010000 12 684
49.010000 0 527
49.010000 1 425
49.010000 2 646
49.010000 3 646
49.010000 4 646
49.010000 5 646
49.010000 6 646
49.010000 7 443
49.010000 8 646
49.010000 9 646
49.010000 10 543
49.010000 11 527
49.010000 12 646
50.010000 0 544
50.010000 1 433
50.010000 2 643
50.010000 3 643
50.010000 4 643
50.010000 5 643
50.010000 6 643
50.010000 7 421
50.010000 8 643
50.010000 9 643
50.010000 10 531
50.010000 11 544
50.010000 12 643
51.010000 0 580
51.010000 1 467
51.010000 2 701
51.010000 3 701
51.010000 4 701
51.010000 5 701
51.010000 6 701
51.010000 7 471
51.010000 8 701
51.010000 9 701
51.010000 10 585
51.010000 11 580
51.010000 12 701
52.010000 0 545
52.010000 1 432
52.010000 2 651
52.010000 3 651
52.010000 4 651
52.010000 5 651
52.010000 6 651
52.010000 7 432
52.010000 8 651
52.010000 9 651
52.010000 10 544
52.010000 11 545
52.010000 12 651
53.010000 0 550
53.010000 1 445
53.010000 2 664
53.010000 3 664
53.010000 4 664
53.010000 5 664
53.010000 6 664
53.010000 7 445
53.010000 8 664
53.010000 9 664
53.010000 10 552
53.010000 11 550
53.010000 12 664
54.010000 0 536
54.010000 1 430
54.010000 2 636
54.010000 3 636
54.010000 4 636
54.010000 5 636
54.010000 6 636
54.010000 7 418
54.010000 8 636
54.010000 9 636
54.010000 10 524
54.010000 11 536
54.010000 12 636
55.010000 0 578
55.010000 1 458
55.010000 2 701
55.010000 3 701
55.010000 4 701
55.010000 5 701
55.010000 6 701
55.010000 7 474
55.010000 8 701
55.010000 9 701
55.010000 10 593
55.010000 11 578
55.010000 12 701
56.010000 0 536
56.010000 1 430
56.010000 2 639
56.010000 3 639
56.010000 4 639
56.010000 5 639
56.010000 6 639
56.010000 7 423
56.010000 8 639
56.010000 9 639
56.010000 10 528
56.010000 11 536
56.010000 12 639
57.010000 0 551
57.010000 1 444
57.010000 2 671
57.010000 3 671
57.010000 4 671
57.010000 5 671
57.010000 6 671
57.010000 7 455
57.010000 8 671
57.010000 9 671
57.010000 10 563
57.010000 11 551
57.010000 12 671
58.010000 0 567
58.010000 1 454
58.010000 2 674
58.010000 3 674
58.010000 4 674
58.010000 5 674
58.010000 6 674
58.010000 7 444
58.010000 8 674
58.010000 9 674
58.010000 10 557
58.010000 11 567
58.010000 12 674
59.010000 0 547
59.010000 1 441
59.010000 2 666
59.010000 3 666
59.010000 4 666
59.010000 5 666
59.010000 6 666
59.010000 7 451
59.010000 8 666
59.010000 9 666
59.010000 10 559
59.010000 11 547
59.010000 12 666
60.010000 0 538
60.010000 1 434
60.010000 2 642
60.010000 3 642
60.010000 4 642
60.010000 5 642
60.010000 6 642
60.010000 7 424
60.010000 8 642
60.010000 9 642
60.010000 10 530
60.010000 11 538
60.010000 12 642
61.010000 0 568
61.010000 1 457
61.010000 2 692
61.010000 3 692
61.010000 4 692
61.010000 5 692
61.010000 6 692
61.010000 7 470
61.010000 8 692
61.010000 9 692
61.010000 10 581
61.010000 11 568
61.010000 12 692
62.010000 0 553
62.010000 1 439
62.010000 2 646
62.010000 3 646
62.010000 4 646
62.010000 5 646
62.010000 6 646
62.010000 7 417
62.010000 8 646
62.010000 9 646
62.010000 10 529
62.010000 11 553
62.010000 12 646
63.010000 0 532
63.010000 1 423
63.010000 2 644
63.010000 3 644
63.010000 4 644
63.010000 5 644
63.010000 6 644
63.010000 7 434
63.010000 8 644
63.010000 9 644
63.010000 10 543
63.010000 11 532
63.010000 12 644
64.010000 0 540
64.010000 1 437
64.010000 2 649
64.010000 3 649
64.010000 4 649
64.010000 5 649
64.010000 6 649
64.010000 7 432
64.010000 8 649
64.010000 9 649
64.010000 10 538
64.010000 11 540
64.010000 12 649
65.010000 0 540
65.010000 1 429
65.010000 2 650
65.010000 3 650
65.010000 4 650
65.010000 5 650
65.010000 6 650
65.010000 7 435
65.010000 8 650
65.010000 9 650
65.010000 10 546
65.010000 11 540
65.010000 12 650
66.010000 0 572
66.010000 1 464
66.010000 2 680
66.010000 3 680
66.010000 4 680
66.010000 5 680
66.010000 6 680
66.010000 7 449
66.010000 8 680
66.010000 9 680
66.010000 10 555
66.010000 11 572
66.010000 12 680
67.010000 0 548
67.010000 1 435
67.010000 2 664
67.010000 3 664
67.010000 4 664
67.010000 5 664
67.010000 6 664
67.010000 7 447
67.010000 8 664
67.010000 9 664
67.010000 10 562
67.010000 11 548
67.010000 12 664
68.010000 0 597
68.010000 1 484
68.010000 2 723
68.010000 3 723
68.010000 4 723
68.010000 5 723
68.010000 6 723
68.010000 7 486
68.010000 8 723
68.010000 9 723
68.010000 10 602
68.010000 11 597
68.010000 12 723
69.010000 0 522
69.010000 1 421
69.010000 2 627
69.010000 3 627
69.010000 4 627
69.010000 5 627
69.010000 6 627
69.010000 7 417
69.010000 8 627
69.010000 9 627
69.010000 10 521
69.010000 11 522
69.010000 12 627
70.010000 0 555
70.010000 1 442
70.010000 2 658
70.010000 3 658
70.010000 4 658
70.010000 5 658
70.010000 6 658
70.010000 7 432
70.010000 8 658
70.010000 9 658
70.010000 10 545
70.010000 11 555
70.010000 12 658
71.010000 0 551
71.010000 1 441
71.010000 2 660
71.010000 3 660
71.010000 4 660
71.010000 5 660
71.010000 6 660
71.010000 7 439
71.010000 8 660
71.010000 9 660
71.010000 10 549
71.010000 11 551
71.010000 12 660
72.010000 0 541
72.010000 1 435
72.010000 2 659
72.010000 3 659
72.010000 4 659
72.010000 5 659
72.010000 6 659
72.010000 7 446
72.010000 8 659
72.010000 9 659
72.010000 10 555
72.010000 11 541
72.010000 12 659
73.010000 0 550
73.010000 1 441
73.010000 2 661
73.010000 3 661
73.010000 4 661
73.010000 5 661
73.010000 6 661
73.010000 7 441
73.010000 8 661
73.010000 9 661
73.010000 10 551
73.010000 11 550
73.010000 12 661
74.010000 0 528
74.010000 1 425
74.010000 2 634
74.010000 3 634
74.010000 4 634
74.010000 5 634
74.010000 6 634
74.010000 7 423
74.010000 8 634
74.010000 9 634
74.010000 10 526
74.010000 11 528
74.010000 12 634
75.010000 0 573
75.010000 1 457
75.010000 2 692
75.010000 3 692
75.010000 4 692
75.010000 5 692
75.010000 6 692
75.010000 7 465
75.010000 8 692
75.010000 9 692
75.010000 10 581
75.010000 11 573
75.010000 12 692
76.010000 0 545
76.010000 1 432
76.010000 2 653
76.010000 3 653
76.010000 4 653
76.010000 5 653
76.010000 6 653
76.010000 7 435
76.010000 8 653
76.010000 9 653
76.010000 10 547
76.010000 11 545
76.010000 12 653
77.010000 0 549
77.010000 1 440
77.010000 2 659
77.010000 3 659
77.010000 4 659
77.010000 5 659
77.010000 6 659
77.010000 7 439
77.010000 8 659
77.010000 9 659
77.010000 10 549
77.010000 11 549
77.010000 12 659
78.010000 0 553
78.010000 1 443
78.010000 2 658
78.010000 3 658
78.010000 4 658
78.010000 5 658
78.010000 6 658
78.010000 7 434
78.010000 8 658
78.010000 9 658
78.010000 10 544
78.010000 11 553
78.010000 12 658
79.010000 0 538
79.010000 1 427
79.010000 2 658
79.010000 3 658
79.010000 4 658
79.010000 5 658
79.010000 6 658
79.010000 7 450
79.010000 8 658
79.010000 9 658
79.010000 10 559
79.010000 11 538
79.010000 12 658
80.010000 0 582
80.010000 1 471
80.010000 2 693
80.010000 3 693
80.010000 4 693
80.010000 5 693
80.010000 6 693
80.010000 7 456
80.010000 8 693
80.010000 9 693
80.010000 10 570
80.010000 11 582
80.010000 12 693
81.010000 0 527
81.010000 1 421
81.010000 2 637
81.010000 3 637
81.010000 4 637
81.010000 5 637
81.010000 6 637
81.010000 7 429
81.010000 8 637
81.010000 9 637
81.010000 10 534
81.010000 11 527
81.010000 12 637
82.010000 0 539
82.010000 1 433
82.010000 2 647
82.010000 3 647
82.010000 4 647
82.010000 5 647
82.010000 6 647
82.010000 7 431
82.010000 8 647
82.010000 9 647
82.010000 10 538
82.010000 11 539
82.010000 12 647
83.010000 0 571
83.010000 1 458
83.010000 2 692
83.010000 3 692
83.010000 4 692
83.010000 5 692
83.010000 6 692
83.010000 7 467
83.010000 8 692
83.010000 9 692
83.010000 10 580
83.010000 11 571
83.010000 12 692
84.010000 0 583
84.010000 1 468
84.010000 2 694
84.010000 3 694
84.010000 4 694
84.010000 5 694
84.010000 6 694
84.010000 7 457
84.010000 8 694
84.010000 9 694
84.010000 10 574
84.010000 11 583
84.010000 12 694
85.010000 0 522
85.010000 1 424
85.010000 2 643
85.010000 3 643
85.010000 4 643
85.010000 5 643
85.010000 6 643
85.010000 7 442
85.010000 8 643
85.010000 9 643
85.010000 10 541
85.010000 11 522
85.010000 12 643
86.010000 0 548
86.010000 1 439
86.010000 2 667
86.010000 3 667
86.010000 4 667
86.010000 5 667
86.010000 6 667
86.010000 7 451
86.010000 8 667
86.010000 9 667
86.010000 10 563
86.010000 11 548
86.010000 12 667
87.010000 0 527
87.010000 1 418
87.010000 2 617
87.010000 3 617
87.010000 4 617
87.010000 5 617
87.010000 6 617
87.010000 7 398
87.010000 8 617
87.010000 9 617
87.010000 10 508
87.010000 11 527
87.010000 12 617
88.010000 0 552
88.010000 1 444
88.010000 2 662
88.010000 3 662
88.010000 4 662
88.010000 5 662
88.010000 6 662
88.010000 7 442
88.010000 8 662
88.010000 9 662
88.010000 10 548
88.010000 11 552
88.010000 12 662
89.010000 0 577
89.010000 1 459
89.010000 2 694
89.010000 3 694
89.010000 4 694
89.010000 5 694
89.010000 6 694
89.010000 7 463
89.010000 8 694
89.010000 9 694
89.010000 10 583
89.010000 11 577
89.010000 12 694
90.010000 0 563
90.010000 1 454
90.010000 2 670
90.010000 3 670
90.010000 4 670
90.010000 5 670
90.010000 6 670
90.010000 7 442
90.010000 8 670
90.010000 9 670
90.010000 10 551
90.010000 11 563
90.010000 12 670
91.010000 0 552
91.010000 1 442
91.010000 2 662
91.010000 3 662
91.010000 4 662
91.010000 5 662
91.010000 6 662
91.010000 7 441
91.010000 8 662
91.010000 9 662
91.010000 10 551
91.010000 11 552
91.010000 12 662
92.010000 0 543
92.010000 1 439
92.010000 2 665
92.010000 3 665
92.010000 4 665
92.010000 5 665
92.010000 6 665
92.010000 7 454
92.010000 8 665
92.010000 9 665
92.010000 10 559
92.010000 11 543
92.010000 12 665
93.010000 0 552
93.010000 1 433
93.010000 2 650
93.010000 3 650
93.010000 4 650
93.010000 5 650
93.010000 6 650
93.010000 7 423
93.010000 8 650
93.010000 9 650
93.010000 10 542
93.010000 11 552
93.010000 12 650
94.010000 0 551
94.010000 1 447
94.010000 2 660
94.010000 3 660
94.010000 4 660
94.010000 5 660
94.010000 6 660
94.010000 7 440
94.010000 8 660
94.010000 9 660
94.010000 10 542
94.010000 11 551
94.010000 12 660
95.010000 0 542
95.010000 1 433
95.010000 2 655
95.010000 3 655
95.010000 4 655
95.010000 5 655
95.010000 6 655
95.010000 7 439
95.010000 8 655
95.010000 9 655
95.010000 10 551
95.010000 11 542
95.010000 12 655
96.010000 0 561
96.010000 1 446
96.010000 2 669
96.010000 3 669
96.010000 4 669
96.010000 5 669
96.010000 6 669
96.010000 7 444
96.010000 8 669
96.010000 9 669
96.010000 10 556
96.010000 11 561
96.010000 12 669
97.010000 0 548
97.010000 1 439
97.010000 2 663
97.010000 3 663
97.010000 4 663
97.010000 5 663
97.010000 6 663
97.010000 7 446
97.010000 8 663
97.010000 9 663
97.010000 10 556
97.010000 11 548
97.010000 12 663
98.010000 0 549
98.010000 1 438
98.010000 2 661
98.010000 3 661
98.010000 4 661
98.010000 5 661
98.010000 6 661
98.010000 7 442
98.010000 8 661
98.010000 9 661
98.010000 10 554
98.010000 11 549
98.010000 12 661
99.010000 0 567
99.010000 1 459
99.010000 2 680
99.010000 3 680
99.010000 4 680
99.010000 5 680
99.010000 6 680
99.010000 7 453
99.010000 8 680
99.010000 9 680
99.010000 10 561
99.010000 11 567
99.010000 12 680
100.010000 0 541
100.010000 1 428
100.010000 2 652
100.010000 3 652
100.010000 4 652
100.010000 5 652
100.010000 6 652
100.010000 7 437
100.010000 8 652
100.010000 9 652
100.010000 10 550
100.010000 11 541
100.010000 12 652
101.010000 0 558
101.010000 1 446
101.010000 2 662
101.010000 3 662
101.010000 4 662
101.010000 5 662
101.010000 6 662
101.010000 7 436
101.010000 8 662
101.010000 9 662
101.010000 10 546
101.010000 11 558
101.010000 12 662
102.010000 0 557
102.010000 1 444
102.010000 2 676
102.010000 3 676
102.010000 4 676
102.010000 5 676
102.010000 6 676
102.010000 7 457
102.010000 8 676
102.010000 9 676
102.010000 10 570
102.010000 11 557
102.010000 12 676
103.010000 0 550
103.010000 1 444
103.010000 2 655
103.010000 3 655
103.010000 4 655
103.010000 5 655
103.010000 6 655
103.010000 7 432
103.010000 8 655
103.010000 9 655
103.010000 10 539
103.010000 11 550
103.010000 12 655
104.010000 0 541
104.010000 1 435
104.010000 2 654
104.010000 3 654
104.010000 4 654
104.010000 5 654
104.010000 6 654
104.010000 7 440
104.010000 8 654
104.010000 9 654
104.010000 10 546
104.010000 11 541
104.010000 12 654
105.010000 0 561
105.010000 1 451
105.010000 2 677
105.010000 3 677
105.010000 4 677
105.010000 5 677
105.010000 6 677
105.010000 7 455
105.010000 8 677
105.010000 9 677
105.010000 10 564
105.010000 11 561
105.010000 12 677
106.010000 0 534
106.010000 1 425
106.010000 2 640
106.010000 3 640
106.010000 4 640
106.010000 5 640
106.010000 6 640
106.010000 7 425
106.010000 8 640
106.010000 9 640
106.010000 10 536
106.010000 11 534
106.010000 12 640
107.010000 0 542
107.010000 1 432
107.010000 2 649
107.010000 3 649
107.010000 4 649
107.010000 5 649
107.010000 6 649
107.010000 7 432
107.010000 8 649
107.010000 9 649
107.010000 10 541
107.010000 11 542
107.010000 12 649
108.010000 0 569
108.010000 1 457
108.010000 2 682
108.010000 3 682
108.010000 4 682
108.010000 5 682
108.010000 6 682
108.010000 7 453
108.010000 8 682
108.010000 9 682
108.010000 10 567
108.010000 11 569
108.010000 12 682
109.010000 0 569
109.010000 1 456
109.010000 2 676
109.010000 3 676
109.010000 4 676
109.010000 5 676
109.010000 6 676
109.010000 7 444
109.010000 8 676
109.010000 9 676
109.010000 10 559
109.010000 11 569
109.010000 12 676
110.010000 0 535
110.010000 1 431
110.010000 2 647
110.010000 3 647
110.010000 4 647
110.010000 5 647
110.010000 6 647
110.010000 7 435
110.010000 8 647
110.010000 9 647
110.010000 10 540
110.010000 11 535
110.010000 12 647
111.010000 0 575
111.010000 1 460
111.010000 2 692
111.010000 3 692
111.010000 4 692
111.010000 5 692
111.010000 6 692
111.010000 7 464
111.010000 8 692
111.010000 9 692
111.010000 10 577
111.010000 11 575
111.010000 12 692
112.010000 0 536
112.010000 1 431
112.010000 2 641
112.010000 3 641
112.010000 4 641
112.010000 5 641
112.010000 6 641
112.010000 7 425
112.010000 8 641
112.010000 9 641
112.010000 10 531
112.010000 11 536
112.010000 12 641
113.010000 0 552
113.010000 1 435
113.010000 2 663
113.010000 3 663
113.010000 4 663
113.010000 5 663
113.010000 6 663
113.010000 7 443
113.010000 8 663
113.010000 9 663
113.010000 10 559
113.010000 11 552
113.010000 12 663
114.010000 0 558
114.010000 1 454
114.010000 2 681
114.010000 3 681
114.010000 4 681
114.010000 5 681
114.010000 6 681
114.010000 7 464
114.010000 8 681
114.010000 9 681
114.010000 10 567
114.010000 11 558
114.010000 12 681
115.010000 0 544
115.010000 1 428
115.010000 2 642
115.010000 3 642
115.010000 4 642
115.010000 5 642
115.010000 6 642
115.010000 7 419
115.010000 8 642
115.010000 9 642
115.010000 10 535
115.010000 11 544
115.010000 12 642
116.010000 0 562
116.010000 1 453
116.010000 2 669
116.010000 3 669
116.010000 4 669
116.010000 5 669
116.010000 6 669
116.010000 7 440
116.010000 8 669
116.010000 9 669
116.010000 10 552
116.010000 11 562
116.010000 12 669
117.010000 0 558
117.010000 1 444
117.010000 2 678
117.010000 3 678
117.010000 4 678
117.010000 5 678
117.010000 6 678
117.010000 7 459
117.010000 8 678
117.010000 9 678
117.010000 10 573
117.010000 11 558
117.010000 12 678
118.010000 0 560
118.010000 1 447
118.010000 2 669
118.010000 3 669
118.010000 4 669
118.010000 5 669
118.010000 6 669
118.010000 7 444
118.010000 8 669
118.010000 9 669
118.010000 10 556
118.010000 11 560
118.010000 12 669
119.010000 0 548
119.010000 1 440
119.010000 2 662
119.010000 3 662
119.010000 4 662
119.010000 5 662
119.010000 6 662
119.010000 7 444
119.010000 8 662
119.010000 9 662
119.010000 10 554
119.010000 11 548
119.010000 12 662
120.010000 0 544
120.010000 1 438
120.010000 2 655
120.010000 3 655
120.010000 4 655
120.010000 5 655
120.010000 6 655
120.010000 7 437
120.010000 8 655
120.010000 9 655
120.010000 10 546
120.010000 11 544
120.010000 12 655
121.010000 0 553
121.010000 1 442
121.010000 2 659
121.010000 3 659
121.010000 4 659
121.010000 5 659
121.010000 6 659
121.010000 7 436
121.010000 8 659
121.010000 9 659
121.010000 10 546
121.010000 11 553
121.010000 12 659
122.010000 0 552
122.010000 1 445
122.010000 2 659
122.010000 3 659
122.010000 4 659
122.010000 5 659
122.010000 6 659
122.010000 7 436
122.010000 8 659
122.010000 9 659
122.010000 10 544
122.010000 11 552
122.010000 12 659
123.010000 0 537
123.010000 1 427
123.010000 2 653
123.010000 3 653
123.010000 4 653
123.010000 5 653
123.010000 6 653
123.010000 7 443
123.010000 8 653
123.010000 9 653
123.010000 10 552
123.010000 11 537
123.010000 12 653
124.010000 0 562
124.010000 1 450
124.010000 2 672
124.010000 3 672
124.010000 4 672
124.010000 5 672
124.010000 6 672
124.010000 7 446
124.010000 8 672
124.010000 9 672
124.010000 10 558
124.010000 11 562
124.010000 12 672
125.010000 0 550
125.010000 1 445
125.010000 2 664
125.010000 3 664
125.010000 4 664
125.010000 5 664
125.010000 6 664
125.010000 7 445
125.010000 8 664
125.010000 9 664
125.010000 10 552
125.010000 11 550
125.010000 12 664
126.010000 0 557
126.010000 1 442
126.010000 2 670
126.010000 3 670
126.010000 4 670
126.010000 5 670
126.010000 6 670
126.010000 7 448
126.010000 8 670
126.010000 9 670
126.010000 10 563
126.010000 11 557
126.010000 12 670
127.010000 0 542
127.010000 1 438
127.010000 2 653
127.010000 3 653
127.010000 4 653
127.010000 5 653
127.010000 6 653
127.010000 7 436
127.010000 8 653
127.010000 9 653
127.010000 10 543
127.010000 11 542
127.010000 12 653
128.010000 0 545
128.010000 1 436
128.010000 2 659
128.010000 3 659
128.010000 4 659
128.010000 5 659
128.010000 6 659
128.010000 7 444
128.010000 8 659
128.010000 9 659
128.010000 10 552
128.010000 11 545
128.010000 12 659
129.010000 0 530
129.010000 1 427
129.010000 2 628
129.010000 3 628
129.010000 4 628
129.010000 5 628
129.010000 6 628
129.010000 7 413
129.010000 8 628
129.010000 9 628
129.010000 10 514
129.010000 11 530
129.010000 12 628
130.010000 0 592
130.010000 1 476
130.010000 2 705
130.010000 3 705
130.010000 4 705
130.010000 5 705
130.010000 6 705
130.010000 7 465
130.010000 8 705
130.010000 9 705
130.010000 10 582
130.010000 11 592
130.010000 12 705
131.010000 0 565
131.010000 1 446
131.010000 2 686
131.010000 3 686
131.010000 4 686
131.010000 5 686
131.010000 6 686
131.010000 7 464
131.010000 8 686
131.010000 9 686
131.010000 10 583
131.010000 11 565
131.010000 12 686
132.010000 0 544
132.010000 1 433
132.010000 2 648
132.010000 3 648
132.010000 4 648
132.010000 5 648
132.010000 6 648
132.010000 7 428
132.010000 8 648
132.010000 9 648
132.010000 10 539
132.010000 11 544
132.010000 12 648
133.010000 0 544
133.010000 1 439
133.010000 2 662
133.010000 3 662
133.010000 4 662
133.010000 5 662
133.010000 6 662
133.010000 7 449
133.010000 8 662
133.010000 9 662
133.010000 10 554
133.010000 11 544
133.010000 12 662
134.010000 0 537
134.010000 1 430
134.010000 2 640
134.010000 3 640
134.010000 4 640
134.010000 5 640
134.010000 6 640
134.010000 7 423
134.010000 8 640
134.010000 9 640
134.010000 10 530
134.010000 11 537
134.010000 12 640
135.010000 0 593
135.010000 1 477
135.010000 2 710
135.010000 3 710
135.010000 4 710
135.010000 5 710
135.010000 6 710
135.010000 7 471
135.010000 8 710
135.010000 9 710
135.010000 10 589
135.010000 11 593
135.010000 12 710
136.010000 0 521
136.010000 1 420
136.010000 2 633
136.010000 3 633
136.010000 4 633
136.010000 5 633
136.010000 6 633
136.010000 7 427
136.010000 8 633
136.010000 9 633
136.010000 10 531
136.010000 11 521
136.010000 12 633
137.010000 0 554
137.010000 1 438
137.010000 2 658
137.010000 3 658
137.010000 4 658
137.010000 5 658
137.010000 6 658
137.010000 7 433
137.010000 8 658
137.010000 9 658
137.010000 10 549
137.010000 11 554
137.010000 12 658
138.010000 0 538
138.010000 1 435
138.010000 2 642
138.010000 3 642
138.010000 4 642
138.010000 5 642
138.010000 6 642
138.010000 7 425
138.010000 8 642
138.010000 9 642
138.010000 10 528
138.010000 11 538
138.010000 12 642
139.010000 0 564
139.010000 1 449
139.010000 2 686
139.010000 3 686
139.010000 4 686
139.010000 5 686
139.010000 6 686
139.010000 7 465
139.010000 8 686
139.010000 9 686
139.010000 10 580
139.010000 11 564
139.010000 12 686
140.010000 0 548
140.010000 1 438
140.010000 2 659
140.010000 3 659
140.010000 4 659
140.010000 5 659
140.010000 6 659
140.010000 7 441
140.010000 8 659
140.010000 9 659
140.010000 10 550
140.010000 11 548
140.010000 12 659
141.010000 0 567
141.010000 1 458
141.010000 2 679
141.010000 3 679
141.010000 4 679
141.010000 5 679
141.010000 6 679
141.010000 7 451
141.010000 8 679
141.010000 9 679
141.010000 10 561
141.010000 11 567
141.010000 12 679
142.010000 0 537
142.010000 1 424
142.010000 2 644
142.010000 3 644
142.010000 4 644
142.010000 5 644
142.010000 6 644
142.010000 7 429
142.010000 8 644
142.010000 9 644
142.010000 10 542
142.010000 11 537
142.010000 12 644
143.010000 0 581
143.010000 1 470
143.010000 2 700
143.010000 3 700
143.010000 4 700
143.010000 5 700
143.010000 6 700
143.010000 7 468
143.010000 8 700
143.010000 9 700
143.010000 10 581
143.010000 11 581
143.010000 12 700
144.010000 0 542
144.010000 1 436
144.010000 2 652
144.010000 3 652
144.010000 4 652
144.010000 5 652
144.010000 6 652
144.010000 7 436
144.010000 8 652
144.010000 9 652
144.010000 10 542
144.010000 11 542
144.010000 12 652
145.010000 0 543
145.010000 1 432
145.010000 2 659
145.010000 3 659
145.010000 4 659
145.010000 5 659
145.010000 6 659
145.010000 7 445
145.010000 8 659
145.010000 9 659
145.010000 10 557
145.010000 11 543
145.010000 12 659
146.010000 0 538
146.010000 1 429
146.010000 2 642
146.010000 3 642
146.010000 4 642
146.010000 5 642
146.010000 6 642
146.010000 7 426
146.010000 8 642
146.010000 9 642
146.010000 10 533
146.010000 11 538
146.010000 12 642
147.010000 0 543
147.010000 1 437
147.010000 2 644
147.010000 3 644
147.010000 4 644
147.010000 5 644
147.010000 6 644
147.010000 7 422
147.010000 8 644
147.010000 9 644
147.010000 10 530
147.010000 11 543
147.010000 12 644
148.010000 0 554
148.010000 1 439
148.010000 2 678
148.010000 3 678
148.010000 4 678
148.010000 5 678
148.010000 6 678
148.010000 7 463
148.010000 8 678
148.010000 9 678
148.010000 10 578
148.010000 11 554
148.010000 12 678
149.010000 0 563
149.010000 1 456
149.010000 2 663
149.010000 3 663
149.010000 4 663
149.010000 5 663
149.010000 6 663
149.010000 7 432
149.010000 8 663
149.010000 9 663
149.010000 10 538
149.010000 11 563
149.010000 12 663
