0.010000 0 6
0.010000 1 6
0.010000 2 2
0.010000 3 6
0.010000 4 6
0.010000 5 4
0.010000 6 6
0.010000 7 6
0.010000 8 6
0.010000 9 5
0.010000 10 6
0.010000 11 6
0.010000 12 4
0.010000 13 6
0.010000 14 6
0.010000 15 3
0.010000 16 6
0.010000 17 6
0.010000 18 6
0.010000 19 4
0.010000 20 6
0.010000 21 6
0.010000 22 6
0.010000 23 6
0.010000 24 6
1.010000 0 21
1.010000 1 24
1.010000 2 21
1.010000 3 23
1.010000 4 24
1.010000 5 23
1.010000 6 24
1.010000 7 24
1.010000 8 24
1.010000 9 24
1.010000 10 24
1.010000 11 24
1.010000 12 23
1.010000 13 24
1.010000 14 23
1.010000 15 22
1.010000 16 24
1.010000 17 22
1.010000 18 23
1.010000 19 23
1.010000 20 24
1.010000 21 24
1.010000 22 24
1.010000 23 24
1.010000 24 24
2.010000 0 21
2.010000 1 25
2.010000 2 25
2.010000 3 23
2.010000 4 24
2.010000 5 26
2.010000 6 25
2.010000 7 24
2.010000 8 24
2.010000 9 26
2.010000 10 25
2.010000 11 25
2.010000 12 25
2.010000 13 24
2.010000 14 24
2.010000 15 26
2.010000 16 24
2.010000 17 22
2.010000 18 24
2.010000 19 26
2.010000 20 25
2.010000 21 25
2.010000 22 25
2.010000 23 25
2.010000 24 25
3.010000 0 22
3.010000 1 24
3.010000 2 18
3.010000 3 24
3.010000 4 25
3.010000 5 21
3.010000 6 24
3.010000 7 25
3.010000 8 24
3.010000 9 24
3.010000 10 24
3.010000 11 24
3.010000 12 22
3.010000 13 25
3.010000 14 23
3.010000 15 19
3.010000 16 25
3.010000 17 23
3.010000 18 23
3.010000 19 21
3.010000 20 23
3.010000 21 24
3.010000 22 24
3.010000 23 24
3.010000 24 24
4.010000 0 19
4.010000 1 22
4.010000 2 20
4.010000 3 21
4.010000 4 22
4.010000 5 22
4.010000 6 22
4.010000 7 22
4.010000 8 23
4.010000 9 21
4.010000 10 22
4.010000 11 22
4.010000 12 21
4.010000 13 22
4.010000 14 21
4.010000 15 21
4.010000 16 22
4.010000 17 20
4.010000 18 21
4.010000 19 22
4.010000 20 23
4.010000 21 21
4.010000 22 22
4.010000 23 22
4.010000 24 22
5.010000 0 22
5.010000 1 27
5.010000 2 27
5.010000 3 24
5.010000 4 27
5.010000 5 27
5.010000 6 26
5.010000 7 26
5.010000 8 26
5.010000 9 27
5.010000 10 27
5.010000 11 26
5.010000 12 28
5.010000 13 27
5.010000 14 25
5.010000 15 27
5.010000 16 27
5.010000 17 22
5.010000 18 25
5.010000 19 27
5.010000 20 27
5.010000 21 28
5.010000 22 27
5.010000 23 27
5.010000 24 27
6.010000 0 21
6.010000 1 23
6.010000 2 16
6.010000 3 24
6.010000 4 23
6.010000 5 20
6.010000 6 24
6.010000 7 24
6.010000 8 24
6.010000 9 24
6.010000 10 23
6.010000 11 24
6.010000 12 20
6.010000 13 23
6.010000 14 23
6.010000 15 18
6.010000 16 23
6.010000 17 24
6.010000 18 22
6.010000 19 20
6.010000 20 22
6.010000 21 23
6.010000 22 23
6.010000 23 23
6.010000 24 23
7.010000 0 20
7.010000 1 22
7.010000 2 23
7.010000 3 21
7.010000 4 22
7.010000 5 23
7.010000 6 22
7.010000 7 22
7.010000 8 22
7.010000 9 22
7.010000 10 22
7.010000 11 21
7.010000 12 23
7.010000 13 21
7.010000 14 21
7.010000 15 23
7.010000 16 22
7.010000 17 20
7.010000 18 22
7.010000 19 23
7.010000 20 23
7.010000 21 21
7.010000 22 21
7.010000 23 22
7.010000 24 21
8.010000 0 20
8.010000 1 25
8.010000 2 23
8.010000 3 23
8.010000 4 26
8.010000 5 25
8.010000 6 26
8.010000 7 26
8.010000 8 26
8.010000 9 26
8.010000 10 26
8.010000 11 27
8.010000 12 25
8.010000 13 26
8.010000 14 24
8.010000 15 24
8.010000 16 26
8.010000 17 21
8.010000 18 23
8.010000 19 25
8.010000 20 25
8.010000 21 27
8.010000 22 27
8.010000 23 26
8.010000 24 27
9.010000 0 23
9.010000 1 23
9.010000 2 20
9.010000 3 24
9.010000 4 23
9.010000 5 21
9.010000 6 23
9.010000 7 23
9.010000 8 22
9.010000 9 22
9.010000 10 22
9.010000 11 23
9.010000 12 22
9.010000 13 24
9.010000 14 23
9.010000 15 20
9.010000 16 23
9.010000 17 24
9.010000 18 24
9.010000 19 22
9.010000 20 24
9.010000 21 23
9.010000 22 23
9.010000 23 22
9.010000 24 23
10.010000 0 20
10.010000 1 24
10.010000 2 20
10.010000 3 22
10.010000 4 23
10.010000 5 23
10.010000 6 23
10.010000 7 23
10.010000 8 24
10.010000 9 23
10.010000 10 23
10.010000 11 23
10.010000 12 22
10.010000 13 22
10.010000 14 22
10.010000 15 22
10.010000 16 23
10.010000 17 21
10.010000 18 22
10.010000 19 22
10.010000 20 23
10.010000 21 22
10.010000 22 23
10.010000 23 23
10.010000 24 23
11.010000 0 19
11.010000 1 25
11.010000 2 22
11.010000 3 22
11.010000 4 25
11.010000 5 24
11.010000 6 25
11.010000 7 25
11.010000 8 24
11.010000 9 26
11.010000 10 26
11.010000 11 24
11.010000 12 24
11.010000 13 26
11.010000 14 23
11.010000 15 23
11.010000 16 25
11.010000 17 20
11.010000 18 22
11.010000 19 24
11.010000 20 25
11.010000 21 26
11.010000 22 25
11.010000 23 26
11.010000 24 25
12.010000 0 26
12.010000 1 26
12.010000 2 20
12.010000 3 27
12.010000 4 26
12.010000 5 23
12.010000 6 26
12.010000 7 25
12.010000 8 27
12.010000 9 26
12.010000 10 26
12.010000 11 27
12.010000 12 23
12.010000 13 25
12.010000 14 26
12.010000 15 21
12.010000 16 25
12.010000 17 27
12.010000 18 27
12.010000 19 24
12.010000 20 26
12.010000 21 25
12.010000 22 26
12.010000 23 26
12.010000 24 26
13.010000 0 18
13.010000 1 21
13.010000 2 20
13.010000 3 20
13.010000 4 21
13.010000 5 20
13.010000 6 20
13.010000 7 21
13.010000 8 21
13.010000 9 20
13.010000 10 21
13.010000 11 21
13.010000 12 22
13.010000 13 22
13.010000 14 20
13.010000 15 20
13.010000 16 22
13.010000 17 19
13.010000 18 20
13.010000 19 21
13.010000 20 21
13.010000 21 22
13.010000 22 21
13.010000 23 21
13.010000 24 21
14.010000 0 22
14.010000 1 25
14.010000 2 19
14.010000 3 24
14.010000 4 25
14.010000 5 24
14.010000 6 26
14.010000 7 26
14.010000 8 25
14.010000 9 26
14.010000 10 25
14.010000 11 25
14.010000 12 22
14.010000 13 25
14.010000 14 24
14.010000 15 22
14.010000 16 24
14.010000 17 23
14.010000 18 24
14.010000 19 22
14.010000 20 25
14.010000 21 25
14.010000 22 25
14.010000 23 25
14.010000 24 25
15.010000 0 18
15.010000 1 26
15.010000 2 27
15.010000 3 23
15.010000 4 26
15.010000 5 27
15.010000 6 26
15.010000 7 26
15.010000 8 26
15.010000 9 26
15.010000 10 26
15.010000 11 25
15.010000 12 27
15.010000 13 25
15.010000 14 22
15.010000 15 27
15.010000 16 27
15.010000 17 20
15.010000 18 22
15.010000 19 27
15.010000 20 26
15.010000 21 26
15.010000 22 26
15.010000 23 26
15.010000 24 26
16.010000 0 630
16.010000 1 607
16.010000 2 626
16.010000 3 613
16.010000 4 616
16.010000 5 656
16.010000 6 660
16.010000 7 556
16.010000 8 660
16.010000 9 660
16.010000 10 525
16.010000 11 661
16.010000 12 656
16.010000 13 661
16.010000 14 637
16.010000 15 652
16.010000 16 660
16.010000 17 589
16.010000 18 637
16.010000 19 634
16.010000 20 660
16.010000 21 607
16.010000 22 566
16.010000 23 660
16.010000 24 660
17.010000 0 575
17.010000 1 596
17.010000 2 582
17.010000 3 555
17.010000 4 556
17.010000 5 596
17.010000 6 596
17.010000 7 595
17.010000 8 597
17.010000 9 597
17.010000 10 354
17.010000 11 597
17.010000 12 596
17.010000 13 597
17.010000 14 576
17.010000 15 595
17.010000 16 597
17.010000 17 534
17.010000 18 576
17.010000 19 584
17.010000 20 597
17.010000 21 597
17.010000 22 386
17.010000 23 596
17.010000 24 597
18.010000 0 589
18.010000 1 569
18.010000 2 585
18.010000 3 570
18.010000 4 569
18.010000 5 609
18.010000 6 612
18.010000 7 533
18.010000 8 611
18.010000 9 610
18.010000 10 436
18.010000 11 611
18.010000 12 608
18.010000 13 611
18.010000 14 591
18.010000 15 607
18.010000 16 611
18.010000 17 550
18.010000 18 591
18.010000 19 589
18.010000 20 611
18.010000 21 573
18.010000 22 480
18.010000 23 612
18.010000 24 611
19.010000 0 582
19.010000 1 575
19.010000 2 583
19.010000 3 557
19.010000 4 560
19.010000 5 616
19.010000 6 615
19.010000 7 546
19.010000 8 616
19.010000 9 617
19.010000 10 450
19.010000 11 616
19.010000 12 617
19.010000 13 615
19.010000 14 585
19.010000 15 616
19.010000 16 616
19.010000 17 526
19.010000 18 584
19.010000 19 583
19.010000 20 615
19.010000 21 580
19.010000 22 514
19.010000 23 616
19.010000 24 616
20.010000 0 591
20.010000 1 643
20.010000 2 602
20.010000 3 547
20.010000 4 550
20.010000 5 642
20.010000 6 644
20.010000 7 643
20.010000 8 643
20.010000 9 643
20.010000 10 427
20.010000 11 643
20.010000 12 642
20.010000 13 644
20.010000 14 592
20.010000 15 641
20.010000 16 641
20.010000 17 496
20.010000 18 593
20.010000 19 604
20.010000 20 644
20.010000 21 643
20.010000 22 514
20.010000 23 643
20.010000 24 643
21.010000 0 588
21.010000 1 644
21.010000 2 594
21.010000 3 543
21.010000 4 550
21.010000 5 642
21.010000 6 643
21.010000 7 642
21.010000 8 643
21.010000 9 643
21.010000 10 433
21.010000 11 642
21.010000 12 642
21.010000 13 643
21.010000 14 591
21.010000 15 641
21.010000 16 644
21.010000 17 492
21.010000 18 592
21.010000 19 596
21.010000 20 643
21.010000 21 643
21.010000 22 523
21.010000 23 643
21.010000 24 643
22.010000 0 609
22.010000 1 649
22.010000 2 603
22.010000 3 573
22.010000 4 583
22.010000 5 655
22.010000 6 656
22.010000 7 645
22.010000 8 656
22.010000 9 656
22.010000 10 436
22.010000 11 656
22.010000 12 655
22.010000 13 656
22.010000 14 611
22.010000 15 654
22.010000 16 656
22.010000 17 528
22.010000 18 610
22.010000 19 605
22.010000 20 655
22.010000 21 654
22.010000 22 515
22.010000 23 656
22.010000 24 656
23.010000 0 609
23.010000 1 595
23.010000 2 602
23.010000 3 579
23.010000 4 575
23.010000 5 638
23.010000 6 639
23.010000 7 550
23.010000 8 639
23.010000 9 638
23.010000 10 480
23.010000 11 640
23.010000 12 638
23.010000 13 639
23.010000 14 610
23.010000 15 637
23.010000 16 639
23.010000 17 549
23.010000 18 610
23.010000 19 604
23.010000 20 640
23.010000 21 586
23.010000 22 552
23.010000 23 639
23.010000 24 639
24.010000 0 700
24.010000 1 625
24.010000 2 692
24.010000 3 684
24.010000 4 680
24.010000 5 721
24.010000 6 722
24.010000 7 543
24.010000 8 722
24.010000 9 723
24.010000 10 593
24.010000 11 722
24.010000 12 721
24.010000 13 721
24.010000 14 702
24.010000 15 720
24.010000 16 722
24.010000 17 664
24.010000 18 702
24.010000 19 694
24.010000 20 722
24.010000 21 637
24.010000 22 639
24.010000 23 722
24.010000 24 722
25.010000 0 581
25.010000 1 596
25.010000 2 623
25.010000 3 538
25.010000 4 551
25.010000 5 635
25.010000 6 636
25.010000 7 555
25.010000 8 636
25.010000 9 636
25.010000 10 506
25.010000 11 636
25.010000 12 635
25.010000 13 637
25.010000 14 584
25.010000 15 634
25.010000 16 636
25.010000 17 486
25.010000 18 584
25.010000 19 625
25.010000 20 636
25.010000 21 594
25.010000 22 560
25.010000 23 635
25.010000 24 636
26.010000 0 616
26.010000 1 603
26.010000 2 570
26.010000 3 597
26.010000 4 592
26.010000 5 639
26.010000 6 642
26.010000 7 567
26.010000 8 642
26.010000 9 642
26.010000 10 457
26.010000 11 642
26.010000 12 640
26.010000 13 642
26.010000 14 617
26.010000 15 637
26.010000 16 642
26.010000 17 572
26.010000 18 617
26.010000 19 573
26.010000 20 642
26.010000 21 604
26.010000 22 549
26.010000 23 643
26.010000 24 641
27.010000 0 615
27.010000 1 521
27.010000 2 625
27.010000 3 599
27.010000 4 602
27.010000 5 636
27.010000 6 635
27.010000 7 415
27.010000 8 635
27.010000 9 635
27.010000 10 581
27.010000 11 635
27.010000 12 635
27.010000 13 635
27.010000 14 617
27.010000 15 636
27.010000 16 635
27.010000 17 581
27.010000 18 617
27.010000 19 626
27.010000 20 635
27.010000 21 526
27.010000 22 611
27.010000 23 635
27.010000 24 636
28.010000 0 598
28.010000 1 576
28.010000 2 617
28.010000 3 566
28.010000 4 567
28.010000 5 636
28.010000 6 637
28.010000 7 521
28.010000 8 636
28.010000 9 637
28.010000 10 520
28.010000 11 637
28.010000 12 636
28.010000 13 637
28.010000 14 600
28.010000 15 635
28.010000 16 637
28.010000 17 529
28.010000 18 600
28.010000 19 619
28.010000 20 637
28.010000 21 576
28.010000 22 573
28.010000 23 637
28.010000 24 637
29.010000 0 653
29.010000 1 619
29.010000 2 630
29.010000 3 630
29.010000 4 639
29.010000 5 679
29.010000 6 682
29.010000 7 553
29.010000 8 683
29.010000 9 682
29.010000 10 532
29.010000 11 682
29.010000 12 679
29.010000 13 682
29.010000 14 655
29.010000 15 677
29.010000 16 682
29.010000 17 603
29.010000 18 655
29.010000 19 634
29.010000 20 682
29.010000 21 619
29.010000 22 598
29.010000 23 682
29.010000 24 682
30.010000 0 635
30.010000 1 585
30.010000 2 653
30.010000 3 604
30.010000 4 604
30.010000 5 670
30.010000 6 669
30.010000 7 505
30.010000 8 669
30.010000 9 669
30.010000 10 574
30.010000 11 669
30.010000 12 670
30.010000 13 669
30.010000 14 639
30.010000 15 670
30.010000 16 669
30.010000 17 574
30.010000 18 638
30.010000 19 653
30.010000 20 669
30.010000 21 586
30.010000 22 621
30.010000 23 669
30.010000 24 669
31.010000 0 595
31.010000 1 565
31.010000 2 588
31.010000 3 570
31.010000 4 570
31.010000 5 622
31.010000 6 623
31.010000 7 504
31.010000 8 623
31.010000 9 623
31.010000 10 500
31.010000 11 623
31.010000 12 622
31.010000 13 623
31.010000 14 595
31.010000 15 621
31.010000 16 623
31.010000 17 543
31.010000 18 597
31.010000 19 590
31.010000 20 623
31.010000 21 562
31.010000 22 548
31.010000 23 623
31.010000 24 623
32.010000 0 654
32.010000 1 555
32.010000 2 649
32.010000 3 636
32.010000 4 637
32.010000 5 670
32.010000 6 671
32.010000 7 449
32.010000 8 671
32.010000 9 671
32.010000 10 599
32.010000 11 671
32.010000 12 670
32.010000 13 671
32.010000 14 656
32.010000 15 669
32.010000 16 671
32.010000 17 620
32.010000 18 655
32.010000 19 651
32.010000 20 671
32.010000 21 567
32.010000 22 639
32.010000 23 671
32.010000 24 671
33.010000 0 587
33.010000 1 553
33.010000 2 582
33.010000 3 572
33.010000 4 582
33.010000 5 617
33.010000 6 618
33.010000 7 485
33.010000 8 618
33.010000 9 618
33.010000 10 502
33.010000 11 618
33.010000 12 617
33.010000 13 618
33.010000 14 591
33.010000 15 616
33.010000 16 617
33.010000 17 546
33.010000 18 591
33.010000 19 584
33.010000 20 618
33.010000 21 545
33.010000 22 553
33.010000 23 618
33.010000 24 618
34.010000 0 682
34.010000 1 637
34.010000 2 686
34.010000 3 642
34.010000 4 639
34.010000 5 708
34.010000 6 709
34.010000 7 558
34.010000 8 709
34.010000 9 709
34.010000 10 582
34.010000 11 709
34.010000 12 708
34.010000 13 709
34.010000 14 684
34.010000 15 707
34.010000 16 710
34.010000 17 617
34.010000 18 684
34.010000 19 688
34.010000 20 709
34.010000 21 626
34.010000 22 636
34.010000 23 709
34.010000 24 709
35.010000 0 564
35.010000 1 593
35.010000 2 569
35.010000 3 526
35.010000 4 527
35.010000 5 606
35.010000 6 607
35.010000 7 582
35.010000 8 607
35.010000 9 607
35.010000 10 420
35.010000 11 607
35.010000 12 606
35.010000 13 607
35.010000 14 565
35.010000 15 605
35.010000 16 607
35.010000 17 483
35.010000 18 565
35.010000 19 571
35.010000 20 607
35.010000 21 597
35.010000 22 495
35.010000 23 607
35.010000 24 607
36.010000 0 649
36.010000 1 577
36.010000 2 654
36.010000 3 636
36.010000 4 638
36.010000 5 677
36.010000 6 678
36.010000 7 486
36.010000 8 678
36.010000 9 678
36.010000 10 590
36.010000 11 678
36.010000 12 677
36.010000 13 677
36.010000 14 650
36.010000 15 676
36.010000 16 678
36.010000 17 608
36.010000 18 650
36.010000 19 656
36.010000 20 678
36.010000 21 578
36.010000 22 635
36.010000 23 678
36.010000 24 678
37.010000 0 668
37.010000 1 653
37.010000 2 670
37.010000 3 640
37.010000 4 643
37.010000 5 710
37.010000 6 711
37.010000 7 596
37.010000 8 711
37.010000 9 711
37.010000 10 554
37.010000 11 711
37.010000 12 710
37.010000 13 712
37.010000 14 670
37.010000 15 709
37.010000 16 711
37.010000 17 599
37.010000 18 670
37.010000 19 672
37.010000 20 711
37.010000 21 653
37.010000 22 627
37.010000 23 711
37.010000 24 711
38.010000 0 659
38.010000 1 607
38.010000 2 657
38.010000 3 633
38.010000 4 634
38.010000 5 686
38.010000 6 687
38.010000 7 531
38.010000 8 687
38.010000 9 687
38.010000 10 565
38.010000 11 687
38.010000 12 686
38.010000 13 687
38.010000 14 661
38.010000 15 685
38.010000 16 687
38.010000 17 607
38.010000 18 661
38.010000 19 659
38.010000 20 687
38.010000 21 606
38.010000 22 621
38.010000 23 687
38.010000 24 687
39.010000 0 595
39.010000 1 468
39.010000 2 595
39.010000 3 595
39.010000 4 594
39.010000 5 601
39.010000 6 602
39.010000 7 337
39.010000 8 602
39.010000 9 602
39.010000 10 584
39.010000 11 602
39.010000 12 601
39.010000 13 602
39.010000 14 597
39.010000 15 600
39.010000 16 602
39.010000 17 590
39.010000 18 597
39.010000 19 597
39.010000 20 602
39.010000 21 470
39.010000 22 595
39.010000 23 602
39.010000 24 602
40.010000 0 668
40.010000 1 660
40.010000 2 669
40.010000 3 628
40.010000 4 629
40.010000 5 710
40.010000 6 711
40.010000 7 617
40.010000 8 711
40.010000 9 710
40.010000 10 548
40.010000 11 710
40.010000 12 710
40.010000 13 710
40.010000 14 670
40.010000 15 709
40.010000 16 710
40.010000 17 587
40.010000 18 670
40.010000 19 671
40.010000 20 710
40.010000 21 662
40.010000 22 629
40.010000 23 711
40.010000 24 711
41.010000 0 616
41.010000 1 589
41.010000 2 610
41.010000 3 582
41.010000 4 584
41.010000 5 650
41.010000 6 651
41.010000 7 527
41.010000 8 651
41.010000 9 652
41.010000 10 525
41.010000 11 652
41.010000 12 650
41.010000 13 651
41.010000 14 618
41.010000 15 649
41.010000 16 652
41.010000 17 549
41.010000 18 618
41.010000 19 612
41.010000 20 652
41.010000 21 589
41.010000 22 599
41.010000 23 651
41.010000 24 651
42.010000 0 604
42.010000 1 534
42.010000 2 615
42.010000 3 587
42.010000 4 594
42.010000 5 630
42.010000 6 631
42.010000 7 446
42.010000 8 631
42.010000 9 631
42.010000 10 556
42.010000 11 631
42.010000 12 630
42.010000 13 631
42.010000 14 606
42.010000 15 629
42.010000 16 631
42.010000 17 562
42.010000 18 606
42.010000 19 617
42.010000 20 630
42.010000 21 542
42.010000 22 588
42.010000 23 631
42.010000 24 631
43.010000 0 613
43.010000 1 603
43.010000 2 611
43.010000 3 591
43.010000 4 581
43.010000 5 647
43.010000 6 648
43.010000 7 540
43.010000 8 648
43.010000 9 648
43.010000 10 506
43.010000 11 647
43.010000 12 647
43.010000 13 648
43.010000 14 616
43.010000 15 646
43.010000 16 648
43.010000 17 559
43.010000 18 615
43.010000 19 613
43.010000 20 649
43.010000 21 591
43.010000 22 565
43.010000 23 648
43.010000 24 648
44.010000 0 686
44.010000 1 620
44.010000 2 667
44.010000 3 665
44.010000 4 663
44.010000 5 708
44.010000 6 709
44.010000 7 537
44.010000 8 709
44.010000 9 709
44.010000 10 580
44.010000 11 710
44.010000 12 708
44.010000 13 710
44.010000 14 688
44.010000 15 707
44.010000 16 708
44.010000 17 644
44.010000 18 688
44.010000 19 669
44.010000 20 708
44.010000 21 628
44.010000 22 644
44.010000 23 708
44.010000 24 709
45.010000 0 587
45.010000 1 563
45.010000 2 615
45.010000 3 557
45.010000 4 564
45.010000 5 627
45.010000 6 628
45.010000 7 489
45.010000 8 628
45.010000 9 628
45.010000 10 539
45.010000 11 628
45.010000 12 625
45.010000 13 628
45.010000 14 588
45.010000 15 625
45.010000 16 628
45.010000 17 517
45.010000 18 589
45.010000 19 618
45.010000 20 629
45.010000 21 552
45.010000 22 574
45.010000 23 628
45.010000 24 628
46.010000 0 676
46.010000 1 646
46.010000 2 682
46.010000 3 649
46.010000 4 646
46.010000 5 714
46.010000 6 715
46.010000 7 588
46.010000 8 715
46.010000 9 715
46.010000 10 566
46.010000 11 714
46.010000 12 716
46.010000 13 715
46.010000 14 679
46.010000 15 714
46.010000 16 716
46.010000 17 614
46.010000 18 679
46.010000 19 683
46.010000 20 715
46.010000 21 649
46.010000 22 634
46.010000 23 716
46.010000 24 715
47.010000 0 649
47.010000 1 629
47.010000 2 631
47.010000 3 626
47.010000 4 632
47.010000 5 684
47.010000 6 686
47.010000 7 576
47.010000 8 686
47.010000 9 686
47.010000 10 525
47.010000 11 686
47.010000 12 685
47.010000 13 686
47.010000 14 652
47.010000 15 683
47.010000 16 686
47.010000 17 592
47.010000 18 652
47.010000 19 633
47.010000 20 686
47.010000 21 636
47.010000 22 601
47.010000 23 686
47.010000 24 686
48.010000 0 589
48.010000 1 525
48.010000 2 607
48.010000 3 560
48.010000 4 562
48.010000 5 614
48.010000 6 614
48.010000 7 436
48.010000 8 614
48.010000 9 614
48.010000 10 551
48.010000 11 615
48.010000 12 613
48.010000 13 614
48.010000 14 590
48.010000 15 613
48.010000 16 614
48.010000 17 535
48.010000 18 590
48.010000 19 609
48.010000 20 614
48.010000 21 519
48.010000 22 579
48.010000 23 613
48.010000 24 614
49.010000 0 679
49.010000 1 626
49.010000 2 669
49.010000 3 665
49.010000 4 660
49.010000 5 703
49.010000 6 704
49.010000 7 544
49.010000 8 704
49.010000 9 704
49.010000 10 564
49.010000 11 704
49.010000 12 702
49.010000 13 704
49.010000 14 680
49.010000 15 702
49.010000 16 704
49.010000 17 641
49.010000 18 680
49.010000 19 672
49.010000 20 704
49.010000 21 621
49.010000 22 621
49.010000 23 705
49.010000 24 704
50.010000 0 631
50.010000 1 589
50.010000 2 639
50.010000 3 605
50.010000 4 613
50.010000 5 663
50.010000 6 664
50.010000 7 536
50.010000 8 664
50.010000 9 664
50.010000 10 537
50.010000 11 664
50.010000 12 664
50.010000 13 664
50.010000 14 633
50.010000 15 662
50.010000 16 664
50.010000 17 574
50.010000 18 633
50.010000 19 640
50.010000 20 664
50.010000 21 597
50.010000 22 583
50.010000 23 663
50.010000 24 664
51.010000 0 587
51.010000 1 550
51.010000 2 603
51.010000 3 562
51.010000 4 554
51.010000 5 616
51.010000 6 617
51.010000 7 486
51.010000 8 617
51.010000 9 617
51.010000 10 509
51.010000 11 617
51.010000 12 616
51.010000 13 617
51.010000 14 589
51.010000 15 615
51.010000 16 617
51.010000 17 534
51.010000 18 589
51.010000 19 605
51.010000 20 617
51.010000 21 551
51.010000 22 551
51.010000 23 618
51.010000 24 616
52.010000 0 636
52.010000 1 609
52.010000 2 615
52.010000 3 614
52.010000 4 614
52.010000 5 661
52.010000 6 663
52.010000 7 543
52.010000 8 663
52.010000 9 663
52.010000 10 512
52.010000 11 663
52.010000 12 661
52.010000 13 663
52.010000 14 639
52.010000 15 659
52.010000 16 663
52.010000 17 590
52.010000 18 638
52.010000 19 618
52.010000 20 663
52.010000 21 597
52.010000 22 580
52.010000 23 663
52.010000 24 664
53.010000 0 673
53.010000 1 625
53.010000 2 675
53.010000 3 647
53.010000 4 654
53.010000 5 707
53.010000 6 707
53.010000 7 546
53.010000 8 707
53.010000 9 707
53.010000 10 588
53.010000 11 707
53.010000 12 707
53.010000 13 707
53.010000 14 676
53.010000 15 707
53.010000 16 706
53.010000 17 617
53.010000 18 677
53.010000 19 676
53.010000 20 707
53.010000 21 623
53.010000 22 642
53.010000 23 707
53.010000 24 707
54.010000 0 633
54.010000 1 609
54.010000 2 634
54.010000 3 596
54.010000 4 596
54.010000 5 665
54.010000 6 667
54.010000 7 556
54.010000 8 667
54.010000 9 667
54.010000 10 526
54.010000 11 667
54.010000 12 666
54.010000 13 667
54.010000 14 633
54.010000 15 664
54.010000 16 668
54.010000 17 561
54.010000 18 633
54.010000 19 636
54.010000 20 667
54.010000 21 614
54.010000 22 590
54.010000 23 667
54.010000 24 667
55.010000 0 627
55.010000 1 587
55.010000 2 627
55.010000 3 607
55.010000 4 604
55.010000 5 658
55.010000 6 658
55.010000 7 514
55.010000 8 658
55.010000 9 658
55.010000 10 538
55.010000 11 658
55.010000 12 657
55.010000 13 658
55.010000 14 629
55.010000 15 657
55.010000 16 657
55.010000 17 578
55.010000 18 629
55.010000 19 629
55.010000 20 658
55.010000 21 588
55.010000 22 589
55.010000 23 658
55.010000 24 658
56.010000 0 610
56.010000 1 582
56.010000 2 613
56.010000 3 581
56.010000 4 588
56.010000 5 644
56.010000 6 645
56.010000 7 530
56.010000 8 645
56.010000 9 645
56.010000 10 515
56.010000 11 644
56.010000 12 644
56.010000 13 645
56.010000 14 612
56.010000 15 643
56.010000 16 646
56.010000 17 548
56.010000 18 612
56.010000 19 615
56.010000 20 645
56.010000 21 591
56.010000 22 567
56.010000 23 645
56.010000 24 645
57.010000 0 647
57.010000 1 607
57.010000 2 646
57.010000 3 623
57.010000 4 615
57.010000 5 674
57.010000 6 675
57.010000 7 538
57.010000 8 675
57.010000 9 675
57.010000 10 542
57.010000 11 676
57.010000 12 673
57.010000 13 675
57.010000 14 649
57.010000 15 672
57.010000 16 674
57.010000 17 597
57.010000 18 649
57.010000 19 648
57.010000 20 675
57.010000 21 603
57.010000 22 597
57.010000 23 674
57.010000 24 675
58.010000 0 626
58.010000 1 537
58.010000 2 643
58.010000 3 619
58.010000 4 618
58.010000 5 651
58.010000 6 651
58.010000 7 425
58.010000 8 652
58.010000 9 652
58.010000 10 600
58.010000 11 651
58.010000 12 652
58.010000 13 652
58.010000 14 629
58.010000 15 651
58.010000 16 653
58.010000 17 597
58.010000 18 629
58.010000 19 645
58.010000 20 651
58.010000 21 538
58.010000 22 628
58.010000 23 653
58.010000 24 652
59.010000 0 681
59.010000 1 605
59.010000 2 626
59.010000 3 680
59.010000 4 666
59.010000 5 680
59.010000 6 681
59.010000 7 537
59.010000 8 681
59.010000 9 681
59.010000 10 498
59.010000 11 682
59.010000 12 680
59.010000 13 681
59.010000 14 682
59.010000 15 679
59.010000 16 681
59.010000 17 680
59.010000 18 682
59.010000 19 628
59.010000 20 682
59.010000 21 608
59.010000 22 562
59.010000 23 681
59.010000 24 681
60.010000 0 623
60.010000 1 627
60.010000 2 647
60.010000 3 571
60.010000 4 567
60.010000 5 659
60.010000 6 661
60.010000 7 603
60.010000 8 660
60.010000 9 660
60.010000 10 493
60.010000 11 660
60.010000 12 659
60.010000 13 660
60.010000 14 625
60.010000 15 658
60.010000 16 660
60.010000 17 536
60.010000 18 625
60.010000 19 649
60.010000 20 660
60.010000 21 628
60.010000 22 537
60.010000 23 660
60.010000 24 660
61.010000 0 660
61.010000 1 613
61.010000 2 641
61.010000 3 648
61.010000 4 635
61.010000 5 663
61.010000 6 664
61.010000 7 560
61.010000 8 664
61.010000 9 664
61.010000 10 466
61.010000 11 664
61.010000 12 662
61.010000 13 663
61.010000 14 663
61.010000 15 662
61.010000 16 663
61.010000 17 647
61.010000 18 663
61.010000 19 644
61.010000 20 664
61.010000 21 607
61.010000 22 501
61.010000 23 663
61.010000 24 664
62.010000 0 620
62.010000 1 599
62.010000 2 683
62.010000 3 620
62.010000 4 677
62.010000 5 684
62.010000 6 685
62.010000 7 519
62.010000 8 685
62.010000 9 685
62.010000 10 587
62.010000 11 685
62.010000 12 685
62.010000 13 686
62.010000 14 623
62.010000 15 683
62.010000 16 686
62.010000 17 559
62.010000 18 623
62.010000 19 684
62.010000 20 685
62.010000 21 598
62.010000 22 591
62.010000 23 686
62.010000 24 685
63.010000 0 635
63.010000 1 594
63.010000 2 625
63.010000 3 611
63.010000 4 611
63.010000 5 649
63.010000 6 650
63.010000 7 541
63.010000 8 650
63.010000 9 650
63.010000 10 484
63.010000 11 650
63.010000 12 649
63.010000 13 650
63.010000 14 636
63.010000 15 648
63.010000 16 650
63.010000 17 597
63.010000 18 636
63.010000 19 627
63.010000 20 650
63.010000 21 599
63.010000 22 518
63.010000 23 650
63.010000 24 650
64.010000 0 682
64.010000 1 634
64.010000 2 637
64.010000 3 650
64.010000 4 624
64.010000 5 681
64.010000 6 682
64.010000 7 588
64.010000 8 682
64.010000 9 682
64.010000 10 484
64.010000 11 682
64.010000 12 681
64.010000 13 681
64.010000 14 683
64.010000 15 680
64.010000 16 682
64.010000 17 650
64.010000 18 683
64.010000 19 639
64.010000 20 682
64.010000 21 637
64.010000 22 539
64.010000 23 682
64.010000 24 681
65.010000 0 601
65.010000 1 586
65.010000 2 636
65.010000 3 560
65.010000 4 575
65.010000 5 652
65.010000 6 653
65.010000 7 522
65.010000 8 653
65.010000 9 653
65.010000 10 561
65.010000 11 653
65.010000 12 652
65.010000 13 654
65.010000 14 604
65.010000 15 651
65.010000 16 653
65.010000 17 511
65.010000 18 604
65.010000 19 638
65.010000 20 653
65.010000 21 587
65.010000 22 610
65.010000 23 653
65.010000 24 654
66.010000 0 655
66.010000 1 601
66.010000 2 616
66.010000 3 648
66.010000 4 643
66.010000 5 671
66.010000 6 672
66.010000 7 531
66.010000 8 672
66.010000 9 672
66.010000 10 519
66.010000 11 672
66.010000 12 671
66.010000 13 672
66.010000 14 656
66.010000 15 670
66.010000 16 672
66.010000 17 632
66.010000 18 656
66.010000 19 618
66.010000 20 672
66.010000 21 598
66.010000 22 583
66.010000 23 672
66.010000 24 672
67.010000 0 592
67.010000 1 580
67.010000 2 648
67.010000 3 562
67.010000 4 577
67.010000 5 650
67.010000 6 651
67.010000 7 520
67.010000 8 651
67.010000 9 651
67.010000 10 559
67.010000 11 651
67.010000 12 650
67.010000 13 651
67.010000 14 596
67.010000 15 649
67.010000 16 651
67.010000 17 508
67.010000 18 596
67.010000 19 650
67.010000 20 651
67.010000 21 589
67.010000 22 597
67.010000 23 651
67.010000 24 651
68.010000 0 605
68.010000 1 559
68.010000 2 588
68.010000 3 579
68.010000 4 568
68.010000 5 618
68.010000 6 619
68.010000 7 492
68.010000 8 619
68.010000 9 619
68.010000 10 489
68.010000 11 619
68.010000 12 618
68.010000 13 619
68.010000 14 605
68.010000 15 617
68.010000 16 619
68.010000 17 564
68.010000 18 605
68.010000 19 590
68.010000 20 619
68.010000 21 550
68.010000 22 541
68.010000 23 619
68.010000 24 618
69.010000 0 620
69.010000 1 590
69.010000 2 609
69.010000 3 604
69.010000 4 611
69.010000 5 654
69.010000 6 657
69.010000 7 530
69.010000 8 657
69.010000 9 657
69.010000 10 528
69.010000 11 657
69.010000 12 654
69.010000 13 657
69.010000 14 623
69.010000 15 652
69.010000 16 656
69.010000 17 570
69.010000 18 622
69.010000 19 613
69.010000 20 657
69.010000 21 595
69.010000 22 587
69.010000 23 657
69.010000 24 658
70.010000 0 676
70.010000 1 620
70.010000 2 695
70.010000 3 650
70.010000 4 642
70.010000 5 709
70.010000 6 708
70.010000 7 543
70.010000 8 708
70.010000 9 708
70.010000 10 587
70.010000 11 708
70.010000 12 709
70.010000 13 708
70.010000 14 679
70.010000 15 709
70.010000 16 709
70.010000 17 622
70.010000 18 680
70.010000 19 695
70.010000 20 708
70.010000 21 622
70.010000 22 643
70.010000 23 708
70.010000 24 708
71.010000 0 596
71.010000 1 568
71.010000 2 592
71.010000 3 570
71.010000 4 575
71.010000 5 627
71.010000 6 628
71.010000 7 497
71.010000 8 628
71.010000 9 628
71.010000 10 516
71.010000 11 628
71.010000 12 627
71.010000 13 628
71.010000 14 598
71.010000 15 626
71.010000 16 628
71.010000 17 540
71.010000 18 598
71.010000 19 594
71.010000 20 628
71.010000 21 554
71.010000 22 574
71.010000 23 628
71.010000 24 627
72.010000 0 638
72.010000 1 583
72.010000 2 620
72.010000 3 611
72.010000 4 615
72.010000 5 661
72.010000 6 661
72.010000 7 519
72.010000 8 662
72.010000 9 662
72.010000 10 534
72.010000 11 662
72.010000 12 661
72.010000 13 662
72.010000 14 639
72.010000 15 660
72.010000 16 662
72.010000 17 587
72.010000 18 639
72.010000 19 622
72.010000 20 662
72.010000 21 596
72.010000 22 597
72.010000 23 662
72.010000 24 663
73.010000 0 624
73.010000 1 551
73.010000 2 626
73.010000 3 605
73.010000 4 600
73.010000 5 642
73.010000 6 646
73.010000 7 457
73.010000 8 645
73.010000 9 644
73.010000 10 566
73.010000 11 645
73.010000 12 642
73.010000 13 645
73.010000 14 625
73.010000 15 640
73.010000 16 645
73.010000 17 585
73.010000 18 625
73.010000 19 630
73.010000 20 645
73.010000 21 548
73.010000 22 603
73.010000 23 644
73.010000 24 645
74.010000 0 627
74.010000 1 590
74.010000 2 625
74.010000 3 610
74.010000 4 617
74.010000 5 661
74.010000 6 659
74.010000 7 521
74.010000 8 660
74.010000 9 661
74.010000 10 530
74.010000 11 660
74.010000 12 661
74.010000 13 660
74.010000 14 629
74.010000 15 661
74.010000 16 660
74.010000 17 579
74.010000 18 629
74.010000 19 625
74.010000 20 660
74.010000 21 587
74.010000 22 588
74.010000 23 661
74.010000 24 660
75.010000 0 593
75.010000 1 567
75.010000 2 619
75.010000 3 561
75.010000 4 562
75.010000 5 627
75.010000 6 629
75.010000 7 510
75.010000 8 628
75.010000 9 628
75.010000 10 512
75.010000 11 628
75.010000 12 627
75.010000 13 628
75.010000 14 595
75.010000 15 626
75.010000 16 628
75.010000 17 528
75.010000 18 595
75.010000 19 621
75.010000 20 627
75.010000 21 567
75.010000 22 550
75.010000 23 628
75.010000 24 628
76.010000 0 672
76.010000 1 620
76.010000 2 633
76.010000 3 656
76.010000 4 655
76.010000 5 687
76.010000 6 689
76.010000 7 558
76.010000 8 689
76.010000 9 689
76.010000 10 523
76.010000 11 689
76.010000 12 687
76.010000 13 689
76.010000 14 674
76.010000 15 685
76.010000 16 689
76.010000 17 641
76.010000 18 674
76.010000 19 636
76.010000 20 690
76.010000 21 616
76.010000 22 595
76.010000 23 689
76.010000 24 689
77.010000 0 667
77.010000 1 599
77.010000 2 671
77.010000 3 645
77.010000 4 648
77.010000 5 691
77.010000 6 691
77.010000 7 528
77.010000 8 690
77.010000 9 691
77.010000 10 570
77.010000 11 691
77.010000 12 691
77.010000 13 691
77.010000 14 669
77.010000 15 691
77.010000 16 691
77.010000 17 623
77.010000 18 669
77.010000 19 672
77.010000 20 690
77.010000 21 612
77.010000 22 608
77.010000 23 690
77.010000 24 691
78.010000 0 635
78.010000 1 631
78.010000 2 654
78.010000 3 599
78.010000 4 611
78.010000 5 677
78.010000 6 678
78.010000 7 565
78.010000 8 678
78.010000 9 678
78.010000 10 539
78.010000 11 678
78.010000 12 677
78.010000 13 678
78.010000 14 637
78.010000 15 676
78.010000 16 678
78.010000 17 558
78.010000 18 637
78.010000 19 656
78.010000 20 678
78.010000 21 613
78.010000 22 593
78.010000 23 679
78.010000 24 678
79.010000 0 615
79.010000 1 490
79.010000 2 608
79.010000 3 605
79.010000 4 600
79.010000 5 619
79.010000 6 622
79.010000 7 377
79.010000 8 623
79.010000 9 622
79.010000 10 587
79.010000 11 622
79.010000 12 620
79.010000 13 622
79.010000 14 617
79.010000 15 617
79.010000 16 622
79.010000 17 600
79.010000 18 617
79.010000 19 611
79.010000 20 623
79.010000 21 503
79.010000 22 607
79.010000 23 622
79.010000 24 622
80.010000 0 659
80.010000 1 622
80.010000 2 639
80.010000 3 642
80.010000 4 643
80.010000 5 691
80.010000 6 690
80.010000 7 560
80.010000 8 690
80.010000 9 690
80.010000 10 537
80.010000 11 690
80.010000 12 690
80.010000 13 690
80.010000 14 663
80.010000 15 691
80.010000 16 690
80.010000 17 616
80.010000 18 663
80.010000 19 640
80.010000 20 690
80.010000 21 617
80.010000 22 616
80.010000 23 690
80.010000 24 690
81.010000 0 662
81.010000 1 645
81.010000 2 655
81.010000 3 619
81.010000 4 608
81.010000 5 687
81.010000 6 690
81.010000 7 591
81.010000 8 690
81.010000 9 690
81.010000 10 527
81.010000 11 690
81.010000 12 687
81.010000 13 690
81.010000 14 662
81.010000 15 685
81.010000 16 690
81.010000 17 590
81.010000 18 662
81.010000 19 659
81.010000 20 690
81.010000 21 635
81.010000 22 597
81.010000 23 690
81.010000 24 690
82.010000 0 570
82.010000 1 527
82.010000 2 595
82.010000 3 555
82.010000 4 570
82.010000 5 610
82.010000 6 609
82.010000 7 461
82.010000 8 609
82.010000 9 609
82.010000 10 516
82.010000 11 609
82.010000 12 610
82.010000 13 609
82.010000 14 572
82.010000 15 610
82.010000 16 609
82.010000 17 518
82.010000 18 572
82.010000 19 595
82.010000 20 609
82.010000 21 543
82.010000 22 551
82.010000 23 609
82.010000 24 609
83.010000 0 607
83.010000 1 552
83.010000 2 623
83.010000 3 591
83.010000 4 586
83.010000 5 635
83.010000 6 636
83.010000 7 470
83.010000 8 636
83.010000 9 636
83.010000 10 543
83.010000 11 636
83.010000 12 634
83.010000 13 635
83.010000 14 609
83.010000 15 634
83.010000 16 636
83.010000 17 564
83.010000 18 609
83.010000 19 626
83.010000 20 635
83.010000 21 557
83.010000 22 578
83.010000 23 636
83.010000 24 636
84.010000 0 675
84.010000 1 622
84.010000 2 626
84.010000 3 664
84.010000 4 667
84.010000 5 689
84.010000 6 690
84.010000 7 550
84.010000 8 690
84.010000 9 690
84.010000 10 524
84.010000 11 690
84.010000 12 690
84.010000 13 691
84.010000 14 677
84.010000 15 688
84.010000 16 690
84.010000 17 651
84.010000 18 677
84.010000 19 627
84.010000 20 691
84.010000 21 613
84.010000 22 595
84.010000 23 689
84.010000 24 690
85.010000 0 623
85.010000 1 613
85.010000 2 655
85.010000 3 580
85.010000 4 573
85.010000 5 670
85.010000 6 673
85.010000 7 553
85.010000 8 673
85.010000 9 673
85.010000 10 564
85.010000 11 673
85.010000 12 671
85.010000 13 673
85.010000 14 625
85.010000 15 668
85.010000 16 672
85.010000 17 532
85.010000 18 625
85.010000 19 658
85.010000 20 673
85.010000 21 612
85.010000 22 630
85.010000 23 673
85.010000 24 673
86.010000 0 613
86.010000 1 603
86.010000 2 616
86.010000 3 583
86.010000 4 592
86.010000 5 655
86.010000 6 654
86.010000 7 557
86.010000 8 654
86.010000 9 654
86.010000 10 505
86.010000 11 654
86.010000 12 654
86.010000 13 654
86.010000 14 615
86.010000 15 655
86.010000 16 655
86.010000 17 544
86.010000 18 615
86.010000 19 617
86.010000 20 654
86.010000 21 604
86.010000 22 573
86.010000 23 655
86.010000 24 654
87.010000 0 617
87.010000 1 556
87.010000 2 619
87.010000 3 597
87.010000 4 602
87.010000 5 643
87.010000 6 643
87.010000 7 481
87.010000 8 644
87.010000 9 644
87.010000 10 548
87.010000 11 644
87.010000 12 643
87.010000 13 644
87.010000 14 621
87.010000 15 642
87.010000 16 644
87.010000 17 575
87.010000 18 621
87.010000 19 621
87.010000 20 644
87.010000 21 562
87.010000 22 587
87.010000 23 644
87.010000 24 644
88.010000 0 659
88.010000 1 614
88.010000 2 657
88.010000 3 635
88.010000 4 637
88.010000 5 684
88.010000 6 686
88.010000 7 537
88.010000 8 685
88.010000 9 685
88.010000 10 557
88.010000 11 685
88.010000 12 684
88.010000 13 685
88.010000 14 660
88.010000 15 683
88.010000 16 685
88.010000 17 610
88.010000 18 661
88.010000 19 659
88.010000 20 685
88.010000 21 602
88.010000 22 599
88.010000 23 685
88.010000 24 684
89.010000 0 673
89.010000 1 648
89.010000 2 663
89.010000 3 639
89.010000 4 637
89.010000 5 708
89.010000 6 709
89.010000 7 597
89.010000 8 709
89.010000 9 709
89.010000 10 554
89.010000 11 709
89.010000 12 708
89.010000 13 709
89.010000 14 676
89.010000 15 707
89.010000 16 709
89.010000 17 606
89.010000 18 675
89.010000 19 665
89.010000 20 709
89.010000 21 652
89.010000 22 625
89.010000 23 709
89.010000 24 710
90.010000 0 609
90.010000 1 640
90.010000 2 592
90.010000 3 559
90.010000 4 561
90.010000 5 651
90.010000 6 653
90.010000 7 626
90.010000 8 653
90.010000 9 653
90.010000 10 458
90.010000 11 653
90.010000 12 652
90.010000 13 653
90.010000 14 609
90.010000 15 650
90.010000 16 653
90.010000 17 514
90.010000 18 609
90.010000 19 595
90.010000 20 652
90.010000 21 639
90.010000 22 560
90.010000 23 652
90.010000 24 653
91.010000 0 610
91.010000 1 663
91.010000 2 643
91.010000 3 548
91.010000 4 552
91.010000 5 675
91.010000 6 675
91.010000 7 657
91.010000 8 675
91.010000 9 674
91.010000 10 490
91.010000 11 675
91.010000 12 674
91.010000 13 674
91.010000 14 612
91.010000 15 674
91.010000 16 675
91.010000 17 485
91.010000 18 612
91.010000 19 644
91.010000 20 676
91.010000 21 667
91.010000 22 588
91.010000 23 675
91.010000 24 675
92.010000 0 667
92.010000 1 585
92.010000 2 617
92.010000 3 664
92.010000 4 657
92.010000 5 673
92.010000 6 674
92.010000 7 505
92.010000 8 674
92.010000 9 675
92.010000 10 529
92.010000 11 674
92.010000 12 673
92.010000 13 675
92.010000 14 669
92.010000 15 672
92.010000 16 674
92.010000 17 659
92.010000 18 669
92.010000 19 619
92.010000 20 674
92.010000 21 591
92.010000 22 591
92.010000 23 675
92.010000 24 674
93.010000 0 668
93.010000 1 592
93.010000 2 673
93.010000 3 646
93.010000 4 636
93.010000 5 679
93.010000 6 680
93.010000 7 496
93.010000 8 680
93.010000 9 680
93.010000 10 572
93.010000 11 680
93.010000 12 679
93.010000 13 680
93.010000 14 671
93.010000 15 678
93.010000 16 680
93.010000 17 637
93.010000 18 671
93.010000 19 675
93.010000 20 680
93.010000 21 575
93.010000 22 599
93.010000 23 680
93.010000 24 679
94.010000 0 617
94.010000 1 614
94.010000 2 666
94.010000 3 583
94.010000 4 619
94.010000 5 678
94.010000 6 679
94.010000 7 561
94.010000 8 680
94.010000 9 679
94.010000 10 573
94.010000 11 680
94.010000 12 678
94.010000 13 680
94.010000 14 618
94.010000 15 676
94.010000 16 680
94.010000 17 521
94.010000 18 618
94.010000 19 669
94.010000 20 680
94.010000 21 621
94.010000 22 606
94.010000 23 679
94.010000 24 681
95.010000 0 647
95.010000 1 559
95.010000 2 596
95.010000 3 640
95.010000 4 628
95.010000 5 649
95.010000 6 651
95.010000 7 471
95.010000 8 649
95.010000 9 651
95.010000 10 524
95.010000 11 650
95.010000 12 650
95.010000 13 650
95.010000 14 649
95.010000 15 649
95.010000 16 650
95.010000 17 639
95.010000 18 649
95.010000 19 597
95.010000 20 650
95.010000 21 566
95.010000 22 585
95.010000 23 651
95.010000 24 650
96.010000 0 589
96.010000 1 555
96.010000 2 626
96.010000 3 563
96.010000 4 573
96.010000 5 628
96.010000 6 628
96.010000 7 487
96.010000 8 628
96.010000 9 627
96.010000 10 534
96.010000 11 628
96.010000 12 627
96.010000 13 628
96.010000 14 591
96.010000 15 627
96.010000 16 628
96.010000 17 526
96.010000 18 591
96.010000 19 628
96.010000 20 628
96.010000 21 553
96.010000 22 561
96.010000 23 628
96.010000 24 628
97.010000 0 579
97.010000 1 536
97.010000 2 576
97.010000 3 556
97.010000 4 547
97.010000 5 600
97.010000 6 601
97.010000 7 493
97.010000 8 601
97.010000 9 602
97.010000 10 465
97.010000 11 601
97.010000 12 600
97.010000 13 601
97.010000 14 581
97.010000 15 599
97.010000 16 601
97.010000 17 536
97.010000 18 581
97.010000 19 578
97.010000 20 601
97.010000 21 554
97.010000 22 518
97.010000 23 601
97.010000 24 601
98.010000 0 635
98.010000 1 597
98.010000 2 625
98.010000 3 618
98.010000 4 618
98.010000 5 658
98.010000 6 659
98.010000 7 521
98.010000 8 659
98.010000 9 659
98.010000 10 528
98.010000 11 659
98.010000 12 658
98.010000 13 659
98.010000 14 637
98.010000 15 657
98.010000 16 659
98.010000 17 596
98.010000 18 637
98.010000 19 627
98.010000 20 659
98.010000 21 578
98.010000 22 569
98.010000 23 659
98.010000 24 659
99.010000 0 722
99.010000 1 683
99.010000 2 720
99.010000 3 697
99.010000 4 693
99.010000 5 756
99.010000 6 757
99.010000 7 616
99.010000 8 757
99.010000 9 757
99.010000 10 595
99.010000 11 757
99.010000 12 756
99.010000 13 757
99.010000 14 724
99.010000 15 755
99.010000 16 757
99.010000 17 664
99.010000 18 724
99.010000 19 722
99.010000 20 757
99.010000 21 688
99.010000 22 659
99.010000 23 757
99.010000 24 757
100.010000 0 625
100.010000 1 616
100.010000 2 618
100.010000 3 597
100.010000 4 618
100.010000 5 663
100.010000 6 664
100.010000 7 592
100.010000 8 664
100.010000 9 664
100.010000 10 479
100.010000 11 664
100.010000 12 663
100.010000 13 663
100.010000 14 627
100.010000 15 662
100.010000 16 664
100.010000 17 560
100.010000 18 627
100.010000 19 620
100.010000 20 664
100.010000 21 640
100.010000 22 545
100.010000 23 664
100.010000 24 664
101.010000 0 654
101.010000 1 622
101.010000 2 656
101.010000 3 635
101.010000 4 628
101.010000 5 678
101.010000 6 679
101.010000 7 540
101.010000 8 679
101.010000 9 679
101.010000 10 536
101.010000 11 679
101.010000 12 676
101.010000 13 680
101.010000 14 656
101.010000 15 676
101.010000 16 679
101.010000 17 612
101.010000 18 656
101.010000 19 659
101.010000 20 679
101.010000 21 596
101.010000 22 581
101.010000 23 679
101.010000 24 679
102.010000 0 593
102.010000 1 538
102.010000 2 605
102.010000 3 568
102.010000 4 569
102.010000 5 618
102.010000 6 620
102.010000 7 468
102.010000 8 620
102.010000 9 620
102.010000 10 526
102.010000 11 620
102.010000 12 619
102.010000 13 620
102.010000 14 595
102.010000 15 617
102.010000 16 620
102.010000 17 543
102.010000 18 595
102.010000 19 608
102.010000 20 620
102.010000 21 546
102.010000 22 564
102.010000 23 620
102.010000 24 620
103.010000 0 617
103.010000 1 586
103.010000 2 606
103.010000 3 603
103.010000 4 610
103.010000 5 650
103.010000 6 650
103.010000 7 532
103.010000 8 650
103.010000 9 650
103.010000 10 504
103.010000 11 650
103.010000 12 651
103.010000 13 650
103.010000 14 619
103.010000 15 650
103.010000 16 650
103.010000 17 572
103.010000 18 619
103.010000 19 606
103.010000 20 650
103.010000 21 588
103.010000 22 572
103.010000 23 650
103.010000 24 649
104.010000 0 631
104.010000 1 598
104.010000 2 654
104.010000 3 596
104.010000 4 599
104.010000 5 668
104.010000 6 669
104.010000 7 529
104.010000 8 669
104.010000 9 669
104.010000 10 556
104.010000 11 669
104.010000 12 668
104.010000 13 669
104.010000 14 634
104.010000 15 667
104.010000 16 669
104.010000 17 562
104.010000 18 635
104.010000 19 656
104.010000 20 669
104.010000 21 598
104.010000 22 606
104.010000 23 669
104.010000 24 670
105.010000 0 565
105.010000 1 492
105.010000 2 577
105.010000 3 548
105.010000 4 550
105.010000 5 586
105.010000 6 587
105.010000 7 400
105.010000 8 586
105.010000 9 587
105.010000 10 534
105.010000 11 587
105.010000 12 586
105.010000 13 586
105.010000 14 566
105.010000 15 585
105.010000 16 587
105.010000 17 526
105.010000 18 565
105.010000 19 579
105.010000 20 587
105.010000 21 491
105.010000 22 560
105.010000 23 587
105.010000 24 586
106.010000 0 641
106.010000 1 582
106.010000 2 601
106.010000 3 627
106.010000 4 621
106.010000 5 655
106.010000 6 656
106.010000 7 515
106.010000 8 657
106.010000 9 656
106.010000 10 511
106.010000 11 656
106.010000 12 655
106.010000 13 657
106.010000 14 643
106.010000 15 654
106.010000 16 656
106.010000 17 614
106.010000 18 643
106.010000 19 603
106.010000 20 656
106.010000 21 587
106.010000 22 578
106.010000 23 656
106.010000 24 656
107.010000 0 639
107.010000 1 614
107.010000 2 649
107.010000 3 600
107.010000 4 601
107.010000 5 677
107.010000 6 677
107.010000 7 554
107.010000 8 678
107.010000 9 677
107.010000 10 553
107.010000 11 678
107.010000 12 677
107.010000 13 678
107.010000 14 641
107.010000 15 676
107.010000 16 678
107.010000 17 563
107.010000 18 641
107.010000 19 651
107.010000 20 678
107.010000 21 620
107.010000 22 612
107.010000 23 678
107.010000 24 679
108.010000 0 619
108.010000 1 606
108.010000 2 637
108.010000 3 595
108.010000 4 603
108.010000 5 658
108.010000 6 660
108.010000 7 527
108.010000 8 659
108.010000 9 660
108.010000 10 537
108.010000 11 659
108.010000 12 658
108.010000 13 659
108.010000 14 622
108.010000 15 657
108.010000 16 659
108.010000 17 558
108.010000 18 621
108.010000 19 639
108.010000 20 658
108.010000 21 580
108.010000 22 585
108.010000 23 658
108.010000 24 659
109.010000 0 673
109.010000 1 624
109.010000 2 636
109.010000 3 647
109.010000 4 639
109.010000 5 690
109.010000 6 691
109.010000 7 568
109.010000 8 691
109.010000 9 691
109.010000 10 523
109.010000 11 691
109.010000 12 690
109.010000 13 690
109.010000 14 674
109.010000 15 689
109.010000 16 691
109.010000 17 630
109.010000 18 675
109.010000 19 638
109.010000 20 692
109.010000 21 634
109.010000 22 600
109.010000 23 692
109.010000 24 691
110.010000 0 619
110.010000 1 601
110.010000 2 652
110.010000 3 595
110.010000 4 612
110.010000 5 668
110.010000 6 669
110.010000 7 534
110.010000 8 669
110.010000 9 669
110.010000 10 556
110.010000 11 669
110.010000 12 668
110.010000 13 670
110.010000 14 623
110.010000 15 667
110.010000 16 669
110.010000 17 550
110.010000 18 623
110.010000 19 654
110.010000 20 669
110.010000 21 602
110.010000 22 596
110.010000 23 669
110.010000 24 669
111.010000 0 671
111.010000 1 571
111.010000 2 664
111.010000 3 650
111.010000 4 646
111.010000 5 684
111.010000 6 685
111.010000 7 469
111.010000 8 685
111.010000 9 684
111.010000 10 604
111.010000 11 685
111.010000 12 684
111.010000 13 685
111.010000 14 671
111.010000 15 683
111.010000 16 685
111.010000 17 635
111.010000 18 671
111.010000 19 666
111.010000 20 685
111.010000 21 578
111.010000 22 646
111.010000 23 685
111.010000 24 685
112.010000 0 705
112.010000 1 638
112.010000 2 686
112.010000 3 696
112.010000 4 697
112.010000 5 721
112.010000 6 722
112.010000 7 563
112.010000 8 722
112.010000 9 723
112.010000 10 563
112.010000 11 722
112.010000 12 720
112.010000 13 721
112.010000 14 708
112.010000 15 719
112.010000 16 722
112.010000 17 682
112.010000 18 708
112.010000 19 688
112.010000 20 722
112.010000 21 642
112.010000 22 602
112.010000 23 722
112.010000 24 722
113.010000 0 575
113.010000 1 565
113.010000 2 620
113.010000 3 542
113.010000 4 545
113.010000 5 620
113.010000 6 621
113.010000 7 499
113.010000 8 621
113.010000 9 621
113.010000 10 525
113.010000 11 621
113.010000 12 621
113.010000 13 622
113.010000 14 577
113.010000 15 620
113.010000 16 621
113.010000 17 499
113.010000 18 578
113.010000 19 622
113.010000 20 620
113.010000 21 552
113.010000 22 562
113.010000 23 621
113.010000 24 621
114.010000 0 579
114.010000 1 526
114.010000 2 554
114.010000 3 560
114.010000 4 559
114.010000 5 593
114.010000 6 594
114.010000 7 472
114.010000 8 594
114.010000 9 594
114.010000 10 467
114.010000 11 594
114.010000 12 593
114.010000 13 594
114.010000 14 580
114.010000 15 592
114.010000 16 594
114.010000 17 545
114.010000 18 579
114.010000 19 556
114.010000 20 595
114.010000 21 535
114.010000 22 518
114.010000 23 594
114.010000 24 593
115.010000 0 646
115.010000 1 591
115.010000 2 626
115.010000 3 630
115.010000 4 629
115.010000 5 665
115.010000 6 665
115.010000 7 498
115.010000 8 666
115.010000 9 666
115.010000 10 545
115.010000 11 666
115.010000 12 665
115.010000 13 666
115.010000 14 648
115.010000 15 664
115.010000 16 666
115.010000 17 612
115.010000 18 648
115.010000 19 628
115.010000 20 666
115.010000 21 578
115.010000 22 602
115.010000 23 666
115.010000 24 667
116.010000 0 699
116.010000 1 663
116.010000 2 714
116.010000 3 669
116.010000 4 671
116.010000 5 741
116.010000 6 745
116.010000 7 593
116.010000 8 744
116.010000 9 744
116.010000 10 616
116.010000 11 744
116.010000 12 741
116.010000 13 744
116.010000 14 701
116.010000 15 739
116.010000 16 744
116.010000 17 626
116.010000 18 701
116.010000 19 718
116.010000 20 744
116.010000 21 670
116.010000 22 674
116.010000 23 744
116.010000 24 744
117.010000 0 572
117.010000 1 525
117.010000 2 593
117.010000 3 545
117.010000 4 545
117.010000 5 603
117.010000 6 602
117.010000 7 451
117.010000 8 602
117.010000 9 602
117.010000 10 518
117.010000 11 602
117.010000 12 603
117.010000 13 602
117.010000 14 574
117.010000 15 603
117.010000 16 602
117.010000 17 517
117.010000 18 574
117.010000 19 593
117.010000 20 601
117.010000 21 525
117.010000 22 559
117.010000 23 602
117.010000 24 602
118.010000 0 647
118.010000 1 594
118.010000 2 611
118.010000 3 633
118.010000 4 637
118.010000 5 668
118.010000 6 669
118.010000 7 537
118.010000 8 669
118.010000 9 669
118.010000 10 512
118.010000 11 669
118.010000 12 668
118.010000 13 669
118.010000 14 651
118.010000 15 667
118.010000 16 669
118.010000 17 615
118.010000 18 650
118.010000 19 613
118.010000 20 670
118.010000 21 612
118.010000 22 584
118.010000 23 669
118.010000 24 669
119.010000 0 617
119.010000 1 567
119.010000 2 628
119.010000 3 589
119.010000 4 586
119.010000 5 645
119.010000 6 648
119.010000 7 490
119.010000 8 648
119.010000 9 648
119.010000 10 557
119.010000 11 648
119.010000 12 646
119.010000 13 648
119.010000 14 617
119.010000 15 643
119.010000 16 648
119.010000 17 558
119.010000 18 618
119.010000 19 631
119.010000 20 648
119.010000 21 566
119.010000 22 603
119.010000 23 648
119.010000 24 648
120.010000 0 585
120.010000 1 533
120.010000 2 616
120.010000 3 559
120.010000 4 563
120.010000 5 621
120.010000 6 622
120.010000 7 457
120.010000 8 622
120.010000 9 622
120.010000 10 549
120.010000 11 622
120.010000 12 622
120.010000 13 622
120.010000 14 588
120.010000 15 621
120.010000 16 622
120.010000 17 525
120.010000 18 588
120.010000 19 618
120.010000 20 622
120.010000 21 544
120.010000 22 586
120.010000 23 622
120.010000 24 622
121.010000 0 666
121.010000 1 607
121.010000 2 643
121.010000 3 651
121.010000 4 647
121.010000 5 686
121.010000 6 685
121.010000 7 522
121.010000 8 685
121.010000 9 685
121.010000 10 550
121.010000 11 685
121.010000 12 684
121.010000 13 684
121.010000 14 667
121.010000 15 685
121.010000 16 685
121.010000 17 633
121.010000 18 667
121.010000 19 644
121.010000 20 685
121.010000 21 601
121.010000 22 611
121.010000 23 685
121.010000 24 685
122.010000 0 665
122.010000 1 629
122.010000 2 651
122.010000 3 649
122.010000 4 649
122.010000 5 696
122.010000 6 697
122.010000 7 560
122.010000 8 697
122.010000 9 697
122.010000 10 547
122.010000 11 696
122.010000 12 696
122.010000 13 698
122.010000 14 669
122.010000 15 695
122.010000 16 697
122.010000 17 622
122.010000 18 669
122.010000 19 653
122.010000 20 697
122.010000 21 627
122.010000 22 615
122.010000 23 697
122.010000 24 697
123.010000 0 636
123.010000 1 562
123.010000 2 646
123.010000 3 606
123.010000 4 606
123.010000 5 656
123.010000 6 657
123.010000 7 477
123.010000 8 657
123.010000 9 657
123.010000 10 572
123.010000 11 658
123.010000 12 656
123.010000 13 657
123.010000 14 636
123.010000 15 655
123.010000 16 657
123.010000 17 584
123.010000 18 636
123.010000 19 648
123.010000 20 657
123.010000 21 562
123.010000 22 606
123.010000 23 657
123.010000 24 657
124.010000 0 595
124.010000 1 602
124.010000 2 633
124.010000 3 568
124.010000 4 578
124.010000 5 647
124.010000 6 648
124.010000 7 530
124.010000 8 647
124.010000 9 648
124.010000 10 537
124.010000 11 647
124.010000 12 647
124.010000 13 648
124.010000 14 598
124.010000 15 646
124.010000 16 648
124.010000 17 519
124.010000 18 599
124.010000 19 635
124.010000 20 648
124.010000 21 576
124.010000 22 583
124.010000 23 648
124.010000 24 648
125.010000 0 647
125.010000 1 601
125.010000 2 595
125.010000 3 629
125.010000 4 626
125.010000 5 662
125.010000 6 663
125.010000 7 547
125.010000 8 664
125.010000 9 663
125.010000 10 496
125.010000 11 664
125.010000 12 662
125.010000 13 663
125.010000 14 648
125.010000 15 661
125.010000 16 663
125.010000 17 613
125.010000 18 647
125.010000 19 597
125.010000 20 663
125.010000 21 608
125.010000 22 572
125.010000 23 662
125.010000 24 663
126.010000 0 650
126.010000 1 591
126.010000 2 662
126.010000 3 623
126.010000 4 627
126.010000 5 680
126.010000 6 681
126.010000 7 520
126.010000 8 681
126.010000 9 681
126.010000 10 570
126.010000 11 681
126.010000 12 680
126.010000 13 681
126.010000 14 652
126.010000 15 679
126.010000 16 681
126.010000 17 594
126.010000 18 652
126.010000 19 664
126.010000 20 681
126.010000 21 604
126.010000 22 617
126.010000 23 682
126.010000 24 681
127.010000 0 677
127.010000 1 615
127.010000 2 691
127.010000 3 655
127.010000 4 668
127.010000 5 713
127.010000 6 714
127.010000 7 526
127.010000 8 714
127.010000 9 714
127.010000 10 618
127.010000 11 713
127.010000 12 713
127.010000 13 714
127.010000 14 679
127.010000 15 712
127.010000 16 714
127.010000 17 620
127.010000 18 679
127.010000 19 693
127.010000 20 714
127.010000 21 618
127.010000 22 662
127.010000 23 714
127.010000 24 714
128.010000 0 651
128.010000 1 600
128.010000 2 656
128.010000 3 617
128.010000 4 602
128.010000 5 671
128.010000 6 672
128.010000 7 532
128.010000 8 672
128.010000 9 672
128.010000 10 546
128.010000 11 673
128.010000 12 671
128.010000 13 672
128.010000 14 654
128.010000 15 670
128.010000 16 671
128.010000 17 599
128.010000 18 653
128.010000 19 658
128.010000 20 671
128.010000 21 599
128.010000 22 592
128.010000 23 672
128.010000 24 671
129.010000 0 595
129.010000 1 552
129.010000 2 578
129.010000 3 579
129.010000 4 588
129.010000 5 620
129.010000 6 623
129.010000 7 504
129.010000 8 623
129.010000 9 623
129.010000 10 486
129.010000 11 623
129.010000 12 621
129.010000 13 623
129.010000 14 596
129.010000 15 618
129.010000 16 624
129.010000 17 552
129.010000 18 597
129.010000 19 581
129.010000 20 624
129.010000 21 573
129.010000 22 544
129.010000 23 623
129.010000 24 624
130.010000 0 593
130.010000 1 592
130.010000 2 613
130.010000 3 558
130.010000 4 556
130.010000 5 638
130.010000 6 637
130.010000 7 540
130.010000 8 637
130.010000 9 637
130.010000 10 506
130.010000 11 637
130.010000 12 637
130.010000 13 637
130.010000 14 596
130.010000 15 638
130.010000 16 636
130.010000 17 517
130.010000 18 595
130.010000 19 614
130.010000 20 637
130.010000 21 586
130.010000 22 569
130.010000 23 637
130.010000 24 637
131.010000 0 643
131.010000 1 547
131.010000 2 631
131.010000 3 630
131.010000 4 631
131.010000 5 655
131.010000 6 655
131.010000 7 447
131.010000 8 656
131.010000 9 656
131.010000 10 576
131.010000 11 656
131.010000 12 653
131.010000 13 656
131.010000 14 644
131.010000 15 653
131.010000 16 657
131.010000 17 618
131.010000 18 645
131.010000 19 634
131.010000 20 656
131.010000 21 548
131.010000 22 612
131.010000 23 656
131.010000 24 656
132.010000 0 662
132.010000 1 571
132.010000 2 660
132.010000 3 646
132.010000 4 648
132.010000 5 676
132.010000 6 678
132.010000 7 444
132.010000 8 677
132.010000 9 677
132.010000 10 613
132.010000 11 677
132.010000 12 678
132.010000 13 677
132.010000 14 664
132.010000 15 676
132.010000 16 676
132.010000 17 633
132.010000 18 664
132.010000 19 661
132.010000 20 677
132.010000 21 545
132.010000 22 644
132.010000 23 677
132.010000 24 677
133.010000 0 667
133.010000 1 619
133.010000 2 670
133.010000 3 641
133.010000 4 649
133.010000 5 700
133.010000 6 703
133.010000 7 552
133.010000 8 703
133.010000 9 703
133.010000 10 577
133.010000 11 703
133.010000 12 701
133.010000 13 703
133.010000 14 669
133.010000 15 698
133.010000 16 704
133.010000 17 607
133.010000 18 669
133.010000 19 673
133.010000 20 703
133.010000 21 633
133.010000 22 633
133.010000 23 703
133.010000 24 703
134.010000 0 615
134.010000 1 594
134.010000 2 638
134.010000 3 578
134.010000 4 580
134.010000 5 658
134.010000 6 657
134.010000 7 537
134.010000 8 657
134.010000 9 656
134.010000 10 543
134.010000 11 657
134.010000 12 656
134.010000 13 656
134.010000 14 617
134.010000 15 657
134.010000 16 657
134.010000 17 538
134.010000 18 617
134.010000 19 639
134.010000 20 656
134.010000 21 596
134.010000 22 594
134.010000 23 657
134.010000 24 657
135.010000 0 609
135.010000 1 621
135.010000 2 579
135.010000 3 582
135.010000 4 580
135.010000 5 646
135.010000 6 647
135.010000 7 600
135.010000 8 647
135.010000 9 648
135.010000 10 443
135.010000 11 647
135.010000 12 647
135.010000 13 648
135.010000 14 613
135.010000 15 646
135.010000 16 647
135.010000 17 549
135.010000 18 613
135.010000 19 581
135.010000 20 648
135.010000 21 626
135.010000 22 549
135.010000 23 647
135.010000 24 647
136.010000 0 584
136.010000 1 555
136.010000 2 606
136.010000 3 545
136.010000 4 539
136.010000 5 615
136.010000 6 618
136.010000 7 495
136.010000 8 618
136.010000 9 618
136.010000 10 518
136.010000 11 618
136.010000 12 617
136.010000 13 618
136.010000 14 584
136.010000 15 614
136.010000 16 618
136.010000 17 510
136.010000 18 584
136.010000 19 609
136.010000 20 618
136.010000 21 554
136.010000 22 567
136.010000 23 618
136.010000 24 618
137.010000 0 646
137.010000 1 586
137.010000 2 633
137.010000 3 628
137.010000 4 629
137.010000 5 672
137.010000 6 671
137.010000 7 512
137.010000 8 671
137.010000 9 670
137.010000 10 550
137.010000 11 671
137.010000 12 668
137.010000 13 671
137.010000 14 648
137.010000 15 670
137.010000 16 671
137.010000 17 605
137.010000 18 648
137.010000 19 635
137.010000 20 670
137.010000 21 596
137.010000 22 606
137.010000 23 671
137.010000 24 671
138.010000 0 636
138.010000 1 585
138.010000 2 629
138.010000 3 619
138.010000 4 625
138.010000 5 660
138.010000 6 661
138.010000 7 494
138.010000 8 661
138.010000 9 662
138.010000 10 552
138.010000 11 661
138.010000 12 662
138.010000 13 661
138.010000 14 639
138.010000 15 660
138.010000 16 661
138.010000 17 597
138.010000 18 639
138.010000 19 630
138.010000 20 662
138.010000 21 564
138.010000 22 599
138.010000 23 661
138.010000 24 660
139.010000 0 597
139.010000 1 504
139.010000 2 614
139.010000 3 582
139.010000 4 580
139.010000 5 615
139.010000 6 616
139.010000 7 398
139.010000 8 616
139.010000 9 616
139.010000 10 574
139.010000 11 616
139.010000 12 615
139.010000 13 616
139.010000 14 599
139.010000 15 614
139.010000 16 616
139.010000 17 566
139.010000 18 600
139.010000 19 616
139.010000 20 616
139.010000 21 503
139.010000 22 592
139.010000 23 616
139.010000 24 617
140.010000 0 641
140.010000 1 605
140.010000 2 627
140.010000 3 626
140.010000 4 632
140.010000 5 666
140.010000 6 667
140.010000 7 519
140.010000 8 667
140.010000 9 667
140.010000 10 534
140.010000 11 667
140.010000 12 666
140.010000 13 667
140.010000 14 643
140.010000 15 665
140.010000 16 667
140.010000 17 602
140.010000 18 643
140.010000 19 629
140.010000 20 667
140.010000 21 587
140.010000 22 582
140.010000 23 667
140.010000 24 667
141.010000 0 685
141.010000 1 620
141.010000 2 669
141.010000 3 676
141.010000 4 673
141.010000 5 691
141.010000 6 692
141.010000 7 572
141.010000 8 692
141.010000 9 692
141.010000 10 493
141.010000 11 692
141.010000 12 691
141.010000 13 692
141.010000 14 687
141.010000 15 690
141.010000 16 692
141.010000 17 670
141.010000 18 686
141.010000 19 671
141.010000 20 692
141.010000 21 646
141.010000 22 520
141.010000 23 691
141.010000 24 692
142.010000 0 710
142.010000 1 659
142.010000 2 708
142.010000 3 684
142.010000 4 685
142.010000 5 743
142.010000 6 745
142.010000 7 549
142.010000 8 745
142.010000 9 744
142.010000 10 643
142.010000 11 745
142.010000 12 743
142.010000 13 745
142.010000 14 711
142.010000 15 741
142.010000 16 745
142.010000 17 650
142.010000 18 711
142.010000 19 711
142.010000 20 745
142.010000 21 637
142.010000 22 703
142.010000 23 746
142.010000 24 745
143.010000 0 651
143.010000 1 622
143.010000 2 669
143.010000 3 621
143.010000 4 630
143.010000 5 692
143.010000 6 691
143.010000 7 563
143.010000 8 692
143.010000 9 693
143.010000 10 560
143.010000 11 692
143.010000 12 692
143.010000 13 692
143.010000 14 653
143.010000 15 692
143.010000 16 692
143.010000 17 582
143.010000 18 653
143.010000 19 670
143.010000 20 692
143.010000 21 629
143.010000 22 609
143.010000 23 691
143.010000 24 692
144.010000 0 566
144.010000 1 577
144.010000 2 566
144.010000 3 536
144.010000 4 537
144.010000 5 599
144.010000 6 601
144.010000 7 562
144.010000 8 600
144.010000 9 600
144.010000 10 419
144.010000 11 600
144.010000 12 599
144.010000 13 600
144.010000 14 568
144.010000 15 598
144.010000 16 600
144.010000 17 504
144.010000 18 568
144.010000 19 568
144.010000 20 599
144.010000 21 579
144.010000 22 474
144.010000 23 601
144.010000 24 600
145.010000 0 620
145.010000 1 634
145.010000 2 594
145.010000 3 585
145.010000 4 573
145.010000 5 650
145.010000 6 651
145.010000 7 616
145.010000 8 651
145.010000 9 651
145.010000 10 434
145.010000 11 651
145.010000 12 650
145.010000 13 651
145.010000 14 622
145.010000 15 649
145.010000 16 651
145.010000 17 556
145.010000 18 622
145.010000 19 596
145.010000 20 652
145.010000 21 633
145.010000 22 535
145.010000 23 651
145.010000 24 651
146.010000 0 602
146.010000 1 606
146.010000 2 628
146.010000 3 575
146.010000 4 589
146.010000 5 653
146.010000 6 654
146.010000 7 565
146.010000 8 654
146.010000 9 654
146.010000 10 512
146.010000 11 654
146.010000 12 653
146.010000 13 653
146.010000 14 605
146.010000 15 652
146.010000 16 654
146.010000 17 526
146.010000 18 604
146.010000 19 630
146.010000 20 653
146.010000 21 606
146.010000 22 568
146.010000 23 654
146.010000 24 654
147.010000 0 654
147.010000 1 602
147.010000 2 646
147.010000 3 628
147.010000 4 616
147.010000 5 671
147.010000 6 671
147.010000 7 529
147.010000 8 672
147.010000 9 672
147.010000 10 536
147.010000 11 672
147.010000 12 671
147.010000 13 673
147.010000 14 655
147.010000 15 670
147.010000 16 672
147.010000 17 611
147.010000 18 656
147.010000 19 648
147.010000 20 673
147.010000 21 593
147.010000 22 588
147.010000 23 672
147.010000 24 672
148.010000 0 660
148.010000 1 621
148.010000 2 666
148.010000 3 640
148.010000 4 650
148.010000 5 696
148.010000 6 697
148.010000 7 544
148.010000 8 697
148.010000 9 697
148.010000 10 572
148.010000 11 697
148.010000 12 694
148.010000 13 697
148.010000 14 662
148.010000 15 694
148.010000 16 697
148.010000 17 605
148.010000 18 662
148.010000 19 669
148.010000 20 697
148.010000 21 620
148.010000 22 620
148.010000 23 697
148.010000 24 697
149.010000 0 598
149.010000 1 541
149.010000 2 598
149.010000 3 577
149.010000 4 572
149.010000 5 623
149.010000 6 625
149.010000 7 467
149.010000 8 624
149.010000 9 624
149.010000 10 530
149.010000 11 624
149.010000 12 623
149.010000 13 624
149.010000 14 600
149.010000 15 622
149.010000 16 624
149.010000 17 553
149.010000 18 600
149.010000 19 600
149.010000 20 624
149.010000 21 545
149.010000 22 580
149.010000 23 624
149.010000 24 624
