0.010000 0 6
0.010000 1 6
0.010000 2 2
0.010000 3 6
0.010000 4 6
0.010000 5 4
0.010000 6 6
0.010000 7 6
0.010000 8 6
0.010000 9 6
0.010000 10 6
0.010000 11 6
0.010000 12 4
0.010000 13 6
0.010000 14 6
0.010000 15 3
0.010000 16 6
0.010000 17 6
0.010000 18 6
0.010000 19 4
0.010000 20 6
0.010000 21 6
0.010000 22 6
0.010000 23 5
0.010000 24 6
0.010000 25 6
0.010000 26 6
1.010000 0 22
1.010000 1 25
1.010000 2 24
1.010000 3 24
1.010000 4 24
1.010000 5 24
1.010000 6 25
1.010000 7 25
1.010000 8 24
1.010000 9 25
1.010000 10 25
1.010000 11 25
1.010000 12 25
1.010000 13 25
1.010000 14 24
1.010000 15 23
1.010000 16 25
1.010000 17 23
1.010000 18 24
1.010000 19 25
1.010000 20 25
1.010000 21 25
1.010000 22 25
1.010000 23 26
1.010000 24 25
1.010000 25 25
1.010000 26 25
2.010000 0 26
2.010000 1 32
2.010000 2 29
2.010000 3 29
2.010000 4 33
2.010000 5 33
2.010000 6 32
2.010000 7 31
2.010000 8 32
2.010000 9 32
2.010000 10 32
2.010000 11 31
2.010000 12 30
2.010000 13 32
2.010000 14 30
2.010000 15 32
2.010000 16 32
2.010000 17 27
2.010000 18 29
2.010000 19 31
2.010000 20 32
2.010000 21 32
2.010000 22 32
2.010000 23 31
2.010000 24 32
2.010000 25 31
2.010000 26 32
3.010000 0 19
3.010000 1 21
3.010000 2 20
3.010000 3 22
3.010000 4 21
3.010000 5 20
3.010000 6 21
3.010000 7 22
3.010000 8 22
3.010000 9 21
3.010000 10 21
3.010000 11 21
3.010000 12 22
3.010000 13 21
3.010000 14 20
3.010000 15 20
3.010000 16 21
3.010000 17 21
3.010000 18 20
3.010000 19 21
3.010000 20 20
3.010000 21 20
3.010000 22 20
3.010000 23 22
3.010000 24 21
3.010000 25 22
3.010000 26 21
4.010000 0 25
4.010000 1 25
4.010000 2 20
4.010000 3 25
4.010000 4 26
4.010000 5 23
4.010000 6 26
4.010000 7 26
4.010000 8 26
4.010000 9 25
4.010000 10 26
4.010000 11 27
4.010000 12 24
4.010000 13 26
4.010000 14 26
4.010000 15 21
4.010000 16 26
4.010000 17 25
4.010000 18 27
4.010000 19 23
4.010000 20 27
4.010000 21 27
4.010000 22 27
4.010000 23 26
4.010000 24 26
4.010000 25 26
4.010000 26 26
5.010000 0 19
5.010000 1 26
5.010000 2 25
5.010000 3 22
5.010000 4 25
5.010000 5 26
5.010000 6 25
5.010000 7 25
5.010000 8 25
5.010000 9 26
5.010000 10 25
5.010000 11 24
5.010000 12 25
5.010000 13 25
5.010000 14 23
5.010000 15 26
5.010000 16 25
5.010000 17 20
5.010000 18 22
5.010000 19 26
5.010000 20 25
5.010000 21 25
5.010000 22 25
5.010000 23 25
5.010000 24 25
5.010000 25 25
5.010000 26 25
6.010000 0 30
6.010000 1 32
6.010000 2 26
6.010000 3 32
6.010000 4 31
6.010000 5 29
6.010000 6 32
6.010000 7 32
6.010000 8 31
6.010000 9 32
6.010000 10 32
6.010000 11 33
6.010000 12 29
6.010000 13 32
6.010000 14 31
6.010000 15 27
6.010000 16 32
6.010000 17 32
6.010000 18 33
6.010000 19 30
6.010000 20 32
6.010000 21 32
6.010000 22 32
6.010000 23 31
6.010000 24 31
6.010000 25 32
6.010000 26 31
7.010000 0 21
7.010000 1 22
7.010000 2 20
7.010000 3 22
7.010000 4 24
7.010000 5 22
7.010000 6 23
7.010000 7 23
7.010000 8 23
7.010000 9 23
7.010000 10 23
7.010000 11 23
7.010000 12 22
7.010000 13 23
7.010000 14 23
7.010000 15 21
7.010000 16 23
7.010000 17 21
7.010000 18 22
7.010000 19 22
7.010000 20 23
7.010000 21 23
7.010000 22 23
7.010000 23 24
7.010000 24 24
7.010000 25 23
7.010000 26 23
8.010000 0 22
8.010000 1 25
8.010000 2 24
8.010000 3 24
8.010000 4 25
8.010000 5 26
8.010000 6 25
8.010000 7 25
8.010000 8 26
8.010000 9 25
8.010000 10 24
8.010000 11 25
8.010000 12 26
8.010000 13 24
8.010000 14 24
8.010000 15 26
8.010000 16 24
8.010000 17 23
8.010000 18 24
8.010000 19 24
8.010000 20 25
8.010000 21 25
8.010000 22 24
8.010000 23 25
8.010000 24 25
8.010000 25 25
8.010000 26 26
9.010000 0 23
9.010000 1 26
9.010000 2 19
9.010000 3 25
9.010000 4 25
9.010000 5 22
9.010000 6 25
9.010000 7 25
9.010000 8 25
9.010000 9 24
9.010000 10 26
9.010000 11 25
9.010000 12 22
9.010000 13 26
9.010000 14 24
9.010000 15 20
9.010000 16 26
9.010000 17 24
9.010000 18 24
9.010000 19 23
9.010000 20 25
9.010000 21 25
9.010000 22 26
9.010000 23 25
9.010000 24 25
9.010000 25 25
9.010000 26 25
10.010000 0 23
10.010000 1 26
10.010000 2 25
10.010000 3 25
10.010000 4 26
10.010000 5 25
10.010000 6 26
10.010000 7 26
10.010000 8 26
10.010000 9 27
10.010000 10 26
10.010000 11 26
10.010000 12 26
10.010000 13 25
10.010000 14 25
10.010000 15 25
10.010000 16 26
10.010000 17 24
10.010000 18 25
10.010000 19 27
10.010000 20 26
10.010000 21 25
10.010000 22 26
10.010000 23 26
10.010000 24 25
10.010000 25 26
10.010000 26 26
11.010000 0 20
11.010000 1 26
11.010000 2 25
11.010000 3 23
11.010000 4 26
11.010000 5 27
11.010000 6 26
11.010000 7 26
11.010000 8 26
11.010000 9 26
11.010000 10 26
11.010000 11 26
11.010000 12 26
11.010000 13 27
11.010000 14 23
11.010000 15 26
11.010000 16 26
11.010000 17 21
11.010000 18 24
11.010000 19 25
11.010000 20 26
11.010000 21 27
11.010000 22 25
11.010000 23 26
11.010000 24 27
11.010000 25 25
11.010000 26 26
12.010000 0 26
12.010000 1 26
12.010000 2 20
12.010000 3 27
12.010000 4 26
12.010000 5 25
12.010000 6 26
12.010000 7 26
12.010000 8 26
12.010000 9 26
12.010000 10 25
12.010000 11 26
12.010000 12 23
12.010000 13 26
12.010000 14 27
12.010000 15 23
12.010000 16 25
12.010000 17 27
12.010000 18 26
12.010000 19 23
12.010000 20 25
12.010000 21 26
12.010000 22 27
12.010000 23 26
12.010000 24 26
12.010000 25 27
12.010000 26 26
13.010000 0 23
13.010000 1 26
13.010000 2 22
13.010000 3 25
13.010000 4 26
13.010000 5 23
13.010000 6 25
13.010000 7 26
13.010000 8 26
13.010000 9 26
13.010000 10 27
13.010000 11 26
13.010000 12 25
13.010000 13 26
13.010000 14 25
13.010000 15 22
13.010000 16 27
13.010000 17 24
13.010000 18 25
13.010000 19 25
13.010000 20 27
13.010000 21 26
13.010000 22 26
13.010000 23 26
13.010000 24 26
13.010000 25 26
13.010000 26 26
14.010000 0 24
14.010000 1 27
14.010000 2 25
14.010000 3 26
14.010000 4 27
14.010000 5 26
14.010000 6 28
14.010000 7 27
14.010000 8 27
14.010000 9 27
14.010000 10 27
14.010000 11 27
14.010000 12 26
14.010000 13 27
14.010000 14 26
14.010000 15 25
14.010000 16 27
14.010000 17 25
14.010000 18 26
14.010000 19 27
14.010000 20 26
14.010000 21 27
14.010000 22 27
14.010000 23 26
14.010000 24 26
14.010000 25 27
14.010000 26 27
15.010000 0 17
15.010000 1 25
15.010000 2 25
15.010000 3 23
15.010000 4 25
15.010000 5 26
15.010000 6 25
15.010000 7 25
15.010000 8 25
15.010000 9 25
15.010000 10 25
15.010000 11 24
15.010000 12 26
15.010000 13 25
15.010000 14 21
15.010000 15 26
15.010000 16 25
15.010000 17 20
15.010000 18 21
15.010000 19 25
15.010000 20 26
15.010000 21 25
15.010000 22 25
15.010000 23 26
15.010000 24 26
15.010000 25 25
15.010000 26 25
16.010000 0 371
16.010000 1 330
16.010000 2 416
16.010000 3 419
16.010000 4 421
16.010000 5 420
16.010000 6 422
16.010000 7 421
16.010000 8 422
16.010000 9 421
16.010000 10 421
16.010000 11 423
16.010000 12 420
16.010000 13 422
16.010000 14 374
16.010000 15 418
16.010000 16 377
16.010000 17 370
16.010000 18 374
16.010000 19 420
16.010000 20 422
16.010000 21 422
16.010000 22 422
16.010000 23 330
16.010000 24 330
16.010000 25 422
16.010000 26 422
17.010000 0 289
17.010000 1 256
17.010000 2 327
17.010000 3 333
17.010000 4 332
17.010000 5 330
17.010000 6 332
17.010000 7 333
17.010000 8 332
17.010000 9 333
17.010000 10 333
17.010000 11 332
17.010000 12 330
17.010000 13 332
17.010000 14 291
17.010000 15 328
17.010000 16 294
17.010000 17 293
17.010000 18 291
17.010000 19 330
17.010000 20 332
17.010000 21 332
17.010000 22 332
17.010000 23 255
17.010000 24 255
17.010000 25 332
17.010000 26 332
18.010000 0 311
18.010000 1 268
18.010000 2 350
18.010000 3 352
18.010000 4 354
18.010000 5 352
18.010000 6 352
18.010000 7 353
18.010000 8 353
18.010000 9 353
18.010000 10 353
18.010000 11 353
18.010000 12 352
18.010000 13 352
18.010000 14 312
18.010000 15 351
18.010000 16 313
18.010000 17 310
18.010000 18 312
18.010000 19 352
18.010000 20 352
18.010000 21 353
18.010000 22 353
18.010000 23 274
18.010000 24 271
18.010000 25 353
18.010000 26 353
19.010000 0 270
19.010000 1 241
19.010000 2 304
19.010000 3 306
19.010000 4 308
19.010000 5 306
19.010000 6 309
19.010000 7 308
19.010000 8 308
19.010000 9 308
19.010000 10 307
19.010000 11 308
19.010000 12 307
19.010000 13 309
19.010000 14 273
19.010000 15 305
19.010000 16 271
19.010000 17 271
19.010000 18 273
19.010000 19 306
19.010000 20 309
19.010000 21 307
19.010000 22 308
19.010000 23 236
19.010000 24 238
19.010000 25 308
19.010000 26 308
20.010000 0 328
20.010000 1 288
20.010000 2 376
20.010000 3 376
20.010000 4 376
20.010000 5 377
20.010000 6 376
20.010000 7 376
20.010000 8 376
20.010000 9 376
20.010000 10 376
20.010000 11 375
20.010000 12 376
20.010000 13 376
20.010000 14 329
20.010000 15 377
20.010000 16 333
20.010000 17 329
20.010000 18 329
20.010000 19 377
20.010000 20 376
20.010000 21 376
20.010000 22 376
20.010000 23 288
20.010000 24 288
20.010000 25 376
20.010000 26 375
21.010000 0 316
21.010000 1 283
21.010000 2 361
21.010000 3 366
21.010000 4 367
21.010000 5 365
21.010000 6 367
21.010000 7 367
21.010000 8 367
21.010000 9 367
21.010000 10 368
21.010000 11 368
21.010000 12 365
21.010000 13 367
21.010000 14 319
21.010000 15 363
21.010000 16 325
21.010000 17 319
21.010000 18 319
21.010000 19 364
21.010000 20 367
21.010000 21 368
21.010000 22 367
21.010000 23 283
21.010000 24 283
21.010000 25 367
21.010000 26 368
22.010000 0 320
22.010000 1 281
22.010000 2 363
22.010000 3 364
22.010000 4 364
22.010000 5 363
22.010000 6 365
22.010000 7 365
22.010000 8 365
22.010000 9 365
22.010000 10 365
22.010000 11 365
22.010000 12 365
22.010000 13 365
22.010000 14 321
22.010000 15 363
22.010000 16 323
22.010000 17 319
22.010000 18 321
22.010000 19 365
22.010000 20 365
22.010000 21 365
22.010000 22 364
22.010000 23 280
22.010000 24 281
22.010000 25 365
22.010000 26 365
23.010000 0 317
23.010000 1 282
23.010000 2 361
23.010000 3 365
23.010000 4 367
23.010000 5 365
23.010000 6 366
23.010000 7 366
23.010000 8 366
23.010000 9 366
23.010000 10 366
23.010000 11 366
23.010000 12 363
23.010000 13 366
23.010000 14 319
23.010000 15 363
23.010000 16 324
23.010000 17 318
23.010000 18 319
23.010000 19 364
23.010000 20 366
23.010000 21 366
23.010000 22 367
23.010000 23 282
23.010000 24 282
23.010000 25 366
23.010000 26 366
