0.010000 0 0
0.010000 1 0
0.010000 2 0
0.010000 3 0
0.010000 4 0
0.010000 5 0
0.010000 6 0
0.010000 7 0
0.010000 8 0
0.010000 9 0
0.010000 10 0
0.010000 11 0
0.010000 12 0
0.010000 13 0
0.010000 14 0
0.010000 15 0
0.010000 16 0
0.010000 17 0
0.010000 18 0
0.010000 19 0
0.010000 20 0
0.010000 21 0
0.010000 22 0
0.010000 23 0
0.010000 24 0
0.010000 25 0
1.010000 0 0
1.010000 1 0
1.010000 2 0
1.010000 3 0
1.010000 4 0
1.010000 5 0
1.010000 6 0
1.010000 7 0
1.010000 8 0
1.010000 9 0
1.010000 10 0
1.010000 11 0
1.010000 12 0
1.010000 13 0
1.010000 14 0
1.010000 15 0
1.010000 16 0
1.010000 17 0
1.010000 18 0
1.010000 19 0
1.010000 20 0
1.010000 21 0
1.010000 22 0
1.010000 23 0
1.010000 24 0
1.010000 25 0
2.010000 0 0
2.010000 1 0
2.010000 2 0
2.010000 3 0
2.010000 4 0
2.010000 5 0
2.010000 6 0
2.010000 7 0
2.010000 8 0
2.010000 9 0
2.010000 10 0
2.010000 11 0
2.010000 12 0
2.010000 13 0
2.010000 14 0
2.010000 15 0
2.010000 16 0
2.010000 17 0
2.010000 18 0
2.010000 19 0
2.010000 20 0
2.010000 21 0
2.010000 22 0
2.010000 23 0
2.010000 24 0
2.010000 25 0
3.010000 0 0
3.010000 1 0
3.010000 2 0
3.010000 3 0
3.010000 4 0
3.010000 5 0
3.010000 6 0
3.010000 7 0
3.010000 8 0
3.010000 9 0
3.010000 10 0
3.010000 11 0
3.010000 12 0
3.010000 13 0
3.010000 14 0
3.010000 15 0
3.010000 16 0
3.010000 17 0
3.010000 18 0
3.010000 19 0
3.010000 20 0
3.010000 21 0
3.010000 22 0
3.010000 23 0
3.010000 24 0
3.010000 25 0
4.010000 0 0
4.010000 1 0
4.010000 2 0
4.010000 3 0
4.010000 4 0
4.010000 5 0
4.010000 6 0
4.010000 7 0
4.010000 8 0
4.010000 9 0
4.010000 10 0
4.010000 11 0
4.010000 12 0
4.010000 13 0
4.010000 14 0
4.010000 15 0
4.010000 16 0
4.010000 17 0
4.010000 18 0
4.010000 19 0
4.010000 20 0
4.010000 21 0
4.010000 22 0
4.010000 23 0
4.010000 24 0
4.010000 25 0
5.010000 0 0
5.010000 1 0
5.010000 2 0
5.010000 3 0
5.010000 4 0
5.010000 5 0
5.010000 6 0
5.010000 7 0
5.010000 8 0
5.010000 9 0
5.010000 10 0
5.010000 11 0
5.010000 12 0
5.010000 13 0
5.010000 14 0
5.010000 15 0
5.010000 16 0
5.010000 17 0
5.010000 18 0
5.010000 19 0
5.010000 20 0
5.010000 21 0
5.010000 22 0
5.010000 23 0
5.010000 24 0
5.010000 25 0
6.010000 0 0
6.010000 1 0
6.010000 2 0
6.010000 3 0
6.010000 4 0
6.010000 5 0
6.010000 6 0
6.010000 7 0
6.010000 8 0
6.010000 9 0
6.010000 10 0
6.010000 11 0
6.010000 12 0
6.010000 13 0
6.010000 14 0
6.010000 15 0
6.010000 16 0
6.010000 17 0
6.010000 18 0
6.010000 19 0
6.010000 20 0
6.010000 21 0
6.010000 22 0
6.010000 23 0
6.010000 24 0
6.010000 25 0
7.010000 0 0
7.010000 1 0
7.010000 2 0
7.010000 3 0
7.010000 4 0
7.010000 5 0
7.010000 6 0
7.010000 7 0
7.010000 8 0
7.010000 9 0
7.010000 10 0
7.010000 11 0
7.010000 12 0
7.010000 13 0
7.010000 14 0
7.010000 15 0
7.010000 16 0
7.010000 17 0
7.010000 18 0
7.010000 19 0
7.010000 20 0
7.010000 21 0
7.010000 22 0
7.010000 23 0
7.010000 24 0
7.010000 25 0
8.010000 0 0
8.010000 1 0
8.010000 2 0
8.010000 3 0
8.010000 4 0
8.010000 5 0
8.010000 6 0
8.010000 7 0
8.010000 8 0
8.010000 9 0
8.010000 10 0
8.010000 11 0
8.010000 12 0
8.010000 13 0
8.010000 14 0
8.010000 15 0
8.010000 16 0
8.010000 17 0
8.010000 18 0
8.010000 19 0
8.010000 20 0
8.010000 21 0
8.010000 22 0
8.010000 23 0
8.010000 24 0
8.010000 25 0
9.010000 0 0
9.010000 1 0
9.010000 2 0
9.010000 3 0
9.010000 4 0
9.010000 5 0
9.010000 6 0
9.010000 7 0
9.010000 8 0
9.010000 9 0
9.010000 10 0
9.010000 11 0
9.010000 12 0
9.010000 13 0
9.010000 14 0
9.010000 15 0
9.010000 16 0
9.010000 17 0
9.010000 18 0
9.010000 19 0
9.010000 20 0
9.010000 21 0
9.010000 22 0
9.010000 23 0
9.010000 24 0
9.010000 25 0
10.010000 0 0
10.010000 1 0
10.010000 2 0
10.010000 3 0
10.010000 4 0
10.010000 5 0
10.010000 6 0
10.010000 7 0
10.010000 8 0
10.010000 9 0
10.010000 10 0
10.010000 11 0
10.010000 12 0
10.010000 13 0
10.010000 14 0
10.010000 15 0
10.010000 16 0
10.010000 17 0
10.010000 18 0
10.010000 19 0
10.010000 20 0
10.010000 21 0
10.010000 22 0
10.010000 23 0
10.010000 24 0
10.010000 25 0
11.010000 0 0
11.010000 1 0
11.010000 2 0
11.010000 3 0
11.010000 4 0
11.010000 5 0
11.010000 6 0
11.010000 7 0
11.010000 8 0
11.010000 9 0
11.010000 10 0
11.010000 11 0
11.010000 12 0
11.010000 13 0
11.010000 14 0
11.010000 15 0
11.010000 16 0
11.010000 17 0
11.010000 18 0
11.010000 19 0
11.010000 20 0
11.010000 21 0
11.010000 22 0
11.010000 23 0
11.010000 24 0
11.010000 25 0
12.010000 0 0
12.010000 1 0
12.010000 2 0
12.010000 3 0
12.010000 4 0
12.010000 5 0
12.010000 6 0
12.010000 7 0
12.010000 8 0
12.010000 9 0
12.010000 10 0
12.010000 11 0
12.010000 12 0
12.010000 13 0
12.010000 14 0
12.010000 15 0
12.010000 16 0
12.010000 17 0
12.010000 18 0
12.010000 19 0
12.010000 20 0
12.010000 21 0
12.010000 22 0
12.010000 23 0
12.010000 24 0
12.010000 25 0
13.010000 0 0
13.010000 1 0
13.010000 2 0
13.010000 3 0
13.010000 4 0
13.010000 5 0
13.010000 6 0
13.010000 7 0
13.010000 8 0
13.010000 9 0
13.010000 10 0
13.010000 11 0
13.010000 12 0
13.010000 13 0
13.010000 14 0
13.010000 15 0
13.010000 16 0
13.010000 17 0
13.010000 18 0
13.010000 19 0
13.010000 20 0
13.010000 21 0
13.010000 22 0
13.010000 23 0
13.010000 24 0
13.010000 25 0
14.010000 0 0
14.010000 1 0
14.010000 2 0
14.010000 3 0
14.010000 4 0
14.010000 5 0
14.010000 6 0
14.010000 7 0
14.010000 8 0
14.010000 9 0
14.010000 10 0
14.010000 11 0
14.010000 12 0
14.010000 13 0
14.010000 14 0
14.010000 15 0
14.010000 16 0
14.010000 17 0
14.010000 18 0
14.010000 19 0
14.010000 20 0
14.010000 21 0
14.010000 22 0
14.010000 23 0
14.010000 24 0
14.010000 25 0
15.010000 0 0
15.010000 1 1
15.010000 2 1
15.010000 3 1
15.010000 4 1
15.010000 5 1
15.010000 6 1
15.010000 7 1
15.010000 8 1
15.010000 9 1
15.010000 10 1
15.010000 11 1
15.010000 12 1
15.010000 13 1
15.010000 14 0
15.010000 15 1
15.010000 16 1
15.010000 17 0
15.010000 18 0
15.010000 19 1
15.010000 20 1
15.010000 21 1
15.010000 22 1
15.010000 23 1
15.010000 24 1
15.010000 25 1
16.010000 0 595
16.010000 1 722
16.010000 2 529
16.010000 3 701
16.010000 4 722
16.010000 5 717
16.010000 6 722
16.010000 7 718
16.010000 8 722
16.010000 9 714
16.010000 10 714
16.010000 11 722
16.010000 12 540
16.010000 13 714
16.010000 14 605
16.010000 15 716
16.010000 16 608
16.010000 17 588
16.010000 18 605
16.010000 19 716
16.010000 20 718
16.010000 21 714
16.010000 22 718
16.010000 23 718
16.010000 24 722
16.010000 25 517
17.010000 0 521
17.010000 1 630
17.010000 2 424
17.010000 3 630
17.010000 4 630
17.010000 5 630
17.010000 6 630
17.010000 7 630
17.010000 8 630
17.010000 9 630
17.010000 10 630
17.010000 11 630
17.010000 12 424
17.010000 13 630
17.010000 14 521
17.010000 15 630
17.010000 16 528
17.010000 17 521
17.010000 18 521
17.010000 19 630
17.010000 20 630
17.010000 21 630
17.010000 22 630
17.010000 23 630
17.010000 24 630
17.010000 25 417
18.010000 0 541
18.010000 1 641
18.010000 2 421
18.010000 3 641
18.010000 4 641
18.010000 5 641
18.010000 6 641
18.010000 7 641
18.010000 8 641
18.010000 9 641
18.010000 10 641
18.010000 11 641
18.010000 12 421
18.010000 13 641
18.010000 14 541
18.010000 15 641
18.010000 16 534
18.010000 17 541
18.010000 18 541
18.010000 19 641
18.010000 20 641
18.010000 21 641
18.010000 22 641
18.010000 23 641
18.010000 24 641
18.010000 25 427
19.010000 0 545
19.010000 1 649
19.010000 2 429
19.010000 3 649
19.010000 4 649
19.010000 5 649
19.010000 6 649
19.010000 7 649
19.010000 8 649
19.010000 9 649
19.010000 10 649
19.010000 11 649
19.010000 12 429
19.010000 13 649
19.010000 14 545
19.010000 15 649
19.010000 16 531
19.010000 17 545
19.010000 18 545
19.010000 19 649
19.010000 20 649
19.010000 21 649
19.010000 22 649
19.010000 23 649
19.010000 24 649
19.010000 25 442
20.010000 0 550
20.010000 1 670
20.010000 2 454
20.010000 3 670
20.010000 4 670
20.010000 5 670
20.010000 6 670
20.010000 7 670
20.010000 8 670
20.010000 9 670
20.010000 10 670
20.010000 11 670
20.010000 12 454
20.010000 13 670
20.010000 14 550
20.010000 15 670
20.010000 16 569
20.010000 17 550
20.010000 18 550
20.010000 19 670
20.010000 20 670
20.010000 21 670
20.010000 22 670
20.010000 23 670
20.010000 24 670
20.010000 25 437
21.010000 0 530
21.010000 1 638
21.010000 2 426
21.010000 3 638
21.010000 4 638
21.010000 5 638
21.010000 6 638
21.010000 7 638
21.010000 8 638
21.010000 9 638
21.010000 10 638
21.010000 11 638
21.010000 12 426
21.010000 13 638
21.010000 14 530
21.010000 15 638
21.010000 16 536
21.010000 17 530
21.010000 18 530
21.010000 19 638
21.010000 20 638
21.010000 21 638
21.010000 22 638
21.010000 23 638
21.010000 24 638
21.010000 25 422
22.010000 0 540
22.010000 1 648
22.010000 2 433
22.010000 3 648
22.010000 4 648
22.010000 5 648
22.010000 6 648
22.010000 7 648
22.010000 8 648
22.010000 9 648
22.010000 10 648
22.010000 11 648
22.010000 12 433
22.010000 13 648
22.010000 14 540
22.010000 15 648
22.010000 16 533
22.010000 17 540
22.010000 18 540
22.010000 19 648
22.010000 20 648
22.010000 21 648
22.010000 22 648
22.010000 23 648
22.010000 24 648
22.010000 25 438
23.010000 0 550
23.010000 1 659
23.010000 2 438
23.010000 3 659
23.010000 4 659
23.010000 5 659
23.010000 6 659
23.010000 7 659
23.010000 8 659
23.010000 9 659
23.010000 10 659
23.010000 11 659
23.010000 12 438
23.010000 13 659
23.010000 14 550
23.010000 15 659
23.010000 16 548
23.010000 17 550
23.010000 18 550
23.010000 19 659
23.010000 20 659
23.010000 21 659
23.010000 22 659
23.010000 23 659
23.010000 24 659
23.010000 25 441
24.010000 0 592
24.010000 1 708
24.010000 2 469
24.010000 3 708
24.010000 4 708
24.010000 5 708
24.010000 6 708
24.010000 7 708
24.010000 8 708
24.010000 9 708
24.010000 10 708
24.010000 11 708
24.010000 12 469
24.010000 13 708
24.010000 14 592
24.010000 15 708
24.010000 16 583
24.010000 17 592
24.010000 18 592
24.010000 19 708
24.010000 20 708
24.010000 21 708
24.010000 22 708
24.010000 23 708
24.010000 24 708
24.010000 25 480
25.010000 0 555
25.010000 1 662
25.010000 2 439
25.010000 3 662
25.010000 4 662
25.010000 5 662
25.010000 6 662
25.010000 7 662
25.010000 8 662
25.010000 9 662
25.010000 10 662
25.010000 11 662
25.010000 12 439
25.010000 13 662
25.010000 14 555
25.010000 15 662
25.010000 16 548
25.010000 17 555
25.010000 18 555
25.010000 19 662
25.010000 20 662
25.010000 21 662
25.010000 22 662
25.010000 23 662
25.010000 24 662
25.010000 25 444
26.010000 0 551
26.010000 1 660
26.010000 2 437
26.010000 3 660
26.010000 4 660
26.010000 5 660
26.010000 6 660
26.010000 7 660
26.010000 8 660
26.010000 9 660
26.010000 10 660
26.010000 11 660
26.010000 12 437
26.010000 13 660
26.010000 14 551
26.010000 15 660
26.010000 16 552
26.010000 17 551
26.010000 18 551
26.010000 19 660
26.010000 20 660
26.010000 21 660
26.010000 22 660
26.010000 23 660
26.010000 24 660
26.010000 25 440
27.010000 0 536
27.010000 1 646
27.010000 2 434
27.010000 3 646
27.010000 4 646
27.010000 5 646
27.010000 6 646
27.010000 7 646
27.010000 8 646
27.010000 9 646
27.010000 10 646
27.010000 11 646
27.010000 12 434
27.010000 13 646
27.010000 14 536
27.010000 15 646
27.010000 16 536
27.010000 17 536
27.010000 18 536
27.010000 19 646
27.010000 20 646
27.010000 21 646
27.010000 22 646
27.010000 23 646
27.010000 24 646
27.010000 25 432
28.010000 0 538
28.010000 1 650
28.010000 2 437
28.010000 3 650
28.010000 4 650
28.010000 5 650
28.010000 6 650
28.010000 7 650
28.010000 8 650
28.010000 9 650
28.010000 10 650
28.010000 11 650
28.010000 12 437
28.010000 13 650
28.010000 14 538
28.010000 15 650
28.010000 16 548
28.010000 17 538
28.010000 18 538
28.010000 19 650
28.010000 20 650
28.010000 21 650
28.010000 22 650
28.010000 23 650
28.010000 24 650
28.010000 25 427
29.010000 0 565
29.010000 1 673
29.010000 2 444
29.010000 3 673
29.010000 4 673
29.010000 5 673
29.010000 6 673
29.010000 7 673
29.010000 8 673
29.010000 9 673
29.010000 10 673
29.010000 11 673
29.010000 12 444
29.010000 13 673
29.010000 14 565
29.010000 15 673
29.010000 16 561
29.010000 17 565
29.010000 18 565
29.010000 19 673
29.010000 20 673
29.010000 21 673
29.010000 22 673
29.010000 23 673
29.010000 24 673
29.010000 25 449
30.010000 0 567
30.010000 1 687
30.010000 2 464
30.010000 3 687
30.010000 4 687
30.010000 5 687
30.010000 6 687
30.010000 7 687
30.010000 8 687
30.010000 9 687
30.010000 10 687
30.010000 11 687
30.010000 12 464
30.010000 13 687
30.010000 14 567
30.010000 15 687
30.010000 16 571
30.010000 17 567
30.010000 18 567
30.010000 19 687
30.010000 20 687
30.010000 21 687
30.010000 22 687
30.010000 23 687
30.010000 24 687
30.010000 25 459
31.010000 0 517
31.010000 1 618
31.010000 2 409
31.010000 3 618
31.010000 4 618
31.010000 5 618
31.010000 6 618
31.010000 7 618
31.010000 8 618
31.010000 9 618
31.010000 10 618
31.010000 11 618
31.010000 12 409
31.010000 13 618
31.010000 14 517
31.010000 15 618
31.010000 16 512
31.010000 17 517
31.010000 18 517
31.010000 19 618
31.010000 20 618
31.010000 21 618
31.010000 22 618
31.010000 23 618
31.010000 24 618
31.010000 25 416
32.010000 0 556
32.010000 1 664
32.010000 2 441
32.010000 3 664
32.010000 4 664
32.010000 5 664
32.010000 6 664
32.010000 7 664
32.010000 8 664
32.010000 9 664
32.010000 10 664
32.010000 11 664
32.010000 12 441
32.010000 13 664
32.010000 14 556
32.010000 15 664
32.010000 16 551
32.010000 17 556
32.010000 18 556
32.010000 19 664
32.010000 20 664
32.010000 21 664
32.010000 22 664
32.010000 23 664
32.010000 24 664
32.010000 25 444
33.010000 0 530
33.010000 1 640
33.010000 2 429
33.010000 3 640
33.010000 4 640
33.010000 5 640
33.010000 6 640
33.010000 7 640
33.010000 8 640
33.010000 9 640
33.010000 10 640
33.010000 11 640
33.010000 12 429
33.010000 13 640
33.010000 14 530
33.010000 15 640
33.010000 16 540
33.010000 17 530
33.010000 18 530
33.010000 19 640
33.010000 20 640
33.010000 21 640
33.010000 22 640
33.010000 23 640
33.010000 24 640
33.010000 25 421
34.010000 0 554
34.010000 1 658
34.010000 2 434
34.010000 3 658
34.010000 4 658
34.010000 5 658
34.010000 6 658
34.010000 7 658
34.010000 8 658
34.010000 9 658
34.010000 10 658
34.010000 11 658
34.010000 12 434
34.010000 13 658
34.010000 14 554
34.010000 15 658
34.010000 16 540
34.010000 17 554
34.010000 18 554
34.010000 19 658
34.010000 20 658
34.010000 21 658
34.010000 22 658
34.010000 23 658
34.010000 24 658
34.010000 25 446
35.010000 0 583
35.010000 1 705
35.010000 2 476
35.010000 3 705
35.010000 4 705
35.010000 5 705
35.010000 6 705
35.010000 7 705
35.010000 8 705
35.010000 9 705
35.010000 10 705
35.010000 11 705
35.010000 12 476
35.010000 13 705
35.010000 14 583
35.010000 15 705
35.010000 16 589
35.010000 17 583
35.010000 18 583
35.010000 19 705
35.010000 20 705
35.010000 21 705
35.010000 22 705
35.010000 23 705
35.010000 24 705
35.010000 25 467
36.010000 0 545
36.010000 1 650
36.010000 2 429
36.010000 3 650
36.010000 4 650
36.010000 5 650
36.010000 6 650
36.010000 7 650
36.010000 8 650
36.010000 9 650
36.010000 10 650
36.010000 11 650
36.010000 12 429
36.010000 13 650
36.010000 14 545
36.010000 15 650
36.010000 16 539
36.010000 17 545
36.010000 18 545
36.010000 19 650
36.010000 20 650
36.010000 21 650
36.010000 22 650
36.010000 23 650
36.010000 24 650
36.010000 25 437
37.010000 0 571
37.010000 1 677
37.010000 2 444
37.010000 3 677
37.010000 4 677
37.010000 5 677
37.010000 6 677
37.010000 7 677
37.010000 8 677
37.010000 9 677
37.010000 10 677
37.010000 11 677
37.010000 12 444
37.010000 13 677
37.010000 14 571
37.010000 15 677
37.010000 16 564
37.010000 17 571
37.010000 18 571
37.010000 19 677
37.010000 20 677
37.010000 21 677
37.010000 22 677
37.010000 23 677
37.010000 24 677
37.010000 25 452
38.010000 0 561
38.010000 1 682
38.010000 2 463
38.010000 3 682
38.010000 4 682
38.010000 5 682
38.010000 6 682
38.010000 7 682
38.010000 8 682
38.010000 9 682
38.010000 10 682
38.010000 11 682
38.010000 12 463
38.010000 13 682
38.010000 14 561
38.010000 15 682
38.010000 16 571
38.010000 17 561
38.010000 18 561
38.010000 19 682
38.010000 20 682
38.010000 21 682
38.010000 22 682
38.010000 23 682
38.010000 24 682
38.010000 25 451
39.010000 0 554
39.010000 1 663
39.010000 2 440
39.010000 3 663
39.010000 4 663
39.010000 5 663
39.010000 6 663
39.010000 7 663
39.010000 8 663
39.010000 9 663
39.010000 10 663
39.010000 11 663
39.010000 12 440
39.010000 13 663
39.010000 14 554
39.010000 15 663
39.010000 16 550
39.010000 17 554
39.010000 18 554
39.010000 19 663
39.010000 20 663
39.010000 21 663
39.010000 22 663
39.010000 23 663
39.010000 24 663
39.010000 25 445
40.010000 0 540
40.010000 1 643
40.010000 2 425
40.010000 3 643
40.010000 4 643
40.010000 5 643
40.010000 6 643
40.010000 7 643
40.010000 8 643
40.010000 9 643
40.010000 10 643
40.010000 11 643
40.010000 12 425
40.010000 13 643
40.010000 14 540
40.010000 15 643
40.010000 16 532
40.010000 17 540
40.010000 18 540
40.010000 19 643
40.010000 20 643
40.010000 21 643
40.010000 22 643
40.010000 23 643
40.010000 24 643
40.010000 25 432
41.010000 0 575
41.010000 1 685
41.010000 2 451
41.010000 3 685
41.010000 4 685
41.010000 5 685
41.010000 6 685
41.010000 7 685
41.010000 8 685
41.010000 9 685
41.010000 10 685
41.010000 11 685
41.010000 12 451
41.010000 13 685
41.010000 14 575
41.010000 15 685
41.010000 16 571
41.010000 17 575
41.010000 18 575
41.010000 19 685
41.010000 20 685
41.010000 21 685
41.010000 22 685
41.010000 23 685
41.010000 24 685
41.010000 25 458
42.010000 0 503
42.010000 1 624
42.010000 2 432
42.010000 3 624
42.010000 4 624
42.010000 5 624
42.010000 6 624
42.010000 7 624
42.010000 8 624
42.010000 9 624
42.010000 10 624
42.010000 11 624
42.010000 12 432
42.010000 13 624
42.010000 14 503
42.010000 15 624
42.010000 16 526
42.010000 17 503
42.010000 18 503
42.010000 19 624
42.010000 20 624
42.010000 21 624
42.010000 22 624
42.010000 23 624
42.010000 24 624
42.010000 25 411
43.010000 0 592
43.010000 1 714
43.010000 2 478
43.010000 3 714
43.010000 4 714
43.010000 5 714
43.010000 6 714
43.010000 7 714
43.010000 8 714
43.010000 9 714
43.010000 10 714
43.010000 11 714
43.010000 12 478
43.010000 13 714
43.010000 14 592
43.010000 15 714
43.010000 16 598
43.010000 17 592
43.010000 18 592
43.010000 19 714
43.010000 20 714
43.010000 21 714
43.010000 22 714
43.010000 23 714
43.010000 24 714
43.010000 25 474
44.010000 0 549
44.010000 1 646
44.010000 2 419
44.010000 3 646
44.010000 4 646
44.010000 5 646
44.010000 6 646
44.010000 7 646
44.010000 8 646
44.010000 9 646
44.010000 10 646
44.010000 11 646
44.010000 12 419
44.010000 13 646
44.010000 14 549
44.010000 15 646
44.010000 16 531
44.010000 17 549
44.010000 18 549
44.010000 19 646
44.010000 20 646
44.010000 21 646
44.010000 22 646
44.010000 23 646
44.010000 24 646
44.010000 25 439
45.010000 0 517
45.010000 1 642
45.010000 2 446
45.010000 3 642
45.010000 4 642
45.010000 5 642
45.010000 6 642
45.010000 7 642
45.010000 8 642
45.010000 9 642
45.010000 10 642
45.010000 11 642
45.010000 12 446
45.010000 13 642
45.010000 14 517
45.010000 15 642
45.010000 16 547
45.010000 17 517
45.010000 18 517
45.010000 19 642
45.010000 20 642
45.010000 21 642
45.010000 22 642
45.010000 23 642
45.010000 24 642
45.010000 25 416
46.010000 0 552
46.010000 1 638
46.010000 2 405
46.010000 3 638
46.010000 4 638
46.010000 5 638
46.010000 6 638
46.010000 7 638
46.010000 8 638
46.010000 9 638
46.010000 10 638
46.010000 11 638
46.010000 12 405
46.010000 13 638
46.010000 14 552
46.010000 15 638
46.010000 16 518
46.010000 17 552
46.010000 18 552
46.010000 19 638
46.010000 20 638
46.010000 21 638
46.010000 22 638
46.010000 23 638
46.010000 24 638
46.010000 25 439
47.010000 0 541
47.010000 1 664
47.010000 2 456
47.010000 3 664
47.010000 4 664
47.010000 5 664
47.010000 6 664
47.010000 7 664
47.010000 8 664
47.010000 9 664
47.010000 10 664
47.010000 11 664
47.010000 12 456
47.010000 13 664
47.010000 14 541
47.010000 15 664
47.010000 16 566
47.010000 17 541
47.010000 18 541
47.010000 19 664
47.010000 20 664
47.010000 21 664
47.010000 22 664
47.010000 23 664
47.010000 24 664
47.010000 25 429
48.010000 0 552
48.010000 1 652
48.010000 2 426
48.010000 3 652
48.010000 4 652
48.010000 5 652
48.010000 6 652
48.010000 7 652
48.010000 8 652
48.010000 9 652
48.010000 10 652
48.010000 11 652
48.010000 12 426
48.010000 13 652
48.010000 14 552
48.010000 15 652
48.010000 16 528
48.010000 17 552
48.010000 18 552
48.010000 19 652
48.010000 20 652
48.010000 21 652
48.010000 22 652
48.010000 23 652
48.010000 24 652
48.010000 25 450
49.010000 0 550
49.010000 1 663
49.010000 2 444
49.010000 3 663
49.010000 4 663
49.010000 5 663
49.010000 6 663
49.010000 7 663
49.010000 8 663
49.010000 9 663
49.010000 10 663
49.010000 11 663
49.010000 12 444
49.010000 13 663
49.010000 14 550
49.010000 15 663
49.010000 16 558
49.010000 17 550
49.010000 18 550
49.010000 19 663
49.010000 20 663
49.010000 21 663
49.010000 22 663
49.010000 23 663
49.010000 24 663
49.010000 25 437
50.010000 0 583
50.010000 1 700
50.010000 2 467
50.010000 3 700
50.010000 4 700
50.010000 5 700
50.010000 6 700
50.010000 7 700
50.010000 8 700
50.010000 9 700
50.010000 10 700
50.010000 11 700
50.010000 12 467
50.010000 13 700
50.010000 14 583
50.010000 15 700
50.010000 16 582
50.010000 17 583
50.010000 18 583
50.010000 19 700
50.010000 20 700
50.010000 21 700
50.010000 22 700
50.010000 23 700
50.010000 24 700
50.010000 25 468
51.010000 0 539
51.010000 1 644
51.010000 2 427
51.010000 3 644
51.010000 4 644
51.010000 5 644
51.010000 6 644
51.010000 7 644
51.010000 8 644
51.010000 9 644
51.010000 10 644
51.010000 11 644
51.010000 12 427
51.010000 13 644
51.010000 14 539
51.010000 15 644
51.010000 16 536
51.010000 17 539
51.010000 18 539
51.010000 19 644
51.010000 20 644
51.010000 21 644
51.010000 22 644
51.010000 23 644
51.010000 24 644
51.010000 25 430
52.010000 0 553
52.010000 1 664
52.010000 2 444
52.010000 3 664
52.010000 4 664
52.010000 5 664
52.010000 6 664
52.010000 7 664
52.010000 8 664
52.010000 9 664
52.010000 10 664
52.010000 11 664
52.010000 12 444
52.010000 13 664
52.010000 14 553
52.010000 15 664
52.010000 16 552
52.010000 17 553
52.010000 18 553
52.010000 19 664
52.010000 20 664
52.010000 21 664
52.010000 22 664
52.010000 23 664
52.010000 24 664
52.010000 25 443
53.010000 0 560
53.010000 1 674
53.010000 2 451
53.010000 3 674
53.010000 4 674
53.010000 5 674
53.010000 6 674
53.010000 7 674
53.010000 8 674
53.010000 9 674
53.010000 10 674
53.010000 11 674
53.010000 12 451
53.010000 13 674
53.010000 14 560
53.010000 15 674
53.010000 16 565
53.010000 17 560
53.010000 18 560
53.010000 19 674
53.010000 20 674
53.010000 21 674
53.010000 22 674
53.010000 23 674
53.010000 24 674
53.010000 25 446
54.010000 0 553
54.010000 1 656
54.010000 2 431
54.010000 3 656
54.010000 4 656
54.010000 5 656
54.010000 6 656
54.010000 7 656
54.010000 8 656
54.010000 9 656
54.010000 10 656
54.010000 11 656
54.010000 12 431
54.010000 13 656
54.010000 14 553
54.010000 15 656
54.010000 16 539
54.010000 17 553
54.010000 18 553
54.010000 19 656
54.010000 20 656
54.010000 21 656
54.010000 22 656
54.010000 23 656
54.010000 24 656
54.010000 25 445
55.010000 0 543
55.010000 1 653
55.010000 2 436
55.010000 3 653
55.010000 4 653
55.010000 5 653
55.010000 6 653
55.010000 7 653
55.010000 8 653
55.010000 9 653
55.010000 10 653
55.010000 11 653
55.010000 12 436
55.010000 13 653
55.010000 14 543
55.010000 15 653
55.010000 16 545
55.010000 17 543
55.010000 18 543
55.010000 19 653
55.010000 20 653
55.010000 21 653
55.010000 22 653
55.010000 23 653
55.010000 24 653
55.010000 25 435
56.010000 0 549
56.010000 1 667
56.010000 2 452
56.010000 3 667
56.010000 4 667
56.010000 5 667
56.010000 6 667
56.010000 7 667
56.010000 8 667
56.010000 9 667
56.010000 10 667
56.010000 11 667
56.010000 12 452
56.010000 13 667
56.010000 14 549
56.010000 15 667
56.010000 16 558
56.010000 17 549
56.010000 18 549
56.010000 19 667
56.010000 20 667
56.010000 21 667
56.010000 22 667
56.010000 23 667
56.010000 24 667
56.010000 25 442
57.010000 0 533
57.010000 1 642
57.010000 2 431
57.010000 3 642
57.010000 4 642
57.010000 5 642
57.010000 6 642
57.010000 7 642
57.010000 8 642
57.010000 9 642
57.010000 10 642
57.010000 11 642
57.010000 12 431
57.010000 13 642
57.010000 14 533
57.010000 15 642
57.010000 16 538
57.010000 17 533
57.010000 18 533
57.010000 19 642
57.010000 20 642
57.010000 21 642
57.010000 22 642
57.010000 23 642
57.010000 24 642
57.010000 25 424
58.010000 0 555
58.010000 1 661
58.010000 2 437
58.010000 3 661
58.010000 4 661
58.010000 5 661
58.010000 6 661
58.010000 7 661
58.010000 8 661
58.010000 9 661
58.010000 10 661
58.010000 11 661
58.010000 12 437
58.010000 13 661
58.010000 14 555
58.010000 15 661
58.010000 16 545
58.010000 17 555
58.010000 18 555
58.010000 19 661
58.010000 20 661
58.010000 21 661
58.010000 22 661
58.010000 23 661
58.010000 24 661
58.010000 25 446
59.010000 0 570
59.010000 1 689
59.010000 2 463
59.010000 3 689
59.010000 4 689
59.010000 5 689
59.010000 6 689
59.010000 7 689
59.010000 8 689
59.010000 9 689
59.010000 10 689
59.010000 11 689
59.010000 12 463
59.010000 13 689
59.010000 14 570
59.010000 15 689
59.010000 16 578
59.010000 17 570
59.010000 18 570
59.010000 19 689
59.010000 20 689
59.010000 21 689
59.010000 22 689
59.010000 23 689
59.010000 24 689
59.010000 25 456
60.010000 0 548
60.010000 1 654
60.010000 2 434
60.010000 3 654
60.010000 4 654
60.010000 5 654
60.010000 6 654
60.010000 7 654
60.010000 8 654
60.010000 9 654
60.010000 10 654
60.010000 11 654
60.010000 12 434
60.010000 13 654
60.010000 14 548
60.010000 15 654
60.010000 16 543
60.010000 17 548
60.010000 18 548
60.010000 19 654
60.010000 20 654
60.010000 21 654
60.010000 22 654
60.010000 23 654
60.010000 24 654
60.010000 25 437
61.010000 0 573
61.010000 1 698
61.010000 2 472
61.010000 3 698
61.010000 4 698
61.010000 5 698
61.010000 6 698
61.010000 7 698
61.010000 8 698
61.010000 9 698
61.010000 10 698
61.010000 11 698
61.010000 12 472
61.010000 13 698
61.010000 14 573
61.010000 15 698
61.010000 16 586
61.010000 17 573
61.010000 18 573
61.010000 19 698
61.010000 20 698
61.010000 21 698
61.010000 22 698
61.010000 23 698
61.010000 24 698
61.010000 25 463
62.010000 0 532
62.010000 1 624
62.010000 2 404
62.010000 3 624
62.010000 4 624
62.010000 5 624
62.010000 6 624
62.010000 7 624
62.010000 8 624
62.010000 9 624
62.010000 10 624
62.010000 11 624
62.010000 12 404
62.010000 13 624
62.010000 14 532
62.010000 15 624
62.010000 16 513
62.010000 17 532
62.010000 18 532
62.010000 19 624
62.010000 20 624
62.010000 21 624
62.010000 22 624
62.010000 23 624
62.010000 24 624
62.010000 25 423
63.010000 0 557
63.010000 1 671
63.010000 2 449
63.010000 3 671
63.010000 4 671
63.010000 5 671
63.010000 6 671
63.010000 7 671
63.010000 8 671
63.010000 9 671
63.010000 10 671
63.010000 11 671
63.010000 12 449
63.010000 13 671
63.010000 14 557
63.010000 15 671
63.010000 16 557
63.010000 17 557
63.010000 18 557
63.010000 19 671
63.010000 20 671
63.010000 21 671
63.010000 22 671
63.010000 23 671
63.010000 24 671
63.010000 25 450
64.010000 0 550
64.010000 1 657
64.010000 2 436
64.010000 3 657
64.010000 4 657
64.010000 5 657
64.010000 6 657
64.010000 7 657
64.010000 8 657
64.010000 9 657
64.010000 10 657
64.010000 11 657
64.010000 12 436
64.010000 13 657
64.010000 14 550
64.010000 15 657
64.010000 16 546
64.010000 17 550
64.010000 18 550
64.010000 19 657
64.010000 20 657
64.010000 21 657
64.010000 22 657
64.010000 23 657
64.010000 24 657
64.010000 25 439
65.010000 0 553
65.010000 1 664
65.010000 2 444
65.010000 3 664
65.010000 4 664
65.010000 5 664
65.010000 6 664
65.010000 7 664
65.010000 8 664
65.010000 9 664
65.010000 10 664
65.010000 11 664
65.010000 12 444
65.010000 13 664
65.010000 14 553
65.010000 15 664
65.010000 16 552
65.010000 17 553
65.010000 18 553
65.010000 19 664
65.010000 20 664
65.010000 21 664
65.010000 22 664
65.010000 23 664
65.010000 24 664
65.010000 25 443
66.010000 0 555
66.010000 1 656
66.010000 2 428
66.010000 3 656
66.010000 4 656
66.010000 5 656
66.010000 6 656
66.010000 7 656
66.010000 8 656
66.010000 9 656
66.010000 10 656
66.010000 11 656
66.010000 12 428
66.010000 13 656
66.010000 14 555
66.010000 15 656
66.010000 16 542
66.010000 17 555
66.010000 18 555
66.010000 19 656
66.010000 20 656
66.010000 21 656
66.010000 22 656
66.010000 23 656
66.010000 24 656
66.010000 25 443
67.010000 0 523
67.010000 1 645
67.010000 2 446
67.010000 3 645
67.010000 4 645
67.010000 5 645
67.010000 6 645
67.010000 7 645
67.010000 8 645
67.010000 9 645
67.010000 10 645
67.010000 11 645
67.010000 12 446
67.010000 13 645
67.010000 14 523
67.010000 15 645
67.010000 16 549
67.010000 17 523
67.010000 18 523
67.010000 19 645
67.010000 20 645
67.010000 21 645
67.010000 22 645
67.010000 23 645
67.010000 24 645
67.010000 25 417
68.010000 0 535
68.010000 1 642
68.010000 2 427
68.010000 3 642
68.010000 4 642
68.010000 5 642
68.010000 6 642
68.010000 7 642
68.010000 8 642
68.010000 9 642
68.010000 10 642
68.010000 11 642
68.010000 12 427
68.010000 13 642
68.010000 14 535
68.010000 15 642
68.010000 16 535
68.010000 17 535
68.010000 18 535
68.010000 19 642
68.010000 20 642
68.010000 21 642
68.010000 22 642
68.010000 23 642
68.010000 24 642
68.010000 25 429
69.010000 0 569
69.010000 1 673
69.010000 2 440
69.010000 3 673
69.010000 4 673
69.010000 5 673
69.010000 6 673
69.010000 7 673
69.010000 8 673
69.010000 9 673
69.010000 10 673
69.010000 11 673
69.010000 12 440
69.010000 13 673
69.010000 14 569
69.010000 15 673
69.010000 16 548
69.010000 17 569
69.010000 18 569
69.010000 19 673
69.010000 20 673
69.010000 21 673
69.010000 22 673
69.010000 23 673
69.010000 24 673
69.010000 25 462
70.010000 0 546
70.010000 1 663
70.010000 2 449
70.010000 3 663
70.010000 4 663
70.010000 5 663
70.010000 6 663
70.010000 7 663
70.010000 8 663
70.010000 9 663
70.010000 10 663
70.010000 11 663
70.010000 12 449
70.010000 13 663
70.010000 14 546
70.010000 15 663
70.010000 16 556
70.010000 17 546
70.010000 18 546
70.010000 19 663
70.010000 20 663
70.010000 21 663
70.010000 22 663
70.010000 23 663
70.010000 24 663
70.010000 25 438
71.010000 0 557
71.010000 1 666
71.010000 2 442
71.010000 3 666
71.010000 4 666
71.010000 5 666
71.010000 6 666
71.010000 7 666
71.010000 8 666
71.010000 9 666
71.010000 10 666
71.010000 11 666
71.010000 12 442
71.010000 13 666
71.010000 14 557
71.010000 15 666
71.010000 16 551
71.010000 17 557
71.010000 18 557
71.010000 19 666
71.010000 20 666
71.010000 21 666
71.010000 22 666
71.010000 23 666
71.010000 24 666
71.010000 25 448
72.010000 0 527
72.010000 1 648
72.010000 2 445
72.010000 3 648
72.010000 4 648
72.010000 5 648
72.010000 6 648
72.010000 7 648
72.010000 8 648
72.010000 9 648
72.010000 10 648
72.010000 11 648
72.010000 12 445
72.010000 13 648
72.010000 14 527
72.010000 15 648
72.010000 16 560
72.010000 17 527
72.010000 18 527
72.010000 19 648
72.010000 20 648
72.010000 21 648
72.010000 22 648
72.010000 23 648
72.010000 24 648
72.010000 25 412
73.010000 0 561
73.010000 1 668
73.010000 2 442
73.010000 3 668
73.010000 4 668
73.010000 5 668
73.010000 6 668
73.010000 7 668
73.010000 8 668
73.010000 9 668
73.010000 10 668
73.010000 11 668
73.010000 12 442
73.010000 13 668
73.010000 14 561
73.010000 15 668
73.010000 16 550
73.010000 17 561
73.010000 18 561
73.010000 19 668
73.010000 20 668
73.010000 21 668
73.010000 22 668
73.010000 23 668
73.010000 24 668
73.010000 25 451
74.010000 0 567
74.010000 1 682
74.010000 2 455
74.010000 3 682
74.010000 4 682
74.010000 5 682
74.010000 6 682
74.010000 7 682
74.010000 8 682
74.010000 9 682
74.010000 10 682
74.010000 11 682
74.010000 12 455
74.010000 13 682
74.010000 14 567
74.010000 15 682
74.010000 16 566
74.010000 17 567
74.010000 18 567
74.010000 19 682
74.010000 20 682
74.010000 21 682
74.010000 22 682
74.010000 23 682
74.010000 24 682
74.010000 25 458
75.010000 0 553
75.010000 1 661
75.010000 2 439
75.010000 3 661
75.010000 4 661
75.010000 5 661
75.010000 6 661
75.010000 7 661
75.010000 8 661
75.010000 9 661
75.010000 10 661
75.010000 11 661
75.010000 12 439
75.010000 13 661
75.010000 14 553
75.010000 15 661
75.010000 16 552
75.010000 17 553
75.010000 18 553
75.010000 19 661
75.010000 20 661
75.010000 21 661
75.010000 22 661
75.010000 23 661
75.010000 24 661
75.010000 25 439
76.010000 0 567
76.010000 1 672
76.010000 2 441
76.010000 3 672
76.010000 4 672
76.010000 5 672
76.010000 6 672
76.010000 7 672
76.010000 8 672
76.010000 9 672
76.010000 10 672
76.010000 11 672
76.010000 12 441
76.010000 13 672
76.010000 14 567
76.010000 15 672
76.010000 16 550
76.010000 17 567
76.010000 18 567
76.010000 19 672
76.010000 20 672
76.010000 21 672
76.010000 22 672
76.010000 23 672
76.010000 24 672
76.010000 25 458
77.010000 0 545
77.010000 1 652
77.010000 2 434
77.010000 3 652
77.010000 4 652
77.010000 5 652
77.010000 6 652
77.010000 7 652
77.010000 8 652
77.010000 9 652
77.010000 10 652
77.010000 11 652
77.010000 12 434
77.010000 13 652
77.010000 14 545
77.010000 15 652
77.010000 16 546
77.010000 17 545
77.010000 18 545
77.010000 19 652
77.010000 20 652
77.010000 21 652
77.010000 22 652
77.010000 23 652
77.010000 24 652
77.010000 25 431
78.010000 0 529
78.010000 1 649
78.010000 2 443
78.010000 3 649
78.010000 4 649
78.010000 5 649
78.010000 6 649
78.010000 7 649
78.010000 8 649
78.010000 9 649
78.010000 10 649
78.010000 11 649
78.010000 12 443
78.010000 13 649
78.010000 14 529
78.010000 15 649
78.010000 16 551
78.010000 17 529
78.010000 18 529
78.010000 19 649
78.010000 20 649
78.010000 21 649
78.010000 22 649
78.010000 23 649
78.010000 24 649
78.010000 25 424
79.010000 0 551
79.010000 1 656
79.010000 2 434
79.010000 3 656
79.010000 4 656
79.010000 5 656
79.010000 6 656
79.010000 7 656
79.010000 8 656
79.010000 9 656
79.010000 10 656
79.010000 11 656
79.010000 12 434
79.010000 13 656
79.010000 14 551
79.010000 15 656
79.010000 16 543
79.010000 17 551
79.010000 18 551
79.010000 19 656
79.010000 20 656
79.010000 21 656
79.010000 22 656
79.010000 23 656
79.010000 24 656
79.010000 25 440
80.010000 0 561
80.010000 1 672
80.010000 2 446
80.010000 3 672
80.010000 4 672
80.010000 5 672
80.010000 6 672
80.010000 7 672
80.010000 8 672
80.010000 9 672
80.010000 10 672
80.010000 11 672
80.010000 12 446
80.010000 13 672
80.010000 14 561
80.010000 15 672
80.010000 16 557
80.010000 17 561
80.010000 18 561
80.010000 19 672
80.010000 20 672
80.010000 21 672
80.010000 22 672
80.010000 23 672
80.010000 24 672
80.010000 25 452
81.010000 0 537
81.010000 1 642
81.010000 2 426
81.010000 3 642
81.010000 4 642
81.010000 5 642
81.010000 6 642
81.010000 7 642
81.010000 8 642
81.010000 9 642
81.010000 10 642
81.010000 11 642
81.010000 12 426
81.010000 13 642
81.010000 14 537
81.010000 15 642
81.010000 16 533
81.010000 17 537
81.010000 18 537
81.010000 19 642
81.010000 20 642
81.010000 21 642
81.010000 22 642
81.010000 23 642
81.010000 24 642
81.010000 25 430
82.010000 0 594
82.010000 1 713
82.010000 2 475
82.010000 3 713
82.010000 4 713
82.010000 5 713
82.010000 6 713
82.010000 7 713
82.010000 8 713
82.010000 9 713
82.010000 10 713
82.010000 11 713
82.010000 12 475
82.010000 13 713
82.010000 14 594
82.010000 15 713
82.010000 16 592
82.010000 17 594
82.010000 18 594
82.010000 19 713
82.010000 20 713
82.010000 21 713
82.010000 22 713
82.010000 23 713
82.010000 24 713
82.010000 25 478
83.010000 0 541
83.010000 1 661
83.010000 2 451
83.010000 3 661
83.010000 4 661
83.010000 5 661
83.010000 6 661
83.010000 7 661
83.010000 8 661
83.010000 9 661
83.010000 10 661
83.010000 11 661
83.010000 12 451
83.010000 13 661
83.010000 14 541
83.010000 15 661
83.010000 16 557
83.010000 17 541
83.010000 18 541
83.010000 19 661
83.010000 20 661
83.010000 21 661
83.010000 22 661
83.010000 23 661
83.010000 24 661
83.010000 25 434
84.010000 0 527
84.010000 1 625
84.010000 2 411
84.010000 3 625
84.010000 4 625
84.010000 5 625
84.010000 6 625
84.010000 7 625
84.010000 8 625
84.010000 9 625
84.010000 10 625
84.010000 11 625
84.010000 12 411
84.010000 13 625
84.010000 14 527
84.010000 15 625
84.010000 16 517
84.010000 17 527
84.010000 18 527
84.010000 19 625
84.010000 20 625
84.010000 21 625
84.010000 22 625
84.010000 23 625
84.010000 24 625
84.010000 25 420
85.010000 0 549
85.010000 1 663
85.010000 2 446
85.010000 3 663
85.010000 4 663
85.010000 5 663
85.010000 6 663
85.010000 7 663
85.010000 8 663
85.010000 9 663
85.010000 10 663
85.010000 11 663
85.010000 12 446
85.010000 13 663
85.010000 14 549
85.010000 15 663
85.010000 16 554
85.010000 17 549
85.010000 18 549
85.010000 19 663
85.010000 20 663
85.010000 21 663
85.010000 22 663
85.010000 23 663
85.010000 24 663
85.010000 25 440
86.010000 0 562
86.010000 1 666
86.010000 2 437
86.010000 3 666
86.010000 4 666
86.010000 5 666
86.010000 6 666
86.010000 7 666
86.010000 8 666
86.010000 9 666
86.010000 10 666
86.010000 11 666
86.010000 12 437
86.010000 13 666
86.010000 14 562
86.010000 15 666
86.010000 16 550
86.010000 17 562
86.010000 18 562
86.010000 19 666
86.010000 20 666
86.010000 21 666
86.010000 22 666
86.010000 23 666
86.010000 24 666
86.010000 25 449
87.010000 0 523
87.010000 1 634
87.010000 2 427
87.010000 3 634
87.010000 4 634
87.010000 5 634
87.010000 6 634
87.010000 7 634
87.010000 8 634
87.010000 9 634
87.010000 10 634
87.010000 11 634
87.010000 12 427
87.010000 13 634
87.010000 14 523
87.010000 15 634
87.010000 16 534
87.010000 17 523
87.010000 18 523
87.010000 19 634
87.010000 20 634
87.010000 21 634
87.010000 22 634
87.010000 23 634
87.010000 24 634
87.010000 25 418
88.010000 0 608
88.010000 1 710
88.010000 2 457
88.010000 3 710
88.010000 4 710
88.010000 5 710
88.010000 6 710
88.010000 7 710
88.010000 8 710
88.010000 9 710
88.010000 10 710
88.010000 11 710
88.010000 12 457
88.010000 13 710
88.010000 14 608
88.010000 15 710
88.010000 16 582
88.010000 17 608
88.010000 18 608
88.010000 19 710
88.010000 20 710
88.010000 21 710
88.010000 22 710
88.010000 23 710
88.010000 24 710
88.010000 25 483
89.010000 0 541
89.010000 1 669
89.010000 2 463
89.010000 3 669
89.010000 4 669
89.010000 5 669
89.010000 6 669
89.010000 7 669
89.010000 8 669
89.010000 9 669
89.010000 10 669
89.010000 11 669
89.010000 12 463
89.010000 13 669
89.010000 14 541
89.010000 15 669
89.010000 16 569
89.010000 17 541
89.010000 18 541
89.010000 19 669
89.010000 20 669
89.010000 21 669
89.010000 22 669
89.010000 23 669
89.010000 24 669
89.010000 25 434
90.010000 0 527
90.010000 1 636
90.010000 2 426
90.010000 3 636
90.010000 4 636
90.010000 5 636
90.010000 6 636
90.010000 7 636
90.010000 8 636
90.010000 9 636
90.010000 10 636
90.010000 11 636
90.010000 12 426
90.010000 13 636
90.010000 14 527
90.010000 15 636
90.010000 16 534
90.010000 17 527
90.010000 18 527
90.010000 19 636
90.010000 20 636
90.010000 21 636
90.010000 22 636
90.010000 23 636
90.010000 24 636
90.010000 25 421
91.010000 0 527
91.010000 1 628
91.010000 2 416
91.010000 3 628
91.010000 4 628
91.010000 5 628
91.010000 6 628
91.010000 7 628
91.010000 8 628
91.010000 9 628
91.010000 10 628
91.010000 11 628
91.010000 12 416
91.010000 13 628
91.010000 14 527
91.010000 15 628
91.010000 16 520
91.010000 17 527
91.010000 18 527
91.010000 19 628
91.010000 20 628
91.010000 21 628
91.010000 22 628
91.010000 23 628
91.010000 24 628
91.010000 25 421
92.010000 0 570
92.010000 1 686
92.010000 2 458
92.010000 3 686
92.010000 4 686
92.010000 5 686
92.010000 6 686
92.010000 7 686
92.010000 8 686
92.010000 9 686
92.010000 10 686
92.010000 11 686
92.010000 12 458
92.010000 13 686
92.010000 14 570
92.010000 15 686
92.010000 16 575
92.010000 17 570
92.010000 18 570
92.010000 19 686
92.010000 20 686
92.010000 21 686
92.010000 22 686
92.010000 23 686
92.010000 24 686
92.010000 25 455
93.010000 0 566
93.010000 1 681
93.010000 2 455
93.010000 3 681
93.010000 4 681
93.010000 5 681
93.010000 6 681
93.010000 7 681
93.010000 8 681
93.010000 9 681
93.010000 10 681
93.010000 11 681
93.010000 12 455
93.010000 13 681
93.010000 14 566
93.010000 15 681
93.010000 16 565
93.010000 17 566
93.010000 18 566
93.010000 19 681
93.010000 20 681
93.010000 21 681
93.010000 22 681
93.010000 23 681
93.010000 24 681
93.010000 25 457
94.010000 0 573
94.010000 1 686
94.010000 2 456
94.010000 3 686
94.010000 4 686
94.010000 5 686
94.010000 6 686
94.010000 7 686
94.010000 8 686
94.010000 9 686
94.010000 10 686
94.010000 11 686
94.010000 12 456
94.010000 13 686
94.010000 14 573
94.010000 15 686
94.010000 16 569
94.010000 17 573
94.010000 18 573
94.010000 19 686
94.010000 20 686
94.010000 21 686
94.010000 22 686
94.010000 23 686
94.010000 24 686
94.010000 25 460
95.010000 0 552
95.010000 1 665
95.010000 2 445
95.010000 3 665
95.010000 4 665
95.010000 5 665
95.010000 6 665
95.010000 7 665
95.010000 8 665
95.010000 9 665
95.010000 10 665
95.010000 11 665
95.010000 12 445
95.010000 13 665
95.010000 14 552
95.010000 15 665
95.010000 16 551
95.010000 17 552
95.010000 18 552
95.010000 19 665
95.010000 20 665
95.010000 21 665
95.010000 22 665
95.010000 23 665
95.010000 24 665
95.010000 25 447
96.010000 0 523
96.010000 1 628
96.010000 2 420
96.010000 3 628
96.010000 4 628
96.010000 5 628
96.010000 6 628
96.010000 7 628
96.010000 8 628
96.010000 9 628
96.010000 10 628
96.010000 11 628
96.010000 12 420
96.010000 13 628
96.010000 14 523
96.010000 15 628
96.010000 16 530
96.010000 17 523
96.010000 18 523
96.010000 19 628
96.010000 20 628
96.010000 21 628
96.010000 22 628
96.010000 23 628
96.010000 24 628
96.010000 25 411
97.010000 0 536
97.010000 1 644
97.010000 2 430
97.010000 3 644
97.010000 4 644
97.010000 5 644
97.010000 6 644
97.010000 7 644
97.010000 8 644
97.010000 9 644
97.010000 10 644
97.010000 11 644
97.010000 12 430
97.010000 13 644
97.010000 14 536
97.010000 15 644
97.010000 16 540
97.010000 17 536
97.010000 18 536
97.010000 19 644
97.010000 20 644
97.010000 21 644
97.010000 22 644
97.010000 23 644
97.010000 24 644
97.010000 25 426
98.010000 0 564
98.010000 1 677
98.010000 2 451
98.010000 3 677
98.010000 4 677
98.010000 5 677
98.010000 6 677
98.010000 7 677
98.010000 8 677
98.010000 9 677
98.010000 10 677
98.010000 11 677
98.010000 12 451
98.010000 13 677
98.010000 14 564
98.010000 15 677
98.010000 16 559
98.010000 17 564
98.010000 18 564
98.010000 19 677
98.010000 20 677
98.010000 21 677
98.010000 22 677
98.010000 23 677
98.010000 24 677
98.010000 25 457
99.010000 0 555
99.010000 1 665
99.010000 2 442
99.010000 3 665
99.010000 4 665
99.010000 5 665
99.010000 6 665
99.010000 7 665
99.010000 8 665
99.010000 9 665
99.010000 10 665
99.010000 11 665
99.010000 12 442
99.010000 13 665
99.010000 14 555
99.010000 15 665
99.010000 16 554
99.010000 17 555
99.010000 18 555
99.010000 19 665
99.010000 20 665
99.010000 21 665
99.010000 22 665
99.010000 23 665
99.010000 24 665
99.010000 25 444
100.010000 0 534
100.010000 1 642
100.010000 2 429
100.010000 3 642
100.010000 4 642
100.010000 5 642
100.010000 6 642
100.010000 7 642
100.010000 8 642
100.010000 9 642
100.010000 10 642
100.010000 11 642
100.010000 12 429
100.010000 13 642
100.010000 14 534
100.010000 15 642
100.010000 16 540
100.010000 17 534
100.010000 18 534
100.010000 19 642
100.010000 20 642
100.010000 21 642
100.010000 22 642
100.010000 23 642
100.010000 24 642
100.010000 25 423
101.010000 0 562
101.010000 1 670
101.010000 2 443
101.010000 3 670
101.010000 4 670
101.010000 5 670
101.010000 6 670
101.010000 7 670
101.010000 8 670
101.010000 9 670
101.010000 10 670
101.010000 11 670
101.010000 12 443
101.010000 13 670
101.010000 14 562
101.010000 15 670
101.010000 16 553
101.010000 17 562
101.010000 18 562
101.010000 19 670
101.010000 20 670
101.010000 21 670
101.010000 22 670
101.010000 23 670
101.010000 24 670
101.010000 25 452
102.010000 0 551
102.010000 1 663
102.010000 2 444
102.010000 3 663
102.010000 4 663
102.010000 5 663
102.010000 6 663
102.010000 7 663
102.010000 8 663
102.010000 9 663
102.010000 10 663
102.010000 11 663
102.010000 12 444
102.010000 13 663
102.010000 14 551
102.010000 15 663
102.010000 16 551
102.010000 17 551
102.010000 18 551
102.010000 19 663
102.010000 20 663
102.010000 21 663
102.010000 22 663
102.010000 23 663
102.010000 24 663
102.010000 25 443
103.010000 0 556
103.010000 1 663
103.010000 2 437
103.010000 3 663
103.010000 4 663
103.010000 5 663
103.010000 6 663
103.010000 7 663
103.010000 8 663
103.010000 9 663
103.010000 10 663
103.010000 11 663
103.010000 12 437
103.010000 13 663
103.010000 14 556
103.010000 15 663
103.010000 16 553
103.010000 17 556
103.010000 18 556
103.010000 19 663
103.010000 20 663
103.010000 21 663
103.010000 22 663
103.010000 23 663
103.010000 24 663
103.010000 25 443
104.010000 0 531
104.010000 1 647
104.010000 2 440
104.010000 3 647
104.010000 4 647
104.010000 5 647
104.010000 6 647
104.010000 7 647
104.010000 8 647
104.010000 9 647
104.010000 10 647
104.010000 11 647
104.010000 12 440
104.010000 13 647
104.010000 14 531
104.010000 15 647
104.010000 16 544
104.010000 17 531
104.010000 18 531
104.010000 19 647
104.010000 20 647
104.010000 21 647
104.010000 22 647
104.010000 23 647
104.010000 24 647
104.010000 25 426
105.010000 0 548
105.010000 1 658
105.010000 2 438
105.010000 3 658
105.010000 4 658
105.010000 5 658
105.010000 6 658
105.010000 7 658
105.010000 8 658
105.010000 9 658
105.010000 10 658
105.010000 11 658
105.010000 12 438
105.010000 13 658
105.010000 14 548
105.010000 15 658
105.010000 16 548
105.010000 17 548
105.010000 18 548
105.010000 19 658
105.010000 20 658
105.010000 21 658
105.010000 22 658
105.010000 23 658
105.010000 24 658
105.010000 25 440
106.010000 0 561
106.010000 1 670
106.010000 2 444
106.010000 3 670
106.010000 4 670
106.010000 5 670
106.010000 6 670
106.010000 7 670
106.010000 8 670
106.010000 9 670
106.010000 10 670
106.010000 11 670
106.010000 12 444
106.010000 13 670
106.010000 14 561
106.010000 15 670
106.010000 16 554
106.010000 17 561
106.010000 18 561
106.010000 19 670
106.010000 20 670
106.010000 21 670
106.010000 22 670
106.010000 23 670
106.010000 24 670
106.010000 25 451
107.010000 0 582
107.010000 1 690
107.010000 2 453
107.010000 3 690
107.010000 4 690
107.010000 5 690
107.010000 6 690
107.010000 7 690
107.010000 8 690
107.010000 9 690
107.010000 10 690
107.010000 11 690
107.010000 12 453
107.010000 13 690
107.010000 14 582
107.010000 15 690
107.010000 16 570
107.010000 17 582
107.010000 18 582
107.010000 19 690
107.010000 20 690
107.010000 21 690
107.010000 22 690
107.010000 23 690
107.010000 24 690
107.010000 25 465
108.010000 0 557
108.010000 1 674
108.010000 2 454
108.010000 3 674
108.010000 4 674
108.010000 5 674
108.010000 6 674
108.010000 7 674
108.010000 8 674
108.010000 9 674
108.010000 10 674
108.010000 11 674
108.010000 12 454
108.010000 13 674
108.010000 14 557
108.010000 15 674
108.010000 16 563
108.010000 17 557
108.010000 18 557
108.010000 19 674
108.010000 20 674
108.010000 21 674
108.010000 22 674
108.010000 23 674
108.010000 24 674
108.010000 25 448
109.010000 0 546
109.010000 1 666
109.010000 2 452
109.010000 3 666
109.010000 4 666
109.010000 5 666
109.010000 6 666
109.010000 7 666
109.010000 8 666
109.010000 9 666
109.010000 10 666
109.010000 11 666
109.010000 12 452
109.010000 13 666
109.010000 14 546
109.010000 15 666
109.010000 16 560
109.010000 17 546
109.010000 18 546
109.010000 19 666
109.010000 20 666
109.010000 21 666
109.010000 22 666
109.010000 23 666
109.010000 24 666
109.010000 25 440
110.010000 0 540
110.010000 1 632
110.010000 2 409
110.010000 3 632
110.010000 4 632
110.010000 5 632
110.010000 6 632
110.010000 7 632
110.010000 8 632
110.010000 9 632
110.010000 10 632
110.010000 11 632
110.010000 12 409
110.010000 13 632
110.010000 14 540
110.010000 15 632
110.010000 16 517
110.010000 17 540
110.010000 18 540
110.010000 19 632
110.010000 20 632
110.010000 21 632
110.010000 22 632
110.010000 23 632
110.010000 24 632
110.010000 25 430
111.010000 0 563
111.010000 1 683
111.010000 2 461
111.010000 3 683
111.010000 4 683
111.010000 5 683
111.010000 6 683
111.010000 7 683
111.010000 8 683
111.010000 9 683
111.010000 10 683
111.010000 11 683
111.010000 12 461
111.010000 13 683
111.010000 14 563
111.010000 15 683
111.010000 16 574
111.010000 17 563
111.010000 18 563
111.010000 19 683
111.010000 20 683
111.010000 21 683
111.010000 22 683
111.010000 23 683
111.010000 24 683
111.010000 25 451
112.010000 0 534
112.010000 1 646
112.010000 2 433
112.010000 3 646
112.010000 4 646
112.010000 5 646
112.010000 6 646
112.010000 7 646
112.010000 8 646
112.010000 9 646
112.010000 10 646
112.010000 11 646
112.010000 12 433
112.010000 13 646
112.010000 14 534
112.010000 15 646
112.010000 16 540
112.010000 17 534
112.010000 18 534
112.010000 19 646
112.010000 20 646
112.010000 21 646
112.010000 22 646
112.010000 23 646
112.010000 24 646
112.010000 25 431
113.010000 0 560
113.010000 1 672
113.010000 2 448
113.010000 3 672
113.010000 4 672
113.010000 5 672
113.010000 6 672
113.010000 7 672
113.010000 8 672
113.010000 9 672
113.010000 10 672
113.010000 11 672
113.010000 12 448
113.010000 13 672
113.010000 14 560
113.010000 15 672
113.010000 16 556
113.010000 17 560
113.010000 18 560
113.010000 19 672
113.010000 20 672
113.010000 21 672
113.010000 22 672
113.010000 23 672
113.010000 24 672
113.010000 25 452
114.010000 0 537
114.010000 1 647
114.010000 2 434
114.010000 3 647
114.010000 4 647
114.010000 5 647
114.010000 6 647
114.010000 7 647
114.010000 8 647
114.010000 9 647
114.010000 10 647
114.010000 11 647
114.010000 12 434
114.010000 13 647
114.010000 14 537
114.010000 15 647
114.010000 16 545
114.010000 17 537
114.010000 18 537
114.010000 19 647
114.010000 20 647
114.010000 21 647
114.010000 22 647
114.010000 23 647
114.010000 24 647
114.010000 25 425
115.010000 0 554
115.010000 1 660
115.010000 2 436
115.010000 3 660
115.010000 4 660
115.010000 5 660
115.010000 6 660
115.010000 7 660
115.010000 8 660
115.010000 9 660
115.010000 10 660
115.010000 11 660
115.010000 12 436
115.010000 13 660
115.010000 14 554
115.010000 15 660
115.010000 16 545
115.010000 17 554
115.010000 18 554
115.010000 19 660
115.010000 20 660
115.010000 21 660
115.010000 22 660
115.010000 23 660
115.010000 24 660
115.010000 25 445
116.010000 0 549
116.010000 1 668
116.010000 2 452
116.010000 3 668
116.010000 4 668
116.010000 5 668
116.010000 6 668
116.010000 7 668
116.010000 8 668
116.010000 9 668
116.010000 10 668
116.010000 11 668
116.010000 12 452
116.010000 13 668
116.010000 14 549
116.010000 15 668
116.010000 16 567
116.010000 17 549
116.010000 18 549
116.010000 19 668
116.010000 20 668
116.010000 21 668
116.010000 22 668
116.010000 23 668
116.010000 24 668
116.010000 25 436
117.010000 0 533
117.010000 1 632
117.010000 2 416
117.010000 3 632
117.010000 4 632
117.010000 5 632
117.010000 6 632
117.010000 7 632
117.010000 8 632
117.010000 9 632
117.010000 10 632
117.010000 11 632
117.010000 12 416
117.010000 13 632
117.010000 14 533
117.010000 15 632
117.010000 16 514
117.010000 17 533
117.010000 18 533
117.010000 19 632
117.010000 20 632
117.010000 21 632
117.010000 22 632
117.010000 23 632
117.010000 24 632
117.010000 25 433
118.010000 0 557
118.010000 1 671
118.010000 2 449
118.010000 3 671
118.010000 4 671
118.010000 5 671
118.010000 6 671
118.010000 7 671
118.010000 8 671
118.010000 9 671
118.010000 10 671
118.010000 11 671
118.010000 12 449
118.010000 13 671
118.010000 14 557
118.010000 15 671
118.010000 16 568
118.010000 17 557
118.010000 18 557
118.010000 19 671
118.010000 20 671
118.010000 21 671
118.010000 22 671
118.010000 23 671
118.010000 24 671
118.010000 25 439
119.010000 0 565
119.010000 1 674
119.010000 2 447
119.010000 3 674
119.010000 4 674
119.010000 5 674
119.010000 6 674
119.010000 7 674
119.010000 8 674
119.010000 9 674
119.010000 10 674
119.010000 11 674
119.010000 12 447
119.010000 13 674
119.010000 14 565
119.010000 15 674
119.010000 16 550
119.010000 17 565
119.010000 18 565
119.010000 19 674
119.010000 20 674
119.010000 21 674
119.010000 22 674
119.010000 23 674
119.010000 24 674
119.010000 25 460
120.010000 0 558
120.010000 1 672
120.010000 2 449
120.010000 3 672
120.010000 4 672
120.010000 5 672
120.010000 6 672
120.010000 7 672
120.010000 8 672
120.010000 9 672
120.010000 10 672
120.010000 11 672
120.010000 12 449
120.010000 13 672
120.010000 14 558
120.010000 15 672
120.010000 16 562
120.010000 17 558
120.010000 18 558
120.010000 19 672
120.010000 20 672
120.010000 21 672
120.010000 22 672
120.010000 23 672
120.010000 24 672
120.010000 25 447
121.010000 0 567
121.010000 1 685
121.010000 2 460
121.010000 3 685
121.010000 4 685
121.010000 5 685
121.010000 6 685
121.010000 7 685
121.010000 8 685
121.010000 9 685
121.010000 10 685
121.010000 11 685
121.010000 12 460
121.010000 13 685
121.010000 14 567
121.010000 15 685
121.010000 16 572
121.010000 17 567
121.010000 18 567
121.010000 19 685
121.010000 20 685
121.010000 21 685
121.010000 22 685
121.010000 23 685
121.010000 24 685
121.010000 25 456
122.010000 0 534
122.010000 1 647
122.010000 2 437
122.010000 3 647
122.010000 4 647
122.010000 5 647
122.010000 6 647
122.010000 7 647
122.010000 8 647
122.010000 9 647
122.010000 10 647
122.010000 11 647
122.010000 12 437
122.010000 13 647
122.010000 14 534
122.010000 15 647
122.010000 16 547
122.010000 17 534
122.010000 18 534
122.010000 19 647
122.010000 20 647
122.010000 21 647
122.010000 22 647
122.010000 23 647
122.010000 24 647
122.010000 25 423
123.010000 0 542
123.010000 1 644
123.010000 2 423
123.010000 3 644
123.010000 4 644
123.010000 5 644
123.010000 6 644
123.010000 7 644
123.010000 8 644
123.010000 9 644
123.010000 10 644
123.010000 11 644
123.010000 12 423
123.010000 13 644
123.010000 14 542
123.010000 15 644
123.010000 16 530
123.010000 17 542
123.010000 18 542
123.010000 19 644
123.010000 20 644
123.010000 21 644
123.010000 22 644
123.010000 23 644
123.010000 24 644
123.010000 25 437
124.010000 0 544
124.010000 1 659
124.010000 2 445
124.010000 3 659
124.010000 4 659
124.010000 5 659
124.010000 6 659
124.010000 7 659
124.010000 8 659
124.010000 9 659
124.010000 10 659
124.010000 11 659
124.010000 12 445
124.010000 13 659
124.010000 14 544
124.010000 15 659
124.010000 16 554
124.010000 17 544
124.010000 18 544
124.010000 19 659
124.010000 20 659
124.010000 21 659
124.010000 22 659
124.010000 23 659
124.010000 24 659
124.010000 25 434
125.010000 0 563
125.010000 1 665
125.010000 2 435
125.010000 3 665
125.010000 4 665
125.010000 5 665
125.010000 6 665
125.010000 7 665
125.010000 8 665
125.010000 9 665
125.010000 10 665
125.010000 11 665
125.010000 12 435
125.010000 13 665
125.010000 14 563
125.010000 15 665
125.010000 16 547
125.010000 17 563
125.010000 18 563
125.010000 19 665
125.010000 20 665
125.010000 21 665
125.010000 22 665
125.010000 23 665
125.010000 24 665
125.010000 25 450
126.010000 0 553
126.010000 1 671
126.010000 2 453
126.010000 3 671
126.010000 4 671
126.010000 5 671
126.010000 6 671
126.010000 7 671
126.010000 8 671
126.010000 9 671
126.010000 10 671
126.010000 11 671
126.010000 12 453
126.010000 13 671
126.010000 14 553
126.010000 15 671
126.010000 16 563
126.010000 17 553
126.010000 18 553
126.010000 19 671
126.010000 20 671
126.010000 21 671
126.010000 22 671
126.010000 23 671
126.010000 24 671
126.010000 25 444
127.010000 0 560
127.010000 1 670
127.010000 2 445
127.010000 3 670
127.010000 4 670
127.010000 5 670
127.010000 6 670
127.010000 7 670
127.010000 8 670
127.010000 9 670
127.010000 10 670
127.010000 11 670
127.010000 12 445
127.010000 13 670
127.010000 14 560
127.010000 15 670
127.010000 16 555
127.010000 17 560
127.010000 18 560
127.010000 19 670
127.010000 20 670
127.010000 21 670
127.010000 22 670
127.010000 23 670
127.010000 24 670
127.010000 25 450
128.010000 0 526
128.010000 1 634
128.010000 2 424
128.010000 3 634
128.010000 4 634
128.010000 5 634
128.010000 6 634
128.010000 7 634
128.010000 8 634
128.010000 9 634
128.010000 10 634
128.010000 11 634
128.010000 12 424
128.010000 13 634
128.010000 14 526
128.010000 15 634
128.010000 16 526
128.010000 17 526
128.010000 18 526
128.010000 19 634
128.010000 20 634
128.010000 21 634
128.010000 22 634
128.010000 23 634
128.010000 24 634
128.010000 25 426
129.010000 0 545
129.010000 1 662
129.010000 2 449
129.010000 3 662
129.010000 4 662
129.010000 5 662
129.010000 6 662
129.010000 7 662
129.010000 8 662
129.010000 9 662
129.010000 10 662
129.010000 11 662
129.010000 12 449
129.010000 13 662
129.010000 14 545
129.010000 15 662
129.010000 16 565
129.010000 17 545
129.010000 18 545
129.010000 19 662
129.010000 20 662
129.010000 21 662
129.010000 22 662
129.010000 23 662
129.010000 24 662
129.010000 25 427
130.010000 0 527
130.010000 1 621
130.010000 2 405
130.010000 3 621
130.010000 4 621
130.010000 5 621
130.010000 6 621
130.010000 7 621
130.010000 8 621
130.010000 9 621
130.010000 10 621
130.010000 11 621
130.010000 12 405
130.010000 13 621
130.010000 14 527
130.010000 15 621
130.010000 16 502
130.010000 17 527
130.010000 18 527
130.010000 19 621
130.010000 20 621
130.010000 21 621
130.010000 22 621
130.010000 23 621
130.010000 24 621
130.010000 25 429
131.010000 0 574
131.010000 1 689
131.010000 2 459
131.010000 3 689
131.010000 4 689
131.010000 5 689
131.010000 6 689
131.010000 7 689
131.010000 8 689
131.010000 9 689
131.010000 10 689
131.010000 11 689
131.010000 12 459
131.010000 13 689
131.010000 14 574
131.010000 15 689
131.010000 16 572
131.010000 17 574
131.010000 18 574
131.010000 19 689
131.010000 20 689
131.010000 21 689
131.010000 22 689
131.010000 23 689
131.010000 24 689
131.010000 25 462
132.010000 0 584
132.010000 1 705
132.010000 2 474
132.010000 3 705
132.010000 4 705
132.010000 5 705
132.010000 6 705
132.010000 7 705
132.010000 8 705
132.010000 9 705
132.010000 10 705
132.010000 11 705
132.010000 12 474
132.010000 13 705
132.010000 14 584
132.010000 15 705
132.010000 16 593
132.010000 17 584
132.010000 18 584
132.010000 19 705
132.010000 20 705
132.010000 21 705
132.010000 22 705
132.010000 23 705
132.010000 24 705
132.010000 25 464
133.010000 0 514
133.010000 1 615
133.010000 2 409
133.010000 3 615
133.010000 4 615
133.010000 5 615
133.010000 6 615
133.010000 7 615
133.010000 8 615
133.010000 9 615
133.010000 10 615
133.010000 11 615
133.010000 12 409
133.010000 13 615
133.010000 14 514
133.010000 15 615
133.010000 16 507
133.010000 17 514
133.010000 18 514
133.010000 19 615
133.010000 20 615
133.010000 21 615
133.010000 22 615
133.010000 23 615
133.010000 24 615
133.010000 25 415
134.010000 0 597
134.010000 1 712
134.010000 2 471
134.010000 3 712
134.010000 4 712
134.010000 5 712
134.010000 6 712
134.010000 7 712
134.010000 8 712
134.010000 9 712
134.010000 10 712
134.010000 11 712
134.010000 12 471
134.010000 13 712
134.010000 14 597
134.010000 15 712
134.010000 16 591
134.010000 17 597
134.010000 18 597
134.010000 19 712
134.010000 20 712
134.010000 21 712
134.010000 22 712
134.010000 23 712
134.010000 24 712
134.010000 25 477
135.010000 0 554
135.010000 1 672
135.010000 2 455
135.010000 3 672
135.010000 4 672
135.010000 5 672
135.010000 6 672
135.010000 7 672
135.010000 8 672
135.010000 9 672
135.010000 10 672
135.010000 11 672
135.010000 12 455
135.010000 13 672
135.010000 14 554
135.010000 15 672
135.010000 16 563
135.010000 17 554
135.010000 18 554
135.010000 19 672
135.010000 20 672
135.010000 21 672
135.010000 22 672
135.010000 23 672
135.010000 24 672
135.010000 25 444
136.010000 0 558
136.010000 1 658
136.010000 2 427
136.010000 3 658
136.010000 4 658
136.010000 5 658
136.010000 6 658
136.010000 7 658
136.010000 8 658
136.010000 9 658
136.010000 10 658
136.010000 11 658
136.010000 12 427
136.010000 13 658
136.010000 14 558
136.010000 15 658
136.010000 16 546
136.010000 17 558
136.010000 18 558
136.010000 19 658
136.010000 20 658
136.010000 21 658
136.010000 22 658
136.010000 23 658
136.010000 24 658
136.010000 25 443
137.010000 0 539
137.010000 1 654
137.010000 2 442
137.010000 3 654
137.010000 4 654
137.010000 5 654
137.010000 6 654
137.010000 7 654
137.010000 8 654
137.010000 9 654
137.010000 10 654
137.010000 11 653
137.010000 12 442
137.010000 13 654
137.010000 14 539
137.010000 15 653
137.010000 16 549
137.010000 17 539
137.010000 18 539
137.010000 19 653
137.010000 20 653
137.010000 21 654
137.010000 22 654
137.010000 23 654
137.010000 24 654
137.010000 25 431
138.010000 0 548
138.010000 1 664
138.010000 2 448
138.010000 3 664
138.010000 4 664
138.010000 5 664
138.010000 6 664
138.010000 7 664
138.010000 8 664
138.010000 9 664
138.010000 10 664
138.010000 11 665
138.010000 12 448
138.010000 13 664
138.010000 14 548
138.010000 15 665
138.010000 16 558
138.010000 17 548
138.010000 18 548
138.010000 19 665
138.010000 20 665
138.010000 21 664
138.010000 22 664
138.010000 23 664
138.010000 24 664
138.010000 25 439
139.010000 0 563
139.010000 1 669
139.010000 2 441
139.010000 3 669
139.010000 4 669
139.010000 5 669
139.010000 6 669
139.010000 7 669
139.010000 8 669
139.010000 9 669
139.010000 10 669
139.010000 11 669
139.010000 12 441
139.010000 13 669
139.010000 14 563
139.010000 15 669
139.010000 16 554
139.010000 17 563
139.010000 18 563
139.010000 19 669
139.010000 20 669
139.010000 21 669
139.010000 22 669
139.010000 23 669
139.010000 24 669
139.010000 25 449
140.010000 0 530
140.010000 1 644
140.010000 2 437
140.010000 3 644
140.010000 4 644
140.010000 5 644
140.010000 6 644
140.010000 7 644
140.010000 8 644
140.010000 9 644
140.010000 10 644
140.010000 11 644
140.010000 12 437
140.010000 13 644
140.010000 14 530
140.010000 15 644
140.010000 16 538
140.010000 17 530
140.010000 18 530
140.010000 19 644
140.010000 20 644
140.010000 21 644
140.010000 22 644
140.010000 23 644
140.010000 24 644
140.010000 25 427
141.010000 0 586
141.010000 1 696
141.010000 2 458
141.010000 3 696
141.010000 4 696
141.010000 5 696
141.010000 6 696
141.010000 7 696
141.010000 8 696
141.010000 9 696
141.010000 10 696
141.010000 11 696
141.010000 12 458
141.010000 13 696
141.010000 14 586
141.010000 15 696
141.010000 16 572
141.010000 17 586
141.010000 18 586
141.010000 19 696
141.010000 20 696
141.010000 21 696
141.010000 22 696
141.010000 23 696
141.010000 24 696
141.010000 25 472
142.010000 0 542
142.010000 1 657
142.010000 2 443
142.010000 3 657
142.010000 4 657
142.010000 5 657
142.010000 6 657
142.010000 7 657
142.010000 8 657
142.010000 9 657
142.010000 10 657
142.010000 11 657
142.010000 12 443
142.010000 13 657
142.010000 14 542
142.010000 15 657
142.010000 16 548
142.010000 17 542
142.010000 18 542
142.010000 19 657
142.010000 20 657
142.010000 21 657
142.010000 22 657
142.010000 23 657
142.010000 24 657
142.010000 25 438
143.010000 0 540
143.010000 1 652
143.010000 2 438
143.010000 3 652
143.010000 4 652
143.010000 5 652
143.010000 6 652
143.010000 7 652
143.010000 8 652
143.010000 9 652
143.010000 10 652
143.010000 11 652
143.010000 12 438
143.010000 13 652
143.010000 14 540
143.010000 15 652
143.010000 16 550
143.010000 17 540
143.010000 18 540
143.010000 19 652
143.010000 20 652
143.010000 21 652
143.010000 22 652
143.010000 23 652
143.010000 24 652
143.010000 25 428
144.010000 0 542
144.010000 1 649
144.010000 2 432
144.010000 3 649
144.010000 4 649
144.010000 5 649
144.010000 6 649
144.010000 7 649
144.010000 8 649
144.010000 9 649
144.010000 10 649
144.010000 11 649
144.010000 12 432
144.010000 13 649
144.010000 14 542
144.010000 15 649
144.010000 16 536
144.010000 17 542
144.010000 18 542
144.010000 19 649
144.010000 20 649
144.010000 21 649
144.010000 22 649
144.010000 23 649
144.010000 24 649
144.010000 25 437
145.010000 0 550
145.010000 1 662
145.010000 2 443
145.010000 3 662
145.010000 4 662
145.010000 5 662
145.010000 6 662
145.010000 7 662
145.010000 8 662
145.010000 9 662
145.010000 10 662
145.010000 11 662
145.010000 12 443
145.010000 13 662
145.010000 14 550
145.010000 15 662
145.010000 16 553
145.010000 17 550
145.010000 18 550
145.010000 19 662
145.010000 20 662
145.010000 21 662
145.010000 22 662
145.010000 23 662
145.010000 24 662
145.010000 25 440
146.010000 0 599
146.010000 1 700
146.010000 2 452
146.010000 3 700
146.010000 4 700
146.010000 5 700
146.010000 6 700
146.010000 7 700
146.010000 8 700
146.010000 9 700
146.010000 10 700
146.010000 11 700
146.010000 12 452
146.010000 13 700
146.010000 14 599
146.010000 15 700
146.010000 16 576
146.010000 17 599
146.010000 18 599
146.010000 19 700
146.010000 20 700
146.010000 21 700
146.010000 22 700
146.010000 23 700
146.010000 24 700
146.010000 25 473
147.010000 0 527
147.010000 1 650
147.010000 2 447
147.010000 3 650
147.010000 4 650
147.010000 5 650
147.010000 6 650
147.010000 7 650
147.010000 8 650
147.010000 9 650
147.010000 10 650
147.010000 11 650
147.010000 12 447
147.010000 13 650
147.010000 14 527
147.010000 15 650
147.010000 16 544
147.010000 17 527
147.010000 18 527
147.010000 19 650
147.010000 20 650
147.010000 21 650
147.010000 22 650
147.010000 23 650
147.010000 24 650
147.010000 25 432
148.010000 0 550
148.010000 1 671
148.010000 2 456
148.010000 3 671
148.010000 4 671
148.010000 5 671
148.010000 6 671
148.010000 7 671
148.010000 8 671
148.010000 9 671
148.010000 10 671
148.010000 11 671
148.010000 12 456
148.010000 13 671
148.010000 14 550
148.010000 15 671
148.010000 16 569
148.010000 17 550
148.010000 18 550
148.010000 19 671
148.010000 20 671
148.010000 21 671
148.010000 22 671
148.010000 23 671
148.010000 24 671
148.010000 25 438
149.010000 0 543
149.010000 1 637
149.010000 2 413
149.010000 3 637
149.010000 4 637
149.010000 5 637
149.010000 6 637
149.010000 7 637
149.010000 8 637
149.010000 9 637
149.010000 10 637
149.010000 11 637
149.010000 12 413
149.010000 13 637
149.010000 14 543
149.010000 15 637
149.010000 16 523
149.010000 17 543
149.010000 18 543
149.010000 19 637
149.010000 20 637
149.010000 21 637
149.010000 22 637
149.010000 23 637
149.010000 24 637
149.010000 25 432
