0.010000 0 22
0.010000 1 19
0.010000 2 10
0.010000 3 22
0.010000 4 22
0.010000 5 12
0.010000 6 22
0.010000 7 22
0.010000 8 22
0.010000 9 22
0.010000 10 22
0.010000 11 22
0.010000 12 13
0.010000 13 22
0.010000 14 22
0.010000 15 6
0.010000 16 22
0.010000 17 22
1.010000 0 590
1.010000 1 647
1.010000 2 603
1.010000 3 631
1.010000 4 654
1.010000 5 626
1.010000 6 650
1.010000 7 615
1.010000 8 647
1.010000 9 639
1.010000 10 615
1.010000 11 650
1.010000 12 632
1.010000 13 636
1.010000 14 616
1.010000 15 609
1.010000 16 647
1.010000 17 606
2.010000 0 373
2.010000 1 409
2.010000 2 371
2.010000 3 401
2.010000 4 397
2.010000 5 390
2.010000 6 408
2.010000 7 412
2.010000 8 409
2.010000 9 408
2.010000 10 393
2.010000 11 404
2.010000 12 388
2.010000 13 397
2.010000 14 392
2.010000 15 364
2.010000 16 408
2.010000 17 386
3.010000 0 489
3.010000 1 520
3.010000 2 491
3.010000 3 504
3.010000 4 509
3.010000 5 504
3.010000 6 518
3.010000 7 484
3.010000 8 516
3.010000 9 517
3.010000 10 504
3.010000 11 502
3.010000 12 506
3.010000 13 510
3.010000 14 507
3.010000 15 485
3.010000 16 536
3.010000 17 487
4.010000 0 392
4.010000 1 431
4.010000 2 404
4.010000 3 408
4.010000 4 419
4.010000 5 413
4.010000 6 427
4.010000 7 415
4.010000 8 429
4.010000 9 433
4.010000 10 432
4.010000 11 427
4.010000 12 421
4.010000 13 418
4.010000 14 412
4.010000 15 405
4.010000 16 417
4.010000 17 391
5.010000 0 401
5.010000 1 436
5.010000 2 402
5.010000 3 420
5.010000 4 425
5.010000 5 420
5.010000 6 434
5.010000 7 440
5.010000 8 432
5.010000 9 433
5.010000 10 422
5.010000 11 433
5.010000 12 419
5.010000 13 425
5.010000 14 419
5.010000 15 403
5.010000 16 435
5.010000 17 403
6.010000 0 475
6.010000 1 513
6.010000 2 474
6.010000 3 493
6.010000 4 501
6.010000 5 495
6.010000 6 510
6.010000 7 495
6.010000 8 509
6.010000 9 507
6.010000 10 495
6.010000 11 508
6.010000 12 493
6.010000 13 482
6.010000 14 494
6.010000 15 478
6.010000 16 512
6.010000 17 475
7.010000 0 428
7.010000 1 464
7.010000 2 435
7.010000 3 443
7.010000 4 449
7.010000 5 451
7.010000 6 458
7.010000 7 447
7.010000 8 458
7.010000 9 460
7.010000 10 431
7.010000 11 458
7.010000 12 448
7.010000 13 468
7.010000 14 448
7.010000 15 434
7.010000 16 474
7.010000 17 426
8.010000 0 487
8.010000 1 540
8.010000 2 497
8.010000 3 511
8.010000 4 525
8.010000 5 524
8.010000 6 533
8.010000 7 520
8.010000 8 532
8.010000 9 532
8.010000 10 515
8.010000 11 531
8.010000 12 518
8.010000 13 505
8.010000 14 513
8.010000 15 509
8.010000 16 520
8.010000 17 494
9.010000 0 425
9.010000 1 453
9.010000 2 424
9.010000 3 441
9.010000 4 442
9.010000 5 433
9.010000 6 451
9.010000 7 439
9.010000 8 448
9.010000 9 454
9.010000 10 440
9.010000 11 453
9.010000 12 439
9.010000 13 462
9.010000 14 440
9.010000 15 414
9.010000 16 458
9.010000 17 423
10.010000 0 468
10.010000 1 509
10.010000 2 476
10.010000 3 503
10.010000 4 495
10.010000 5 485
10.010000 6 507
10.010000 7 488
10.010000 8 489
10.010000 9 506
10.010000 10 490
10.010000 11 499
10.010000 12 495
10.010000 13 480
10.010000 14 487
10.010000 15 463
10.010000 16 509
10.010000 17 488
11.010000 0 366
11.010000 1 398
11.010000 2 388
11.010000 3 381
11.010000 4 390
11.010000 5 390
11.010000 6 396
11.010000 7 383
11.010000 8 409
11.010000 9 398
11.010000 10 386
11.010000 11 396
11.010000 12 397
11.010000 13 390
11.010000 14 383
11.010000 15 377
11.010000 16 402
11.010000 17 364
12.010000 0 467
12.010000 1 505
12.010000 2 457
12.010000 3 485
12.010000 4 491
12.010000 5 488
12.010000 6 499
12.010000 7 486
12.010000 8 488
12.010000 9 498
12.010000 10 485
12.010000 11 501
12.010000 12 484
12.010000 13 491
12.010000 14 486
12.010000 15 470
12.010000 16 503
12.010000 17 468
13.010000 0 427
13.010000 1 463
13.010000 2 436
13.010000 3 445
13.010000 4 451
13.010000 5 455
13.010000 6 459
13.010000 7 447
13.010000 8 458
13.010000 9 462
13.010000 10 448
13.010000 11 460
13.010000 12 445
13.010000 13 453
13.010000 14 446
13.010000 15 437
13.010000 16 465
13.010000 17 427
14.010000 0 433
14.010000 1 467
14.010000 2 433
14.010000 3 450
14.010000 4 455
14.010000 5 450
14.010000 6 463
14.010000 7 450
14.010000 8 463
14.010000 9 462
14.010000 10 451
14.010000 11 463
14.010000 12 450
14.010000 13 455
14.010000 14 450
14.010000 15 433
14.010000 16 467
14.010000 17 433
15.010000 0 418
15.010000 1 455
15.010000 2 426
15.010000 3 436
15.010000 4 440
15.010000 5 434
15.010000 6 452
15.010000 7 435
15.010000 8 450
15.010000 9 448
15.010000 10 442
15.010000 11 456
15.010000 12 450
15.010000 13 441
15.010000 14 434
15.010000 15 419
15.010000 16 454
15.010000 17 416
16.010000 0 919
16.010000 1 946
16.010000 2 932
16.010000 3 944
16.010000 4 934
16.010000 5 951
16.010000 6 950
16.010000 7 706
16.010000 8 953
16.010000 9 955
16.010000 10 939
16.010000 11 947
16.010000 12 940
16.010000 13 726
16.010000 14 937
16.010000 15 940
16.010000 16 964
16.010000 17 919
17.010000 0 912
17.010000 1 932
17.010000 2 908
17.010000 3 945
17.010000 4 934
17.010000 5 922
17.010000 6 978
17.010000 7 732
17.010000 8 958
17.010000 9 965
17.010000 10 969
17.010000 11 960
17.010000 12 934
17.010000 13 763
17.010000 14 927
17.010000 15 886
17.010000 16 964
17.010000 17 907
18.010000 0 839
18.010000 1 802
18.010000 2 832
18.010000 3 846
18.010000 4 864
18.010000 5 847
18.010000 6 862
18.010000 7 611
18.010000 8 854
18.010000 9 857
18.010000 10 848
18.010000 11 855
18.010000 12 847
18.010000 13 666
18.010000 14 848
18.010000 15 832
18.010000 16 872
18.010000 17 839
19.010000 0 910
19.010000 1 864
19.010000 2 900
19.010000 3 911
19.010000 4 932
19.010000 5 915
19.010000 6 928
19.010000 7 645
19.010000 8 930
19.010000 9 921
19.010000 10 913
19.010000 11 918
19.010000 12 911
19.010000 13 720
19.010000 14 927
19.010000 15 898
19.010000 16 928
19.010000 17 910
20.010000 0 949
20.010000 1 896
20.010000 2 950
20.010000 3 948
20.010000 4 963
20.010000 5 957
20.010000 6 968
20.010000 7 674
20.010000 8 968
20.010000 9 961
20.010000 10 954
20.010000 11 961
20.010000 12 967
20.010000 13 756
20.010000 14 968
20.010000 15 951
20.010000 16 968
20.010000 17 948
21.010000 0 915
21.010000 1 936
21.010000 2 1009
21.010000 3 955
21.010000 4 985
21.010000 5 1013
21.010000 6 996
21.010000 7 759
21.010000 8 1012
21.010000 9 1007
21.010000 10 999
21.010000 11 1009
21.010000 12 1014
21.010000 13 837
21.010000 14 939
21.010000 15 997
21.010000 16 1020
21.010000 17 885
22.010000 0 913
22.010000 1 913
22.010000 2 931
22.010000 3 954
22.010000 4 945
22.010000 5 965
22.010000 6 956
22.010000 7 707
22.010000 8 960
22.010000 9 962
22.010000 10 942
22.010000 11 964
22.010000 12 932
22.010000 13 757
22.010000 14 924
22.010000 15 951
22.010000 16 963
22.010000 17 918
23.010000 0 956
23.010000 1 941
23.010000 2 969
23.010000 3 974
23.010000 4 992
23.010000 5 988
23.010000 6 993
23.010000 7 730
23.010000 8 1000
23.010000 9 996
23.010000 10 986
23.010000 11 998
23.010000 12 983
23.010000 13 803
23.010000 14 987
23.010000 15 970
23.010000 16 1006
23.010000 17 964
24.010000 0 995
24.010000 1 964
24.010000 2 923
24.010000 3 1007
24.010000 4 1007
24.010000 5 962
24.010000 6 1034
24.010000 7 777
24.010000 8 1017
24.010000 9 1015
24.010000 10 1006
24.010000 11 1018
24.010000 12 983
24.010000 13 823
24.010000 14 1010
24.010000 15 934
24.010000 16 1014
24.010000 17 995
25.010000 0 941
25.010000 1 892
25.010000 2 927
25.010000 3 938
25.010000 4 953
25.010000 5 942
25.010000 6 958
25.010000 7 687
25.010000 8 955
25.010000 9 951
25.010000 10 942
25.010000 11 955
25.010000 12 947
25.010000 13 757
25.010000 14 956
25.010000 15 932
25.010000 16 959
25.010000 17 935
26.010000 0 953
26.010000 1 894
26.010000 2 933
26.010000 3 969
26.010000 4 960
26.010000 5 951
26.010000 6 954
26.010000 7 686
26.010000 8 962
26.010000 9 963
26.010000 10 952
26.010000 11 969
26.010000 12 950
26.010000 13 766
26.010000 14 963
26.010000 15 934
26.010000 16 970
26.010000 17 962
27.010000 0 927
27.010000 1 908
27.010000 2 952
27.010000 3 963
27.010000 4 956
27.010000 5 960
27.010000 6 976
27.010000 7 698
27.010000 8 978
27.010000 9 975
27.010000 10 969
27.010000 11 984
27.010000 12 970
27.010000 13 771
27.010000 14 931
27.010000 15 949
27.010000 16 987
27.010000 17 899
28.010000 0 929
28.010000 1 852
28.010000 2 880
28.010000 3 903
28.010000 4 905
28.010000 5 897
28.010000 6 901
28.010000 7 638
28.010000 8 911
28.010000 9 911
28.010000 10 903
28.010000 11 923
28.010000 12 894
28.010000 13 720
28.010000 14 939
28.010000 15 880
28.010000 16 923
28.010000 17 902
29.010000 0 922
29.010000 1 950
29.010000 2 981
29.010000 3 977
29.010000 4 997
29.010000 5 985
29.010000 6 1004
29.010000 7 731
29.010000 8 996
29.010000 9 1002
29.010000 10 983
29.010000 11 989
29.010000 12 998
29.010000 13 786
29.010000 14 960
29.010000 15 971
29.010000 16 993
29.010000 17 973
30.010000 0 924
30.010000 1 866
30.010000 2 925
30.010000 3 917
30.010000 4 933
30.010000 5 937
30.010000 6 946
30.010000 7 668
30.010000 8 943
30.010000 9 951
30.010000 10 942
30.010000 11 940
30.010000 12 931
30.010000 13 748
30.010000 14 939
30.010000 15 917
30.010000 16 949
30.010000 17 906
31.010000 0 866
31.010000 1 879
31.010000 2 922
31.010000 3 937
31.010000 4 947
31.010000 5 941
31.010000 6 953
31.010000 7 675
31.010000 8 949
31.010000 9 952
31.010000 10 958
31.010000 11 956
31.010000 12 940
31.010000 13 750
31.010000 14 882
31.010000 15 928
31.010000 16 956
31.010000 17 863
32.010000 0 900
32.010000 1 860
32.010000 2 905
32.010000 3 931
32.010000 4 906
32.010000 5 916
32.010000 6 932
32.010000 7 665
32.010000 8 942
32.010000 9 932
32.010000 10 914
32.010000 11 930
32.010000 12 919
32.010000 13 744
32.010000 14 912
32.010000 15 903
32.010000 16 938
32.010000 17 915
33.010000 0 914
33.010000 1 892
33.010000 2 906
33.010000 3 924
33.010000 4 958
33.010000 5 936
33.010000 6 952
33.010000 7 676
33.010000 8 952
33.010000 9 929
33.010000 10 933
33.010000 11 960
33.010000 12 933
33.010000 13 730
33.010000 14 939
33.010000 15 926
33.010000 16 935
33.010000 17 917
34.010000 0 871
34.010000 1 804
34.010000 2 878
34.010000 3 873
34.010000 4 877
34.010000 5 895
34.010000 6 881
34.010000 7 592
34.010000 8 881
34.010000 9 886
34.010000 10 872
34.010000 11 879
34.010000 12 884
34.010000 13 687
34.010000 14 885
34.010000 15 880
34.010000 16 895
34.010000 17 872
35.010000 0 947
35.010000 1 880
35.010000 2 921
35.010000 3 943
35.010000 4 936
35.010000 5 920
35.010000 6 944
35.010000 7 670
35.010000 8 951
35.010000 9 950
35.010000 10 935
35.010000 11 963
35.010000 12 948
35.010000 13 757
35.010000 14 955
35.010000 15 913
35.010000 16 949
35.010000 17 935
36.010000 0 940
36.010000 1 958
36.010000 2 1008
36.010000 3 995
36.010000 4 1017
36.010000 5 1034
36.010000 6 1028
36.010000 7 811
36.010000 8 1040
36.010000 9 1040
36.010000 10 1035
36.010000 11 1049
36.010000 12 1016
36.010000 13 878
36.010000 14 970
36.010000 15 993
36.010000 16 1052
36.010000 17 908
37.010000 0 878
37.010000 1 829
37.010000 2 876
37.010000 3 892
37.010000 4 870
37.010000 5 884
37.010000 6 913
37.010000 7 640
37.010000 8 898
37.010000 9 901
37.010000 10 886
37.010000 11 901
37.010000 12 886
37.010000 13 730
37.010000 14 887
37.010000 15 866
37.010000 16 908
37.010000 17 865
38.010000 0 926
38.010000 1 895
38.010000 2 921
38.010000 3 927
38.010000 4 931
38.010000 5 940
38.010000 6 953
38.010000 7 717
38.010000 8 957
38.010000 9 930
38.010000 10 939
38.010000 11 958
38.010000 12 937
38.010000 13 783
38.010000 14 934
38.010000 15 922
38.010000 16 965
38.010000 17 889
39.010000 0 928
39.010000 1 986
39.010000 2 1002
39.010000 3 975
39.010000 4 1030
39.010000 5 1029
39.010000 6 1045
39.010000 7 831
39.010000 8 1048
39.010000 9 1041
39.010000 10 1035
39.010000 11 1041
39.010000 12 1026
39.010000 13 872
39.010000 14 992
39.010000 15 1019
39.010000 16 1037
39.010000 17 934
40.010000 0 938
40.010000 1 903
40.010000 2 939
40.010000 3 949
40.010000 4 969
40.010000 5 950
40.010000 6 971
40.010000 7 676
40.010000 8 964
40.010000 9 954
40.010000 10 950
40.010000 11 961
40.010000 12 960
40.010000 13 764
40.010000 14 954
40.010000 15 941
40.010000 16 971
40.010000 17 940
41.010000 0 936
41.010000 1 935
41.010000 2 960
41.010000 3 956
41.010000 4 962
41.010000 5 976
41.010000 6 980
41.010000 7 738
41.010000 8 986
41.010000 9 969
41.010000 10 972
41.010000 11 987
41.010000 12 977
41.010000 13 801
41.010000 14 943
41.010000 15 965
41.010000 16 1000
41.010000 17 909
42.010000 0 927
42.010000 1 919
42.010000 2 928
42.010000 3 951
42.010000 4 955
42.010000 5 946
42.010000 6 969
42.010000 7 698
42.010000 8 972
42.010000 9 968
42.010000 10 974
42.010000 11 968
42.010000 12 950
42.010000 13 765
42.010000 14 950
42.010000 15 927
42.010000 16 976
42.010000 17 927
43.010000 0 862
43.010000 1 841
43.010000 2 893
43.010000 3 881
43.010000 4 891
43.010000 5 891
43.010000 6 907
43.010000 7 661
43.010000 8 899
43.010000 9 893
43.010000 10 908
43.010000 11 907
43.010000 12 908
43.010000 13 714
43.010000 14 874
43.010000 15 884
43.010000 16 915
43.010000 17 845
44.010000 0 874
44.010000 1 853
44.010000 2 894
44.010000 3 896
44.010000 4 897
44.010000 5 918
44.010000 6 909
44.010000 7 656
44.010000 8 917
44.010000 9 911
44.010000 10 898
44.010000 11 924
44.010000 12 903
44.010000 13 746
44.010000 14 888
44.010000 15 907
44.010000 16 917
44.010000 17 863
45.010000 0 921
45.010000 1 873
45.010000 2 919
45.010000 3 927
45.010000 4 928
45.010000 5 919
45.010000 6 938
45.010000 7 665
45.010000 8 934
45.010000 9 924
45.010000 10 926
45.010000 11 933
45.010000 12 939
45.010000 13 740
45.010000 14 929
45.010000 15 916
45.010000 16 944
45.010000 17 922
46.010000 0 917
46.010000 1 916
46.010000 2 962
46.010000 3 934
46.010000 4 983
46.010000 5 963
46.010000 6 994
46.010000 7 698
46.010000 8 988
46.010000 9 974
46.010000 10 970
46.010000 11 965
46.010000 12 980
46.010000 13 758
46.010000 14 971
46.010000 15 960
46.010000 16 971
46.010000 17 932
47.010000 0 869
47.010000 1 929
47.010000 2 943
47.010000 3 927
47.010000 4 931
47.010000 5 960
47.010000 6 922
47.010000 7 738
47.010000 8 964
47.010000 9 945
47.010000 10 946
47.010000 11 965
47.010000 12 952
47.010000 13 806
47.010000 14 892
47.010000 15 952
47.010000 16 967
47.010000 17 851
48.010000 0 875
48.010000 1 856
48.010000 2 888
48.010000 3 895
48.010000 4 896
48.010000 5 897
48.010000 6 917
48.010000 7 650
48.010000 8 921
48.010000 9 907
48.010000 10 899
48.010000 11 918
48.010000 12 908
48.010000 13 718
48.010000 14 887
48.010000 15 894
48.010000 16 899
48.010000 17 870
49.010000 0 936
49.010000 1 923
49.010000 2 938
49.010000 3 941
49.010000 4 951
49.010000 5 962
49.010000 6 955
49.010000 7 718
49.010000 8 968
49.010000 9 946
49.010000 10 957
49.010000 11 962
49.010000 12 947
49.010000 13 784
49.010000 14 951
49.010000 15 938
49.010000 16 983
49.010000 17 918
50.010000 0 885
50.010000 1 887
50.010000 2 903
50.010000 3 896
50.010000 4 917
50.010000 5 918
50.010000 6 934
50.010000 7 686
50.010000 8 938
50.010000 9 912
50.010000 10 937
50.010000 11 948
50.010000 12 925
50.010000 13 741
50.010000 14 902
50.010000 15 913
50.010000 16 926
50.010000 17 863
51.010000 0 942
51.010000 1 874
51.010000 2 881
51.010000 3 943
51.010000 4 927
51.010000 5 920
51.010000 6 942
51.010000 7 664
51.010000 8 939
51.010000 9 940
51.010000 10 932
51.010000 11 944
51.010000 12 894
51.010000 13 746
51.010000 14 947
51.010000 15 867
51.010000 16 959
51.010000 17 941
52.010000 0 940
52.010000 1 877
52.010000 2 915
52.010000 3 939
52.010000 4 924
52.010000 5 921
52.010000 6 935
52.010000 7 646
52.010000 8 936
52.010000 9 941
52.010000 10 917
52.010000 11 935
52.010000 12 934
52.010000 13 720
52.010000 14 941
52.010000 15 919
52.010000 16 940
52.010000 17 939
53.010000 0 870
53.010000 1 889
53.010000 2 958
53.010000 3 912
53.010000 4 951
53.010000 5 965
53.010000 6 961
53.010000 7 719
53.010000 8 968
53.010000 9 971
53.010000 10 960
53.010000 11 969
53.010000 12 965
53.010000 13 777
53.010000 14 920
53.010000 15 962
53.010000 16 969
53.010000 17 874
54.010000 0 1059
54.010000 1 1012
54.010000 2 972
54.010000 3 1067
54.010000 4 1058
54.010000 5 1052
54.010000 6 1079
54.010000 7 814
54.010000 8 1061
54.010000 9 1078
54.010000 10 1064
54.010000 11 1078
54.010000 12 989
54.010000 13 892
54.010000 14 1077
54.010000 15 961
54.010000 16 1083
54.010000 17 1062
55.010000 0 957
55.010000 1 964
55.010000 2 980
55.010000 3 1000
55.010000 4 993
55.010000 5 994
55.010000 6 1004
55.010000 7 782
55.010000 8 1024
55.010000 9 1003
55.010000 10 1008
55.010000 11 1017
55.010000 12 1007
55.010000 13 852
55.010000 14 971
55.010000 15 982
55.010000 16 1031
55.010000 17 930
56.010000 0 890
56.010000 1 839
56.010000 2 872
56.010000 3 876
56.010000 4 887
56.010000 5 887
56.010000 6 897
56.010000 7 619
56.010000 8 891
56.010000 9 897
56.010000 10 886
56.010000 11 891
56.010000 12 881
56.010000 13 688
56.010000 14 909
56.010000 15 868
56.010000 16 899
56.010000 17 868
57.010000 0 909
57.010000 1 857
57.010000 2 866
57.010000 3 914
57.010000 4 911
57.010000 5 899
57.010000 6 916
57.010000 7 635
57.010000 8 911
57.010000 9 909
57.010000 10 900
57.010000 11 915
57.010000 12 891
57.010000 13 691
57.010000 14 918
57.010000 15 881
57.010000 16 914
57.010000 17 911
58.010000 0 972
58.010000 1 1006
58.010000 2 1060
58.010000 3 1058
58.010000 4 1073
58.010000 5 1073
58.010000 6 1081
58.010000 7 828
58.010000 8 1086
58.010000 9 1072
58.010000 10 1086
58.010000 11 1095
58.010000 12 1082
58.010000 13 913
58.010000 14 994
58.010000 15 1064
58.010000 16 1087
58.010000 17 1003
59.010000 0 885
59.010000 1 881
59.010000 2 906
59.010000 3 915
59.010000 4 921
59.010000 5 922
59.010000 6 928
59.010000 7 666
59.010000 8 922
59.010000 9 942
59.010000 10 906
59.010000 11 918
59.010000 12 913
59.010000 13 712
59.010000 14 904
59.010000 15 904
59.010000 16 926
59.010000 17 914
60.010000 0 967
60.010000 1 914
60.010000 2 949
60.010000 3 976
60.010000 4 973
60.010000 5 970
60.010000 6 982
60.010000 7 700
60.010000 8 982
60.010000 9 988
60.010000 10 961
60.010000 11 980
60.010000 12 962
60.010000 13 807
60.010000 14 983
60.010000 15 950
60.010000 16 991
60.010000 17 970
61.010000 0 939
61.010000 1 940
61.010000 2 938
61.010000 3 961
61.010000 4 976
61.010000 5 957
61.010000 6 979
61.010000 7 706
61.010000 8 968
61.010000 9 970
61.010000 10 951
61.010000 11 976
61.010000 12 959
61.010000 13 742
61.010000 14 971
61.010000 15 942
61.010000 16 970
61.010000 17 960
62.010000 0 922
62.010000 1 911
62.010000 2 958
62.010000 3 974
62.010000 4 985
62.010000 5 975
62.010000 6 981
62.010000 7 729
62.010000 8 987
62.010000 9 989
62.010000 10 996
62.010000 11 981
62.010000 12 975
62.010000 13 809
62.010000 14 934
62.010000 15 959
62.010000 16 995
62.010000 17 913
63.010000 0 921
63.010000 1 885
63.010000 2 930
63.010000 3 940
63.010000 4 945
63.010000 5 950
63.010000 6 951
63.010000 7 679
63.010000 8 952
63.010000 9 940
63.010000 10 936
63.010000 11 965
63.010000 12 939
63.010000 13 762
63.010000 14 937
63.010000 15 933
63.010000 16 959
63.010000 17 921
64.010000 0 887
64.010000 1 860
64.010000 2 901
64.010000 3 901
64.010000 4 918
64.010000 5 913
64.010000 6 924
64.010000 7 665
64.010000 8 926
64.010000 9 930
64.010000 10 917
64.010000 11 919
64.010000 12 916
64.010000 13 723
64.010000 14 896
64.010000 15 903
64.010000 16 929
64.010000 17 864
65.010000 0 948
65.010000 1 942
65.010000 2 972
65.010000 3 983
65.010000 4 964
65.010000 5 985
65.010000 6 1005
65.010000 7 767
65.010000 8 996
65.010000 9 982
65.010000 10 987
65.010000 11 1002
65.010000 12 989
65.010000 13 856
65.010000 14 961
65.010000 15 964
65.010000 16 1010
65.010000 17 950
66.010000 0 872
66.010000 1 843
66.010000 2 892
66.010000 3 892
66.010000 4 909
66.010000 5 902
66.010000 6 916
66.010000 7 626
66.010000 8 909
66.010000 9 905
66.010000 10 897
66.010000 11 906
66.010000 12 902
66.010000 13 684
66.010000 14 886
66.010000 15 899
66.010000 16 913
66.010000 17 867
67.010000 0 854
67.010000 1 810
67.010000 2 869
67.010000 3 858
67.010000 4 874
67.010000 5 860
67.010000 6 874
67.010000 7 577
67.010000 8 884
67.010000 9 873
67.010000 10 880
67.010000 11 888
67.010000 12 887
67.010000 13 669
67.010000 14 877
67.010000 15 859
67.010000 16 876
67.010000 17 858
68.010000 0 979
68.010000 1 1003
68.010000 2 1021
68.010000 3 1027
68.010000 4 1048
68.010000 5 1064
68.010000 6 1089
68.010000 7 873
68.010000 8 1078
68.010000 9 1086
68.010000 10 1076
68.010000 11 1062
68.010000 12 1032
68.010000 13 937
68.010000 14 1027
68.010000 15 1013
68.010000 16 1080
68.010000 17 972
69.010000 0 928
69.010000 1 907
69.010000 2 957
69.010000 3 941
69.010000 4 957
69.010000 5 962
69.010000 6 968
69.010000 7 700
69.010000 8 967
69.010000 9 953
69.010000 10 953
69.010000 11 964
69.010000 12 966
69.010000 13 779
69.010000 14 948
69.010000 15 960
69.010000 16 957
69.010000 17 923
70.010000 0 933
70.010000 1 942
70.010000 2 977
70.010000 3 943
70.010000 4 970
70.010000 5 975
70.010000 6 983
70.010000 7 721
70.010000 8 989
70.010000 9 966
70.010000 10 973
70.010000 11 986
70.010000 12 994
70.010000 13 775
70.010000 14 960
70.010000 15 974
70.010000 16 992
70.010000 17 911
71.010000 0 877
71.010000 1 870
71.010000 2 889
71.010000 3 893
71.010000 4 904
71.010000 5 916
71.010000 6 916
71.010000 7 665
71.010000 8 913
71.010000 9 905
71.010000 10 908
71.010000 11 914
71.010000 12 898
71.010000 13 720
71.010000 14 892
71.010000 15 895
71.010000 16 932
71.010000 17 870
72.010000 0 944
72.010000 1 927
72.010000 2 956
72.010000 3 982
72.010000 4 964
72.010000 5 999
72.010000 6 994
72.010000 7 758
72.010000 8 994
72.010000 9 996
72.010000 10 985
72.010000 11 1002
72.010000 12 963
72.010000 13 839
72.010000 14 956
72.010000 15 954
72.010000 16 1005
72.010000 17 932
73.010000 0 969
73.010000 1 975
73.010000 2 1002
73.010000 3 989
73.010000 4 986
73.010000 5 1002
73.010000 6 1011
73.010000 7 766
73.010000 8 1006
73.010000 9 998
73.010000 10 978
73.010000 11 1009
73.010000 12 1003
73.010000 13 820
73.010000 14 979
73.010000 15 990
73.010000 16 1011
73.010000 17 952
74.010000 0 870
74.010000 1 872
74.010000 2 911
74.010000 3 898
74.010000 4 901
74.010000 5 926
74.010000 6 925
74.010000 7 681
74.010000 8 925
74.010000 9 921
74.010000 10 935
74.010000 11 929
74.010000 12 915
74.010000 13 753
74.010000 14 887
74.010000 15 908
74.010000 16 934
74.010000 17 861
75.010000 0 872
75.010000 1 802
75.010000 2 857
75.010000 3 848
75.010000 4 867
75.010000 5 885
75.010000 6 873
75.010000 7 607
75.010000 8 882
75.010000 9 858
75.010000 10 866
75.010000 11 882
75.010000 12 859
75.010000 13 667
75.010000 14 885
75.010000 15 869
75.010000 16 880
75.010000 17 837
76.010000 0 909
76.010000 1 911
76.010000 2 950
76.010000 3 952
76.010000 4 963
76.010000 5 970
76.010000 6 967
76.010000 7 696
76.010000 8 971
76.010000 9 975
76.010000 10 948
76.010000 11 957
76.010000 12 951
76.010000 13 754
76.010000 14 933
76.010000 15 965
76.010000 16 961
76.010000 17 947
77.010000 0 956
77.010000 1 890
77.010000 2 886
77.010000 3 959
77.010000 4 952
77.010000 5 897
77.010000 6 967
77.010000 7 679
77.010000 8 950
77.010000 9 939
77.010000 10 945
77.010000 11 955
77.010000 12 940
77.010000 13 754
77.010000 14 961
77.010000 15 876
77.010000 16 965
77.010000 17 959
78.010000 0 976
78.010000 1 928
78.010000 2 945
78.010000 3 983
78.010000 4 988
78.010000 5 963
78.010000 6 988
78.010000 7 735
78.010000 8 1001
78.010000 9 988
78.010000 10 986
78.010000 11 999
78.010000 12 984
78.010000 13 821
78.010000 14 996
78.010000 15 949
78.010000 16 1004
78.010000 17 975
79.010000 0 997
79.010000 1 1042
79.010000 2 1033
79.010000 3 1050
79.010000 4 1087
79.010000 5 1033
79.010000 6 1077
79.010000 7 846
79.010000 8 1086
79.010000 9 1072
79.010000 10 1072
79.010000 11 1083
79.010000 12 1077
79.010000 13 890
79.010000 14 1022
79.010000 15 1022
79.010000 16 1084
79.010000 17 996
80.010000 0 899
80.010000 1 909
80.010000 2 954
80.010000 3 951
80.010000 4 945
80.010000 5 972
80.010000 6 959
80.010000 7 701
80.010000 8 976
80.010000 9 968
80.010000 10 954
80.010000 11 980
80.010000 12 963
80.010000 13 773
80.010000 14 914
80.010000 15 964
80.010000 16 970
80.010000 17 891
81.010000 0 917
81.010000 1 907
81.010000 2 931
81.010000 3 937
81.010000 4 946
81.010000 5 959
81.010000 6 968
81.010000 7 724
81.010000 8 968
81.010000 9 958
81.010000 10 956
81.010000 11 970
81.010000 12 946
81.010000 13 814
81.010000 14 935
81.010000 15 933
81.010000 16 973
81.010000 17 905
82.010000 0 844
82.010000 1 844
82.010000 2 874
82.010000 3 871
82.010000 4 847
82.010000 5 885
82.010000 6 899
82.010000 7 652
82.010000 8 894
82.010000 9 890
82.010000 10 888
82.010000 11 910
82.010000 12 883
82.010000 13 718
82.010000 14 852
82.010000 15 864
82.010000 16 901
82.010000 17 816
83.010000 0 962
83.010000 1 963
83.010000 2 984
83.010000 3 984
83.010000 4 1005
83.010000 5 995
83.010000 6 1015
83.010000 7 777
83.010000 8 1009
83.010000 9 969
83.010000 10 999
83.010000 11 1004
83.010000 12 1005
83.010000 13 823
83.010000 14 976
83.010000 15 985
83.010000 16 1022
83.010000 17 948
84.010000 0 863
84.010000 1 810
84.010000 2 852
84.010000 3 867
84.010000 4 862
84.010000 5 861
84.010000 6 877
84.010000 7 574
84.010000 8 867
84.010000 9 869
84.010000 10 856
84.010000 11 876
84.010000 12 867
84.010000 13 639
84.010000 14 864
84.010000 15 860
84.010000 16 868
84.010000 17 865
85.010000 0 940
85.010000 1 944
85.010000 2 995
85.010000 3 965
85.010000 4 994
85.010000 5 999
85.010000 6 992
85.010000 7 746
85.010000 8 1011
85.010000 9 1003
85.010000 10 989
85.010000 11 998
85.010000 12 1008
85.010000 13 830
85.010000 14 981
85.010000 15 998
85.010000 16 1008
85.010000 17 939
86.010000 0 1029
86.010000 1 968
86.010000 2 980
86.010000 3 1032
86.010000 4 1023
86.010000 5 1026
86.010000 6 1052
86.010000 7 770
86.010000 8 1035
86.010000 9 1056
86.010000 10 1043
86.010000 11 1050
86.010000 12 997
86.010000 13 851
86.010000 14 1046
86.010000 15 970
86.010000 16 1052
86.010000 17 1030
87.010000 0 879
87.010000 1 819
87.010000 2 877
87.010000 3 876
87.010000 4 889
87.010000 5 871
87.010000 6 894
87.010000 7 587
87.010000 8 885
87.010000 9 885
87.010000 10 876
87.010000 11 884
87.010000 12 885
87.010000 13 670
87.010000 14 885
87.010000 15 854
87.010000 16 898
87.010000 17 857
88.010000 0 925
88.010000 1 958
88.010000 2 971
88.010000 3 967
88.010000 4 990
88.010000 5 1013
88.010000 6 1007
88.010000 7 751
88.010000 8 1008
88.010000 9 1007
88.010000 10 987
88.010000 11 1011
88.010000 12 984
88.010000 13 794
88.010000 14 957
88.010000 15 1007
88.010000 16 995
88.010000 17 941
89.010000 0 964
89.010000 1 911
89.010000 2 958
89.010000 3 984
89.010000 4 973
89.010000 5 941
89.010000 6 989
89.010000 7 701
89.010000 8 980
89.010000 9 991
89.010000 10 979
89.010000 11 983
89.010000 12 975
89.010000 13 788
89.010000 14 979
89.010000 15 912
89.010000 16 995
89.010000 17 972
90.010000 0 914
90.010000 1 896
90.010000 2 924
90.010000 3 949
90.010000 4 956
90.010000 5 953
90.010000 6 965
90.010000 7 711
90.010000 8 970
90.010000 9 985
90.010000 10 980
90.010000 11 971
90.010000 12 942
90.010000 13 799
90.010000 14 935
90.010000 15 920
90.010000 16 988
90.010000 17 902
91.010000 0 954
91.010000 1 940
91.010000 2 960
91.010000 3 973
91.010000 4 1001
91.010000 5 998
91.010000 6 1000
91.010000 7 736
91.010000 8 1009
91.010000 9 993
91.010000 10 993
91.010000 11 1003
91.010000 12 984
91.010000 13 806
91.010000 14 979
91.010000 15 994
91.010000 16 1001
91.010000 17 946
92.010000 0 868
92.010000 1 837
92.010000 2 854
92.010000 3 860
92.010000 4 876
92.010000 5 869
92.010000 6 879
92.010000 7 639
92.010000 8 894
92.010000 9 861
92.010000 10 866
92.010000 11 887
92.010000 12 874
92.010000 13 680
92.010000 14 880
92.010000 15 867
92.010000 16 876
92.010000 17 844
93.010000 0 915
93.010000 1 843
93.010000 2 897
93.010000 3 924
93.010000 4 907
93.010000 5 897
93.010000 6 922
93.010000 7 631
93.010000 8 910
93.010000 9 926
93.010000 10 906
93.010000 11 917
93.010000 12 912
93.010000 13 728
93.010000 14 916
93.010000 15 885
93.010000 16 933
93.010000 17 921
94.010000 0 931
94.010000 1 919
94.010000 2 961
94.010000 3 953
94.010000 4 989
94.010000 5 989
94.010000 6 1000
94.010000 7 730
94.010000 8 1002
94.010000 9 994
94.010000 10 987
94.010000 11 983
94.010000 12 971
94.010000 13 800
94.010000 14 979
94.010000 15 960
94.010000 16 1003
94.010000 17 950
95.010000 0 931
95.010000 1 918
95.010000 2 960
95.010000 3 958
95.010000 4 977
95.010000 5 987
95.010000 6 978
95.010000 7 703
95.010000 8 959
95.010000 9 979
95.010000 10 965
95.010000 11 972
95.010000 12 963
95.010000 13 766
95.010000 14 955
95.010000 15 961
95.010000 16 985
95.010000 17 937
96.010000 0 959
96.010000 1 927
96.010000 2 954
96.010000 3 979
96.010000 4 986
96.010000 5 977
96.010000 6 987
96.010000 7 726
96.010000 8 994
96.010000 9 986
96.010000 10 979
96.010000 11 996
96.010000 12 979
96.010000 13 792
96.010000 14 964
96.010000 15 963
96.010000 16 1001
96.010000 17 946
97.010000 0 924
97.010000 1 916
97.010000 2 969
97.010000 3 949
97.010000 4 972
97.010000 5 970
97.010000 6 980
97.010000 7 713
97.010000 8 986
97.010000 9 983
97.010000 10 974
97.010000 11 980
97.010000 12 987
97.010000 13 805
97.010000 14 959
97.010000 15 969
97.010000 16 982
97.010000 17 922
98.010000 0 972
98.010000 1 980
98.010000 2 942
98.010000 3 1024
98.010000 4 985
98.010000 5 989
98.010000 6 1019
98.010000 7 814
98.010000 8 1011
98.010000 9 1020
98.010000 10 1008
98.010000 11 1025
98.010000 12 963
98.010000 13 853
98.010000 14 980
98.010000 15 940
98.010000 16 1031
98.010000 17 984
99.010000 0 854
99.010000 1 873
99.010000 2 899
99.010000 3 879
99.010000 4 910
99.010000 5 932
99.010000 6 928
99.010000 7 704
99.010000 8 938
99.010000 9 902
99.010000 10 915
99.010000 11 922
99.010000 12 915
99.010000 13 772
99.010000 14 891
99.010000 15 918
99.010000 16 934
99.010000 17 833
100.010000 0 1066
100.010000 1 1022
100.010000 2 1053
100.010000 3 1050
100.010000 4 1074
100.010000 5 1056
100.010000 6 1076
100.010000 7 810
100.010000 8 1089
100.010000 9 1073
100.010000 10 1078
100.010000 11 1100
100.010000 12 1070
100.010000 13 885
100.010000 14 1084
100.010000 15 1034
100.010000 16 1093
100.010000 17 1041
101.010000 0 911
101.010000 1 871
101.010000 2 896
101.010000 3 923
101.010000 4 922
101.010000 5 919
101.010000 6 926
101.010000 7 665
101.010000 8 924
101.010000 9 909
101.010000 10 908
101.010000 11 927
101.010000 12 916
101.010000 13 732
101.010000 14 917
101.010000 15 910
101.010000 16 930
101.010000 17 921
102.010000 0 914
102.010000 1 882
102.010000 2 911
102.010000 3 923
102.010000 4 931
102.010000 5 914
102.010000 6 944
102.010000 7 668
102.010000 8 936
102.010000 9 957
102.010000 10 930
102.010000 11 938
102.010000 12 927
102.010000 13 740
102.010000 14 940
102.010000 15 894
102.010000 16 941
102.010000 17 922
103.010000 0 936
103.010000 1 898
103.010000 2 929
103.010000 3 946
103.010000 4 949
103.010000 5 928
103.010000 6 963
103.010000 7 679
103.010000 8 949
103.010000 9 949
103.010000 10 940
103.010000 11 950
103.010000 12 951
103.010000 13 734
103.010000 14 949
103.010000 15 913
103.010000 16 955
103.010000 17 945
104.010000 0 944
104.010000 1 986
104.010000 2 1009
104.010000 3 1012
104.010000 4 1021
104.010000 5 1036
104.010000 6 1028
104.010000 7 811
104.010000 8 1052
104.010000 9 1042
104.010000 10 1054
104.010000 11 1053
104.010000 12 1023
104.010000 13 876
104.010000 14 962
104.010000 15 1017
104.010000 16 1058
104.010000 17 912
105.010000 0 926
105.010000 1 914
105.010000 2 936
105.010000 3 968
105.010000 4 953
105.010000 5 962
105.010000 6 965
105.010000 7 792
105.010000 8 983
105.010000 9 991
105.010000 10 900
105.010000 11 990
105.010000 12 954
105.010000 13 808
105.010000 14 941
105.010000 15 933
105.010000 16 983
105.010000 17 916
106.010000 0 939
106.010000 1 990
106.010000 2 987
106.010000 3 1003
106.010000 4 984
106.010000 5 1004
106.010000 6 961
106.010000 7 881
106.010000 8 1015
106.010000 9 1017
106.010000 10 839
106.010000 11 1016
106.010000 12 1005
106.010000 13 917
106.010000 14 957
106.010000 15 985
106.010000 16 1022
106.010000 17 941
107.010000 0 871
107.010000 1 898
107.010000 2 905
107.010000 3 914
107.010000 4 920
107.010000 5 914
107.010000 6 883
107.010000 7 770
107.010000 8 919
107.010000 9 924
107.010000 10 749
107.010000 11 918
107.010000 12 918
107.010000 13 789
107.010000 14 886
107.010000 15 902
107.010000 16 922
107.010000 17 881
108.010000 0 883
108.010000 1 903
108.010000 2 927
108.010000 3 928
108.010000 4 939
108.010000 5 936
108.010000 6 925
108.010000 7 785
108.010000 8 941
108.010000 9 965
108.010000 10 788
108.010000 11 953
108.010000 12 942
108.010000 13 843
108.010000 14 909
108.010000 15 917
108.010000 16 957
108.010000 17 878
109.010000 0 995
109.010000 1 965
109.010000 2 990
109.010000 3 1005
109.010000 4 1011
109.010000 5 1011
109.010000 6 1001
109.010000 7 821
109.010000 8 1011
109.010000 9 1015
109.010000 10 835
109.010000 11 1013
109.010000 12 1002
109.010000 13 863
109.010000 14 1013
109.010000 15 994
109.010000 16 1032
109.010000 17 997
110.010000 0 950
110.010000 1 943
110.010000 2 973
110.010000 3 985
110.010000 4 983
110.010000 5 978
110.010000 6 959
110.010000 7 793
110.010000 8 1005
110.010000 9 993
110.010000 10 842
110.010000 11 998
110.010000 12 988
110.010000 13 831
110.010000 14 956
110.010000 15 962
110.010000 16 1006
110.010000 17 936
111.010000 0 832
111.010000 1 896
111.010000 2 903
111.010000 3 891
111.010000 4 915
111.010000 5 906
111.010000 6 867
111.010000 7 764
111.010000 8 907
111.010000 9 913
111.010000 10 762
111.010000 11 906
111.010000 12 914
111.010000 13 772
111.010000 14 864
111.010000 15 895
111.010000 16 917
111.010000 17 845
112.010000 0 952
112.010000 1 942
112.010000 2 974
112.010000 3 994
112.010000 4 993
112.010000 5 993
112.010000 6 971
112.010000 7 865
112.010000 8 1005
112.010000 9 1021
112.010000 10 818
112.010000 11 1001
112.010000 12 984
112.010000 13 871
112.010000 14 978
112.010000 15 969
112.010000 16 1006
112.010000 17 962
113.010000 0 941
113.010000 1 959
113.010000 2 975
113.010000 3 963
113.010000 4 988
113.010000 5 982
113.010000 6 951
113.010000 7 846
113.010000 8 998
113.010000 9 994
113.010000 10 826
113.010000 11 1000
113.010000 12 986
113.010000 13 864
113.010000 14 964
113.010000 15 964
113.010000 16 1004
113.010000 17 915
114.010000 0 981
114.010000 1 1015
114.010000 2 1020
114.010000 3 1036
114.010000 4 1037
114.010000 5 1031
114.010000 6 974
114.010000 7 881
114.010000 8 1043
114.010000 9 1048
114.010000 10 878
114.010000 11 1052
114.010000 12 1033
114.010000 13 888
114.010000 14 994
114.010000 15 1016
114.010000 16 1052
114.010000 17 984
115.010000 0 1010
115.010000 1 1010
115.010000 2 1015
115.010000 3 1017
115.010000 4 1043
115.010000 5 1042
115.010000 6 1025
115.010000 7 824
115.010000 8 1046
115.010000 9 1038
115.010000 10 866
115.010000 11 1041
115.010000 12 1034
115.010000 13 870
115.010000 14 1039
115.010000 15 1033
115.010000 16 1041
115.010000 17 1005
116.010000 0 915
116.010000 1 894
116.010000 2 923
116.010000 3 932
116.010000 4 934
116.010000 5 921
116.010000 6 927
116.010000 7 715
116.010000 8 928
116.010000 9 936
116.010000 10 766
116.010000 11 932
116.010000 12 935
116.010000 13 778
116.010000 14 929
116.010000 15 919
116.010000 16 940
116.010000 17 927
117.010000 0 906
117.010000 1 989
117.010000 2 961
117.010000 3 985
117.010000 4 997
117.010000 5 992
117.010000 6 972
117.010000 7 862
117.010000 8 1008
117.010000 9 1011
117.010000 10 874
117.010000 11 1013
117.010000 12 979
117.010000 13 839
117.010000 14 933
117.010000 15 957
117.010000 16 1014
117.010000 17 909
118.010000 0 960
118.010000 1 1017
118.010000 2 1028
118.010000 3 1040
118.010000 4 1044
118.010000 5 1042
118.010000 6 983
118.010000 7 902
118.010000 8 1039
118.010000 9 1065
118.010000 10 859
118.010000 11 1045
118.010000 12 1046
118.010000 13 911
118.010000 14 979
118.010000 15 1023
118.010000 16 1055
118.010000 17 983
119.010000 0 929
119.010000 1 894
119.010000 2 903
119.010000 3 934
119.010000 4 928
119.010000 5 924
119.010000 6 934
119.010000 7 727
119.010000 8 934
119.010000 9 933
119.010000 10 744
119.010000 11 935
119.010000 12 917
119.010000 13 766
119.010000 14 935
119.010000 15 911
119.010000 16 936
119.010000 17 930
120.010000 0 961
120.010000 1 1004
120.010000 2 1045
120.010000 3 1020
120.010000 4 1036
120.010000 5 1053
120.010000 6 1021
120.010000 7 859
120.010000 8 1050
120.010000 9 1062
120.010000 10 871
120.010000 11 1043
120.010000 12 1046
120.010000 13 891
120.010000 14 991
120.010000 15 1044
120.010000 16 1054
120.010000 17 969
121.010000 0 959
121.010000 1 979
121.010000 2 940
121.010000 3 1000
121.010000 4 996
121.010000 5 966
121.010000 6 979
121.010000 7 856
121.010000 8 1004
121.010000 9 1012
121.010000 10 820
121.010000 11 1006
121.010000 12 978
121.010000 13 879
121.010000 14 973
121.010000 15 945
121.010000 16 1007
121.010000 17 967
122.010000 0 960
122.010000 1 945
122.010000 2 965
122.010000 3 976
122.010000 4 979
122.010000 5 975
122.010000 6 957
122.010000 7 791
122.010000 8 997
122.010000 9 982
122.010000 10 814
122.010000 11 991
122.010000 12 982
122.010000 13 857
122.010000 14 969
122.010000 15 968
122.010000 16 993
122.010000 17 943
123.010000 0 919
123.010000 1 897
123.010000 2 921
123.010000 3 931
123.010000 4 950
123.010000 5 939
123.010000 6 957
123.010000 7 773
123.010000 8 940
123.010000 9 960
123.010000 10 831
123.010000 11 952
123.010000 12 941
123.010000 13 823
123.010000 14 945
123.010000 15 919
123.010000 16 966
123.010000 17 919
124.010000 0 933
124.010000 1 896
124.010000 2 915
124.010000 3 949
124.010000 4 939
124.010000 5 928
124.010000 6 936
124.010000 7 736
124.010000 8 951
124.010000 9 958
124.010000 10 804
124.010000 11 949
124.010000 12 936
124.010000 13 790
124.010000 14 950
124.010000 15 905
124.010000 16 953
124.010000 17 935
125.010000 0 898
125.010000 1 874
125.010000 2 923
125.010000 3 923
125.010000 4 936
125.010000 5 934
125.010000 6 925
125.010000 7 736
125.010000 8 937
125.010000 9 944
125.010000 10 754
125.010000 11 932
125.010000 12 930
125.010000 13 773
125.010000 14 919
125.010000 15 922
125.010000 16 937
125.010000 17 909
126.010000 0 949
126.010000 1 924
126.010000 2 964
126.010000 3 973
126.010000 4 982
126.010000 5 977
126.010000 6 982
126.010000 7 778
126.010000 8 998
126.010000 9 987
126.010000 10 853
126.010000 11 1000
126.010000 12 979
126.010000 13 855
126.010000 14 957
126.010000 15 955
126.010000 16 1002
126.010000 17 933
127.010000 0 905
127.010000 1 930
127.010000 2 925
127.010000 3 943
127.010000 4 948
127.010000 5 949
127.010000 6 933
127.010000 7 798
127.010000 8 952
127.010000 9 957
127.010000 10 772
127.010000 11 962
127.010000 12 938
127.010000 13 829
127.010000 14 930
127.010000 15 933
127.010000 16 964
127.010000 17 916
128.010000 0 1004
128.010000 1 1004
128.010000 2 1012
128.010000 3 1023
128.010000 4 1029
128.010000 5 1016
128.010000 6 1030
128.010000 7 777
128.010000 8 1041
128.010000 9 1036
128.010000 10 850
128.010000 11 1034
128.010000 12 1029
128.010000 13 816
128.010000 14 1019
128.010000 15 996
128.010000 16 1037
128.010000 17 1007
129.010000 0 1014
129.010000 1 993
129.010000 2 998
129.010000 3 1028
129.010000 4 1015
129.010000 5 1017
129.010000 6 992
129.010000 7 841
129.010000 8 1038
129.010000 9 1029
129.010000 10 853
129.010000 11 1041
129.010000 12 1013
129.010000 13 916
129.010000 14 1025
129.010000 15 992
129.010000 16 1044
129.010000 17 994
130.010000 0 913
130.010000 1 929
130.010000 2 945
130.010000 3 942
130.010000 4 971
130.010000 5 970
130.010000 6 959
130.010000 7 782
130.010000 8 971
130.010000 9 968
130.010000 10 800
130.010000 11 963
130.010000 12 952
130.010000 13 805
130.010000 14 941
130.010000 15 964
130.010000 16 969
130.010000 17 921
131.010000 0 1084
131.010000 1 1085
131.010000 2 1076
131.010000 3 1114
131.010000 4 1119
131.010000 5 1100
131.010000 6 1102
131.010000 7 935
131.010000 8 1132
131.010000 9 1127
131.010000 10 954
131.010000 11 1131
131.010000 12 1110
131.010000 13 950
131.010000 14 1101
131.010000 15 1072
131.010000 16 1133
131.010000 17 1084
132.010000 0 902
132.010000 1 916
132.010000 2 926
132.010000 3 958
132.010000 4 957
132.010000 5 944
132.010000 6 960
132.010000 7 793
132.010000 8 960
132.010000 9 963
132.010000 10 846
132.010000 11 949
132.010000 12 948
132.010000 13 810
132.010000 14 913
132.010000 15 927
132.010000 16 966
132.010000 17 921
133.010000 0 898
133.010000 1 904
133.010000 2 908
133.010000 3 936
133.010000 4 948
133.010000 5 941
133.010000 6 930
133.010000 7 774
133.010000 8 948
133.010000 9 944
133.010000 10 759
133.010000 11 959
133.010000 12 928
133.010000 13 814
133.010000 14 922
133.010000 15 924
133.010000 16 955
133.010000 17 920
134.010000 0 947
134.010000 1 895
134.010000 2 950
134.010000 3 950
134.010000 4 963
134.010000 5 937
134.010000 6 978
134.010000 7 717
134.010000 8 968
134.010000 9 966
134.010000 10 842
134.010000 11 962
134.010000 12 972
134.010000 13 849
134.010000 14 964
134.010000 15 932
134.010000 16 972
134.010000 17 944
135.010000 0 989
135.010000 1 1046
135.010000 2 1046
135.010000 3 1053
135.010000 4 1063
135.010000 5 1060
135.010000 6 1028
135.010000 7 910
135.010000 8 1060
135.010000 9 1070
135.010000 10 925
135.010000 11 1056
135.010000 12 1064
135.010000 13 916
135.010000 14 1013
135.010000 15 1052
135.010000 16 1075
135.010000 17 996
136.010000 0 821
136.010000 1 794
136.010000 2 845
136.010000 3 854
136.010000 4 862
136.010000 5 849
136.010000 6 841
136.010000 7 666
136.010000 8 867
136.010000 9 855
136.010000 10 692
136.010000 11 849
136.010000 12 849
136.010000 13 685
136.010000 14 837
136.010000 15 834
136.010000 16 862
136.010000 17 838
137.010000 0 937
137.010000 1 930
137.010000 2 921
137.010000 3 996
137.010000 4 984
137.010000 5 953
137.010000 6 943
137.010000 7 812
137.010000 8 968
137.010000 9 982
137.010000 10 847
137.010000 11 997
137.010000 12 957
137.010000 13 824
137.010000 14 949
137.010000 15 934
137.010000 16 988
137.010000 17 955
138.010000 0 949
138.010000 1 976
138.010000 2 935
138.010000 3 996
138.010000 4 985
138.010000 5 975
138.010000 6 970
138.010000 7 846
138.010000 8 984
138.010000 9 1000
138.010000 10 797
138.010000 11 994
138.010000 12 949
138.010000 13 868
138.010000 14 972
138.010000 15 925
138.010000 16 1000
138.010000 17 972
139.010000 0 1006
139.010000 1 972
139.010000 2 1011
139.010000 3 970
139.010000 4 1019
139.010000 5 1026
139.010000 6 1022
139.010000 7 831
139.010000 8 1044
139.010000 9 1029
139.010000 10 875
139.010000 11 1037
139.010000 12 1033
139.010000 13 889
139.010000 14 1026
139.010000 15 1009
139.010000 16 1046
139.010000 17 957
140.010000 0 1004
140.010000 1 1007
140.010000 2 1043
140.010000 3 1019
140.010000 4 1057
140.010000 5 1048
140.010000 6 1055
140.010000 7 854
140.010000 8 1054
140.010000 9 1060
140.010000 10 921
140.010000 11 1046
140.010000 12 1056
140.010000 13 910
140.010000 14 1028
140.010000 15 1030
140.010000 16 1068
140.010000 17 986
141.010000 0 835
141.010000 1 846
141.010000 2 853
141.010000 3 864
141.010000 4 883
141.010000 5 873
141.010000 6 852
141.010000 7 719
141.010000 8 897
141.010000 9 898
141.010000 10 750
141.010000 11 905
141.010000 12 873
141.010000 13 752
141.010000 14 863
141.010000 15 858
141.010000 16 894
141.010000 17 827
142.010000 0 913
142.010000 1 925
142.010000 2 960
142.010000 3 948
142.010000 4 986
142.010000 5 978
142.010000 6 948
142.010000 7 787
142.010000 8 984
142.010000 9 977
142.010000 10 812
142.010000 11 978
142.010000 12 975
142.010000 13 839
142.010000 14 948
142.010000 15 972
142.010000 16 980
142.010000 17 914
143.010000 0 1034
143.010000 1 1054
143.010000 2 1034
143.010000 3 1074
143.010000 4 1076
143.010000 5 1069
143.010000 6 1058
143.010000 7 917
143.010000 8 1083
143.010000 9 1086
143.010000 10 892
143.010000 11 1090
143.010000 12 1054
143.010000 13 925
143.010000 14 1051
143.010000 15 1041
143.010000 16 1092
143.010000 17 1038
144.010000 0 899
144.010000 1 885
144.010000 2 913
144.010000 3 923
144.010000 4 916
144.010000 5 926
144.010000 6 913
144.010000 7 749
144.010000 8 932
144.010000 9 932
144.010000 10 791
144.010000 11 934
144.010000 12 924
144.010000 13 807
144.010000 14 907
144.010000 15 915
144.010000 16 941
144.010000 17 892
145.010000 0 974
145.010000 1 982
145.010000 2 1021
145.010000 3 1015
145.010000 4 1033
145.010000 5 1020
145.010000 6 1011
145.010000 7 848
145.010000 8 1029
145.010000 9 1034
145.010000 10 869
145.010000 11 1026
145.010000 12 1034
145.010000 13 890
145.010000 14 1005
145.010000 15 1014
145.010000 16 1036
145.010000 17 985
146.010000 0 937
146.010000 1 911
146.010000 2 930
146.010000 3 961
146.010000 4 983
146.010000 5 955
146.010000 6 971
146.010000 7 761
146.010000 8 982
146.010000 9 976
146.010000 10 866
146.010000 11 968
146.010000 12 950
146.010000 13 857
146.010000 14 955
146.010000 15 925
146.010000 16 982
146.010000 17 936
147.010000 0 965
147.010000 1 991
147.010000 2 987
147.010000 3 993
147.010000 4 1017
147.010000 5 1010
147.010000 6 1013
147.010000 7 846
147.010000 8 1022
147.010000 9 1026
147.010000 10 885
147.010000 11 1021
147.010000 12 1007
147.010000 13 854
147.010000 14 1002
147.010000 15 990
147.010000 16 1028
147.010000 17 969
148.010000 0 951
148.010000 1 900
148.010000 2 938
148.010000 3 954
148.010000 4 957
148.010000 5 960
148.010000 6 941
148.010000 7 742
148.010000 8 958
148.010000 9 945
148.010000 10 805
148.010000 11 959
148.010000 12 950
148.010000 13 796
148.010000 14 958
148.010000 15 951
148.010000 16 980
148.010000 17 946
149.010000 0 960
149.010000 1 950
149.010000 2 960
149.010000 3 1000
149.010000 4 990
149.010000 5 986
149.010000 6 981
149.010000 7 809
149.010000 8 998
149.010000 9 1001
149.010000 10 840
149.010000 11 1004
149.010000 12 977
149.010000 13 870
149.010000 14 969
149.010000 15 960
149.010000 16 1002
149.010000 17 970
