0.010000 0 7
0.010000 1 8
0.010000 2 6
0.010000 3 7
0.010000 4 7
0.010000 5 8
0.010000 6 8
0.010000 7 8
0.010000 8 8
0.010000 9 6
0.010000 10 8
0.010000 11 7
0.010000 12 5
0.010000 13 8
0.010000 14 7
0.010000 15 5
0.010000 16 8
1.010000 0 11
1.010000 1 12
1.010000 2 14
1.010000 3 14
1.010000 4 14
1.010000 5 13
1.010000 6 12
1.010000 7 12
1.010000 8 13
1.010000 9 14
1.010000 10 13
1.010000 11 14
1.010000 12 14
1.010000 13 13
1.010000 14 11
1.010000 15 14
1.010000 16 13
2.010000 0 16
2.010000 1 17
2.010000 2 16
2.010000 3 17
2.010000 4 16
2.010000 5 17
2.010000 6 18
2.010000 7 17
2.010000 8 16
2.010000 9 16
2.010000 10 17
2.010000 11 17
2.010000 12 15
2.010000 13 17
2.010000 14 16
2.010000 15 15
2.010000 16 17
3.010000 0 18
3.010000 1 19
3.010000 2 15
3.010000 3 18
3.010000 4 19
3.010000 5 17
3.010000 6 17
3.010000 7 19
3.010000 8 19
3.010000 9 16
3.010000 10 17
3.010000 11 17
3.010000 12 13
3.010000 13 18
3.010000 14 18
3.010000 15 14
3.010000 16 18
4.010000 0 14
4.010000 1 13
4.010000 2 15
4.010000 3 14
4.010000 4 13
4.010000 5 15
4.010000 6 14
4.010000 7 14
4.010000 8 14
4.010000 9 14
4.010000 10 14
4.010000 11 14
4.010000 12 15
4.010000 13 14
4.010000 14 14
4.010000 15 14
4.010000 16 13
5.010000 0 12
5.010000 1 16
5.010000 2 14
5.010000 3 15
5.010000 4 16
5.010000 5 15
5.010000 6 16
5.010000 7 14
5.010000 8 15
5.010000 9 14
5.010000 10 15
5.010000 11 15
5.010000 12 13
5.010000 13 15
5.010000 14 12
5.010000 15 13
5.010000 16 16
6.010000 0 16
6.010000 1 15
6.010000 2 14
6.010000 3 15
6.010000 4 15
6.010000 5 14
6.010000 6 15
6.010000 7 16
6.010000 8 14
6.010000 9 14
6.010000 10 15
6.010000 11 15
6.010000 12 13
6.010000 13 15
6.010000 14 16
6.010000 15 13
6.010000 16 15
7.010000 0 16
7.010000 1 18
7.010000 2 15
7.010000 3 18
7.010000 4 18
7.010000 5 19
7.010000 6 18
7.010000 7 18
7.010000 8 19
7.010000 9 15
7.010000 10 19
7.010000 11 18
7.010000 12 13
7.010000 13 18
7.010000 14 16
7.010000 15 13
7.010000 16 18
8.010000 0 14
8.010000 1 14
8.010000 2 15
8.010000 3 13
8.010000 4 14
8.010000 5 14
8.010000 6 13
8.010000 7 13
8.010000 8 14
8.010000 9 15
8.010000 10 14
8.010000 11 15
8.010000 12 15
8.010000 13 13
8.010000 14 14
8.010000 15 15
8.010000 16 14
9.010000 0 15
9.010000 1 18
9.010000 2 16
9.010000 3 19
9.010000 4 18
9.010000 5 17
9.010000 6 19
9.010000 7 19
9.010000 8 18
9.010000 9 16
9.010000 10 18
9.010000 11 17
9.010000 12 14
9.010000 13 19
9.010000 14 15
9.010000 15 14
9.010000 16 18
10.010000 0 16
10.010000 1 15
10.010000 2 15
10.010000 3 15
10.010000 4 14
10.010000 5 15
10.010000 6 15
10.010000 7 14
10.010000 8 15
10.010000 9 15
10.010000 10 15
10.010000 11 15
10.010000 12 15
10.010000 13 14
10.010000 14 16
10.010000 15 15
10.010000 16 15
11.010000 0 16
11.010000 1 17
11.010000 2 14
11.010000 3 17
11.010000 4 18
11.010000 5 18
11.010000 6 17
11.010000 7 18
11.010000 8 17
11.010000 9 14
11.010000 10 16
11.010000 11 18
11.010000 12 12
11.010000 13 17
11.010000 14 16
11.010000 15 12
11.010000 16 17
12.010000 0 17
12.010000 1 17
12.010000 2 17
12.010000 3 18
12.010000 4 18
12.010000 5 17
12.010000 6 18
12.010000 7 17
12.010000 8 17
12.010000 9 18
12.010000 10 18
12.010000 11 18
12.010000 12 16
12.010000 13 19
12.010000 14 17
12.010000 15 17
12.010000 16 18
13.010000 0 12
13.010000 1 16
13.010000 2 16
13.010000 3 14
13.010000 4 14
13.010000 5 16
13.010000 6 14
13.010000 7 16
13.010000 8 16
13.010000 9 14
13.010000 10 16
13.010000 11 15
13.010000 12 16
13.010000 13 14
13.010000 14 12
13.010000 15 14
13.010000 16 15
14.010000 0 15
14.010000 1 14
14.010000 2 12
14.010000 3 15
14.010000 4 15
14.010000 5 14
14.010000 6 15
14.010000 7 13
14.010000 8 14
14.010000 9 12
14.010000 10 14
14.010000 11 14
14.010000 12 10
14.010000 13 14
14.010000 14 15
14.010000 15 10
14.010000 16 14
15.010000 0 13
15.010000 1 17
15.010000 2 15
15.010000 3 17
15.010000 4 17
15.010000 5 17
15.010000 6 17
15.010000 7 18
15.010000 8 17
15.010000 9 17
15.010000 10 17
15.010000 11 17
15.010000 12 14
15.010000 13 18
15.010000 14 13
15.010000 15 16
15.010000 16 17
16.010000 0 636
16.010000 1 637
16.010000 2 635
16.010000 3 641
16.010000 4 636
16.010000 5 637
16.010000 6 637
16.010000 7 367
16.010000 8 641
16.010000 9 638
16.010000 10 641
16.010000 11 637
16.010000 12 632
16.010000 13 365
16.010000 14 636
16.010000 15 635
16.010000 16 637
17.010000 0 626
17.010000 1 627
17.010000 2 626
17.010000 3 627
17.010000 4 627
17.010000 5 627
17.010000 6 627
17.010000 7 321
17.010000 8 627
17.010000 9 626
17.010000 10 627
17.010000 11 627
17.010000 12 625
17.010000 13 322
17.010000 14 626
17.010000 15 625
17.010000 16 627
18.010000 0 625
18.010000 1 625
18.010000 2 624
18.010000 3 625
18.010000 4 625
18.010000 5 624
18.010000 6 625
18.010000 7 321
18.010000 8 624
18.010000 9 624
18.010000 10 625
18.010000 11 625
18.010000 12 623
18.010000 13 321
18.010000 14 625
18.010000 15 623
18.010000 16 625
19.010000 0 647
19.010000 1 654
19.010000 2 654
19.010000 3 656
19.010000 4 652
19.010000 5 657
19.010000 6 650
19.010000 7 350
19.010000 8 657
19.010000 9 655
19.010000 10 656
19.010000 11 655
19.010000 12 653
19.010000 13 347
19.010000 14 647
19.010000 15 654
19.010000 16 651
20.010000 0 671
20.010000 1 671
20.010000 2 671
20.010000 3 672
20.010000 4 672
20.010000 5 672
20.010000 6 672
20.010000 7 346
20.010000 8 672
20.010000 9 670
20.010000 10 671
20.010000 11 673
20.010000 12 669
20.010000 13 345
20.010000 14 671
20.010000 15 669
20.010000 16 671
21.010000 0 665
21.010000 1 667
21.010000 2 665
21.010000 3 666
21.010000 4 666
21.010000 5 666
21.010000 6 666
21.010000 7 341
21.010000 8 666
21.010000 9 664
21.010000 10 667
21.010000 11 666
21.010000 12 664
21.010000 13 339
21.010000 14 665
21.010000 15 663
21.010000 16 667
22.010000 0 651
22.010000 1 654
22.010000 2 653
22.010000 3 654
22.010000 4 654
22.010000 5 654
22.010000 6 651
22.010000 7 337
22.010000 8 652
22.010000 9 655
22.010000 10 654
22.010000 11 653
22.010000 12 653
22.010000 13 338
22.010000 14 651
22.010000 15 654
22.010000 16 655
23.010000 0 663
23.010000 1 662
23.010000 2 659
23.010000 3 662
23.010000 4 662
23.010000 5 661
23.010000 6 662
23.010000 7 340
23.010000 8 663
23.010000 9 658
23.010000 10 662
23.010000 11 663
23.010000 12 656
23.010000 13 339
23.010000 14 663
23.010000 15 656
23.010000 16 663
24.010000 0 638
24.010000 1 640
24.010000 2 640
24.010000 3 640
24.010000 4 639
24.010000 5 641
24.010000 6 640
24.010000 7 330
24.010000 8 640
24.010000 9 641
24.010000 10 640
24.010000 11 639
24.010000 12 640
24.010000 13 331
24.010000 14 638
24.010000 15 641
24.010000 16 634
25.010000 0 644
25.010000 1 645
25.010000 2 644
25.010000 3 647
25.010000 4 646
25.010000 5 646
25.010000 6 640
25.010000 7 344
25.010000 8 647
25.010000 9 646
25.010000 10 646
25.010000 11 648
25.010000 12 643
25.010000 13 341
25.010000 14 644
25.010000 15 644
25.010000 16 640
26.010000 0 661
26.010000 1 664
26.010000 2 665
26.010000 3 664
26.010000 4 665
26.010000 5 665
26.010000 6 664
26.010000 7 338
26.010000 8 664
26.010000 9 663
26.010000 10 665
26.010000 11 664
26.010000 12 664
26.010000 13 338
26.010000 14 661
26.010000 15 663
26.010000 16 665
27.010000 0 638
27.010000 1 639
27.010000 2 638
27.010000 3 639
27.010000 4 639
27.010000 5 639
27.010000 6 637
27.010000 7 329
27.010000 8 639
27.010000 9 636
27.010000 10 639
27.010000 11 639
27.010000 12 636
27.010000 13 329
27.010000 14 638
27.010000 15 635
27.010000 16 640
28.010000 0 656
28.010000 1 655
28.010000 2 654
28.010000 3 655
28.010000 4 655
28.010000 5 655
28.010000 6 655
28.010000 7 332
28.010000 8 655
28.010000 9 656
28.010000 10 655
28.010000 11 655
28.010000 12 654
28.010000 13 334
28.010000 14 656
28.010000 15 655
28.010000 16 656
