0.010000 0 0
0.010000 1 0
0.010000 2 0
0.010000 3 0
0.010000 4 0
0.010000 5 0
0.010000 6 0
0.010000 7 0
0.010000 8 0
0.010000 9 0
0.010000 10 0
0.010000 11 0
0.010000 12 0
0.010000 13 0
0.010000 14 0
0.010000 15 0
0.010000 16 0
0.010000 17 0
0.010000 18 0
0.010000 19 0
1.010000 0 0
1.010000 1 0
1.010000 2 0
1.010000 3 0
1.010000 4 0
1.010000 5 0
1.010000 6 0
1.010000 7 0
1.010000 8 0
1.010000 9 0
1.010000 10 0
1.010000 11 0
1.010000 12 0
1.010000 13 0
1.010000 14 0
1.010000 15 0
1.010000 16 0
1.010000 17 0
1.010000 18 0
1.010000 19 0
2.010000 0 0
2.010000 1 0
2.010000 2 0
2.010000 3 0
2.010000 4 0
2.010000 5 0
2.010000 6 0
2.010000 7 0
2.010000 8 0
2.010000 9 0
2.010000 10 0
2.010000 11 0
2.010000 12 0
2.010000 13 0
2.010000 14 0
2.010000 15 0
2.010000 16 0
2.010000 17 0
2.010000 18 0
2.010000 19 0
3.010000 0 0
3.010000 1 0
3.010000 2 0
3.010000 3 0
3.010000 4 0
3.010000 5 0
3.010000 6 0
3.010000 7 0
3.010000 8 0
3.010000 9 0
3.010000 10 0
3.010000 11 0
3.010000 12 0
3.010000 13 0
3.010000 14 0
3.010000 15 0
3.010000 16 0
3.010000 17 0
3.010000 18 0
3.010000 19 0
4.010000 0 0
4.010000 1 0
4.010000 2 0
4.010000 3 0
4.010000 4 0
4.010000 5 0
4.010000 6 0
4.010000 7 0
4.010000 8 0
4.010000 9 0
4.010000 10 0
4.010000 11 0
4.010000 12 0
4.010000 13 0
4.010000 14 0
4.010000 15 0
4.010000 16 0
4.010000 17 0
4.010000 18 0
4.010000 19 0
5.010000 0 0
5.010000 1 0
5.010000 2 0
5.010000 3 0
5.010000 4 0
5.010000 5 0
5.010000 6 0
5.010000 7 0
5.010000 8 0
5.010000 9 0
5.010000 10 0
5.010000 11 0
5.010000 12 0
5.010000 13 0
5.010000 14 0
5.010000 15 0
5.010000 16 0
5.010000 17 0
5.010000 18 0
5.010000 19 0
6.010000 0 0
6.010000 1 0
6.010000 2 0
6.010000 3 0
6.010000 4 0
6.010000 5 0
6.010000 6 0
6.010000 7 0
6.010000 8 0
6.010000 9 0
6.010000 10 0
6.010000 11 0
6.010000 12 0
6.010000 13 0
6.010000 14 0
6.010000 15 0
6.010000 16 0
6.010000 17 0
6.010000 18 0
6.010000 19 0
7.010000 0 0
7.010000 1 0
7.010000 2 0
7.010000 3 0
7.010000 4 0
7.010000 5 0
7.010000 6 0
7.010000 7 0
7.010000 8 0
7.010000 9 0
7.010000 10 0
7.010000 11 0
7.010000 12 0
7.010000 13 0
7.010000 14 0
7.010000 15 0
7.010000 16 0
7.010000 17 0
7.010000 18 0
7.010000 19 0
8.010000 0 0
8.010000 1 0
8.010000 2 0
8.010000 3 0
8.010000 4 0
8.010000 5 0
8.010000 6 0
8.010000 7 0
8.010000 8 0
8.010000 9 0
8.010000 10 0
8.010000 11 0
8.010000 12 0
8.010000 13 0
8.010000 14 0
8.010000 15 0
8.010000 16 0
8.010000 17 0
8.010000 18 0
8.010000 19 0
9.010000 0 0
9.010000 1 0
9.010000 2 0
9.010000 3 0
9.010000 4 0
9.010000 5 0
9.010000 6 0
9.010000 7 0
9.010000 8 0
9.010000 9 0
9.010000 10 0
9.010000 11 0
9.010000 12 0
9.010000 13 0
9.010000 14 0
9.010000 15 0
9.010000 16 0
9.010000 17 0
9.010000 18 0
9.010000 19 0
10.010000 0 0
10.010000 1 0
10.010000 2 0
10.010000 3 0
10.010000 4 0
10.010000 5 0
10.010000 6 0
10.010000 7 0
10.010000 8 0
10.010000 9 0
10.010000 10 0
10.010000 11 0
10.010000 12 0
10.010000 13 0
10.010000 14 0
10.010000 15 0
10.010000 16 0
10.010000 17 0
10.010000 18 0
10.010000 19 0
11.010000 0 0
11.010000 1 0
11.010000 2 0
11.010000 3 0
11.010000 4 0
11.010000 5 0
11.010000 6 0
11.010000 7 0
11.010000 8 0
11.010000 9 0
11.010000 10 0
11.010000 11 0
11.010000 12 0
11.010000 13 0
11.010000 14 0
11.010000 15 0
11.010000 16 0
11.010000 17 0
11.010000 18 0
11.010000 19 0
12.010000 0 0
12.010000 1 0
12.010000 2 0
12.010000 3 0
12.010000 4 0
12.010000 5 0
12.010000 6 0
12.010000 7 0
12.010000 8 0
12.010000 9 0
12.010000 10 0
12.010000 11 0
12.010000 12 0
12.010000 13 0
12.010000 14 0
12.010000 15 0
12.010000 16 0
12.010000 17 0
12.010000 18 0
12.010000 19 0
13.010000 0 0
13.010000 1 0
13.010000 2 0
13.010000 3 0
13.010000 4 0
13.010000 5 0
13.010000 6 0
13.010000 7 0
13.010000 8 0
13.010000 9 0
13.010000 10 0
13.010000 11 0
13.010000 12 0
13.010000 13 0
13.010000 14 0
13.010000 15 0
13.010000 16 0
13.010000 17 0
13.010000 18 0
13.010000 19 0
14.010000 0 0
14.010000 1 0
14.010000 2 0
14.010000 3 0
14.010000 4 0
14.010000 5 0
14.010000 6 0
14.010000 7 0
14.010000 8 0
14.010000 9 0
14.010000 10 0
14.010000 11 0
14.010000 12 0
14.010000 13 0
14.010000 14 0
14.010000 15 0
14.010000 16 0
14.010000 17 0
14.010000 18 0
14.010000 19 0
15.010000 0 0
15.010000 1 1
15.010000 2 1
15.010000 3 1
15.010000 4 1
15.010000 5 1
15.010000 6 1
15.010000 7 1
15.010000 8 1
15.010000 9 1
15.010000 10 1
15.010000 11 1
15.010000 12 1
15.010000 13 1
15.010000 14 0
15.010000 15 1
15.010000 16 1
15.010000 17 0
15.010000 18 0
15.010000 19 1
16.010000 0 804
16.010000 1 972
16.010000 2 957
16.010000 3 967
16.010000 4 675
16.010000 5 967
16.010000 6 968
16.010000 7 948
16.010000 8 968
16.010000 9 972
16.010000 10 700
16.010000 11 972
16.010000 12 967
16.010000 13 948
16.010000 14 814
16.010000 15 966
16.010000 16 821
16.010000 17 814
16.010000 18 815
16.010000 19 967
17.010000 0 768
17.010000 1 934
17.010000 2 934
17.010000 3 934
17.010000 4 613
17.010000 5 934
17.010000 6 934
17.010000 7 934
17.010000 8 934
17.010000 9 934
17.010000 10 633
17.010000 11 934
17.010000 12 934
17.010000 13 934
17.010000 14 768
17.010000 15 934
17.010000 16 788
17.010000 17 768
17.010000 18 768
17.010000 19 934
18.010000 0 826
18.010000 1 990
18.010000 2 990
18.010000 3 990
18.010000 4 665
18.010000 5 990
18.010000 6 990
18.010000 7 990
18.010000 8 990
18.010000 9 990
18.010000 10 657
18.010000 11 990
18.010000 12 990
18.010000 13 990
18.010000 14 826
18.010000 15 990
18.010000 16 822
18.010000 17 826
18.010000 18 826
18.010000 19 990
19.010000 0 803
19.010000 1 960
19.010000 2 960
19.010000 3 960
19.010000 4 641
19.010000 5 960
19.010000 6 960
19.010000 7 960
19.010000 8 960
19.010000 9 960
19.010000 10 638
19.010000 11 960
19.010000 12 960
19.010000 13 960
19.010000 14 803
19.010000 15 960
19.010000 16 798
19.010000 17 803
19.010000 18 803
19.010000 19 960
20.010000 0 808
20.010000 1 974
20.010000 2 974
20.010000 3 974
20.010000 4 646
20.010000 5 974
20.010000 6 974
20.010000 7 974
20.010000 8 974
20.010000 9 974
20.010000 10 651
20.010000 11 974
20.010000 12 974
20.010000 13 974
20.010000 14 808
20.010000 15 974
20.010000 16 817
20.010000 17 808
20.010000 18 808
20.010000 19 974
21.010000 0 806
21.010000 1 970
21.010000 2 970
21.010000 3 970
21.010000 4 649
21.010000 5 970
21.010000 6 970
21.010000 7 970
21.010000 8 970
21.010000 9 970
21.010000 10 650
21.010000 11 970
21.010000 12 970
21.010000 13 970
21.010000 14 806
21.010000 15 970
21.010000 16 805
21.010000 17 806
21.010000 18 806
21.010000 19 970
22.010000 0 815
22.010000 1 968
22.010000 2 968
22.010000 3 968
22.010000 4 658
22.010000 5 968
22.010000 6 968
22.010000 7 968
22.010000 8 968
22.010000 9 968
22.010000 10 637
22.010000 11 968
22.010000 12 968
22.010000 13 968
22.010000 14 815
22.010000 15 968
22.010000 16 794
22.010000 17 815
22.010000 18 815
22.010000 19 968
23.010000 0 804
23.010000 1 966
23.010000 2 966
23.010000 3 966
23.010000 4 632
23.010000 5 966
23.010000 6 966
23.010000 7 966
23.010000 8 966
23.010000 9 966
23.010000 10 646
23.010000 11 966
23.010000 12 966
23.010000 13 966
23.010000 14 804
23.010000 15 966
23.010000 16 816
23.010000 17 804
23.010000 18 804
23.010000 19 966
24.010000 0 798
24.010000 1 963
24.010000 2 963
24.010000 3 963
24.010000 4 644
24.010000 5 963
24.010000 6 963
24.010000 7 963
24.010000 8 963
24.010000 9 963
24.010000 10 647
24.010000 11 963
24.010000 12 963
24.010000 13 963
24.010000 14 798
24.010000 15 963
24.010000 16 800
24.010000 17 798
24.010000 18 798
24.010000 19 963
25.010000 0 838
25.010000 1 997
25.010000 2 997
25.010000 3 997
25.010000 4 670
25.010000 5 997
25.010000 6 997
25.010000 7 997
25.010000 8 997
25.010000 9 997
25.010000 10 657
25.010000 11 997
25.010000 12 997
25.010000 13 997
25.010000 14 838
25.010000 15 997
25.010000 16 826
25.010000 17 838
25.010000 18 838
25.010000 19 997
26.010000 0 813
26.010000 1 993
26.010000 2 993
26.010000 3 993
26.010000 4 652
26.010000 5 993
26.010000 6 993
26.010000 7 993
26.010000 8 993
26.010000 9 993
26.010000 10 675
26.010000 11 993
26.010000 12 993
26.010000 13 993
26.010000 14 813
26.010000 15 993
26.010000 16 839
26.010000 17 813
26.010000 18 813
26.010000 19 993
27.010000 0 793
27.010000 1 939
27.010000 2 939
27.010000 3 939
27.010000 4 644
27.010000 5 939
27.010000 6 939
27.010000 7 939
27.010000 8 939
27.010000 9 939
27.010000 10 613
27.010000 11 939
27.010000 12 939
27.010000 13 939
27.010000 14 793
27.010000 15 939
27.010000 16 767
27.010000 17 793
27.010000 18 793
27.010000 19 939
28.010000 0 810
28.010000 1 992
28.010000 2 992
28.010000 3 992
28.010000 4 644
28.010000 5 992
28.010000 6 992
28.010000 7 992
28.010000 8 992
28.010000 9 992
28.010000 10 679
28.010000 11 992
28.010000 12 992
28.010000 13 992
28.010000 14 810
28.010000 15 992
28.010000 16 843
28.010000 17 810
28.010000 18 810
28.010000 19 992
29.010000 0 809
29.010000 1 964
29.010000 2 964
29.010000 3 964
29.010000 4 644
29.010000 5 964
29.010000 6 964
29.010000 7 964
29.010000 8 964
29.010000 9 964
29.010000 10 637
29.010000 11 964
29.010000 12 964
29.010000 13 964
29.010000 14 809
29.010000 15 964
29.010000 16 802
29.010000 17 809
29.010000 18 809
29.010000 19 964
30.010000 0 822
30.010000 1 985
30.010000 2 985
30.010000 3 985
30.010000 4 662
30.010000 5 985
30.010000 6 985
30.010000 7 985
30.010000 8 985
30.010000 9 985
30.010000 10 655
30.010000 11 985
30.010000 12 985
30.010000 13 985
30.010000 14 822
30.010000 15 985
30.010000 16 816
30.010000 17 822
30.010000 18 822
30.010000 19 985
31.010000 0 789
31.010000 1 947
31.010000 2 947
31.010000 3 947
31.010000 4 632
31.010000 5 947
31.010000 6 947
31.010000 7 947
31.010000 8 947
31.010000 9 947
31.010000 10 630
31.010000 11 947
31.010000 12 947
31.010000 13 947
31.010000 14 789
31.010000 15 947
31.010000 16 790
31.010000 17 789
31.010000 18 789
31.010000 19 947
32.010000 0 819
32.010000 1 981
32.010000 2 981
32.010000 3 981
32.010000 4 656
32.010000 5 981
32.010000 6 981
32.010000 7 981
32.010000 8 981
32.010000 9 981
32.010000 10 653
32.010000 11 981
32.010000 12 981
32.010000 13 981
32.010000 14 819
32.010000 15 981
32.010000 16 815
32.010000 17 819
32.010000 18 819
32.010000 19 981
33.010000 0 815
33.010000 1 991
33.010000 2 991
33.010000 3 991
33.010000 4 658
33.010000 5 991
33.010000 6 991
33.010000 7 991
33.010000 8 991
33.010000 9 991
33.010000 10 670
33.010000 11 991
33.010000 12 991
33.010000 13 991
33.010000 14 815
33.010000 15 991
33.010000 16 830
33.010000 17 815
33.010000 18 815
33.010000 19 991
34.010000 0 823
34.010000 1 983
34.010000 2 983
34.010000 3 983
34.010000 4 662
34.010000 5 983
34.010000 6 983
34.010000 7 983
34.010000 8 983
34.010000 9 983
34.010000 10 650
34.010000 11 983
34.010000 12 983
34.010000 13 983
34.010000 14 823
34.010000 15 983
34.010000 16 814
34.010000 17 823
34.010000 18 823
34.010000 19 983
35.010000 0 797
35.010000 1 958
35.010000 2 958
35.010000 3 958
35.010000 4 637
35.010000 5 958
35.010000 6 958
35.010000 7 958
35.010000 8 958
35.010000 9 958
35.010000 10 640
35.010000 11 958
35.010000 12 958
35.010000 13 958
35.010000 14 797
35.010000 15 958
35.010000 16 800
35.010000 17 797
35.010000 18 797
35.010000 19 958
36.010000 0 799
36.010000 1 957
36.010000 2 957
36.010000 3 957
36.010000 4 641
36.010000 5 957
36.010000 6 957
36.010000 7 957
36.010000 8 957
36.010000 9 957
36.010000 10 636
36.010000 11 957
36.010000 12 957
36.010000 13 957
36.010000 14 799
36.010000 15 957
36.010000 16 795
36.010000 17 799
36.010000 18 799
36.010000 19 957
37.010000 0 812
37.010000 1 988
37.010000 2 988
37.010000 3 988
37.010000 4 649
37.010000 5 988
37.010000 6 988
37.010000 7 988
37.010000 8 988
37.010000 9 988
37.010000 10 670
37.010000 11 988
37.010000 12 988
37.010000 13 988
37.010000 14 812
37.010000 15 988
37.010000 16 833
37.010000 17 812
37.010000 18 812
37.010000 19 988
38.010000 0 799
38.010000 1 944
38.010000 2 944
38.010000 3 944
38.010000 4 645
38.010000 5 944
38.010000 6 944
38.010000 7 944
38.010000 8 944
38.010000 9 944
38.010000 10 617
38.010000 11 944
38.010000 12 944
38.010000 13 944
38.010000 14 799
38.010000 15 944
38.010000 16 771
38.010000 17 799
38.010000 18 799
38.010000 19 944
39.010000 0 805
39.010000 1 975
39.010000 2 975
39.010000 3 975
39.010000 4 638
39.010000 5 975
39.010000 6 975
39.010000 7 975
39.010000 8 975
39.010000 9 975
39.010000 10 658
39.010000 11 975
39.010000 12 975
39.010000 13 975
39.010000 14 805
39.010000 15 975
39.010000 16 824
39.010000 17 805
39.010000 18 805
39.010000 19 975
40.010000 0 817
40.010000 1 971
40.010000 2 971
40.010000 3 971
40.010000 4 661
40.010000 5 971
40.010000 6 971
40.010000 7 971
40.010000 8 971
40.010000 9 971
40.010000 10 639
40.010000 11 971
40.010000 12 971
40.010000 13 971
40.010000 14 817
40.010000 15 971
40.010000 16 796
40.010000 17 817
40.010000 18 817
40.010000 19 971
41.010000 0 824
41.010000 1 997
41.010000 2 997
41.010000 3 997
41.010000 4 655
41.010000 5 997
41.010000 6 997
41.010000 7 997
41.010000 8 997
41.010000 9 997
41.010000 10 673
41.010000 11 997
41.010000 12 997
41.010000 13 997
41.010000 14 824
41.010000 15 997
41.010000 16 839
41.010000 17 824
41.010000 18 824
41.010000 19 997
42.010000 0 808
42.010000 1 971
42.010000 2 971
42.010000 3 971
42.010000 4 648
42.010000 5 971
42.010000 6 971
42.010000 7 971
42.010000 8 971
42.010000 9 971
42.010000 10 647
42.010000 11 971
42.010000 12 971
42.010000 13 971
42.010000 14 808
42.010000 15 971
42.010000 16 810
42.010000 17 808
42.010000 18 808
42.010000 19 971
43.010000 0 807
43.010000 1 969
43.010000 2 969
43.010000 3 969
43.010000 4 646
43.010000 5 969
43.010000 6 969
43.010000 7 969
43.010000 8 969
43.010000 9 969
43.010000 10 647
43.010000 11 969
43.010000 12 969
43.010000 13 969
43.010000 14 807
43.010000 15 969
43.010000 16 807
43.010000 17 807
43.010000 18 807
43.010000 19 969
44.010000 0 811
44.010000 1 975
44.010000 2 975
44.010000 3 975
44.010000 4 652
44.010000 5 975
44.010000 6 975
44.010000 7 975
44.010000 8 975
44.010000 9 975
44.010000 10 651
44.010000 11 975
44.010000 12 975
44.010000 13 975
44.010000 14 811
44.010000 15 975
44.010000 16 811
44.010000 17 811
44.010000 18 811
44.010000 19 975
45.010000 0 794
45.010000 1 956
45.010000 2 956
45.010000 3 956
45.010000 4 636
45.010000 5 956
45.010000 6 956
45.010000 7 956
45.010000 8 956
45.010000 9 956
45.010000 10 640
45.010000 11 956
45.010000 12 956
45.010000 13 956
45.010000 14 794
45.010000 15 956
45.010000 16 798
45.010000 17 794
45.010000 18 794
45.010000 19 956
46.010000 0 812
46.010000 1 967
46.010000 2 967
46.010000 3 967
46.010000 4 646
46.010000 5 967
46.010000 6 967
46.010000 7 967
46.010000 8 967
46.010000 9 967
46.010000 10 639
46.010000 11 967
46.010000 12 967
46.010000 13 967
46.010000 14 812
46.010000 15 967
46.010000 16 804
46.010000 17 812
46.010000 18 812
46.010000 19 967
47.010000 0 800
47.010000 1 970
47.010000 2 970
47.010000 3 970
47.010000 4 644
47.010000 5 970
47.010000 6 970
47.010000 7 970
47.010000 8 970
47.010000 9 970
47.010000 10 656
47.010000 11 970
47.010000 12 970
47.010000 13 970
47.010000 14 800
47.010000 15 970
47.010000 16 810
47.010000 17 800
47.010000 18 800
47.010000 19 970
48.010000 0 824
48.010000 1 984
48.010000 2 984
48.010000 3 984
48.010000 4 656
48.010000 5 984
48.010000 6 984
48.010000 7 984
48.010000 8 984
48.010000 9 984
48.010000 10 652
48.010000 11 984
48.010000 12 984
48.010000 13 984
48.010000 14 824
48.010000 15 984
48.010000 16 820
48.010000 17 824
48.010000 18 824
48.010000 19 984
49.010000 0 826
49.010000 1 988
49.010000 2 988
49.010000 3 988
49.010000 4 662
49.010000 5 988
49.010000 6 988
49.010000 7 988
49.010000 8 988
49.010000 9 988
49.010000 10 657
49.010000 11 988
49.010000 12 988
49.010000 13 988
49.010000 14 826
49.010000 15 988
49.010000 16 819
49.010000 17 826
49.010000 18 826
49.010000 19 988
50.010000 0 794
50.010000 1 972
50.010000 2 972
50.010000 3 972
50.010000 4 641
50.010000 5 972
50.010000 6 972
50.010000 7 972
50.010000 8 972
50.010000 9 972
50.010000 10 665
50.010000 11 972
50.010000 12 972
50.010000 13 972
50.010000 14 794
50.010000 15 972
50.010000 16 816
50.010000 17 794
50.010000 18 794
50.010000 19 972
51.010000 0 820
51.010000 1 974
51.010000 2 974
51.010000 3 974
51.010000 4 653
51.010000 5 974
51.010000 6 974
51.010000 7 974
51.010000 8 974
51.010000 9 974
51.010000 10 641
51.010000 11 974
51.010000 12 974
51.010000 13 974
51.010000 14 820
51.010000 15 974
51.010000 16 808
51.010000 17 820
51.010000 18 820
51.010000 19 974
52.010000 0 778
52.010000 1 937
52.010000 2 937
52.010000 3 937
52.010000 4 628
52.010000 5 937
52.010000 6 937
52.010000 7 937
52.010000 8 937
52.010000 9 937
52.010000 10 628
52.010000 11 937
52.010000 12 937
52.010000 13 937
52.010000 14 778
52.010000 15 937
52.010000 16 777
52.010000 17 778
52.010000 18 778
52.010000 19 937
53.010000 0 824
53.010000 1 978
53.010000 2 978
53.010000 3 978
53.010000 4 656
53.010000 5 978
53.010000 6 978
53.010000 7 978
53.010000 8 978
53.010000 9 978
53.010000 10 643
53.010000 11 978
53.010000 12 978
53.010000 13 978
53.010000 14 824
53.010000 15 978
53.010000 16 811
53.010000 17 824
53.010000 18 824
53.010000 19 978
54.010000 0 804
54.010000 1 964
54.010000 2 964
54.010000 3 964
54.010000 4 645
54.010000 5 964
54.010000 6 964
54.010000 7 964
54.010000 8 964
54.010000 9 964
54.010000 10 642
54.010000 11 964
54.010000 12 964
54.010000 13 964
54.010000 14 804
54.010000 15 964
54.010000 16 801
54.010000 17 804
54.010000 18 804
54.010000 19 964
55.010000 0 816
55.010000 1 985
55.010000 2 985
55.010000 3 985
55.010000 4 652
55.010000 5 985
55.010000 6 985
55.010000 7 985
55.010000 8 985
55.010000 9 985
55.010000 10 660
55.010000 11 985
55.010000 12 985
55.010000 13 985
55.010000 14 816
55.010000 15 985
55.010000 16 827
55.010000 17 816
55.010000 18 816
55.010000 19 985
56.010000 0 794
56.010000 1 956
56.010000 2 956
56.010000 3 956
56.010000 4 632
56.010000 5 956
56.010000 6 956
56.010000 7 956
56.010000 8 956
56.010000 9 956
56.010000 10 640
56.010000 11 956
56.010000 12 956
56.010000 13 956
56.010000 14 794
56.010000 15 956
56.010000 16 802
56.010000 17 794
56.010000 18 794
56.010000 19 956
57.010000 0 815
57.010000 1 977
57.010000 2 977
57.010000 3 977
57.010000 4 655
57.010000 5 977
57.010000 6 977
57.010000 7 977
57.010000 8 977
57.010000 9 977
57.010000 10 650
57.010000 11 977
57.010000 12 977
57.010000 13 977
57.010000 14 815
57.010000 15 977
57.010000 16 811
57.010000 17 815
57.010000 18 815
57.010000 19 977
58.010000 0 827
58.010000 1 985
58.010000 2 985
58.010000 3 985
58.010000 4 664
58.010000 5 985
58.010000 6 985
58.010000 7 985
58.010000 8 985
58.010000 9 985
58.010000 10 651
58.010000 11 985
58.010000 12 985
58.010000 13 985
58.010000 14 827
58.010000 15 985
58.010000 16 813
58.010000 17 827
58.010000 18 827
58.010000 19 985
59.010000 0 815
59.010000 1 976
59.010000 2 976
59.010000 3 976
59.010000 4 649
59.010000 5 976
59.010000 6 976
59.010000 7 976
59.010000 8 976
59.010000 9 976
59.010000 10 650
59.010000 11 976
59.010000 12 976
59.010000 13 976
59.010000 14 815
59.010000 15 976
59.010000 16 814
59.010000 17 815
59.010000 18 815
59.010000 19 976
60.010000 0 803
60.010000 1 973
60.010000 2 973
60.010000 3 973
60.010000 4 643
60.010000 5 973
60.010000 6 973
60.010000 7 973
60.010000 8 973
60.010000 9 973
60.010000 10 657
60.010000 11 973
60.010000 12 973
60.010000 13 973
60.010000 14 803
60.010000 15 973
60.010000 16 816
60.010000 17 803
60.010000 18 803
60.010000 19 973
61.010000 0 826
61.010000 1 994
61.010000 2 994
61.010000 3 994
61.010000 4 662
61.010000 5 994
61.010000 6 994
61.010000 7 994
61.010000 8 994
61.010000 9 994
61.010000 10 663
61.010000 11 994
61.010000 12 994
61.010000 13 994
61.010000 14 826
61.010000 15 994
61.010000 16 831
61.010000 17 826
61.010000 18 826
61.010000 19 994
62.010000 0 814
62.010000 1 968
62.010000 2 968
62.010000 3 968
62.010000 4 654
62.010000 5 968
62.010000 6 968
62.010000 7 968
62.010000 8 968
62.010000 9 968
62.010000 10 637
62.010000 11 968
62.010000 12 968
62.010000 13 968
62.010000 14 814
62.010000 15 968
62.010000 16 799
62.010000 17 814
62.010000 18 814
62.010000 19 968
63.010000 0 776
63.010000 1 949
63.010000 2 949
63.010000 3 949
63.010000 4 622
63.010000 5 949
63.010000 6 949
63.010000 7 949
63.010000 8 949
63.010000 9 949
63.010000 10 648
63.010000 11 949
63.010000 12 949
63.010000 13 949
63.010000 14 776
63.010000 15 949
63.010000 16 801
63.010000 17 776
63.010000 18 776
63.010000 19 949
64.010000 0 807
64.010000 1 967
64.010000 2 967
64.010000 3 967
64.010000 4 650
64.010000 5 967
64.010000 6 967
64.010000 7 967
64.010000 8 967
64.010000 9 967
64.010000 10 642
64.010000 11 967
64.010000 12 967
64.010000 13 967
64.010000 14 807
64.010000 15 967
64.010000 16 802
64.010000 17 807
64.010000 18 807
64.010000 19 967
65.010000 0 819
65.010000 1 996
65.010000 2 996
65.010000 3 996
65.010000 4 655
65.010000 5 996
65.010000 6 996
65.010000 7 996
65.010000 8 996
65.010000 9 996
65.010000 10 675
65.010000 11 996
65.010000 12 996
65.010000 13 996
65.010000 14 819
65.010000 15 996
65.010000 16 839
65.010000 17 819
65.010000 18 819
65.010000 19 996
66.010000 0 829
66.010000 1 981
66.010000 2 981
66.010000 3 981
66.010000 4 659
66.010000 5 981
66.010000 6 981
66.010000 7 981
66.010000 8 981
66.010000 9 981
66.010000 10 641
66.010000 11 981
66.010000 12 981
66.010000 13 981
66.010000 14 829
66.010000 15 981
66.010000 16 814
66.010000 17 829
66.010000 18 829
66.010000 19 981
67.010000 0 801
67.010000 1 970
67.010000 2 970
67.010000 3 970
67.010000 4 649
67.010000 5 970
67.010000 6 970
67.010000 7 970
67.010000 8 970
67.010000 9 970
67.010000 10 654
67.010000 11 970
67.010000 12 970
67.010000 13 970
67.010000 14 801
67.010000 15 970
67.010000 16 806
67.010000 17 801
67.010000 18 801
67.010000 19 970
68.010000 0 814
68.010000 1 974
68.010000 2 974
68.010000 3 974
68.010000 4 646
68.010000 5 974
68.010000 6 974
68.010000 7 974
68.010000 8 974
68.010000 9 974
68.010000 10 647
68.010000 11 974
68.010000 12 974
68.010000 13 974
68.010000 14 814
68.010000 15 974
68.010000 16 815
68.010000 17 814
68.010000 18 814
68.010000 19 974
69.010000 0 804
69.010000 1 964
69.010000 2 964
69.010000 3 964
69.010000 4 642
69.010000 5 964
69.010000 6 964
69.010000 7 964
69.010000 8 964
69.010000 9 964
69.010000 10 643
69.010000 11 964
69.010000 12 964
69.010000 13 964
69.010000 14 804
69.010000 15 964
69.010000 16 803
69.010000 17 804
69.010000 18 804
69.010000 19 964
70.010000 0 808
70.010000 1 968
70.010000 2 968
70.010000 3 968
70.010000 4 653
70.010000 5 968
70.010000 6 968
70.010000 7 968
70.010000 8 968
70.010000 9 968
70.010000 10 643
70.010000 11 968
70.010000 12 968
70.010000 13 968
70.010000 14 808
70.010000 15 968
70.010000 16 800
70.010000 17 808
70.010000 18 808
70.010000 19 968
71.010000 0 814
71.010000 1 974
71.010000 2 974
71.010000 3 974
71.010000 4 642
71.010000 5 974
71.010000 6 974
71.010000 7 974
71.010000 8 974
71.010000 9 974
71.010000 10 647
71.010000 11 974
71.010000 12 974
71.010000 13 974
71.010000 14 814
71.010000 15 974
71.010000 16 819
71.010000 17 814
71.010000 18 814
71.010000 19 974
72.010000 0 801
72.010000 1 966
72.010000 2 966
72.010000 3 966
72.010000 4 647
72.010000 5 966
72.010000 6 966
72.010000 7 966
72.010000 8 966
72.010000 9 966
72.010000 10 647
72.010000 11 966
72.010000 12 966
72.010000 13 966
72.010000 14 801
72.010000 15 966
72.010000 16 803
72.010000 17 801
72.010000 18 801
72.010000 19 966
73.010000 0 823
73.010000 1 992
73.010000 2 992
73.010000 3 992
73.010000 4 661
73.010000 5 992
73.010000 6 992
73.010000 7 992
73.010000 8 992
73.010000 9 992
73.010000 10 665
73.010000 11 992
73.010000 12 992
73.010000 13 992
73.010000 14 823
73.010000 15 992
73.010000 16 827
73.010000 17 823
73.010000 18 823
73.010000 19 992
74.010000 0 814
74.010000 1 977
74.010000 2 977
74.010000 3 977
74.010000 4 648
74.010000 5 977
74.010000 6 977
74.010000 7 977
74.010000 8 977
74.010000 9 977
74.010000 10 652
74.010000 11 977
74.010000 12 977
74.010000 13 977
74.010000 14 814
74.010000 15 977
74.010000 16 817
74.010000 17 814
74.010000 18 814
74.010000 19 977
75.010000 0 794
75.010000 1 957
75.010000 2 957
75.010000 3 957
75.010000 4 638
75.010000 5 957
75.010000 6 957
75.010000 7 957
75.010000 8 957
75.010000 9 957
75.010000 10 641
75.010000 11 957
75.010000 12 957
75.010000 13 957
75.010000 14 794
75.010000 15 957
75.010000 16 798
75.010000 17 794
75.010000 18 794
75.010000 19 957
76.010000 0 806
76.010000 1 963
76.010000 2 963
76.010000 3 963
76.010000 4 644
76.010000 5 963
76.010000 6 963
76.010000 7 963
76.010000 8 963
76.010000 9 963
76.010000 10 639
76.010000 11 963
76.010000 12 963
76.010000 13 963
76.010000 14 806
76.010000 15 963
76.010000 16 800
76.010000 17 806
76.010000 18 806
76.010000 19 963
77.010000 0 850
77.010000 1 1016
77.010000 2 1016
77.010000 3 1016
77.010000 4 681
77.010000 5 1016
77.010000 6 1016
77.010000 7 1016
77.010000 8 1016
77.010000 9 1016
77.010000 10 673
77.010000 11 1016
77.010000 12 1016
77.010000 13 1016
77.010000 14 850
77.010000 15 1016
77.010000 16 844
77.010000 17 850
77.010000 18 850
77.010000 19 1016
78.010000 0 781
78.010000 1 948
78.010000 2 948
78.010000 3 948
78.010000 4 627
78.010000 5 948
78.010000 6 948
78.010000 7 948
78.010000 8 948
78.010000 9 948
78.010000 10 641
78.010000 11 948
78.010000 12 948
78.010000 13 948
78.010000 14 781
78.010000 15 948
78.010000 16 795
78.010000 17 781
78.010000 18 781
78.010000 19 948
79.010000 0 817
79.010000 1 977
79.010000 2 977
79.010000 3 977
79.010000 4 652
79.010000 5 977
79.010000 6 977
79.010000 7 977
79.010000 8 977
79.010000 9 977
79.010000 10 648
79.010000 11 977
79.010000 12 977
79.010000 13 977
79.010000 14 817
79.010000 15 977
79.010000 16 814
79.010000 17 817
79.010000 18 817
79.010000 19 977
80.010000 0 806
80.010000 1 969
80.010000 2 969
80.010000 3 969
80.010000 4 649
80.010000 5 969
80.010000 6 969
80.010000 7 969
80.010000 8 969
80.010000 9 969
80.010000 10 647
80.010000 11 969
80.010000 12 969
80.010000 13 969
80.010000 14 806
80.010000 15 969
80.010000 16 805
80.010000 17 806
80.010000 18 806
80.010000 19 969
81.010000 0 808
81.010000 1 965
81.010000 2 965
81.010000 3 965
81.010000 4 646
81.010000 5 965
81.010000 6 965
81.010000 7 965
81.010000 8 965
81.010000 9 965
81.010000 10 638
81.010000 11 965
81.010000 12 965
81.010000 13 965
81.010000 14 808
81.010000 15 965
81.010000 16 803
81.010000 17 808
81.010000 18 808
81.010000 19 965
82.010000 0 801
82.010000 1 962
82.010000 2 962
82.010000 3 962
82.010000 4 640
82.010000 5 962
82.010000 6 962
82.010000 7 962
82.010000 8 962
82.010000 9 962
82.010000 10 643
82.010000 11 962
82.010000 12 962
82.010000 13 962
82.010000 14 801
82.010000 15 962
82.010000 16 802
82.010000 17 801
82.010000 18 801
82.010000 19 962
83.010000 0 807
83.010000 1 967
83.010000 2 967
83.010000 3 967
83.010000 4 647
83.010000 5 967
83.010000 6 967
83.010000 7 967
83.010000 8 967
83.010000 9 967
83.010000 10 644
83.010000 11 967
83.010000 12 967
83.010000 13 967
83.010000 14 807
83.010000 15 967
83.010000 16 803
83.010000 17 807
83.010000 18 807
83.010000 19 967
84.010000 0 843
84.010000 1 1004
84.010000 2 1004
84.010000 3 1004
84.010000 4 675
84.010000 5 1004
84.010000 6 1004
84.010000 7 1004
84.010000 8 1004
84.010000 9 1004
84.010000 10 662
84.010000 11 1004
84.010000 12 1004
84.010000 13 1004
84.010000 14 843
84.010000 15 1004
84.010000 16 832
84.010000 17 843
84.010000 18 843
84.010000 19 1004
85.010000 0 797
85.010000 1 971
85.010000 2 971
85.010000 3 971
85.010000 4 639
85.010000 5 971
85.010000 6 971
85.010000 7 971
85.010000 8 971
85.010000 9 971
85.010000 10 659
85.010000 11 971
85.010000 12 971
85.010000 13 971
85.010000 14 797
85.010000 15 971
85.010000 16 818
85.010000 17 797
85.010000 18 797
85.010000 19 971
86.010000 0 814
86.010000 1 967
86.010000 2 967
86.010000 3 967
86.010000 4 653
86.010000 5 967
86.010000 6 967
86.010000 7 967
86.010000 8 967
86.010000 9 967
86.010000 10 636
86.010000 11 967
86.010000 12 967
86.010000 13 967
86.010000 14 814
86.010000 15 967
86.010000 16 798
86.010000 17 814
86.010000 18 814
86.010000 19 967
87.010000 0 803
87.010000 1 976
87.010000 2 976
87.010000 3 976
87.010000 4 646
87.010000 5 976
87.010000 6 976
87.010000 7 976
87.010000 8 976
87.010000 9 976
87.010000 10 659
87.010000 11 976
87.010000 12 976
87.010000 13 976
87.010000 14 803
87.010000 15 976
87.010000 16 820
87.010000 17 803
87.010000 18 803
87.010000 19 976
88.010000 0 825
88.010000 1 976
88.010000 2 976
88.010000 3 976
88.010000 4 655
88.010000 5 976
88.010000 6 976
88.010000 7 976
88.010000 8 976
88.010000 9 976
88.010000 10 639
88.010000 11 976
88.010000 12 976
88.010000 13 976
88.010000 14 825
88.010000 15 976
88.010000 16 809
88.010000 17 825
88.010000 18 825
88.010000 19 976
89.010000 0 811
89.010000 1 989
89.010000 2 989
89.010000 3 989
89.010000 4 655
89.010000 5 989
89.010000 6 989
89.010000 7 989
89.010000 8 989
89.010000 9 989
89.010000 10 671
89.010000 11 989
89.010000 12 989
89.010000 13 989
89.010000 14 811
89.010000 15 989
89.010000 16 830
89.010000 17 811
89.010000 18 811
89.010000 19 989
90.010000 0 797
90.010000 1 954
90.010000 2 954
90.010000 3 954
90.010000 4 634
90.010000 5 954
90.010000 6 954
90.010000 7 954
90.010000 8 954
90.010000 9 954
90.010000 10 635
90.010000 11 954
90.010000 12 954
90.010000 13 954
90.010000 14 797
90.010000 15 954
90.010000 16 796
90.010000 17 797
90.010000 18 797
90.010000 19 954
91.010000 0 801
91.010000 1 960
91.010000 2 960
91.010000 3 960
91.010000 4 638
91.010000 5 960
91.010000 6 960
91.010000 7 960
91.010000 8 960
91.010000 9 960
91.010000 10 639
91.010000 11 960
91.010000 12 960
91.010000 13 960
91.010000 14 801
91.010000 15 960
91.010000 16 802
91.010000 17 801
91.010000 18 801
91.010000 19 960
92.010000 0 820
92.010000 1 972
92.010000 2 972
92.010000 3 972
92.010000 4 658
92.010000 5 972
92.010000 6 972
92.010000 7 972
92.010000 8 972
92.010000 9 972
92.010000 10 638
92.010000 11 972
92.010000 12 972
92.010000 13 972
92.010000 14 820
92.010000 15 972
92.010000 16 800
92.010000 17 820
92.010000 18 820
92.010000 19 972
93.010000 0 791
93.010000 1 959
93.010000 2 959
93.010000 3 959
93.010000 4 634
93.010000 5 959
93.010000 6 959
93.010000 7 959
93.010000 8 959
93.010000 9 959
93.010000 10 648
93.010000 11 959
93.010000 12 959
93.010000 13 959
93.010000 14 791
93.010000 15 959
93.010000 16 804
93.010000 17 791
93.010000 18 791
93.010000 19 959
94.010000 0 802
94.010000 1 968
94.010000 2 968
94.010000 3 968
94.010000 4 643
94.010000 5 968
94.010000 6 968
94.010000 7 968
94.010000 8 968
94.010000 9 968
94.010000 10 650
94.010000 11 968
94.010000 12 968
94.010000 13 968
94.010000 14 802
94.010000 15 968
94.010000 16 809
94.010000 17 802
94.010000 18 802
94.010000 19 968
95.010000 0 827
95.010000 1 987
95.010000 2 987
95.010000 3 987
95.010000 4 660
95.010000 5 987
95.010000 6 987
95.010000 7 987
95.010000 8 987
95.010000 9 987
95.010000 10 655
95.010000 11 987
95.010000 12 987
95.010000 13 987
95.010000 14 827
95.010000 15 987
95.010000 16 819
95.010000 17 827
95.010000 18 827
95.010000 19 987
96.010000 0 788
96.010000 1 946
96.010000 2 946
96.010000 3 946
96.010000 4 636
96.010000 5 946
96.010000 6 946
96.010000 7 946
96.010000 8 946
96.010000 9 946
96.010000 10 631
96.010000 11 946
96.010000 12 946
96.010000 13 946
96.010000 14 788
96.010000 15 946
96.010000 16 783
96.010000 17 788
96.010000 18 788
96.010000 19 946
97.010000 0 800
97.010000 1 963
97.010000 2 963
97.010000 3 963
97.010000 4 636
97.010000 5 963
97.010000 6 963
97.010000 7 963
97.010000 8 963
97.010000 9 963
97.010000 10 644
97.010000 11 963
97.010000 12 963
97.010000 13 963
97.010000 14 800
97.010000 15 963
97.010000 16 809
97.010000 17 800
97.010000 18 800
97.010000 19 963
98.010000 0 844
98.010000 1 1008
98.010000 2 1008
98.010000 3 1008
98.010000 4 677
98.010000 5 1008
98.010000 6 1008
98.010000 7 1008
98.010000 8 1008
98.010000 9 1008
98.010000 10 668
98.010000 11 1008
98.010000 12 1008
98.010000 13 1008
98.010000 14 844
98.010000 15 1008
98.010000 16 835
98.010000 17 844
98.010000 18 844
98.010000 19 1008
99.010000 0 819
99.010000 1 975
99.010000 2 975
99.010000 3 975
99.010000 4 650
99.010000 5 975
99.010000 6 975
99.010000 7 975
99.010000 8 975
99.010000 9 975
99.010000 10 645
99.010000 11 975
99.010000 12 975
99.010000 13 975
99.010000 14 819
99.010000 15 975
99.010000 16 811
99.010000 17 819
99.010000 18 819
99.010000 19 975
100.010000 0 784
100.010000 1 964
100.010000 2 964
100.010000 3 964
100.010000 4 632
100.010000 5 964
100.010000 6 964
100.010000 7 964
100.010000 8 964
100.010000 9 964
100.010000 10 663
100.010000 11 964
100.010000 12 964
100.010000 13 964
100.010000 14 784
100.010000 15 964
100.010000 16 813
100.010000 17 784
100.010000 18 784
100.010000 19 964
101.010000 0 823
101.010000 1 976
101.010000 2 976
101.010000 3 976
101.010000 4 658
101.010000 5 976
101.010000 6 976
101.010000 7 976
101.010000 8 976
101.010000 9 976
101.010000 10 640
101.010000 11 976
101.010000 12 976
101.010000 13 976
101.010000 14 823
101.010000 15 976
101.010000 16 807
101.010000 17 823
101.010000 18 823
101.010000 19 976
102.010000 0 829
102.010000 1 990
102.010000 2 990
102.010000 3 990
102.010000 4 662
102.010000 5 990
102.010000 6 990
102.010000 7 990
102.010000 8 990
102.010000 9 990
102.010000 10 657
102.010000 11 990
102.010000 12 990
102.010000 13 990
102.010000 14 829
102.010000 15 990
102.010000 16 822
102.010000 17 829
102.010000 18 829
102.010000 19 990
103.010000 0 783
103.010000 1 947
103.010000 2 947
103.010000 3 947
103.010000 4 631
103.010000 5 947
103.010000 6 947
103.010000 7 947
103.010000 8 947
103.010000 9 947
103.010000 10 636
103.010000 11 947
103.010000 12 947
103.010000 13 947
103.010000 14 783
103.010000 15 947
103.010000 16 791
103.010000 17 783
103.010000 18 783
103.010000 19 947
104.010000 0 821
104.010000 1 1001
104.010000 2 1001
104.010000 3 1001
104.010000 4 660
104.010000 5 1001
104.010000 6 1001
104.010000 7 1001
104.010000 8 1001
104.010000 9 1001
104.010000 10 681
104.010000 11 1001
104.010000 12 1001
104.010000 13 1001
104.010000 14 821
104.010000 15 1001
104.010000 16 841
104.010000 17 821
104.010000 18 821
104.010000 19 1001
105.010000 0 792
105.010000 1 937
105.010000 2 937
105.010000 3 937
105.010000 4 629
105.010000 5 937
105.010000 6 937
105.010000 7 937
105.010000 8 937
105.010000 9 937
105.010000 10 613
105.010000 11 937
105.010000 12 937
105.010000 13 937
105.010000 14 792
105.010000 15 937
105.010000 16 777
105.010000 17 792
105.010000 18 792
105.010000 19 937
106.010000 0 822
106.010000 1 985
106.010000 2 985
106.010000 3 985
106.010000 4 662
106.010000 5 985
106.010000 6 985
106.010000 7 985
106.010000 8 985
106.010000 9 985
106.010000 10 655
106.010000 11 985
106.010000 12 985
106.010000 13 985
106.010000 14 822
106.010000 15 985
106.010000 16 816
106.010000 17 822
106.010000 18 822
106.010000 19 985
107.010000 0 802
107.010000 1 983
107.010000 2 983
107.010000 3 983
107.010000 4 640
107.010000 5 983
107.010000 6 983
107.010000 7 983
107.010000 8 983
107.010000 9 983
107.010000 10 672
107.010000 11 983
107.010000 12 983
107.010000 13 983
107.010000 14 802
107.010000 15 983
107.010000 16 835
107.010000 17 802
107.010000 18 802
107.010000 19 983
108.010000 0 796
108.010000 1 940
108.010000 2 940
108.010000 3 940
108.010000 4 640
108.010000 5 940
108.010000 6 940
108.010000 7 940
108.010000 8 940
108.010000 9 940
108.010000 10 614
108.010000 11 940
108.010000 12 940
108.010000 13 940
108.010000 14 796
108.010000 15 940
108.010000 16 770
108.010000 17 796
108.010000 18 796
108.010000 19 940
109.010000 0 816
109.010000 1 983
109.010000 2 983
109.010000 3 983
109.010000 4 663
109.010000 5 983
109.010000 6 983
109.010000 7 983
109.010000 8 983
109.010000 9 983
109.010000 10 658
109.010000 11 983
109.010000 12 983
109.010000 13 983
109.010000 14 816
109.010000 15 983
109.010000 16 812
109.010000 17 816
109.010000 18 816
109.010000 19 983
110.010000 0 818
110.010000 1 979
110.010000 2 979
110.010000 3 979
110.010000 4 652
110.010000 5 979
110.010000 6 979
110.010000 7 979
110.010000 8 979
110.010000 9 979
110.010000 10 649
110.010000 11 979
110.010000 12 979
110.010000 13 979
110.010000 14 818
110.010000 15 979
110.010000 16 818
110.010000 17 818
110.010000 18 818
110.010000 19 979
111.010000 0 828
111.010000 1 990
111.010000 2 990
111.010000 3 990
111.010000 4 663
111.010000 5 990
111.010000 6 990
111.010000 7 990
111.010000 8 990
111.010000 9 990
111.010000 10 657
111.010000 11 990
111.010000 12 990
111.010000 13 990
111.010000 14 828
111.010000 15 990
111.010000 16 822
111.010000 17 828
111.010000 18 828
111.010000 19 990
112.010000 0 804
112.010000 1 977
112.010000 2 977
112.010000 3 977
112.010000 4 643
112.010000 5 977
112.010000 6 977
112.010000 7 977
112.010000 8 977
112.010000 9 977
112.010000 10 662
112.010000 11 977
112.010000 12 977
112.010000 13 977
112.010000 14 804
112.010000 15 977
112.010000 16 822
112.010000 17 804
112.010000 18 804
112.010000 19 977
113.010000 0 800
113.010000 1 955
113.010000 2 955
113.010000 3 955
113.010000 4 639
113.010000 5 955
113.010000 6 955
113.010000 7 955
113.010000 8 955
113.010000 9 955
113.010000 10 631
113.010000 11 955
113.010000 12 955
113.010000 13 955
113.010000 14 800
113.010000 15 955
113.010000 16 795
113.010000 17 800
113.010000 18 800
113.010000 19 955
114.010000 0 806
114.010000 1 962
114.010000 2 962
114.010000 3 962
114.010000 4 648
114.010000 5 962
114.010000 6 962
114.010000 7 962
114.010000 8 962
114.010000 9 962
114.010000 10 637
114.010000 11 962
114.010000 12 962
114.010000 13 962
114.010000 14 806
114.010000 15 962
114.010000 16 795
114.010000 17 806
114.010000 18 806
114.010000 19 962
115.010000 0 809
115.010000 1 978
115.010000 2 978
115.010000 3 978
115.010000 4 641
115.010000 5 978
115.010000 6 978
115.010000 7 978
115.010000 8 978
115.010000 9 978
115.010000 10 659
115.010000 11 978
115.010000 12 978
115.010000 13 978
115.010000 14 809
115.010000 15 978
115.010000 16 825
115.010000 17 809
115.010000 18 809
115.010000 19 978
116.010000 0 826
116.010000 1 988
116.010000 2 988
116.010000 3 988
116.010000 4 665
116.010000 5 988
116.010000 6 988
116.010000 7 988
116.010000 8 988
116.010000 9 988
116.010000 10 657
116.010000 11 988
116.010000 12 988
116.010000 13 988
116.010000 14 826
116.010000 15 988
116.010000 16 816
116.010000 17 826
116.010000 18 826
116.010000 19 988
117.010000 0 821
117.010000 1 984
117.010000 2 984
117.010000 3 984
117.010000 4 661
117.010000 5 984
117.010000 6 984
117.010000 7 984
117.010000 8 984
117.010000 9 984
117.010000 10 654
117.010000 11 984
117.010000 12 984
117.010000 13 984
117.010000 14 821
117.010000 15 984
117.010000 16 816
117.010000 17 821
117.010000 18 821
117.010000 19 984
118.010000 0 799
118.010000 1 958
118.010000 2 958
118.010000 3 958
118.010000 4 641
118.010000 5 958
118.010000 6 958
118.010000 7 958
118.010000 8 958
118.010000 9 958
118.010000 10 637
118.010000 11 958
118.010000 12 958
118.010000 13 958
118.010000 14 799
118.010000 15 958
118.010000 16 797
118.010000 17 799
118.010000 18 799
118.010000 19 958
119.010000 0 800
119.010000 1 976
119.010000 2 976
119.010000 3 976
119.010000 4 639
119.010000 5 976
119.010000 6 976
119.010000 7 976
119.010000 8 976
119.010000 9 976
119.010000 10 663
119.010000 11 976
119.010000 12 976
119.010000 13 976
119.010000 14 800
119.010000 15 976
119.010000 16 826
119.010000 17 800
119.010000 18 800
119.010000 19 976
120.010000 0 823
120.010000 1 972
120.010000 2 972
120.010000 3 972
120.010000 4 661
120.010000 5 972
120.010000 6 972
120.010000 7 972
120.010000 8 972
120.010000 9 972
120.010000 10 635
120.010000 11 972
120.010000 12 972
120.010000 13 972
120.010000 14 823
120.010000 15 972
120.010000 16 797
120.010000 17 823
120.010000 18 823
120.010000 19 972
121.010000 0 795
121.010000 1 960
121.010000 2 960
121.010000 3 960
121.010000 4 636
121.010000 5 960
121.010000 6 960
121.010000 7 960
121.010000 8 960
121.010000 9 960
121.010000 10 644
121.010000 11 960
121.010000 12 960
121.010000 13 960
121.010000 14 795
121.010000 15 960
121.010000 16 805
121.010000 17 795
121.010000 18 795
121.010000 19 960
122.010000 0 828
122.010000 1 984
122.010000 2 984
122.010000 3 984
122.010000 4 666
122.010000 5 984
122.010000 6 984
122.010000 7 984
122.010000 8 984
122.010000 9 984
122.010000 10 648
122.010000 11 984
122.010000 12 984
122.010000 13 984
122.010000 14 828
122.010000 15 984
122.010000 16 810
122.010000 17 828
122.010000 18 828
122.010000 19 984
123.010000 0 800
123.010000 1 967
123.010000 2 967
123.010000 3 967
123.010000 4 640
123.010000 5 967
123.010000 6 967
123.010000 7 967
123.010000 8 967
123.010000 9 967
123.010000 10 651
123.010000 11 967
123.010000 12 967
123.010000 13 967
123.010000 14 800
123.010000 15 967
123.010000 16 810
123.010000 17 800
123.010000 18 800
123.010000 19 967
124.010000 0 833
124.010000 1 993
124.010000 2 993
124.010000 3 993
124.010000 4 661
124.010000 5 993
124.010000 6 993
124.010000 7 993
124.010000 8 993
124.010000 9 993
124.010000 10 658
124.010000 11 993
124.010000 12 993
124.010000 13 993
124.010000 14 833
124.010000 15 993
124.010000 16 827
124.010000 17 833
124.010000 18 833
124.010000 19 993
125.010000 0 782
125.010000 1 956
125.010000 2 956
125.010000 3 956
125.010000 4 624
125.010000 5 956
125.010000 6 956
125.010000 7 956
125.010000 8 956
125.010000 9 956
125.010000 10 652
125.010000 11 956
125.010000 12 956
125.010000 13 956
125.010000 14 782
125.010000 15 956
125.010000 16 810
125.010000 17 782
125.010000 18 782
125.010000 19 956
126.010000 0 811
126.010000 1 963
126.010000 2 963
126.010000 3 963
126.010000 4 663
126.010000 5 963
126.010000 6 963
126.010000 7 963
126.010000 8 963
126.010000 9 963
126.010000 10 632
126.010000 11 963
126.010000 12 963
126.010000 13 963
126.010000 14 811
126.010000 15 963
126.010000 16 783
126.010000 17 811
126.010000 18 811
126.010000 19 963
127.010000 0 827
127.010000 1 997
127.010000 2 997
127.010000 3 997
127.010000 4 657
127.010000 5 997
127.010000 6 997
127.010000 7 997
127.010000 8 997
127.010000 9 997
127.010000 10 667
127.010000 11 997
127.010000 12 997
127.010000 13 997
127.010000 14 827
127.010000 15 997
127.010000 16 840
127.010000 17 827
127.010000 18 827
127.010000 19 997
128.010000 0 805
128.010000 1 972
128.010000 2 972
128.010000 3 972
128.010000 4 647
128.010000 5 972
128.010000 6 972
128.010000 7 972
128.010000 8 972
128.010000 9 972
128.010000 10 653
128.010000 11 972
128.010000 12 972
128.010000 13 972
128.010000 14 805
128.010000 15 972
128.010000 16 811
128.010000 17 805
128.010000 18 805
128.010000 19 972
129.010000 0 812
129.010000 1 971
129.010000 2 971
129.010000 3 971
129.010000 4 651
129.010000 5 971
129.010000 6 971
129.010000 7 971
129.010000 8 971
129.010000 9 971
129.010000 10 644
129.010000 11 971
129.010000 12 971
129.010000 13 971
129.010000 14 812
129.010000 15 971
129.010000 16 806
129.010000 17 812
129.010000 18 812
129.010000 19 971
130.010000 0 805
130.010000 1 967
130.010000 2 967
130.010000 3 967
130.010000 4 645
130.010000 5 967
130.010000 6 967
130.010000 7 967
130.010000 8 967
130.010000 9 967
130.010000 10 646
130.010000 11 967
130.010000 12 967
130.010000 13 967
130.010000 14 805
130.010000 15 967
130.010000 16 805
130.010000 17 805
130.010000 18 805
130.010000 19 967
131.010000 0 800
131.010000 1 965
131.010000 2 965
131.010000 3 965
131.010000 4 638
131.010000 5 965
131.010000 6 965
131.010000 7 965
131.010000 8 965
131.010000 9 965
131.010000 10 647
131.010000 11 965
131.010000 12 965
131.010000 13 965
131.010000 14 800
131.010000 15 965
131.010000 16 810
131.010000 17 800
131.010000 18 800
131.010000 19 965
132.010000 0 823
132.010000 1 983
132.010000 2 983
132.010000 3 983
132.010000 4 667
132.010000 5 983
132.010000 6 983
132.010000 7 983
132.010000 8 983
132.010000 9 983
132.010000 10 650
132.010000 11 983
132.010000 12 983
132.010000 13 983
132.010000 14 823
132.010000 15 983
132.010000 16 809
132.010000 17 823
132.010000 18 823
132.010000 19 983
133.010000 0 788
133.010000 1 962
133.010000 2 962
133.010000 3 962
133.010000 4 625
133.010000 5 962
133.010000 6 962
133.010000 7 962
133.010000 8 962
133.010000 9 962
133.010000 10 655
133.010000 11 962
133.010000 12 962
133.010000 13 962
133.010000 14 788
133.010000 15 962
133.010000 16 818
133.010000 17 788
133.010000 18 788
133.010000 19 962
134.010000 0 830
134.010000 1 985
134.010000 2 985
134.010000 3 985
134.010000 4 669
134.010000 5 985
134.010000 6 985
134.010000 7 985
134.010000 8 985
134.010000 9 985
134.010000 10 647
134.010000 11 985
134.010000 12 985
134.010000 13 985
134.010000 14 830
134.010000 15 985
134.010000 16 809
134.010000 17 830
134.010000 18 830
134.010000 19 985
135.010000 0 786
135.010000 1 955
135.010000 2 955
135.010000 3 955
135.010000 4 619
135.010000 5 955
135.010000 6 955
135.010000 7 955
135.010000 8 955
135.010000 9 955
135.010000 10 647
135.010000 11 955
135.010000 12 955
135.010000 13 955
135.010000 14 786
135.010000 15 955
135.010000 16 813
135.010000 17 786
135.010000 18 786
135.010000 19 955
136.010000 0 814
136.010000 1 965
136.010000 2 965
136.010000 3 965
136.010000 4 651
136.010000 5 965
136.010000 6 965
136.010000 7 965
136.010000 8 965
136.010000 9 965
136.010000 10 634
136.010000 11 965
136.010000 12 965
136.010000 13 965
136.010000 14 814
136.010000 15 965
136.010000 16 796
136.010000 17 814
136.010000 18 814
136.010000 19 965
137.010000 0 827
137.010000 1 994
137.010000 2 994
137.010000 3 994
137.010000 4 669
137.010000 5 994
137.010000 6 994
137.010000 7 994
137.010000 8 994
137.010000 9 994
137.010000 10 662
137.010000 11 994
137.010000 12 994
137.010000 13 994
137.010000 14 827
137.010000 15 994
137.010000 16 824
137.010000 17 827
137.010000 18 827
137.010000 19 994
138.010000 0 809
138.010000 1 968
138.010000 2 968
138.010000 3 968
138.010000 4 656
138.010000 5 968
138.010000 6 968
138.010000 7 968
138.010000 8 968
138.010000 9 968
138.010000 10 642
138.010000 11 968
138.010000 12 968
138.010000 13 968
138.010000 14 809
138.010000 15 968
138.010000 16 797
138.010000 17 809
138.010000 18 809
138.010000 19 968
139.010000 0 800
139.010000 1 966
139.010000 2 966
139.010000 3 966
139.010000 4 635
139.010000 5 966
139.010000 6 966
139.010000 7 966
139.010000 8 966
139.010000 9 966
139.010000 10 649
139.010000 11 966
139.010000 12 966
139.010000 13 966
139.010000 14 800
139.010000 15 966
139.010000 16 814
139.010000 17 800
139.010000 18 800
139.010000 19 966
140.010000 0 806
140.010000 1 968
140.010000 2 968
140.010000 3 968
140.010000 4 642
140.010000 5 968
140.010000 6 968
140.010000 7 968
140.010000 8 968
140.010000 9 968
140.010000 10 646
140.010000 11 968
140.010000 12 968
140.010000 13 968
140.010000 14 806
140.010000 15 968
140.010000 16 810
140.010000 17 806
140.010000 18 806
140.010000 19 968
141.010000 0 824
141.010000 1 988
141.010000 2 988
141.010000 3 988
141.010000 4 662
141.010000 5 988
141.010000 6 988
141.010000 7 988
141.010000 8 988
141.010000 9 988
141.010000 10 657
141.010000 11 988
141.010000 12 988
141.010000 13 988
141.010000 14 824
141.010000 15 988
141.010000 16 821
141.010000 17 824
141.010000 18 824
141.010000 19 988
142.010000 0 791
142.010000 1 960
142.010000 2 960
142.010000 3 960
142.010000 4 633
142.010000 5 960
142.010000 6 960
142.010000 7 960
142.010000 8 960
142.010000 9 960
142.010000 10 647
142.010000 11 960
142.010000 12 960
142.010000 13 960
142.010000 14 791
142.010000 15 960
142.010000 16 809
142.010000 17 791
142.010000 18 791
142.010000 19 960
143.010000 0 815
143.010000 1 964
143.010000 2 964
143.010000 3 964
143.010000 4 656
143.010000 5 964
143.010000 6 964
143.010000 7 964
143.010000 8 964
143.010000 9 964
143.010000 10 632
143.010000 11 964
143.010000 12 964
143.010000 13 964
143.010000 14 815
143.010000 15 964
143.010000 16 789
143.010000 17 815
143.010000 18 815
143.010000 19 964
144.010000 0 831
144.010000 1 1004
144.010000 2 1004
144.010000 3 1004
144.010000 4 660
144.010000 5 1004
144.010000 6 1004
144.010000 7 1004
144.010000 8 1004
144.010000 9 1004
144.010000 10 675
144.010000 11 1004
144.010000 12 1004
144.010000 13 1004
144.010000 14 831
144.010000 15 1004
144.010000 16 846
144.010000 17 831
144.010000 18 831
144.010000 19 1004
145.010000 0 811
145.010000 1 975
145.010000 2 975
145.010000 3 975
145.010000 4 657
145.010000 5 975
145.010000 6 975
145.010000 7 975
145.010000 8 975
145.010000 9 975
145.010000 10 652
145.010000 11 975
145.010000 12 975
145.010000 13 975
145.010000 14 811
145.010000 15 975
145.010000 16 805
145.010000 17 811
145.010000 18 811
145.010000 19 975
146.010000 0 830
146.010000 1 983
146.010000 2 983
146.010000 3 983
146.010000 4 661
146.010000 5 983
146.010000 6 983
146.010000 7 983
146.010000 8 983
146.010000 9 983
146.010000 10 642
146.010000 11 983
146.010000 12 983
146.010000 13 983
146.010000 14 830
146.010000 15 983
146.010000 16 816
146.010000 17 830
146.010000 18 830
146.010000 19 983
147.010000 0 758
147.010000 1 922
147.010000 2 922
147.010000 3 922
147.010000 4 611
147.010000 5 922
147.010000 6 922
147.010000 7 922
147.010000 8 922
147.010000 9 922
147.010000 10 625
147.010000 11 922
147.010000 12 922
147.010000 13 922
147.010000 14 758
147.010000 15 922
147.010000 16 772
147.010000 17 758
147.010000 18 758
147.010000 19 922
148.010000 0 834
148.010000 1 997
148.010000 2 997
148.010000 3 997
148.010000 4 670
148.010000 5 997
148.010000 6 997
148.010000 7 997
148.010000 8 997
148.010000 9 997
148.010000 10 662
148.010000 11 997
148.010000 12 997
148.010000 13 997
148.010000 14 834
148.010000 15 997
148.010000 16 825
148.010000 17 834
148.010000 18 834
148.010000 19 997
149.010000 0 798
149.010000 1 961
149.010000 2 961
149.010000 3 961
149.010000 4 634
149.010000 5 961
149.010000 6 961
149.010000 7 961
149.010000 8 961
149.010000 9 961
149.010000 10 645
149.010000 11 961
149.010000 12 961
149.010000 13 961
149.010000 14 798
149.010000 15 961
149.010000 16 806
149.010000 17 798
149.010000 18 798
149.010000 19 961
