0.010000 0 15
0.010000 1 17
0.010000 2 12
0.010000 3 16
0.010000 4 14
0.010000 5 14
0.010000 6 12
0.010000 7 14
0.010000 8 15
1.010000 0 107
1.010000 1 112
1.010000 2 113
1.010000 3 114
1.010000 4 112
1.010000 5 120
1.010000 6 113
1.010000 7 120
1.010000 8 107
2.010000 0 89
2.010000 1 92
2.010000 2 84
2.010000 3 100
2.010000 4 95
2.010000 5 91
2.010000 6 84
2.010000 7 97
2.010000 8 89
3.010000 0 89
3.010000 1 93
3.010000 2 89
3.010000 3 93
3.010000 4 90
3.010000 5 94
3.010000 6 89
3.010000 7 94
3.010000 8 89
4.010000 0 92
4.010000 1 100
4.010000 2 98
4.010000 3 96
4.010000 4 95
4.010000 5 100
4.010000 6 98
4.010000 7 103
4.010000 8 92
5.010000 0 107
5.010000 1 111
5.010000 2 108
5.010000 3 111
5.010000 4 99
5.010000 5 110
5.010000 6 108
5.010000 7 110
5.010000 8 107
6.010000 0 59
6.010000 1 64
6.010000 2 59
6.010000 3 71
6.010000 4 69
6.010000 5 64
6.010000 6 59
6.010000 7 64
6.010000 8 59
7.010000 0 117
7.010000 1 122
7.010000 2 117
7.010000 3 114
7.010000 4 109
7.010000 5 122
7.010000 6 117
7.010000 7 121
7.010000 8 117
8.010000 0 79
8.010000 1 87
8.010000 2 85
8.010000 3 92
8.010000 4 80
8.010000 5 87
8.010000 6 85
8.010000 7 78
8.010000 8 79
9.010000 0 89
9.010000 1 94
9.010000 2 89
9.010000 3 94
9.010000 4 90
9.010000 5 93
9.010000 6 89
9.010000 7 93
9.010000 8 89
10.010000 0 76
10.010000 1 79
10.010000 2 76
10.010000 3 79
10.010000 4 77
10.010000 5 79
10.010000 6 76
10.010000 7 86
10.010000 8 76
11.010000 0 85
11.010000 1 87
11.010000 2 80
11.010000 3 86
11.010000 4 81
11.010000 5 85
11.010000 6 80
11.010000 7 84
11.010000 8 85
12.010000 0 91
12.010000 1 99
12.010000 2 96
12.010000 3 99
12.010000 4 97
12.010000 5 101
12.010000 6 96
12.010000 7 101
12.010000 8 91
13.010000 0 100
13.010000 1 109
13.010000 2 100
13.010000 3 109
13.010000 4 103
13.010000 5 102
13.010000 6 100
13.010000 7 109
13.010000 8 100
14.010000 0 83
14.010000 1 85
14.010000 2 78
14.010000 3 85
14.010000 4 79
14.010000 5 83
14.010000 6 78
14.010000 7 83
14.010000 8 83
15.010000 0 93
15.010000 1 99
15.010000 2 95
15.010000 3 100
15.010000 4 95
15.010000 5 101
15.010000 6 95
15.010000 7 101
15.010000 8 93
16.010000 0 610
16.010000 1 729
16.010000 2 547
16.010000 3 531
16.010000 4 746
16.010000 5 751
16.010000 6 547
16.010000 7 670
16.010000 8 610
17.010000 0 545
17.010000 1 653
17.010000 2 493
17.010000 3 478
17.010000 4 671
17.010000 5 682
17.010000 6 493
17.010000 7 594
17.010000 8 545
18.010000 0 590
18.010000 1 711
18.010000 2 551
18.010000 3 525
18.010000 4 740
18.010000 5 748
18.010000 6 551
18.010000 7 677
18.010000 8 590
19.010000 0 560
19.010000 1 685
19.010000 2 542
19.010000 3 509
19.010000 4 713
19.010000 5 718
19.010000 6 542
19.010000 7 653
19.010000 8 560
20.010000 0 545
20.010000 1 647
20.010000 2 512
20.010000 3 488
20.010000 4 684
20.010000 5 697
20.010000 6 512
20.010000 7 621
20.010000 8 545
21.010000 0 543
21.010000 1 661
21.010000 2 525
21.010000 3 491
21.010000 4 698
21.010000 5 702
21.010000 6 525
21.010000 7 634
21.010000 8 543
22.010000 0 559
22.010000 1 663
22.010000 2 524
22.010000 3 498
22.010000 4 691
22.010000 5 700
22.010000 6 524
22.010000 7 637
22.010000 8 559
23.010000 0 572
23.010000 1 694
23.010000 2 563
23.010000 3 519
23.010000 4 728
23.010000 5 740
23.010000 6 563
23.010000 7 678
23.010000 8 572
24.010000 0 566
24.010000 1 690
24.010000 2 552
24.010000 3 526
24.010000 4 728
24.010000 5 734
24.010000 6 552
24.010000 7 674
24.010000 8 566
25.010000 0 597
25.010000 1 715
25.010000 2 551
25.010000 3 531
25.010000 4 751
25.010000 5 745
25.010000 6 551
25.010000 7 676
25.010000 8 597
26.010000 0 618
26.010000 1 742
26.010000 2 571
26.010000 3 531
26.010000 4 757
26.010000 5 775
26.010000 6 571
26.010000 7 692
26.010000 8 618
27.010000 0 540
27.010000 1 639
27.010000 2 501
27.010000 3 502
27.010000 4 671
27.010000 5 674
27.010000 6 501
27.010000 7 601
27.010000 8 540
28.010000 0 575
28.010000 1 693
28.010000 2 533
28.010000 3 503
28.010000 4 713
28.010000 5 719
28.010000 6 533
28.010000 7 644
28.010000 8 575
29.010000 0 573
29.010000 1 683
29.010000 2 517
29.010000 3 512
29.010000 4 711
29.010000 5 719
29.010000 6 517
29.010000 7 641
29.010000 8 573
30.010000 0 535
30.010000 1 664
30.010000 2 524
30.010000 3 474
30.010000 4 691
30.010000 5 704
30.010000 6 524
30.010000 7 650
30.010000 8 535
31.010000 0 556
31.010000 1 679
31.010000 2 541
31.010000 3 528
31.010000 4 715
31.010000 5 721
31.010000 6 541
31.010000 7 652
31.010000 8 556
32.010000 0 627
32.010000 1 754
32.010000 2 577
32.010000 3 563
32.010000 4 780
32.010000 5 791
32.010000 6 577
32.010000 7 696
32.010000 8 627
33.010000 0 510
33.010000 1 618
33.010000 2 475
33.010000 3 459
33.010000 4 649
33.010000 5 654
33.010000 6 475
33.010000 7 583
33.010000 8 510
34.010000 0 621
34.010000 1 724
34.010000 2 539
34.010000 3 529
34.010000 4 737
34.010000 5 748
34.010000 6 539
34.010000 7 668
34.010000 8 621
35.010000 0 502
35.010000 1 619
35.010000 2 509
35.010000 3 459
35.010000 4 649
35.010000 5 657
35.010000 6 509
35.010000 7 601
35.010000 8 502
36.010000 0 590
36.010000 1 693
36.010000 2 512
36.010000 3 507
36.010000 4 713
36.010000 5 719
36.010000 6 512
36.010000 7 634
36.010000 8 590
37.010000 0 547
37.010000 1 664
37.010000 2 536
37.010000 3 507
37.010000 4 705
37.010000 5 716
37.010000 6 536
37.010000 7 651
37.010000 8 547
38.010000 0 569
38.010000 1 690
38.010000 2 550
38.010000 3 498
38.010000 4 728
38.010000 5 740
38.010000 6 550
38.010000 7 677
38.010000 8 569
39.010000 0 586
39.010000 1 691
39.010000 2 551
39.010000 3 531
39.010000 4 724
39.010000 5 729
39.010000 6 551
39.010000 7 658
39.010000 8 586
40.010000 0 516
40.010000 1 627
40.010000 2 486
40.010000 3 444
40.010000 4 651
40.010000 5 662
40.010000 6 486
40.010000 7 598
40.010000 8 516
41.010000 0 569
41.010000 1 670
41.010000 2 546
41.010000 3 546
41.010000 4 712
41.010000 5 711
41.010000 6 546
41.010000 7 662
41.010000 8 569
42.010000 0 546
42.010000 1 671
42.010000 2 538
42.010000 3 482
42.010000 4 703
42.010000 5 705
42.010000 6 538
42.010000 7 663
42.010000 8 546
43.010000 0 561
43.010000 1 652
43.010000 2 507
43.010000 3 525
43.010000 4 702
43.010000 5 703
43.010000 6 507
43.010000 7 610
43.010000 8 561
44.010000 0 557
44.010000 1 684
44.010000 2 566
44.010000 3 501
44.010000 4 726
44.010000 5 735
44.010000 6 566
44.010000 7 695
44.010000 8 557
45.010000 0 555
45.010000 1 668
45.010000 2 533
45.010000 3 505
45.010000 4 693
45.010000 5 710
45.010000 6 533
45.010000 7 650
45.010000 8 555
46.010000 0 551
46.010000 1 662
46.010000 2 557
46.010000 3 525
46.010000 4 716
46.010000 5 719
46.010000 6 557
46.010000 7 656
46.010000 8 551
47.010000 0 554
47.010000 1 682
47.010000 2 545
47.010000 3 489
47.010000 4 731
47.010000 5 737
47.010000 6 545
47.010000 7 684
47.010000 8 554
48.010000 0 546
48.010000 1 672
48.010000 2 574
48.010000 3 516
48.010000 4 733
48.010000 5 739
48.010000 6 574
48.010000 7 696
48.010000 8 546
49.010000 0 589
49.010000 1 697
49.010000 2 577
49.010000 3 548
49.010000 4 751
49.010000 5 763
49.010000 6 577
49.010000 7 695
49.010000 8 589
50.010000 0 582
50.010000 1 708
50.010000 2 575
50.010000 3 525
50.010000 4 748
50.010000 5 756
50.010000 6 575
50.010000 7 696
50.010000 8 582
51.010000 0 570
51.010000 1 691
51.010000 2 535
51.010000 3 517
51.010000 4 718
51.010000 5 728
51.010000 6 535
51.010000 7 651
51.010000 8 570
52.010000 0 553
52.010000 1 669
52.010000 2 550
52.010000 3 509
52.010000 4 714
52.010000 5 726
52.010000 6 550
52.010000 7 665
52.010000 8 553
53.010000 0 570
53.010000 1 681
53.010000 2 528
53.010000 3 517
53.010000 4 711
53.010000 5 719
53.010000 6 528
53.010000 7 642
53.010000 8 570
54.010000 0 566
54.010000 1 697
54.010000 2 572
54.010000 3 524
54.010000 4 734
54.010000 5 743
54.010000 6 572
54.010000 7 694
54.010000 8 566
55.010000 0 612
55.010000 1 726
55.010000 2 541
55.010000 3 514
55.010000 4 728
55.010000 5 739
55.010000 6 541
55.010000 7 664
55.010000 8 612
56.010000 0 518
56.010000 1 612
56.010000 2 489
56.010000 3 487
56.010000 4 674
56.010000 5 675
56.010000 6 489
56.010000 7 595
56.010000 8 518
57.010000 0 568
57.010000 1 698
57.010000 2 524
57.010000 3 474
57.010000 4 722
57.010000 5 728
57.010000 6 524
57.010000 7 660
57.010000 8 568
58.010000 0 545
58.010000 1 656
58.010000 2 566
58.010000 3 516
58.010000 4 716
58.010000 5 722
58.010000 6 566
58.010000 7 671
58.010000 8 545
59.010000 0 593
59.010000 1 711
59.010000 2 541
59.010000 3 517
59.010000 4 733
59.010000 5 745
59.010000 6 541
59.010000 7 660
59.010000 8 593
60.010000 0 553
60.010000 1 664
60.010000 2 526
60.010000 3 496
60.010000 4 699
60.010000 5 703
60.010000 6 526
60.010000 7 643
60.010000 8 553
61.010000 0 572
61.010000 1 700
61.010000 2 531
61.010000 3 503
61.010000 4 718
61.010000 5 730
61.010000 6 531
61.010000 7 656
61.010000 8 572
62.010000 0 546
62.010000 1 645
62.010000 2 511
62.010000 3 477
62.010000 4 683
62.010000 5 698
62.010000 6 511
62.010000 7 634
62.010000 8 546
63.010000 0 572
63.010000 1 697
63.010000 2 532
63.010000 3 528
63.010000 4 718
63.010000 5 719
63.010000 6 532
63.010000 7 644
63.010000 8 572
64.010000 0 530
64.010000 1 633
64.010000 2 520
64.010000 3 487
64.010000 4 675
64.010000 5 685
64.010000 6 520
64.010000 7 622
64.010000 8 530
65.010000 0 583
65.010000 1 726
65.010000 2 579
65.010000 3 505
65.010000 4 754
65.010000 5 762
65.010000 6 579
65.010000 7 717
65.010000 8 583
66.010000 0 594
66.010000 1 690
66.010000 2 535
66.010000 3 562
66.010000 4 727
66.010000 5 737
66.010000 6 535
66.010000 7 631
66.010000 8 594
67.010000 0 523
67.010000 1 650
67.010000 2 515
67.010000 3 443
67.010000 4 672
67.010000 5 678
67.010000 6 515
67.010000 7 641
67.010000 8 523
68.010000 0 553
68.010000 1 655
68.010000 2 534
68.010000 3 521
68.010000 4 702
68.010000 5 712
68.010000 6 534
68.010000 7 637
68.010000 8 553
69.010000 0 613
69.010000 1 715
69.010000 2 566
69.010000 3 557
69.010000 4 760
69.010000 5 764
69.010000 6 566
69.010000 7 687
69.010000 8 613
70.010000 0 495
70.010000 1 618
70.010000 2 510
70.010000 3 417
70.010000 4 650
70.010000 5 656
70.010000 6 510
70.010000 7 632
70.010000 8 495
71.010000 0 562
71.010000 1 646
71.010000 2 504
71.010000 3 544
71.010000 4 691
71.010000 5 700
71.010000 6 504
71.010000 7 595
71.010000 8 562
72.010000 0 520
72.010000 1 651
72.010000 2 556
72.010000 3 466
72.010000 4 697
72.010000 5 703
72.010000 6 556
72.010000 7 679
72.010000 8 520
73.010000 0 568
73.010000 1 697
73.010000 2 559
73.010000 3 524
73.010000 4 747
73.010000 5 749
73.010000 6 559
73.010000 7 680
73.010000 8 568
74.010000 0 596
74.010000 1 707
74.010000 2 583
74.010000 3 550
74.010000 4 769
74.010000 5 777
74.010000 6 583
74.010000 7 704
74.010000 8 596
75.010000 0 574
75.010000 1 704
75.010000 2 643
75.010000 3 543
75.010000 4 783
75.010000 5 783
75.010000 6 643
75.010000 7 782
75.010000 8 574
76.010000 0 542
76.010000 1 650
76.010000 2 575
76.010000 3 519
76.010000 4 712
76.010000 5 729
76.010000 6 575
76.010000 7 689
76.010000 8 542
77.010000 0 559
77.010000 1 676
77.010000 2 564
77.010000 3 525
77.010000 4 729
77.010000 5 734
77.010000 6 564
77.010000 7 677
77.010000 8 559
78.010000 0 552
78.010000 1 659
78.010000 2 542
78.010000 3 508
78.010000 4 710
78.010000 5 713
78.010000 6 542
78.010000 7 654
78.010000 8 552
79.010000 0 629
79.010000 1 759
79.010000 2 603
79.010000 3 562
79.010000 4 786
79.010000 5 802
79.010000 6 603
79.010000 7 731
79.010000 8 629
80.010000 0 546
80.010000 1 653
80.010000 2 526
80.010000 3 497
80.010000 4 695
80.010000 5 700
80.010000 6 526
80.010000 7 643
80.010000 8 546
81.010000 0 551
81.010000 1 666
81.010000 2 511
81.010000 3 475
81.010000 4 692
81.010000 5 696
81.010000 6 511
81.010000 7 627
81.010000 8 551
82.010000 0 555
82.010000 1 664
82.010000 2 534
82.010000 3 512
82.010000 4 712
82.010000 5 715
82.010000 6 534
82.010000 7 652
82.010000 8 555
83.010000 0 593
83.010000 1 719
83.010000 2 580
83.010000 3 534
83.010000 4 753
83.010000 5 771
83.010000 6 580
83.010000 7 700
83.010000 8 593
84.010000 0 619
84.010000 1 755
84.010000 2 570
84.010000 3 563
84.010000 4 784
84.010000 5 788
84.010000 6 570
84.010000 7 709
84.010000 8 619
85.010000 0 553
85.010000 1 667
85.010000 2 512
85.010000 3 496
85.010000 4 691
85.010000 5 699
85.010000 6 512
85.010000 7 630
85.010000 8 553
86.010000 0 552
86.010000 1 682
86.010000 2 542
86.010000 3 506
86.010000 4 710
86.010000 5 716
86.010000 6 542
86.010000 7 642
86.010000 8 552
87.010000 0 578
87.010000 1 690
87.010000 2 519
87.010000 3 497
87.010000 4 703
87.010000 5 712
87.010000 6 519
87.010000 7 639
87.010000 8 578
88.010000 0 583
88.010000 1 686
88.010000 2 553
88.010000 3 533
88.010000 4 733
88.010000 5 738
88.010000 6 553
88.010000 7 668
88.010000 8 583
89.010000 0 622
89.010000 1 741
89.010000 2 540
89.010000 3 523
89.010000 4 750
89.010000 5 758
89.010000 6 540
89.010000 7 668
89.010000 8 622
90.010000 0 544
90.010000 1 667
90.010000 2 532
90.010000 3 494
90.010000 4 691
90.010000 5 695
90.010000 6 532
90.010000 7 625
90.010000 8 544
91.010000 0 567
91.010000 1 656
91.010000 2 502
91.010000 3 519
91.010000 4 689
91.010000 5 695
91.010000 6 502
91.010000 7 608
91.010000 8 567
92.010000 0 527
92.010000 1 654
92.010000 2 494
92.010000 3 442
92.010000 4 663
92.010000 5 677
92.010000 6 494
92.010000 7 617
92.010000 8 527
93.010000 0 572
93.010000 1 677
93.010000 2 552
93.010000 3 552
93.010000 4 731
93.010000 5 738
93.010000 6 552
93.010000 7 660
93.010000 8 572
94.010000 0 574
94.010000 1 710
94.010000 2 571
94.010000 3 513
94.010000 4 745
94.010000 5 757
94.010000 6 571
94.010000 7 702
94.010000 8 574
95.010000 0 643
95.010000 1 762
95.010000 2 578
95.010000 3 569
95.010000 4 794
95.010000 5 800
95.010000 6 578
95.010000 7 720
95.010000 8 643
96.010000 0 565
96.010000 1 673
96.010000 2 540
96.010000 3 525
96.010000 4 693
96.010000 5 703
96.010000 6 540
96.010000 7 639
96.010000 8 565
97.010000 0 573
97.010000 1 687
97.010000 2 528
97.010000 3 491
97.010000 4 713
97.010000 5 725
97.010000 6 528
97.010000 7 651
97.010000 8 573
98.010000 0 589
98.010000 1 714
98.010000 2 569
98.010000 3 551
98.010000 4 754
98.010000 5 757
98.010000 6 569
98.010000 7 680
98.010000 8 589
99.010000 0 553
99.010000 1 666
99.010000 2 490
99.010000 3 463
99.010000 4 676
99.010000 5 691
99.010000 6 490
99.010000 7 607
99.010000 8 553
100.010000 0 559
100.010000 1 671
100.010000 2 509
100.010000 3 500
100.010000 4 697
100.010000 5 696
100.010000 6 509
100.010000 7 628
100.010000 8 559
101.010000 0 610
101.010000 1 744
101.010000 2 602
101.010000 3 560
101.010000 4 789
101.010000 5 790
101.010000 6 602
101.010000 7 723
101.010000 8 610
102.010000 0 550
102.010000 1 653
102.010000 2 471
102.010000 3 461
102.010000 4 668
102.010000 5 670
102.010000 6 471
102.010000 7 589
102.010000 8 550
103.010000 0 598
103.010000 1 718
103.010000 2 542
103.010000 3 527
103.010000 4 730
103.010000 5 747
103.010000 6 542
103.010000 7 662
103.010000 8 598
104.010000 0 566
104.010000 1 667
104.010000 2 539
104.010000 3 530
104.010000 4 711
104.010000 5 723
104.010000 6 539
104.010000 7 644
104.010000 8 566
105.010000 0 573
105.010000 1 694
105.010000 2 506
105.010000 3 466
105.010000 4 699
105.010000 5 709
105.010000 6 506
105.010000 7 637
105.010000 8 573
106.010000 0 615
106.010000 1 733
106.010000 2 560
106.010000 3 556
106.010000 4 765
106.010000 5 775
106.010000 6 560
106.010000 7 676
106.010000 8 615
107.010000 0 515
107.010000 1 626
107.010000 2 481
107.010000 3 465
107.010000 4 653
107.010000 5 657
107.010000 6 481
107.010000 7 587
107.010000 8 515
108.010000 0 560
108.010000 1 690
108.010000 2 528
108.010000 3 493
108.010000 4 709
108.010000 5 717
108.010000 6 528
108.010000 7 647
108.010000 8 560
109.010000 0 576
109.010000 1 669
109.010000 2 531
109.010000 3 531
109.010000 4 706
109.010000 5 718
109.010000 6 531
109.010000 7 637
109.010000 8 576
110.010000 0 556
110.010000 1 687
110.010000 2 549
110.010000 3 494
110.010000 4 716
110.010000 5 726
110.010000 6 549
110.010000 7 670
110.010000 8 556
111.010000 0 561
111.010000 1 667
111.010000 2 509
111.010000 3 496
111.010000 4 692
111.010000 5 698
111.010000 6 509
111.010000 7 619
111.010000 8 561
112.010000 0 599
112.010000 1 716
112.010000 2 563
112.010000 3 543
112.010000 4 751
112.010000 5 762
112.010000 6 563
112.010000 7 680
112.010000 8 599
113.010000 0 570
113.010000 1 693
113.010000 2 542
113.010000 3 501
113.010000 4 717
113.010000 5 725
113.010000 6 542
113.010000 7 656
113.010000 8 570
114.010000 0 563
114.010000 1 671
114.010000 2 546
114.010000 3 512
114.010000 4 713
114.010000 5 720
114.010000 6 546
114.010000 7 661
114.010000 8 563
115.010000 0 493
115.010000 1 598
115.010000 2 431
115.010000 3 414
115.010000 4 606
115.010000 5 608
115.010000 6 431
115.010000 7 540
115.010000 8 493
116.010000 0 483
116.010000 1 590
116.010000 2 511
116.010000 3 464
116.010000 4 638
116.010000 5 650
116.010000 6 511
116.010000 7 606
116.010000 8 483
117.010000 0 615
117.010000 1 725
117.010000 2 556
117.010000 3 537
117.010000 4 740
117.010000 5 756
117.010000 6 556
117.010000 7 673
117.010000 8 615
118.010000 0 553
118.010000 1 665
118.010000 2 523
118.010000 3 496
118.010000 4 696
118.010000 5 702
118.010000 6 523
118.010000 7 631
118.010000 8 553
119.010000 0 531
119.010000 1 656
119.010000 2 548
119.010000 3 501
119.010000 4 708
119.010000 5 706
119.010000 6 548
119.010000 7 670
119.010000 8 531
120.010000 0 541
120.010000 1 647
120.010000 2 571
120.010000 3 519
120.010000 4 720
120.010000 5 731
120.010000 6 571
120.010000 7 681
120.010000 8 541
121.010000 0 595
121.010000 1 740
121.010000 2 582
121.010000 3 507
121.010000 4 760
121.010000 5 765
121.010000 6 582
121.010000 7 725
121.010000 8 595
122.010000 0 575
122.010000 1 689
122.010000 2 557
122.010000 3 546
122.010000 4 739
122.010000 5 745
122.010000 6 557
122.010000 7 661
122.010000 8 575
123.010000 0 571
123.010000 1 696
123.010000 2 535
123.010000 3 505
123.010000 4 723
123.010000 5 727
123.010000 6 535
123.010000 7 659
123.010000 8 571
124.010000 0 553
124.010000 1 667
124.010000 2 555
124.010000 3 517
124.010000 4 715
124.010000 5 720
124.010000 6 555
124.010000 7 665
124.010000 8 553
125.010000 0 542
125.010000 1 647
125.010000 2 531
125.010000 3 493
125.010000 4 674
125.010000 5 692
125.010000 6 531
125.010000 7 627
125.010000 8 542
126.010000 0 585
126.010000 1 705
126.010000 2 549
126.010000 3 527
126.010000 4 735
126.010000 5 749
126.010000 6 549
126.010000 7 674
126.010000 8 585
127.010000 0 510
127.010000 1 633
127.010000 2 526
127.010000 3 476
127.010000 4 679
127.010000 5 690
127.010000 6 526
127.010000 7 644
127.010000 8 510
128.010000 0 584
128.010000 1 690
128.010000 2 547
128.010000 3 540
128.010000 4 732
128.010000 5 739
128.010000 6 547
128.010000 7 662
128.010000 8 584
129.010000 0 541
129.010000 1 666
129.010000 2 539
129.010000 3 480
129.010000 4 699
129.010000 5 707
129.010000 6 539
129.010000 7 664
129.010000 8 541
130.010000 0 546
130.010000 1 644
130.010000 2 540
130.010000 3 520
130.010000 4 699
130.010000 5 712
130.010000 6 540
130.010000 7 665
130.010000 8 546
131.010000 0 576
131.010000 1 686
131.010000 2 551
131.010000 3 524
131.010000 4 728
131.010000 5 732
131.010000 6 551
131.010000 7 661
131.010000 8 576
132.010000 0 554
132.010000 1 678
132.010000 2 583
132.010000 3 507
132.010000 4 731
132.010000 5 741
132.010000 6 583
132.010000 7 706
132.010000 8 554
133.010000 0 614
133.010000 1 727
133.010000 2 572
133.010000 3 553
133.010000 4 765
133.010000 5 774
133.010000 6 572
133.010000 7 693
133.010000 8 614
134.010000 0 566
134.010000 1 676
134.010000 2 544
134.010000 3 510
134.010000 4 715
134.010000 5 724
134.010000 6 544
134.010000 7 663
134.010000 8 566
135.010000 0 526
135.010000 1 652
135.010000 2 537
135.010000 3 484
135.010000 4 693
135.010000 5 699
135.010000 6 537
135.010000 7 645
135.010000 8 526
136.010000 0 591
136.010000 1 709
136.010000 2 575
136.010000 3 561
136.010000 4 756
136.010000 5 765
136.010000 6 575
136.010000 7 693
136.010000 8 591
137.010000 0 602
137.010000 1 717
137.010000 2 556
137.010000 3 520
137.010000 4 751
137.010000 5 759
137.010000 6 556
137.010000 7 691
137.010000 8 602
138.010000 0 528
138.010000 1 644
138.010000 2 524
138.010000 3 486
138.010000 4 678
138.010000 5 688
138.010000 6 524
138.010000 7 622
138.010000 8 528
139.010000 0 591
139.010000 1 734
139.010000 2 571
139.010000 3 521
139.010000 4 758
139.010000 5 769
139.010000 6 571
139.010000 7 712
139.010000 8 591
140.010000 0 579
140.010000 1 669
140.010000 2 516
140.010000 3 516
140.010000 4 709
140.010000 5 721
140.010000 6 516
140.010000 7 634
140.010000 8 579
141.010000 0 582
141.010000 1 717
141.010000 2 570
141.010000 3 515
141.010000 4 745
141.010000 5 755
141.010000 6 570
141.010000 7 688
141.010000 8 582
142.010000 0 648
142.010000 1 765
142.010000 2 557
142.010000 3 582
142.010000 4 785
142.010000 5 795
142.010000 6 557
142.010000 7 680
142.010000 8 648
143.010000 0 577
143.010000 1 688
143.010000 2 555
143.010000 3 514
143.010000 4 719
143.010000 5 732
143.010000 6 555
143.010000 7 673
143.010000 8 577
144.010000 0 607
144.010000 1 729
144.010000 2 557
144.010000 3 542
144.010000 4 752
144.010000 5 758
144.010000 6 557
144.010000 7 669
144.010000 8 607
145.010000 0 547
145.010000 1 672
145.010000 2 509
145.010000 3 470
145.010000 4 681
145.010000 5 689
145.010000 6 509
145.010000 7 626
145.010000 8 547
146.010000 0 525
146.010000 1 637
146.010000 2 487
146.010000 3 471
146.010000 4 673
146.010000 5 676
146.010000 6 487
146.010000 7 605
146.010000 8 525
147.010000 0 618
147.010000 1 724
147.010000 2 532
147.010000 3 547
147.010000 4 732
147.010000 5 746
147.010000 6 532
147.010000 7 649
147.010000 8 618
148.010000 0 568
148.010000 1 681
148.010000 2 513
148.010000 3 483
148.010000 4 708
148.010000 5 710
148.010000 6 513
148.010000 7 633
148.010000 8 568
149.010000 0 569
149.010000 1 689
149.010000 2 569
149.010000 3 543
149.010000 4 724
149.010000 5 735
149.010000 6 569
149.010000 7 659
149.010000 8 569
