0.010000 0 13
0.010000 1 13
0.010000 2 17
0.010000 3 17
0.010000 4 14
0.010000 5 18
0.010000 6 17
0.010000 7 18
0.010000 8 13
0.010000 9 16
1.010000 0 169
1.010000 1 167
1.010000 2 155
1.010000 3 175
1.010000 4 165
1.010000 5 164
1.010000 6 155
1.010000 7 176
1.010000 8 169
1.010000 9 159
2.010000 0 113
2.010000 1 114
2.010000 2 114
2.010000 3 119
2.010000 4 115
2.010000 5 125
2.010000 6 114
2.010000 7 120
2.010000 8 113
2.010000 9 118
3.010000 0 124
3.010000 1 128
3.010000 2 127
3.010000 3 131
3.010000 4 121
3.010000 5 120
3.010000 6 127
3.010000 7 131
3.010000 8 124
3.010000 9 126
4.010000 0 121
4.010000 1 119
4.010000 2 111
4.010000 3 124
4.010000 4 118
4.010000 5 127
4.010000 6 111
4.010000 7 125
4.010000 8 121
4.010000 9 121
5.010000 0 133
5.010000 1 133
5.010000 2 125
5.010000 3 138
5.010000 4 126
5.010000 5 122
5.010000 6 125
5.010000 7 136
5.010000 8 133
5.010000 9 130
6.010000 0 126
6.010000 1 127
6.010000 2 124
6.010000 3 133
6.010000 4 125
6.010000 5 134
6.010000 6 124
6.010000 7 131
6.010000 8 126
6.010000 9 122
7.010000 0 105
7.010000 1 108
7.010000 2 103
7.010000 3 110
7.010000 4 104
7.010000 5 107
7.010000 6 103
7.010000 7 109
7.010000 8 105
7.010000 9 115
8.010000 0 120
8.010000 1 119
8.010000 2 116
8.010000 3 123
8.010000 4 117
8.010000 5 123
8.010000 6 116
8.010000 7 127
8.010000 8 120
8.010000 9 121
9.010000 0 141
9.010000 1 145
9.010000 2 140
9.010000 3 151
9.010000 4 141
9.010000 5 143
9.010000 6 140
9.010000 7 149
9.010000 8 141
9.010000 9 138
10.010000 0 106
10.010000 1 105
10.010000 2 102
10.010000 3 107
10.010000 4 99
10.010000 5 107
10.010000 6 102
10.010000 7 109
10.010000 8 106
10.010000 9 105
11.010000 0 129
11.010000 1 130
11.010000 2 120
11.010000 3 132
11.010000 4 126
11.010000 5 130
11.010000 6 120
11.010000 7 132
11.010000 8 129
11.010000 9 130
12.010000 0 111
12.010000 1 109
12.010000 2 107
12.010000 3 114
12.010000 4 102
12.010000 5 106
12.010000 6 107
12.010000 7 113
12.010000 8 111
12.010000 9 106
13.010000 0 137
13.010000 1 140
13.010000 2 132
13.010000 3 144
13.010000 4 133
13.010000 5 131
13.010000 6 132
13.010000 7 144
13.010000 8 137
13.010000 9 138
14.010000 0 120
14.010000 1 121
14.010000 2 116
14.010000 3 125
14.010000 4 117
14.010000 5 121
14.010000 6 116
14.010000 7 125
14.010000 8 120
14.010000 9 121
15.010000 0 116
15.010000 1 116
15.010000 2 108
15.010000 3 119
15.010000 4 115
15.010000 5 126
15.010000 6 108
15.010000 7 119
15.010000 8 116
15.010000 9 119
16.010000 0 584
16.010000 1 491
16.010000 2 701
16.010000 3 703
16.010000 4 501
16.010000 5 699
16.010000 6 701
16.010000 7 613
16.010000 8 584
16.010000 9 699
17.010000 0 640
17.010000 1 552
17.010000 2 742
17.010000 3 754
17.010000 4 534
17.010000 5 754
17.010000 6 742
17.010000 7 644
17.010000 8 640
17.010000 9 749
18.010000 0 613
18.010000 1 517
18.010000 2 715
18.010000 3 723
18.010000 4 514
18.010000 5 721
18.010000 6 715
18.010000 7 629
18.010000 8 613
18.010000 9 720
19.010000 0 610
19.010000 1 511
19.010000 2 721
19.010000 3 729
19.010000 4 518
19.010000 5 725
19.010000 6 721
19.010000 7 630
19.010000 8 610
19.010000 9 722
20.010000 0 597
20.010000 1 497
20.010000 2 684
20.010000 3 694
20.010000 4 496
20.010000 5 696
20.010000 6 684
20.010000 7 598
20.010000 8 597
20.010000 9 701
21.010000 0 675
21.010000 1 560
21.010000 2 770
21.010000 3 781
21.010000 4 547
21.010000 5 775
21.010000 6 770
21.010000 7 671
21.010000 8 675
21.010000 9 765
22.010000 0 582
22.010000 1 498
22.010000 2 711
22.010000 3 717
22.010000 4 522
22.010000 5 713
22.010000 6 711
22.010000 7 622
22.010000 8 582
22.010000 9 717
23.010000 0 631
23.010000 1 529
23.010000 2 722
23.010000 3 734
23.010000 4 509
23.010000 5 733
23.010000 6 722
23.010000 7 628
23.010000 8 631
23.010000 9 729
24.010000 0 641
24.010000 1 546
24.010000 2 752
24.010000 3 759
24.010000 4 553
24.010000 5 748
24.010000 6 752
24.010000 7 654
24.010000 8 641
24.010000 9 751
25.010000 0 638
25.010000 1 524
25.010000 2 732
25.010000 3 741
25.010000 4 514
25.010000 5 741
25.010000 6 732
25.010000 7 633
25.010000 8 638
25.010000 9 741
26.010000 0 648
26.010000 1 549
26.010000 2 769
26.010000 3 776
26.010000 4 557
26.010000 5 774
26.010000 6 769
26.010000 7 679
26.010000 8 648
26.010000 9 771
27.010000 0 620
27.010000 1 524
27.010000 2 711
27.010000 3 719
27.010000 4 501
27.010000 5 717
27.010000 6 711
27.010000 7 617
27.010000 8 620
27.010000 9 715
28.010000 0 628
28.010000 1 545
28.010000 2 745
28.010000 3 755
28.010000 4 548
28.010000 5 750
28.010000 6 745
28.010000 7 652
28.010000 8 628
28.010000 9 753
29.010000 0 650
29.010000 1 541
29.010000 2 744
29.010000 3 755
29.010000 4 526
29.010000 5 761
29.010000 6 744
29.010000 7 645
29.010000 8 650
29.010000 9 754
30.010000 0 631
30.010000 1 535
30.010000 2 730
30.010000 3 747
30.010000 4 539
30.010000 5 734
30.010000 6 730
30.010000 7 654
30.010000 8 631
30.010000 9 736
31.010000 0 610
31.010000 1 522
31.010000 2 733
31.010000 3 733
31.010000 4 522
31.010000 5 739
31.010000 6 733
31.010000 7 634
31.010000 8 610
31.010000 9 736
32.010000 0 637
32.010000 1 539
32.010000 2 747
32.010000 3 761
32.010000 4 532
32.010000 5 751
32.010000 6 747
32.010000 7 646
32.010000 8 637
32.010000 9 749
33.010000 0 609
33.010000 1 516
33.010000 2 703
33.010000 3 715
33.010000 4 521
33.010000 5 712
33.010000 6 703
33.010000 7 623
33.010000 8 609
33.010000 9 711
34.010000 0 611
34.010000 1 511
34.010000 2 697
34.010000 3 706
34.010000 4 494
34.010000 5 704
34.010000 6 697
34.010000 7 606
34.010000 8 611
34.010000 9 704
35.010000 0 637
35.010000 1 528
35.010000 2 731
35.010000 3 748
35.010000 4 535
35.010000 5 742
35.010000 6 731
35.010000 7 648
35.010000 8 637
35.010000 9 744
36.010000 0 625
36.010000 1 529
36.010000 2 726
36.010000 3 736
36.010000 4 528
36.010000 5 732
36.010000 6 726
36.010000 7 637
36.010000 8 625
36.010000 9 730
37.010000 0 623
37.010000 1 518
37.010000 2 722
37.010000 3 732
37.010000 4 522
37.010000 5 730
37.010000 6 722
37.010000 7 642
37.010000 8 623
37.010000 9 726
38.010000 0 672
38.010000 1 576
38.010000 2 772
38.010000 3 781
38.010000 4 547
38.010000 5 778
38.010000 6 772
38.010000 7 655
38.010000 8 672
38.010000 9 777
39.010000 0 650
39.010000 1 547
39.010000 2 769
39.010000 3 781
39.010000 4 557
39.010000 5 773
39.010000 6 769
39.010000 7 680
39.010000 8 650
39.010000 9 773
40.010000 0 570
40.010000 1 484
40.010000 2 667
40.010000 3 676
40.010000 4 484
40.010000 5 675
40.010000 6 667
40.010000 7 589
40.010000 8 570
40.010000 9 678
41.010000 0 647
41.010000 1 552
41.010000 2 761
41.010000 3 759
41.010000 4 544
41.010000 5 755
41.010000 6 761
41.010000 7 661
41.010000 8 647
41.010000 9 760
42.010000 0 627
42.010000 1 542
42.010000 2 737
42.010000 3 751
42.010000 4 543
42.010000 5 752
42.010000 6 737
42.010000 7 652
42.010000 8 627
42.010000 9 744
43.010000 0 629
43.010000 1 531
43.010000 2 741
43.010000 3 754
43.010000 4 522
43.010000 5 739
43.010000 6 741
43.010000 7 637
43.010000 8 629
43.010000 9 739
44.010000 0 642
44.010000 1 548
44.010000 2 741
44.010000 3 748
44.010000 4 529
44.010000 5 747
44.010000 6 741
44.010000 7 646
44.010000 8 642
44.010000 9 747
45.010000 0 619
45.010000 1 527
45.010000 2 719
45.010000 3 728
45.010000 4 507
45.010000 5 726
45.010000 6 719
45.010000 7 609
45.010000 8 619
45.010000 9 724
46.010000 0 642
46.010000 1 532
46.010000 2 739
46.010000 3 748
46.010000 4 540
46.010000 5 745
46.010000 6 739
46.010000 7 658
46.010000 8 642
46.010000 9 744
47.010000 0 687
47.010000 1 589
47.010000 2 798
47.010000 3 808
47.010000 4 587
47.010000 5 808
47.010000 6 798
47.010000 7 708
47.010000 8 687
47.010000 9 811
48.010000 0 635
48.010000 1 529
48.010000 2 731
48.010000 3 747
48.010000 4 520
48.010000 5 738
48.010000 6 731
48.010000 7 636
48.010000 8 635
48.010000 9 735
49.010000 0 584
49.010000 1 496
49.010000 2 683
49.010000 3 687
49.010000 4 494
49.010000 5 691
49.010000 6 683
49.010000 7 604
49.010000 8 584
49.010000 9 689
50.010000 0 603
50.010000 1 497
50.010000 2 705
50.010000 3 713
50.010000 4 499
50.010000 5 714
50.010000 6 705
50.010000 7 609
50.010000 8 603
50.010000 9 707
51.010000 0 607
51.010000 1 516
51.010000 2 717
51.010000 3 719
51.010000 4 506
51.010000 5 720
51.010000 6 717
51.010000 7 617
51.010000 8 607
51.010000 9 715
52.010000 0 676
52.010000 1 573
52.010000 2 796
52.010000 3 803
52.010000 4 571
52.010000 5 798
52.010000 6 796
52.010000 7 692
52.010000 8 676
52.010000 9 796
53.010000 0 653
53.010000 1 544
53.010000 2 747
53.010000 3 756
53.010000 4 528
53.010000 5 754
53.010000 6 747
53.010000 7 649
53.010000 8 653
53.010000 9 752
54.010000 0 655
54.010000 1 566
54.010000 2 765
54.010000 3 780
54.010000 4 562
54.010000 5 765
54.010000 6 765
54.010000 7 673
54.010000 8 655
54.010000 9 771
55.010000 0 576
55.010000 1 504
55.010000 2 682
55.010000 3 690
55.010000 4 516
55.010000 5 693
55.010000 6 682
55.010000 7 611
55.010000 8 576
55.010000 9 691
56.010000 0 653
56.010000 1 536
56.010000 2 742
56.010000 3 740
56.010000 4 505
56.010000 5 744
56.010000 6 742
56.010000 7 634
56.010000 8 653
56.010000 9 745
57.010000 0 621
57.010000 1 532
57.010000 2 746
57.010000 3 762
57.010000 4 564
57.010000 5 762
57.010000 6 746
57.010000 7 660
57.010000 8 621
57.010000 9 757
58.010000 0 635
58.010000 1 533
58.010000 2 729
58.010000 3 736
58.010000 4 515
58.010000 5 732
58.010000 6 729
58.010000 7 631
58.010000 8 635
58.010000 9 732
59.010000 0 635
59.010000 1 534
59.010000 2 727
59.010000 3 739
59.010000 4 514
59.010000 5 734
59.010000 6 727
59.010000 7 625
59.010000 8 635
59.010000 9 742
60.010000 0 614
60.010000 1 523
60.010000 2 714
60.010000 3 731
60.010000 4 531
60.010000 5 724
60.010000 6 714
60.010000 7 635
60.010000 8 614
60.010000 9 722
61.010000 0 657
61.010000 1 552
61.010000 2 774
61.010000 3 776
61.010000 4 545
61.010000 5 766
61.010000 6 774
61.010000 7 671
61.010000 8 657
61.010000 9 768
62.010000 0 614
62.010000 1 532
62.010000 2 731
62.010000 3 736
62.010000 4 525
62.010000 5 734
62.010000 6 731
62.010000 7 631
62.010000 8 614
62.010000 9 740
63.010000 0 648
63.010000 1 547
63.010000 2 746
63.010000 3 762
63.010000 4 545
63.010000 5 756
63.010000 6 746
63.010000 7 659
63.010000 8 648
63.010000 9 748
64.010000 0 603
64.010000 1 519
64.010000 2 692
64.010000 3 702
64.010000 4 489
64.010000 5 701
64.010000 6 692
64.010000 7 597
64.010000 8 603
64.010000 9 702
65.010000 0 631
65.010000 1 518
65.010000 2 741
65.010000 3 754
65.010000 4 551
65.010000 5 752
65.010000 6 741
65.010000 7 678
65.010000 8 631
65.010000 9 744
66.010000 0 646
66.010000 1 546
66.010000 2 765
66.010000 3 765
66.010000 4 540
66.010000 5 764
66.010000 6 765
66.010000 7 651
66.010000 8 646
66.010000 9 769
67.010000 0 592
67.010000 1 490
67.010000 2 676
67.010000 3 689
67.010000 4 475
67.010000 5 689
67.010000 6 676
67.010000 7 585
67.010000 8 592
67.010000 9 690
68.010000 0 648
68.010000 1 553
68.010000 2 763
68.010000 3 775
68.010000 4 558
68.010000 5 765
68.010000 6 763
68.010000 7 673
68.010000 8 648
68.010000 9 767
69.010000 0 630
69.010000 1 523
69.010000 2 729
69.010000 3 748
69.010000 4 523
69.010000 5 732
69.010000 6 729
69.010000 7 639
69.010000 8 630
69.010000 9 726
70.010000 0 616
70.010000 1 532
70.010000 2 725
70.010000 3 727
70.010000 4 518
70.010000 5 732
70.010000 6 725
70.010000 7 629
70.010000 8 616
70.010000 9 736
71.010000 0 656
71.010000 1 560
71.010000 2 761
71.010000 3 770
71.010000 4 550
71.010000 5 768
71.010000 6 761
71.010000 7 667
71.010000 8 656
71.010000 9 763
72.010000 0 624
72.010000 1 534
72.010000 2 736
72.010000 3 745
72.010000 4 534
72.010000 5 739
72.010000 6 736
72.010000 7 639
72.010000 8 624
72.010000 9 741
73.010000 0 637
73.010000 1 530
73.010000 2 729
73.010000 3 740
73.010000 4 518
73.010000 5 734
73.010000 6 729
73.010000 7 637
73.010000 8 637
73.010000 9 732
74.010000 0 624
74.010000 1 531
74.010000 2 728
74.010000 3 736
74.010000 4 526
74.010000 5 735
74.010000 6 728
74.010000 7 635
74.010000 8 624
74.010000 9 735
75.010000 0 670
75.010000 1 572
75.010000 2 772
75.010000 3 786
75.010000 4 564
75.010000 5 774
75.010000 6 772
75.010000 7 685
75.010000 8 670
75.010000 9 777
76.010000 0 605
76.010000 1 513
76.010000 2 717
76.010000 3 718
76.010000 4 510
76.010000 5 718
76.010000 6 717
76.010000 7 614
76.010000 8 605
76.010000 9 722
77.010000 0 608
77.010000 1 508
77.010000 2 713
77.010000 3 717
77.010000 4 506
77.010000 5 723
77.010000 6 713
77.010000 7 626
77.010000 8 608
77.010000 9 716
78.010000 0 601
78.010000 1 506
78.010000 2 700
78.010000 3 710
78.010000 4 498
78.010000 5 705
78.010000 6 700
78.010000 7 612
78.010000 8 601
78.010000 9 701
79.010000 0 663
79.010000 1 560
79.010000 2 787
79.010000 3 788
79.010000 4 555
79.010000 5 786
79.010000 6 787
79.010000 7 670
79.010000 8 663
79.010000 9 784
80.010000 0 609
80.010000 1 509
80.010000 2 713
80.010000 3 721
80.010000 4 507
80.010000 5 715
80.010000 6 713
80.010000 7 623
80.010000 8 609
80.010000 9 713
81.010000 0 687
81.010000 1 590
81.010000 2 793
81.010000 3 803
81.010000 4 571
81.010000 5 801
81.010000 6 793
81.010000 7 694
81.010000 8 687
81.010000 9 801
82.010000 0 638
82.010000 1 543
82.010000 2 745
82.010000 3 756
82.010000 4 543
82.010000 5 752
82.010000 6 745
82.010000 7 654
82.010000 8 638
82.010000 9 752
83.010000 0 607
83.010000 1 508
83.010000 2 701
83.010000 3 709
83.010000 4 505
83.010000 5 709
83.010000 6 701
83.010000 7 612
83.010000 8 607
83.010000 9 703
84.010000 0 632
84.010000 1 517
84.010000 2 729
84.010000 3 737
84.010000 4 517
84.010000 5 733
84.010000 6 729
84.010000 7 642
84.010000 8 632
84.010000 9 729
85.010000 0 615
85.010000 1 523
85.010000 2 729
85.010000 3 741
85.010000 4 546
85.010000 5 737
85.010000 6 729
85.010000 7 659
85.010000 8 615
85.010000 9 728
86.010000 0 600
86.010000 1 507
86.010000 2 691
86.010000 3 693
86.010000 4 477
86.010000 5 694
86.010000 6 691
86.010000 7 583
86.010000 8 600
86.010000 9 690
87.010000 0 662
87.010000 1 556
87.010000 2 756
87.010000 3 769
87.010000 4 541
87.010000 5 764
87.010000 6 756
87.010000 7 662
87.010000 8 662
87.010000 9 764
88.010000 0 605
88.010000 1 502
88.010000 2 712
88.010000 3 720
88.010000 4 507
88.010000 5 716
88.010000 6 712
88.010000 7 623
88.010000 8 605
88.010000 9 718
89.010000 0 674
89.010000 1 570
89.010000 2 781
89.010000 3 788
89.010000 4 561
89.010000 5 798
89.010000 6 781
89.010000 7 680
89.010000 8 674
89.010000 9 790
90.010000 0 590
90.010000 1 512
90.010000 2 688
90.010000 3 698
90.010000 4 510
90.010000 5 706
90.010000 6 688
90.010000 7 611
90.010000 8 590
90.010000 9 704
91.010000 0 653
91.010000 1 549
91.010000 2 761
91.010000 3 772
91.010000 4 548
91.010000 5 761
91.010000 6 761
91.010000 7 675
91.010000 8 653
91.010000 9 762
92.010000 0 631
92.010000 1 550
92.010000 2 743
92.010000 3 753
92.010000 4 541
92.010000 5 749
92.010000 6 743
92.010000 7 645
92.010000 8 631
92.010000 9 750
93.010000 0 596
93.010000 1 484
93.010000 2 693
93.010000 3 699
93.010000 4 472
93.010000 5 698
93.010000 6 693
93.010000 7 589
93.010000 8 596
93.010000 9 690
94.010000 0 631
94.010000 1 530
94.010000 2 729
94.010000 3 738
94.010000 4 526
94.010000 5 729
94.010000 6 729
94.010000 7 644
94.010000 8 631
94.010000 9 730
95.010000 0 611
95.010000 1 524
95.010000 2 724
95.010000 3 734
95.010000 4 529
95.010000 5 732
95.010000 6 724
95.010000 7 629
95.010000 8 611
95.010000 9 739
96.010000 0 657
96.010000 1 555
96.010000 2 756
96.010000 3 762
96.010000 4 539
96.010000 5 762
96.010000 6 756
96.010000 7 660
96.010000 8 657
96.010000 9 762
97.010000 0 609
97.010000 1 505
97.010000 2 709
97.010000 3 719
97.010000 4 522
97.010000 5 728
97.010000 6 709
97.010000 7 627
97.010000 8 609
97.010000 9 719
98.010000 0 626
98.010000 1 538
98.010000 2 726
98.010000 3 732
98.010000 4 517
98.010000 5 731
98.010000 6 726
98.010000 7 623
98.010000 8 626
98.010000 9 729
99.010000 0 633
99.010000 1 538
99.010000 2 758
99.010000 3 763
99.010000 4 557
99.010000 5 757
99.010000 6 758
99.010000 7 666
99.010000 8 633
99.010000 9 760
100.010000 0 670
100.010000 1 569
100.010000 2 761
100.010000 3 781
100.010000 4 562
100.010000 5 771
100.010000 6 761
100.010000 7 686
100.010000 8 670
100.010000 9 765
101.010000 0 636
101.010000 1 540
101.010000 2 755
101.010000 3 756
101.010000 4 532
101.010000 5 756
101.010000 6 755
101.010000 7 652
101.010000 8 636
101.010000 9 756
102.010000 0 589
102.010000 1 477
102.010000 2 672
102.010000 3 679
102.010000 4 467
102.010000 5 680
102.010000 6 672
102.010000 7 579
102.010000 8 589
102.010000 9 673
103.010000 0 681
103.010000 1 580
103.010000 2 793
103.010000 3 804
103.010000 4 582
103.010000 5 797
103.010000 6 793
103.010000 7 697
103.010000 8 681
103.010000 9 799
104.010000 0 624
104.010000 1 527
104.010000 2 720
104.010000 3 729
104.010000 4 517
104.010000 5 727
104.010000 6 720
104.010000 7 625
104.010000 8 624
104.010000 9 725
105.010000 0 623
105.010000 1 533
105.010000 2 730
105.010000 3 737
105.010000 4 530
105.010000 5 737
105.010000 6 730
105.010000 7 638
105.010000 8 623
105.010000 9 736
106.010000 0 652
106.010000 1 549
106.010000 2 764
106.010000 3 776
106.010000 4 559
106.010000 5 769
106.010000 6 764
106.010000 7 672
106.010000 8 652
106.010000 9 768
107.010000 0 617
107.010000 1 518
107.010000 2 713
107.010000 3 718
107.010000 4 507
107.010000 5 712
107.010000 6 713
107.010000 7 617
107.010000 8 617
107.010000 9 715
108.010000 0 653
108.010000 1 551
108.010000 2 757
108.010000 3 768
108.010000 4 547
108.010000 5 767
108.010000 6 757
108.010000 7 666
108.010000 8 653
108.010000 9 765
109.010000 0 606
109.010000 1 516
109.010000 2 711
109.010000 3 721
109.010000 4 511
109.010000 5 717
109.010000 6 711
109.010000 7 620
109.010000 8 606
109.010000 9 722
110.010000 0 657
110.010000 1 551
110.010000 2 756
110.010000 3 767
110.010000 4 548
110.010000 5 762
110.010000 6 756
110.010000 7 665
110.010000 8 657
110.010000 9 754
111.010000 0 609
111.010000 1 511
111.010000 2 706
111.010000 3 715
111.010000 4 500
111.010000 5 712
111.010000 6 706
111.010000 7 614
111.010000 8 609
111.010000 9 715
112.010000 0 615
112.010000 1 514
112.010000 2 713
112.010000 3 722
112.010000 4 512
112.010000 5 719
112.010000 6 713
112.010000 7 623
112.010000 8 615
112.010000 9 727
113.010000 0 660
113.010000 1 558
113.010000 2 758
113.010000 3 768
113.010000 4 540
113.010000 5 764
113.010000 6 758
113.010000 7 655
113.010000 8 660
113.010000 9 764
114.010000 0 571
114.010000 1 484
114.010000 2 683
114.010000 3 695
114.010000 4 503
114.010000 5 689
114.010000 6 683
114.010000 7 602
114.010000 8 571
114.010000 9 687
115.010000 0 630
115.010000 1 529
115.010000 2 737
115.010000 3 747
115.010000 4 535
115.010000 5 741
115.010000 6 737
115.010000 7 640
115.010000 8 630
115.010000 9 733
116.010000 0 676
116.010000 1 572
116.010000 2 768
116.010000 3 777
116.010000 4 532
116.010000 5 773
116.010000 6 768
116.010000 7 659
116.010000 8 676
116.010000 9 773
117.010000 0 636
117.010000 1 541
117.010000 2 752
117.010000 3 765
117.010000 4 559
117.010000 5 763
117.010000 6 752
117.010000 7 669
117.010000 8 636
117.010000 9 761
118.010000 0 616
118.010000 1 521
118.010000 2 713
118.010000 3 723
118.010000 4 514
118.010000 5 726
118.010000 6 713
118.010000 7 633
118.010000 8 616
118.010000 9 727
119.010000 0 670
119.010000 1 567
119.010000 2 782
119.010000 3 790
119.010000 4 562
119.010000 5 788
119.010000 6 782
119.010000 7 681
119.010000 8 670
119.010000 9 781
120.010000 0 648
120.010000 1 538
120.010000 2 738
120.010000 3 754
120.010000 4 535
120.010000 5 748
120.010000 6 738
120.010000 7 650
120.010000 8 648
120.010000 9 744
121.010000 0 608
121.010000 1 519
121.010000 2 727
121.010000 3 733
121.010000 4 532
121.010000 5 731
121.010000 6 727
121.010000 7 644
121.010000 8 608
121.010000 9 728
122.010000 0 644
122.010000 1 547
122.010000 2 743
122.010000 3 752
122.010000 4 523
122.010000 5 746
122.010000 6 743
122.010000 7 640
122.010000 8 644
122.010000 9 746
123.010000 0 623
123.010000 1 528
123.010000 2 740
123.010000 3 745
123.010000 4 539
123.010000 5 743
123.010000 6 740
123.010000 7 646
123.010000 8 623
123.010000 9 742
124.010000 0 616
124.010000 1 507
124.010000 2 711
124.010000 3 717
124.010000 4 503
124.010000 5 720
124.010000 6 711
124.010000 7 624
124.010000 8 616
124.010000 9 712
125.010000 0 633
125.010000 1 545
125.010000 2 743
125.010000 3 748
125.010000 4 543
125.010000 5 746
125.010000 6 743
125.010000 7 649
125.010000 8 633
125.010000 9 748
126.010000 0 632
126.010000 1 537
126.010000 2 743
126.010000 3 751
126.010000 4 532
126.010000 5 751
126.010000 6 743
126.010000 7 645
126.010000 8 632
126.010000 9 750
127.010000 0 648
127.010000 1 540
127.010000 2 731
127.010000 3 740
127.010000 4 523
127.010000 5 739
127.010000 6 731
127.010000 7 640
127.010000 8 648
127.010000 9 745
128.010000 0 630
128.010000 1 531
128.010000 2 743
128.010000 3 749
128.010000 4 539
128.010000 5 749
128.010000 6 743
128.010000 7 648
128.010000 8 630
128.010000 9 745
129.010000 0 655
129.010000 1 552
129.010000 2 751
129.010000 3 767
129.010000 4 550
129.010000 5 763
129.010000 6 751
129.010000 7 668
129.010000 8 655
129.010000 9 754
130.010000 0 602
130.010000 1 507
130.010000 2 709
130.010000 3 718
130.010000 4 501
130.010000 5 710
130.010000 6 709
130.010000 7 611
130.010000 8 602
130.010000 9 717
131.010000 0 652
131.010000 1 545
131.010000 2 747
131.010000 3 760
131.010000 4 548
131.010000 5 756
131.010000 6 747
131.010000 7 659
131.010000 8 652
131.010000 9 744
132.010000 0 593
132.010000 1 490
132.010000 2 697
132.010000 3 698
132.010000 4 495
132.010000 5 706
132.010000 6 697
132.010000 7 605
132.010000 8 593
132.010000 9 707
133.010000 0 630
133.010000 1 529
133.010000 2 727
133.010000 3 745
133.010000 4 531
133.010000 5 740
133.010000 6 727
133.010000 7 641
133.010000 8 630
133.010000 9 735
134.010000 0 645
134.010000 1 560
134.010000 2 748
134.010000 3 758
134.010000 4 542
134.010000 5 753
134.010000 6 748
134.010000 7 650
134.010000 8 645
134.010000 9 755
135.010000 0 621
135.010000 1 528
135.010000 2 723
135.010000 3 733
135.010000 4 522
135.010000 5 731
135.010000 6 723
135.010000 7 637
135.010000 8 621
135.010000 9 727
136.010000 0 644
136.010000 1 541
136.010000 2 746
136.010000 3 758
136.010000 4 541
136.010000 5 758
136.010000 6 746
136.010000 7 656
136.010000 8 644
136.010000 9 753
137.010000 0 630
137.010000 1 537
137.010000 2 723
137.010000 3 732
137.010000 4 512
137.010000 5 728
137.010000 6 723
137.010000 7 625
137.010000 8 630
137.010000 9 728
138.010000 0 656
138.010000 1 537
138.010000 2 754
138.010000 3 762
138.010000 4 531
138.010000 5 758
138.010000 6 754
138.010000 7 657
138.010000 8 656
138.010000 9 756
139.010000 0 601
139.010000 1 509
139.010000 2 730
139.010000 3 739
139.010000 4 554
139.010000 5 738
139.010000 6 730
139.010000 7 652
139.010000 8 601
139.010000 9 734
140.010000 0 637
140.010000 1 535
140.010000 2 736
140.010000 3 742
140.010000 4 518
140.010000 5 742
140.010000 6 736
140.010000 7 638
140.010000 8 637
140.010000 9 737
141.010000 0 683
141.010000 1 571
141.010000 2 786
141.010000 3 788
141.010000 4 554
141.010000 5 791
141.010000 6 786
141.010000 7 682
141.010000 8 683
141.010000 9 787
142.010000 0 588
142.010000 1 491
142.010000 2 692
142.010000 3 697
142.010000 4 496
142.010000 5 697
142.010000 6 692
142.010000 7 607
142.010000 8 588
142.010000 9 702
143.010000 0 603
143.010000 1 505
143.010000 2 692
143.010000 3 699
143.010000 4 487
143.010000 5 693
143.010000 6 692
143.010000 7 599
143.010000 8 603
143.010000 9 692
144.010000 0 632
144.010000 1 545
144.010000 2 748
144.010000 3 756
144.010000 4 539
144.010000 5 758
144.010000 6 748
144.010000 7 651
144.010000 8 632
144.010000 9 754
145.010000 0 646
145.010000 1 542
145.010000 2 741
145.010000 3 754
145.010000 4 525
145.010000 5 744
145.010000 6 741
145.010000 7 644
145.010000 8 646
145.010000 9 745
146.010000 0 636
146.010000 1 530
146.010000 2 743
146.010000 3 750
146.010000 4 526
146.010000 5 756
146.010000 6 743
146.010000 7 646
146.010000 8 636
146.010000 9 754
147.010000 0 619
147.010000 1 520
147.010000 2 735
147.010000 3 742
147.010000 4 534
147.010000 5 743
147.010000 6 735
147.010000 7 652
147.010000 8 619
147.010000 9 740
148.010000 0 619
148.010000 1 520
148.010000 2 704
148.010000 3 714
148.010000 4 494
148.010000 5 710
148.010000 6 704
148.010000 7 608
148.010000 8 619
148.010000 9 706
149.010000 0 637
149.010000 1 534
149.010000 2 737
149.010000 3 755
149.010000 4 551
149.010000 5 751
149.010000 6 737
149.010000 7 664
149.010000 8 637
149.010000 9 747
