0.010000 0 0
0.010000 1 0
0.010000 2 0
0.010000 3 0
0.010000 4 0
0.010000 5 0
0.010000 6 0
0.010000 7 0
0.010000 8 0
0.010000 9 0
0.010000 10 0
0.010000 11 0
0.010000 12 0
0.010000 13 0
0.010000 14 0
0.010000 15 0
0.010000 16 0
0.010000 17 0
0.010000 18 0
0.010000 19 0
0.010000 20 0
0.010000 21 0
0.010000 22 0
0.010000 23 0
1.010000 0 0
1.010000 1 0
1.010000 2 0
1.010000 3 0
1.010000 4 0
1.010000 5 0
1.010000 6 0
1.010000 7 0
1.010000 8 0
1.010000 9 0
1.010000 10 0
1.010000 11 0
1.010000 12 0
1.010000 13 0
1.010000 14 0
1.010000 15 0
1.010000 16 0
1.010000 17 0
1.010000 18 0
1.010000 19 0
1.010000 20 0
1.010000 21 0
1.010000 22 0
1.010000 23 0
2.010000 0 0
2.010000 1 0
2.010000 2 0
2.010000 3 0
2.010000 4 0
2.010000 5 0
2.010000 6 0
2.010000 7 0
2.010000 8 0
2.010000 9 0
2.010000 10 0
2.010000 11 0
2.010000 12 0
2.010000 13 0
2.010000 14 0
2.010000 15 0
2.010000 16 0
2.010000 17 0
2.010000 18 0
2.010000 19 0
2.010000 20 0
2.010000 21 0
2.010000 22 0
2.010000 23 0
3.010000 0 0
3.010000 1 0
3.010000 2 0
3.010000 3 0
3.010000 4 0
3.010000 5 0
3.010000 6 0
3.010000 7 0
3.010000 8 0
3.010000 9 0
3.010000 10 0
3.010000 11 0
3.010000 12 0
3.010000 13 0
3.010000 14 0
3.010000 15 0
3.010000 16 0
3.010000 17 0
3.010000 18 0
3.010000 19 0
3.010000 20 0
3.010000 21 0
3.010000 22 0
3.010000 23 0
4.010000 0 0
4.010000 1 0
4.010000 2 0
4.010000 3 0
4.010000 4 0
4.010000 5 0
4.010000 6 0
4.010000 7 0
4.010000 8 0
4.010000 9 0
4.010000 10 0
4.010000 11 0
4.010000 12 0
4.010000 13 0
4.010000 14 0
4.010000 15 0
4.010000 16 0
4.010000 17 0
4.010000 18 0
4.010000 19 0
4.010000 20 0
4.010000 21 0
4.010000 22 0
4.010000 23 0
5.010000 0 0
5.010000 1 0
5.010000 2 0
5.010000 3 0
5.010000 4 0
5.010000 5 0
5.010000 6 0
5.010000 7 0
5.010000 8 0
5.010000 9 0
5.010000 10 0
5.010000 11 0
5.010000 12 0
5.010000 13 0
5.010000 14 0
5.010000 15 0
5.010000 16 0
5.010000 17 0
5.010000 18 0
5.010000 19 0
5.010000 20 0
5.010000 21 0
5.010000 22 0
5.010000 23 0
6.010000 0 0
6.010000 1 0
6.010000 2 0
6.010000 3 0
6.010000 4 0
6.010000 5 0
6.010000 6 0
6.010000 7 0
6.010000 8 0
6.010000 9 0
6.010000 10 0
6.010000 11 0
6.010000 12 0
6.010000 13 0
6.010000 14 0
6.010000 15 0
6.010000 16 0
6.010000 17 0
6.010000 18 0
6.010000 19 0
6.010000 20 0
6.010000 21 0
6.010000 22 0
6.010000 23 0
7.010000 0 0
7.010000 1 0
7.010000 2 0
7.010000 3 0
7.010000 4 0
7.010000 5 0
7.010000 6 0
7.010000 7 0
7.010000 8 0
7.010000 9 0
7.010000 10 0
7.010000 11 0
7.010000 12 0
7.010000 13 0
7.010000 14 0
7.010000 15 0
7.010000 16 0
7.010000 17 0
7.010000 18 0
7.010000 19 0
7.010000 20 0
7.010000 21 0
7.010000 22 0
7.010000 23 0
8.010000 0 0
8.010000 1 0
8.010000 2 0
8.010000 3 0
8.010000 4 0
8.010000 5 0
8.010000 6 0
8.010000 7 0
8.010000 8 0
8.010000 9 0
8.010000 10 0
8.010000 11 0
8.010000 12 0
8.010000 13 0
8.010000 14 0
8.010000 15 0
8.010000 16 0
8.010000 17 0
8.010000 18 0
8.010000 19 0
8.010000 20 0
8.010000 21 0
8.010000 22 0
8.010000 23 0
9.010000 0 0
9.010000 1 0
9.010000 2 0
9.010000 3 0
9.010000 4 0
9.010000 5 0
9.010000 6 0
9.010000 7 0
9.010000 8 0
9.010000 9 0
9.010000 10 0
9.010000 11 0
9.010000 12 0
9.010000 13 0
9.010000 14 0
9.010000 15 0
9.010000 16 0
9.010000 17 0
9.010000 18 0
9.010000 19 0
9.010000 20 0
9.010000 21 0
9.010000 22 0
9.010000 23 0
10.010000 0 0
10.010000 1 0
10.010000 2 0
10.010000 3 0
10.010000 4 0
10.010000 5 0
10.010000 6 0
10.010000 7 0
10.010000 8 0
10.010000 9 0
10.010000 10 0
10.010000 11 0
10.010000 12 0
10.010000 13 0
10.010000 14 0
10.010000 15 0
10.010000 16 0
10.010000 17 0
10.010000 18 0
10.010000 19 0
10.010000 20 0
10.010000 21 0
10.010000 22 0
10.010000 23 0
11.010000 0 0
11.010000 1 0
11.010000 2 0
11.010000 3 0
11.010000 4 0
11.010000 5 0
11.010000 6 0
11.010000 7 0
11.010000 8 0
11.010000 9 0
11.010000 10 0
11.010000 11 0
11.010000 12 0
11.010000 13 0
11.010000 14 0
11.010000 15 0
11.010000 16 0
11.010000 17 0
11.010000 18 0
11.010000 19 0
11.010000 20 0
11.010000 21 0
11.010000 22 0
11.010000 23 0
12.010000 0 0
12.010000 1 0
12.010000 2 0
12.010000 3 0
12.010000 4 0
12.010000 5 0
12.010000 6 0
12.010000 7 0
12.010000 8 0
12.010000 9 0
12.010000 10 0
12.010000 11 0
12.010000 12 0
12.010000 13 0
12.010000 14 0
12.010000 15 0
12.010000 16 0
12.010000 17 0
12.010000 18 0
12.010000 19 0
12.010000 20 0
12.010000 21 0
12.010000 22 0
12.010000 23 0
13.010000 0 0
13.010000 1 0
13.010000 2 0
13.010000 3 0
13.010000 4 0
13.010000 5 0
13.010000 6 0
13.010000 7 0
13.010000 8 0
13.010000 9 0
13.010000 10 0
13.010000 11 0
13.010000 12 0
13.010000 13 0
13.010000 14 0
13.010000 15 0
13.010000 16 0
13.010000 17 0
13.010000 18 0
13.010000 19 0
13.010000 20 0
13.010000 21 0
13.010000 22 0
13.010000 23 0
14.010000 0 0
14.010000 1 0
14.010000 2 0
14.010000 3 0
14.010000 4 0
14.010000 5 0
14.010000 6 0
14.010000 7 0
14.010000 8 0
14.010000 9 0
14.010000 10 0
14.010000 11 0
14.010000 12 0
14.010000 13 0
14.010000 14 0
14.010000 15 0
14.010000 16 0
14.010000 17 0
14.010000 18 0
14.010000 19 0
14.010000 20 0
14.010000 21 0
14.010000 22 0
14.010000 23 0
15.010000 0 0
15.010000 1 1
15.010000 2 1
15.010000 3 1
15.010000 4 1
15.010000 5 1
15.010000 6 1
15.010000 7 1
15.010000 8 1
15.010000 9 1
15.010000 10 1
15.010000 11 1
15.010000 12 1
15.010000 13 1
15.010000 14 0
15.010000 15 1
15.010000 16 1
15.010000 17 0
15.010000 18 0
15.010000 19 1
15.010000 20 1
15.010000 21 1
15.010000 22 1
15.010000 23 1
16.010000 0 797
16.010000 1 971
16.010000 2 958
16.010000 3 966
16.010000 4 663
16.010000 5 970
16.010000 6 971
16.010000 7 971
16.010000 8 971
16.010000 9 971
16.010000 10 681
16.010000 11 971
16.010000 12 966
16.010000 13 967
16.010000 14 807
16.010000 15 969
16.010000 16 826
16.010000 17 806
16.010000 18 807
16.010000 19 964
16.010000 20 963
16.010000 21 967
16.010000 22 967
16.010000 23 967
17.010000 0 797
17.010000 1 957
17.010000 2 957
17.010000 3 957
17.010000 4 641
17.010000 5 957
17.010000 6 957
17.010000 7 957
17.010000 8 957
17.010000 9 957
17.010000 10 638
17.010000 11 957
17.010000 12 957
17.010000 13 957
17.010000 14 797
17.010000 15 957
17.010000 16 795
17.010000 17 797
17.010000 18 797
17.010000 19 957
17.010000 20 957
17.010000 21 957
17.010000 22 957
17.010000 23 957
18.010000 0 812
18.010000 1 974
18.010000 2 974
18.010000 3 974
18.010000 4 649
18.010000 5 974
18.010000 6 974
18.010000 7 974
18.010000 8 974
18.010000 9 974
18.010000 10 649
18.010000 11 974
18.010000 12 974
18.010000 13 974
18.010000 14 812
18.010000 15 974
18.010000 16 812
18.010000 17 812
18.010000 18 812
18.010000 19 974
18.010000 20 974
18.010000 21 974
18.010000 22 974
18.010000 23 974
19.010000 0 807
19.010000 1 966
19.010000 2 966
19.010000 3 966
19.010000 4 644
19.010000 5 966
19.010000 6 966
19.010000 7 966
19.010000 8 966
19.010000 9 966
19.010000 10 642
19.010000 11 966
19.010000 12 966
19.010000 13 966
19.010000 14 807
19.010000 15 966
19.010000 16 805
19.010000 17 807
19.010000 18 807
19.010000 19 966
19.010000 20 966
19.010000 21 966
19.010000 22 966
19.010000 23 966
20.010000 0 807
20.010000 1 965
20.010000 2 965
20.010000 3 965
20.010000 4 646
20.010000 5 965
20.010000 6 965
20.010000 7 965
20.010000 8 965
20.010000 9 965
20.010000 10 641
20.010000 11 965
20.010000 12 965
20.010000 13 965
20.010000 14 807
20.010000 15 965
20.010000 16 801
20.010000 17 807
20.010000 18 807
20.010000 19 965
20.010000 20 965
20.010000 21 965
20.010000 22 965
20.010000 23 965
21.010000 0 820
21.010000 1 982
21.010000 2 982
21.010000 3 982
21.010000 4 661
21.010000 5 982
21.010000 6 982
21.010000 7 982
21.010000 8 982
21.010000 9 982
21.010000 10 651
21.010000 11 982
21.010000 12 982
21.010000 13 982
21.010000 14 820
21.010000 15 982
21.010000 16 814
21.010000 17 820
21.010000 18 820
21.010000 19 982
21.010000 20 982
21.010000 21 982
21.010000 22 982
21.010000 23 982
22.010000 0 814
22.010000 1 974
22.010000 2 974
22.010000 3 974
22.010000 4 650
22.010000 5 974
22.010000 6 974
22.010000 7 974
22.010000 8 974
22.010000 9 974
22.010000 10 647
22.010000 11 974
22.010000 12 974
22.010000 13 974
22.010000 14 814
22.010000 15 974
22.010000 16 811
22.010000 17 814
22.010000 18 814
22.010000 19 974
22.010000 20 974
22.010000 21 974
22.010000 22 974
22.010000 23 974
23.010000 0 807
23.010000 1 972
23.010000 2 972
23.010000 3 972
23.010000 4 647
23.010000 5 972
23.010000 6 972
23.010000 7 972
23.010000 8 972
23.010000 9 972
23.010000 10 652
23.010000 11 972
23.010000 12 972
23.010000 13 972
23.010000 14 807
23.010000 15 972
23.010000 16 810
23.010000 17 807
23.010000 18 807
23.010000 19 972
23.010000 20 972
23.010000 21 972
23.010000 22 972
23.010000 23 972
24.010000 0 793
24.010000 1 949
24.010000 2 949
24.010000 3 949
24.010000 4 636
24.010000 5 949
24.010000 6 949
24.010000 7 949
24.010000 8 949
24.010000 9 949
24.010000 10 630
24.010000 11 949
24.010000 12 949
24.010000 13 949
24.010000 14 793
24.010000 15 949
24.010000 16 788
24.010000 17 793
24.010000 18 793
24.010000 19 949
24.010000 20 949
24.010000 21 949
24.010000 22 949
24.010000 23 949
25.010000 0 816
25.010000 1 992
25.010000 2 992
25.010000 3 992
25.010000 4 654
25.010000 5 992
25.010000 6 992
25.010000 7 992
25.010000 8 992
25.010000 9 992
25.010000 10 672
25.010000 11 992
25.010000 12 992
25.010000 13 992
25.010000 14 816
25.010000 15 992
25.010000 16 834
25.010000 17 816
25.010000 18 816
25.010000 19 992
25.010000 20 992
25.010000 21 992
25.010000 22 992
25.010000 23 992
26.010000 0 809
26.010000 1 974
26.010000 2 974
26.010000 3 974
26.010000 4 648
26.010000 5 974
26.010000 6 974
26.010000 7 974
26.010000 8 974
26.010000 9 974
26.010000 10 652
26.010000 11 974
26.010000 12 974
26.010000 13 974
26.010000 14 809
26.010000 15 974
26.010000 16 813
26.010000 17 809
26.010000 18 809
26.010000 19 974
26.010000 20 974
26.010000 21 974
26.010000 22 974
26.010000 23 974
27.010000 0 803
27.010000 1 957
27.010000 2 957
27.010000 3 957
27.010000 4 639
27.010000 5 957
27.010000 6 957
27.010000 7 957
27.010000 8 957
27.010000 9 957
27.010000 10 634
27.010000 11 957
27.010000 12 957
27.010000 13 957
27.010000 14 803
27.010000 15 957
27.010000 16 795
27.010000 17 803
27.010000 18 803
27.010000 19 957
27.010000 20 957
27.010000 21 957
27.010000 22 957
27.010000 23 957
28.010000 0 819
28.010000 1 984
28.010000 2 984
28.010000 3 984
28.010000 4 657
28.010000 5 984
28.010000 6 984
28.010000 7 984
28.010000 8 984
28.010000 9 984
28.010000 10 656
28.010000 11 984
28.010000 12 984
28.010000 13 984
28.010000 14 819
28.010000 15 984
28.010000 16 820
28.010000 17 819
28.010000 18 819
28.010000 19 984
28.010000 20 984
28.010000 21 984
28.010000 22 984
28.010000 23 984
29.010000 0 817
29.010000 1 977
29.010000 2 977
29.010000 3 977
29.010000 4 651
29.010000 5 977
29.010000 6 977
29.010000 7 977
29.010000 8 977
29.010000 9 977
29.010000 10 649
29.010000 11 977
29.010000 12 977
29.010000 13 977
29.010000 14 817
29.010000 15 977
29.010000 16 814
29.010000 17 817
29.010000 18 817
29.010000 19 977
29.010000 20 977
29.010000 21 977
29.010000 22 977
29.010000 23 977
30.010000 0 785
30.010000 1 955
30.010000 2 955
30.010000 3 955
30.010000 4 637
30.010000 5 955
30.010000 6 955
30.010000 7 955
30.010000 8 955
30.010000 9 955
30.010000 10 646
30.010000 11 955
30.010000 12 955
30.010000 13 955
30.010000 14 785
30.010000 15 955
30.010000 16 797
30.010000 17 785
30.010000 18 785
30.010000 19 955
30.010000 20 955
30.010000 21 955
30.010000 22 955
30.010000 23 955
31.010000 0 815
31.010000 1 974
31.010000 2 974
31.010000 3 974
31.010000 4 660
31.010000 5 974
31.010000 6 974
31.010000 7 974
31.010000 8 974
31.010000 9 974
31.010000 10 645
31.010000 11 974
31.010000 12 974
31.010000 13 974
31.010000 14 815
31.010000 15 974
31.010000 16 802
31.010000 17 815
31.010000 18 815
31.010000 19 974
31.010000 20 974
31.010000 21 974
31.010000 22 974
31.010000 23 974
32.010000 0 806
32.010000 1 960
32.010000 2 960
32.010000 3 960
32.010000 4 642
32.010000 5 960
32.010000 6 960
32.010000 7 960
32.010000 8 960
32.010000 9 960
32.010000 10 635
32.010000 11 960
32.010000 12 960
32.010000 13 960
32.010000 14 806
32.010000 15 960
32.010000 16 797
32.010000 17 806
32.010000 18 806
32.010000 19 960
32.010000 20 960
32.010000 21 960
32.010000 22 960
32.010000 23 960
33.010000 0 821
33.010000 1 994
33.010000 2 994
33.010000 3 994
33.010000 4 655
33.010000 5 994
33.010000 6 994
33.010000 7 994
33.010000 8 994
33.010000 9 994
33.010000 10 669
33.010000 11 994
33.010000 12 994
33.010000 13 994
33.010000 14 821
33.010000 15 994
33.010000 16 837
33.010000 17 821
33.010000 18 821
33.010000 19 994
33.010000 20 994
33.010000 21 994
33.010000 22 994
33.010000 23 994
34.010000 0 807
34.010000 1 967
34.010000 2 967
34.010000 3 967
34.010000 4 648
34.010000 5 967
34.010000 6 967
34.010000 7 967
34.010000 8 967
34.010000 9 967
34.010000 10 644
34.010000 11 967
34.010000 12 967
34.010000 13 967
34.010000 14 807
34.010000 15 967
34.010000 16 802
34.010000 17 807
34.010000 18 807
34.010000 19 967
34.010000 20 967
34.010000 21 967
34.010000 22 967
34.010000 23 967
35.010000 0 835
35.010000 1 1004
35.010000 2 1004
35.010000 3 1004
35.010000 4 667
35.010000 5 1004
35.010000 6 1004
35.010000 7 1004
35.010000 8 1004
35.010000 9 1004
35.010000 10 670
35.010000 11 1004
35.010000 12 1004
35.010000 13 1004
35.010000 14 835
35.010000 15 1004
35.010000 16 840
35.010000 17 835
35.010000 18 835
35.010000 19 1004
35.010000 20 1004
35.010000 21 1004
35.010000 22 1004
35.010000 23 1004
36.010000 0 790
36.010000 1 959
36.010000 2 959
36.010000 3 959
36.010000 4 638
36.010000 5 959
36.010000 6 959
36.010000 7 959
36.010000 8 959
36.010000 9 959
36.010000 10 647
36.010000 11 959
36.010000 12 959
36.010000 13 959
36.010000 14 790
36.010000 15 959
36.010000 16 802
36.010000 17 790
36.010000 18 790
36.010000 19 959
36.010000 20 959
36.010000 21 959
36.010000 22 959
36.010000 23 959
37.010000 0 824
37.010000 1 982
37.010000 2 982
37.010000 3 982
37.010000 4 657
37.010000 5 982
37.010000 6 982
37.010000 7 982
37.010000 8 982
37.010000 9 982
37.010000 10 648
37.010000 11 982
37.010000 12 982
37.010000 13 982
37.010000 14 824
37.010000 15 982
37.010000 16 817
37.010000 17 824
37.010000 18 824
37.010000 19 982
37.010000 20 982
37.010000 21 982
37.010000 22 982
37.010000 23 982
38.010000 0 796
38.010000 1 952
38.010000 2 952
38.010000 3 952
38.010000 4 639
38.010000 5 952
38.010000 6 952
38.010000 7 952
38.010000 8 952
38.010000 9 952
38.010000 10 631
38.010000 11 952
38.010000 12 952
38.010000 13 952
38.010000 14 796
38.010000 15 952
38.010000 16 790
38.010000 17 796
38.010000 18 796
38.010000 19 952
38.010000 20 952
38.010000 21 952
38.010000 22 952
38.010000 23 952
39.010000 0 816
39.010000 1 974
39.010000 2 974
39.010000 3 974
39.010000 4 653
39.010000 5 974
39.010000 6 974
39.010000 7 974
39.010000 8 974
39.010000 9 974
39.010000 10 646
39.010000 11 974
39.010000 12 974
39.010000 13 974
39.010000 14 816
39.010000 15 974
39.010000 16 807
39.010000 17 816
39.010000 18 816
39.010000 19 974
39.010000 20 974
39.010000 21 974
39.010000 22 974
39.010000 23 974
40.010000 0 814
40.010000 1 981
40.010000 2 981
40.010000 3 981
40.010000 4 656
40.010000 5 981
40.010000 6 981
40.010000 7 981
40.010000 8 981
40.010000 9 981
40.010000 10 657
40.010000 11 981
40.010000 12 981
40.010000 13 981
40.010000 14 814
40.010000 15 981
40.010000 16 816
40.010000 17 814
40.010000 18 814
40.010000 19 981
40.010000 20 981
40.010000 21 981
40.010000 22 981
40.010000 23 981
41.010000 0 804
41.010000 1 973
41.010000 2 973
41.010000 3 973
41.010000 4 642
41.010000 5 973
41.010000 6 973
41.010000 7 973
41.010000 8 973
41.010000 9 973
41.010000 10 655
41.010000 11 973
41.010000 12 973
41.010000 13 973
41.010000 14 804
41.010000 15 973
41.010000 16 818
41.010000 17 804
41.010000 18 804
41.010000 19 973
41.010000 20 973
41.010000 21 973
41.010000 22 973
41.010000 23 973
42.010000 0 823
42.010000 1 984
42.010000 2 984
42.010000 3 984
42.010000 4 660
42.010000 5 984
42.010000 6 984
42.010000 7 984
42.010000 8 984
42.010000 9 984
42.010000 10 652
42.010000 11 984
42.010000 12 984
42.010000 13 984
42.010000 14 823
42.010000 15 984
42.010000 16 817
42.010000 17 823
42.010000 18 823
42.010000 19 984
42.010000 20 984
42.010000 21 984
42.010000 22 984
42.010000 23 984
43.010000 0 815
43.010000 1 982
43.010000 2 982
43.010000 3 982
43.010000 4 650
43.010000 5 982
43.010000 6 982
43.010000 7 982
43.010000 8 982
43.010000 9 982
43.010000 10 658
43.010000 11 982
43.010000 12 982
43.010000 13 982
43.010000 14 815
43.010000 15 982
43.010000 16 823
43.010000 17 815
43.010000 18 815
43.010000 19 982
43.010000 20 982
43.010000 21 982
43.010000 22 982
43.010000 23 982
44.010000 0 781
44.010000 1 942
44.010000 2 942
44.010000 3 942
44.010000 4 627
44.010000 5 942
44.010000 6 942
44.010000 7 942
44.010000 8 942
44.010000 9 942
44.010000 10 632
44.010000 11 942
44.010000 12 942
44.010000 13 942
44.010000 14 781
44.010000 15 942
44.010000 16 786
44.010000 17 781
44.010000 18 781
44.010000 19 942
44.010000 20 942
44.010000 21 942
44.010000 22 942
44.010000 23 942
45.010000 0 804
45.010000 1 976
45.010000 2 976
45.010000 3 976
45.010000 4 644
45.010000 5 976
45.010000 6 976
45.010000 7 976
45.010000 8 976
45.010000 9 976
45.010000 10 660
45.010000 11 976
45.010000 12 976
45.010000 13 976
45.010000 14 804
45.010000 15 976
45.010000 16 820
45.010000 17 804
45.010000 18 804
45.010000 19 976
45.010000 20 976
45.010000 21 976
45.010000 22 976
45.010000 23 976
46.010000 0 818
46.010000 1 980
46.010000 2 980
46.010000 3 980
46.010000 4 657
46.010000 5 980
46.010000 6 980
46.010000 7 980
46.010000 8 980
46.010000 9 980
46.010000 10 652
46.010000 11 980
46.010000 12 980
46.010000 13 980
46.010000 14 818
46.010000 15 980
46.010000 16 813
46.010000 17 818
46.010000 18 818
46.010000 19 980
46.010000 20 980
46.010000 21 980
46.010000 22 980
46.010000 23 980
47.010000 0 818
47.010000 1 977
47.010000 2 977
47.010000 3 977
47.010000 4 653
47.010000 5 977
47.010000 6 977
47.010000 7 977
47.010000 8 977
47.010000 9 977
47.010000 10 647
47.010000 11 977
47.010000 12 977
47.010000 13 977
47.010000 14 818
47.010000 15 977
47.010000 16 813
47.010000 17 818
47.010000 18 818
47.010000 19 977
47.010000 20 977
47.010000 21 977
47.010000 22 977
47.010000 23 977
48.010000 0 818
48.010000 1 982
48.010000 2 982
48.010000 3 982
48.010000 4 656
48.010000 5 982
48.010000 6 982
48.010000 7 982
48.010000 8 982
48.010000 9 982
48.010000 10 656
48.010000 11 982
48.010000 12 982
48.010000 13 982
48.010000 14 818
48.010000 15 982
48.010000 16 816
48.010000 17 818
48.010000 18 818
48.010000 19 982
48.010000 20 982
48.010000 21 982
48.010000 22 982
48.010000 23 982
49.010000 0 788
49.010000 1 957
49.010000 2 957
49.010000 3 957
49.010000 4 634
49.010000 5 957
49.010000 6 957
49.010000 7 957
49.010000 8 957
49.010000 9 957
49.010000 10 647
49.010000 11 957
49.010000 12 957
49.010000 13 957
49.010000 14 788
49.010000 15 957
49.010000 16 802
49.010000 17 788
49.010000 18 788
49.010000 19 957
49.010000 20 957
49.010000 21 957
49.010000 22 957
49.010000 23 957
50.010000 0 826
50.010000 1 977
50.010000 2 977
50.010000 3 977
50.010000 4 655
50.010000 5 977
50.010000 6 977
50.010000 7 977
50.010000 8 977
50.010000 9 977
50.010000 10 640
50.010000 11 977
50.010000 12 977
50.010000 13 977
50.010000 14 826
50.010000 15 977
50.010000 16 810
50.010000 17 826
50.010000 18 826
50.010000 19 977
50.010000 20 977
50.010000 21 977
50.010000 22 977
50.010000 23 977
51.010000 0 811
51.010000 1 977
51.010000 2 977
51.010000 3 977
51.010000 4 649
51.010000 5 977
51.010000 6 977
51.010000 7 977
51.010000 8 977
51.010000 9 977
51.010000 10 655
51.010000 11 977
51.010000 12 977
51.010000 13 977
51.010000 14 811
51.010000 15 977
51.010000 16 816
51.010000 17 811
51.010000 18 811
51.010000 19 977
51.010000 20 977
51.010000 21 977
51.010000 22 977
51.010000 23 977
52.010000 0 799
52.010000 1 965
52.010000 2 965
52.010000 3 965
52.010000 4 640
52.010000 5 965
52.010000 6 965
52.010000 7 965
52.010000 8 965
52.010000 9 965
52.010000 10 648
52.010000 11 965
52.010000 12 965
52.010000 13 965
52.010000 14 799
52.010000 15 965
52.010000 16 808
52.010000 17 799
52.010000 18 799
52.010000 19 965
52.010000 20 965
52.010000 21 965
52.010000 22 965
52.010000 23 965
53.010000 0 814
53.010000 1 978
53.010000 2 978
53.010000 3 978
53.010000 4 655
53.010000 5 978
53.010000 6 978
53.010000 7 978
53.010000 8 978
53.010000 9 978
53.010000 10 653
53.010000 11 978
53.010000 12 978
53.010000 13 978
53.010000 14 814
53.010000 15 978
53.010000 16 812
53.010000 17 814
53.010000 18 814
53.010000 19 978
53.010000 20 978
53.010000 21 978
53.010000 22 978
53.010000 23 978
54.010000 0 803
54.010000 1 967
54.010000 2 967
54.010000 3 967
54.010000 4 648
54.010000 5 967
54.010000 6 967
54.010000 7 967
54.010000 8 967
54.010000 9 967
54.010000 10 646
54.010000 11 967
54.010000 12 967
54.010000 13 967
54.010000 14 803
54.010000 15 967
54.010000 16 804
54.010000 17 803
54.010000 18 803
54.010000 19 967
54.010000 20 967
54.010000 21 967
54.010000 22 967
54.010000 23 967
55.010000 0 796
55.010000 1 958
55.010000 2 958
55.010000 3 958
55.010000 4 642
55.010000 5 958
55.010000 6 958
55.010000 7 958
55.010000 8 958
55.010000 9 958
55.010000 10 639
55.010000 11 958
55.010000 12 958
55.010000 13 958
55.010000 14 796
55.010000 15 958
55.010000 16 797
55.010000 17 796
55.010000 18 796
55.010000 19 958
55.010000 20 958
55.010000 21 958
55.010000 22 958
55.010000 23 958
56.010000 0 815
56.010000 1 984
56.010000 2 984
56.010000 3 984
56.010000 4 652
56.010000 5 984
56.010000 6 984
56.010000 7 984
56.010000 8 984
56.010000 9 984
56.010000 10 661
56.010000 11 984
56.010000 12 984
56.010000 13 984
56.010000 14 815
56.010000 15 984
56.010000 16 824
56.010000 17 815
56.010000 18 815
56.010000 19 984
56.010000 20 984
56.010000 21 984
56.010000 22 984
56.010000 23 984
57.010000 0 813
57.010000 1 968
57.010000 2 968
57.010000 3 968
57.010000 4 648
57.010000 5 968
57.010000 6 968
57.010000 7 968
57.010000 8 968
57.010000 9 968
57.010000 10 640
57.010000 11 968
57.010000 12 968
57.010000 13 968
57.010000 14 813
57.010000 15 968
57.010000 16 803
57.010000 17 813
57.010000 18 813
57.010000 19 968
57.010000 20 968
57.010000 21 968
57.010000 22 968
57.010000 23 968
58.010000 0 808
58.010000 1 969
58.010000 2 969
58.010000 3 969
58.010000 4 652
58.010000 5 969
58.010000 6 969
58.010000 7 969
58.010000 8 969
58.010000 9 969
58.010000 10 644
58.010000 11 969
58.010000 12 969
58.010000 13 969
58.010000 14 808
58.010000 15 969
58.010000 16 803
58.010000 17 808
58.010000 18 808
58.010000 19 969
58.010000 20 969
58.010000 21 969
58.010000 22 969
58.010000 23 969
59.010000 0 840
59.010000 1 1004
59.010000 2 1004
59.010000 3 1004
59.010000 4 671
59.010000 5 1004
59.010000 6 1004
59.010000 7 1004
59.010000 8 1004
59.010000 9 1004
59.010000 10 666
59.010000 11 1004
59.010000 12 1004
59.010000 13 1004
59.010000 14 840
59.010000 15 1004
59.010000 16 835
59.010000 17 840
59.010000 18 840
59.010000 19 1004
59.010000 20 1004
59.010000 21 1004
59.010000 22 1004
59.010000 23 1004
60.010000 0 789
60.010000 1 954
60.010000 2 954
60.010000 3 954
60.010000 4 630
60.010000 5 954
60.010000 6 954
60.010000 7 954
60.010000 8 954
60.010000 9 954
60.010000 10 643
60.010000 11 954
60.010000 12 954
60.010000 13 954
60.010000 14 789
60.010000 15 954
60.010000 16 800
60.010000 17 789
60.010000 18 789
60.010000 19 954
60.010000 20 954
60.010000 21 954
60.010000 22 954
60.010000 23 954
61.010000 0 823
61.010000 1 985
61.010000 2 985
61.010000 3 985
61.010000 4 660
61.010000 5 985
61.010000 6 985
61.010000 7 985
61.010000 8 985
61.010000 9 985
61.010000 10 654
61.010000 11 985
61.010000 12 985
61.010000 13 985
61.010000 14 823
61.010000 15 985
61.010000 16 818
61.010000 17 823
61.010000 18 823
61.010000 19 985
61.010000 20 985
61.010000 21 985
61.010000 22 985
61.010000 23 985
62.010000 0 814
62.010000 1 981
62.010000 2 981
62.010000 3 981
62.010000 4 650
62.010000 5 981
62.010000 6 981
62.010000 7 981
62.010000 8 981
62.010000 9 981
62.010000 10 658
62.010000 11 981
62.010000 12 981
62.010000 13 981
62.010000 14 814
62.010000 15 981
62.010000 16 821
62.010000 17 814
62.010000 18 814
62.010000 19 981
62.010000 20 981
62.010000 21 981
62.010000 22 981
62.010000 23 981
63.010000 0 817
63.010000 1 963
63.010000 2 963
63.010000 3 963
63.010000 4 653
63.010000 5 963
63.010000 6 963
63.010000 7 963
63.010000 8 963
63.010000 9 963
63.010000 10 628
63.010000 11 963
63.010000 12 963
63.010000 13 963
63.010000 14 817
63.010000 15 963
63.010000 16 791
63.010000 17 817
63.010000 18 817
63.010000 19 963
63.010000 20 963
63.010000 21 963
63.010000 22 963
63.010000 23 963
64.010000 0 789
64.010000 1 964
64.010000 2 964
64.010000 3 964
64.010000 4 634
64.010000 5 964
64.010000 6 964
64.010000 7 964
64.010000 8 964
64.010000 9 964
64.010000 10 656
64.010000 11 964
64.010000 12 964
64.010000 13 964
64.010000 14 789
64.010000 15 964
64.010000 16 813
64.010000 17 789
64.010000 18 789
64.010000 19 964
64.010000 20 964
64.010000 21 964
64.010000 22 964
64.010000 23 964
65.010000 0 803
65.010000 1 966
65.010000 2 966
65.010000 3 966
65.010000 4 641
65.010000 5 966
65.010000 6 966
65.010000 7 966
65.010000 8 966
65.010000 9 966
65.010000 10 645
65.010000 11 966
65.010000 12 966
65.010000 13 966
65.010000 14 803
65.010000 15 966
65.010000 16 809
65.010000 17 803
65.010000 18 803
65.010000 19 966
65.010000 20 966
65.010000 21 966
65.010000 22 966
65.010000 23 966
66.010000 0 805
66.010000 1 968
66.010000 2 968
66.010000 3 968
66.010000 4 640
66.010000 5 968
66.010000 6 968
66.010000 7 968
66.010000 8 968
66.010000 9 968
66.010000 10 648
66.010000 11 968
66.010000 12 968
66.010000 13 968
66.010000 14 805
66.010000 15 968
66.010000 16 811
66.010000 17 805
66.010000 18 805
66.010000 19 968
66.010000 20 968
66.010000 21 968
66.010000 22 968
66.010000 23 968
67.010000 0 828
67.010000 1 982
67.010000 2 982
67.010000 3 982
67.010000 4 666
67.010000 5 982
67.010000 6 982
67.010000 7 982
67.010000 8 982
67.010000 9 982
67.010000 10 645
67.010000 11 982
67.010000 12 982
67.010000 13 982
67.010000 14 828
67.010000 15 982
67.010000 16 807
67.010000 17 828
67.010000 18 828
67.010000 19 982
67.010000 20 982
67.010000 21 982
67.010000 22 982
67.010000 23 982
68.010000 0 793
68.010000 1 966
68.010000 2 966
68.010000 3 966
68.010000 4 633
68.010000 5 966
68.010000 6 966
68.010000 7 966
68.010000 8 966
68.010000 9 966
68.010000 10 656
68.010000 11 966
68.010000 12 966
68.010000 13 966
68.010000 14 793
68.010000 15 966
68.010000 16 816
68.010000 17 793
68.010000 18 793
68.010000 19 966
68.010000 20 966
68.010000 21 966
68.010000 22 966
68.010000 23 966
69.010000 0 824
69.010000 1 984
69.010000 2 984
69.010000 3 984
69.010000 4 667
69.010000 5 984
69.010000 6 984
69.010000 7 984
69.010000 8 984
69.010000 9 984
69.010000 10 651
69.010000 11 984
69.010000 12 984
69.010000 13 984
69.010000 14 824
69.010000 15 984
69.010000 16 810
69.010000 17 824
69.010000 18 824
69.010000 19 984
69.010000 20 984
69.010000 21 984
69.010000 22 984
69.010000 23 984
70.010000 0 822
70.010000 1 996
70.010000 2 996
70.010000 3 996
70.010000 4 657
70.010000 5 996
70.010000 6 996
70.010000 7 996
70.010000 8 996
70.010000 9 996
70.010000 10 669
70.010000 11 996
70.010000 12 996
70.010000 13 996
70.010000 14 822
70.010000 15 996
70.010000 16 840
70.010000 17 822
70.010000 18 822
70.010000 19 996
70.010000 20 996
70.010000 21 996
70.010000 22 996
70.010000 23 996
71.010000 0 798
71.010000 1 953
71.010000 2 953
71.010000 3 953
71.010000 4 648
71.010000 5 953
71.010000 6 953
71.010000 7 953
71.010000 8 953
71.010000 9 953
71.010000 10 632
71.010000 11 953
71.010000 12 953
71.010000 13 953
71.010000 14 798
71.010000 15 953
71.010000 16 781
71.010000 17 798
71.010000 18 798
71.010000 19 953
71.010000 20 953
71.010000 21 953
71.010000 22 953
71.010000 23 953
72.010000 0 798
72.010000 1 959
72.010000 2 959
72.010000 3 959
72.010000 4 631
72.010000 5 959
72.010000 6 959
72.010000 7 959
72.010000 8 959
72.010000 9 959
72.010000 10 641
72.010000 11 959
72.010000 12 959
72.010000 13 959
72.010000 14 798
72.010000 15 959
72.010000 16 807
72.010000 17 798
72.010000 18 798
72.010000 19 959
72.010000 20 959
72.010000 21 959
72.010000 22 959
72.010000 23 959
73.010000 0 840
73.010000 1 1003
73.010000 2 1003
73.010000 3 1003
73.010000 4 675
73.010000 5 1003
73.010000 6 1003
73.010000 7 1003
73.010000 8 1003
73.010000 9 1003
73.010000 10 664
73.010000 11 1003
73.010000 12 1003
73.010000 13 1003
73.010000 14 840
73.010000 15 1003
73.010000 16 830
73.010000 17 840
73.010000 18 840
73.010000 19 1003
73.010000 20 1003
73.010000 21 1003
73.010000 22 1003
73.010000 23 1003
74.010000 0 778
74.010000 1 942
74.010000 2 942
74.010000 3 942
74.010000 4 620
74.010000 5 942
74.010000 6 942
74.010000 7 942
74.010000 8 942
74.010000 9 942
74.010000 10 635
74.010000 11 942
74.010000 12 942
74.010000 13 942
74.010000 14 778
74.010000 15 942
74.010000 16 793
74.010000 17 778
74.010000 18 778
74.010000 19 942
74.010000 20 942
74.010000 21 942
74.010000 22 942
74.010000 23 942
75.010000 0 824
75.010000 1 991
75.010000 2 991
75.010000 3 991
75.010000 4 662
75.010000 5 991
75.010000 6 991
75.010000 7 991
75.010000 8 991
75.010000 9 991
75.010000 10 663
75.010000 11 991
75.010000 12 991
75.010000 13 991
75.010000 14 824
75.010000 15 991
75.010000 16 824
75.010000 17 824
75.010000 18 824
75.010000 19 991
75.010000 20 991
75.010000 21 991
75.010000 22 991
75.010000 23 991
76.010000 0 791
76.010000 1 956
76.010000 2 956
76.010000 3 956
76.010000 4 637
76.010000 5 956
76.010000 6 956
76.010000 7 956
76.010000 8 956
76.010000 9 956
76.010000 10 643
76.010000 11 956
76.010000 12 956
76.010000 13 956
76.010000 14 791
76.010000 15 956
76.010000 16 797
76.010000 17 791
76.010000 18 791
76.010000 19 956
76.010000 20 956
76.010000 21 956
76.010000 22 956
76.010000 23 956
77.010000 0 819
77.010000 1 980
77.010000 2 980
77.010000 3 980
77.010000 4 658
77.010000 5 980
77.010000 6 980
77.010000 7 980
77.010000 8 980
77.010000 9 980
77.010000 10 650
77.010000 11 980
77.010000 12 980
77.010000 13 980
77.010000 14 819
77.010000 15 980
77.010000 16 813
77.010000 17 819
77.010000 18 819
77.010000 19 980
77.010000 20 980
77.010000 21 980
77.010000 22 980
77.010000 23 980
78.010000 0 819
78.010000 1 982
78.010000 2 982
78.010000 3 982
78.010000 4 650
78.010000 5 982
78.010000 6 982
78.010000 7 982
78.010000 8 982
78.010000 9 982
78.010000 10 654
78.010000 11 982
78.010000 12 982
78.010000 13 982
78.010000 14 819
78.010000 15 982
78.010000 16 823
78.010000 17 819
78.010000 18 819
78.010000 19 982
78.010000 20 982
78.010000 21 982
78.010000 22 982
78.010000 23 982
79.010000 0 819
79.010000 1 971
79.010000 2 971
79.010000 3 971
79.010000 4 656
79.010000 5 971
79.010000 6 971
79.010000 7 971
79.010000 8 971
79.010000 9 971
79.010000 10 637
79.010000 11 971
79.010000 12 971
79.010000 13 971
79.010000 14 819
79.010000 15 971
79.010000 16 801
79.010000 17 819
79.010000 18 819
79.010000 19 971
79.010000 20 971
79.010000 21 971
79.010000 22 971
79.010000 23 971
80.010000 0 800
80.010000 1 969
80.010000 2 969
80.010000 3 969
80.010000 4 641
80.010000 5 969
80.010000 6 969
80.010000 7 969
80.010000 8 969
80.010000 9 969
80.010000 10 655
80.010000 11 969
80.010000 12 969
80.010000 13 969
80.010000 14 800
80.010000 15 969
80.010000 16 811
80.010000 17 800
80.010000 18 800
80.010000 19 969
80.010000 20 969
80.010000 21 969
80.010000 22 969
80.010000 23 969
81.010000 0 798
81.010000 1 966
81.010000 2 966
81.010000 3 966
81.010000 4 640
81.010000 5 966
81.010000 6 966
81.010000 7 966
81.010000 8 966
81.010000 9 966
81.010000 10 650
81.010000 11 966
81.010000 12 966
81.010000 13 966
81.010000 14 798
81.010000 15 966
81.010000 16 810
81.010000 17 798
81.010000 18 798
81.010000 19 966
81.010000 20 966
81.010000 21 966
81.010000 22 966
81.010000 23 966
82.010000 0 812
82.010000 1 970
82.010000 2 970
82.010000 3 970
82.010000 4 654
82.010000 5 970
82.010000 6 970
82.010000 7 970
82.010000 8 970
82.010000 9 970
82.010000 10 640
82.010000 11 970
82.010000 12 970
82.010000 13 970
82.010000 14 812
82.010000 15 970
82.010000 16 804
82.010000 17 812
82.010000 18 812
82.010000 19 970
82.010000 20 970
82.010000 21 970
82.010000 22 970
82.010000 23 970
83.010000 0 803
83.010000 1 972
83.010000 2 972
83.010000 3 972
83.010000 4 645
83.010000 5 972
83.010000 6 972
83.010000 7 972
83.010000 8 972
83.010000 9 972
83.010000 10 655
83.010000 11 972
83.010000 12 972
83.010000 13 972
83.010000 14 803
83.010000 15 972
83.010000 16 813
83.010000 17 803
83.010000 18 803
83.010000 19 972
83.010000 20 972
83.010000 21 972
83.010000 22 972
83.010000 23 972
84.010000 0 813
84.010000 1 979
84.010000 2 979
84.010000 3 979
84.010000 4 652
84.010000 5 979
84.010000 6 979
84.010000 7 979
84.010000 8 979
84.010000 9 979
84.010000 10 655
84.010000 11 979
84.010000 12 979
84.010000 13 979
84.010000 14 813
84.010000 15 979
84.010000 16 817
84.010000 17 813
84.010000 18 813
84.010000 19 979
84.010000 20 979
84.010000 21 979
84.010000 22 979
84.010000 23 979
85.010000 0 818
85.010000 1 974
85.010000 2 974
85.010000 3 974
85.010000 4 653
85.010000 5 974
85.010000 6 974
85.010000 7 974
85.010000 8 974
85.010000 9 974
85.010000 10 642
85.010000 11 974
85.010000 12 974
85.010000 13 974
85.010000 14 818
85.010000 15 974
85.010000 16 809
85.010000 17 818
85.010000 18 818
85.010000 19 974
85.010000 20 974
85.010000 21 974
85.010000 22 974
85.010000 23 974
86.010000 0 827
86.010000 1 990
86.010000 2 990
86.010000 3 990
86.010000 4 661
86.010000 5 990
86.010000 6 990
86.010000 7 990
86.010000 8 990
86.010000 9 990
86.010000 10 659
86.010000 11 990
86.010000 12 990
86.010000 13 990
86.010000 14 827
86.010000 15 990
86.010000 16 823
86.010000 17 827
86.010000 18 827
86.010000 19 990
86.010000 20 990
86.010000 21 990
86.010000 22 990
86.010000 23 990
87.010000 0 787
87.010000 1 946
87.010000 2 946
87.010000 3 946
87.010000 4 634
87.010000 5 946
87.010000 6 946
87.010000 7 946
87.010000 8 946
87.010000 9 946
87.010000 10 632
87.010000 11 946
87.010000 12 946
87.010000 13 946
87.010000 14 787
87.010000 15 946
87.010000 16 785
87.010000 17 787
87.010000 18 787
87.010000 19 946
87.010000 20 946
87.010000 21 946
87.010000 22 946
87.010000 23 946
88.010000 0 817
88.010000 1 976
88.010000 2 976
88.010000 3 976
88.010000 4 650
88.010000 5 976
88.010000 6 976
88.010000 7 976
88.010000 8 976
88.010000 9 976
88.010000 10 648
88.010000 11 976
88.010000 12 976
88.010000 13 976
88.010000 14 817
88.010000 15 976
88.010000 16 813
88.010000 17 817
88.010000 18 817
88.010000 19 976
88.010000 20 976
88.010000 21 976
88.010000 22 976
88.010000 23 976
89.010000 0 838
89.010000 1 1006
89.010000 2 1006
89.010000 3 1006
89.010000 4 671
89.010000 5 1006
89.010000 6 1006
89.010000 7 1006
89.010000 8 1006
89.010000 9 1006
89.010000 10 671
89.010000 11 1006
89.010000 12 1006
89.010000 13 1006
89.010000 14 838
89.010000 15 1006
89.010000 16 838
89.010000 17 838
89.010000 18 838
89.010000 19 1006
89.010000 20 1006
89.010000 21 1006
89.010000 22 1006
89.010000 23 1006
90.010000 0 797
90.010000 1 967
90.010000 2 967
90.010000 3 967
90.010000 4 645
90.010000 5 967
90.010000 6 967
90.010000 7 967
90.010000 8 967
90.010000 9 967
90.010000 10 653
90.010000 11 967
90.010000 12 967
90.010000 13 967
90.010000 14 797
90.010000 15 967
90.010000 16 806
90.010000 17 797
90.010000 18 797
90.010000 19 967
90.010000 20 967
90.010000 21 967
90.010000 22 967
90.010000 23 967
91.010000 0 810
91.010000 1 969
91.010000 2 969
91.010000 3 969
91.010000 4 648
91.010000 5 969
91.010000 6 969
91.010000 7 969
91.010000 8 969
91.010000 9 969
91.010000 10 643
91.010000 11 969
91.010000 12 969
91.010000 13 969
91.010000 14 810
91.010000 15 969
91.010000 16 806
91.010000 17 810
91.010000 18 810
91.010000 19 969
91.010000 20 969
91.010000 21 969
91.010000 22 969
91.010000 23 969
92.010000 0 823
92.010000 1 987
92.010000 2 987
92.010000 3 987
92.010000 4 659
92.010000 5 987
92.010000 6 987
92.010000 7 987
92.010000 8 987
92.010000 9 987
92.010000 10 656
92.010000 11 987
92.010000 12 987
92.010000 13 987
92.010000 14 823
92.010000 15 987
92.010000 16 823
92.010000 17 823
92.010000 18 823
92.010000 19 987
92.010000 20 987
92.010000 21 987
92.010000 22 987
92.010000 23 987
93.010000 0 790
93.010000 1 943
93.010000 2 943
93.010000 3 943
93.010000 4 630
93.010000 5 943
93.010000 6 943
93.010000 7 943
93.010000 8 943
93.010000 9 943
93.010000 10 625
93.010000 11 943
93.010000 12 943
93.010000 13 943
93.010000 14 790
93.010000 15 943
93.010000 16 784
93.010000 17 790
93.010000 18 790
93.010000 19 943
93.010000 20 943
93.010000 21 943
93.010000 22 943
93.010000 23 943
94.010000 0 838
94.010000 1 1012
94.010000 2 1012
94.010000 3 1012
94.010000 4 672
94.010000 5 1012
94.010000 6 1012
94.010000 7 1012
94.010000 8 1012
94.010000 9 1012
94.010000 10 680
94.010000 11 1012
94.010000 12 1012
94.010000 13 1012
94.010000 14 838
94.010000 15 1012
94.010000 16 846
94.010000 17 838
94.010000 18 838
94.010000 19 1012
94.010000 20 1012
94.010000 21 1012
94.010000 22 1012
94.010000 23 1012
95.010000 0 795
95.010000 1 953
95.010000 2 953
95.010000 3 953
95.010000 4 632
95.010000 5 953
95.010000 6 953
95.010000 7 953
95.010000 8 953
95.010000 9 953
95.010000 10 635
95.010000 11 953
95.010000 12 953
95.010000 13 953
95.010000 14 795
95.010000 15 953
95.010000 16 797
95.010000 17 795
95.010000 18 795
95.010000 19 953
95.010000 20 953
95.010000 21 953
95.010000 22 953
95.010000 23 953
96.010000 0 808
96.010000 1 977
96.010000 2 977
96.010000 3 977
96.010000 4 649
96.010000 5 977
96.010000 6 977
96.010000 7 977
96.010000 8 977
96.010000 9 977
96.010000 10 657
96.010000 11 977
96.010000 12 977
96.010000 13 977
96.010000 14 808
96.010000 15 977
96.010000 16 817
96.010000 17 808
96.010000 18 808
96.010000 19 977
96.010000 20 977
96.010000 21 977
96.010000 22 977
96.010000 23 977
97.010000 0 816
97.010000 1 968
97.010000 2 968
97.010000 3 968
97.010000 4 653
97.010000 5 968
97.010000 6 968
97.010000 7 968
97.010000 8 968
97.010000 9 968
97.010000 10 636
97.010000 11 968
97.010000 12 968
97.010000 13 968
97.010000 14 816
97.010000 15 968
97.010000 16 799
97.010000 17 816
97.010000 18 816
97.010000 19 968
97.010000 20 968
97.010000 21 968
97.010000 22 968
97.010000 23 968
98.010000 0 809
98.010000 1 987
98.010000 2 987
98.010000 3 987
98.010000 4 650
98.010000 5 987
98.010000 6 987
98.010000 7 987
98.010000 8 987
98.010000 9 987
98.010000 10 671
98.010000 11 987
98.010000 12 987
98.010000 13 987
98.010000 14 809
98.010000 15 987
98.010000 16 831
98.010000 17 809
98.010000 18 809
98.010000 19 987
98.010000 20 987
98.010000 21 987
98.010000 22 987
98.010000 23 987
99.010000 0 828
99.010000 1 981
99.010000 2 981
99.010000 3 981
99.010000 4 659
99.010000 5 981
99.010000 6 981
99.010000 7 981
99.010000 8 981
99.010000 9 981
99.010000 10 645
99.010000 11 981
99.010000 12 981
99.010000 13 981
99.010000 14 828
99.010000 15 981
99.010000 16 811
99.010000 17 828
99.010000 18 828
99.010000 19 981
99.010000 20 981
99.010000 21 981
99.010000 22 981
99.010000 23 981
100.010000 0 785
100.010000 1 947
100.010000 2 947
100.010000 3 947
100.010000 4 634
100.010000 5 947
100.010000 6 947
100.010000 7 947
100.010000 8 947
100.010000 9 947
100.010000 10 634
100.010000 11 947
100.010000 12 947
100.010000 13 947
100.010000 14 785
100.010000 15 947
100.010000 16 788
100.010000 17 785
100.010000 18 785
100.010000 19 947
100.010000 20 947
100.010000 21 947
100.010000 22 947
100.010000 23 947
101.010000 0 809
101.010000 1 968
101.010000 2 968
101.010000 3 968
101.010000 4 646
101.010000 5 968
101.010000 6 968
101.010000 7 968
101.010000 8 968
101.010000 9 968
101.010000 10 644
101.010000 11 968
101.010000 12 968
101.010000 13 968
101.010000 14 809
101.010000 15 968
101.010000 16 805
101.010000 17 809
101.010000 18 809
101.010000 19 968
101.010000 20 968
101.010000 21 968
101.010000 22 968
101.010000 23 968
102.010000 0 808
102.010000 1 973
102.010000 2 973
102.010000 3 973
102.010000 4 644
102.010000 5 973
102.010000 6 973
102.010000 7 973
102.010000 8 973
102.010000 9 973
102.010000 10 651
102.010000 11 973
102.010000 12 973
102.010000 13 973
102.010000 14 808
102.010000 15 973
102.010000 16 816
102.010000 17 808
102.010000 18 808
102.010000 19 973
102.010000 20 973
102.010000 21 973
102.010000 22 973
102.010000 23 973
103.010000 0 806
103.010000 1 964
103.010000 2 964
103.010000 3 964
103.010000 4 647
103.010000 5 964
103.010000 6 964
103.010000 7 964
103.010000 8 964
103.010000 9 964
103.010000 10 640
103.010000 11 964
103.010000 12 964
103.010000 13 964
103.010000 14 806
103.010000 15 964
103.010000 16 799
103.010000 17 806
103.010000 18 806
103.010000 19 964
103.010000 20 964
103.010000 21 964
103.010000 22 964
103.010000 23 964
104.010000 0 828
104.010000 1 1003
104.010000 2 1003
104.010000 3 1003
104.010000 4 663
104.010000 5 1003
104.010000 6 1003
104.010000 7 1003
104.010000 8 1003
104.010000 9 1003
104.010000 10 676
104.010000 11 1003
104.010000 12 1003
104.010000 13 1003
104.010000 14 828
104.010000 15 1003
104.010000 16 842
104.010000 17 828
104.010000 18 828
104.010000 19 1003
104.010000 20 1003
104.010000 21 1003
104.010000 22 1003
104.010000 23 1003
105.010000 0 819
105.010000 1 973
105.010000 2 973
105.010000 3 973
105.010000 4 656
105.010000 5 973
105.010000 6 973
105.010000 7 973
105.010000 8 973
105.010000 9 973
105.010000 10 640
105.010000 11 973
105.010000 12 973
105.010000 13 973
105.010000 14 819
105.010000 15 973
105.010000 16 804
105.010000 17 819
105.010000 18 819
105.010000 19 973
105.010000 20 973
105.010000 21 973
105.010000 22 973
105.010000 23 973
106.010000 0 775
106.010000 1 940
106.010000 2 940
106.010000 3 940
106.010000 4 618
106.010000 5 940
106.010000 6 940
106.010000 7 940
106.010000 8 940
106.010000 9 940
106.010000 10 634
106.010000 11 940
106.010000 12 940
106.010000 13 940
106.010000 14 775
106.010000 15 940
106.010000 16 793
106.010000 17 775
106.010000 18 775
106.010000 19 940
106.010000 20 940
106.010000 21 940
106.010000 22 940
106.010000 23 940
107.010000 0 816
107.010000 1 972
107.010000 2 972
107.010000 3 972
107.010000 4 649
107.010000 5 972
107.010000 6 972
107.010000 7 972
107.010000 8 972
107.010000 9 972
107.010000 10 642
107.010000 11 972
107.010000 12 972
107.010000 13 972
107.010000 14 816
107.010000 15 972
107.010000 16 809
107.010000 17 816
107.010000 18 816
107.010000 19 972
107.010000 20 972
107.010000 21 972
107.010000 22 972
107.010000 23 972
108.010000 0 809
108.010000 1 987
108.010000 2 987
108.010000 3 987
108.010000 4 650
108.010000 5 987
108.010000 6 987
108.010000 7 987
108.010000 8 987
108.010000 9 987
108.010000 10 671
108.010000 11 987
108.010000 12 987
108.010000 13 987
108.010000 14 809
108.010000 15 987
108.010000 16 831
108.010000 17 809
108.010000 18 809
108.010000 19 987
108.010000 20 987
108.010000 21 987
108.010000 22 987
108.010000 23 987
109.010000 0 826
109.010000 1 975
109.010000 2 975
109.010000 3 975
109.010000 4 663
109.010000 5 975
109.010000 6 975
109.010000 7 975
109.010000 8 975
109.010000 9 975
109.010000 10 637
109.010000 11 975
109.010000 12 975
109.010000 13 975
109.010000 14 826
109.010000 15 975
109.010000 16 799
109.010000 17 826
109.010000 18 826
109.010000 19 975
109.010000 20 975
109.010000 21 975
109.010000 22 975
109.010000 23 975
110.010000 0 798
110.010000 1 963
110.010000 2 963
110.010000 3 963
110.010000 4 640
110.010000 5 963
110.010000 6 963
110.010000 7 963
110.010000 8 963
110.010000 9 963
110.010000 10 644
110.010000 11 963
110.010000 12 963
110.010000 13 963
110.010000 14 798
110.010000 15 963
110.010000 16 807
110.010000 17 798
110.010000 18 798
110.010000 19 963
110.010000 20 963
110.010000 21 963
110.010000 22 963
110.010000 23 963
111.010000 0 811
111.010000 1 972
111.010000 2 972
111.010000 3 972
111.010000 4 652
111.010000 5 972
111.010000 6 972
111.010000 7 972
111.010000 8 972
111.010000 9 972
111.010000 10 647
111.010000 11 972
111.010000 12 972
111.010000 13 972
111.010000 14 811
111.010000 15 972
111.010000 16 806
111.010000 17 811
111.010000 18 811
111.010000 19 972
111.010000 20 972
111.010000 21 972
111.010000 22 972
111.010000 23 972
112.010000 0 821
112.010000 1 983
112.010000 2 983
112.010000 3 983
112.010000 4 655
112.010000 5 983
112.010000 6 983
112.010000 7 983
112.010000 8 983
112.010000 9 983
112.010000 10 653
112.010000 11 983
112.010000 12 983
112.010000 13 983
112.010000 14 821
112.010000 15 983
112.010000 16 820
112.010000 17 821
112.010000 18 821
112.010000 19 983
112.010000 20 983
112.010000 21 983
112.010000 22 983
112.010000 23 983
113.010000 0 813
113.010000 1 980
113.010000 2 980
113.010000 3 980
113.010000 4 653
113.010000 5 980
113.010000 6 980
113.010000 7 980
113.010000 8 980
113.010000 9 980
113.010000 10 657
113.010000 11 980
113.010000 12 980
113.010000 13 980
113.010000 14 813
113.010000 15 980
113.010000 16 817
113.010000 17 813
113.010000 18 813
113.010000 19 980
113.010000 20 980
113.010000 21 980
113.010000 22 980
113.010000 23 980
114.010000 0 806
114.010000 1 971
114.010000 2 971
114.010000 3 971
114.010000 4 650
114.010000 5 971
114.010000 6 971
114.010000 7 971
114.010000 8 971
114.010000 9 971
114.010000 10 650
114.010000 11 971
114.010000 12 971
114.010000 13 971
114.010000 14 806
114.010000 15 971
114.010000 16 807
114.010000 17 806
114.010000 18 806
114.010000 19 971
114.010000 20 971
114.010000 21 971
114.010000 22 971
114.010000 23 971
115.010000 0 804
115.010000 1 969
115.010000 2 969
115.010000 3 969
115.010000 4 641
115.010000 5 969
115.010000 6 969
115.010000 7 969
115.010000 8 969
115.010000 9 969
115.010000 10 649
115.010000 11 969
115.010000 12 969
115.010000 13 969
115.010000 14 804
115.010000 15 969
115.010000 16 813
115.010000 17 804
115.010000 18 804
115.010000 19 969
115.010000 20 969
115.010000 21 969
115.010000 22 969
115.010000 23 969
116.010000 0 800
116.010000 1 959
116.010000 2 959
116.010000 3 959
116.010000 4 641
116.010000 5 959
116.010000 6 959
116.010000 7 959
116.010000 8 959
116.010000 9 959
116.010000 10 638
116.010000 11 959
116.010000 12 959
116.010000 13 959
116.010000 14 800
116.010000 15 959
116.010000 16 798
116.010000 17 800
116.010000 18 800
116.010000 19 959
116.010000 20 959
116.010000 21 959
116.010000 22 959
116.010000 23 959
117.010000 0 813
117.010000 1 968
117.010000 2 968
117.010000 3 968
117.010000 4 654
117.010000 5 968
117.010000 6 968
117.010000 7 968
117.010000 8 968
117.010000 9 968
117.010000 10 638
117.010000 11 968
117.010000 12 968
117.010000 13 968
117.010000 14 813
117.010000 15 968
117.010000 16 799
117.010000 17 813
117.010000 18 813
117.010000 19 968
117.010000 20 968
117.010000 21 968
117.010000 22 968
117.010000 23 968
118.010000 0 815
118.010000 1 986
118.010000 2 986
118.010000 3 986
118.010000 4 651
118.010000 5 986
118.010000 6 986
118.010000 7 986
118.010000 8 986
118.010000 9 986
118.010000 10 664
118.010000 11 986
118.010000 12 986
118.010000 13 986
118.010000 14 815
118.010000 15 986
118.010000 16 828
118.010000 17 815
118.010000 18 815
118.010000 19 986
118.010000 20 986
118.010000 21 986
118.010000 22 986
118.010000 23 986
119.010000 0 821
119.010000 1 982
119.010000 2 982
119.010000 3 982
119.010000 4 658
119.010000 5 982
119.010000 6 982
119.010000 7 982
119.010000 8 982
119.010000 9 982
119.010000 10 652
119.010000 11 982
119.010000 12 982
119.010000 13 982
119.010000 14 821
119.010000 15 982
119.010000 16 815
119.010000 17 821
119.010000 18 821
119.010000 19 982
119.010000 20 982
119.010000 21 982
119.010000 22 982
119.010000 23 982
120.010000 0 799
120.010000 1 965
120.010000 2 965
120.010000 3 965
120.010000 4 637
120.010000 5 965
120.010000 6 965
120.010000 7 965
120.010000 8 965
120.010000 9 965
120.010000 10 649
120.010000 11 965
120.010000 12 965
120.010000 13 965
120.010000 14 799
120.010000 15 965
120.010000 16 810
120.010000 17 799
120.010000 18 799
120.010000 19 965
120.010000 20 965
120.010000 21 965
120.010000 22 965
120.010000 23 965
121.010000 0 825
121.010000 1 982
121.010000 2 982
121.010000 3 982
121.010000 4 658
121.010000 5 982
121.010000 6 982
121.010000 7 982
121.010000 8 982
121.010000 9 982
121.010000 10 648
121.010000 11 982
121.010000 12 982
121.010000 13 982
121.010000 14 825
121.010000 15 982
121.010000 16 815
121.010000 17 825
121.010000 18 825
121.010000 19 982
121.010000 20 982
121.010000 21 982
121.010000 22 982
121.010000 23 982
122.010000 0 801
122.010000 1 967
122.010000 2 967
122.010000 3 967
122.010000 4 649
122.010000 5 967
122.010000 6 967
122.010000 7 967
122.010000 8 967
122.010000 9 967
122.010000 10 650
122.010000 11 967
122.010000 12 967
122.010000 13 967
122.010000 14 801
122.010000 15 967
122.010000 16 801
122.010000 17 801
122.010000 18 801
122.010000 19 967
122.010000 20 967
122.010000 21 967
122.010000 22 967
122.010000 23 967
123.010000 0 832
123.010000 1 1010
123.010000 2 1010
123.010000 3 1010
123.010000 4 669
123.010000 5 1010
123.010000 6 1010
123.010000 7 1010
123.010000 8 1010
123.010000 9 1010
123.010000 10 680
123.010000 11 1010
123.010000 12 1010
123.010000 13 1010
123.010000 14 832
123.010000 15 1010
123.010000 16 849
123.010000 17 832
123.010000 18 832
123.010000 19 1010
123.010000 20 1010
123.010000 21 1010
123.010000 22 1010
123.010000 23 1010
124.010000 0 806
124.010000 1 970
124.010000 2 970
124.010000 3 970
124.010000 4 643
124.010000 5 970
124.010000 6 970
124.010000 7 970
124.010000 8 970
124.010000 9 970
124.010000 10 649
124.010000 11 970
124.010000 12 970
124.010000 13 970
124.010000 14 806
124.010000 15 970
124.010000 16 812
124.010000 17 806
124.010000 18 806
124.010000 19 970
124.010000 20 970
124.010000 21 970
124.010000 22 970
124.010000 23 970
125.010000 0 779
125.010000 1 941
125.010000 2 941
125.010000 3 941
125.010000 4 627
125.010000 5 941
125.010000 6 941
125.010000 7 941
125.010000 8 941
125.010000 9 941
125.010000 10 631
125.010000 11 941
125.010000 12 941
125.010000 13 941
125.010000 14 779
125.010000 15 941
125.010000 16 786
125.010000 17 779
125.010000 18 779
125.010000 19 941
125.010000 20 941
125.010000 21 941
125.010000 22 941
125.010000 23 941
126.010000 0 797
126.010000 1 947
126.010000 2 947
126.010000 3 947
126.010000 4 638
126.010000 5 947
126.010000 6 947
126.010000 7 947
126.010000 8 947
126.010000 9 947
126.010000 10 625
126.010000 11 947
126.010000 12 947
126.010000 13 947
126.010000 14 797
126.010000 15 947
126.010000 16 781
126.010000 17 797
126.010000 18 797
126.010000 19 947
126.010000 20 947
126.010000 21 947
126.010000 22 947
126.010000 23 947
127.010000 0 829
127.010000 1 991
127.010000 2 991
127.010000 3 991
127.010000 4 665
127.010000 5 991
127.010000 6 991
127.010000 7 991
127.010000 8 991
127.010000 9 991
127.010000 10 656
127.010000 11 991
127.010000 12 991
127.010000 13 991
127.010000 14 829
127.010000 15 991
127.010000 16 823
127.010000 17 829
127.010000 18 829
127.010000 19 991
127.010000 20 991
127.010000 21 991
127.010000 22 991
127.010000 23 991
128.010000 0 811
128.010000 1 976
128.010000 2 976
128.010000 3 976
128.010000 4 648
128.010000 5 976
128.010000 6 976
128.010000 7 976
128.010000 8 976
128.010000 9 976
128.010000 10 653
128.010000 11 976
128.010000 12 976
128.010000 13 976
128.010000 14 811
128.010000 15 976
128.010000 16 816
128.010000 17 811
128.010000 18 811
128.010000 19 976
128.010000 20 976
128.010000 21 976
128.010000 22 976
128.010000 23 976
129.010000 0 805
129.010000 1 979
129.010000 2 979
129.010000 3 979
129.010000 4 648
129.010000 5 979
129.010000 6 979
129.010000 7 979
129.010000 8 979
129.010000 9 979
129.010000 10 662
129.010000 11 979
129.010000 12 979
129.010000 13 979
129.010000 14 805
129.010000 15 979
129.010000 16 822
129.010000 17 805
129.010000 18 805
129.010000 19 979
129.010000 20 979
129.010000 21 979
129.010000 22 979
129.010000 23 979
130.010000 0 816
130.010000 1 962
130.010000 2 962
130.010000 3 962
130.010000 4 649
130.010000 5 962
130.010000 6 962
130.010000 7 962
130.010000 8 962
130.010000 9 962
130.010000 10 627
130.010000 11 962
130.010000 12 962
130.010000 13 962
130.010000 14 816
130.010000 15 962
130.010000 16 794
130.010000 17 816
130.010000 18 816
130.010000 19 962
130.010000 20 962
130.010000 21 962
130.010000 22 962
130.010000 23 962
131.010000 0 791
131.010000 1 965
131.010000 2 965
131.010000 3 965
131.010000 4 634
131.010000 5 965
131.010000 6 965
131.010000 7 965
131.010000 8 965
131.010000 9 965
131.010000 10 657
131.010000 11 965
131.010000 12 965
131.010000 13 965
131.010000 14 791
131.010000 15 965
131.010000 16 813
131.010000 17 791
131.010000 18 791
131.010000 19 965
131.010000 20 965
131.010000 21 965
131.010000 22 965
131.010000 23 965
132.010000 0 820
132.010000 1 964
132.010000 2 964
132.010000 3 964
132.010000 4 656
132.010000 5 964
132.010000 6 964
132.010000 7 964
132.010000 8 964
132.010000 9 964
132.010000 10 626
132.010000 11 964
132.010000 12 964
132.010000 13 964
132.010000 14 820
132.010000 15 964
132.010000 16 790
132.010000 17 820
132.010000 18 820
132.010000 19 964
132.010000 20 964
132.010000 21 964
132.010000 22 964
132.010000 23 964
133.010000 0 802
133.010000 1 982
133.010000 2 982
133.010000 3 982
133.010000 4 642
133.010000 5 982
133.010000 6 982
133.010000 7 982
133.010000 8 982
133.010000 9 982
133.010000 10 671
133.010000 11 982
133.010000 12 982
133.010000 13 982
133.010000 14 802
133.010000 15 982
133.010000 16 831
133.010000 17 802
133.010000 18 802
133.010000 19 982
133.010000 20 982
133.010000 21 982
133.010000 22 982
133.010000 23 982
134.010000 0 816
134.010000 1 977
134.010000 2 977
134.010000 3 977
134.010000 4 653
134.010000 5 977
134.010000 6 977
134.010000 7 977
134.010000 8 977
134.010000 9 977
134.010000 10 649
134.010000 11 977
134.010000 12 977
134.010000 13 977
134.010000 14 816
134.010000 15 977
134.010000 16 813
134.010000 17 816
134.010000 18 816
134.010000 19 977
134.010000 20 977
134.010000 21 977
134.010000 22 977
134.010000 23 977
135.010000 0 812
135.010000 1 972
135.010000 2 972
135.010000 3 972
135.010000 4 649
135.010000 5 972
135.010000 6 972
135.010000 7 972
135.010000 8 972
135.010000 9 972
135.010000 10 646
135.010000 11 972
135.010000 12 972
135.010000 13 972
135.010000 14 812
135.010000 15 972
135.010000 16 809
135.010000 17 812
135.010000 18 812
135.010000 19 972
135.010000 20 972
135.010000 21 972
135.010000 22 972
135.010000 23 972
136.010000 0 807
136.010000 1 963
136.010000 2 963
136.010000 3 963
136.010000 4 653
136.010000 5 963
136.010000 6 963
136.010000 7 963
136.010000 8 963
136.010000 9 963
136.010000 10 637
136.010000 11 963
136.010000 12 963
136.010000 13 963
136.010000 14 807
136.010000 15 963
136.010000 16 792
136.010000 17 807
136.010000 18 807
136.010000 19 963
136.010000 20 963
136.010000 21 963
136.010000 22 963
136.010000 23 963
137.010000 0 813
137.010000 1 972
137.010000 2 972
137.010000 3 972
137.010000 4 652
137.010000 5 972
137.010000 6 972
137.010000 7 972
137.010000 8 972
137.010000 9 972
137.010000 10 644
137.010000 11 972
137.010000 12 972
137.010000 13 972
137.010000 14 813
137.010000 15 972
137.010000 16 807
137.010000 17 813
137.010000 18 813
137.010000 19 972
137.010000 20 972
137.010000 21 972
137.010000 22 972
137.010000 23 972
138.010000 0 793
138.010000 1 960
138.010000 2 960
138.010000 3 960
138.010000 4 631
138.010000 5 960
138.010000 6 960
138.010000 7 960
138.010000 8 960
138.010000 9 960
138.010000 10 647
138.010000 11 960
138.010000 12 960
138.010000 13 960
138.010000 14 793
138.010000 15 960
138.010000 16 809
138.010000 17 793
138.010000 18 793
138.010000 19 960
138.010000 20 960
138.010000 21 960
138.010000 22 960
138.010000 23 960
139.010000 0 806
139.010000 1 968
139.010000 2 968
139.010000 3 968
139.010000 4 642
139.010000 5 968
139.010000 6 968
139.010000 7 968
139.010000 8 968
139.010000 9 968
139.010000 10 646
139.010000 11 968
139.010000 12 968
139.010000 13 968
139.010000 14 806
139.010000 15 968
139.010000 16 810
139.010000 17 806
139.010000 18 806
139.010000 19 968
139.010000 20 968
139.010000 21 968
139.010000 22 968
139.010000 23 968
140.010000 0 832
140.010000 1 985
140.010000 2 985
140.010000 3 985
140.010000 4 669
140.010000 5 985
140.010000 6 985
140.010000 7 985
140.010000 8 985
140.010000 9 985
140.010000 10 647
140.010000 11 985
140.010000 12 985
140.010000 13 985
140.010000 14 832
140.010000 15 985
140.010000 16 807
140.010000 17 832
140.010000 18 832
140.010000 19 985
140.010000 20 985
140.010000 21 985
140.010000 22 985
140.010000 23 985
141.010000 0 790
141.010000 1 956
141.010000 2 956
141.010000 3 956
141.010000 4 630
141.010000 5 956
141.010000 6 956
141.010000 7 956
141.010000 8 956
141.010000 9 956
141.010000 10 643
141.010000 11 956
141.010000 12 956
141.010000 13 956
141.010000 14 790
141.010000 15 956
141.010000 16 805
141.010000 17 790
141.010000 18 790
141.010000 19 956
141.010000 20 956
141.010000 21 956
141.010000 22 956
141.010000 23 956
142.010000 0 817
142.010000 1 979
142.010000 2 979
142.010000 3 979
142.010000 4 657
142.010000 5 979
142.010000 6 979
142.010000 7 979
142.010000 8 979
142.010000 9 979
142.010000 10 652
142.010000 11 979
142.010000 12 979
142.010000 13 979
142.010000 14 817
142.010000 15 979
142.010000 16 811
142.010000 17 817
142.010000 18 817
142.010000 19 979
142.010000 20 979
142.010000 21 979
142.010000 22 979
142.010000 23 979
143.010000 0 810
143.010000 1 979
143.010000 2 979
143.010000 3 979
143.010000 4 641
143.010000 5 979
143.010000 6 979
143.010000 7 979
143.010000 8 979
143.010000 9 979
143.010000 10 659
143.010000 11 979
143.010000 12 979
143.010000 13 979
143.010000 14 810
143.010000 15 979
143.010000 16 827
143.010000 17 810
143.010000 18 810
143.010000 19 979
143.010000 20 979
143.010000 21 979
143.010000 22 979
143.010000 23 979
144.010000 0 798
144.010000 1 945
144.010000 2 945
144.010000 3 945
144.010000 4 639
144.010000 5 945
144.010000 6 945
144.010000 7 945
144.010000 8 945
144.010000 9 945
144.010000 10 620
144.010000 11 945
144.010000 12 945
144.010000 13 945
144.010000 14 798
144.010000 15 945
144.010000 16 778
144.010000 17 798
144.010000 18 798
144.010000 19 945
144.010000 20 945
144.010000 21 945
144.010000 22 945
144.010000 23 945
145.010000 0 835
145.010000 1 1003
145.010000 2 1003
145.010000 3 1003
145.010000 4 667
145.010000 5 1003
145.010000 6 1003
145.010000 7 1003
145.010000 8 1003
145.010000 9 1003
145.010000 10 670
145.010000 11 1003
145.010000 12 1003
145.010000 13 1003
145.010000 14 835
145.010000 15 1003
145.010000 16 837
145.010000 17 835
145.010000 18 835
145.010000 19 1003
145.010000 20 1003
145.010000 21 1003
145.010000 22 1003
145.010000 23 1003
146.010000 0 815
146.010000 1 994
146.010000 2 994
146.010000 3 994
146.010000 4 656
146.010000 5 994
146.010000 6 994
146.010000 7 994
146.010000 8 994
146.010000 9 994
146.010000 10 675
146.010000 11 994
146.010000 12 994
146.010000 13 994
146.010000 14 815
146.010000 15 994
146.010000 16 836
146.010000 17 815
146.010000 18 815
146.010000 19 994
146.010000 20 994
146.010000 21 994
146.010000 22 994
146.010000 23 994
147.010000 0 808
147.010000 1 956
147.010000 2 956
147.010000 3 956
147.010000 4 643
147.010000 5 956
147.010000 6 956
147.010000 7 956
147.010000 8 956
147.010000 9 956
147.010000 10 626
147.010000 11 956
147.010000 12 956
147.010000 13 956
147.010000 14 808
147.010000 15 956
147.010000 16 791
147.010000 17 808
147.010000 18 808
147.010000 19 956
147.010000 20 956
147.010000 21 956
147.010000 22 956
147.010000 23 956
148.010000 0 810
148.010000 1 970
148.010000 2 970
148.010000 3 970
148.010000 4 643
148.010000 5 970
148.010000 6 970
148.010000 7 970
148.010000 8 970
148.010000 9 970
148.010000 10 645
148.010000 11 970
148.010000 12 970
148.010000 13 970
148.010000 14 810
148.010000 15 970
148.010000 16 812
148.010000 17 810
148.010000 18 810
148.010000 19 970
148.010000 20 970
148.010000 21 970
148.010000 22 970
148.010000 23 970
149.010000 0 804
149.010000 1 965
149.010000 2 965
149.010000 3 965
149.010000 4 644
149.010000 5 965
149.010000 6 965
149.010000 7 965
149.010000 8 965
149.010000 9 965
149.010000 10 644
149.010000 11 965
149.010000 12 965
149.010000 13 965
149.010000 14 804
149.010000 15 965
149.010000 16 803
149.010000 17 804
149.010000 18 804
149.010000 19 965
149.010000 20 965
149.010000 21 965
149.010000 22 965
149.010000 23 965
