0.010000 0 6
0.010000 1 5
0.010000 2 3
0.010000 3 6
0.010000 4 6
0.010000 5 4
0.010000 6 6
0.010000 7 6
0.010000 8 6
0.010000 9 6
0.010000 10 6
0.010000 11 6
0.010000 12 4
0.010000 13 6
0.010000 14 6
0.010000 15 2
0.010000 16 6
0.010000 17 6
0.010000 18 6
0.010000 19 5
0.010000 20 6
0.010000 21 6
0.010000 22 6
0.010000 23 6
0.010000 24 6
0.010000 25 6
0.010000 26 6
0.010000 27 6
0.010000 28 4
1.010000 0 22
1.010000 1 29
1.010000 2 28
1.010000 3 26
1.010000 4 28
1.010000 5 29
1.010000 6 28
1.010000 7 28
1.010000 8 28
1.010000 9 28
1.010000 10 28
1.010000 11 27
1.010000 12 29
1.010000 13 27
1.010000 14 25
1.010000 15 29
1.010000 16 28
1.010000 17 24
1.010000 18 26
1.010000 19 28
1.010000 20 27
1.010000 21 28
1.010000 22 28
1.010000 23 28
1.010000 24 28
1.010000 25 28
1.010000 26 28
1.010000 27 28
1.010000 28 29
2.010000 0 27
2.010000 1 28
2.010000 2 25
2.010000 3 27
2.010000 4 28
2.010000 5 27
2.010000 6 29
2.010000 7 29
2.010000 8 29
2.010000 9 29
2.010000 10 29
2.010000 11 30
2.010000 12 28
2.010000 13 30
2.010000 14 29
2.010000 15 25
2.010000 16 29
2.010000 17 26
2.010000 18 28
2.010000 19 28
2.010000 20 30
2.010000 21 29
2.010000 22 29
2.010000 23 29
2.010000 24 29
2.010000 25 29
2.010000 26 29
2.010000 27 28
2.010000 28 27
3.010000 0 26
3.010000 1 28
3.010000 2 22
3.010000 3 28
3.010000 4 28
3.010000 5 26
3.010000 6 27
3.010000 7 27
3.010000 8 26
3.010000 9 26
3.010000 10 27
3.010000 11 27
3.010000 12 25
3.010000 13 27
3.010000 14 27
3.010000 15 22
3.010000 16 27
3.010000 17 28
3.010000 18 27
3.010000 19 24
3.010000 20 27
3.010000 21 27
3.010000 22 27
3.010000 23 27
3.010000 24 27
3.010000 25 27
3.010000 26 27
3.010000 27 28
3.010000 28 25
4.010000 0 26
4.010000 1 29
4.010000 2 25
4.010000 3 28
4.010000 4 29
4.010000 5 28
4.010000 6 29
4.010000 7 29
4.010000 8 30
4.010000 9 30
4.010000 10 29
4.010000 11 29
4.010000 12 27
4.010000 13 29
4.010000 14 28
4.010000 15 26
4.010000 16 29
4.010000 17 27
4.010000 18 28
4.010000 19 28
4.010000 20 29
4.010000 21 28
4.010000 22 29
4.010000 23 29
4.010000 24 28
4.010000 25 29
4.010000 26 29
4.010000 27 29
4.010000 28 28
5.010000 0 24
5.010000 1 28
5.010000 2 28
5.010000 3 27
5.010000 4 27
5.010000 5 28
5.010000 6 28
5.010000 7 28
5.010000 8 27
5.010000 9 27
5.010000 10 27
5.010000 11 28
5.010000 12 28
5.010000 13 28
5.010000 14 27
5.010000 15 28
5.010000 16 28
5.010000 17 26
5.010000 18 26
5.010000 19 29
5.010000 20 28
5.010000 21 29
5.010000 22 28
5.010000 23 28
5.010000 24 28
5.010000 25 28
5.010000 26 28
5.010000 27 28
5.010000 28 29
6.010000 0 25
6.010000 1 27
6.010000 2 22
6.010000 3 26
6.010000 4 28
6.010000 5 24
6.010000 6 27
6.010000 7 27
6.010000 8 28
6.010000 9 28
6.010000 10 28
6.010000 11 27
6.010000 12 25
6.010000 13 27
6.010000 14 26
6.010000 15 20
6.010000 16 27
6.010000 17 25
6.010000 18 27
6.010000 19 25
6.010000 20 27
6.010000 21 27
6.010000 22 27
6.010000 23 27
6.010000 24 28
6.010000 25 27
6.010000 26 26
6.010000 27 27
6.010000 28 24
7.010000 0 25
7.010000 1 28
7.010000 2 24
7.010000 3 27
7.010000 4 28
7.010000 5 28
7.010000 6 28
7.010000 7 28
7.010000 8 28
7.010000 9 28
7.010000 10 28
7.010000 11 28
7.010000 12 27
7.010000 13 28
7.010000 14 27
7.010000 15 27
7.010000 16 28
7.010000 17 26
7.010000 18 27
7.010000 19 26
7.010000 20 28
7.010000 21 28
7.010000 22 27
7.010000 23 28
7.010000 24 28
7.010000 25 27
7.010000 26 29
7.010000 27 28
7.010000 28 28
8.010000 0 21
8.010000 1 28
8.010000 2 29
8.010000 3 26
8.010000 4 28
8.010000 5 28
8.010000 6 28
8.010000 7 28
8.010000 8 28
8.010000 9 28
8.010000 10 28
8.010000 11 27
8.010000 12 29
8.010000 13 28
8.010000 14 25
8.010000 15 27
8.010000 16 28
8.010000 17 24
8.010000 18 25
8.010000 19 29
8.010000 20 28
8.010000 21 28
8.010000 22 28
8.010000 23 28
8.010000 24 28
8.010000 25 29
8.010000 26 28
8.010000 27 28
8.010000 28 28
9.010000 0 28
9.010000 1 27
9.010000 2 22
9.010000 3 27
9.010000 4 26
9.010000 5 26
9.010000 6 26
9.010000 7 27
9.010000 8 27
9.010000 9 27
9.010000 10 27
9.010000 11 28
9.010000 12 24
9.010000 13 27
9.010000 14 28
9.010000 15 23
9.010000 16 27
9.010000 17 27
9.010000 18 28
9.010000 19 25
9.010000 20 27
9.010000 21 27
9.010000 22 28
9.010000 23 27
9.010000 24 27
9.010000 25 27
9.010000 26 26
9.010000 27 27
9.010000 28 26
10.010000 0 23
10.010000 1 27
10.010000 2 27
10.010000 3 25
10.010000 4 29
10.010000 5 27
10.010000 6 29
10.010000 7 27
10.010000 8 28
10.010000 9 28
10.010000 10 28
10.010000 11 28
10.010000 12 29
10.010000 13 28
10.010000 14 26
10.010000 15 26
10.010000 16 28
10.010000 17 23
10.010000 18 26
10.010000 19 28
10.010000 20 28
10.010000 21 28
10.010000 22 28
10.010000 23 28
10.010000 24 28
10.010000 25 28
10.010000 26 29
10.010000 27 28
10.010000 28 27
11.010000 0 25
11.010000 1 30
11.010000 2 27
11.010000 3 30
11.010000 4 30
11.010000 5 29
11.010000 6 30
11.010000 7 31
11.010000 8 30
11.010000 9 30
11.010000 10 29
11.010000 11 30
11.010000 12 29
11.010000 13 30
11.010000 14 28
11.010000 15 27
11.010000 16 30
11.010000 17 29
11.010000 18 28
11.010000 19 29
11.010000 20 30
11.010000 21 30
11.010000 22 29
11.010000 23 30
11.010000 24 30
11.010000 25 30
11.010000 26 30
11.010000 27 30
11.010000 28 29
12.010000 0 27
12.010000 1 27
12.010000 2 20
12.010000 3 26
12.010000 4 26
12.010000 5 25
12.010000 6 26
12.010000 7 25
12.010000 8 26
12.010000 9 26
12.010000 10 27
12.010000 11 26
12.010000 12 23
12.010000 13 26
12.010000 14 27
12.010000 15 22
12.010000 16 26
12.010000 17 26
12.010000 18 27
12.010000 19 23
12.010000 20 26
12.010000 21 26
12.010000 22 27
12.010000 23 25
12.010000 24 26
12.010000 25 26
12.010000 26 26
12.010000 27 26
12.010000 28 25
13.010000 0 26
13.010000 1 29
13.010000 2 29
13.010000 3 28
13.010000 4 29
13.010000 5 27
13.010000 6 29
13.010000 7 29
13.010000 8 29
13.010000 9 29
13.010000 10 29
13.010000 11 28
13.010000 12 30
13.010000 13 29
13.010000 14 28
13.010000 15 26
13.010000 16 29
13.010000 17 27
13.010000 18 28
13.010000 19 30
13.010000 20 29
13.010000 21 29
13.010000 22 28
13.010000 23 30
13.010000 24 29
13.010000 25 28
13.010000 26 28
13.010000 27 29
13.010000 28 28
14.010000 0 22
14.010000 1 27
14.010000 2 25
14.010000 3 26
14.010000 4 28
14.010000 5 28
14.010000 6 28
14.010000 7 29
14.010000 8 28
14.010000 9 28
14.010000 10 27
14.010000 11 29
14.010000 12 27
14.010000 13 27
14.010000 14 25
14.010000 15 26
14.010000 16 28
14.010000 17 24
14.010000 18 26
14.010000 19 27
14.010000 20 28
14.010000 21 28
14.010000 22 29
14.010000 23 28
14.010000 24 28
14.010000 25 29
14.010000 26 29
14.010000 27 28
14.010000 28 27
15.010000 0 28
15.010000 1 28
15.010000 2 24
15.010000 3 28
15.010000 4 28
15.010000 5 27
15.010000 6 27
15.010000 7 27
15.010000 8 28
15.010000 9 28
15.010000 10 28
15.010000 11 28
15.010000 12 27
15.010000 13 29
15.010000 14 29
15.010000 15 25
15.010000 16 28
15.010000 17 28
15.010000 18 28
15.010000 19 26
15.010000 20 28
15.010000 21 28
15.010000 22 28
15.010000 23 28
15.010000 24 28
15.010000 25 27
15.010000 26 28
15.010000 27 28
15.010000 28 27
16.010000 0 219
16.010000 1 313
16.010000 2 307
16.010000 3 308
16.010000 4 311
16.010000 5 310
16.010000 6 313
16.010000 7 313
16.010000 8 312
16.010000 9 312
16.010000 10 313
16.010000 11 311
16.010000 12 310
16.010000 13 228
16.010000 14 266
16.010000 15 306
16.010000 16 312
16.010000 17 262
16.010000 18 224
16.010000 19 311
16.010000 20 311
16.010000 21 311
16.010000 22 311
16.010000 23 312
16.010000 24 312
16.010000 25 229
16.010000 26 312
16.010000 27 311
16.010000 28 310
17.010000 0 190
17.010000 1 276
17.010000 2 273
17.010000 3 277
17.010000 4 277
17.010000 5 275
17.010000 6 276
17.010000 7 276
17.010000 8 276
17.010000 9 276
17.010000 10 276
17.010000 11 277
17.010000 12 275
17.010000 13 192
17.010000 14 233
17.010000 15 273
17.010000 16 276
17.010000 17 234
17.010000 18 191
17.010000 19 275
17.010000 20 277
17.010000 21 276
17.010000 22 277
17.010000 23 276
17.010000 24 276
17.010000 25 190
17.010000 26 275
17.010000 27 277
17.010000 28 275
18.010000 0 189
18.010000 1 274
18.010000 2 270
18.010000 3 272
18.010000 4 273
18.010000 5 272
18.010000 6 274
18.010000 7 274
18.010000 8 274
18.010000 9 274
18.010000 10 273
18.010000 11 274
18.010000 12 273
18.010000 13 193
18.010000 14 232
18.010000 15 269
18.010000 16 274
18.010000 17 231
18.010000 18 193
18.010000 19 273
18.010000 20 273
18.010000 21 275
18.010000 22 274
18.010000 23 274
18.010000 24 274
18.010000 25 195
18.010000 26 275
18.010000 27 273
18.010000 28 271
19.010000 0 197
19.010000 1 286
19.010000 2 281
19.010000 3 285
19.010000 4 286
19.010000 5 286
19.010000 6 286
19.010000 7 286
19.010000 8 286
19.010000 9 286
19.010000 10 287
19.010000 11 286
19.010000 12 283
19.010000 13 201
19.010000 14 241
19.010000 15 284
19.010000 16 285
19.010000 17 239
19.010000 18 198
19.010000 19 283
19.010000 20 287
19.010000 21 286
19.010000 22 286
19.010000 23 286
19.010000 24 286
19.010000 25 198
19.010000 26 286
19.010000 27 287
19.010000 28 287
20.010000 0 178
20.010000 1 260
20.010000 2 260
20.010000 3 260
20.010000 4 260
20.010000 5 259
20.010000 6 260
20.010000 7 260
20.010000 8 260
20.010000 9 260
20.010000 10 260
20.010000 11 260
20.010000 12 261
20.010000 13 182
20.010000 14 219
20.010000 15 258
20.010000 16 261
20.010000 17 219
20.010000 18 179
20.010000 19 261
20.010000 20 260
20.010000 21 259
20.010000 22 260
20.010000 23 259
20.010000 24 259
20.010000 25 184
20.010000 26 260
20.010000 27 260
20.010000 28 259
21.010000 0 187
21.010000 1 273
21.010000 2 268
21.010000 3 272
21.010000 4 273
21.010000 5 272
21.010000 6 273
21.010000 7 273
21.010000 8 273
21.010000 9 273
21.010000 10 273
21.010000 11 273
21.010000 12 271
21.010000 13 193
21.010000 14 230
21.010000 15 269
21.010000 16 273
21.010000 17 229
21.010000 18 189
21.010000 19 270
21.010000 20 272
21.010000 21 273
21.010000 22 272
21.010000 23 274
21.010000 24 274
21.010000 25 193
21.010000 26 273
21.010000 27 273
21.010000 28 272
22.010000 0 167
22.010000 1 247
22.010000 2 245
22.010000 3 245
22.010000 4 247
22.010000 5 244
22.010000 6 247
22.010000 7 247
22.010000 8 247
22.010000 9 247
22.010000 10 247
22.010000 11 247
22.010000 12 247
22.010000 13 175
22.010000 14 206
22.010000 15 243
22.010000 16 247
22.010000 17 205
22.010000 18 171
22.010000 19 248
22.010000 20 248
22.010000 21 248
22.010000 22 248
22.010000 23 247
22.010000 24 247
22.010000 25 174
22.010000 26 247
22.010000 27 247
22.010000 28 245
23.010000 0 188
23.010000 1 269
23.010000 2 267
23.010000 3 269
23.010000 4 269
23.010000 5 270
23.010000 6 268
23.010000 7 268
23.010000 8 269
23.010000 9 269
23.010000 10 268
23.010000 11 269
23.010000 12 268
23.010000 13 189
23.010000 14 228
23.010000 15 268
23.010000 16 269
23.010000 17 227
23.010000 18 188
23.010000 19 268
23.010000 20 269
23.010000 21 269
23.010000 22 269
23.010000 23 268
23.010000 24 269
23.010000 25 188
23.010000 26 269
23.010000 27 269
23.010000 28 269
24.010000 0 166
24.010000 1 247
24.010000 2 244
24.010000 3 244
24.010000 4 247
24.010000 5 246
24.010000 6 248
24.010000 7 248
24.010000 8 247
24.010000 9 247
24.010000 10 248
24.010000 11 247
24.010000 12 246
24.010000 13 175
24.010000 14 206
24.010000 15 244
24.010000 16 246
24.010000 17 204
24.010000 18 170
24.010000 19 246
24.010000 20 247
24.010000 21 247
24.010000 22 247
24.010000 23 248
24.010000 24 247
24.010000 25 176
24.010000 26 247
24.010000 27 247
24.010000 28 246
25.010000 0 179
25.010000 1 261
25.010000 2 258
25.010000 3 261
25.010000 4 261
25.010000 5 260
25.010000 6 261
25.010000 7 261
25.010000 8 261
25.010000 9 261
25.010000 10 261
25.010000 11 261
25.010000 12 260
25.010000 13 185
25.010000 14 219
25.010000 15 258
25.010000 16 261
25.010000 17 219
25.010000 18 181
25.010000 19 260
25.010000 20 261
25.010000 21 261
25.010000 22 261
25.010000 23 261
25.010000 24 261
25.010000 25 182
25.010000 26 261
25.010000 27 261
25.010000 28 260
26.010000 0 176
26.010000 1 254
26.010000 2 251
26.010000 3 252
26.010000 4 254
26.010000 5 253
26.010000 6 254
26.010000 7 254
26.010000 8 254
26.010000 9 253
26.010000 10 254
26.010000 11 254
26.010000 12 253
26.010000 13 178
26.010000 14 216
26.010000 15 251
26.010000 16 255
26.010000 17 214
26.010000 18 178
26.010000 19 253
26.010000 20 254
26.010000 21 254
26.010000 22 254
26.010000 23 254
26.010000 24 254
26.010000 25 180
26.010000 26 254
26.010000 27 254
26.010000 28 253
27.010000 0 195
27.010000 1 283
27.010000 2 280
27.010000 3 282
27.010000 4 282
27.010000 5 282
27.010000 6 283
27.010000 7 283
27.010000 8 283
27.010000 9 284
27.010000 10 283
27.010000 11 283
27.010000 12 282
27.010000 13 199
27.010000 14 239
27.010000 15 279
27.010000 16 283
27.010000 17 237
27.010000 18 196
27.010000 19 282
27.010000 20 283
27.010000 21 283
27.010000 22 283
27.010000 23 283
27.010000 24 283
27.010000 25 198
27.010000 26 283
27.010000 27 283
27.010000 28 281
