0.010000 0 21
0.010000 1 21
0.010000 2 6
0.010000 3 21
0.010000 4 21
0.010000 5 11
0.010000 6 21
0.010000 7 21
0.010000 8 21
0.010000 9 19
0.010000 10 21
0.010000 11 21
0.010000 12 13
0.010000 13 21
0.010000 14 21
0.010000 15 8
0.010000 16 21
0.010000 17 21
0.010000 18 21
0.010000 19 18
0.010000 20 21
0.010000 21 21
0.010000 22 21
0.010000 23 21
0.010000 24 21
0.010000 25 20
1.010000 0 1255
1.010000 1 1365
1.010000 2 1217
1.010000 3 1325
1.010000 4 1340
1.010000 5 1336
1.010000 6 1356
1.010000 7 1331
1.010000 8 1349
1.010000 9 1346
1.010000 10 1326
1.010000 11 1353
1.010000 12 1316
1.010000 13 1299
1.010000 14 1321
1.010000 15 1310
1.010000 16 1364
1.010000 17 1280
1.010000 18 1318
1.010000 19 1310
1.010000 20 1345
1.010000 21 1358
1.010000 22 1316
1.010000 23 1350
1.010000 24 1338
1.010000 25 1330
2.010000 0 812
2.010000 1 890
2.010000 2 845
2.010000 3 877
2.010000 4 894
2.010000 5 881
2.010000 6 889
2.010000 7 860
2.010000 8 883
2.010000 9 891
2.010000 10 883
2.010000 11 878
2.010000 12 883
2.010000 13 885
2.010000 14 885
2.010000 15 861
2.010000 16 879
2.010000 17 861
2.010000 18 865
2.010000 19 869
2.010000 20 862
2.010000 21 838
2.010000 22 852
2.010000 23 887
2.010000 24 873
2.010000 25 880
3.010000 0 1093
3.010000 1 1194
3.010000 2 1073
3.010000 3 1172
3.010000 4 1176
3.010000 5 1158
3.010000 6 1180
3.010000 7 1166
3.010000 8 1187
3.010000 9 1168
3.010000 10 1149
3.010000 11 1183
3.010000 12 1157
3.010000 13 1141
3.010000 14 1154
3.010000 15 1143
3.010000 16 1155
3.010000 17 1145
3.010000 18 1154
3.010000 19 1167
3.010000 20 1167
3.010000 21 1187
3.010000 22 1191
3.010000 23 1158
3.010000 24 1171
3.010000 25 1169
4.010000 0 1201
4.010000 1 1282
4.010000 2 1188
4.010000 3 1249
4.010000 4 1273
4.010000 5 1265
4.010000 6 1288
4.010000 7 1257
4.010000 8 1292
4.010000 9 1280
4.010000 10 1257
4.010000 11 1290
4.010000 12 1268
4.010000 13 1242
4.010000 14 1275
4.010000 15 1240
4.010000 16 1305
4.010000 17 1231
4.010000 18 1275
4.010000 19 1263
4.010000 20 1274
4.010000 21 1272
4.010000 22 1271
4.010000 23 1239
4.010000 24 1283
4.010000 25 1271
5.010000 0 1198
5.010000 1 1294
5.010000 2 1174
5.010000 3 1268
5.010000 4 1267
5.010000 5 1239
5.010000 6 1283
5.010000 7 1258
5.010000 8 1286
5.010000 9 1277
5.010000 10 1246
5.010000 11 1260
5.010000 12 1270
5.010000 13 1246
5.010000 14 1275
5.010000 15 1228
5.010000 16 1248
5.010000 17 1245
5.010000 18 1258
5.010000 19 1270
5.010000 20 1261
5.010000 21 1278
5.010000 22 1257
5.010000 23 1247
5.010000 24 1270
5.010000 25 1254
6.010000 0 917
6.010000 1 1013
6.010000 2 920
6.010000 3 1000
6.010000 4 995
6.010000 5 979
6.010000 6 1007
6.010000 7 984
6.010000 8 998
6.010000 9 1002
6.010000 10 1004
6.010000 11 998
6.010000 12 984
6.010000 13 991
6.010000 14 983
6.010000 15 957
6.010000 16 1020
6.010000 17 982
6.010000 18 985
6.010000 19 983
6.010000 20 986
6.010000 21 987
6.010000 22 977
6.010000 23 983
6.010000 24 987
6.010000 25 1017
7.010000 0 1027
7.010000 1 1127
7.010000 2 1044
7.010000 3 1103
7.010000 4 1107
7.010000 5 1118
7.010000 6 1138
7.010000 7 1095
7.010000 8 1123
7.010000 9 1121
7.010000 10 1089
7.010000 11 1118
7.010000 12 1104
7.010000 13 1110
7.010000 14 1100
7.010000 15 1096
7.010000 16 1113
7.010000 17 1082
7.010000 18 1098
7.010000 19 1098
7.010000 20 1104
7.010000 21 1109
7.010000 22 1096
7.010000 23 1097
7.010000 24 1105
7.010000 25 1107
8.010000 0 1105
8.010000 1 1214
8.010000 2 1103
8.010000 3 1182
8.010000 4 1192
8.010000 5 1180
8.010000 6 1185
8.010000 7 1182
8.010000 8 1207
8.010000 9 1207
8.010000 10 1173
8.010000 11 1201
8.010000 12 1185
8.010000 13 1177
8.010000 14 1179
8.010000 15 1169
8.010000 16 1198
8.010000 17 1156
8.010000 18 1178
8.010000 19 1189
8.010000 20 1190
8.010000 21 1182
8.010000 22 1182
8.010000 23 1179
8.010000 24 1201
8.010000 25 1187
9.010000 0 1029
9.010000 1 1123
9.010000 2 1035
9.010000 3 1084
9.010000 4 1097
9.010000 5 1100
9.010000 6 1113
9.010000 7 1085
9.010000 8 1109
9.010000 9 1109
9.010000 10 1081
9.010000 11 1107
9.010000 12 1098
9.010000 13 1084
9.010000 14 1102
9.010000 15 1073
9.010000 16 1107
9.010000 17 1058
9.010000 18 1085
9.010000 19 1080
9.010000 20 1099
9.010000 21 1110
9.010000 22 1091
9.010000 23 1087
9.010000 24 1093
9.010000 25 1095
10.010000 0 1101
10.010000 1 1195
10.010000 2 1082
10.010000 3 1178
10.010000 4 1182
10.010000 5 1140
10.010000 6 1197
10.010000 7 1167
10.010000 8 1191
10.010000 9 1187
10.010000 10 1160
10.010000 11 1213
10.010000 12 1168
10.010000 13 1168
10.010000 14 1169
10.010000 15 1113
10.010000 16 1187
10.010000 17 1153
10.010000 18 1172
10.010000 19 1169
10.010000 20 1181
10.010000 21 1176
10.010000 22 1170
10.010000 23 1194
10.010000 24 1181
10.010000 25 1180
11.010000 0 1002
11.010000 1 1114
11.010000 2 1058
11.010000 3 1081
11.010000 4 1102
11.010000 5 1103
11.010000 6 1127
11.010000 7 1082
11.010000 8 1125
11.010000 9 1107
11.010000 10 1075
11.010000 11 1079
11.010000 12 1107
11.010000 13 1077
11.010000 14 1084
11.010000 15 1081
11.010000 16 1101
11.010000 17 1061
11.010000 18 1081
11.010000 19 1088
11.010000 20 1086
11.010000 21 1089
11.010000 22 1076
11.010000 23 1085
11.010000 24 1085
11.010000 25 1091
12.010000 0 1132
12.010000 1 1231
12.010000 2 1124
12.010000 3 1206
12.010000 4 1216
12.010000 5 1200
12.010000 6 1220
12.010000 7 1200
12.010000 8 1223
12.010000 9 1216
12.010000 10 1189
12.010000 11 1241
12.010000 12 1202
12.010000 13 1194
12.010000 14 1205
12.010000 15 1179
12.010000 16 1210
12.010000 17 1187
12.010000 18 1203
12.010000 19 1199
12.010000 20 1204
12.010000 21 1177
12.010000 22 1198
12.010000 23 1198
12.010000 24 1208
12.010000 25 1206
13.010000 0 983
13.010000 1 1089
13.010000 2 982
13.010000 3 1055
13.010000 4 1080
13.010000 5 1044
13.010000 6 1071
13.010000 7 1038
13.010000 8 1062
13.010000 9 1054
13.010000 10 1031
13.010000 11 1057
13.010000 12 1056
13.010000 13 1028
13.010000 14 1039
13.010000 15 1037
13.010000 16 1053
13.010000 17 1034
13.010000 18 1042
13.010000 19 1051
13.010000 20 1045
13.010000 21 1046
13.010000 22 1037
13.010000 23 1039
13.010000 24 1049
13.010000 25 1048
14.010000 0 1056
14.010000 1 1136
14.010000 2 1048
14.010000 3 1106
14.010000 4 1114
14.010000 5 1106
14.010000 6 1125
14.010000 7 1100
14.010000 8 1141
14.010000 9 1120
14.010000 10 1076
14.010000 11 1102
14.010000 12 1117
14.010000 13 1126
14.010000 14 1107
14.010000 15 1096
14.010000 16 1134
14.010000 17 1083
14.010000 18 1120
14.010000 19 1116
14.010000 20 1112
14.010000 21 1114
14.010000 22 1101
14.010000 23 1103
14.010000 24 1113
14.010000 25 1106
15.010000 0 1127
15.010000 1 1253
15.010000 2 1153
15.010000 3 1227
15.010000 4 1236
15.010000 5 1225
15.010000 6 1247
15.010000 7 1218
15.010000 8 1243
15.010000 9 1243
15.010000 10 1195
15.010000 11 1237
15.010000 12 1227
15.010000 13 1216
15.010000 14 1222
15.010000 15 1204
15.010000 16 1232
15.010000 17 1205
15.010000 18 1201
15.010000 19 1224
15.010000 20 1225
15.010000 21 1228
15.010000 22 1222
15.010000 23 1246
15.010000 24 1230
15.010000 25 1229
16.010000 0 1304
16.010000 1 1494
16.010000 2 1392
16.010000 3 1445
16.010000 4 1401
16.010000 5 1462
16.010000 6 1488
16.010000 7 1465
16.010000 8 1491
16.010000 9 1480
16.010000 10 1369
16.010000 11 1479
16.010000 12 1470
16.010000 13 1468
16.010000 14 1405
16.010000 15 1446
16.010000 16 1433
16.010000 17 1371
16.010000 18 1408
16.010000 19 1467
16.010000 20 1469
16.010000 21 1466
16.010000 22 1458
16.010000 23 1462
16.010000 24 1473
16.010000 25 1466
17.010000 0 1313
17.010000 1 1451
17.010000 2 1342
17.010000 3 1417
17.010000 4 1351
17.010000 5 1419
17.010000 6 1443
17.010000 7 1420
17.010000 8 1449
17.010000 9 1438
17.010000 10 1339
17.010000 11 1441
17.010000 12 1421
17.010000 13 1418
17.010000 14 1385
17.010000 15 1399
17.010000 16 1395
17.010000 17 1342
17.010000 18 1373
17.010000 19 1422
17.010000 20 1432
17.010000 21 1421
17.010000 22 1421
17.010000 23 1392
17.010000 24 1458
17.010000 25 1426
18.010000 0 1199
18.010000 1 1337
18.010000 2 1256
18.010000 3 1306
18.010000 4 1240
18.010000 5 1319
18.010000 6 1332
18.010000 7 1307
18.010000 8 1339
18.010000 9 1310
18.010000 10 1250
18.010000 11 1328
18.010000 12 1312
18.010000 13 1306
18.010000 14 1255
18.010000 15 1298
18.010000 16 1288
18.010000 17 1229
18.010000 18 1270
18.010000 19 1313
18.010000 20 1319
18.010000 21 1315
18.010000 22 1309
18.010000 23 1332
18.010000 24 1312
18.010000 25 1315
19.010000 0 1405
19.010000 1 1578
19.010000 2 1472
19.010000 3 1562
19.010000 4 1470
19.010000 5 1536
19.010000 6 1564
19.010000 7 1537
19.010000 8 1561
19.010000 9 1560
19.010000 10 1424
19.010000 11 1562
19.010000 12 1556
19.010000 13 1534
19.010000 14 1473
19.010000 15 1513
19.010000 16 1516
19.010000 17 1484
19.010000 18 1483
19.010000 19 1536
19.010000 20 1549
19.010000 21 1547
19.010000 22 1536
19.010000 23 1512
19.010000 24 1544
19.010000 25 1548
20.010000 0 1109
20.010000 1 1246
20.010000 2 1171
20.010000 3 1227
20.010000 4 1143
20.010000 5 1219
20.010000 6 1244
20.010000 7 1232
20.010000 8 1239
20.010000 9 1240
20.010000 10 1155
20.010000 11 1237
20.010000 12 1221
20.010000 13 1217
20.010000 14 1173
20.010000 15 1195
20.010000 16 1193
20.010000 17 1149
20.010000 18 1170
20.010000 19 1233
20.010000 20 1229
20.010000 21 1254
20.010000 22 1220
20.010000 23 1250
20.010000 24 1226
20.010000 25 1231
21.010000 0 1308
21.010000 1 1460
21.010000 2 1359
21.010000 3 1425
21.010000 4 1361
21.010000 5 1429
21.010000 6 1432
21.010000 7 1439
21.010000 8 1449
21.010000 9 1442
21.010000 10 1335
21.010000 11 1443
21.010000 12 1422
21.010000 13 1421
21.010000 14 1381
21.010000 15 1408
21.010000 16 1402
21.010000 17 1358
21.010000 18 1384
21.010000 19 1437
21.010000 20 1434
21.010000 21 1427
21.010000 22 1423
21.010000 23 1418
21.010000 24 1430
21.010000 25 1429
22.010000 0 1256
22.010000 1 1430
22.010000 2 1339
22.010000 3 1413
22.010000 4 1324
22.010000 5 1422
22.010000 6 1420
22.010000 7 1369
22.010000 8 1422
22.010000 9 1423
22.010000 10 1306
22.010000 11 1422
22.010000 12 1403
22.010000 13 1396
22.010000 14 1306
22.010000 15 1398
22.010000 16 1378
22.010000 17 1329
22.010000 18 1352
22.010000 19 1391
22.010000 20 1408
22.010000 21 1435
22.010000 22 1425
22.010000 23 1401
22.010000 24 1402
22.010000 25 1409
23.010000 0 1241
23.010000 1 1365
23.010000 2 1273
23.010000 3 1345
23.010000 4 1282
23.010000 5 1347
23.010000 6 1357
23.010000 7 1332
23.010000 8 1358
23.010000 9 1346
23.010000 10 1250
23.010000 11 1365
23.010000 12 1335
23.010000 13 1301
23.010000 14 1299
23.010000 15 1330
23.010000 16 1329
23.010000 17 1277
23.010000 18 1292
23.010000 19 1350
23.010000 20 1344
23.010000 21 1345
23.010000 22 1306
23.010000 23 1332
23.010000 24 1342
23.010000 25 1330
24.010000 0 1199
24.010000 1 1327
24.010000 2 1248
24.010000 3 1299
24.010000 4 1223
24.010000 5 1298
24.010000 6 1318
24.010000 7 1295
24.010000 8 1314
24.010000 9 1316
24.010000 10 1210
24.010000 11 1297
24.010000 12 1297
24.010000 13 1320
24.010000 14 1250
24.010000 15 1275
24.010000 16 1281
24.010000 17 1225
24.010000 18 1262
24.010000 19 1315
24.010000 20 1308
24.010000 21 1306
24.010000 22 1323
24.010000 23 1296
24.010000 24 1304
24.010000 25 1304
25.010000 0 1268
25.010000 1 1438
25.010000 2 1312
25.010000 3 1400
25.010000 4 1333
25.010000 5 1410
25.010000 6 1421
25.010000 7 1406
25.010000 8 1430
25.010000 9 1418
25.010000 10 1316
25.010000 11 1442
25.010000 12 1400
25.010000 13 1366
25.010000 14 1358
25.010000 15 1387
25.010000 16 1374
25.010000 17 1333
25.010000 18 1346
25.010000 19 1395
25.010000 20 1407
25.010000 21 1408
25.010000 22 1401
25.010000 23 1397
25.010000 24 1430
25.010000 25 1421
26.010000 0 1201
26.010000 1 1410
26.010000 2 1310
26.010000 3 1378
26.010000 4 1307
26.010000 5 1380
26.010000 6 1410
26.010000 7 1376
26.010000 8 1392
26.010000 9 1415
26.010000 10 1292
26.010000 11 1384
26.010000 12 1370
26.010000 13 1396
26.010000 14 1285
26.010000 15 1353
26.010000 16 1346
26.010000 17 1297
26.010000 18 1304
26.010000 19 1368
26.010000 20 1371
26.010000 21 1379
26.010000 22 1363
26.010000 23 1348
26.010000 24 1374
26.010000 25 1379
27.010000 0 1382
27.010000 1 1528
27.010000 2 1406
27.010000 3 1510
27.010000 4 1428
27.010000 5 1486
27.010000 6 1521
27.010000 7 1481
27.010000 8 1514
27.010000 9 1507
27.010000 10 1402
27.010000 11 1510
27.010000 12 1491
27.010000 13 1457
27.010000 14 1446
27.010000 15 1463
27.010000 16 1464
27.010000 17 1441
27.010000 18 1444
27.010000 19 1486
27.010000 20 1500
27.010000 21 1466
27.010000 22 1494
27.010000 23 1512
27.010000 24 1502
27.010000 25 1498
28.010000 0 1251
28.010000 1 1372
28.010000 2 1304
28.010000 3 1363
28.010000 4 1274
28.010000 5 1354
28.010000 6 1358
28.010000 7 1302
28.010000 8 1362
28.010000 9 1352
28.010000 10 1251
28.010000 11 1361
28.010000 12 1352
28.010000 13 1371
28.010000 14 1295
28.010000 15 1341
28.010000 16 1342
28.010000 17 1290
28.010000 18 1305
28.010000 19 1357
28.010000 20 1349
28.010000 21 1348
28.010000 22 1342
28.010000 23 1316
28.010000 24 1346
28.010000 25 1347
29.010000 0 1211
29.010000 1 1378
29.010000 2 1280
29.010000 3 1344
29.010000 4 1276
29.010000 5 1338
29.010000 6 1374
29.010000 7 1382
29.010000 8 1382
29.010000 9 1366
29.010000 10 1252
29.010000 11 1362
29.010000 12 1359
29.010000 13 1352
29.010000 14 1291
29.010000 15 1325
29.010000 16 1312
29.010000 17 1262
29.010000 18 1284
29.010000 19 1360
29.010000 20 1356
29.010000 21 1380
29.010000 22 1318
29.010000 23 1355
29.010000 24 1360
29.010000 25 1355
30.010000 0 1220
30.010000 1 1354
30.010000 2 1302
30.010000 3 1314
30.010000 4 1266
30.010000 5 1338
30.010000 6 1345
30.010000 7 1298
30.010000 8 1351
30.010000 9 1348
30.010000 10 1249
30.010000 11 1333
30.010000 12 1334
30.010000 13 1316
30.010000 14 1301
30.010000 15 1318
30.010000 16 1320
30.010000 17 1247
30.010000 18 1276
30.010000 19 1349
30.010000 20 1340
30.010000 21 1356
30.010000 22 1322
30.010000 23 1343
30.010000 24 1342
30.010000 25 1308
31.010000 0 1237
31.010000 1 1406
31.010000 2 1292
31.010000 3 1372
31.010000 4 1305
31.010000 5 1381
31.010000 6 1398
31.010000 7 1366
31.010000 8 1395
31.010000 9 1411
31.010000 10 1293
31.010000 11 1400
31.010000 12 1374
31.010000 13 1387
31.010000 14 1304
31.010000 15 1360
31.010000 16 1348
31.010000 17 1286
31.010000 18 1316
31.010000 19 1370
31.010000 20 1384
31.010000 21 1382
31.010000 22 1374
31.010000 23 1375
31.010000 24 1386
31.010000 25 1385
32.010000 0 1141
32.010000 1 1354
32.010000 2 1250
32.010000 3 1322
32.010000 4 1246
32.010000 5 1321
32.010000 6 1342
32.010000 7 1351
32.010000 8 1361
32.010000 9 1314
32.010000 10 1257
32.010000 11 1342
32.010000 12 1326
32.010000 13 1303
32.010000 14 1227
32.010000 15 1313
32.010000 16 1285
32.010000 17 1239
32.010000 18 1247
32.010000 19 1330
32.010000 20 1323
32.010000 21 1322
32.010000 22 1317
32.010000 23 1317
32.010000 24 1354
32.010000 25 1328
33.010000 0 1251
33.010000 1 1408
33.010000 2 1306
33.010000 3 1384
33.010000 4 1321
33.010000 5 1378
33.010000 6 1401
33.010000 7 1370
33.010000 8 1397
33.010000 9 1393
33.010000 10 1283
33.010000 11 1397
33.010000 12 1379
33.010000 13 1371
33.010000 14 1317
33.010000 15 1357
33.010000 16 1361
33.010000 17 1313
33.010000 18 1327
33.010000 19 1373
33.010000 20 1379
33.010000 21 1380
33.010000 22 1376
33.010000 23 1373
33.010000 24 1381
33.010000 25 1378
34.010000 0 1179
34.010000 1 1333
34.010000 2 1233
34.010000 3 1309
34.010000 4 1238
34.010000 5 1301
34.010000 6 1326
34.010000 7 1320
34.010000 8 1326
34.010000 9 1322
34.010000 10 1218
34.010000 11 1318
34.010000 12 1305
34.010000 13 1295
34.010000 14 1256
34.010000 15 1280
34.010000 16 1291
34.010000 17 1238
34.010000 18 1242
34.010000 19 1302
34.010000 20 1309
34.010000 21 1309
34.010000 22 1307
34.010000 23 1304
34.010000 24 1309
34.010000 25 1333
35.010000 0 1333
35.010000 1 1479
35.010000 2 1371
35.010000 3 1452
35.010000 4 1353
35.010000 5 1438
35.010000 6 1470
35.010000 7 1448
35.010000 8 1474
35.010000 9 1469
35.010000 10 1332
35.010000 11 1491
35.010000 12 1462
35.010000 13 1446
35.010000 14 1403
35.010000 15 1408
35.010000 16 1442
35.010000 17 1373
35.010000 18 1393
35.010000 19 1441
35.010000 20 1462
35.010000 21 1458
35.010000 22 1472
35.010000 23 1447
35.010000 24 1459
35.010000 25 1457
36.010000 0 1246
36.010000 1 1363
36.010000 2 1283
36.010000 3 1361
36.010000 4 1270
36.010000 5 1316
36.010000 6 1383
36.010000 7 1335
36.010000 8 1354
36.010000 9 1369
36.010000 10 1276
36.010000 11 1351
36.010000 12 1353
36.010000 13 1338
36.010000 14 1289
36.010000 15 1293
36.010000 16 1321
36.010000 17 1291
36.010000 18 1311
36.010000 19 1341
36.010000 20 1345
36.010000 21 1343
36.010000 22 1307
36.010000 23 1340
36.010000 24 1334
36.010000 25 1328
37.010000 0 1257
37.010000 1 1446
37.010000 2 1371
37.010000 3 1403
37.010000 4 1343
37.010000 5 1425
37.010000 6 1428
37.010000 7 1413
37.010000 8 1451
37.010000 9 1451
37.010000 10 1318
37.010000 11 1430
37.010000 12 1420
37.010000 13 1381
37.010000 14 1344
37.010000 15 1405
37.010000 16 1392
37.010000 17 1322
37.010000 18 1346
37.010000 19 1426
37.010000 20 1449
37.010000 21 1422
37.010000 22 1408
37.010000 23 1405
37.010000 24 1421
37.010000 25 1436
38.010000 0 1177
38.010000 1 1332
38.010000 2 1225
38.010000 3 1301
38.010000 4 1251
38.010000 5 1310
38.010000 6 1311
38.010000 7 1296
38.010000 8 1321
38.010000 9 1309
38.010000 10 1199
38.010000 11 1317
38.010000 12 1305
38.010000 13 1320
38.010000 14 1250
38.010000 15 1298
38.010000 16 1269
38.010000 17 1231
38.010000 18 1240
38.010000 19 1298
38.010000 20 1275
38.010000 21 1299
38.010000 22 1328
38.010000 23 1293
38.010000 24 1307
38.010000 25 1305
39.010000 0 1418
39.010000 1 1575
39.010000 2 1457
39.010000 3 1542
39.010000 4 1462
39.010000 5 1533
39.010000 6 1564
39.010000 7 1541
39.010000 8 1570
39.010000 9 1543
39.010000 10 1460
39.010000 11 1569
39.010000 12 1541
39.010000 13 1543
39.010000 14 1501
39.010000 15 1506
39.010000 16 1528
39.010000 17 1456
39.010000 18 1477
39.010000 19 1543
39.010000 20 1557
39.010000 21 1550
39.010000 22 1546
39.010000 23 1541
39.010000 24 1548
39.010000 25 1547
40.010000 0 1168
40.010000 1 1357
40.010000 2 1264
40.010000 3 1320
40.010000 4 1274
40.010000 5 1329
40.010000 6 1374
40.010000 7 1327
40.010000 8 1348
40.010000 9 1349
40.010000 10 1236
40.010000 11 1339
40.010000 12 1331
40.010000 13 1319
40.010000 14 1259
40.010000 15 1309
40.010000 16 1296
40.010000 17 1241
40.010000 18 1260
40.010000 19 1329
40.010000 20 1331
40.010000 21 1329
40.010000 22 1325
40.010000 23 1354
40.010000 24 1334
40.010000 25 1350
41.010000 0 1402
41.010000 1 1552
41.010000 2 1410
41.010000 3 1532
41.010000 4 1442
41.010000 5 1515
41.010000 6 1557
41.010000 7 1539
41.010000 8 1542
41.010000 9 1533
41.010000 10 1427
41.010000 11 1537
41.010000 12 1494
41.010000 13 1504
41.010000 14 1467
41.010000 15 1489
41.010000 16 1486
41.010000 17 1457
41.010000 18 1468
41.010000 19 1508
41.010000 20 1522
41.010000 21 1520
41.010000 22 1515
41.010000 23 1481
41.010000 24 1503
41.010000 25 1519
42.010000 0 1306
42.010000 1 1490
42.010000 2 1378
42.010000 3 1452
42.010000 4 1381
42.010000 5 1459
42.010000 6 1478
42.010000 7 1480
42.010000 8 1476
42.010000 9 1475
42.010000 10 1362
42.010000 11 1476
42.010000 12 1443
42.010000 13 1460
42.010000 14 1387
42.010000 15 1427
42.010000 16 1426
42.010000 17 1379
42.010000 18 1398
42.010000 19 1444
42.010000 20 1464
42.010000 21 1460
42.010000 22 1424
42.010000 23 1447
42.010000 24 1451
42.010000 25 1461
43.010000 0 1202
43.010000 1 1352
43.010000 2 1268
43.010000 3 1323
43.010000 4 1239
43.010000 5 1329
43.010000 6 1341
43.010000 7 1318
43.010000 8 1331
43.010000 9 1338
43.010000 10 1228
43.010000 11 1351
43.010000 12 1324
43.010000 13 1320
43.010000 14 1272
43.010000 15 1310
43.010000 16 1288
43.010000 17 1247
43.010000 18 1262
43.010000 19 1326
43.010000 20 1346
43.010000 21 1326
43.010000 22 1314
43.010000 23 1320
43.010000 24 1361
43.010000 25 1339
44.010000 0 1267
44.010000 1 1391
44.010000 2 1285
44.010000 3 1378
44.010000 4 1281
44.010000 5 1358
44.010000 6 1381
44.010000 7 1352
44.010000 8 1371
44.010000 9 1377
44.010000 10 1261
44.010000 11 1372
44.010000 12 1356
44.010000 13 1352
44.010000 14 1327
44.010000 15 1336
44.010000 16 1335
44.010000 17 1316
44.010000 18 1317
44.010000 19 1356
44.010000 20 1366
44.010000 21 1361
44.010000 22 1363
44.010000 23 1351
44.010000 24 1363
44.010000 25 1367
45.010000 0 1205
45.010000 1 1369
45.010000 2 1286
45.010000 3 1331
45.010000 4 1268
45.010000 5 1353
45.010000 6 1359
45.010000 7 1334
45.010000 8 1362
45.010000 9 1351
45.010000 10 1246
45.010000 11 1356
45.010000 12 1350
45.010000 13 1329
45.010000 14 1284
45.010000 15 1342
45.010000 16 1309
45.010000 17 1254
45.010000 18 1279
45.010000 19 1343
45.010000 20 1349
45.010000 21 1362
45.010000 22 1354
45.010000 23 1340
45.010000 24 1343
45.010000 25 1341
46.010000 0 1328
46.010000 1 1491
46.010000 2 1370
46.010000 3 1452
46.010000 4 1361
46.010000 5 1454
46.010000 6 1484
46.010000 7 1455
46.010000 8 1508
46.010000 9 1478
46.010000 10 1373
46.010000 11 1484
46.010000 12 1470
46.010000 13 1457
46.010000 14 1415
46.010000 15 1441
46.010000 16 1437
46.010000 17 1371
46.010000 18 1396
46.010000 19 1450
46.010000 20 1488
46.010000 21 1467
46.010000 22 1462
46.010000 23 1455
46.010000 24 1473
46.010000 25 1463
47.010000 0 1091
47.010000 1 1230
47.010000 2 1150
47.010000 3 1212
47.010000 4 1149
47.010000 5 1217
47.010000 6 1219
47.010000 7 1200
47.010000 8 1224
47.010000 9 1239
47.010000 10 1109
47.010000 11 1234
47.010000 12 1193
47.010000 13 1194
47.010000 14 1157
47.010000 15 1193
47.010000 16 1168
47.010000 17 1137
47.010000 18 1146
47.010000 19 1216
47.010000 20 1208
47.010000 21 1198
47.010000 22 1199
47.010000 23 1201
47.010000 24 1201
47.010000 25 1205
48.010000 0 1289
48.010000 1 1464
48.010000 2 1350
48.010000 3 1429
48.010000 4 1356
48.010000 5 1431
48.010000 6 1432
48.010000 7 1414
48.010000 8 1432
48.010000 9 1431
48.010000 10 1319
48.010000 11 1431
48.010000 12 1411
48.010000 13 1408
48.010000 14 1370
48.010000 15 1407
48.010000 16 1392
48.010000 17 1364
48.010000 18 1364
48.010000 19 1410
48.010000 20 1417
48.010000 21 1418
48.010000 22 1405
48.010000 23 1397
48.010000 24 1422
48.010000 25 1417
49.010000 0 1393
49.010000 1 1575
49.010000 2 1477
49.010000 3 1540
49.010000 4 1450
49.010000 5 1546
49.010000 6 1568
49.010000 7 1539
49.010000 8 1568
49.010000 9 1567
49.010000 10 1468
49.010000 11 1565
49.010000 12 1546
49.010000 13 1538
49.010000 14 1476
49.010000 15 1528
49.010000 16 1521
49.010000 17 1458
49.010000 18 1482
49.010000 19 1554
49.010000 20 1524
49.010000 21 1552
49.010000 22 1538
49.010000 23 1537
49.010000 24 1549
49.010000 25 1549
50.010000 0 1220
50.010000 1 1397
50.010000 2 1279
50.010000 3 1368
50.010000 4 1310
50.010000 5 1365
50.010000 6 1392
50.010000 7 1364
50.010000 8 1407
50.010000 9 1380
50.010000 10 1290
50.010000 11 1390
50.010000 12 1367
50.010000 13 1360
50.010000 14 1306
50.010000 15 1347
50.010000 16 1339
50.010000 17 1290
50.010000 18 1301
50.010000 19 1354
50.010000 20 1373
50.010000 21 1373
50.010000 22 1370
50.010000 23 1363
50.010000 24 1373
50.010000 25 1371
51.010000 0 1337
51.010000 1 1489
51.010000 2 1387
51.010000 3 1466
51.010000 4 1386
51.010000 5 1456
51.010000 6 1478
51.010000 7 1453
51.010000 8 1478
51.010000 9 1463
51.010000 10 1341
51.010000 11 1477
51.010000 12 1460
51.010000 13 1483
51.010000 14 1403
51.010000 15 1424
51.010000 16 1432
51.010000 17 1395
51.010000 18 1408
51.010000 19 1447
51.010000 20 1463
51.010000 21 1462
51.010000 22 1454
51.010000 23 1455
51.010000 24 1463
51.010000 25 1463
52.010000 0 1238
52.010000 1 1398
52.010000 2 1290
52.010000 3 1385
52.010000 4 1301
52.010000 5 1373
52.010000 6 1388
52.010000 7 1363
52.010000 8 1387
52.010000 9 1400
52.010000 10 1302
52.010000 11 1383
52.010000 12 1364
52.010000 13 1360
52.010000 14 1324
52.010000 15 1351
52.010000 16 1340
52.010000 17 1311
52.010000 18 1291
52.010000 19 1364
52.010000 20 1369
52.010000 21 1366
52.010000 22 1333
52.010000 23 1362
52.010000 24 1370
52.010000 25 1369
53.010000 0 1264
53.010000 1 1442
53.010000 2 1358
53.010000 3 1406
53.010000 4 1353
53.010000 5 1435
53.010000 6 1426
53.010000 7 1402
53.010000 8 1429
53.010000 9 1427
53.010000 10 1326
53.010000 11 1425
53.010000 12 1420
53.010000 13 1381
53.010000 14 1348
53.010000 15 1427
53.010000 16 1381
53.010000 17 1342
53.010000 18 1355
53.010000 19 1420
53.010000 20 1408
53.010000 21 1411
53.010000 22 1396
53.010000 23 1399
53.010000 24 1414
53.010000 25 1415
54.010000 0 1212
54.010000 1 1327
54.010000 2 1225
54.010000 3 1304
54.010000 4 1229
54.010000 5 1276
54.010000 6 1341
54.010000 7 1297
54.010000 8 1324
54.010000 9 1326
54.010000 10 1221
54.010000 11 1317
54.010000 12 1307
54.010000 13 1277
54.010000 14 1266
54.010000 15 1258
54.010000 16 1277
54.010000 17 1232
54.010000 18 1265
54.010000 19 1304
54.010000 20 1305
54.010000 21 1311
54.010000 22 1320
54.010000 23 1322
54.010000 24 1310
54.010000 25 1307
55.010000 0 1262
55.010000 1 1413
55.010000 2 1310
55.010000 3 1382
55.010000 4 1322
55.010000 5 1385
55.010000 6 1380
55.010000 7 1378
55.010000 8 1424
55.010000 9 1397
55.010000 10 1295
55.010000 11 1404
55.010000 12 1367
55.010000 13 1404
55.010000 14 1356
55.010000 15 1352
55.010000 16 1358
55.010000 17 1320
55.010000 18 1317
55.010000 19 1385
55.010000 20 1388
55.010000 21 1357
55.010000 22 1394
55.010000 23 1375
55.010000 24 1402
55.010000 25 1388
56.010000 0 1297
56.010000 1 1419
56.010000 2 1325
56.010000 3 1402
56.010000 4 1315
56.010000 5 1410
56.010000 6 1421
56.010000 7 1394
56.010000 8 1424
56.010000 9 1415
56.010000 10 1298
56.010000 11 1423
56.010000 12 1406
56.010000 13 1399
56.010000 14 1345
56.010000 15 1381
56.010000 16 1369
56.010000 17 1322
56.010000 18 1356
56.010000 19 1381
56.010000 20 1404
56.010000 21 1402
56.010000 22 1398
56.010000 23 1399
56.010000 24 1410
56.010000 25 1403
57.010000 0 1299
57.010000 1 1468
57.010000 2 1348
57.010000 3 1431
57.010000 4 1357
57.010000 5 1419
57.010000 6 1450
57.010000 7 1424
57.010000 8 1442
57.010000 9 1440
57.010000 10 1339
57.010000 11 1435
57.010000 12 1429
57.010000 13 1420
57.010000 14 1367
57.010000 15 1398
57.010000 16 1398
57.010000 17 1354
57.010000 18 1375
57.010000 19 1421
57.010000 20 1425
57.010000 21 1436
57.010000 22 1399
57.010000 23 1425
57.010000 24 1432
57.010000 25 1460
58.010000 0 1249
58.010000 1 1375
58.010000 2 1308
58.010000 3 1350
58.010000 4 1260
58.010000 5 1353
58.010000 6 1377
58.010000 7 1354
58.010000 8 1382
58.010000 9 1379
58.010000 10 1272
58.010000 11 1369
58.010000 12 1360
58.010000 13 1321
58.010000 14 1310
58.010000 15 1339
58.010000 16 1338
58.010000 17 1266
58.010000 18 1311
58.010000 19 1385
58.010000 20 1369
58.010000 21 1390
58.010000 22 1384
58.010000 23 1352
58.010000 24 1390
58.010000 25 1362
59.010000 0 1306
59.010000 1 1473
59.010000 2 1370
59.010000 3 1451
59.010000 4 1363
59.010000 5 1435
59.010000 6 1484
59.010000 7 1439
59.010000 8 1455
59.010000 9 1461
59.010000 10 1348
59.010000 11 1472
59.010000 12 1430
59.010000 13 1446
59.010000 14 1377
59.010000 15 1400
59.010000 16 1410
59.010000 17 1380
59.010000 18 1390
59.010000 19 1436
59.010000 20 1440
59.010000 21 1442
59.010000 22 1398
59.010000 23 1437
59.010000 24 1411
59.010000 25 1438
60.010000 0 1247
60.010000 1 1406
60.010000 2 1284
60.010000 3 1373
60.010000 4 1282
60.010000 5 1371
60.010000 6 1385
60.010000 7 1359
60.010000 8 1384
60.010000 9 1401
60.010000 10 1266
60.010000 11 1384
60.010000 12 1360
60.010000 13 1343
60.010000 14 1308
60.010000 15 1351
60.010000 16 1330
60.010000 17 1294
60.010000 18 1304
60.010000 19 1363
60.010000 20 1369
60.010000 21 1367
60.010000 22 1363
60.010000 23 1360
60.010000 24 1396
60.010000 25 1373
61.010000 0 1312
61.010000 1 1520
61.010000 2 1428
61.010000 3 1470
61.010000 4 1425
61.010000 5 1492
61.010000 6 1513
61.010000 7 1485
61.010000 8 1509
61.010000 9 1510
61.010000 10 1407
61.010000 11 1503
61.010000 12 1498
61.010000 13 1478
61.010000 14 1410
61.010000 15 1477
61.010000 16 1465
61.010000 17 1394
61.010000 18 1433
61.010000 19 1497
61.010000 20 1493
61.010000 21 1496
61.010000 22 1484
61.010000 23 1484
61.010000 24 1498
61.010000 25 1494
62.010000 0 1274
62.010000 1 1386
62.010000 2 1281
62.010000 3 1350
62.010000 4 1286
62.010000 5 1364
62.010000 6 1356
62.010000 7 1357
62.010000 8 1388
62.010000 9 1373
62.010000 10 1266
62.010000 11 1386
62.010000 12 1353
62.010000 13 1358
62.010000 14 1329
62.010000 15 1340
62.010000 16 1333
62.010000 17 1279
62.010000 18 1316
62.010000 19 1357
62.010000 20 1371
62.010000 21 1358
62.010000 22 1390
62.010000 23 1351
62.010000 24 1397
62.010000 25 1363
63.010000 0 1325
63.010000 1 1449
63.010000 2 1329
63.010000 3 1427
63.010000 4 1316
63.010000 5 1414
63.010000 6 1443
63.010000 7 1421
63.010000 8 1442
63.010000 9 1439
63.010000 10 1321
63.010000 11 1436
63.010000 12 1414
63.010000 13 1417
63.010000 14 1382
63.010000 15 1390
63.010000 16 1398
63.010000 17 1349
63.010000 18 1372
63.010000 19 1412
63.010000 20 1431
63.010000 21 1444
63.010000 22 1435
63.010000 23 1420
63.010000 24 1427
63.010000 25 1423
64.010000 0 1260
64.010000 1 1437
64.010000 2 1350
64.010000 3 1395
64.010000 4 1355
64.010000 5 1404
64.010000 6 1433
64.010000 7 1403
64.010000 8 1430
64.010000 9 1424
64.010000 10 1314
64.010000 11 1421
64.010000 12 1409
64.010000 13 1400
64.010000 14 1334
64.010000 15 1384
64.010000 16 1399
64.010000 17 1309
64.010000 18 1353
64.010000 19 1422
64.010000 20 1410
64.010000 21 1416
64.010000 22 1404
64.010000 23 1408
64.010000 24 1382
64.010000 25 1411
65.010000 0 1164
65.010000 1 1295
65.010000 2 1212
65.010000 3 1264
65.010000 4 1161
65.010000 5 1266
65.010000 6 1301
65.010000 7 1262
65.010000 8 1288
65.010000 9 1286
65.010000 10 1197
65.010000 11 1287
65.010000 12 1275
65.010000 13 1264
65.010000 14 1233
65.010000 15 1247
65.010000 16 1262
65.010000 17 1191
65.010000 18 1218
65.010000 19 1273
65.010000 20 1277
65.010000 21 1278
65.010000 22 1270
65.010000 23 1294
65.010000 24 1290
65.010000 25 1276
66.010000 0 1345
66.010000 1 1486
66.010000 2 1374
66.010000 3 1457
66.010000 4 1437
66.010000 5 1458
66.010000 6 1468
66.010000 7 1459
66.010000 8 1500
66.010000 9 1464
66.010000 10 1389
66.010000 11 1484
66.010000 12 1445
66.010000 13 1462
66.010000 14 1427
66.010000 15 1439
66.010000 16 1450
66.010000 17 1385
66.010000 18 1416
66.010000 19 1480
66.010000 20 1475
66.010000 21 1469
66.010000 22 1467
66.010000 23 1461
66.010000 24 1486
66.010000 25 1462
67.010000 0 1234
67.010000 1 1380
67.010000 2 1308
67.010000 3 1376
67.010000 4 1260
67.010000 5 1355
67.010000 6 1371
67.010000 7 1350
67.010000 8 1372
67.010000 9 1393
67.010000 10 1257
67.010000 11 1374
67.010000 12 1370
67.010000 13 1378
67.010000 14 1296
67.010000 15 1331
67.010000 16 1329
67.010000 17 1292
67.010000 18 1282
67.010000 19 1354
67.010000 20 1365
67.010000 21 1360
67.010000 22 1348
67.010000 23 1350
67.010000 24 1354
67.010000 25 1333
68.010000 0 1163
68.010000 1 1321
68.010000 2 1225
68.010000 3 1289
68.010000 4 1231
68.010000 5 1294
68.010000 6 1316
68.010000 7 1288
68.010000 8 1309
68.010000 9 1305
68.010000 10 1197
68.010000 11 1299
68.010000 12 1283
68.010000 13 1260
68.010000 14 1237
68.010000 15 1267
68.010000 16 1265
68.010000 17 1228
68.010000 18 1247
68.010000 19 1285
68.010000 20 1293
68.010000 21 1320
68.010000 22 1287
68.010000 23 1313
68.010000 24 1297
68.010000 25 1326
69.010000 0 1365
69.010000 1 1516
69.010000 2 1389
69.010000 3 1499
69.010000 4 1423
69.010000 5 1484
69.010000 6 1507
69.010000 7 1481
69.010000 8 1485
69.010000 9 1514
69.010000 10 1398
69.010000 11 1507
69.010000 12 1468
69.010000 13 1489
69.010000 14 1435
69.010000 15 1455
69.010000 16 1462
69.010000 17 1425
69.010000 18 1426
69.010000 19 1471
69.010000 20 1483
69.010000 21 1486
69.010000 22 1483
69.010000 23 1457
69.010000 24 1483
69.010000 25 1490
70.010000 0 1279
70.010000 1 1452
70.010000 2 1339
70.010000 3 1407
70.010000 4 1337
70.010000 5 1422
70.010000 6 1437
70.010000 7 1416
70.010000 8 1445
70.010000 9 1434
70.010000 10 1349
70.010000 11 1439
70.010000 12 1419
70.010000 13 1419
70.010000 14 1361
70.010000 15 1408
70.010000 16 1386
70.010000 17 1325
70.010000 18 1357
70.010000 19 1427
70.010000 20 1423
70.010000 21 1417
70.010000 22 1417
70.010000 23 1408
70.010000 24 1431
70.010000 25 1423
71.010000 0 1283
71.010000 1 1452
71.010000 2 1340
71.010000 3 1427
71.010000 4 1371
71.010000 5 1427
71.010000 6 1445
71.010000 7 1418
71.010000 8 1444
71.010000 9 1435
71.010000 10 1335
71.010000 11 1438
71.010000 12 1419
71.010000 13 1411
71.010000 14 1362
71.010000 15 1405
71.010000 16 1373
71.010000 17 1356
71.010000 18 1360
71.010000 19 1417
71.010000 20 1423
71.010000 21 1423
71.010000 22 1419
71.010000 23 1446
71.010000 24 1400
71.010000 25 1426
72.010000 0 1299
72.010000 1 1448
72.010000 2 1342
72.010000 3 1420
72.010000 4 1334
72.010000 5 1411
72.010000 6 1424
72.010000 7 1399
72.010000 8 1431
72.010000 9 1400
72.010000 10 1307
72.010000 11 1425
72.010000 12 1415
72.010000 13 1399
72.010000 14 1357
72.010000 15 1400
72.010000 16 1404
72.010000 17 1350
72.010000 18 1359
72.010000 19 1416
72.010000 20 1414
72.010000 21 1405
72.010000 22 1406
72.010000 23 1394
72.010000 24 1411
72.010000 25 1410
73.010000 0 1263
73.010000 1 1423
73.010000 2 1334
73.010000 3 1397
73.010000 4 1331
73.010000 5 1390
73.010000 6 1415
73.010000 7 1393
73.010000 8 1414
73.010000 9 1410
73.010000 10 1310
73.010000 11 1406
73.010000 12 1392
73.010000 13 1387
73.010000 14 1340
73.010000 15 1365
73.010000 16 1372
73.010000 17 1324
73.010000 18 1343
73.010000 19 1402
73.010000 20 1401
73.010000 21 1398
73.010000 22 1383
73.010000 23 1398
73.010000 24 1395
73.010000 25 1399
74.010000 0 1192
74.010000 1 1345
74.010000 2 1216
74.010000 3 1310
74.010000 4 1221
74.010000 5 1292
74.010000 6 1314
74.010000 7 1321
74.010000 8 1317
74.010000 9 1312
74.010000 10 1196
74.010000 11 1316
74.010000 12 1294
74.010000 13 1294
74.010000 14 1263
74.010000 15 1274
74.010000 16 1264
74.010000 17 1241
74.010000 18 1242
74.010000 19 1294
74.010000 20 1300
74.010000 21 1294
74.010000 22 1293
74.010000 23 1275
74.010000 24 1330
74.010000 25 1302
75.010000 0 1254
75.010000 1 1446
75.010000 2 1359
75.010000 3 1431
75.010000 4 1325
75.010000 5 1414
75.010000 6 1444
75.010000 7 1414
75.010000 8 1432
75.010000 9 1439
75.010000 10 1328
75.010000 11 1430
75.010000 12 1431
75.010000 13 1411
75.010000 14 1341
75.010000 15 1387
75.010000 16 1408
75.010000 17 1352
75.010000 18 1345
75.010000 19 1410
75.010000 20 1415
75.010000 21 1423
75.010000 22 1416
75.010000 23 1434
75.010000 24 1415
75.010000 25 1422
76.010000 0 1220
76.010000 1 1339
76.010000 2 1261
76.010000 3 1315
76.010000 4 1228
76.010000 5 1306
76.010000 6 1326
76.010000 7 1301
76.010000 8 1332
76.010000 9 1323
76.010000 10 1250
76.010000 11 1325
76.010000 12 1331
76.010000 13 1277
76.010000 14 1259
76.010000 15 1292
76.010000 16 1283
76.010000 17 1239
76.010000 18 1273
76.010000 19 1317
76.010000 20 1317
76.010000 21 1316
76.010000 22 1300
76.010000 23 1295
76.010000 24 1335
76.010000 25 1311
77.010000 0 1202
77.010000 1 1368
77.010000 2 1245
77.010000 3 1347
77.010000 4 1248
77.010000 5 1354
77.010000 6 1359
77.010000 7 1368
77.010000 8 1363
77.010000 9 1351
77.010000 10 1235
77.010000 11 1381
77.010000 12 1323
77.010000 13 1347
77.010000 14 1274
77.010000 15 1328
77.010000 16 1304
77.010000 17 1262
77.010000 18 1260
77.010000 19 1328
77.010000 20 1342
77.010000 21 1336
77.010000 22 1369
77.010000 23 1299
77.010000 24 1350
77.010000 25 1341
78.010000 0 1383
78.010000 1 1530
78.010000 2 1438
78.010000 3 1492
78.010000 4 1428
78.010000 5 1498
78.010000 6 1525
78.010000 7 1494
78.010000 8 1540
78.010000 9 1516
78.010000 10 1412
78.010000 11 1516
78.010000 12 1512
78.010000 13 1479
78.010000 14 1446
78.010000 15 1474
78.010000 16 1472
78.010000 17 1418
78.010000 18 1465
78.010000 19 1499
78.010000 20 1494
78.010000 21 1503
78.010000 22 1473
78.010000 23 1491
78.010000 24 1499
78.010000 25 1504
79.010000 0 1103
79.010000 1 1255
79.010000 2 1159
79.010000 3 1217
79.010000 4 1164
79.010000 5 1215
79.010000 6 1231
79.010000 7 1210
79.010000 8 1238
79.010000 9 1229
79.010000 10 1136
79.010000 11 1249
79.010000 12 1225
79.010000 13 1240
79.010000 14 1161
79.010000 15 1202
79.010000 16 1190
79.010000 17 1141
79.010000 18 1167
79.010000 19 1224
79.010000 20 1231
79.010000 21 1188
79.010000 22 1216
79.010000 23 1238
79.010000 24 1207
79.010000 25 1213
80.010000 0 1178
80.010000 1 1352
80.010000 2 1245
80.010000 3 1317
80.010000 4 1226
80.010000 5 1312
80.010000 6 1327
80.010000 7 1308
80.010000 8 1323
80.010000 9 1322
80.010000 10 1215
80.010000 11 1326
80.010000 12 1309
80.010000 13 1304
80.010000 14 1251
80.010000 15 1293
80.010000 16 1287
80.010000 17 1238
80.010000 18 1245
80.010000 19 1314
80.010000 20 1308
80.010000 21 1344
80.010000 22 1337
80.010000 23 1321
80.010000 24 1312
80.010000 25 1312
81.010000 0 1333
81.010000 1 1465
81.010000 2 1334
81.010000 3 1436
81.010000 4 1360
81.010000 5 1414
81.010000 6 1447
81.010000 7 1425
81.010000 8 1455
81.010000 9 1422
81.010000 10 1348
81.010000 11 1452
81.010000 12 1423
81.010000 13 1419
81.010000 14 1381
81.010000 15 1394
81.010000 16 1409
81.010000 17 1363
81.010000 18 1396
81.010000 19 1427
81.010000 20 1438
81.010000 21 1439
81.010000 22 1432
81.010000 23 1418
81.010000 24 1440
81.010000 25 1456
82.010000 0 1281
82.010000 1 1465
82.010000 2 1357
82.010000 3 1429
82.010000 4 1356
82.010000 5 1430
82.010000 6 1446
82.010000 7 1431
82.010000 8 1453
82.010000 9 1452
82.010000 10 1342
82.010000 11 1445
82.010000 12 1431
82.010000 13 1424
82.010000 14 1365
82.010000 15 1406
82.010000 16 1407
82.010000 17 1342
82.010000 18 1374
82.010000 19 1428
82.010000 20 1409
82.010000 21 1440
82.010000 22 1446
82.010000 23 1432
82.010000 24 1436
82.010000 25 1464
83.010000 0 1357
83.010000 1 1514
83.010000 2 1424
83.010000 3 1487
83.010000 4 1405
83.010000 5 1480
83.010000 6 1506
83.010000 7 1478
83.010000 8 1505
83.010000 9 1502
83.010000 10 1391
83.010000 11 1503
83.010000 12 1495
83.010000 13 1479
83.010000 14 1423
83.010000 15 1455
83.010000 16 1460
83.010000 17 1402
83.010000 18 1427
83.010000 19 1484
83.010000 20 1489
83.010000 21 1487
83.010000 22 1450
83.010000 23 1478
83.010000 24 1484
83.010000 25 1492
84.010000 0 1141
84.010000 1 1336
84.010000 2 1245
84.010000 3 1307
84.010000 4 1251
84.010000 5 1318
84.010000 6 1327
84.010000 7 1300
84.010000 8 1326
84.010000 9 1321
84.010000 10 1202
84.010000 11 1321
84.010000 12 1303
84.010000 13 1293
84.010000 14 1233
84.010000 15 1298
84.010000 16 1275
84.010000 17 1237
84.010000 18 1232
84.010000 19 1303
84.010000 20 1324
84.010000 21 1309
84.010000 22 1324
84.010000 23 1307
84.010000 24 1311
84.010000 25 1331
85.010000 0 1181
85.010000 1 1319
85.010000 2 1252
85.010000 3 1292
85.010000 4 1213
85.010000 5 1297
85.010000 6 1315
85.010000 7 1295
85.010000 8 1313
85.010000 9 1310
85.010000 10 1231
85.010000 11 1311
85.010000 12 1308
85.010000 13 1291
85.010000 14 1254
85.010000 15 1276
85.010000 16 1266
85.010000 17 1219
85.010000 18 1231
85.010000 19 1290
85.010000 20 1300
85.010000 21 1270
85.010000 22 1286
85.010000 23 1290
85.010000 24 1299
85.010000 25 1296
86.010000 0 1329
86.010000 1 1493
86.010000 2 1405
86.010000 3 1471
86.010000 4 1382
86.010000 5 1469
86.010000 6 1487
86.010000 7 1465
86.010000 8 1490
86.010000 9 1488
86.010000 10 1374
86.010000 11 1492
86.010000 12 1465
86.010000 13 1465
86.010000 14 1383
86.010000 15 1443
86.010000 16 1449
86.010000 17 1367
86.010000 18 1401
86.010000 19 1479
86.010000 20 1473
86.010000 21 1473
86.010000 22 1467
86.010000 23 1468
86.010000 24 1478
86.010000 25 1472
87.010000 0 1194
87.010000 1 1334
87.010000 2 1251
87.010000 3 1323
87.010000 4 1232
87.010000 5 1305
87.010000 6 1331
87.010000 7 1288
87.010000 8 1328
87.010000 9 1325
87.010000 10 1245
87.010000 11 1341
87.010000 12 1324
87.010000 13 1299
87.010000 14 1258
87.010000 15 1292
87.010000 16 1277
87.010000 17 1253
87.010000 18 1257
87.010000 19 1311
87.010000 20 1310
87.010000 21 1308
87.010000 22 1305
87.010000 23 1303
87.010000 24 1311
87.010000 25 1309
88.010000 0 1240
88.010000 1 1417
88.010000 2 1321
88.010000 3 1387
88.010000 4 1315
88.010000 5 1386
88.010000 6 1409
88.010000 7 1408
88.010000 8 1405
88.010000 9 1406
88.010000 10 1300
88.010000 11 1402
88.010000 12 1375
88.010000 13 1379
88.010000 14 1321
88.010000 15 1356
88.010000 16 1365
88.010000 17 1312
88.010000 18 1323
88.010000 19 1378
88.010000 20 1389
88.010000 21 1391
88.010000 22 1378
88.010000 23 1385
88.010000 24 1391
88.010000 25 1393
89.010000 0 1311
89.010000 1 1466
89.010000 2 1373
89.010000 3 1443
89.010000 4 1356
89.010000 5 1422
89.010000 6 1469
89.010000 7 1392
89.010000 8 1428
89.010000 9 1453
89.010000 10 1347
89.010000 11 1447
89.010000 12 1435
89.010000 13 1433
89.010000 14 1362
89.010000 15 1392
89.010000 16 1406
89.010000 17 1367
89.010000 18 1392
89.010000 19 1440
89.010000 20 1436
89.010000 21 1446
89.010000 22 1426
89.010000 23 1432
89.010000 24 1437
89.010000 25 1463
90.010000 0 1240
90.010000 1 1409
90.010000 2 1302
90.010000 3 1365
90.010000 4 1300
90.010000 5 1381
90.010000 6 1396
90.010000 7 1375
90.010000 8 1399
90.010000 9 1394
90.010000 10 1287
90.010000 11 1394
90.010000 12 1384
90.010000 13 1364
90.010000 14 1325
90.010000 15 1368
90.010000 16 1348
90.010000 17 1293
90.010000 18 1317
90.010000 19 1382
90.010000 20 1379
90.010000 21 1381
90.010000 22 1374
90.010000 23 1370
90.010000 24 1386
90.010000 25 1403
91.010000 0 1196
91.010000 1 1395
91.010000 2 1322
91.010000 3 1343
91.010000 4 1287
91.010000 5 1385
91.010000 6 1391
91.010000 7 1366
91.010000 8 1389
91.010000 9 1382
91.010000 10 1267
91.010000 11 1383
91.010000 12 1383
91.010000 13 1359
91.010000 14 1300
91.010000 15 1361
91.010000 16 1334
91.010000 17 1263
91.010000 18 1295
91.010000 19 1369
91.010000 20 1385
91.010000 21 1395
91.010000 22 1366
91.010000 23 1365
91.010000 24 1373
91.010000 25 1372
92.010000 0 1235
92.010000 1 1393
92.010000 2 1301
92.010000 3 1370
92.010000 4 1279
92.010000 5 1347
92.010000 6 1401
92.010000 7 1361
92.010000 8 1384
92.010000 9 1382
92.010000 10 1270
92.010000 11 1384
92.010000 12 1366
92.010000 13 1396
92.010000 14 1289
92.010000 15 1330
92.010000 16 1344
92.010000 17 1278
92.010000 18 1306
92.010000 19 1375
92.010000 20 1378
92.010000 21 1401
92.010000 22 1368
92.010000 23 1362
92.010000 24 1371
92.010000 25 1373
93.010000 0 1272
93.010000 1 1424
93.010000 2 1301
93.010000 3 1401
93.010000 4 1316
93.010000 5 1406
93.010000 6 1411
93.010000 7 1390
93.010000 8 1436
93.010000 9 1402
93.010000 10 1280
93.010000 11 1423
93.010000 12 1380
93.010000 13 1383
93.010000 14 1337
93.010000 15 1388
93.010000 16 1357
93.010000 17 1329
93.010000 18 1335
93.010000 19 1392
93.010000 20 1416
93.010000 21 1395
93.010000 22 1391
93.010000 23 1382
93.010000 24 1395
93.010000 25 1392
94.010000 0 1193
94.010000 1 1340
94.010000 2 1258
94.010000 3 1306
94.010000 4 1246
94.010000 5 1313
94.010000 6 1329
94.010000 7 1303
94.010000 8 1331
94.010000 9 1322
94.010000 10 1224
94.010000 11 1328
94.010000 12 1308
94.010000 13 1275
94.010000 14 1271
94.010000 15 1292
94.010000 16 1293
94.010000 17 1236
94.010000 18 1258
94.010000 19 1324
94.010000 20 1329
94.010000 21 1321
94.010000 22 1338
94.010000 23 1308
94.010000 24 1312
94.010000 25 1342
95.010000 0 1246
95.010000 1 1368
95.010000 2 1257
95.010000 3 1364
95.010000 4 1282
95.010000 5 1340
95.010000 6 1375
95.010000 7 1350
95.010000 8 1372
95.010000 9 1376
95.010000 10 1264
95.010000 11 1375
95.010000 12 1352
95.010000 13 1384
95.010000 14 1309
95.010000 15 1314
95.010000 16 1344
95.010000 17 1290
95.010000 18 1297
95.010000 19 1335
95.010000 20 1365
95.010000 21 1380
95.010000 22 1356
95.010000 23 1352
95.010000 24 1358
95.010000 25 1359
96.010000 0 1246
96.010000 1 1444
96.010000 2 1326
96.010000 3 1392
96.010000 4 1307
96.010000 5 1407
96.010000 6 1422
96.010000 7 1396
96.010000 8 1418
96.010000 9 1418
96.010000 10 1296
96.010000 11 1421
96.010000 12 1402
96.010000 13 1393
96.010000 14 1328
96.010000 15 1384
96.010000 16 1363
96.010000 17 1297
96.010000 18 1322
96.010000 19 1395
96.010000 20 1403
96.010000 21 1403
96.010000 22 1400
96.010000 23 1392
96.010000 24 1410
96.010000 25 1431
97.010000 0 1339
97.010000 1 1500
97.010000 2 1413
97.010000 3 1459
97.010000 4 1396
97.010000 5 1470
97.010000 6 1495
97.010000 7 1462
97.010000 8 1495
97.010000 9 1465
97.010000 10 1409
97.010000 11 1474
97.010000 12 1482
97.010000 13 1461
97.010000 14 1406
97.010000 15 1453
97.010000 16 1446
97.010000 17 1381
97.010000 18 1428
97.010000 19 1480
97.010000 20 1480
97.010000 21 1481
97.010000 22 1468
97.010000 23 1463
97.010000 24 1472
97.010000 25 1448
98.010000 0 1272
98.010000 1 1446
98.010000 2 1345
98.010000 3 1432
98.010000 4 1338
98.010000 5 1427
98.010000 6 1439
98.010000 7 1415
98.010000 8 1438
98.010000 9 1435
98.010000 10 1318
98.010000 11 1453
98.010000 12 1414
98.010000 13 1412
98.010000 14 1352
98.010000 15 1404
98.010000 16 1390
98.010000 17 1352
98.010000 18 1348
98.010000 19 1409
98.010000 20 1420
98.010000 21 1420
98.010000 22 1416
98.010000 23 1413
98.010000 24 1423
98.010000 25 1419
99.010000 0 1306
99.010000 1 1463
99.010000 2 1376
99.010000 3 1445
99.010000 4 1374
99.010000 5 1453
99.010000 6 1466
99.010000 7 1442
99.010000 8 1465
99.010000 9 1460
99.010000 10 1359
99.010000 11 1465
99.010000 12 1441
99.010000 13 1433
99.010000 14 1380
99.010000 15 1425
99.010000 16 1423
99.010000 17 1365
99.010000 18 1378
99.010000 19 1435
99.010000 20 1449
99.010000 21 1450
99.010000 22 1444
99.010000 23 1439
99.010000 24 1446
99.010000 25 1450
100.010000 0 1092
100.010000 1 1266
100.010000 2 1168
100.010000 3 1236
100.010000 4 1144
100.010000 5 1223
100.010000 6 1241
100.010000 7 1219
100.010000 8 1238
100.010000 9 1236
100.010000 10 1123
100.010000 11 1251
100.010000 12 1220
100.010000 13 1216
100.010000 14 1155
100.010000 15 1208
100.010000 16 1190
100.010000 17 1162
100.010000 18 1165
100.010000 19 1236
100.010000 20 1228
100.010000 21 1236
100.010000 22 1214
100.010000 23 1217
100.010000 24 1221
100.010000 25 1253
101.010000 0 1322
101.010000 1 1446
101.010000 2 1329
101.010000 3 1425
101.010000 4 1344
101.010000 5 1392
101.010000 6 1419
101.010000 7 1406
101.010000 8 1436
101.010000 9 1431
101.010000 10 1339
101.010000 11 1438
101.010000 12 1406
101.010000 13 1412
101.010000 14 1368
101.010000 15 1364
101.010000 16 1421
101.010000 17 1350
101.010000 18 1381
101.010000 19 1413
101.010000 20 1431
101.010000 21 1442
101.010000 22 1420
101.010000 23 1406
101.010000 24 1424
101.010000 25 1419
102.010000 0 1307
102.010000 1 1461
102.010000 2 1357
102.010000 3 1428
102.010000 4 1364
102.010000 5 1430
102.010000 6 1471
102.010000 7 1425
102.010000 8 1449
102.010000 9 1448
102.010000 10 1346
102.010000 11 1446
102.010000 12 1428
102.010000 13 1423
102.010000 14 1373
102.010000 15 1404
102.010000 16 1404
102.010000 17 1358
102.010000 18 1390
102.010000 19 1426
102.010000 20 1409
102.010000 21 1437
102.010000 22 1426
102.010000 23 1423
102.010000 24 1432
102.010000 25 1439
103.010000 0 1319
103.010000 1 1498
103.010000 2 1415
103.010000 3 1482
103.010000 4 1415
103.010000 5 1495
103.010000 6 1499
103.010000 7 1475
103.010000 8 1506
103.010000 9 1495
103.010000 10 1359
103.010000 11 1501
103.010000 12 1488
103.010000 13 1472
103.010000 14 1402
103.010000 15 1484
103.010000 16 1459
103.010000 17 1392
103.010000 18 1400
103.010000 19 1490
103.010000 20 1500
103.010000 21 1481
103.010000 22 1476
103.010000 23 1481
103.010000 24 1487
103.010000 25 1483
104.010000 0 1189
104.010000 1 1374
104.010000 2 1279
104.010000 3 1319
104.010000 4 1237
104.010000 5 1341
104.010000 6 1345
104.010000 7 1356
104.010000 8 1348
104.010000 9 1342
104.010000 10 1235
104.010000 11 1323
104.010000 12 1331
104.010000 13 1323
104.010000 14 1261
104.010000 15 1329
104.010000 16 1285
104.010000 17 1238
104.010000 18 1264
104.010000 19 1346
104.010000 20 1341
104.010000 21 1348
104.010000 22 1321
104.010000 23 1291
104.010000 24 1331
104.010000 25 1330
105.010000 0 1342
105.010000 1 1478
105.010000 2 1388
105.010000 3 1460
105.010000 4 1386
105.010000 5 1453
105.010000 6 1488
105.010000 7 1440
105.010000 8 1483
105.010000 9 1483
105.010000 10 1376
105.010000 11 1502
105.010000 12 1452
105.010000 13 1462
105.010000 14 1415
105.010000 15 1414
105.010000 16 1441
105.010000 17 1386
105.010000 18 1416
105.010000 19 1447
105.010000 20 1472
105.010000 21 1468
105.010000 22 1461
105.010000 23 1480
105.010000 24 1468
105.010000 25 1486
106.010000 0 1277
106.010000 1 1476
106.010000 2 1360
106.010000 3 1424
106.010000 4 1357
106.010000 5 1444
106.010000 6 1444
106.010000 7 1444
106.010000 8 1447
106.010000 9 1436
106.010000 10 1301
106.010000 11 1440
106.010000 12 1436
106.010000 13 1411
106.010000 14 1352
106.010000 15 1437
106.010000 16 1395
106.010000 17 1343
106.010000 18 1363
106.010000 19 1436
106.010000 20 1429
106.010000 21 1427
106.010000 22 1419
106.010000 23 1417
106.010000 24 1434
106.010000 25 1428
107.010000 0 1372
107.010000 1 1526
107.010000 2 1414
107.010000 3 1495
107.010000 4 1433
107.010000 5 1468
107.010000 6 1495
107.010000 7 1487
107.010000 8 1518
107.010000 9 1522
107.010000 10 1414
107.010000 11 1509
107.010000 12 1500
107.010000 13 1485
107.010000 14 1452
107.010000 15 1454
107.010000 16 1466
107.010000 17 1427
107.010000 18 1442
107.010000 19 1502
107.010000 20 1499
107.010000 21 1494
107.010000 22 1490
107.010000 23 1485
107.010000 24 1498
107.010000 25 1498
108.010000 0 1270
108.010000 1 1399
108.010000 2 1310
108.010000 3 1378
108.010000 4 1299
108.010000 5 1383
108.010000 6 1409
108.010000 7 1360
108.010000 8 1393
108.010000 9 1387
108.010000 10 1279
108.010000 11 1384
108.010000 12 1373
108.010000 13 1333
108.010000 14 1331
108.010000 15 1369
108.010000 16 1347
108.010000 17 1308
108.010000 18 1317
108.010000 19 1372
108.010000 20 1375
108.010000 21 1374
108.010000 22 1365
108.010000 23 1365
108.010000 24 1372
108.010000 25 1372
109.010000 0 1208
109.010000 1 1380
109.010000 2 1284
109.010000 3 1344
109.010000 4 1277
109.010000 5 1365
109.010000 6 1353
109.010000 7 1352
109.010000 8 1373
109.010000 9 1366
109.010000 10 1281
109.010000 11 1369
109.010000 12 1351
109.010000 13 1343
109.010000 14 1284
109.010000 15 1346
109.010000 16 1323
109.010000 17 1264
109.010000 18 1289
109.010000 19 1356
109.010000 20 1358
109.010000 21 1355
109.010000 22 1362
109.010000 23 1377
109.010000 24 1359
109.010000 25 1357
110.010000 0 1230
110.010000 1 1364
110.010000 2 1263
110.010000 3 1349
110.010000 4 1265
110.010000 5 1317
110.010000 6 1355
110.010000 7 1332
110.010000 8 1362
110.010000 9 1367
110.010000 10 1248
110.010000 11 1365
110.010000 12 1331
110.010000 13 1330
110.010000 14 1289
110.010000 15 1295
110.010000 16 1321
110.010000 17 1280
110.010000 18 1288
110.010000 19 1337
110.010000 20 1365
110.010000 21 1341
110.010000 22 1332
110.010000 23 1329
110.010000 24 1339
110.010000 25 1341
111.010000 0 1372
111.010000 1 1548
111.010000 2 1405
111.010000 3 1521
111.010000 4 1449
111.010000 5 1496
111.010000 6 1539
111.010000 7 1513
111.010000 8 1534
111.010000 9 1529
111.010000 10 1429
111.010000 11 1532
111.010000 12 1503
111.010000 13 1505
111.010000 14 1451
111.010000 15 1466
111.010000 16 1490
111.010000 17 1435
111.010000 18 1454
111.010000 19 1504
111.010000 20 1520
111.010000 21 1519
111.010000 22 1513
111.010000 23 1513
111.010000 24 1522
111.010000 25 1522
112.010000 0 1252
112.010000 1 1399
112.010000 2 1306
112.010000 3 1372
112.010000 4 1300
112.010000 5 1373
112.010000 6 1394
112.010000 7 1366
112.010000 8 1390
112.010000 9 1404
112.010000 10 1271
112.010000 11 1386
112.010000 12 1370
112.010000 13 1367
112.010000 14 1318
112.010000 15 1350
112.010000 16 1339
112.010000 17 1290
112.010000 18 1317
112.010000 19 1373
112.010000 20 1377
112.010000 21 1377
112.010000 22 1374
112.010000 23 1370
112.010000 24 1374
112.010000 25 1377
113.010000 0 1336
113.010000 1 1474
113.010000 2 1380
113.010000 3 1440
113.010000 4 1378
113.010000 5 1440
113.010000 6 1463
113.010000 7 1438
113.010000 8 1466
113.010000 9 1439
113.010000 10 1359
113.010000 11 1463
113.010000 12 1440
113.010000 13 1435
113.010000 14 1405
113.010000 15 1417
113.010000 16 1427
113.010000 17 1366
113.010000 18 1399
113.010000 19 1458
113.010000 20 1447
113.010000 21 1446
113.010000 22 1439
113.010000 23 1442
113.010000 24 1447
113.010000 25 1447
114.010000 0 1226
114.010000 1 1390
114.010000 2 1296
114.010000 3 1362
114.010000 4 1282
114.010000 5 1360
114.010000 6 1372
114.010000 7 1358
114.010000 8 1380
114.010000 9 1386
114.010000 10 1269
114.010000 11 1374
114.010000 12 1362
114.010000 13 1355
114.010000 14 1303
114.010000 15 1339
114.010000 16 1355
114.010000 17 1289
114.010000 18 1296
114.010000 19 1362
114.010000 20 1363
114.010000 21 1370
114.010000 22 1355
114.010000 23 1351
114.010000 24 1362
114.010000 25 1380
115.010000 0 1205
115.010000 1 1306
115.010000 2 1238
115.010000 3 1292
115.010000 4 1208
115.010000 5 1287
115.010000 6 1307
115.010000 7 1274
115.010000 8 1304
115.010000 9 1302
115.010000 10 1204
115.010000 11 1304
115.010000 12 1285
115.010000 13 1284
115.010000 14 1248
115.010000 15 1254
115.010000 16 1266
115.010000 17 1222
115.010000 18 1249
115.010000 19 1283
115.010000 20 1294
115.010000 21 1287
115.010000 22 1281
115.010000 23 1281
115.010000 24 1286
115.010000 25 1289
116.010000 0 1235
116.010000 1 1390
116.010000 2 1298
116.010000 3 1379
116.010000 4 1285
116.010000 5 1357
116.010000 6 1383
116.010000 7 1361
116.010000 8 1382
116.010000 9 1378
116.010000 10 1268
116.010000 11 1378
116.010000 12 1364
116.010000 13 1351
116.010000 14 1300
116.010000 15 1335
116.010000 16 1331
116.010000 17 1295
116.010000 18 1291
116.010000 19 1365
116.010000 20 1364
116.010000 21 1365
116.010000 22 1372
116.010000 23 1358
116.010000 24 1365
116.010000 25 1369
117.010000 0 1152
117.010000 1 1283
117.010000 2 1177
117.010000 3 1254
117.010000 4 1202
117.010000 5 1248
117.010000 6 1274
117.010000 7 1253
117.010000 8 1252
117.010000 9 1271
117.010000 10 1168
117.010000 11 1287
117.010000 12 1250
117.010000 13 1283
117.010000 14 1201
117.010000 15 1227
117.010000 16 1205
117.010000 17 1175
117.010000 18 1211
117.010000 19 1248
117.010000 20 1256
117.010000 21 1265
117.010000 22 1254
117.010000 23 1243
117.010000 24 1260
117.010000 25 1284
118.010000 0 1168
118.010000 1 1317
118.010000 2 1226
118.010000 3 1291
118.010000 4 1213
118.010000 5 1295
118.010000 6 1303
118.010000 7 1286
118.010000 8 1324
118.010000 9 1299
118.010000 10 1198
118.010000 11 1311
118.010000 12 1284
118.010000 13 1284
118.010000 14 1215
118.010000 15 1276
118.010000 16 1262
118.010000 17 1206
118.010000 18 1237
118.010000 19 1301
118.010000 20 1290
118.010000 21 1265
118.010000 22 1319
118.010000 23 1282
118.010000 24 1295
118.010000 25 1312
119.010000 0 1325
119.010000 1 1503
119.010000 2 1398
119.010000 3 1466
119.010000 4 1395
119.010000 5 1470
119.010000 6 1488
119.010000 7 1466
119.010000 8 1494
119.010000 9 1487
119.010000 10 1378
119.010000 11 1479
119.010000 12 1477
119.010000 13 1458
119.010000 14 1427
119.010000 15 1453
119.010000 16 1446
119.010000 17 1393
119.010000 18 1394
119.010000 19 1469
119.010000 20 1475
119.010000 21 1468
119.010000 22 1465
119.010000 23 1466
119.010000 24 1478
119.010000 25 1475
120.010000 0 1266
120.010000 1 1392
120.010000 2 1300
120.010000 3 1367
120.010000 4 1282
120.010000 5 1366
120.010000 6 1388
120.010000 7 1387
120.010000 8 1383
120.010000 9 1386
120.010000 10 1266
120.010000 11 1385
120.010000 12 1362
120.010000 13 1362
120.010000 14 1316
120.010000 15 1327
120.010000 16 1342
120.010000 17 1296
120.010000 18 1337
120.010000 19 1351
120.010000 20 1391
120.010000 21 1379
120.010000 22 1363
120.010000 23 1366
120.010000 24 1338
120.010000 25 1369
121.010000 0 1191
121.010000 1 1367
121.010000 2 1267
121.010000 3 1323
121.010000 4 1260
121.010000 5 1342
121.010000 6 1341
121.010000 7 1322
121.010000 8 1341
121.010000 9 1338
121.010000 10 1234
121.010000 11 1338
121.010000 12 1327
121.010000 13 1309
121.010000 14 1269
121.010000 15 1329
121.010000 16 1300
121.010000 17 1254
121.010000 18 1270
121.010000 19 1327
121.010000 20 1326
121.010000 21 1325
121.010000 22 1319
121.010000 23 1320
121.010000 24 1355
121.010000 25 1329
122.010000 0 1421
122.010000 1 1568
122.010000 2 1444
122.010000 3 1546
122.010000 4 1476
122.010000 5 1532
122.010000 6 1565
122.010000 7 1510
122.010000 8 1557
122.010000 9 1557
122.010000 10 1463
122.010000 11 1556
122.010000 12 1523
122.010000 13 1530
122.010000 14 1483
122.010000 15 1496
122.010000 16 1525
122.010000 17 1472
122.010000 18 1488
122.010000 19 1524
122.010000 20 1546
122.010000 21 1544
122.010000 22 1538
122.010000 23 1533
122.010000 24 1514
122.010000 25 1538
123.010000 0 1342
123.010000 1 1491
123.010000 2 1374
123.010000 3 1469
123.010000 4 1390
123.010000 5 1427
123.010000 6 1494
123.010000 7 1449
123.010000 8 1483
123.010000 9 1473
123.010000 10 1385
123.010000 11 1482
123.010000 12 1466
123.010000 13 1458
123.010000 14 1403
123.010000 15 1414
123.010000 16 1444
123.010000 17 1392
123.010000 18 1420
123.010000 19 1470
123.010000 20 1470
123.010000 21 1466
123.010000 22 1458
123.010000 23 1460
123.010000 24 1470
123.010000 25 1470
124.010000 0 1245
124.010000 1 1443
124.010000 2 1352
124.010000 3 1406
124.010000 4 1328
124.010000 5 1429
124.010000 6 1427
124.010000 7 1413
124.010000 8 1455
124.010000 9 1431
124.010000 10 1311
124.010000 11 1431
124.010000 12 1424
124.010000 13 1407
124.010000 14 1329
124.010000 15 1410
124.010000 16 1377
124.010000 17 1314
124.010000 18 1334
124.010000 19 1399
124.010000 20 1416
124.010000 21 1444
124.010000 22 1411
124.010000 23 1385
124.010000 24 1417
124.010000 25 1447
125.010000 0 1341
125.010000 1 1485
125.010000 2 1327
125.010000 3 1450
125.010000 4 1374
125.010000 5 1434
125.010000 6 1491
125.010000 7 1455
125.010000 8 1482
125.010000 9 1468
125.010000 10 1365
125.010000 11 1476
125.010000 12 1429
125.010000 13 1443
125.010000 14 1395
125.010000 15 1410
125.010000 16 1440
125.010000 17 1369
125.010000 18 1413
125.010000 19 1443
125.010000 20 1483
125.010000 21 1453
125.010000 22 1456
125.010000 23 1443
125.010000 24 1486
125.010000 25 1430
126.010000 0 1307
126.010000 1 1475
126.010000 2 1392
126.010000 3 1455
126.010000 4 1375
126.010000 5 1446
126.010000 6 1471
126.010000 7 1440
126.010000 8 1466
126.010000 9 1465
126.010000 10 1351
126.010000 11 1461
126.010000 12 1465
126.010000 13 1440
126.010000 14 1394
126.010000 15 1425
126.010000 16 1419
126.010000 17 1383
126.010000 18 1372
126.010000 19 1446
126.010000 20 1449
126.010000 21 1454
126.010000 22 1437
126.010000 23 1437
126.010000 24 1447
126.010000 25 1452
127.010000 0 1240
127.010000 1 1391
127.010000 2 1334
127.010000 3 1349
127.010000 4 1299
127.010000 5 1379
127.010000 6 1387
127.010000 7 1354
127.010000 8 1377
127.010000 9 1380
127.010000 10 1252
127.010000 11 1374
127.010000 12 1383
127.010000 13 1359
127.010000 14 1325
127.010000 15 1356
127.010000 16 1342
127.010000 17 1294
127.010000 18 1331
127.010000 19 1364
127.010000 20 1357
127.010000 21 1371
127.010000 22 1360
127.010000 23 1388
127.010000 24 1341
127.010000 25 1384
128.010000 0 1332
128.010000 1 1472
128.010000 2 1352
128.010000 3 1454
128.010000 4 1358
128.010000 5 1423
128.010000 6 1462
128.010000 7 1432
128.010000 8 1442
128.010000 9 1459
128.010000 10 1350
128.010000 11 1461
128.010000 12 1439
128.010000 13 1436
128.010000 14 1382
128.010000 15 1399
128.010000 16 1438
128.010000 17 1368
128.010000 18 1383
128.010000 19 1439
128.010000 20 1448
128.010000 21 1442
128.010000 22 1441
128.010000 23 1439
128.010000 24 1471
128.010000 25 1445
129.010000 0 1341
129.010000 1 1492
129.010000 2 1378
129.010000 3 1460
129.010000 4 1394
129.010000 5 1460
129.010000 6 1483
129.010000 7 1454
129.010000 8 1477
129.010000 9 1476
129.010000 10 1373
129.010000 11 1478
129.010000 12 1452
129.010000 13 1452
129.010000 14 1420
129.010000 15 1433
129.010000 16 1435
129.010000 17 1391
129.010000 18 1406
129.010000 19 1452
129.010000 20 1466
129.010000 21 1464
129.010000 22 1455
129.010000 23 1447
129.010000 24 1449
129.010000 25 1463
130.010000 0 1360
130.010000 1 1559
130.010000 2 1436
130.010000 3 1497
130.010000 4 1447
130.010000 5 1519
130.010000 6 1543
130.010000 7 1526
130.010000 8 1551
130.010000 9 1537
130.010000 10 1433
130.010000 11 1537
130.010000 12 1523
130.010000 13 1512
130.010000 14 1466
130.010000 15 1500
130.010000 16 1465
130.010000 17 1421
130.010000 18 1463
130.010000 19 1521
130.010000 20 1526
130.010000 21 1510
130.010000 22 1533
130.010000 23 1520
130.010000 24 1555
130.010000 25 1531
131.010000 0 1118
131.010000 1 1292
131.010000 2 1223
131.010000 3 1264
131.010000 4 1182
131.010000 5 1271
131.010000 6 1292
131.010000 7 1271
131.010000 8 1287
131.010000 9 1304
131.010000 10 1203
131.010000 11 1291
131.010000 12 1266
131.010000 13 1267
131.010000 14 1185
131.010000 15 1247
131.010000 16 1241
131.010000 17 1170
131.010000 18 1195
131.010000 19 1284
131.010000 20 1275
131.010000 21 1304
131.010000 22 1264
131.010000 23 1267
131.010000 24 1274
131.010000 25 1270
132.010000 0 1384
132.010000 1 1541
132.010000 2 1415
132.010000 3 1504
132.010000 4 1431
132.010000 5 1504
132.010000 6 1527
132.010000 7 1498
132.010000 8 1530
132.010000 9 1520
132.010000 10 1409
132.010000 11 1525
132.010000 12 1511
132.010000 13 1497
132.010000 14 1461
132.010000 15 1490
132.010000 16 1502
132.010000 17 1428
132.010000 18 1452
132.010000 19 1494
132.010000 20 1509
132.010000 21 1506
132.010000 22 1504
132.010000 23 1473
132.010000 24 1516
132.010000 25 1508
133.010000 0 1355
133.010000 1 1509
133.010000 2 1403
133.010000 3 1484
133.010000 4 1397
133.010000 5 1481
133.010000 6 1505
133.010000 7 1477
133.010000 8 1501
133.010000 9 1505
133.010000 10 1397
133.010000 11 1501
133.010000 12 1476
133.010000 13 1476
133.010000 14 1431
133.010000 15 1449
133.010000 16 1465
133.010000 17 1407
133.010000 18 1425
133.010000 19 1473
133.010000 20 1480
133.010000 21 1489
133.010000 22 1482
133.010000 23 1512
133.010000 24 1487
133.010000 25 1488
134.010000 0 1297
134.010000 1 1439
134.010000 2 1326
134.010000 3 1407
134.010000 4 1375
134.010000 5 1405
134.010000 6 1425
134.010000 7 1402
134.010000 8 1424
134.010000 9 1420
134.010000 10 1288
134.010000 11 1423
134.010000 12 1396
134.010000 13 1396
134.010000 14 1367
134.010000 15 1381
134.010000 16 1381
134.010000 17 1354
134.010000 18 1378
134.010000 19 1407
134.010000 20 1416
134.010000 21 1410
134.010000 22 1403
134.010000 23 1388
134.010000 24 1414
134.010000 25 1408
135.010000 0 1293
135.010000 1 1463
135.010000 2 1359
135.010000 3 1431
135.010000 4 1353
135.010000 5 1437
135.010000 6 1461
135.010000 7 1435
135.010000 8 1461
135.010000 9 1453
135.010000 10 1372
135.010000 11 1457
135.010000 12 1439
135.010000 13 1434
135.010000 14 1375
135.010000 15 1416
135.010000 16 1409
135.010000 17 1334
135.010000 18 1360
135.010000 19 1432
135.010000 20 1416
135.010000 21 1441
135.010000 22 1440
135.010000 23 1459
135.010000 24 1447
135.010000 25 1449
136.010000 0 1296
136.010000 1 1435
136.010000 2 1327
136.010000 3 1419
136.010000 4 1346
136.010000 5 1398
136.010000 6 1421
136.010000 7 1393
136.010000 8 1422
136.010000 9 1416
136.010000 10 1288
136.010000 11 1421
136.010000 12 1407
136.010000 13 1400
136.010000 14 1351
136.010000 15 1384
136.010000 16 1380
136.010000 17 1353
136.010000 18 1356
136.010000 19 1406
136.010000 20 1433
136.010000 21 1407
136.010000 22 1398
136.010000 23 1395
136.010000 24 1410
136.010000 25 1404
137.010000 0 1242
137.010000 1 1443
137.010000 2 1319
137.010000 3 1387
137.010000 4 1308
137.010000 5 1406
137.010000 6 1421
137.010000 7 1400
137.010000 8 1422
137.010000 9 1418
137.010000 10 1326
137.010000 11 1442
137.010000 12 1394
137.010000 13 1392
137.010000 14 1323
137.010000 15 1382
137.010000 16 1365
137.010000 17 1296
137.010000 18 1333
137.010000 19 1398
137.010000 20 1410
137.010000 21 1406
137.010000 22 1399
137.010000 23 1392
137.010000 24 1396
137.010000 25 1406
138.010000 0 1275
138.010000 1 1428
138.010000 2 1305
138.010000 3 1396
138.010000 4 1317
138.010000 5 1391
138.010000 6 1433
138.010000 7 1404
138.010000 8 1414
138.010000 9 1411
138.010000 10 1274
138.010000 11 1407
138.010000 12 1389
138.010000 13 1384
138.010000 14 1351
138.010000 15 1371
138.010000 16 1357
138.010000 17 1336
138.010000 18 1347
138.010000 19 1383
138.010000 20 1393
138.010000 21 1370
138.010000 22 1387
138.010000 23 1391
138.010000 24 1421
138.010000 25 1427
139.010000 0 1303
139.010000 1 1461
139.010000 2 1323
139.010000 3 1416
139.010000 4 1340
139.010000 5 1414
139.010000 6 1456
139.010000 7 1416
139.010000 8 1443
139.010000 9 1435
139.010000 10 1317
139.010000 11 1437
139.010000 12 1400
139.010000 13 1412
139.010000 14 1369
139.010000 15 1384
139.010000 16 1393
139.010000 17 1337
139.010000 18 1370
139.010000 19 1407
139.010000 20 1424
139.010000 21 1424
139.010000 22 1420
139.010000 23 1409
139.010000 24 1412
139.010000 25 1417
140.010000 0 1259
140.010000 1 1435
140.010000 2 1327
140.010000 3 1396
140.010000 4 1335
140.010000 5 1404
140.010000 6 1431
140.010000 7 1414
140.010000 8 1423
140.010000 9 1446
140.010000 10 1354
140.010000 11 1412
140.010000 12 1398
140.010000 13 1428
140.010000 14 1347
140.010000 15 1372
140.010000 16 1358
140.010000 17 1323
140.010000 18 1349
140.010000 19 1398
140.010000 20 1408
140.010000 21 1409
140.010000 22 1401
140.010000 23 1414
140.010000 24 1404
140.010000 25 1422
141.010000 0 1298
141.010000 1 1415
141.010000 2 1327
141.010000 3 1388
141.010000 4 1337
141.010000 5 1372
141.010000 6 1404
141.010000 7 1353
141.010000 8 1410
141.010000 9 1399
141.010000 10 1303
141.010000 11 1410
141.010000 12 1397
141.010000 13 1380
141.010000 14 1359
141.010000 15 1345
141.010000 16 1362
141.010000 17 1334
141.010000 18 1364
141.010000 19 1386
141.010000 20 1388
141.010000 21 1394
141.010000 22 1380
141.010000 23 1380
141.010000 24 1394
141.010000 25 1394
142.010000 0 1290
142.010000 1 1471
142.010000 2 1377
142.010000 3 1429
142.010000 4 1357
142.010000 5 1431
142.010000 6 1467
142.010000 7 1427
142.010000 8 1456
142.010000 9 1456
142.010000 10 1346
142.010000 11 1446
142.010000 12 1450
142.010000 13 1428
142.010000 14 1361
142.010000 15 1416
142.010000 16 1413
142.010000 17 1341
142.010000 18 1379
142.010000 19 1445
142.010000 20 1448
142.010000 21 1468
142.010000 22 1438
142.010000 23 1433
142.010000 24 1465
142.010000 25 1425
143.010000 0 1240
143.010000 1 1356
143.010000 2 1282
143.010000 3 1344
143.010000 4 1263
143.010000 5 1333
143.010000 6 1374
143.010000 7 1326
143.010000 8 1354
143.010000 9 1358
143.010000 10 1247
143.010000 11 1352
143.010000 12 1335
143.010000 13 1326
143.010000 14 1289
143.010000 15 1303
143.010000 16 1313
143.010000 17 1260
143.010000 18 1283
143.010000 19 1342
143.010000 20 1315
143.010000 21 1344
143.010000 22 1332
143.010000 23 1333
143.010000 24 1339
143.010000 25 1365
144.010000 0 1252
144.010000 1 1478
144.010000 2 1361
144.010000 3 1425
144.010000 4 1369
144.010000 5 1441
144.010000 6 1454
144.010000 7 1443
144.010000 8 1468
144.010000 9 1445
144.010000 10 1350
144.010000 11 1451
144.010000 12 1436
144.010000 13 1422
144.010000 14 1347
144.010000 15 1426
144.010000 16 1408
144.010000 17 1338
144.010000 18 1352
144.010000 19 1432
144.010000 20 1435
144.010000 21 1435
144.010000 22 1431
144.010000 23 1427
144.010000 24 1411
144.010000 25 1433
145.010000 0 1378
145.010000 1 1524
145.010000 2 1386
145.010000 3 1516
145.010000 4 1418
145.010000 5 1501
145.010000 6 1495
145.010000 7 1481
145.010000 8 1517
145.010000 9 1484
145.010000 10 1391
145.010000 11 1517
145.010000 12 1488
145.010000 13 1486
145.010000 14 1438
145.010000 15 1479
145.010000 16 1480
145.010000 17 1439
145.010000 18 1435
145.010000 19 1466
145.010000 20 1500
145.010000 21 1491
145.010000 22 1493
145.010000 23 1484
145.010000 24 1498
145.010000 25 1495
146.010000 0 1208
146.010000 1 1359
146.010000 2 1273
146.010000 3 1327
146.010000 4 1250
146.010000 5 1318
146.010000 6 1343
146.010000 7 1328
146.010000 8 1351
146.010000 9 1355
146.010000 10 1230
146.010000 11 1343
146.010000 12 1339
146.010000 13 1324
146.010000 14 1275
146.010000 15 1308
146.010000 16 1310
146.010000 17 1250
146.010000 18 1274
146.010000 19 1344
146.010000 20 1366
146.010000 21 1336
146.010000 22 1329
146.010000 23 1331
146.010000 24 1358
146.010000 25 1334
147.010000 0 1332
147.010000 1 1487
147.010000 2 1398
147.010000 3 1457
147.010000 4 1391
147.010000 5 1462
147.010000 6 1477
147.010000 7 1445
147.010000 8 1473
147.010000 9 1473
147.010000 10 1367
147.010000 11 1473
147.010000 12 1455
147.010000 13 1443
147.010000 14 1403
147.010000 15 1444
147.010000 16 1404
147.010000 17 1392
147.010000 18 1408
147.010000 19 1474
147.010000 20 1431
147.010000 21 1454
147.010000 22 1443
147.010000 23 1446
147.010000 24 1452
147.010000 25 1456
148.010000 0 1233
148.010000 1 1398
148.010000 2 1275
148.010000 3 1348
148.010000 4 1288
148.010000 5 1350
148.010000 6 1376
148.010000 7 1349
148.010000 8 1374
148.010000 9 1365
148.010000 10 1267
148.010000 11 1367
148.010000 12 1349
148.010000 13 1345
148.010000 14 1316
148.010000 15 1327
148.010000 16 1328
148.010000 17 1296
148.010000 18 1316
148.010000 19 1347
148.010000 20 1352
148.010000 21 1352
148.010000 22 1346
148.010000 23 1347
148.010000 24 1361
148.010000 25 1378
149.010000 0 1348
149.010000 1 1472
149.010000 2 1342
149.010000 3 1454
149.010000 4 1321
149.010000 5 1437
149.010000 6 1483
149.010000 7 1441
149.010000 8 1461
149.010000 9 1458
149.010000 10 1333
149.010000 11 1468
149.010000 12 1434
149.010000 13 1438
149.010000 14 1395
149.010000 15 1411
149.010000 16 1409
149.010000 17 1372
149.010000 18 1391
149.010000 19 1419
149.010000 20 1449
149.010000 21 1445
149.010000 22 1442
149.010000 23 1431
149.010000 24 1467
149.010000 25 1449
