0.010000 0 15
0.010000 1 15
0.010000 2 12
0.010000 3 15
0.010000 4 15
0.010000 5 14
0.010000 6 13
0.010000 7 14
0.010000 8 13
0.010000 9 12
0.010000 10 15
0.010000 11 13
0.010000 12 12
0.010000 13 14
0.010000 14 15
1.010000 0 545
1.010000 1 564
1.010000 2 535
1.010000 3 552
1.010000 4 530
1.010000 5 567
1.010000 6 547
1.010000 7 543
1.010000 8 552
1.010000 9 566
1.010000 10 550
1.010000 11 567
1.010000 12 535
1.010000 13 558
1.010000 14 545
2.010000 0 370
2.010000 1 367
2.010000 2 377
2.010000 3 378
2.010000 4 368
2.010000 5 378
2.010000 6 391
2.010000 7 360
2.010000 8 374
2.010000 9 370
2.010000 10 368
2.010000 11 380
2.010000 12 377
2.010000 13 379
2.010000 14 370
3.010000 0 383
3.010000 1 391
3.010000 2 373
3.010000 3 390
3.010000 4 378
3.010000 5 393
3.010000 6 372
3.010000 7 376
3.010000 8 402
3.010000 9 386
3.010000 10 377
3.010000 11 393
3.010000 12 373
3.010000 13 390
3.010000 14 383
4.010000 0 291
4.010000 1 299
4.010000 2 301
4.010000 3 301
4.010000 4 303
4.010000 5 295
4.010000 6 311
4.010000 7 284
4.010000 8 279
4.010000 9 303
4.010000 10 290
4.010000 11 296
4.010000 12 301
4.010000 13 311
4.010000 14 291
5.010000 0 395
5.010000 1 404
5.010000 2 386
5.010000 3 403
5.010000 4 392
5.010000 5 405
5.010000 6 384
5.010000 7 389
5.010000 8 414
5.010000 9 401
5.010000 10 389
5.010000 11 398
5.010000 12 386
5.010000 13 400
5.010000 14 395
6.010000 0 378
6.010000 1 392
6.010000 2 380
6.010000 3 390
6.010000 4 379
6.010000 5 392
6.010000 6 384
6.010000 7 370
6.010000 8 388
6.010000 9 392
6.010000 10 379
6.010000 11 388
6.010000 12 380
6.010000 13 392
6.010000 14 378
7.010000 0 314
7.010000 1 323
7.010000 2 326
7.010000 3 320
7.010000 4 310
7.010000 5 325
7.010000 6 318
7.010000 7 305
7.010000 8 320
7.010000 9 323
7.010000 10 311
7.010000 11 333
7.010000 12 326
7.010000 13 324
7.010000 14 314
8.010000 0 413
8.010000 1 436
8.010000 2 398
8.010000 3 426
8.010000 4 411
8.010000 5 423
8.010000 6 416
8.010000 7 408
8.010000 8 417
8.010000 9 419
8.010000 10 390
8.010000 11 423
8.010000 12 398
8.010000 13 420
8.010000 14 413
9.010000 0 392
9.010000 1 408
9.010000 2 396
9.010000 3 406
9.010000 4 393
9.010000 5 406
9.010000 6 404
9.010000 7 388
9.010000 8 392
9.010000 9 406
9.010000 10 394
9.010000 11 405
9.010000 12 396
9.010000 13 406
9.010000 14 392
10.010000 0 281
10.010000 1 281
10.010000 2 280
10.010000 3 279
10.010000 4 273
10.010000 5 281
10.010000 6 276
10.010000 7 264
10.010000 8 289
10.010000 9 279
10.010000 10 282
10.010000 11 281
10.010000 12 280
10.010000 13 278
10.010000 14 281
11.010000 0 391
11.010000 1 397
11.010000 2 384
11.010000 3 396
11.010000 4 382
11.010000 5 394
11.010000 6 393
11.010000 7 377
11.010000 8 377
11.010000 9 393
11.010000 10 382
11.010000 11 392
11.010000 12 384
11.010000 13 394
11.010000 14 391
12.010000 0 398
12.010000 1 407
12.010000 2 397
12.010000 3 409
12.010000 4 395
12.010000 5 409
12.010000 6 403
12.010000 7 389
12.010000 8 403
12.010000 9 406
12.010000 10 378
12.010000 11 407
12.010000 12 397
12.010000 13 407
12.010000 14 398
13.010000 0 361
13.010000 1 369
13.010000 2 360
13.010000 3 370
13.010000 4 358
13.010000 5 370
13.010000 6 366
13.010000 7 353
13.010000 8 365
13.010000 9 370
13.010000 10 358
13.010000 11 370
13.010000 12 360
13.010000 13 370
13.010000 14 361
14.010000 0 366
14.010000 1 363
14.010000 2 369
14.010000 3 374
14.010000 4 364
14.010000 5 378
14.010000 6 372
14.010000 7 361
14.010000 8 388
14.010000 9 377
14.010000 10 367
14.010000 11 379
14.010000 12 369
14.010000 13 378
14.010000 14 366
15.010000 0 390
15.010000 1 412
15.010000 2 400
15.010000 3 402
15.010000 4 389
15.010000 5 404
15.010000 6 385
15.010000 7 378
15.010000 8 399
15.010000 9 400
15.010000 10 387
15.010000 11 401
15.010000 12 400
15.010000 13 389
15.010000 14 390
16.010000 0 824
16.010000 1 883
16.010000 2 896
16.010000 3 906
16.010000 4 737
16.010000 5 897
16.010000 6 912
16.010000 7 833
16.010000 8 899
16.010000 9 915
16.010000 10 752
16.010000 11 904
16.010000 12 896
16.010000 13 802
16.010000 14 824
17.010000 0 828
17.010000 1 893
17.010000 2 909
17.010000 3 913
17.010000 4 761
17.010000 5 917
17.010000 6 917
17.010000 7 840
17.010000 8 922
17.010000 9 915
17.010000 10 762
17.010000 11 914
17.010000 12 909
17.010000 13 801
17.010000 14 828
18.010000 0 854
18.010000 1 913
18.010000 2 924
18.010000 3 929
18.010000 4 777
18.010000 5 934
18.010000 6 915
18.010000 7 857
18.010000 8 933
18.010000 9 935
18.010000 10 785
18.010000 11 939
18.010000 12 924
18.010000 13 837
18.010000 14 854
19.010000 0 841
19.010000 1 918
19.010000 2 927
19.010000 3 939
19.010000 4 777
19.010000 5 935
19.010000 6 931
19.010000 7 864
19.010000 8 933
19.010000 9 944
19.010000 10 784
19.010000 11 935
19.010000 12 927
19.010000 13 816
19.010000 14 841
20.010000 0 811
20.010000 1 872
20.010000 2 889
20.010000 3 898
20.010000 4 758
20.010000 5 899
20.010000 6 897
20.010000 7 803
20.010000 8 899
20.010000 9 898
20.010000 10 777
20.010000 11 900
20.010000 12 889
20.010000 13 787
20.010000 14 811
21.010000 0 806
21.010000 1 878
21.010000 2 896
21.010000 3 897
21.010000 4 735
21.010000 5 906
21.010000 6 891
21.010000 7 821
21.010000 8 893
21.010000 9 896
21.010000 10 741
21.010000 11 895
21.010000 12 896
21.010000 13 785
21.010000 14 806
22.010000 0 827
22.010000 1 893
22.010000 2 911
22.010000 3 913
22.010000 4 762
22.010000 5 903
22.010000 6 916
22.010000 7 839
22.010000 8 912
22.010000 9 915
22.010000 10 768
22.010000 11 915
22.010000 12 911
22.010000 13 806
22.010000 14 827
23.010000 0 830
23.010000 1 903
23.010000 2 906
23.010000 3 929
23.010000 4 776
23.010000 5 928
23.010000 6 924
23.010000 7 851
23.010000 8 923
23.010000 9 928
23.010000 10 788
23.010000 11 938
23.010000 12 906
23.010000 13 824
23.010000 14 830
24.010000 0 792
24.010000 1 855
24.010000 2 875
24.010000 3 874
24.010000 4 715
24.010000 5 878
24.010000 6 884
24.010000 7 804
24.010000 8 872
24.010000 9 877
24.010000 10 719
24.010000 11 875
24.010000 12 875
24.010000 13 768
24.010000 14 792
25.010000 0 772
25.010000 1 865
25.010000 2 874
25.010000 3 893
25.010000 4 728
25.010000 5 892
25.010000 6 877
25.010000 7 809
25.010000 8 879
25.010000 9 879
25.010000 10 736
25.010000 11 883
25.010000 12 874
25.010000 13 773
25.010000 14 772
26.010000 0 834
26.010000 1 896
26.010000 2 905
26.010000 3 916
26.010000 4 763
26.010000 5 915
26.010000 6 913
26.010000 7 839
26.010000 8 919
26.010000 9 916
26.010000 10 770
26.010000 11 914
26.010000 12 905
26.010000 13 804
26.010000 14 834
27.010000 0 849
27.010000 1 918
27.010000 2 932
27.010000 3 927
27.010000 4 786
27.010000 5 940
27.010000 6 935
27.010000 7 865
27.010000 8 940
27.010000 9 940
27.010000 10 792
27.010000 11 943
27.010000 12 932
27.010000 13 837
27.010000 14 849
28.010000 0 800
28.010000 1 864
28.010000 2 882
28.010000 3 899
28.010000 4 735
28.010000 5 885
28.010000 6 885
28.010000 7 810
28.010000 8 891
28.010000 9 889
28.010000 10 736
28.010000 11 885
28.010000 12 882
28.010000 13 783
28.010000 14 800
29.010000 0 844
29.010000 1 910
29.010000 2 908
29.010000 3 928
29.010000 4 767
29.010000 5 926
29.010000 6 922
29.010000 7 860
29.010000 8 926
29.010000 9 925
29.010000 10 769
29.010000 11 930
29.010000 12 908
29.010000 13 821
29.010000 14 844
30.010000 0 814
30.010000 1 875
30.010000 2 882
30.010000 3 891
30.010000 4 731
30.010000 5 892
30.010000 6 884
30.010000 7 812
30.010000 8 903
30.010000 9 889
30.010000 10 736
30.010000 11 893
30.010000 12 882
30.010000 13 778
30.010000 14 814
31.010000 0 883
31.010000 1 945
31.010000 2 950
31.010000 3 962
31.010000 4 811
31.010000 5 959
31.010000 6 956
31.010000 7 884
31.010000 8 942
31.010000 9 949
31.010000 10 810
31.010000 11 957
31.010000 12 950
31.010000 13 848
31.010000 14 883
32.010000 0 812
32.010000 1 879
32.010000 2 892
32.010000 3 906
32.010000 4 742
32.010000 5 896
32.010000 6 893
32.010000 7 812
32.010000 8 889
32.010000 9 897
32.010000 10 743
32.010000 11 894
32.010000 12 892
32.010000 13 785
32.010000 14 812
33.010000 0 830
33.010000 1 894
33.010000 2 906
33.010000 3 912
33.010000 4 756
33.010000 5 913
33.010000 6 910
33.010000 7 839
33.010000 8 910
33.010000 9 913
33.010000 10 762
33.010000 11 905
33.010000 12 906
33.010000 13 818
33.010000 14 830
34.010000 0 776
34.010000 1 846
34.010000 2 862
34.010000 3 867
34.010000 4 718
34.010000 5 871
34.010000 6 864
34.010000 7 794
34.010000 8 876
34.010000 9 866
34.010000 10 713
34.010000 11 881
34.010000 12 862
34.010000 13 758
34.010000 14 776
35.010000 0 849
35.010000 1 905
35.010000 2 920
35.010000 3 926
35.010000 4 773
35.010000 5 923
35.010000 6 922
35.010000 7 841
35.010000 8 919
35.010000 9 923
35.010000 10 775
35.010000 11 910
35.010000 12 920
35.010000 13 802
35.010000 14 849
36.010000 0 803
36.010000 1 880
36.010000 2 904
36.010000 3 906
36.010000 4 757
36.010000 5 906
36.010000 6 914
36.010000 7 823
36.010000 8 901
36.010000 9 909
36.010000 10 766
36.010000 11 905
36.010000 12 904
36.010000 13 798
36.010000 14 803
37.010000 0 809
37.010000 1 879
37.010000 2 904
37.010000 3 901
37.010000 4 753
37.010000 5 900
37.010000 6 900
37.010000 7 817
37.010000 8 898
37.010000 9 902
37.010000 10 756
37.010000 11 912
37.010000 12 904
37.010000 13 793
37.010000 14 809
38.010000 0 786
38.010000 1 867
38.010000 2 877
38.010000 3 885
38.010000 4 720
38.010000 5 888
38.010000 6 880
38.010000 7 820
38.010000 8 878
38.010000 9 881
38.010000 10 725
38.010000 11 882
38.010000 12 877
38.010000 13 771
38.010000 14 786
39.010000 0 838
39.010000 1 896
39.010000 2 900
39.010000 3 912
39.010000 4 756
39.010000 5 911
39.010000 6 910
39.010000 7 840
39.010000 8 907
39.010000 9 912
39.010000 10 752
39.010000 11 912
39.010000 12 900
39.010000 13 798
39.010000 14 838
40.010000 0 760
40.010000 1 848
40.010000 2 863
40.010000 3 869
40.010000 4 690
40.010000 5 864
40.010000 6 859
40.010000 7 812
40.010000 8 860
40.010000 9 867
40.010000 10 712
40.010000 11 865
40.010000 12 863
40.010000 13 763
40.010000 14 760
41.010000 0 907
41.010000 1 956
41.010000 2 969
41.010000 3 982
41.010000 4 845
41.010000 5 981
41.010000 6 982
41.010000 7 890
41.010000 8 976
41.010000 9 985
41.010000 10 838
41.010000 11 985
41.010000 12 969
41.010000 13 872
41.010000 14 907
42.010000 0 779
42.010000 1 863
42.010000 2 873
42.010000 3 887
42.010000 4 718
42.010000 5 879
42.010000 6 881
42.010000 7 818
42.010000 8 877
42.010000 9 881
42.010000 10 717
42.010000 11 878
42.010000 12 873
42.010000 13 773
42.010000 14 779
43.010000 0 841
43.010000 1 893
43.010000 2 912
43.010000 3 922
43.010000 4 784
43.010000 5 921
43.010000 6 921
43.010000 7 828
43.010000 8 918
43.010000 9 921
43.010000 10 778
43.010000 11 921
43.010000 12 912
43.010000 13 816
43.010000 14 841
44.010000 0 814
44.010000 1 897
44.010000 2 913
44.010000 3 917
44.010000 4 761
44.010000 5 919
44.010000 6 913
44.010000 7 840
44.010000 8 926
44.010000 9 915
44.010000 10 767
44.010000 11 917
44.010000 12 913
44.010000 13 805
44.010000 14 814
45.010000 0 810
45.010000 1 879
45.010000 2 881
45.010000 3 912
45.010000 4 742
45.010000 5 902
45.010000 6 902
45.010000 7 821
45.010000 8 889
45.010000 9 901
45.010000 10 737
45.010000 11 901
45.010000 12 881
45.010000 13 787
45.010000 14 810
46.010000 0 787
46.010000 1 872
46.010000 2 882
46.010000 3 883
46.010000 4 736
46.010000 5 887
46.010000 6 879
46.010000 7 807
46.010000 8 880
46.010000 9 880
46.010000 10 727
46.010000 11 883
46.010000 12 882
46.010000 13 769
46.010000 14 787
47.010000 0 843
47.010000 1 916
47.010000 2 924
47.010000 3 932
47.010000 4 791
47.010000 5 939
47.010000 6 933
47.010000 7 859
47.010000 8 939
47.010000 9 938
47.010000 10 803
47.010000 11 940
47.010000 12 924
47.010000 13 835
47.010000 14 843
48.010000 0 831
48.010000 1 894
48.010000 2 919
48.010000 3 913
48.010000 4 763
48.010000 5 914
48.010000 6 911
48.010000 7 833
48.010000 8 913
48.010000 9 915
48.010000 10 765
48.010000 11 903
48.010000 12 919
48.010000 13 806
48.010000 14 831
49.010000 0 806
49.010000 1 879
49.010000 2 888
49.010000 3 895
49.010000 4 749
49.010000 5 913
49.010000 6 889
49.010000 7 819
49.010000 8 899
49.010000 9 885
49.010000 10 746
49.010000 11 907
49.010000 12 888
49.010000 13 789
49.010000 14 806
50.010000 0 802
50.010000 1 876
50.010000 2 893
50.010000 3 903
50.010000 4 758
50.010000 5 886
50.010000 6 900
50.010000 7 830
50.010000 8 892
50.010000 9 912
50.010000 10 757
50.010000 11 893
50.010000 12 893
50.010000 13 798
50.010000 14 802
51.010000 0 781
51.010000 1 845
51.010000 2 869
51.010000 3 885
51.010000 4 718
51.010000 5 887
51.010000 6 869
51.010000 7 808
51.010000 8 878
51.010000 9 863
51.010000 10 719
51.010000 11 887
51.010000 12 869
51.010000 13 755
51.010000 14 781
52.010000 0 864
52.010000 1 931
52.010000 2 943
52.010000 3 938
52.010000 4 802
52.010000 5 955
52.010000 6 948
52.010000 7 879
52.010000 8 950
52.010000 9 949
52.010000 10 802
52.010000 11 954
52.010000 12 943
52.010000 13 845
52.010000 14 864
53.010000 0 777
53.010000 1 855
53.010000 2 875
53.010000 3 889
53.010000 4 721
53.010000 5 878
53.010000 6 874
53.010000 7 798
53.010000 8 875
53.010000 9 875
53.010000 10 730
53.010000 11 887
53.010000 12 875
53.010000 13 766
53.010000 14 777
54.010000 0 858
54.010000 1 909
54.010000 2 912
54.010000 3 932
54.010000 4 776
54.010000 5 929
54.010000 6 926
54.010000 7 848
54.010000 8 924
54.010000 9 931
54.010000 10 779
54.010000 11 928
54.010000 12 912
54.010000 13 820
54.010000 14 858
55.010000 0 809
55.010000 1 875
55.010000 2 891
55.010000 3 901
55.010000 4 746
55.010000 5 897
55.010000 6 898
55.010000 7 820
55.010000 8 896
55.010000 9 909
55.010000 10 749
55.010000 11 897
55.010000 12 891
55.010000 13 788
55.010000 14 809
56.010000 0 814
56.010000 1 884
56.010000 2 906
56.010000 3 906
56.010000 4 748
56.010000 5 914
56.010000 6 904
56.010000 7 828
56.010000 8 902
56.010000 9 908
56.010000 10 754
56.010000 11 907
56.010000 12 906
56.010000 13 797
56.010000 14 814
57.010000 0 882
57.010000 1 961
57.010000 2 962
57.010000 3 978
57.010000 4 831
57.010000 5 986
57.010000 6 971
57.010000 7 885
57.010000 8 975
57.010000 9 967
57.010000 10 832
57.010000 11 979
57.010000 12 962
57.010000 13 875
57.010000 14 882
58.010000 0 800
58.010000 1 891
58.010000 2 886
58.010000 3 905
58.010000 4 751
58.010000 5 904
58.010000 6 897
58.010000 7 837
58.010000 8 897
58.010000 9 912
58.010000 10 766
58.010000 11 903
58.010000 12 886
58.010000 13 799
58.010000 14 800
59.010000 0 807
59.010000 1 880
59.010000 2 890
59.010000 3 904
59.010000 4 744
59.010000 5 904
59.010000 6 897
59.010000 7 840
59.010000 8 903
59.010000 9 902
59.010000 10 753
59.010000 11 903
59.010000 12 890
59.010000 13 797
59.010000 14 807
60.010000 0 833
60.010000 1 896
60.010000 2 910
60.010000 3 917
60.010000 4 772
60.010000 5 914
60.010000 6 911
60.010000 7 837
60.010000 8 910
60.010000 9 914
60.010000 10 758
60.010000 11 916
60.010000 12 910
60.010000 13 804
60.010000 14 833
61.010000 0 846
61.010000 1 901
61.010000 2 912
61.010000 3 921
61.010000 4 765
61.010000 5 931
61.010000 6 920
61.010000 7 840
61.010000 8 929
61.010000 9 922
61.010000 10 781
61.010000 11 932
61.010000 12 912
61.010000 13 812
61.010000 14 846
62.010000 0 842
62.010000 1 880
62.010000 2 917
62.010000 3 913
62.010000 4 769
62.010000 5 917
62.010000 6 914
62.010000 7 833
62.010000 8 926
62.010000 9 904
62.010000 10 768
62.010000 11 921
62.010000 12 917
62.010000 13 812
62.010000 14 842
63.010000 0 781
63.010000 1 855
63.010000 2 863
63.010000 3 875
63.010000 4 717
63.010000 5 875
63.010000 6 871
63.010000 7 809
63.010000 8 870
63.010000 9 883
63.010000 10 712
63.010000 11 881
63.010000 12 863
63.010000 13 760
63.010000 14 781
64.010000 0 829
64.010000 1 904
64.010000 2 925
64.010000 3 924
64.010000 4 775
64.010000 5 925
64.010000 6 922
64.010000 7 845
64.010000 8 921
64.010000 9 929
64.010000 10 785
64.010000 11 917
64.010000 12 925
64.010000 13 823
64.010000 14 829
65.010000 0 843
65.010000 1 901
65.010000 2 918
65.010000 3 928
65.010000 4 784
65.010000 5 930
65.010000 6 923
65.010000 7 836
65.010000 8 922
65.010000 9 923
65.010000 10 764
65.010000 11 933
65.010000 12 918
65.010000 13 807
65.010000 14 843
66.010000 0 825
66.010000 1 901
66.010000 2 916
66.010000 3 920
66.010000 4 760
66.010000 5 919
66.010000 6 917
66.010000 7 843
66.010000 8 920
66.010000 9 920
66.010000 10 773
66.010000 11 923
66.010000 12 916
66.010000 13 815
66.010000 14 825
67.010000 0 843
67.010000 1 895
67.010000 2 904
67.010000 3 911
67.010000 4 740
67.010000 5 909
67.010000 6 910
67.010000 7 841
67.010000 8 907
67.010000 9 915
67.010000 10 775
67.010000 11 908
67.010000 12 904
67.010000 13 798
67.010000 14 843
68.010000 0 785
68.010000 1 861
68.010000 2 879
68.010000 3 880
68.010000 4 722
68.010000 5 882
68.010000 6 876
68.010000 7 803
68.010000 8 880
68.010000 9 881
68.010000 10 738
68.010000 11 888
68.010000 12 879
68.010000 13 773
68.010000 14 785
69.010000 0 852
69.010000 1 915
69.010000 2 920
69.010000 3 938
69.010000 4 792
69.010000 5 939
69.010000 6 938
69.010000 7 861
69.010000 8 936
69.010000 9 942
69.010000 10 797
69.010000 11 940
69.010000 12 920
69.010000 13 834
69.010000 14 852
70.010000 0 829
70.010000 1 884
70.010000 2 894
70.010000 3 905
70.010000 4 749
70.010000 5 904
70.010000 6 901
70.010000 7 831
70.010000 8 911
70.010000 9 905
70.010000 10 748
70.010000 11 906
70.010000 12 894
70.010000 13 793
70.010000 14 829
71.010000 0 829
71.010000 1 892
71.010000 2 904
71.010000 3 912
71.010000 4 763
71.010000 5 913
71.010000 6 908
71.010000 7 829
71.010000 8 923
71.010000 9 913
71.010000 10 765
71.010000 11 903
71.010000 12 904
71.010000 13 802
71.010000 14 829
72.010000 0 823
72.010000 1 881
72.010000 2 896
72.010000 3 890
72.010000 4 741
72.010000 5 907
72.010000 6 894
72.010000 7 829
72.010000 8 904
72.010000 9 899
72.010000 10 748
72.010000 11 919
72.010000 12 896
72.010000 13 805
72.010000 14 823
73.010000 0 800
73.010000 1 879
73.010000 2 901
73.010000 3 904
73.010000 4 758
73.010000 5 900
73.010000 6 901
73.010000 7 819
73.010000 8 903
73.010000 9 901
73.010000 10 763
73.010000 11 900
73.010000 12 901
73.010000 13 795
73.010000 14 800
74.010000 0 826
74.010000 1 880
74.010000 2 896
74.010000 3 899
74.010000 4 742
74.010000 5 898
74.010000 6 895
74.010000 7 825
74.010000 8 904
74.010000 9 899
74.010000 10 737
74.010000 11 900
74.010000 12 896
74.010000 13 787
74.010000 14 826
75.010000 0 810
75.010000 1 878
75.010000 2 883
75.010000 3 894
75.010000 4 735
75.010000 5 903
75.010000 6 888
75.010000 7 821
75.010000 8 896
75.010000 9 892
75.010000 10 742
75.010000 11 898
75.010000 12 883
75.010000 13 788
75.010000 14 810
76.010000 0 807
76.010000 1 874
76.010000 2 884
76.010000 3 894
76.010000 4 734
76.010000 5 890
76.010000 6 890
76.010000 7 818
76.010000 8 892
76.010000 9 894
76.010000 10 750
76.010000 11 896
76.010000 12 884
76.010000 13 781
76.010000 14 807
77.010000 0 804
77.010000 1 859
77.010000 2 885
77.010000 3 887
77.010000 4 742
77.010000 5 888
77.010000 6 886
77.010000 7 803
77.010000 8 890
77.010000 9 892
77.010000 10 744
77.010000 11 890
77.010000 12 885
77.010000 13 786
77.010000 14 804
78.010000 0 814
78.010000 1 903
78.010000 2 897
78.010000 3 924
78.010000 4 748
78.010000 5 912
78.010000 6 910
78.010000 7 839
78.010000 8 904
78.010000 9 918
78.010000 10 753
78.010000 11 907
78.010000 12 897
78.010000 13 791
78.010000 14 814
79.010000 0 820
79.010000 1 874
79.010000 2 896
79.010000 3 895
79.010000 4 751
79.010000 5 898
79.010000 6 903
79.010000 7 822
79.010000 8 897
79.010000 9 904
79.010000 10 756
79.010000 11 902
79.010000 12 896
79.010000 13 794
79.010000 14 820
80.010000 0 751
80.010000 1 881
80.010000 2 894
80.010000 3 910
80.010000 4 717
80.010000 5 895
80.010000 6 898
80.010000 7 823
80.010000 8 895
80.010000 9 900
80.010000 10 791
80.010000 11 896
80.010000 12 894
80.010000 13 813
80.010000 14 751
81.010000 0 881
81.010000 1 942
81.010000 2 944
81.010000 3 938
81.010000 4 795
81.010000 5 947
81.010000 6 943
81.010000 7 881
81.010000 8 927
81.010000 9 947
81.010000 10 748
81.010000 11 944
81.010000 12 944
81.010000 13 827
81.010000 14 881
82.010000 0 858
82.010000 1 900
82.010000 2 928
82.010000 3 939
82.010000 4 800
82.010000 5 939
82.010000 6 930
82.010000 7 848
82.010000 8 939
82.010000 9 939
82.010000 10 805
82.010000 11 944
82.010000 12 928
82.010000 13 835
82.010000 14 858
83.010000 0 791
83.010000 1 869
83.010000 2 885
83.010000 3 898
83.010000 4 734
83.010000 5 891
83.010000 6 895
83.010000 7 810
83.010000 8 893
83.010000 9 894
83.010000 10 751
83.010000 11 890
83.010000 12 885
83.010000 13 779
83.010000 14 791
84.010000 0 842
84.010000 1 916
84.010000 2 906
84.010000 3 923
84.010000 4 779
84.010000 5 924
84.010000 6 912
84.010000 7 843
84.010000 8 914
84.010000 9 920
84.010000 10 760
84.010000 11 923
84.010000 12 906
84.010000 13 802
84.010000 14 842
85.010000 0 820
85.010000 1 886
85.010000 2 899
85.010000 3 918
85.010000 4 744
85.010000 5 904
85.010000 6 903
85.010000 7 834
85.010000 8 897
85.010000 9 910
85.010000 10 747
85.010000 11 905
85.010000 12 899
85.010000 13 805
85.010000 14 820
86.010000 0 857
86.010000 1 925
86.010000 2 931
86.010000 3 931
86.010000 4 785
86.010000 5 945
86.010000 6 940
86.010000 7 874
86.010000 8 942
86.010000 9 944
86.010000 10 793
86.010000 11 946
86.010000 12 931
86.010000 13 839
86.010000 14 857
87.010000 0 862
87.010000 1 914
87.010000 2 938
87.010000 3 947
87.010000 4 794
87.010000 5 947
87.010000 6 943
87.010000 7 870
87.010000 8 942
87.010000 9 946
87.010000 10 800
87.010000 11 947
87.010000 12 938
87.010000 13 838
87.010000 14 862
88.010000 0 823
88.010000 1 892
88.010000 2 922
88.010000 3 912
88.010000 4 761
88.010000 5 913
88.010000 6 911
88.010000 7 809
88.010000 8 909
88.010000 9 926
88.010000 10 766
88.010000 11 910
88.010000 12 922
88.010000 13 802
88.010000 14 823
89.010000 0 843
89.010000 1 901
89.010000 2 906
89.010000 3 926
89.010000 4 773
89.010000 5 924
89.010000 6 920
89.010000 7 846
89.010000 8 923
89.010000 9 924
89.010000 10 779
89.010000 11 928
89.010000 12 906
89.010000 13 819
89.010000 14 843
90.010000 0 849
90.010000 1 911
90.010000 2 922
90.010000 3 927
90.010000 4 778
90.010000 5 932
90.010000 6 921
90.010000 7 850
90.010000 8 938
90.010000 9 916
90.010000 10 779
90.010000 11 931
90.010000 12 922
90.010000 13 818
90.010000 14 849
91.010000 0 818
91.010000 1 889
91.010000 2 898
91.010000 3 911
91.010000 4 755
91.010000 5 908
91.010000 6 909
91.010000 7 839
91.010000 8 904
91.010000 9 908
91.010000 10 760
91.010000 11 909
91.010000 12 898
91.010000 13 800
91.010000 14 818
92.010000 0 822
92.010000 1 889
92.010000 2 897
92.010000 3 911
92.010000 4 768
92.010000 5 902
92.010000 6 904
92.010000 7 834
92.010000 8 904
92.010000 9 906
92.010000 10 756
92.010000 11 904
92.010000 12 897
92.010000 13 799
92.010000 14 822
93.010000 0 800
93.010000 1 883
93.010000 2 889
93.010000 3 900
93.010000 4 747
93.010000 5 901
93.010000 6 899
93.010000 7 841
93.010000 8 896
93.010000 9 900
93.010000 10 742
93.010000 11 901
93.010000 12 889
93.010000 13 789
93.010000 14 800
94.010000 0 826
94.010000 1 883
94.010000 2 905
94.010000 3 904
94.010000 4 747
94.010000 5 911
94.010000 6 902
94.010000 7 808
94.010000 8 903
94.010000 9 903
94.010000 10 758
94.010000 11 909
94.010000 12 905
94.010000 13 813
94.010000 14 826
95.010000 0 800
95.010000 1 859
95.010000 2 894
95.010000 3 899
95.010000 4 738
95.010000 5 874
95.010000 6 901
95.010000 7 814
95.010000 8 884
95.010000 9 891
95.010000 10 726
95.010000 11 879
95.010000 12 894
95.010000 13 773
95.010000 14 800
96.010000 0 836
96.010000 1 899
96.010000 2 897
96.010000 3 922
96.010000 4 777
96.010000 5 921
96.010000 6 903
96.010000 7 856
96.010000 8 921
96.010000 9 916
96.010000 10 770
96.010000 11 923
96.010000 12 897
96.010000 13 811
96.010000 14 836
97.010000 0 832
97.010000 1 906
97.010000 2 919
97.010000 3 927
97.010000 4 773
97.010000 5 923
97.010000 6 924
97.010000 7 852
97.010000 8 920
97.010000 9 935
97.010000 10 773
97.010000 11 912
97.010000 12 919
97.010000 13 816
97.010000 14 832
98.010000 0 844
98.010000 1 905
98.010000 2 916
98.010000 3 924
98.010000 4 750
98.010000 5 924
98.010000 6 919
98.010000 7 852
98.010000 8 925
98.010000 9 927
98.010000 10 772
98.010000 11 941
98.010000 12 916
98.010000 13 825
98.010000 14 844
99.010000 0 793
99.010000 1 869
99.010000 2 885
99.010000 3 893
99.010000 4 743
99.010000 5 891
99.010000 6 900
99.010000 7 812
99.010000 8 890
99.010000 9 893
99.010000 10 756
99.010000 11 896
99.010000 12 885
99.010000 13 783
99.010000 14 793
100.010000 0 863
100.010000 1 934
100.010000 2 945
100.010000 3 954
100.010000 4 811
100.010000 5 954
100.010000 6 937
100.010000 7 876
100.010000 8 952
100.010000 9 954
100.010000 10 811
100.010000 11 946
100.010000 12 945
100.010000 13 847
100.010000 14 863
101.010000 0 834
101.010000 1 897
101.010000 2 910
101.010000 3 919
101.010000 4 759
101.010000 5 920
101.010000 6 920
101.010000 7 841
101.010000 8 915
101.010000 9 920
101.010000 10 769
101.010000 11 920
101.010000 12 910
101.010000 13 816
101.010000 14 834
102.010000 0 850
102.010000 1 913
102.010000 2 917
102.010000 3 934
102.010000 4 789
102.010000 5 934
102.010000 6 923
102.010000 7 858
102.010000 8 925
102.010000 9 928
102.010000 10 768
102.010000 11 930
102.010000 12 917
102.010000 13 815
102.010000 14 850
103.010000 0 851
103.010000 1 911
103.010000 2 911
103.010000 3 925
103.010000 4 763
103.010000 5 920
103.010000 6 928
103.010000 7 855
103.010000 8 912
103.010000 9 924
103.010000 10 775
103.010000 11 922
103.010000 12 911
103.010000 13 815
103.010000 14 851
104.010000 0 835
104.010000 1 891
104.010000 2 908
104.010000 3 917
104.010000 4 765
104.010000 5 919
104.010000 6 925
104.010000 7 837
104.010000 8 914
104.010000 9 920
104.010000 10 773
104.010000 11 918
104.010000 12 908
104.010000 13 806
104.010000 14 835
105.010000 0 806
105.010000 1 875
105.010000 2 883
105.010000 3 899
105.010000 4 743
105.010000 5 898
105.010000 6 894
105.010000 7 832
105.010000 8 894
105.010000 9 898
105.010000 10 750
105.010000 11 898
105.010000 12 883
105.010000 13 782
105.010000 14 806
106.010000 0 809
106.010000 1 875
106.010000 2 888
106.010000 3 897
106.010000 4 753
106.010000 5 896
106.010000 6 892
106.010000 7 824
106.010000 8 892
106.010000 9 895
106.010000 10 740
106.010000 11 895
106.010000 12 888
106.010000 13 784
106.010000 14 809
107.010000 0 795
107.010000 1 873
107.010000 2 891
107.010000 3 899
107.010000 4 736
107.010000 5 897
107.010000 6 908
107.010000 7 822
107.010000 8 894
107.010000 9 899
107.010000 10 772
107.010000 11 897
107.010000 12 891
107.010000 13 793
107.010000 14 795
108.010000 0 926
108.010000 1 965
108.010000 2 974
108.010000 3 982
108.010000 4 851
108.010000 5 981
108.010000 6 966
108.010000 7 882
108.010000 8 978
108.010000 9 979
108.010000 10 817
108.010000 11 983
108.010000 12 974
108.010000 13 860
108.010000 14 926
109.010000 0 834
109.010000 1 910
109.010000 2 920
109.010000 3 932
109.010000 4 777
109.010000 5 935
109.010000 6 924
109.010000 7 847
109.010000 8 929
109.010000 9 932
109.010000 10 787
109.010000 11 933
109.010000 12 920
109.010000 13 824
109.010000 14 834
110.010000 0 779
110.010000 1 873
110.010000 2 893
110.010000 3 896
110.010000 4 715
110.010000 5 885
110.010000 6 895
110.010000 7 815
110.010000 8 894
110.010000 9 898
110.010000 10 800
110.010000 11 906
110.010000 12 893
110.010000 13 815
110.010000 14 779
111.010000 0 785
111.010000 1 799
111.010000 2 818
111.010000 3 826
111.010000 4 703
111.010000 5 838
111.010000 6 823
111.010000 7 760
111.010000 8 821
111.010000 9 836
111.010000 10 621
111.010000 11 829
111.010000 12 818
111.010000 13 693
111.010000 14 785
112.010000 0 809
112.010000 1 875
112.010000 2 894
112.010000 3 896
112.010000 4 744
112.010000 5 899
112.010000 6 891
112.010000 7 828
112.010000 8 894
112.010000 9 894
112.010000 10 740
112.010000 11 905
112.010000 12 894
112.010000 13 783
112.010000 14 809
113.010000 0 836
113.010000 1 904
113.010000 2 913
113.010000 3 922
113.010000 4 757
113.010000 5 919
113.010000 6 919
113.010000 7 850
113.010000 8 920
113.010000 9 923
113.010000 10 770
113.010000 11 924
113.010000 12 913
113.010000 13 819
113.010000 14 836
114.010000 0 833
114.010000 1 890
114.010000 2 908
114.010000 3 909
114.010000 4 771
114.010000 5 914
114.010000 6 908
114.010000 7 830
114.010000 8 912
114.010000 9 903
114.010000 10 775
114.010000 11 915
114.010000 12 908
114.010000 13 800
114.010000 14 833
115.010000 0 810
115.010000 1 871
115.010000 2 878
115.010000 3 894
115.010000 4 726
115.010000 5 890
115.010000 6 883
115.010000 7 817
115.010000 8 897
115.010000 9 889
115.010000 10 727
115.010000 11 897
115.010000 12 878
115.010000 13 777
115.010000 14 810
116.010000 0 746
116.010000 1 835
116.010000 2 850
116.010000 3 863
116.010000 4 700
116.010000 5 855
116.010000 6 856
116.010000 7 794
116.010000 8 856
116.010000 9 855
116.010000 10 707
116.010000 11 852
116.010000 12 850
116.010000 13 743
116.010000 14 746
117.010000 0 652
117.010000 1 684
117.010000 2 691
117.010000 3 699
117.010000 4 616
117.010000 5 700
117.010000 6 695
117.010000 7 627
117.010000 8 694
117.010000 9 699
117.010000 10 616
117.010000 11 699
117.010000 12 691
117.010000 13 628
117.010000 14 652
118.010000 0 503
118.010000 1 495
118.010000 2 508
118.010000 3 516
118.010000 4 503
118.010000 5 506
118.010000 6 512
118.010000 7 447
118.010000 8 513
118.010000 9 518
118.010000 10 507
118.010000 11 517
118.010000 12 508
118.010000 13 483
118.010000 14 503
119.010000 0 491
119.010000 1 473
119.010000 2 486
119.010000 3 497
119.010000 4 485
119.010000 5 495
119.010000 6 490
119.010000 7 410
119.010000 8 491
119.010000 9 494
119.010000 10 483
119.010000 11 495
119.010000 12 486
119.010000 13 450
119.010000 14 491
120.010000 0 490
120.010000 1 478
120.010000 2 490
120.010000 3 500
120.010000 4 488
120.010000 5 500
120.010000 6 496
120.010000 7 419
120.010000 8 494
120.010000 9 500
120.010000 10 488
120.010000 11 500
120.010000 12 490
120.010000 13 457
120.010000 14 490
121.010000 0 448
121.010000 1 441
121.010000 2 449
121.010000 3 457
121.010000 4 460
121.010000 5 459
121.010000 6 455
121.010000 7 382
121.010000 8 454
121.010000 9 457
121.010000 10 447
121.010000 11 456
121.010000 12 449
121.010000 13 419
121.010000 14 448
122.010000 0 459
122.010000 1 440
122.010000 2 452
122.010000 3 461
122.010000 4 450
122.010000 5 458
122.010000 6 457
122.010000 7 385
122.010000 8 463
122.010000 9 459
122.010000 10 447
122.010000 11 456
122.010000 12 452
122.010000 13 421
122.010000 14 459
123.010000 0 491
123.010000 1 487
123.010000 2 502
123.010000 3 507
123.010000 4 497
123.010000 5 511
123.010000 6 505
123.010000 7 433
123.010000 8 507
123.010000 9 511
123.010000 10 499
123.010000 11 511
123.010000 12 502
123.010000 13 471
123.010000 14 491
124.010000 0 481
124.010000 1 472
124.010000 2 480
124.010000 3 492
124.010000 4 480
124.010000 5 493
124.010000 6 488
124.010000 7 417
124.010000 8 490
124.010000 9 489
124.010000 10 477
124.010000 11 502
124.010000 12 480
124.010000 13 443
124.010000 14 481
125.010000 0 513
125.010000 1 500
125.010000 2 502
125.010000 3 522
125.010000 4 508
125.010000 5 518
125.010000 6 518
125.010000 7 446
125.010000 8 515
125.010000 9 523
125.010000 10 509
125.010000 11 510
125.010000 12 502
125.010000 13 492
125.010000 14 513
126.010000 0 464
126.010000 1 448
126.010000 2 456
126.010000 3 465
126.010000 4 453
126.010000 5 465
126.010000 6 462
126.010000 7 395
126.010000 8 463
126.010000 9 465
126.010000 10 456
126.010000 11 468
126.010000 12 456
126.010000 13 432
126.010000 14 464
127.010000 0 464
127.010000 1 454
127.010000 2 473
127.010000 3 473
127.010000 4 463
127.010000 5 475
127.010000 6 467
127.010000 7 396
127.010000 8 471
127.010000 9 473
127.010000 10 461
127.010000 11 473
127.010000 12 473
127.010000 13 433
127.010000 14 464
128.010000 0 501
128.010000 1 489
128.010000 2 500
128.010000 3 514
128.010000 4 500
128.010000 5 511
128.010000 6 520
128.010000 7 432
128.010000 8 504
128.010000 9 512
128.010000 10 482
128.010000 11 510
128.010000 12 500
128.010000 13 469
128.010000 14 501
129.010000 0 488
129.010000 1 477
129.010000 2 480
129.010000 3 509
129.010000 4 486
129.010000 5 510
129.010000 6 482
129.010000 7 421
129.010000 8 493
129.010000 9 499
129.010000 10 486
129.010000 11 501
129.010000 12 480
129.010000 13 456
129.010000 14 488
130.010000 0 558
130.010000 1 544
130.010000 2 552
130.010000 3 563
130.010000 4 553
130.010000 5 554
130.010000 6 556
130.010000 7 477
130.010000 8 561
130.010000 9 554
130.010000 10 549
130.010000 11 564
130.010000 12 552
130.010000 13 519
130.010000 14 558
131.010000 0 475
131.010000 1 464
131.010000 2 476
131.010000 3 475
131.010000 4 474
131.010000 5 488
131.010000 6 482
131.010000 7 422
131.010000 8 484
131.010000 9 485
131.010000 10 475
131.010000 11 488
131.010000 12 476
131.010000 13 444
131.010000 14 475
132.010000 0 566
132.010000 1 557
132.010000 2 566
132.010000 3 576
132.010000 4 561
132.010000 5 573
132.010000 6 573
132.010000 7 483
132.010000 8 555
132.010000 9 576
132.010000 10 561
132.010000 11 562
132.010000 12 566
132.010000 13 539
132.010000 14 566
133.010000 0 436
133.010000 1 423
133.010000 2 435
133.010000 3 455
133.010000 4 451
133.010000 5 444
133.010000 6 442
133.010000 7 363
133.010000 8 440
133.010000 9 444
133.010000 10 432
133.010000 11 441
133.010000 12 435
133.010000 13 398
133.010000 14 436
134.010000 0 470
134.010000 1 453
134.010000 2 469
134.010000 3 473
134.010000 4 465
134.010000 5 479
134.010000 6 469
134.010000 7 398
134.010000 8 488
134.010000 9 477
134.010000 10 467
134.010000 11 479
134.010000 12 469
134.010000 13 437
134.010000 14 470
135.010000 0 565
135.010000 1 558
135.010000 2 567
135.010000 3 565
135.010000 4 544
135.010000 5 576
135.010000 6 572
135.010000 7 500
135.010000 8 559
135.010000 9 576
135.010000 10 562
135.010000 11 576
135.010000 12 567
135.010000 13 540
135.010000 14 565
136.010000 0 514
136.010000 1 506
136.010000 2 515
136.010000 3 526
136.010000 4 512
136.010000 5 526
136.010000 6 520
136.010000 7 447
136.010000 8 520
136.010000 9 524
136.010000 10 494
136.010000 11 524
136.010000 12 515
136.010000 13 484
136.010000 14 514
137.010000 0 445
137.010000 1 437
137.010000 2 444
137.010000 3 464
137.010000 4 446
137.010000 5 451
137.010000 6 450
137.010000 7 382
137.010000 8 447
137.010000 9 452
137.010000 10 440
137.010000 11 451
137.010000 12 444
137.010000 13 415
137.010000 14 445
138.010000 0 495
138.010000 1 484
138.010000 2 496
138.010000 3 495
138.010000 4 492
138.010000 5 506
138.010000 6 499
138.010000 7 434
138.010000 8 503
138.010000 9 504
138.010000 10 491
138.010000 11 505
138.010000 12 496
138.010000 13 468
138.010000 14 495
139.010000 0 458
139.010000 1 468
139.010000 2 464
139.010000 3 486
139.010000 4 457
139.010000 5 474
139.010000 6 471
139.010000 7 402
139.010000 8 465
139.010000 9 475
139.010000 10 458
139.010000 11 470
139.010000 12 464
139.010000 13 428
139.010000 14 458
140.010000 0 487
140.010000 1 482
140.010000 2 489
140.010000 3 493
140.010000 4 483
140.010000 5 511
140.010000 6 478
140.010000 7 423
140.010000 8 495
140.010000 9 494
140.010000 10 483
140.010000 11 500
140.010000 12 489
140.010000 13 458
140.010000 14 487
141.010000 0 465
141.010000 1 449
141.010000 2 464
141.010000 3 461
141.010000 4 460
141.010000 5 471
141.010000 6 468
141.010000 7 398
141.010000 8 470
141.010000 9 470
141.010000 10 477
141.010000 11 473
141.010000 12 464
141.010000 13 438
141.010000 14 465
142.010000 0 477
142.010000 1 471
142.010000 2 482
142.010000 3 491
142.010000 4 479
142.010000 5 493
142.010000 6 488
142.010000 7 424
142.010000 8 490
142.010000 9 493
142.010000 10 482
142.010000 11 495
142.010000 12 482
142.010000 13 463
142.010000 14 477
143.010000 0 439
143.010000 1 440
143.010000 2 448
143.010000 3 447
143.010000 4 438
143.010000 5 449
143.010000 6 442
143.010000 7 372
143.010000 8 442
143.010000 9 448
143.010000 10 434
143.010000 11 446
143.010000 12 448
143.010000 13 407
143.010000 14 439
144.010000 0 493
144.010000 1 480
144.010000 2 493
144.010000 3 502
144.010000 4 490
144.010000 5 501
144.010000 6 497
144.010000 7 421
144.010000 8 496
144.010000 9 501
144.010000 10 488
144.010000 11 502
144.010000 12 493
144.010000 13 460
144.010000 14 493
145.010000 0 551
145.010000 1 538
145.010000 2 542
145.010000 3 561
145.010000 4 550
145.010000 5 562
145.010000 6 556
145.010000 7 481
145.010000 8 557
145.010000 9 549
145.010000 10 547
145.010000 11 563
145.010000 12 542
145.010000 13 511
145.010000 14 551
146.010000 0 535
146.010000 1 522
146.010000 2 534
146.010000 3 556
146.010000 4 532
146.010000 5 541
146.010000 6 538
146.010000 7 452
146.010000 8 533
146.010000 9 542
146.010000 10 511
146.010000 11 529
146.010000 12 534
146.010000 13 503
146.010000 14 535
147.010000 0 443
147.010000 1 436
147.010000 2 452
147.010000 3 450
147.010000 4 442
147.010000 5 452
147.010000 6 450
147.010000 7 385
147.010000 8 450
147.010000 9 456
147.010000 10 444
147.010000 11 452
147.010000 12 452
147.010000 13 412
147.010000 14 443
148.010000 0 429
148.010000 1 408
148.010000 2 428
148.010000 3 428
148.010000 4 417
148.010000 5 431
148.010000 6 426
148.010000 7 357
148.010000 8 442
148.010000 9 431
148.010000 10 423
148.010000 11 433
148.010000 12 428
148.010000 13 395
148.010000 14 429
149.010000 0 464
149.010000 1 453
149.010000 2 464
149.010000 3 460
149.010000 4 459
149.010000 5 473
149.010000 6 469
149.010000 7 404
149.010000 8 458
149.010000 9 474
149.010000 10 481
149.010000 11 487
149.010000 12 464
149.010000 13 442
149.010000 14 464
