0.010000 0 5
0.010000 1 21
0.010000 2 21
0.010000 3 16
0.010000 4 21
0.010000 5 21
0.010000 6 21
0.010000 7 21
0.010000 8 20
0.010000 9 21
0.010000 10 21
0.010000 11 21
0.010000 12 21
0.010000 13 21
0.010000 14 13
0.010000 15 21
0.010000 16 21
0.010000 17 13
0.010000 18 12
0.010000 19 21
0.010000 20 20
0.010000 21 21
1.010000 0 891
1.010000 1 997
1.010000 2 884
1.010000 3 959
1.010000 4 1000
1.010000 5 969
1.010000 6 996
1.010000 7 950
1.010000 8 998
1.010000 9 977
1.010000 10 996
1.010000 11 974
1.010000 12 960
1.010000 13 986
1.010000 14 976
1.010000 15 942
1.010000 16 986
1.010000 17 937
1.010000 18 972
1.010000 19 967
1.010000 20 960
1.010000 21 957
2.010000 0 599
2.010000 1 699
2.010000 2 577
2.010000 3 685
2.010000 4 687
2.010000 5 679
2.010000 6 688
2.010000 7 702
2.010000 8 691
2.010000 9 681
2.010000 10 663
2.010000 11 688
2.010000 12 665
2.010000 13 667
2.010000 14 661
2.010000 15 664
2.010000 16 675
2.010000 17 661
2.010000 18 657
2.010000 19 647
2.010000 20 693
2.010000 21 673
3.010000 0 635
3.010000 1 723
3.010000 2 640
3.010000 3 699
3.010000 4 711
3.010000 5 698
3.010000 6 714
3.010000 7 699
3.010000 8 714
3.010000 9 710
3.010000 10 691
3.010000 11 710
3.010000 12 700
3.010000 13 695
3.010000 14 697
3.010000 15 681
3.010000 16 727
3.010000 17 680
3.010000 18 691
3.010000 19 695
3.010000 20 704
3.010000 21 702
4.010000 0 725
4.010000 1 803
4.010000 2 713
4.010000 3 766
4.010000 4 789
4.010000 5 777
4.010000 6 795
4.010000 7 777
4.010000 8 780
4.010000 9 788
4.010000 10 771
4.010000 11 790
4.010000 12 777
4.010000 13 776
4.010000 14 784
4.010000 15 758
4.010000 16 788
4.010000 17 745
4.010000 18 773
4.010000 19 772
4.010000 20 783
4.010000 21 781
5.010000 0 643
5.010000 1 717
5.010000 2 625
5.010000 3 716
5.010000 4 705
5.010000 5 689
5.010000 6 709
5.010000 7 692
5.010000 8 706
5.010000 9 699
5.010000 10 682
5.010000 11 705
5.010000 12 688
5.010000 13 688
5.010000 14 692
5.010000 15 672
5.010000 16 698
5.010000 17 701
5.010000 18 688
5.010000 19 686
5.010000 20 694
5.010000 21 694
6.010000 0 683
6.010000 1 779
6.010000 2 697
6.010000 3 749
6.010000 4 765
6.010000 5 758
6.010000 6 771
6.010000 7 751
6.010000 8 769
6.010000 9 765
6.010000 10 742
6.010000 11 763
6.010000 12 750
6.010000 13 748
6.010000 14 754
6.010000 15 741
6.010000 16 740
6.010000 17 736
6.010000 18 746
6.010000 19 748
6.010000 20 753
6.010000 21 753
7.010000 0 604
7.010000 1 683
7.010000 2 596
7.010000 3 661
7.010000 4 670
7.010000 5 661
7.010000 6 675
7.010000 7 660
7.010000 8 676
7.010000 9 671
7.010000 10 655
7.010000 11 690
7.010000 12 658
7.010000 13 657
7.010000 14 661
7.010000 15 644
7.010000 16 688
7.010000 17 644
7.010000 18 656
7.010000 19 652
7.010000 20 666
7.010000 21 662
8.010000 0 645
8.010000 1 730
8.010000 2 643
8.010000 3 705
8.010000 4 721
8.010000 5 708
8.010000 6 719
8.010000 7 708
8.010000 8 740
8.010000 9 718
8.010000 10 700
8.010000 11 718
8.010000 12 707
8.010000 13 699
8.010000 14 708
8.010000 15 693
8.010000 16 715
8.010000 17 688
8.010000 18 702
8.010000 19 702
8.010000 20 712
8.010000 21 708
9.010000 0 684
9.010000 1 768
9.010000 2 683
9.010000 3 746
9.010000 4 758
9.010000 5 744
9.010000 6 763
9.010000 7 739
9.010000 8 761
9.010000 9 760
9.010000 10 738
9.010000 11 759
9.010000 12 746
9.010000 13 744
9.010000 14 747
9.010000 15 727
9.010000 16 756
9.010000 17 729
9.010000 18 743
9.010000 19 742
9.010000 20 750
9.010000 21 751
10.010000 0 670
10.010000 1 766
10.010000 2 673
10.010000 3 737
10.010000 4 754
10.010000 5 739
10.010000 6 754
10.010000 7 748
10.010000 8 758
10.010000 9 751
10.010000 10 729
10.010000 11 745
10.010000 12 738
10.010000 13 732
10.010000 14 736
10.010000 15 721
10.010000 16 746
10.010000 17 720
10.010000 18 732
10.010000 19 732
10.010000 20 739
10.010000 21 742
11.010000 0 759
11.010000 1 849
11.010000 2 758
11.010000 3 822
11.010000 4 832
11.010000 5 824
11.010000 6 822
11.010000 7 797
11.010000 8 841
11.010000 9 829
11.010000 10 813
11.010000 11 837
11.010000 12 822
11.010000 13 821
11.010000 14 822
11.010000 15 807
11.010000 16 833
11.010000 17 803
11.010000 18 819
11.010000 19 820
11.010000 20 827
11.010000 21 826
12.010000 0 666
12.010000 1 766
12.010000 2 662
12.010000 3 740
12.010000 4 756
12.010000 5 733
12.010000 6 775
12.010000 7 766
12.010000 8 758
12.010000 9 756
12.010000 10 732
12.010000 11 734
12.010000 12 739
12.010000 13 732
12.010000 14 738
12.010000 15 716
12.010000 16 728
12.010000 17 725
12.010000 18 732
12.010000 19 728
12.010000 20 741
12.010000 21 744
13.010000 0 680
13.010000 1 777
13.010000 2 706
13.010000 3 750
13.010000 4 765
13.010000 5 752
13.010000 6 751
13.010000 7 749
13.010000 8 767
13.010000 9 764
13.010000 10 740
13.010000 11 763
13.010000 12 751
13.010000 13 747
13.010000 14 744
13.010000 15 737
13.010000 16 758
13.010000 17 731
13.010000 18 744
13.010000 19 766
13.010000 20 757
13.010000 21 755
14.010000 0 711
14.010000 1 791
14.010000 2 685
14.010000 3 778
14.010000 4 791
14.010000 5 773
14.010000 6 813
14.010000 7 779
14.010000 8 795
14.010000 9 789
14.010000 10 769
14.010000 11 790
14.010000 12 773
14.010000 13 771
14.010000 14 778
14.010000 15 753
14.010000 16 784
14.010000 17 761
14.010000 18 771
14.010000 19 750
14.010000 20 780
14.010000 21 781
15.010000 0 649
15.010000 1 733
15.010000 2 647
15.010000 3 709
15.010000 4 718
15.010000 5 706
15.010000 6 723
15.010000 7 706
15.010000 8 724
15.010000 9 720
15.010000 10 697
15.010000 11 719
15.010000 12 709
15.010000 13 707
15.010000 14 707
15.010000 15 689
15.010000 16 734
15.010000 17 691
15.010000 18 705
15.010000 19 705
15.010000 20 715
15.010000 21 714
16.010000 0 1212
16.010000 1 1409
16.010000 2 1303
16.010000 3 1380
16.010000 4 1193
16.010000 5 1389
16.010000 6 1398
16.010000 7 1385
16.010000 8 1418
16.010000 9 1389
16.010000 10 1172
16.010000 11 1400
16.010000 12 1370
16.010000 13 1376
16.010000 14 1281
16.010000 15 1379
16.010000 16 1267
16.010000 17 1245
16.010000 18 1258
16.010000 19 1381
16.010000 20 1386
16.010000 21 1381
17.010000 0 1153
17.010000 1 1373
17.010000 2 1268
17.010000 3 1337
17.010000 4 1141
17.010000 5 1326
17.010000 6 1356
17.010000 7 1336
17.010000 8 1334
17.010000 9 1342
17.010000 10 1121
17.010000 11 1344
17.010000 12 1341
17.010000 13 1330
17.010000 14 1218
17.010000 15 1317
17.010000 16 1252
17.010000 17 1210
17.010000 18 1213
17.010000 19 1336
17.010000 20 1337
17.010000 21 1338
18.010000 0 1115
18.010000 1 1303
18.010000 2 1220
18.010000 3 1287
18.010000 4 1082
18.010000 5 1281
18.010000 6 1297
18.010000 7 1279
18.010000 8 1306
18.010000 9 1310
18.010000 10 1070
18.010000 11 1297
18.010000 12 1281
18.010000 13 1282
18.010000 14 1156
18.010000 15 1265
18.010000 16 1187
18.010000 17 1140
18.010000 18 1159
18.010000 19 1277
18.010000 20 1288
18.010000 21 1288
19.010000 0 1163
19.010000 1 1359
19.010000 2 1287
19.010000 3 1333
19.010000 4 1123
19.010000 5 1333
19.010000 6 1350
19.010000 7 1331
19.010000 8 1362
19.010000 9 1345
19.010000 10 1100
19.010000 11 1348
19.010000 12 1331
19.010000 13 1334
19.010000 14 1217
19.010000 15 1318
19.010000 16 1230
19.010000 17 1197
19.010000 18 1218
19.010000 19 1346
19.010000 20 1346
19.010000 21 1337
20.010000 0 1160
20.010000 1 1343
20.010000 2 1232
20.010000 3 1331
20.010000 4 1141
20.010000 5 1312
20.010000 6 1333
20.010000 7 1321
20.010000 8 1333
20.010000 9 1328
20.010000 10 1105
20.010000 11 1334
20.010000 12 1312
20.010000 13 1313
20.010000 14 1203
20.010000 15 1297
20.010000 16 1227
20.010000 17 1195
20.010000 18 1206
20.010000 19 1304
20.010000 20 1321
20.010000 21 1321
21.010000 0 1149
21.010000 1 1350
21.010000 2 1250
21.010000 3 1325
21.010000 4 1125
21.010000 5 1330
21.010000 6 1340
21.010000 7 1325
21.010000 8 1357
21.010000 9 1335
21.010000 10 1104
21.010000 11 1346
21.010000 12 1320
21.010000 13 1321
21.010000 14 1204
21.010000 15 1313
21.010000 16 1225
21.010000 17 1185
21.010000 18 1200
21.010000 19 1315
21.010000 20 1333
21.010000 21 1329
22.010000 0 1220
22.010000 1 1412
22.010000 2 1334
22.010000 3 1393
22.010000 4 1195
22.010000 5 1383
22.010000 6 1390
22.010000 7 1361
22.010000 8 1403
22.010000 9 1395
22.010000 10 1178
22.010000 11 1401
22.010000 12 1399
22.010000 13 1385
22.010000 14 1273
22.010000 15 1374
22.010000 16 1301
22.010000 17 1262
22.010000 18 1270
22.010000 19 1392
22.010000 20 1390
22.010000 21 1385
23.010000 0 1055
23.010000 1 1264
23.010000 2 1194
23.010000 3 1238
23.010000 4 1025
23.010000 5 1255
23.010000 6 1269
23.010000 7 1265
23.010000 8 1256
23.010000 9 1258
23.010000 10 1014
23.010000 11 1253
23.010000 12 1246
23.010000 13 1264
23.010000 14 1111
23.010000 15 1234
23.010000 16 1141
23.010000 17 1094
23.010000 18 1112
23.010000 19 1230
23.010000 20 1243
23.010000 21 1253
24.010000 0 1174
24.010000 1 1387
24.010000 2 1275
24.010000 3 1361
24.010000 4 1173
24.010000 5 1369
24.010000 6 1374
24.010000 7 1378
24.010000 8 1380
24.010000 9 1353
24.010000 10 1147
24.010000 11 1378
24.010000 12 1353
24.010000 13 1354
24.010000 14 1233
24.010000 15 1356
24.010000 16 1256
24.010000 17 1225
24.010000 18 1237
24.010000 19 1348
24.010000 20 1361
24.010000 21 1362
25.010000 0 1139
25.010000 1 1343
25.010000 2 1265
25.010000 3 1316
25.010000 4 1118
25.010000 5 1319
25.010000 6 1338
25.010000 7 1322
25.010000 8 1335
25.010000 9 1348
25.010000 10 1087
25.010000 11 1335
25.010000 12 1324
25.010000 13 1321
25.010000 14 1198
25.010000 15 1298
25.010000 16 1251
25.010000 17 1173
25.010000 18 1197
25.010000 19 1317
25.010000 20 1327
25.010000 21 1330
26.010000 0 1080
26.010000 1 1279
26.010000 2 1219
26.010000 3 1254
26.010000 4 1053
26.010000 5 1257
26.010000 6 1273
26.010000 7 1258
26.010000 8 1276
26.010000 9 1268
26.010000 10 1067
26.010000 11 1282
26.010000 12 1275
26.010000 13 1257
26.010000 14 1139
26.010000 15 1245
26.010000 16 1159
26.010000 17 1110
26.010000 18 1124
26.010000 19 1258
26.010000 20 1257
26.010000 21 1259
27.010000 0 1161
27.010000 1 1356
27.010000 2 1251
27.010000 3 1323
27.010000 4 1130
27.010000 5 1311
27.010000 6 1342
27.010000 7 1338
27.010000 8 1345
27.010000 9 1338
27.010000 10 1113
27.010000 11 1344
27.010000 12 1329
27.010000 13 1329
27.010000 14 1223
27.010000 15 1300
27.010000 16 1236
27.010000 17 1190
27.010000 18 1211
27.010000 19 1327
27.010000 20 1337
27.010000 21 1333
28.010000 0 1185
28.010000 1 1379
28.010000 2 1307
28.010000 3 1364
28.010000 4 1170
28.010000 5 1381
28.010000 6 1385
28.010000 7 1371
28.010000 8 1383
28.010000 9 1382
28.010000 10 1158
28.010000 11 1389
28.010000 12 1357
28.010000 13 1367
28.010000 14 1254
28.010000 15 1350
28.010000 16 1278
28.010000 17 1234
28.010000 18 1247
28.010000 19 1352
28.010000 20 1372
28.010000 21 1373
29.010000 0 1207
29.010000 1 1389
29.010000 2 1300
29.010000 3 1382
29.010000 4 1169
29.010000 5 1369
29.010000 6 1377
29.010000 7 1363
29.010000 8 1380
29.010000 9 1374
29.010000 10 1139
29.010000 11 1379
29.010000 12 1354
29.010000 13 1360
29.010000 14 1264
29.010000 15 1346
29.010000 16 1266
29.010000 17 1255
29.010000 18 1243
29.010000 19 1355
29.010000 20 1362
29.010000 21 1346
30.010000 0 1147
30.010000 1 1373
30.010000 2 1262
30.010000 3 1346
30.010000 4 1148
30.010000 5 1340
30.010000 6 1361
30.010000 7 1350
30.010000 8 1368
30.010000 9 1354
30.010000 10 1141
30.010000 11 1361
30.010000 12 1347
30.010000 13 1348
30.010000 14 1221
30.010000 15 1331
30.010000 16 1252
30.010000 17 1198
30.010000 18 1199
30.010000 19 1332
30.010000 20 1369
30.010000 21 1348
31.010000 0 1127
31.010000 1 1321
31.010000 2 1254
31.010000 3 1313
31.010000 4 1103
31.010000 5 1302
31.010000 6 1310
31.010000 7 1290
31.010000 8 1312
31.010000 9 1305
31.010000 10 1068
31.010000 11 1303
31.010000 12 1308
31.010000 13 1293
31.010000 14 1175
31.010000 15 1297
31.010000 16 1198
31.010000 17 1183
31.010000 18 1176
31.010000 19 1301
31.010000 20 1296
31.010000 21 1305
32.010000 0 1148
32.010000 1 1325
32.010000 2 1215
32.010000 3 1310
32.010000 4 1092
32.010000 5 1288
32.010000 6 1321
32.010000 7 1302
32.010000 8 1314
32.010000 9 1315
32.010000 10 1095
32.010000 11 1317
32.010000 12 1274
32.010000 13 1302
32.010000 14 1185
32.010000 15 1253
32.010000 16 1210
32.010000 17 1181
32.010000 18 1203
32.010000 19 1288
32.010000 20 1311
32.010000 21 1317
33.010000 0 1164
33.010000 1 1375
33.010000 2 1287
33.010000 3 1353
33.010000 4 1151
33.010000 5 1349
33.010000 6 1362
33.010000 7 1350
33.010000 8 1364
33.010000 9 1355
33.010000 10 1133
33.010000 11 1359
33.010000 12 1345
33.010000 13 1348
33.010000 14 1227
33.010000 15 1327
33.010000 16 1271
33.010000 17 1219
33.010000 18 1226
33.010000 19 1339
33.010000 20 1355
33.010000 21 1348
34.010000 0 1129
34.010000 1 1335
34.010000 2 1265
34.010000 3 1308
34.010000 4 1122
34.010000 5 1322
34.010000 6 1329
34.010000 7 1315
34.010000 8 1336
34.010000 9 1326
34.010000 10 1097
34.010000 11 1338
34.010000 12 1310
34.010000 13 1307
34.010000 14 1207
34.010000 15 1300
34.010000 16 1200
34.010000 17 1177
34.010000 18 1180
34.010000 19 1310
34.010000 20 1323
34.010000 21 1319
35.010000 0 1125
35.010000 1 1310
35.010000 2 1263
35.010000 3 1288
35.010000 4 1073
35.010000 5 1300
35.010000 6 1299
35.010000 7 1286
35.010000 8 1303
35.010000 9 1302
35.010000 10 1070
35.010000 11 1304
35.010000 12 1292
35.010000 13 1300
35.010000 14 1158
35.010000 15 1283
35.010000 16 1209
35.010000 17 1145
35.010000 18 1174
35.010000 19 1305
35.010000 20 1298
35.010000 21 1298
36.010000 0 1197
36.010000 1 1387
36.010000 2 1285
36.010000 3 1369
36.010000 4 1156
36.010000 5 1370
36.010000 6 1378
36.010000 7 1364
36.010000 8 1379
36.010000 9 1373
36.010000 10 1169
36.010000 11 1383
36.010000 12 1344
36.010000 13 1366
36.010000 14 1253
36.010000 15 1347
36.010000 16 1298
36.010000 17 1221
36.010000 18 1229
36.010000 19 1353
36.010000 20 1376
36.010000 21 1371
37.010000 0 1139
37.010000 1 1352
37.010000 2 1250
37.010000 3 1339
37.010000 4 1145
37.010000 5 1318
37.010000 6 1341
37.010000 7 1324
37.010000 8 1339
37.010000 9 1336
37.010000 10 1116
37.010000 11 1328
37.010000 12 1315
37.010000 13 1292
37.010000 14 1201
37.010000 15 1302
37.010000 16 1222
37.010000 17 1210
37.010000 18 1202
37.010000 19 1316
37.010000 20 1321
37.010000 21 1321
38.010000 0 1194
38.010000 1 1412
38.010000 2 1326
38.010000 3 1374
38.010000 4 1194
38.010000 5 1387
38.010000 6 1405
38.010000 7 1387
38.010000 8 1405
38.010000 9 1401
38.010000 10 1177
38.010000 11 1405
38.010000 12 1389
38.010000 13 1393
38.010000 14 1275
38.010000 15 1370
38.010000 16 1283
38.010000 17 1237
38.010000 18 1256
38.010000 19 1382
38.010000 20 1376
38.010000 21 1391
39.010000 0 1122
39.010000 1 1332
39.010000 2 1277
39.010000 3 1314
39.010000 4 1117
39.010000 5 1309
39.010000 6 1324
39.010000 7 1308
39.010000 8 1326
39.010000 9 1322
39.010000 10 1099
39.010000 11 1321
39.010000 12 1324
39.010000 13 1299
39.010000 14 1179
39.010000 15 1291
39.010000 16 1229
39.010000 17 1168
39.010000 18 1176
39.010000 19 1316
39.010000 20 1315
39.010000 21 1312
40.010000 0 1100
40.010000 1 1308
40.010000 2 1219
40.010000 3 1275
40.010000 4 1062
40.010000 5 1271
40.010000 6 1286
40.010000 7 1283
40.010000 8 1288
40.010000 9 1281
40.010000 10 1048
40.010000 11 1289
40.010000 12 1278
40.010000 13 1303
40.010000 14 1156
40.010000 15 1259
40.010000 16 1170
40.010000 17 1141
40.010000 18 1154
40.010000 19 1275
40.010000 20 1296
40.010000 21 1288
41.010000 0 1273
41.010000 1 1469
41.010000 2 1333
41.010000 3 1432
41.010000 4 1272
41.010000 5 1444
41.010000 6 1457
41.010000 7 1434
41.010000 8 1461
41.010000 9 1433
41.010000 10 1244
41.010000 11 1456
41.010000 12 1411
41.010000 13 1407
41.010000 14 1327
41.010000 15 1422
41.010000 16 1360
41.010000 17 1310
41.010000 18 1342
41.010000 19 1425
41.010000 20 1448
41.010000 21 1432
42.010000 0 1136
42.010000 1 1345
42.010000 2 1297
42.010000 3 1329
42.010000 4 1117
42.010000 5 1325
42.010000 6 1337
42.010000 7 1324
42.010000 8 1337
42.010000 9 1338
42.010000 10 1102
42.010000 11 1345
42.010000 12 1338
42.010000 13 1320
42.010000 14 1189
42.010000 15 1307
42.010000 16 1229
42.010000 17 1182
42.010000 18 1188
42.010000 19 1334
42.010000 20 1333
42.010000 21 1329
43.010000 0 1108
43.010000 1 1313
43.010000 2 1243
43.010000 3 1291
43.010000 4 1088
43.010000 5 1279
43.010000 6 1305
43.010000 7 1288
43.010000 8 1300
43.010000 9 1322
43.010000 10 1070
43.010000 11 1301
43.010000 12 1294
43.010000 13 1293
43.010000 14 1162
43.010000 15 1264
43.010000 16 1192
43.010000 17 1152
43.010000 18 1168
43.010000 19 1298
43.010000 20 1295
43.010000 21 1299
44.010000 0 1198
44.010000 1 1399
44.010000 2 1330
44.010000 3 1370
44.010000 4 1182
44.010000 5 1379
44.010000 6 1390
44.010000 7 1368
44.010000 8 1387
44.010000 9 1371
44.010000 10 1164
44.010000 11 1386
44.010000 12 1386
44.010000 13 1370
44.010000 14 1254
44.010000 15 1362
44.010000 16 1284
44.010000 17 1237
44.010000 18 1264
44.010000 19 1369
44.010000 20 1356
44.010000 21 1379
45.010000 0 1045
45.010000 1 1249
45.010000 2 1181
45.010000 3 1245
45.010000 4 1006
45.010000 5 1224
45.010000 6 1244
45.010000 7 1234
45.010000 8 1240
45.010000 9 1245
45.010000 10 1002
45.010000 11 1241
45.010000 12 1233
45.010000 13 1249
45.010000 14 1092
45.010000 15 1204
45.010000 16 1133
45.010000 17 1093
45.010000 18 1085
45.010000 19 1219
45.010000 20 1251
45.010000 21 1226
46.010000 0 1153
46.010000 1 1355
46.010000 2 1274
46.010000 3 1317
46.010000 4 1135
46.010000 5 1339
46.010000 6 1345
46.010000 7 1351
46.010000 8 1348
46.010000 9 1339
46.010000 10 1133
46.010000 11 1346
46.010000 12 1328
46.010000 13 1307
46.010000 14 1215
46.010000 15 1321
46.010000 16 1230
46.010000 17 1178
46.010000 18 1211
46.010000 19 1321
46.010000 20 1316
46.010000 21 1333
47.010000 0 1142
47.010000 1 1357
47.010000 2 1293
47.010000 3 1325
47.010000 4 1134
47.010000 5 1339
47.010000 6 1348
47.010000 7 1336
47.010000 8 1370
47.010000 9 1346
47.010000 10 1121
47.010000 11 1352
47.010000 12 1337
47.010000 13 1334
47.010000 14 1212
47.010000 15 1322
47.010000 16 1243
47.010000 17 1182
47.010000 18 1192
47.010000 19 1347
47.010000 20 1354
47.010000 21 1338
48.010000 0 1183
48.010000 1 1389
48.010000 2 1282
48.010000 3 1359
48.010000 4 1188
48.010000 5 1366
48.010000 6 1378
48.010000 7 1358
48.010000 8 1377
48.010000 9 1375
48.010000 10 1165
48.010000 11 1377
48.010000 12 1343
48.010000 13 1359
48.010000 14 1246
48.010000 15 1345
48.010000 16 1275
48.010000 17 1230
48.010000 18 1252
48.010000 19 1353
48.010000 20 1358
48.010000 21 1370
49.010000 0 1124
49.010000 1 1348
49.010000 2 1258
49.010000 3 1327
49.010000 4 1112
49.010000 5 1325
49.010000 6 1339
49.010000 7 1342
49.010000 8 1341
49.010000 9 1335
49.010000 10 1102
49.010000 11 1332
49.010000 12 1334
49.010000 13 1317
49.010000 14 1194
49.010000 15 1311
49.010000 16 1227
49.010000 17 1184
49.010000 18 1183
49.010000 19 1298
49.010000 20 1322
49.010000 21 1321
50.010000 0 1129
50.010000 1 1346
50.010000 2 1255
50.010000 3 1324
50.010000 4 1115
50.010000 5 1309
50.010000 6 1336
50.010000 7 1321
50.010000 8 1333
50.010000 9 1331
50.010000 10 1092
50.010000 11 1330
50.010000 12 1322
50.010000 13 1337
50.010000 14 1201
50.010000 15 1292
50.010000 16 1220
50.010000 17 1187
50.010000 18 1184
50.010000 19 1310
50.010000 20 1321
50.010000 21 1319
51.010000 0 1058
51.010000 1 1286
51.010000 2 1253
51.010000 3 1254
51.010000 4 1022
51.010000 5 1272
51.010000 6 1269
51.010000 7 1279
51.010000 8 1282
51.010000 9 1275
51.010000 10 1013
51.010000 11 1269
51.010000 12 1275
51.010000 13 1282
51.010000 14 1121
51.010000 15 1255
51.010000 16 1152
51.010000 17 1108
51.010000 18 1117
51.010000 19 1271
51.010000 20 1264
51.010000 21 1268
52.010000 0 1156
52.010000 1 1367
52.010000 2 1273
52.010000 3 1339
52.010000 4 1150
52.010000 5 1343
52.010000 6 1357
52.010000 7 1339
52.010000 8 1358
52.010000 9 1355
52.010000 10 1127
52.010000 11 1354
52.010000 12 1336
52.010000 13 1342
52.010000 14 1214
52.010000 15 1326
52.010000 16 1256
52.010000 17 1199
52.010000 18 1224
52.010000 19 1335
52.010000 20 1348
52.010000 21 1363
53.010000 0 1133
53.010000 1 1334
53.010000 2 1254
53.010000 3 1309
53.010000 4 1102
53.010000 5 1305
53.010000 6 1324
53.010000 7 1307
53.010000 8 1322
53.010000 9 1318
53.010000 10 1077
53.010000 11 1318
53.010000 12 1298
53.010000 13 1309
53.010000 14 1184
53.010000 15 1286
53.010000 16 1210
53.010000 17 1174
53.010000 18 1198
53.010000 19 1317
53.010000 20 1335
53.010000 21 1314
54.010000 0 1179
54.010000 1 1387
54.010000 2 1300
54.010000 3 1350
54.010000 4 1174
54.010000 5 1361
54.010000 6 1380
54.010000 7 1365
54.010000 8 1380
54.010000 9 1377
54.010000 10 1140
54.010000 11 1376
54.010000 12 1363
54.010000 13 1383
54.010000 14 1256
54.010000 15 1344
54.010000 16 1258
54.010000 17 1219
54.010000 18 1243
54.010000 19 1357
54.010000 20 1358
54.010000 21 1365
55.010000 0 1201
55.010000 1 1401
55.010000 2 1281
55.010000 3 1374
55.010000 4 1184
55.010000 5 1370
55.010000 6 1396
55.010000 7 1377
55.010000 8 1396
55.010000 9 1385
55.010000 10 1161
55.010000 11 1392
55.010000 12 1354
55.010000 13 1372
55.010000 14 1268
55.010000 15 1351
55.010000 16 1264
55.010000 17 1245
55.010000 18 1253
55.010000 19 1364
55.010000 20 1404
55.010000 21 1379
56.010000 0 1055
56.010000 1 1253
56.010000 2 1194
56.010000 3 1238
56.010000 4 1010
56.010000 5 1230
56.010000 6 1255
56.010000 7 1228
56.010000 8 1242
56.010000 9 1244
56.010000 10 1013
56.010000 11 1243
56.010000 12 1247
56.010000 13 1231
56.010000 14 1088
56.010000 15 1218
56.010000 16 1155
56.010000 17 1082
56.010000 18 1098
56.010000 19 1236
56.010000 20 1238
56.010000 21 1258
57.010000 0 1068
57.010000 1 1291
57.010000 2 1197
57.010000 3 1271
57.010000 4 1074
57.010000 5 1275
57.010000 6 1304
57.010000 7 1296
57.010000 8 1287
57.010000 9 1282
57.010000 10 1043
57.010000 11 1285
57.010000 12 1263
57.010000 13 1270
57.010000 14 1121
57.010000 15 1257
57.010000 16 1164
57.010000 17 1121
57.010000 18 1135
57.010000 19 1260
57.010000 20 1276
57.010000 21 1290
58.010000 0 1169
58.010000 1 1368
58.010000 2 1288
58.010000 3 1353
58.010000 4 1156
58.010000 5 1351
58.010000 6 1364
58.010000 7 1347
58.010000 8 1369
58.010000 9 1365
58.010000 10 1158
58.010000 11 1370
58.010000 12 1340
58.010000 13 1352
58.010000 14 1228
58.010000 15 1324
58.010000 16 1277
58.010000 17 1224
58.010000 18 1237
58.010000 19 1343
58.010000 20 1359
58.010000 21 1358
59.010000 0 1170
59.010000 1 1384
59.010000 2 1298
59.010000 3 1358
59.010000 4 1152
59.010000 5 1362
59.010000 6 1371
59.010000 7 1356
59.010000 8 1371
59.010000 9 1365
59.010000 10 1135
59.010000 11 1370
59.010000 12 1367
59.010000 13 1350
59.010000 14 1225
59.010000 15 1356
59.010000 16 1257
59.010000 17 1212
59.010000 18 1222
59.010000 19 1358
59.010000 20 1358
59.010000 21 1355
60.010000 0 1125
60.010000 1 1351
60.010000 2 1276
60.010000 3 1314
60.010000 4 1122
60.010000 5 1319
60.010000 6 1333
60.010000 7 1318
60.010000 8 1339
60.010000 9 1333
60.010000 10 1109
60.010000 11 1328
60.010000 12 1328
60.010000 13 1316
60.010000 14 1199
60.010000 15 1314
60.010000 16 1195
60.010000 17 1173
60.010000 18 1180
60.010000 19 1335
60.010000 20 1322
60.010000 21 1318
61.010000 0 1173
61.010000 1 1347
61.010000 2 1269
61.010000 3 1325
61.010000 4 1129
61.010000 5 1331
61.010000 6 1355
61.010000 7 1319
61.010000 8 1345
61.010000 9 1345
61.010000 10 1115
61.010000 11 1341
61.010000 12 1315
61.010000 13 1327
61.010000 14 1218
61.010000 15 1287
61.010000 16 1247
61.010000 17 1191
61.010000 18 1224
61.010000 19 1304
61.010000 20 1339
61.010000 21 1356
62.010000 0 1076
62.010000 1 1314
62.010000 2 1228
62.010000 3 1283
62.010000 4 1101
62.010000 5 1290
62.010000 6 1308
62.010000 7 1308
62.010000 8 1308
62.010000 9 1305
62.010000 10 1095
62.010000 11 1306
62.010000 12 1291
62.010000 13 1291
62.010000 14 1152
62.010000 15 1273
62.010000 16 1217
62.010000 17 1134
62.010000 18 1144
62.010000 19 1285
62.010000 20 1295
62.010000 21 1304
63.010000 0 1175
63.010000 1 1380
63.010000 2 1291
63.010000 3 1355
63.010000 4 1164
63.010000 5 1358
63.010000 6 1372
63.010000 7 1355
63.010000 8 1373
63.010000 9 1368
63.010000 10 1148
63.010000 11 1371
63.010000 12 1353
63.010000 13 1353
63.010000 14 1240
63.010000 15 1341
63.010000 16 1263
63.010000 17 1224
63.010000 18 1235
63.010000 19 1352
63.010000 20 1357
63.010000 21 1357
64.010000 0 1201
64.010000 1 1432
64.010000 2 1310
64.010000 3 1391
64.010000 4 1231
64.010000 5 1387
64.010000 6 1410
64.010000 7 1394
64.010000 8 1413
64.010000 9 1404
64.010000 10 1189
64.010000 11 1408
64.010000 12 1387
64.010000 13 1392
64.010000 14 1281
64.010000 15 1366
64.010000 16 1300
64.010000 17 1261
64.010000 18 1268
64.010000 19 1379
64.010000 20 1390
64.010000 21 1375
65.010000 0 1127
65.010000 1 1339
65.010000 2 1246
65.010000 3 1308
65.010000 4 1124
65.010000 5 1318
65.010000 6 1332
65.010000 7 1318
65.010000 8 1337
65.010000 9 1327
65.010000 10 1119
65.010000 11 1331
65.010000 12 1313
65.010000 13 1312
65.010000 14 1189
65.010000 15 1297
65.010000 16 1227
65.010000 17 1169
65.010000 18 1197
65.010000 19 1308
65.010000 20 1329
65.010000 21 1334
66.010000 0 1138
66.010000 1 1323
66.010000 2 1294
66.010000 3 1313
66.010000 4 1101
66.010000 5 1312
66.010000 6 1327
66.010000 7 1306
66.010000 8 1324
66.010000 9 1323
66.010000 10 1069
66.010000 11 1317
66.010000 12 1334
66.010000 13 1309
66.010000 14 1193
66.010000 15 1309
66.010000 16 1206
66.010000 17 1183
66.010000 18 1186
66.010000 19 1325
66.010000 20 1314
66.010000 21 1337
67.010000 0 1199
67.010000 1 1410
67.010000 2 1297
67.010000 3 1381
67.010000 4 1187
67.010000 5 1401
67.010000 6 1398
67.010000 7 1388
67.010000 8 1400
67.010000 9 1398
67.010000 10 1173
67.010000 11 1404
67.010000 12 1366
67.010000 13 1382
67.010000 14 1280
67.010000 15 1366
67.010000 16 1291
67.010000 17 1250
67.010000 18 1250
67.010000 19 1349
67.010000 20 1387
67.010000 21 1384
68.010000 0 1122
68.010000 1 1325
68.010000 2 1253
68.010000 3 1291
68.010000 4 1094
68.010000 5 1295
68.010000 6 1314
68.010000 7 1299
68.010000 8 1322
68.010000 9 1311
68.010000 10 1087
68.010000 11 1316
68.010000 12 1304
68.010000 13 1302
68.010000 14 1176
68.010000 15 1285
68.010000 16 1203
68.010000 17 1148
68.010000 18 1182
68.010000 19 1312
68.010000 20 1322
68.010000 21 1308
69.010000 0 1213
69.010000 1 1416
69.010000 2 1317
69.010000 3 1384
69.010000 4 1193
69.010000 5 1389
69.010000 6 1405
69.010000 7 1387
69.010000 8 1400
69.010000 9 1404
69.010000 10 1172
69.010000 11 1404
69.010000 12 1380
69.010000 13 1386
69.010000 14 1268
69.010000 15 1367
69.010000 16 1296
69.010000 17 1248
69.010000 18 1280
69.010000 19 1383
69.010000 20 1396
69.010000 21 1396
70.010000 0 1163
70.010000 1 1373
70.010000 2 1267
70.010000 3 1339
70.010000 4 1158
70.010000 5 1326
70.010000 6 1359
70.010000 7 1344
70.010000 8 1360
70.010000 9 1355
70.010000 10 1131
70.010000 11 1356
70.010000 12 1344
70.010000 13 1338
70.010000 14 1215
70.010000 15 1312
70.010000 16 1249
70.010000 17 1202
70.010000 18 1230
70.010000 19 1343
70.010000 20 1351
70.010000 21 1359
71.010000 0 1155
71.010000 1 1351
71.010000 2 1293
71.010000 3 1320
71.010000 4 1124
71.010000 5 1336
71.010000 6 1342
71.010000 7 1324
71.010000 8 1344
71.010000 9 1342
71.010000 10 1110
71.010000 11 1340
71.010000 12 1326
71.010000 13 1336
71.010000 14 1199
71.010000 15 1317
71.010000 16 1233
71.010000 17 1177
71.010000 18 1218
71.010000 19 1339
71.010000 20 1338
71.010000 21 1325
72.010000 0 1114
72.010000 1 1380
72.010000 2 1263
72.010000 3 1339
72.010000 4 1149
72.010000 5 1343
72.010000 6 1357
72.010000 7 1344
72.010000 8 1358
72.010000 9 1352
72.010000 10 1119
72.010000 11 1351
72.010000 12 1339
72.010000 13 1329
72.010000 14 1207
72.010000 15 1332
72.010000 16 1240
72.010000 17 1198
72.010000 18 1185
72.010000 19 1330
72.010000 20 1335
72.010000 21 1353
73.010000 0 1048
73.010000 1 1250
73.010000 2 1175
73.010000 3 1236
73.010000 4 1025
73.010000 5 1221
73.010000 6 1238
73.010000 7 1229
73.010000 8 1246
73.010000 9 1239
73.010000 10 1018
73.010000 11 1244
73.010000 12 1228
73.010000 13 1247
73.010000 14 1093
73.010000 15 1209
73.010000 16 1135
73.010000 17 1097
73.010000 18 1107
73.010000 19 1232
73.010000 20 1254
73.010000 21 1231
74.010000 0 1183
74.010000 1 1387
74.010000 2 1323
74.010000 3 1363
74.010000 4 1146
74.010000 5 1377
74.010000 6 1378
74.010000 7 1364
74.010000 8 1378
74.010000 9 1381
74.010000 10 1124
74.010000 11 1376
74.010000 12 1367
74.010000 13 1385
74.010000 14 1240
74.010000 15 1359
74.010000 16 1260
74.010000 17 1219
74.010000 18 1235
74.010000 19 1362
74.010000 20 1366
74.010000 21 1370
75.010000 0 1203
75.010000 1 1412
75.010000 2 1282
75.010000 3 1391
75.010000 4 1197
75.010000 5 1360
75.010000 6 1403
75.010000 7 1408
75.010000 8 1406
75.010000 9 1394
75.010000 10 1180
75.010000 11 1403
75.010000 12 1377
75.010000 13 1392
75.010000 14 1274
75.010000 15 1338
75.010000 16 1288
75.010000 17 1261
75.010000 18 1259
75.010000 19 1371
75.010000 20 1391
75.010000 21 1371
76.010000 0 1195
76.010000 1 1401
76.010000 2 1311
76.010000 3 1375
76.010000 4 1180
76.010000 5 1375
76.010000 6 1393
76.010000 7 1375
76.010000 8 1391
76.010000 9 1389
76.010000 10 1157
76.010000 11 1387
76.010000 12 1373
76.010000 13 1373
76.010000 14 1261
76.010000 15 1357
76.010000 16 1278
76.010000 17 1244
76.010000 18 1254
76.010000 19 1370
76.010000 20 1381
76.010000 21 1380
77.010000 0 1138
77.010000 1 1335
77.010000 2 1244
77.010000 3 1314
77.010000 4 1133
77.010000 5 1306
77.010000 6 1329
77.010000 7 1310
77.010000 8 1327
77.010000 9 1325
77.010000 10 1117
77.010000 11 1328
77.010000 12 1309
77.010000 13 1310
77.010000 14 1205
77.010000 15 1287
77.010000 16 1229
77.010000 17 1184
77.010000 18 1187
77.010000 19 1305
77.010000 20 1321
77.010000 21 1315
78.010000 0 1153
78.010000 1 1372
78.010000 2 1301
78.010000 3 1344
78.010000 4 1140
78.010000 5 1353
78.010000 6 1363
78.010000 7 1352
78.010000 8 1387
78.010000 9 1382
78.010000 10 1124
78.010000 11 1365
78.010000 12 1357
78.010000 13 1351
78.010000 14 1226
78.010000 15 1342
78.010000 16 1248
78.010000 17 1191
78.010000 18 1203
78.010000 19 1356
78.010000 20 1358
78.010000 21 1355
79.010000 0 1133
79.010000 1 1361
79.010000 2 1258
79.010000 3 1329
79.010000 4 1132
79.010000 5 1331
79.010000 6 1352
79.010000 7 1337
79.010000 8 1338
79.010000 9 1345
79.010000 10 1144
79.010000 11 1366
79.010000 12 1325
79.010000 13 1332
79.010000 14 1203
79.010000 15 1306
79.010000 16 1240
79.010000 17 1190
79.010000 18 1201
79.010000 19 1319
79.010000 20 1338
79.010000 21 1337
80.010000 0 1228
80.010000 1 1422
80.010000 2 1316
80.010000 3 1399
80.010000 4 1206
80.010000 5 1397
80.010000 6 1402
80.010000 7 1396
80.010000 8 1430
80.010000 9 1393
80.010000 10 1172
80.010000 11 1411
80.010000 12 1374
80.010000 13 1391
80.010000 14 1283
80.010000 15 1375
80.010000 16 1304
80.010000 17 1271
80.010000 18 1284
80.010000 19 1395
80.010000 20 1406
80.010000 21 1401
81.010000 0 1148
81.010000 1 1355
81.010000 2 1261
81.010000 3 1331
81.010000 4 1117
81.010000 5 1323
81.010000 6 1334
81.010000 7 1333
81.010000 8 1313
81.010000 9 1339
81.010000 10 1078
81.010000 11 1343
81.010000 12 1315
81.010000 13 1317
81.010000 14 1193
81.010000 15 1304
81.010000 16 1218
81.010000 17 1194
81.010000 18 1200
81.010000 19 1315
81.010000 20 1323
81.010000 21 1319
82.010000 0 1102
82.010000 1 1299
82.010000 2 1262
82.010000 3 1290
82.010000 4 1063
82.010000 5 1292
82.010000 6 1293
82.010000 7 1284
82.010000 8 1302
82.010000 9 1294
82.010000 10 1036
82.010000 11 1275
82.010000 12 1278
82.010000 13 1281
82.010000 14 1163
82.010000 15 1274
82.010000 16 1180
82.010000 17 1153
82.010000 18 1144
82.010000 19 1291
82.010000 20 1285
82.010000 21 1286
83.010000 0 1148
83.010000 1 1341
83.010000 2 1232
83.010000 3 1330
83.010000 4 1133
83.010000 5 1310
83.010000 6 1342
83.010000 7 1330
83.010000 8 1364
83.010000 9 1332
83.010000 10 1115
83.010000 11 1359
83.010000 12 1324
83.010000 13 1319
83.010000 14 1200
83.010000 15 1299
83.010000 16 1215
83.010000 17 1185
83.010000 18 1192
83.010000 19 1322
83.010000 20 1333
83.010000 21 1324
84.010000 0 1130
84.010000 1 1336
84.010000 2 1260
84.010000 3 1322
84.010000 4 1117
84.010000 5 1308
84.010000 6 1327
84.010000 7 1307
84.010000 8 1328
84.010000 9 1323
84.010000 10 1096
84.010000 11 1325
84.010000 12 1314
84.010000 13 1307
84.010000 14 1189
84.010000 15 1298
84.010000 16 1213
84.010000 17 1187
84.010000 18 1187
84.010000 19 1325
84.010000 20 1320
84.010000 21 1314
85.010000 0 1202
85.010000 1 1419
85.010000 2 1332
85.010000 3 1387
85.010000 4 1183
85.010000 5 1387
85.010000 6 1407
85.010000 7 1390
85.010000 8 1411
85.010000 9 1406
85.010000 10 1178
85.010000 11 1400
85.010000 12 1389
85.010000 13 1391
85.010000 14 1270
85.010000 15 1368
85.010000 16 1312
85.010000 17 1245
85.010000 18 1262
85.010000 19 1397
85.010000 20 1413
85.010000 21 1402
86.010000 0 1178
86.010000 1 1349
86.010000 2 1275
86.010000 3 1332
86.010000 4 1119
86.010000 5 1324
86.010000 6 1344
86.010000 7 1325
86.010000 8 1341
86.010000 9 1339
86.010000 10 1092
86.010000 11 1343
86.010000 12 1316
86.010000 13 1328
86.010000 14 1225
86.010000 15 1298
86.010000 16 1226
86.010000 17 1205
86.010000 18 1221
86.010000 19 1332
86.010000 20 1336
86.010000 21 1330
87.010000 0 1132
87.010000 1 1334
87.010000 2 1260
87.010000 3 1301
87.010000 4 1095
87.010000 5 1316
87.010000 6 1328
87.010000 7 1313
87.010000 8 1328
87.010000 9 1324
87.010000 10 1102
87.010000 11 1336
87.010000 12 1309
87.010000 13 1319
87.010000 14 1189
87.010000 15 1297
87.010000 16 1208
87.010000 17 1162
87.010000 18 1194
87.010000 19 1308
87.010000 20 1322
87.010000 21 1319
88.010000 0 1199
88.010000 1 1422
88.010000 2 1311
88.010000 3 1403
88.010000 4 1202
88.010000 5 1397
88.010000 6 1410
88.010000 7 1392
88.010000 8 1409
88.010000 9 1412
88.010000 10 1171
88.010000 11 1406
88.010000 12 1390
88.010000 13 1393
88.010000 14 1269
88.010000 15 1381
88.010000 16 1319
88.010000 17 1264
88.010000 18 1253
88.010000 19 1373
88.010000 20 1398
88.010000 21 1391
89.010000 0 1190
89.010000 1 1377
89.010000 2 1299
89.010000 3 1365
89.010000 4 1158
89.010000 5 1354
89.010000 6 1352
89.010000 7 1354
89.010000 8 1370
89.010000 9 1368
89.010000 10 1139
89.010000 11 1369
89.010000 12 1340
89.010000 13 1356
89.010000 14 1240
89.010000 15 1328
89.010000 16 1278
89.010000 17 1230
89.010000 18 1237
89.010000 19 1361
89.010000 20 1363
89.010000 21 1360
90.010000 0 1164
90.010000 1 1365
90.010000 2 1267
90.010000 3 1342
90.010000 4 1141
90.010000 5 1346
90.010000 6 1370
90.010000 7 1337
90.010000 8 1355
90.010000 9 1353
90.010000 10 1114
90.010000 11 1351
90.010000 12 1341
90.010000 13 1336
90.010000 14 1219
90.010000 15 1330
90.010000 16 1232
90.010000 17 1206
90.010000 18 1215
90.010000 19 1321
90.010000 20 1326
90.010000 21 1346
91.010000 0 1135
91.010000 1 1348
91.010000 2 1265
91.010000 3 1319
91.010000 4 1120
91.010000 5 1326
91.010000 6 1348
91.010000 7 1334
91.010000 8 1347
91.010000 9 1355
91.010000 10 1103
91.010000 11 1345
91.010000 12 1325
91.010000 13 1332
91.010000 14 1215
91.010000 15 1306
91.010000 16 1230
91.010000 17 1180
91.010000 18 1196
91.010000 19 1322
91.010000 20 1348
91.010000 21 1337
92.010000 0 1181
92.010000 1 1389
92.010000 2 1309
92.010000 3 1364
92.010000 4 1181
92.010000 5 1356
92.010000 6 1357
92.010000 7 1357
92.010000 8 1379
92.010000 9 1372
92.010000 10 1150
92.010000 11 1373
92.010000 12 1359
92.010000 13 1359
92.010000 14 1258
92.010000 15 1345
92.010000 16 1271
92.010000 17 1236
92.010000 18 1236
92.010000 19 1378
92.010000 20 1366
92.010000 21 1343
93.010000 0 1137
93.010000 1 1362
93.010000 2 1255
93.010000 3 1337
93.010000 4 1132
93.010000 5 1325
93.010000 6 1371
93.010000 7 1343
93.010000 8 1357
93.010000 9 1351
93.010000 10 1131
93.010000 11 1351
93.010000 12 1332
93.010000 13 1338
93.010000 14 1201
93.010000 15 1305
93.010000 16 1247
93.010000 17 1189
93.010000 18 1200
93.010000 19 1327
93.010000 20 1363
93.010000 21 1343
94.010000 0 1202
94.010000 1 1430
94.010000 2 1330
94.010000 3 1402
94.010000 4 1211
94.010000 5 1397
94.010000 6 1419
94.010000 7 1397
94.010000 8 1400
94.010000 9 1412
94.010000 10 1191
94.010000 11 1412
94.010000 12 1397
94.010000 13 1395
94.010000 14 1273
94.010000 15 1377
94.010000 16 1305
94.010000 17 1278
94.010000 18 1280
94.010000 19 1390
94.010000 20 1407
94.010000 21 1405
95.010000 0 1095
95.010000 1 1296
95.010000 2 1204
95.010000 3 1275
95.010000 4 1054
95.010000 5 1281
95.010000 6 1291
95.010000 7 1301
95.010000 8 1303
95.010000 9 1289
95.010000 10 1040
95.010000 11 1311
95.010000 12 1261
95.010000 13 1296
95.010000 14 1147
95.010000 15 1251
95.010000 16 1166
95.010000 17 1128
95.010000 18 1146
95.010000 19 1259
95.010000 20 1285
95.010000 21 1296
96.010000 0 1147
96.010000 1 1394
96.010000 2 1313
96.010000 3 1356
96.010000 4 1178
96.010000 5 1367
96.010000 6 1382
96.010000 7 1366
96.010000 8 1390
96.010000 9 1377
96.010000 10 1160
96.010000 11 1384
96.010000 12 1370
96.010000 13 1364
96.010000 14 1241
96.010000 15 1356
96.010000 16 1278
96.010000 17 1222
96.010000 18 1227
96.010000 19 1376
96.010000 20 1371
96.010000 21 1346
97.010000 0 1205
97.010000 1 1395
97.010000 2 1315
97.010000 3 1376
97.010000 4 1190
97.010000 5 1364
97.010000 6 1390
97.010000 7 1367
97.010000 8 1402
97.010000 9 1385
97.010000 10 1148
97.010000 11 1371
97.010000 12 1369
97.010000 13 1369
97.010000 14 1265
97.010000 15 1342
97.010000 16 1272
97.010000 17 1251
97.010000 18 1261
97.010000 19 1376
97.010000 20 1383
97.010000 21 1378
98.010000 0 1123
98.010000 1 1305
98.010000 2 1225
98.010000 3 1281
98.010000 4 1060
98.010000 5 1278
98.010000 6 1310
98.010000 7 1282
98.010000 8 1301
98.010000 9 1299
98.010000 10 1072
98.010000 11 1302
98.010000 12 1280
98.010000 13 1287
98.010000 14 1168
98.010000 15 1255
98.010000 16 1185
98.010000 17 1134
98.010000 18 1162
98.010000 19 1274
98.010000 20 1297
98.010000 21 1297
99.010000 0 1147
99.010000 1 1404
99.010000 2 1309
99.010000 3 1370
99.010000 4 1185
99.010000 5 1378
99.010000 6 1398
99.010000 7 1381
99.010000 8 1402
99.010000 9 1389
99.010000 10 1176
99.010000 11 1398
99.010000 12 1372
99.010000 13 1373
99.010000 14 1250
99.010000 15 1356
99.010000 16 1284
99.010000 17 1235
99.010000 18 1224
99.010000 19 1368
99.010000 20 1384
99.010000 21 1400
100.010000 0 1129
100.010000 1 1319
100.010000 2 1227
100.010000 3 1292
100.010000 4 1100
100.010000 5 1298
100.010000 6 1309
100.010000 7 1292
100.010000 8 1309
100.010000 9 1302
100.010000 10 1086
100.010000 11 1318
100.010000 12 1291
100.010000 13 1293
100.010000 14 1177
100.010000 15 1281
100.010000 16 1209
100.010000 17 1161
100.010000 18 1188
100.010000 19 1288
100.010000 20 1298
100.010000 21 1297
101.010000 0 1232
101.010000 1 1435
101.010000 2 1345
101.010000 3 1405
101.010000 4 1199
101.010000 5 1408
101.010000 6 1425
101.010000 7 1408
101.010000 8 1427
101.010000 9 1420
101.010000 10 1172
101.010000 11 1418
101.010000 12 1411
101.010000 13 1404
101.010000 14 1295
101.010000 15 1396
101.010000 16 1296
101.010000 17 1265
101.010000 18 1281
101.010000 19 1406
101.010000 20 1414
101.010000 21 1410
102.010000 0 1110
102.010000 1 1324
102.010000 2 1250
102.010000 3 1299
102.010000 4 1094
102.010000 5 1308
102.010000 6 1316
102.010000 7 1322
102.010000 8 1317
102.010000 9 1315
102.010000 10 1095
102.010000 11 1312
102.010000 12 1299
102.010000 13 1293
102.010000 14 1173
102.010000 15 1293
102.010000 16 1199
102.010000 17 1157
102.010000 18 1168
102.010000 19 1300
102.010000 20 1304
102.010000 21 1304
103.010000 0 1201
103.010000 1 1434
103.010000 2 1348
103.010000 3 1401
103.010000 4 1213
103.010000 5 1399
103.010000 6 1417
103.010000 7 1410
103.010000 8 1422
103.010000 9 1415
103.010000 10 1176
103.010000 11 1420
103.010000 12 1404
103.010000 13 1405
103.010000 14 1275
103.010000 15 1381
103.010000 16 1314
103.010000 17 1262
103.010000 18 1276
103.010000 19 1413
103.010000 20 1411
103.010000 21 1407
104.010000 0 1141
104.010000 1 1344
104.010000 2 1277
104.010000 3 1317
104.010000 4 1116
104.010000 5 1316
104.010000 6 1337
104.010000 7 1317
104.010000 8 1336
104.010000 9 1350
104.010000 10 1100
104.010000 11 1320
104.010000 12 1327
104.010000 13 1321
104.010000 14 1201
104.010000 15 1308
104.010000 16 1226
104.010000 17 1174
104.010000 18 1192
104.010000 19 1335
104.010000 20 1325
104.010000 21 1325
105.010000 0 1120
105.010000 1 1371
105.010000 2 1260
105.010000 3 1336
105.010000 4 1161
105.010000 5 1343
105.010000 6 1357
105.010000 7 1344
105.010000 8 1359
105.010000 9 1336
105.010000 10 1146
105.010000 11 1358
105.010000 12 1338
105.010000 13 1336
105.010000 14 1201
105.010000 15 1329
105.010000 16 1253
105.010000 17 1199
105.010000 18 1209
105.010000 19 1331
105.010000 20 1350
105.010000 21 1350
106.010000 0 1101
106.010000 1 1350
106.010000 2 1258
106.010000 3 1302
106.010000 4 1124
106.010000 5 1320
106.010000 6 1331
106.010000 7 1318
106.010000 8 1331
106.010000 9 1344
106.010000 10 1106
106.010000 11 1323
106.010000 12 1316
106.010000 13 1316
106.010000 14 1190
106.010000 15 1302
106.010000 16 1222
106.010000 17 1166
106.010000 18 1177
106.010000 19 1306
106.010000 20 1313
106.010000 21 1328
107.010000 0 1188
107.010000 1 1428
107.010000 2 1331
107.010000 3 1410
107.010000 4 1202
107.010000 5 1401
107.010000 6 1441
107.010000 7 1408
107.010000 8 1402
107.010000 9 1419
107.010000 10 1188
107.010000 11 1414
107.010000 12 1397
107.010000 13 1398
107.010000 14 1243
107.010000 15 1375
107.010000 16 1307
107.010000 17 1264
107.010000 18 1275
107.010000 19 1388
107.010000 20 1411
107.010000 21 1431
108.010000 0 1155
108.010000 1 1379
108.010000 2 1319
108.010000 3 1351
108.010000 4 1165
108.010000 5 1361
108.010000 6 1371
108.010000 7 1353
108.010000 8 1376
108.010000 9 1354
108.010000 10 1153
108.010000 11 1368
108.010000 12 1368
108.010000 13 1353
108.010000 14 1229
108.010000 15 1344
108.010000 16 1268
108.010000 17 1216
108.010000 18 1225
108.010000 19 1358
108.010000 20 1358
108.010000 21 1360
109.010000 0 1131
109.010000 1 1325
109.010000 2 1226
109.010000 3 1296
109.010000 4 1098
109.010000 5 1293
109.010000 6 1314
109.010000 7 1307
109.010000 8 1328
109.010000 9 1306
109.010000 10 1070
109.010000 11 1327
109.010000 12 1292
109.010000 13 1299
109.010000 14 1191
109.010000 15 1281
109.010000 16 1193
109.010000 17 1164
109.010000 18 1181
109.010000 19 1302
109.010000 20 1328
109.010000 21 1305
110.010000 0 1123
110.010000 1 1321
110.010000 2 1242
110.010000 3 1301
110.010000 4 1090
110.010000 5 1315
110.010000 6 1318
110.010000 7 1310
110.010000 8 1333
110.010000 9 1321
110.010000 10 1087
110.010000 11 1338
110.010000 12 1291
110.010000 13 1312
110.010000 14 1174
110.010000 15 1286
110.010000 16 1212
110.010000 17 1154
110.010000 18 1176
110.010000 19 1288
110.010000 20 1311
110.010000 21 1310
111.010000 0 1181
111.010000 1 1377
111.010000 2 1315
111.010000 3 1357
111.010000 4 1152
111.010000 5 1358
111.010000 6 1362
111.010000 7 1353
111.010000 8 1355
111.010000 9 1384
111.010000 10 1130
111.010000 11 1370
111.010000 12 1354
111.010000 13 1357
111.010000 14 1234
111.010000 15 1337
111.010000 16 1256
111.010000 17 1226
111.010000 18 1239
111.010000 19 1367
111.010000 20 1382
111.010000 21 1363
112.010000 0 1126
112.010000 1 1342
112.010000 2 1270
112.010000 3 1312
112.010000 4 1120
112.010000 5 1322
112.010000 6 1342
112.010000 7 1316
112.010000 8 1332
112.010000 9 1326
112.010000 10 1102
112.010000 11 1331
112.010000 12 1323
112.010000 13 1311
112.010000 14 1189
112.010000 15 1315
112.010000 16 1219
112.010000 17 1172
112.010000 18 1184
112.010000 19 1331
112.010000 20 1321
112.010000 21 1318
113.010000 0 1176
113.010000 1 1390
113.010000 2 1313
113.010000 3 1366
113.010000 4 1173
113.010000 5 1362
113.010000 6 1384
113.010000 7 1363
113.010000 8 1382
113.010000 9 1390
113.010000 10 1163
113.010000 11 1373
113.010000 12 1377
113.010000 13 1360
113.010000 14 1237
113.010000 15 1342
113.010000 16 1278
113.010000 17 1228
113.010000 18 1239
113.010000 19 1359
113.010000 20 1350
113.010000 21 1368
114.010000 0 1046
114.010000 1 1251
114.010000 2 1179
114.010000 3 1223
114.010000 4 1008
114.010000 5 1224
114.010000 6 1242
114.010000 7 1260
114.010000 8 1264
114.010000 9 1240
114.010000 10 1004
114.010000 11 1252
114.010000 12 1229
114.010000 13 1251
114.010000 14 1106
114.010000 15 1209
114.010000 16 1126
114.010000 17 1072
114.010000 18 1093
114.010000 19 1240
114.010000 20 1259
114.010000 21 1237
115.010000 0 1163
115.010000 1 1362
115.010000 2 1273
115.010000 3 1336
115.010000 4 1156
115.010000 5 1336
115.010000 6 1349
115.010000 7 1338
115.010000 8 1357
115.010000 9 1353
115.010000 10 1131
115.010000 11 1356
115.010000 12 1340
115.010000 13 1339
115.010000 14 1221
115.010000 15 1320
115.010000 16 1247
115.010000 17 1194
115.010000 18 1217
115.010000 19 1336
115.010000 20 1352
115.010000 21 1346
116.010000 0 1158
116.010000 1 1375
116.010000 2 1283
116.010000 3 1342
116.010000 4 1163
116.010000 5 1343
116.010000 6 1365
116.010000 7 1345
116.010000 8 1369
116.010000 9 1358
116.010000 10 1132
116.010000 11 1358
116.010000 12 1341
116.010000 13 1342
116.010000 14 1214
116.010000 15 1323
116.010000 16 1250
116.010000 17 1208
116.010000 18 1233
116.010000 19 1337
116.010000 20 1328
116.010000 21 1349
117.010000 0 1087
117.010000 1 1284
117.010000 2 1239
117.010000 3 1267
117.010000 4 1038
117.010000 5 1277
117.010000 6 1276
117.010000 7 1258
117.010000 8 1263
117.010000 9 1274
117.010000 10 1033
117.010000 11 1289
117.010000 12 1266
117.010000 13 1268
117.010000 14 1117
117.010000 15 1259
117.010000 16 1164
117.010000 17 1111
117.010000 18 1134
117.010000 19 1275
117.010000 20 1291
117.010000 21 1271
118.010000 0 1165
118.010000 1 1373
118.010000 2 1257
118.010000 3 1340
118.010000 4 1164
118.010000 5 1344
118.010000 6 1365
118.010000 7 1353
118.010000 8 1366
118.010000 9 1359
118.010000 10 1159
118.010000 11 1359
118.010000 12 1328
118.010000 13 1341
118.010000 14 1240
118.010000 15 1325
118.010000 16 1258
118.010000 17 1221
118.010000 18 1238
118.010000 19 1338
118.010000 20 1352
118.010000 21 1351
119.010000 0 1201
119.010000 1 1432
119.010000 2 1331
119.010000 3 1393
119.010000 4 1231
119.010000 5 1402
119.010000 6 1425
119.010000 7 1408
119.010000 8 1422
119.010000 9 1420
119.010000 10 1209
119.010000 11 1419
119.010000 12 1399
119.010000 13 1398
119.010000 14 1293
119.010000 15 1379
119.010000 16 1318
119.010000 17 1270
119.010000 18 1283
119.010000 19 1395
119.010000 20 1400
119.010000 21 1410
120.010000 0 1126
120.010000 1 1354
120.010000 2 1275
120.010000 3 1321
120.010000 4 1123
120.010000 5 1333
120.010000 6 1343
120.010000 7 1337
120.010000 8 1367
120.010000 9 1341
120.010000 10 1118
120.010000 11 1345
120.010000 12 1335
120.010000 13 1331
120.010000 14 1200
120.010000 15 1325
120.010000 16 1240
120.010000 17 1166
120.010000 18 1184
120.010000 19 1335
120.010000 20 1348
120.010000 21 1342
121.010000 0 1264
121.010000 1 1487
121.010000 2 1356
121.010000 3 1460
121.010000 4 1273
121.010000 5 1443
121.010000 6 1470
121.010000 7 1453
121.010000 8 1467
121.010000 9 1463
121.010000 10 1226
121.010000 11 1468
121.010000 12 1447
121.010000 13 1434
121.010000 14 1335
121.010000 15 1425
121.010000 16 1349
121.010000 17 1335
121.010000 18 1331
121.010000 19 1430
121.010000 20 1453
121.010000 21 1453
122.010000 0 1206
122.010000 1 1393
122.010000 2 1292
122.010000 3 1376
122.010000 4 1185
122.010000 5 1359
122.010000 6 1388
122.010000 7 1370
122.010000 8 1375
122.010000 9 1398
122.010000 10 1177
122.010000 11 1393
122.010000 12 1368
122.010000 13 1373
122.010000 14 1267
122.010000 15 1335
122.010000 16 1293
122.010000 17 1242
122.010000 18 1256
122.010000 19 1360
122.010000 20 1374
122.010000 21 1362
123.010000 0 1118
123.010000 1 1337
123.010000 2 1266
123.010000 3 1312
123.010000 4 1115
123.010000 5 1314
123.010000 6 1334
123.010000 7 1336
123.010000 8 1327
123.010000 9 1317
123.010000 10 1078
123.010000 11 1329
123.010000 12 1313
123.010000 13 1304
123.010000 14 1168
123.010000 15 1297
123.010000 16 1212
123.010000 17 1170
123.010000 18 1192
123.010000 19 1319
123.010000 20 1318
123.010000 21 1336
124.010000 0 1161
124.010000 1 1342
124.010000 2 1246
124.010000 3 1321
124.010000 4 1133
124.010000 5 1308
124.010000 6 1332
124.010000 7 1313
124.010000 8 1331
124.010000 9 1328
124.010000 10 1112
124.010000 11 1327
124.010000 12 1314
124.010000 13 1311
124.010000 14 1225
124.010000 15 1285
124.010000 16 1223
124.010000 17 1202
124.010000 18 1209
124.010000 19 1301
124.010000 20 1318
124.010000 21 1298
125.010000 0 1157
125.010000 1 1356
125.010000 2 1266
125.010000 3 1339
125.010000 4 1122
125.010000 5 1327
125.010000 6 1347
125.010000 7 1326
125.010000 8 1344
125.010000 9 1342
125.010000 10 1125
125.010000 11 1345
125.010000 12 1322
125.010000 13 1331
125.010000 14 1199
125.010000 15 1305
125.010000 16 1244
125.010000 17 1201
125.010000 18 1216
125.010000 19 1325
125.010000 20 1339
125.010000 21 1334
126.010000 0 1143
126.010000 1 1343
126.010000 2 1269
126.010000 3 1319
126.010000 4 1129
126.010000 5 1317
126.010000 6 1337
126.010000 7 1320
126.010000 8 1348
126.010000 9 1337
126.010000 10 1096
126.010000 11 1325
126.010000 12 1317
126.010000 13 1317
126.010000 14 1209
126.010000 15 1299
126.010000 16 1224
126.010000 17 1199
126.010000 18 1210
126.010000 19 1327
126.010000 20 1323
126.010000 21 1320
127.010000 0 1111
127.010000 1 1350
127.010000 2 1296
127.010000 3 1322
127.010000 4 1113
127.010000 5 1340
127.010000 6 1343
127.010000 7 1322
127.010000 8 1345
127.010000 9 1358
127.010000 10 1112
127.010000 11 1334
127.010000 12 1338
127.010000 13 1328
127.010000 14 1184
127.010000 15 1329
127.010000 16 1245
127.010000 17 1162
127.010000 18 1171
127.010000 19 1332
127.010000 20 1346
127.010000 21 1338
128.010000 0 1212
128.010000 1 1470
128.010000 2 1363
128.010000 3 1426
128.010000 4 1254
128.010000 5 1425
128.010000 6 1446
128.010000 7 1435
128.010000 8 1435
128.010000 9 1444
128.010000 10 1205
128.010000 11 1440
128.010000 12 1424
128.010000 13 1431
128.010000 14 1298
128.010000 15 1403
128.010000 16 1351
128.010000 17 1294
128.010000 18 1301
128.010000 19 1419
128.010000 20 1433
128.010000 21 1437
129.010000 0 1088
129.010000 1 1278
129.010000 2 1201
129.010000 3 1255
129.010000 4 1039
129.010000 5 1265
129.010000 6 1282
129.010000 7 1260
129.010000 8 1287
129.010000 9 1267
129.010000 10 1033
129.010000 11 1281
129.010000 12 1262
129.010000 13 1256
129.010000 14 1128
129.010000 15 1256
129.010000 16 1155
129.010000 17 1106
129.010000 18 1135
129.010000 19 1259
129.010000 20 1287
129.010000 21 1264
130.010000 0 1150
130.010000 1 1356
130.010000 2 1246
130.010000 3 1329
130.010000 4 1145
130.010000 5 1327
130.010000 6 1346
130.010000 7 1333
130.010000 8 1348
130.010000 9 1339
130.010000 10 1126
130.010000 11 1356
130.010000 12 1330
130.010000 13 1330
130.010000 14 1201
130.010000 15 1317
130.010000 16 1247
130.010000 17 1190
130.010000 18 1216
130.010000 19 1314
130.010000 20 1339
130.010000 21 1329
131.010000 0 1028
131.010000 1 1231
131.010000 2 1177
131.010000 3 1217
131.010000 4 978
131.010000 5 1209
131.010000 6 1227
131.010000 7 1228
131.010000 8 1220
131.010000 9 1226
131.010000 10 998
131.010000 11 1226
131.010000 12 1207
131.010000 13 1230
131.010000 14 1067
131.010000 15 1188
131.010000 16 1120
131.010000 17 1062
131.010000 18 1081
131.010000 19 1222
131.010000 20 1235
131.010000 21 1220
132.010000 0 1195
132.010000 1 1403
132.010000 2 1285
132.010000 3 1376
132.010000 4 1183
132.010000 5 1375
132.010000 6 1392
132.010000 7 1378
132.010000 8 1405
132.010000 9 1384
132.010000 10 1156
132.010000 11 1388
132.010000 12 1362
132.010000 13 1370
132.010000 14 1270
132.010000 15 1367
132.010000 16 1278
132.010000 17 1240
132.010000 18 1240
132.010000 19 1360
132.010000 20 1386
132.010000 21 1392
133.010000 0 1125
133.010000 1 1313
133.010000 2 1227
133.010000 3 1295
133.010000 4 1092
133.010000 5 1297
133.010000 6 1307
133.010000 7 1293
133.010000 8 1309
133.010000 9 1308
133.010000 10 1074
133.010000 11 1308
133.010000 12 1270
133.010000 13 1316
133.010000 14 1174
133.010000 15 1259
133.010000 16 1196
133.010000 17 1156
133.010000 18 1174
133.010000 19 1274
133.010000 20 1302
133.010000 21 1301
134.010000 0 1115
134.010000 1 1333
134.010000 2 1284
134.010000 3 1313
134.010000 4 1085
134.010000 5 1330
134.010000 6 1325
134.010000 7 1310
134.010000 8 1327
134.010000 9 1322
134.010000 10 1080
134.010000 11 1342
134.010000 12 1320
134.010000 13 1316
134.010000 14 1185
134.010000 15 1310
134.010000 16 1211
134.010000 17 1163
134.010000 18 1155
134.010000 19 1315
134.010000 20 1315
134.010000 21 1315
135.010000 0 1151
135.010000 1 1366
135.010000 2 1266
135.010000 3 1353
135.010000 4 1155
135.010000 5 1335
135.010000 6 1358
135.010000 7 1342
135.010000 8 1358
135.010000 9 1354
135.010000 10 1134
135.010000 11 1358
135.010000 12 1332
135.010000 13 1335
135.010000 14 1212
135.010000 15 1314
135.010000 16 1257
135.010000 17 1215
135.010000 18 1216
135.010000 19 1334
135.010000 20 1348
135.010000 21 1341
136.010000 0 1240
136.010000 1 1440
136.010000 2 1318
136.010000 3 1410
136.010000 4 1221
136.010000 5 1400
136.010000 6 1428
136.010000 7 1407
136.010000 8 1429
136.010000 9 1422
136.010000 10 1202
136.010000 11 1425
136.010000 12 1399
136.010000 13 1407
136.010000 14 1310
136.010000 15 1377
136.010000 16 1313
136.010000 17 1292
136.010000 18 1304
136.010000 19 1395
136.010000 20 1415
136.010000 21 1403
137.010000 0 1198
137.010000 1 1405
137.010000 2 1313
137.010000 3 1378
137.010000 4 1183
137.010000 5 1376
137.010000 6 1410
137.010000 7 1380
137.010000 8 1396
137.010000 9 1390
137.010000 10 1164
137.010000 11 1391
137.010000 12 1389
137.010000 13 1354
137.010000 14 1251
137.010000 15 1359
137.010000 16 1289
137.010000 17 1238
137.010000 18 1252
137.010000 19 1374
137.010000 20 1395
137.010000 21 1386
138.010000 0 1087
138.010000 1 1296
138.010000 2 1230
138.010000 3 1276
138.010000 4 1068
138.010000 5 1280
138.010000 6 1286
138.010000 7 1269
138.010000 8 1291
138.010000 9 1287
138.010000 10 1070
138.010000 11 1286
138.010000 12 1278
138.010000 13 1271
138.010000 14 1152
138.010000 15 1271
138.010000 16 1173
138.010000 17 1132
138.010000 18 1133
138.010000 19 1274
138.010000 20 1278
138.010000 21 1275
139.010000 0 1180
139.010000 1 1390
139.010000 2 1300
139.010000 3 1368
139.010000 4 1158
139.010000 5 1358
139.010000 6 1379
139.010000 7 1360
139.010000 8 1377
139.010000 9 1371
139.010000 10 1145
139.010000 11 1371
139.010000 12 1367
139.010000 13 1353
139.010000 14 1243
139.010000 15 1348
139.010000 16 1264
139.010000 17 1235
139.010000 18 1239
139.010000 19 1359
139.010000 20 1362
139.010000 21 1363
140.010000 0 1148
140.010000 1 1362
140.010000 2 1290
140.010000 3 1333
140.010000 4 1147
140.010000 5 1339
140.010000 6 1347
140.010000 7 1340
140.010000 8 1353
140.010000 9 1336
140.010000 10 1133
140.010000 11 1352
140.010000 12 1336
140.010000 13 1360
140.010000 14 1209
140.010000 15 1316
140.010000 16 1247
140.010000 17 1201
140.010000 18 1224
140.010000 19 1345
140.010000 20 1347
140.010000 21 1365
141.010000 0 1151
141.010000 1 1370
141.010000 2 1294
141.010000 3 1340
141.010000 4 1151
141.010000 5 1344
141.010000 6 1356
141.010000 7 1341
141.010000 8 1345
141.010000 9 1362
141.010000 10 1124
141.010000 11 1353
141.010000 12 1355
141.010000 13 1345
141.010000 14 1216
141.010000 15 1328
141.010000 16 1254
141.010000 17 1201
141.010000 18 1218
141.010000 19 1338
141.010000 20 1347
141.010000 21 1367
142.010000 0 1149
142.010000 1 1363
142.010000 2 1271
142.010000 3 1342
142.010000 4 1131
142.010000 5 1334
142.010000 6 1352
142.010000 7 1337
142.010000 8 1358
142.010000 9 1346
142.010000 10 1113
142.010000 11 1353
142.010000 12 1335
142.010000 13 1331
142.010000 14 1220
142.010000 15 1320
142.010000 16 1236
142.010000 17 1201
142.010000 18 1197
142.010000 19 1332
142.010000 20 1355
142.010000 21 1338
143.010000 0 1068
143.010000 1 1291
143.010000 2 1227
143.010000 3 1256
143.010000 4 1051
143.010000 5 1284
143.010000 6 1276
143.010000 7 1268
143.010000 8 1280
143.010000 9 1282
143.010000 10 1033
143.010000 11 1289
143.010000 12 1256
143.010000 13 1234
143.010000 14 1129
143.010000 15 1264
143.010000 16 1160
143.010000 17 1119
143.010000 18 1135
143.010000 19 1270
143.010000 20 1283
143.010000 21 1268
144.010000 0 1131
144.010000 1 1361
144.010000 2 1275
144.010000 3 1333
144.010000 4 1132
144.010000 5 1328
144.010000 6 1355
144.010000 7 1329
144.010000 8 1362
144.010000 9 1352
144.010000 10 1116
144.010000 11 1331
144.010000 12 1339
144.010000 13 1330
144.010000 14 1191
144.010000 15 1315
144.010000 16 1236
144.010000 17 1186
144.010000 18 1204
144.010000 19 1333
144.010000 20 1359
144.010000 21 1360
145.010000 0 1141
145.010000 1 1390
145.010000 2 1278
145.010000 3 1342
145.010000 4 1182
145.010000 5 1353
145.010000 6 1371
145.010000 7 1351
145.010000 8 1356
145.010000 9 1363
145.010000 10 1170
145.010000 11 1359
145.010000 12 1359
145.010000 13 1345
145.010000 14 1241
145.010000 15 1333
145.010000 16 1273
145.010000 17 1213
145.010000 18 1212
145.010000 19 1327
145.010000 20 1352
145.010000 21 1356
146.010000 0 1241
146.010000 1 1441
146.010000 2 1327
146.010000 3 1423
146.010000 4 1259
146.010000 5 1411
146.010000 6 1433
146.010000 7 1410
146.010000 8 1432
146.010000 9 1414
146.010000 10 1197
146.010000 11 1429
146.010000 12 1405
146.010000 13 1409
146.010000 14 1306
146.010000 15 1391
146.010000 16 1333
146.010000 17 1300
146.010000 18 1297
146.010000 19 1403
146.010000 20 1420
146.010000 21 1391
147.010000 0 1127
147.010000 1 1325
147.010000 2 1256
147.010000 3 1300
147.010000 4 1097
147.010000 5 1308
147.010000 6 1322
147.010000 7 1301
147.010000 8 1332
147.010000 9 1314
147.010000 10 1086
147.010000 11 1319
147.010000 12 1307
147.010000 13 1309
147.010000 14 1189
147.010000 15 1292
147.010000 16 1210
147.010000 17 1158
147.010000 18 1179
147.010000 19 1310
147.010000 20 1321
147.010000 21 1331
148.010000 0 1183
148.010000 1 1347
148.010000 2 1267
148.010000 3 1342
148.010000 4 1102
148.010000 5 1315
148.010000 6 1336
148.010000 7 1322
148.010000 8 1329
148.010000 9 1333
148.010000 10 1080
148.010000 11 1353
148.010000 12 1316
148.010000 13 1321
148.010000 14 1219
148.010000 15 1298
148.010000 16 1213
148.010000 17 1208
148.010000 18 1213
148.010000 19 1332
148.010000 20 1325
148.010000 21 1324
149.010000 0 1133
149.010000 1 1331
149.010000 2 1266
149.010000 3 1307
149.010000 4 1107
149.010000 5 1322
149.010000 6 1322
149.010000 7 1304
149.010000 8 1329
149.010000 9 1323
149.010000 10 1089
149.010000 11 1318
149.010000 12 1313
149.010000 13 1314
149.010000 14 1189
149.010000 15 1311
149.010000 16 1229
149.010000 17 1170
149.010000 18 1188
149.010000 19 1309
149.010000 20 1314
149.010000 21 1313
