0.010000 0 0
0.010000 1 0
0.010000 2 0
0.010000 3 0
0.010000 4 0
0.010000 5 0
0.010000 6 0
0.010000 7 0
0.010000 8 0
0.010000 9 0
0.010000 10 0
1.010000 0 0
1.010000 1 0
1.010000 2 0
1.010000 3 0
1.010000 4 0
1.010000 5 0
1.010000 6 0
1.010000 7 0
1.010000 8 0
1.010000 9 0
1.010000 10 0
2.010000 0 0
2.010000 1 0
2.010000 2 0
2.010000 3 0
2.010000 4 0
2.010000 5 0
2.010000 6 0
2.010000 7 0
2.010000 8 0
2.010000 9 0
2.010000 10 0
3.010000 0 0
3.010000 1 0
3.010000 2 0
3.010000 3 0
3.010000 4 0
3.010000 5 0
3.010000 6 0
3.010000 7 0
3.010000 8 0
3.010000 9 0
3.010000 10 0
4.010000 0 0
4.010000 1 0
4.010000 2 0
4.010000 3 0
4.010000 4 0
4.010000 5 0
4.010000 6 0
4.010000 7 0
4.010000 8 0
4.010000 9 0
4.010000 10 0
5.010000 0 0
5.010000 1 0
5.010000 2 0
5.010000 3 0
5.010000 4 0
5.010000 5 0
5.010000 6 0
5.010000 7 0
5.010000 8 0
5.010000 9 0
5.010000 10 0
6.010000 0 0
6.010000 1 0
6.010000 2 0
6.010000 3 0
6.010000 4 0
6.010000 5 0
6.010000 6 0
6.010000 7 0
6.010000 8 0
6.010000 9 0
6.010000 10 0
7.010000 0 0
7.010000 1 0
7.010000 2 0
7.010000 3 0
7.010000 4 0
7.010000 5 0
7.010000 6 0
7.010000 7 0
7.010000 8 0
7.010000 9 0
7.010000 10 0
8.010000 0 0
8.010000 1 0
8.010000 2 0
8.010000 3 0
8.010000 4 0
8.010000 5 0
8.010000 6 0
8.010000 7 0
8.010000 8 0
8.010000 9 0
8.010000 10 0
9.010000 0 0
9.010000 1 0
9.010000 2 0
9.010000 3 0
9.010000 4 0
9.010000 5 0
9.010000 6 0
9.010000 7 0
9.010000 8 0
9.010000 9 0
9.010000 10 0
10.010000 0 0
10.010000 1 0
10.010000 2 0
10.010000 3 0
10.010000 4 0
10.010000 5 0
10.010000 6 0
10.010000 7 0
10.010000 8 0
10.010000 9 0
10.010000 10 0
11.010000 0 0
11.010000 1 0
11.010000 2 0
11.010000 3 0
11.010000 4 0
11.010000 5 0
11.010000 6 0
11.010000 7 0
11.010000 8 0
11.010000 9 0
11.010000 10 0
12.010000 0 0
12.010000 1 0
12.010000 2 0
12.010000 3 0
12.010000 4 0
12.010000 5 0
12.010000 6 0
12.010000 7 0
12.010000 8 0
12.010000 9 0
12.010000 10 0
13.010000 0 0
13.010000 1 0
13.010000 2 0
13.010000 3 0
13.010000 4 0
13.010000 5 0
13.010000 6 0
13.010000 7 0
13.010000 8 0
13.010000 9 0
13.010000 10 0
14.010000 0 0
14.010000 1 0
14.010000 2 0
14.010000 3 0
14.010000 4 0
14.010000 5 0
14.010000 6 0
14.010000 7 0
14.010000 8 0
14.010000 9 0
14.010000 10 0
15.010000 0 0
15.010000 1 1
15.010000 2 1
15.010000 3 1
15.010000 4 1
15.010000 5 1
15.010000 6 1
15.010000 7 1
15.010000 8 0
15.010000 9 1
15.010000 10 1
16.010000 0 744
16.010000 1 605
16.010000 2 892
16.010000 3 893
16.010000 4 612
16.010000 5 893
16.010000 6 892
16.010000 7 755
16.010000 8 744
16.010000 9 897
16.010000 10 893
17.010000 0 793
17.010000 1 636
17.010000 2 954
17.010000 3 954
17.010000 4 637
17.010000 5 954
17.010000 6 954
17.010000 7 796
17.010000 8 793
17.010000 9 954
17.010000 10 954
18.010000 0 825
18.010000 1 660
18.010000 2 988
18.010000 3 988
18.010000 4 658
18.010000 5 988
18.010000 6 988
18.010000 7 821
18.010000 8 825
18.010000 9 988
18.010000 10 988
19.010000 0 803
19.010000 1 645
19.010000 2 962
19.010000 3 962
19.010000 4 640
19.010000 5 962
19.010000 6 962
19.010000 7 798
19.010000 8 803
19.010000 9 962
19.010000 10 962
20.010000 0 801
20.010000 1 640
20.010000 2 962
20.010000 3 962
20.010000 4 642
20.010000 5 962
20.010000 6 962
20.010000 7 803
20.010000 8 801
20.010000 9 962
20.010000 10 962
21.010000 0 817
21.010000 1 660
21.010000 2 978
21.010000 3 978
21.010000 4 648
21.010000 5 978
21.010000 6 978
21.010000 7 809
21.010000 8 817
21.010000 9 978
21.010000 10 978
22.010000 0 831
22.010000 1 659
22.010000 2 996
22.010000 3 996
22.010000 4 664
22.010000 5 996
22.010000 6 996
22.010000 7 834
22.010000 8 831
22.010000 9 996
22.010000 10 996
23.010000 0 758
23.010000 1 609
23.010000 2 917
23.010000 3 917
23.010000 4 617
23.010000 5 917
23.010000 6 917
23.010000 7 767
23.010000 8 758
23.010000 9 917
23.010000 10 917
24.010000 0 820
24.010000 1 658
24.010000 2 986
24.010000 3 986
24.010000 4 659
24.010000 5 986
24.010000 6 986
24.010000 7 821
24.010000 8 820
24.010000 9 986
24.010000 10 986
25.010000 0 838
25.010000 1 672
25.010000 2 1004
25.010000 3 1004
25.010000 4 667
25.010000 5 1004
25.010000 6 1004
25.010000 7 835
25.010000 8 838
25.010000 9 1004
25.010000 10 1004
26.010000 0 804
26.010000 1 644
26.010000 2 971
26.010000 3 971
26.010000 4 652
26.010000 5 971
26.010000 6 971
26.010000 7 813
26.010000 8 804
26.010000 9 971
26.010000 10 971
27.010000 0 786
27.010000 1 628
27.010000 2 937
27.010000 3 937
27.010000 4 619
27.010000 5 937
27.010000 6 937
27.010000 7 778
27.010000 8 786
27.010000 9 937
27.010000 10 937
28.010000 0 806
28.010000 1 642
28.010000 2 977
28.010000 3 977
28.010000 4 659
28.010000 5 977
28.010000 6 977
28.010000 7 824
28.010000 8 806
28.010000 9 977
28.010000 10 977
29.010000 0 815
29.010000 1 656
29.010000 2 983
29.010000 3 983
29.010000 4 659
29.010000 5 983
29.010000 6 983
29.010000 7 819
29.010000 8 815
29.010000 9 983
29.010000 10 983
30.010000 0 830
30.010000 1 664
30.010000 2 989
30.010000 3 989
30.010000 4 654
30.010000 5 989
30.010000 6 989
30.010000 7 819
30.010000 8 830
30.010000 9 989
30.010000 10 989
31.010000 0 786
31.010000 1 626
31.010000 2 948
31.010000 3 948
31.010000 4 635
31.010000 5 948
31.010000 6 948
31.010000 7 797
31.010000 8 786
31.010000 9 948
31.010000 10 948
32.010000 0 832
32.010000 1 675
32.010000 2 993
32.010000 3 993
32.010000 4 656
32.010000 5 993
32.010000 6 993
32.010000 7 816
32.010000 8 832
32.010000 9 993
32.010000 10 993
33.010000 0 792
33.010000 1 633
33.010000 2 948
33.010000 3 948
33.010000 4 629
33.010000 5 948
33.010000 6 948
33.010000 7 790
33.010000 8 792
33.010000 9 948
33.010000 10 948
34.010000 0 814
34.010000 1 652
34.010000 2 977
34.010000 3 977
34.010000 4 652
34.010000 5 977
34.010000 6 977
34.010000 7 813
34.010000 8 814
34.010000 9 977
34.010000 10 977
35.010000 0 815
35.010000 1 648
35.010000 2 982
35.010000 3 982
35.010000 4 659
35.010000 5 982
35.010000 6 982
35.010000 7 824
35.010000 8 815
35.010000 9 982
35.010000 10 982
36.010000 0 815
36.010000 1 658
36.010000 2 982
36.010000 3 982
36.010000 4 657
36.010000 5 982
36.010000 6 982
36.010000 7 816
36.010000 8 815
36.010000 9 982
36.010000 10 982
37.010000 0 813
37.010000 1 651
37.010000 2 972
37.010000 3 972
37.010000 4 645
37.010000 5 972
37.010000 6 972
37.010000 7 807
37.010000 8 813
37.010000 9 972
37.010000 10 972
38.010000 0 792
38.010000 1 633
38.010000 2 946
38.010000 3 946
38.010000 4 628
38.010000 5 946
38.010000 6 946
38.010000 7 785
38.010000 8 792
38.010000 9 946
38.010000 10 946
39.010000 0 801
39.010000 1 638
39.010000 2 970
39.010000 3 970
39.010000 4 653
39.010000 5 970
39.010000 6 970
39.010000 7 818
39.010000 8 801
39.010000 9 970
39.010000 10 970
40.010000 0 827
40.010000 1 669
40.010000 2 990
40.010000 3 990
40.010000 4 657
40.010000 5 990
40.010000 6 990
40.010000 7 817
40.010000 8 827
40.010000 9 990
40.010000 10 990
41.010000 0 800
41.010000 1 636
41.010000 2 964
41.010000 3 964
41.010000 4 647
41.010000 5 964
41.010000 6 964
41.010000 7 809
41.010000 8 800
41.010000 9 964
41.010000 10 964
42.010000 0 827
42.010000 1 665
42.010000 2 981
42.010000 3 981
42.010000 4 644
42.010000 5 981
42.010000 6 981
42.010000 7 807
42.010000 8 827
42.010000 9 981
42.010000 10 981
43.010000 0 824
43.010000 1 653
43.010000 2 985
43.010000 3 985
43.010000 4 655
43.010000 5 985
43.010000 6 985
43.010000 7 823
43.010000 8 824
43.010000 9 985
43.010000 10 985
44.010000 0 789
44.010000 1 625
44.010000 2 958
44.010000 3 958
44.010000 4 647
44.010000 5 958
44.010000 6 958
44.010000 7 813
44.010000 8 789
44.010000 9 958
44.010000 10 958
45.010000 0 824
45.010000 1 667
45.010000 2 986
45.010000 3 986
45.010000 4 655
45.010000 5 986
45.010000 6 986
45.010000 7 812
45.010000 8 824
45.010000 9 986
45.010000 10 986
46.010000 0 791
46.010000 1 633
46.010000 2 951
46.010000 3 951
46.010000 4 635
46.010000 5 951
46.010000 6 951
46.010000 7 794
46.010000 8 791
46.010000 9 951
46.010000 10 951
47.010000 0 814
47.010000 1 653
47.010000 2 986
47.010000 3 986
47.010000 4 665
47.010000 5 986
47.010000 6 986
47.010000 7 826
47.010000 8 814
47.010000 9 986
47.010000 10 986
48.010000 0 831
48.010000 1 661
48.010000 2 978
48.010000 3 978
48.010000 4 636
48.010000 5 978
48.010000 6 978
48.010000 7 806
48.010000 8 831
48.010000 9 978
48.010000 10 978
49.010000 0 803
49.010000 1 649
49.010000 2 976
49.010000 3 976
49.010000 4 661
49.010000 5 976
49.010000 6 976
49.010000 7 815
49.010000 8 803
49.010000 9 976
49.010000 10 976
50.010000 0 806
50.010000 1 642
50.010000 2 969
50.010000 3 969
50.010000 4 648
50.010000 5 969
50.010000 6 969
50.010000 7 811
50.010000 8 806
50.010000 9 969
50.010000 10 969
51.010000 0 827
51.010000 1 663
51.010000 2 982
51.010000 3 982
51.010000 4 645
51.010000 5 982
51.010000 6 982
51.010000 7 811
51.010000 8 827
51.010000 9 982
51.010000 10 982
52.010000 0 795
52.010000 1 639
52.010000 2 963
52.010000 3 963
52.010000 4 649
52.010000 5 963
52.010000 6 963
52.010000 7 806
52.010000 8 795
52.010000 9 963
52.010000 10 963
53.010000 0 832
53.010000 1 667
53.010000 2 997
53.010000 3 997
53.010000 4 662
53.010000 5 997
53.010000 6 997
53.010000 7 830
53.010000 8 832
53.010000 9 997
53.010000 10 997
54.010000 0 781
54.010000 1 627
54.010000 2 945
54.010000 3 945
54.010000 4 635
54.010000 5 945
54.010000 6 945
54.010000 7 792
54.010000 8 781
54.010000 9 945
54.010000 10 945
55.010000 0 811
55.010000 1 651
55.010000 2 975
55.010000 3 975
55.010000 4 651
55.010000 5 975
55.010000 6 975
55.010000 7 812
55.010000 8 811
55.010000 9 975
55.010000 10 975
56.010000 0 805
56.010000 1 646
56.010000 2 961
56.010000 3 961
56.010000 4 636
56.010000 5 961
56.010000 6 961
56.010000 7 796
56.010000 8 805
56.010000 9 961
56.010000 10 961
57.010000 0 822
57.010000 1 656
57.010000 2 993
57.010000 3 993
57.010000 4 669
57.010000 5 993
57.010000 6 993
57.010000 7 832
57.010000 8 822
57.010000 9 993
57.010000 10 993
58.010000 0 805
58.010000 1 647
58.010000 2 968
58.010000 3 968
58.010000 4 645
58.010000 5 968
58.010000 6 968
58.010000 7 807
58.010000 8 805
58.010000 9 968
58.010000 10 968
59.010000 0 819
59.010000 1 656
59.010000 2 981
59.010000 3 981
59.010000 4 652
59.010000 5 981
59.010000 6 981
59.010000 7 816
59.010000 8 819
59.010000 9 981
59.010000 10 981
60.010000 0 783
60.010000 1 624
60.010000 2 942
60.010000 3 942
60.010000 4 631
60.010000 5 942
60.010000 6 942
60.010000 7 788
60.010000 8 783
60.010000 9 942
60.010000 10 942
61.010000 0 846
61.010000 1 678
61.010000 2 997
61.010000 3 997
61.010000 4 649
61.010000 5 997
61.010000 6 997
61.010000 7 818
61.010000 8 846
61.010000 9 997
61.010000 10 997
62.010000 0 781
62.010000 1 627
62.010000 2 960
62.010000 3 960
62.010000 4 658
62.010000 5 960
62.010000 6 960
62.010000 7 814
62.010000 8 781
62.010000 9 960
62.010000 10 960
63.010000 0 835
63.010000 1 666
63.010000 2 988
63.010000 3 988
63.010000 4 648
63.010000 5 988
63.010000 6 988
63.010000 7 815
63.010000 8 835
63.010000 9 988
63.010000 10 988
64.010000 0 803
64.010000 1 642
64.010000 2 969
64.010000 3 969
64.010000 4 650
64.010000 5 969
64.010000 6 969
64.010000 7 812
64.010000 8 803
64.010000 9 969
64.010000 10 969
65.010000 0 792
65.010000 1 640
65.010000 2 959
65.010000 3 959
65.010000 4 646
65.010000 5 959
65.010000 6 959
65.010000 7 799
65.010000 8 792
65.010000 9 959
65.010000 10 959
66.010000 0 798
66.010000 1 640
66.010000 2 950
66.010000 3 950
66.010000 4 626
66.010000 5 950
66.010000 6 950
66.010000 7 786
66.010000 8 798
66.010000 9 950
66.010000 10 950
67.010000 0 835
67.010000 1 667
67.010000 2 998
67.010000 3 998
67.010000 4 662
67.010000 5 998
67.010000 6 998
67.010000 7 830
67.010000 8 835
67.010000 9 998
67.010000 10 998
68.010000 0 805
68.010000 1 649
68.010000 2 963
68.010000 3 963
68.010000 4 640
68.010000 5 963
68.010000 6 963
68.010000 7 795
68.010000 8 805
68.010000 9 963
68.010000 10 963
69.010000 0 813
69.010000 1 649
69.010000 2 985
69.010000 3 985
69.010000 4 664
69.010000 5 985
69.010000 6 985
69.010000 7 829
69.010000 8 813
69.010000 9 985
69.010000 10 985
70.010000 0 791
70.010000 1 627
70.010000 2 952
70.010000 3 952
70.010000 4 637
70.010000 5 952
70.010000 6 952
70.010000 7 801
70.010000 8 791
70.010000 9 952
70.010000 10 952
71.010000 0 837
71.010000 1 677
71.010000 2 1000
71.010000 3 1000
71.010000 4 662
71.010000 5 1000
71.010000 6 1000
71.010000 7 824
71.010000 8 837
71.010000 9 1000
71.010000 10 1000
72.010000 0 795
72.010000 1 638
72.010000 2 965
72.010000 3 965
72.010000 4 653
72.010000 5 965
72.010000 6 965
72.010000 7 809
72.010000 8 795
72.010000 9 965
72.010000 10 965
73.010000 0 809
73.010000 1 646
73.010000 2 964
73.010000 3 964
73.010000 4 636
73.010000 5 964
73.010000 6 964
73.010000 7 801
73.010000 8 809
73.010000 9 964
73.010000 10 964
74.010000 0 823
74.010000 1 658
74.010000 2 988
74.010000 3 988
74.010000 4 659
74.010000 5 988
74.010000 6 988
74.010000 7 824
74.010000 8 823
74.010000 9 988
74.010000 10 988
75.010000 0 814
75.010000 1 652
75.010000 2 983
75.010000 3 983
75.010000 4 661
75.010000 5 983
75.010000 6 983
75.010000 7 822
75.010000 8 814
75.010000 9 983
75.010000 10 983
76.010000 0 794
76.010000 1 643
76.010000 2 951
76.010000 3 951
76.010000 4 631
76.010000 5 951
76.010000 6 951
76.010000 7 785
76.010000 8 794
76.010000 9 951
76.010000 10 951
77.010000 0 820
77.010000 1 657
77.010000 2 985
77.010000 3 985
77.010000 4 657
77.010000 5 985
77.010000 6 985
77.010000 7 821
77.010000 8 820
77.010000 9 985
77.010000 10 985
78.010000 0 806
78.010000 1 645
78.010000 2 971
78.010000 3 971
78.010000 4 650
78.010000 5 971
78.010000 6 971
78.010000 7 812
78.010000 8 806
78.010000 9 971
78.010000 10 971
79.010000 0 815
79.010000 1 648
79.010000 2 975
79.010000 3 975
79.010000 4 648
79.010000 5 975
79.010000 6 975
79.010000 7 814
79.010000 8 815
79.010000 9 975
79.010000 10 975
80.010000 0 797
80.010000 1 637
80.010000 2 968
80.010000 3 968
80.010000 4 655
80.010000 5 968
80.010000 6 968
80.010000 7 815
80.010000 8 797
80.010000 9 968
80.010000 10 968
81.010000 0 808
81.010000 1 649
81.010000 2 967
81.010000 3 967
81.010000 4 643
81.010000 5 967
81.010000 6 967
81.010000 7 801
81.010000 8 808
81.010000 9 967
81.010000 10 967
82.010000 0 804
82.010000 1 646
82.010000 2 963
82.010000 3 963
82.010000 4 639
82.010000 5 963
82.010000 6 963
82.010000 7 800
82.010000 8 804
82.010000 9 963
82.010000 10 963
83.010000 0 820
83.010000 1 657
83.010000 2 984
83.010000 3 984
83.010000 4 655
83.010000 5 984
83.010000 6 984
83.010000 7 820
83.010000 8 820
83.010000 9 984
83.010000 10 984
84.010000 0 820
84.010000 1 655
84.010000 2 981
84.010000 3 981
84.010000 4 652
84.010000 5 981
84.010000 6 981
84.010000 7 816
84.010000 8 820
84.010000 9 981
84.010000 10 981
85.010000 0 805
85.010000 1 644
85.010000 2 973
85.010000 3 973
85.010000 4 654
85.010000 5 973
85.010000 6 973
85.010000 7 816
85.010000 8 805
85.010000 9 973
85.010000 10 973
86.010000 0 786
86.010000 1 629
86.010000 2 945
86.010000 3 945
86.010000 4 631
86.010000 5 945
86.010000 6 945
86.010000 7 789
86.010000 8 786
86.010000 9 945
86.010000 10 945
87.010000 0 811
87.010000 1 652
87.010000 2 974
87.010000 3 974
87.010000 4 651
87.010000 5 974
87.010000 6 974
87.010000 7 808
87.010000 8 811
87.010000 9 974
87.010000 10 974
88.010000 0 834
88.010000 1 667
88.010000 2 996
88.010000 3 996
88.010000 4 661
88.010000 5 996
88.010000 6 996
88.010000 7 826
88.010000 8 834
88.010000 9 996
88.010000 10 996
89.010000 0 812
89.010000 1 653
89.010000 2 989
89.010000 3 989
89.010000 4 669
89.010000 5 989
89.010000 6 989
89.010000 7 833
89.010000 8 812
89.010000 9 989
89.010000 10 989
90.010000 0 811
90.010000 1 653
90.010000 2 966
90.010000 3 966
90.010000 4 639
90.010000 5 966
90.010000 6 966
90.010000 7 795
90.010000 8 811
90.010000 9 966
90.010000 10 966
91.010000 0 814
91.010000 1 651
91.010000 2 984
91.010000 3 984
91.010000 4 663
91.010000 5 984
91.010000 6 984
91.010000 7 824
91.010000 8 814
91.010000 9 984
91.010000 10 984
92.010000 0 796
92.010000 1 637
92.010000 2 942
92.010000 3 942
92.010000 4 617
92.010000 5 942
92.010000 6 942
92.010000 7 776
92.010000 8 796
92.010000 9 942
92.010000 10 942
93.010000 0 831
93.010000 1 666
93.010000 2 1004
93.010000 3 1004
93.010000 4 674
93.010000 5 1004
93.010000 6 1004
93.010000 7 841
93.010000 8 831
93.010000 9 1004
93.010000 10 1004
94.010000 0 810
94.010000 1 652
94.010000 2 970
94.010000 3 970
94.010000 4 646
94.010000 5 970
94.010000 6 970
94.010000 7 802
94.010000 8 810
94.010000 9 970
94.010000 10 970
95.010000 0 813
95.010000 1 650
95.010000 2 969
95.010000 3 969
95.010000 4 640
95.010000 5 969
95.010000 6 969
95.010000 7 804
95.010000 8 813
95.010000 9 969
95.010000 10 969
96.010000 0 802
96.010000 1 640
96.010000 2 969
96.010000 3 969
96.010000 4 651
96.010000 5 969
96.010000 6 969
96.010000 7 814
96.010000 8 802
96.010000 9 969
96.010000 10 969
97.010000 0 798
97.010000 1 639
97.010000 2 954
97.010000 3 954
97.010000 4 634
97.010000 5 954
97.010000 6 954
97.010000 7 791
97.010000 8 798
97.010000 9 954
97.010000 10 954
98.010000 0 846
98.010000 1 679
98.010000 2 1016
98.010000 3 1016
98.010000 4 676
98.010000 5 1016
98.010000 6 1016
98.010000 7 847
98.010000 8 846
98.010000 9 1016
98.010000 10 1016
99.010000 0 798
99.010000 1 640
99.010000 2 966
99.010000 3 966
99.010000 4 650
99.010000 5 966
99.010000 6 966
99.010000 7 810
99.010000 8 798
99.010000 9 966
99.010000 10 966
100.010000 0 811
100.010000 1 653
100.010000 2 974
100.010000 3 974
100.010000 4 649
100.010000 5 974
100.010000 6 974
100.010000 7 809
100.010000 8 811
100.010000 9 974
100.010000 10 974
101.010000 0 798
101.010000 1 638
101.010000 2 965
101.010000 3 965
101.010000 4 648
101.010000 5 965
101.010000 6 965
101.010000 7 811
101.010000 8 798
101.010000 9 965
101.010000 10 965
102.010000 0 833
102.010000 1 670
102.010000 2 996
102.010000 3 996
102.010000 4 659
102.010000 5 996
102.010000 6 996
102.010000 7 826
102.010000 8 833
102.010000 9 996
102.010000 10 996
103.010000 0 778
103.010000 1 622
103.010000 2 936
103.010000 3 936
103.010000 4 626
103.010000 5 936
103.010000 6 936
103.010000 7 782
103.010000 8 778
103.010000 9 936
103.010000 10 936
104.010000 0 806
104.010000 1 646
104.010000 2 958
104.010000 3 958
104.010000 4 632
104.010000 5 958
104.010000 6 958
104.010000 7 790
104.010000 8 806
104.010000 9 958
104.010000 10 958
105.010000 0 809
105.010000 1 650
105.010000 2 980
105.010000 3 980
105.010000 4 660
105.010000 5 980
105.010000 6 980
105.010000 7 821
105.010000 8 809
105.010000 9 980
105.010000 10 980
106.010000 0 807
106.010000 1 644
106.010000 2 971
106.010000 3 971
106.010000 4 648
106.010000 5 971
106.010000 6 971
106.010000 7 814
106.010000 8 807
106.010000 9 971
106.010000 10 971
107.010000 0 805
107.010000 1 644
107.010000 2 970
107.010000 3 970
107.010000 4 650
107.010000 5 970
107.010000 6 970
107.010000 7 811
107.010000 8 805
107.010000 9 970
107.010000 10 970
108.010000 0 820
108.010000 1 663
108.010000 2 973
108.010000 3 973
108.010000 4 640
108.010000 5 973
108.010000 6 973
108.010000 7 796
108.010000 8 820
108.010000 9 973
108.010000 10 973
109.010000 0 794
109.010000 1 625
109.010000 2 972
109.010000 3 972
109.010000 4 663
109.010000 5 972
109.010000 6 972
109.010000 7 834
109.010000 8 794
109.010000 9 972
109.010000 10 972
110.010000 0 808
110.010000 1 648
110.010000 2 960
110.010000 3 960
110.010000 4 632
110.010000 5 960
110.010000 6 960
110.010000 7 792
110.010000 8 808
110.010000 9 960
110.010000 10 960
111.010000 0 812
111.010000 1 653
111.010000 2 976
111.010000 3 976
111.010000 4 652
111.010000 5 976
111.010000 6 976
111.010000 7 811
111.010000 8 812
111.010000 9 976
111.010000 10 976
112.010000 0 839
112.010000 1 670
112.010000 2 991
112.010000 3 991
112.010000 4 647
112.010000 5 991
112.010000 6 991
112.010000 7 817
112.010000 8 839
112.010000 9 991
112.010000 10 991
113.010000 0 800
113.010000 1 647
113.010000 2 974
113.010000 3 974
113.010000 4 661
113.010000 5 974
113.010000 6 974
113.010000 7 814
113.010000 8 800
113.010000 9 974
113.010000 10 974
114.010000 0 802
114.010000 1 636
114.010000 2 963
114.010000 3 963
114.010000 4 644
114.010000 5 963
114.010000 6 963
114.010000 7 807
114.010000 8 802
114.010000 9 963
114.010000 10 963
115.010000 0 809
115.010000 1 649
115.010000 2 973
115.010000 3 973
115.010000 4 650
115.010000 5 973
115.010000 6 973
115.010000 7 811
115.010000 8 809
115.010000 9 973
115.010000 10 973
116.010000 0 832
116.010000 1 661
116.010000 2 980
116.010000 3 980
116.010000 4 639
116.010000 5 980
116.010000 6 980
116.010000 7 808
116.010000 8 832
116.010000 9 980
116.010000 10 980
117.010000 0 798
117.010000 1 643
117.010000 2 960
117.010000 3 960
117.010000 4 641
117.010000 5 960
117.010000 6 960
117.010000 7 798
117.010000 8 798
117.010000 9 960
117.010000 10 960
118.010000 0 795
118.010000 1 639
118.010000 2 972
118.010000 3 972
118.010000 4 664
118.010000 5 972
118.010000 6 972
118.010000 7 818
118.010000 8 795
118.010000 9 972
118.010000 10 972
119.010000 0 805
119.010000 1 646
119.010000 2 961
119.010000 3 961
119.010000 4 636
119.010000 5 961
119.010000 6 961
119.010000 7 796
119.010000 8 805
119.010000 9 961
119.010000 10 961
120.010000 0 831
120.010000 1 665
120.010000 2 998
120.010000 3 998
120.010000 4 666
120.010000 5 998
120.010000 6 998
120.010000 7 832
120.010000 8 831
120.010000 9 998
120.010000 10 998
121.010000 0 806
121.010000 1 644
121.010000 2 967
121.010000 3 967
121.010000 4 643
121.010000 5 967
121.010000 6 967
121.010000 7 808
121.010000 8 806
121.010000 9 967
121.010000 10 967
122.010000 0 822
122.010000 1 660
122.010000 2 983
122.010000 3 983
122.010000 4 652
122.010000 5 983
122.010000 6 983
122.010000 7 815
122.010000 8 822
122.010000 9 983
122.010000 10 983
123.010000 0 795
123.010000 1 641
123.010000 2 958
123.010000 3 958
123.010000 4 641
123.010000 5 958
123.010000 6 958
123.010000 7 797
123.010000 8 795
123.010000 9 958
123.010000 10 958
124.010000 0 805
124.010000 1 641
124.010000 2 964
124.010000 3 964
124.010000 4 640
124.010000 5 964
124.010000 6 964
124.010000 7 806
124.010000 8 805
124.010000 9 964
124.010000 10 964
125.010000 0 810
125.010000 1 652
125.010000 2 976
125.010000 3 976
125.010000 4 654
125.010000 5 976
125.010000 6 976
125.010000 7 812
125.010000 8 810
125.010000 9 976
125.010000 10 976
126.010000 0 814
126.010000 1 653
126.010000 2 980
126.010000 3 980
126.010000 4 655
126.010000 5 980
126.010000 6 980
126.010000 7 818
126.010000 8 814
126.010000 9 980
126.010000 10 980
127.010000 0 809
127.010000 1 640
127.010000 2 969
127.010000 3 969
127.010000 4 646
127.010000 5 969
127.010000 6 969
127.010000 7 812
127.010000 8 809
127.010000 9 969
127.010000 10 969
128.010000 0 810
128.010000 1 647
128.010000 2 970
128.010000 3 970
128.010000 4 645
128.010000 5 970
128.010000 6 970
128.010000 7 808
128.010000 8 810
128.010000 9 970
128.010000 10 970
129.010000 0 812
129.010000 1 656
129.010000 2 976
129.010000 3 976
129.010000 4 651
129.010000 5 976
129.010000 6 976
129.010000 7 809
129.010000 8 812
129.010000 9 976
129.010000 10 976
130.010000 0 798
130.010000 1 640
130.010000 2 965
130.010000 3 965
130.010000 4 649
130.010000 5 965
130.010000 6 965
130.010000 7 808
130.010000 8 798
130.010000 9 965
130.010000 10 965
131.010000 0 806
131.010000 1 644
131.010000 2 967
131.010000 3 967
131.010000 4 645
131.010000 5 967
131.010000 6 967
131.010000 7 806
131.010000 8 806
131.010000 9 967
131.010000 10 967
132.010000 0 819
132.010000 1 656
132.010000 2 987
132.010000 3 987
132.010000 4 660
132.010000 5 987
132.010000 6 987
132.010000 7 826
132.010000 8 819
132.010000 9 987
132.010000 10 987
133.010000 0 819
133.010000 1 662
133.010000 2 980
133.010000 3 980
133.010000 4 649
133.010000 5 980
133.010000 6 980
133.010000 7 810
133.010000 8 819
133.010000 9 980
133.010000 10 980
134.010000 0 820
134.010000 1 662
134.010000 2 1004
134.010000 3 1004
134.010000 4 683
134.010000 5 1004
134.010000 6 1004
134.010000 7 847
134.010000 8 820
134.010000 9 1004
134.010000 10 1004
135.010000 0 797
135.010000 1 640
135.010000 2 956
135.010000 3 956
135.010000 4 636
135.010000 5 956
135.010000 6 956
135.010000 7 795
135.010000 8 797
135.010000 9 956
135.010000 10 956
136.010000 0 796
136.010000 1 637
136.010000 2 948
136.010000 3 948
136.010000 4 626
136.010000 5 948
136.010000 6 948
136.010000 7 785
136.010000 8 796
136.010000 9 948
136.010000 10 948
137.010000 0 821
137.010000 1 654
137.010000 2 987
137.010000 3 987
137.010000 4 659
137.010000 5 987
137.010000 6 987
137.010000 7 827
137.010000 8 821
137.010000 9 987
137.010000 10 987
138.010000 0 800
138.010000 1 641
138.010000 2 959
138.010000 3 959
138.010000 4 639
138.010000 5 959
138.010000 6 959
138.010000 7 797
138.010000 8 800
138.010000 9 959
138.010000 10 959
139.010000 0 817
139.010000 1 657
139.010000 2 974
139.010000 3 974
139.010000 4 644
139.010000 5 974
139.010000 6 974
139.010000 7 804
139.010000 8 817
139.010000 9 974
139.010000 10 974
140.010000 0 788
140.010000 1 628
140.010000 2 959
140.010000 3 959
140.010000 4 650
140.010000 5 959
140.010000 6 959
140.010000 7 811
140.010000 8 788
140.010000 9 959
140.010000 10 959
141.010000 0 815
141.010000 1 659
141.010000 2 985
141.010000 3 985
141.010000 4 660
141.010000 5 985
141.010000 6 985
141.010000 7 821
141.010000 8 815
141.010000 9 985
141.010000 10 985
142.010000 0 809
142.010000 1 649
142.010000 2 982
142.010000 3 982
142.010000 4 663
142.010000 5 982
142.010000 6 982
142.010000 7 825
142.010000 8 809
142.010000 9 982
142.010000 10 982
143.010000 0 814
143.010000 1 654
143.010000 2 977
143.010000 3 977
143.010000 4 648
143.010000 5 977
143.010000 6 977
143.010000 7 815
143.010000 8 814
143.010000 9 977
143.010000 10 977
144.010000 0 800
144.010000 1 646
144.010000 2 949
144.010000 3 949
144.010000 4 623
144.010000 5 949
144.010000 6 949
144.010000 7 778
144.010000 8 800
144.010000 9 949
144.010000 10 949
145.010000 0 804
145.010000 1 641
145.010000 2 972
145.010000 3 972
145.010000 4 655
145.010000 5 972
145.010000 6 972
145.010000 7 816
145.010000 8 804
145.010000 9 972
145.010000 10 972
146.010000 0 829
146.010000 1 666
146.010000 2 992
146.010000 3 992
146.010000 4 658
146.010000 5 992
146.010000 6 992
146.010000 7 823
146.010000 8 829
146.010000 9 992
146.010000 10 992
147.010000 0 803
147.010000 1 643
147.010000 2 977
147.010000 3 977
147.010000 4 663
147.010000 5 977
147.010000 6 977
147.010000 7 822
147.010000 8 803
147.010000 9 977
147.010000 10 977
148.010000 0 815
148.010000 1 650
148.010000 2 959
148.010000 3 959
148.010000 4 623
148.010000 5 959
148.010000 6 959
148.010000 7 789
148.010000 8 815
148.010000 9 959
148.010000 10 959
149.010000 0 790
149.010000 1 625
149.010000 2 964
149.010000 3 964
149.010000 4 655
149.010000 5 964
149.010000 6 964
149.010000 7 822
149.010000 8 790
149.010000 9 964
149.010000 10 964
