0.010000 0 0
0.010000 1 0
0.010000 2 0
0.010000 3 0
0.010000 4 0
0.010000 5 0
0.010000 6 0
0.010000 7 0
0.010000 8 0
0.010000 9 0
0.010000 10 0
0.010000 11 0
0.010000 12 0
0.010000 13 0
0.010000 14 0
0.010000 15 0
0.010000 16 0
0.010000 17 0
0.010000 18 0
0.010000 19 0
1.010000 0 0
1.010000 1 0
1.010000 2 0
1.010000 3 0
1.010000 4 0
1.010000 5 0
1.010000 6 0
1.010000 7 0
1.010000 8 0
1.010000 9 0
1.010000 10 0
1.010000 11 0
1.010000 12 0
1.010000 13 0
1.010000 14 0
1.010000 15 0
1.010000 16 0
1.010000 17 0
1.010000 18 0
1.010000 19 0
2.010000 0 0
2.010000 1 0
2.010000 2 0
2.010000 3 0
2.010000 4 0
2.010000 5 0
2.010000 6 0
2.010000 7 0
2.010000 8 0
2.010000 9 0
2.010000 10 0
2.010000 11 0
2.010000 12 0
2.010000 13 0
2.010000 14 0
2.010000 15 0
2.010000 16 0
2.010000 17 0
2.010000 18 0
2.010000 19 0
3.010000 0 0
3.010000 1 0
3.010000 2 0
3.010000 3 0
3.010000 4 0
3.010000 5 0
3.010000 6 0
3.010000 7 0
3.010000 8 0
3.010000 9 0
3.010000 10 0
3.010000 11 0
3.010000 12 0
3.010000 13 0
3.010000 14 0
3.010000 15 0
3.010000 16 0
3.010000 17 0
3.010000 18 0
3.010000 19 0
4.010000 0 0
4.010000 1 0
4.010000 2 0
4.010000 3 0
4.010000 4 0
4.010000 5 0
4.010000 6 0
4.010000 7 0
4.010000 8 0
4.010000 9 0
4.010000 10 0
4.010000 11 0
4.010000 12 0
4.010000 13 0
4.010000 14 0
4.010000 15 0
4.010000 16 0
4.010000 17 0
4.010000 18 0
4.010000 19 0
5.010000 0 0
5.010000 1 0
5.010000 2 0
5.010000 3 0
5.010000 4 0
5.010000 5 0
5.010000 6 0
5.010000 7 0
5.010000 8 0
5.010000 9 0
5.010000 10 0
5.010000 11 0
5.010000 12 0
5.010000 13 0
5.010000 14 0
5.010000 15 0
5.010000 16 0
5.010000 17 0
5.010000 18 0
5.010000 19 0
6.010000 0 0
6.010000 1 0
6.010000 2 0
6.010000 3 0
6.010000 4 0
6.010000 5 0
6.010000 6 0
6.010000 7 0
6.010000 8 0
6.010000 9 0
6.010000 10 0
6.010000 11 0
6.010000 12 0
6.010000 13 0
6.010000 14 0
6.010000 15 0
6.010000 16 0
6.010000 17 0
6.010000 18 0
6.010000 19 0
7.010000 0 0
7.010000 1 0
7.010000 2 0
7.010000 3 0
7.010000 4 0
7.010000 5 0
7.010000 6 0
7.010000 7 0
7.010000 8 0
7.010000 9 0
7.010000 10 0
7.010000 11 0
7.010000 12 0
7.010000 13 0
7.010000 14 0
7.010000 15 0
7.010000 16 0
7.010000 17 0
7.010000 18 0
7.010000 19 0
8.010000 0 0
8.010000 1 0
8.010000 2 0
8.010000 3 0
8.010000 4 0
8.010000 5 0
8.010000 6 0
8.010000 7 0
8.010000 8 0
8.010000 9 0
8.010000 10 0
8.010000 11 0
8.010000 12 0
8.010000 13 0
8.010000 14 0
8.010000 15 0
8.010000 16 0
8.010000 17 0
8.010000 18 0
8.010000 19 0
9.010000 0 0
9.010000 1 0
9.010000 2 0
9.010000 3 0
9.010000 4 0
9.010000 5 0
9.010000 6 0
9.010000 7 0
9.010000 8 0
9.010000 9 0
9.010000 10 0
9.010000 11 0
9.010000 12 0
9.010000 13 0
9.010000 14 0
9.010000 15 0
9.010000 16 0
9.010000 17 0
9.010000 18 0
9.010000 19 0
10.010000 0 0
10.010000 1 0
10.010000 2 0
10.010000 3 0
10.010000 4 0
10.010000 5 0
10.010000 6 0
10.010000 7 0
10.010000 8 0
10.010000 9 0
10.010000 10 0
10.010000 11 0
10.010000 12 0
10.010000 13 0
10.010000 14 0
10.010000 15 0
10.010000 16 0
10.010000 17 0
10.010000 18 0
10.010000 19 0
11.010000 0 0
11.010000 1 0
11.010000 2 0
11.010000 3 0
11.010000 4 0
11.010000 5 0
11.010000 6 0
11.010000 7 0
11.010000 8 0
11.010000 9 0
11.010000 10 0
11.010000 11 0
11.010000 12 0
11.010000 13 0
11.010000 14 0
11.010000 15 0
11.010000 16 0
11.010000 17 0
11.010000 18 0
11.010000 19 0
12.010000 0 0
12.010000 1 0
12.010000 2 0
12.010000 3 0
12.010000 4 0
12.010000 5 0
12.010000 6 0
12.010000 7 0
12.010000 8 0
12.010000 9 0
12.010000 10 0
12.010000 11 0
12.010000 12 0
12.010000 13 0
12.010000 14 0
12.010000 15 0
12.010000 16 0
12.010000 17 0
12.010000 18 0
12.010000 19 0
13.010000 0 0
13.010000 1 0
13.010000 2 0
13.010000 3 0
13.010000 4 0
13.010000 5 0
13.010000 6 0
13.010000 7 0
13.010000 8 0
13.010000 9 0
13.010000 10 0
13.010000 11 0
13.010000 12 0
13.010000 13 0
13.010000 14 0
13.010000 15 0
13.010000 16 0
13.010000 17 0
13.010000 18 0
13.010000 19 0
14.010000 0 0
14.010000 1 0
14.010000 2 0
14.010000 3 0
14.010000 4 0
14.010000 5 0
14.010000 6 0
14.010000 7 0
14.010000 8 0
14.010000 9 0
14.010000 10 0
14.010000 11 0
14.010000 12 0
14.010000 13 0
14.010000 14 0
14.010000 15 0
14.010000 16 0
14.010000 17 0
14.010000 18 0
14.010000 19 0
15.010000 0 2
15.010000 1 3
15.010000 2 3
15.010000 3 2
15.010000 4 3
15.010000 5 3
15.010000 6 3
15.010000 7 2
15.010000 8 3
15.010000 9 3
15.010000 10 3
15.010000 11 3
15.010000 12 3
15.010000 13 3
15.010000 14 3
15.010000 15 3
15.010000 16 3
15.010000 17 3
15.010000 18 3
15.010000 19 3
16.010000 0 457
16.010000 1 505
16.010000 2 477
16.010000 3 465
16.010000 4 505
16.010000 5 497
16.010000 6 505
16.010000 7 368
16.010000 8 497
16.010000 9 481
16.010000 10 505
16.010000 11 470
16.010000 12 497
16.010000 13 497
16.010000 14 493
16.010000 15 505
16.010000 16 501
16.010000 17 497
16.010000 18 420
16.010000 19 491
17.010000 0 195
17.010000 1 215
17.010000 2 215
17.010000 3 191
17.010000 4 215
17.010000 5 215
17.010000 6 215
17.010000 7 107
17.010000 8 215
17.010000 9 215
17.010000 10 215
17.010000 11 195
17.010000 12 215
17.010000 13 215
17.010000 14 215
17.010000 15 215
17.010000 16 215
17.010000 17 215
17.010000 18 172
17.010000 19 215
18.010000 0 184
18.010000 1 200
18.010000 2 200
18.010000 3 176
18.010000 4 200
18.010000 5 200
18.010000 6 200
18.010000 7 100
18.010000 8 200
18.010000 9 200
18.010000 10 200
18.010000 11 180
18.010000 12 200
18.010000 13 200
18.010000 14 200
18.010000 15 200
18.010000 16 200
18.010000 17 200
18.010000 18 160
18.010000 19 200
19.010000 0 195
19.010000 1 217
19.010000 2 217
19.010000 3 197
19.010000 4 217
19.010000 5 217
19.010000 6 217
19.010000 7 109
19.010000 8 217
19.010000 9 217
19.010000 10 217
19.010000 11 193
19.010000 12 217
19.010000 13 217
19.010000 14 217
19.010000 15 217
19.010000 16 217
19.010000 17 217
19.010000 18 174
19.010000 19 217
20.010000 0 176
20.010000 1 196
20.010000 2 196
20.010000 3 176
20.010000 4 196
20.010000 5 196
20.010000 6 196
20.010000 7 98
20.010000 8 196
20.010000 9 196
20.010000 10 196
20.010000 11 178
20.010000 12 196
20.010000 13 196
20.010000 14 196
20.010000 15 196
20.010000 16 196
20.010000 17 196
20.010000 18 156
20.010000 19 196
21.010000 0 187
21.010000 1 207
21.010000 2 207
21.010000 3 185
21.010000 4 207
21.010000 5 207
21.010000 6 207
21.010000 7 103
21.010000 8 207
21.010000 9 207
21.010000 10 207
21.010000 11 188
21.010000 12 207
21.010000 13 207
21.010000 14 207
21.010000 15 207
21.010000 16 207
21.010000 17 207
21.010000 18 165
21.010000 19 207
22.010000 0 179
22.010000 1 201
22.010000 2 201
22.010000 3 183
22.010000 4 201
22.010000 5 201
22.010000 6 201
22.010000 7 101
22.010000 8 201
22.010000 9 201
22.010000 10 201
22.010000 11 180
22.010000 12 201
22.010000 13 201
22.010000 14 201
22.010000 15 201
22.010000 16 201
22.010000 17 201
22.010000 18 161
22.010000 19 201
23.010000 0 170
23.010000 1 188
23.010000 2 188
23.010000 3 168
23.010000 4 188
23.010000 5 188
23.010000 6 188
23.010000 7 94
23.010000 8 188
23.010000 9 188
23.010000 10 188
23.010000 11 170
23.010000 12 188
23.010000 13 188
23.010000 14 188
23.010000 15 188
23.010000 16 188
23.010000 17 188
23.010000 18 150
23.010000 19 188
24.010000 0 160
24.010000 1 180
24.010000 2 180
24.010000 3 164
24.010000 4 180
24.010000 5 180
24.010000 6 180
24.010000 7 90
24.010000 8 180
24.010000 9 180
24.010000 10 180
24.010000 11 162
24.010000 12 180
24.010000 13 180
24.010000 14 180
24.010000 15 180
24.010000 16 180
24.010000 17 180
24.010000 18 144
24.010000 19 180
25.010000 0 171
25.010000 1 191
25.010000 2 191
25.010000 3 171
25.010000 4 191
25.010000 5 191
25.010000 6 191
25.010000 7 96
25.010000 8 191
25.010000 9 191
25.010000 10 191
25.010000 11 173
25.010000 12 191
25.010000 13 191
25.010000 14 191
25.010000 15 191
25.010000 16 191
25.010000 17 191
25.010000 18 153
25.010000 19 191
26.010000 0 205
26.010000 1 229
26.010000 2 229
26.010000 3 207
26.010000 4 229
26.010000 5 229
26.010000 6 229
26.010000 7 114
26.010000 8 229
26.010000 9 229
26.010000 10 229
26.010000 11 209
26.010000 12 229
26.010000 13 229
26.010000 14 229
26.010000 15 229
26.010000 16 229
26.010000 17 229
26.010000 18 181
26.010000 19 229
27.010000 0 186
27.010000 1 208
27.010000 2 208
27.010000 3 188
27.010000 4 208
27.010000 5 208
27.010000 6 208
27.010000 7 104
27.010000 8 208
27.010000 9 208
27.010000 10 208
27.010000 11 188
27.010000 12 208
27.010000 13 208
27.010000 14 208
27.010000 15 208
27.010000 16 208
27.010000 17 208
27.010000 18 166
27.010000 19 208
28.010000 0 188
28.010000 1 212
28.010000 2 212
28.010000 3 192
28.010000 4 212
28.010000 5 212
28.010000 6 212
28.010000 7 106
28.010000 8 212
28.010000 9 212
28.010000 10 212
28.010000 11 194
28.010000 12 212
28.010000 13 212
28.010000 14 212
28.010000 15 212
28.010000 16 212
28.010000 17 212
28.010000 18 168
28.010000 19 212
29.010000 0 169
29.010000 1 187
29.010000 2 187
29.010000 3 167
29.010000 4 187
29.010000 5 187
29.010000 6 187
29.010000 7 94
29.010000 8 187
29.010000 9 187
29.010000 10 187
29.010000 11 167
29.010000 12 187
29.010000 13 187
29.010000 14 187
29.010000 15 187
29.010000 16 187
29.010000 17 187
29.010000 18 151
29.010000 19 187
30.010000 0 177
30.010000 1 197
30.010000 2 197
30.010000 3 177
30.010000 4 197
30.010000 5 197
30.010000 6 197
30.010000 7 98
30.010000 8 197
30.010000 9 197
30.010000 10 197
30.010000 11 177
30.010000 12 197
30.010000 13 197
30.010000 14 197
30.010000 15 197
30.010000 16 197
30.010000 17 197
30.010000 18 159
30.010000 19 197
31.010000 0 190
31.010000 1 208
31.010000 2 208
31.010000 3 186
31.010000 4 208
31.010000 5 208
31.010000 6 208
31.010000 7 104
31.010000 8 208
31.010000 9 208
31.010000 10 208
31.010000 11 188
31.010000 12 208
31.010000 13 208
31.010000 14 208
31.010000 15 208
31.010000 16 208
31.010000 17 208
31.010000 18 164
31.010000 19 208
32.010000 0 160
32.010000 1 177
32.010000 2 177
32.010000 3 159
32.010000 4 177
32.010000 5 177
32.010000 6 177
32.010000 7 89
32.010000 8 177
32.010000 9 177
32.010000 10 177
32.010000 11 157
32.010000 12 177
32.010000 13 177
32.010000 14 177
32.010000 15 177
32.010000 16 177
32.010000 17 177
32.010000 18 143
32.010000 19 177
33.010000 0 170
33.010000 1 187
33.010000 2 187
33.010000 3 167
33.010000 4 187
33.010000 5 187
33.010000 6 187
33.010000 7 93
33.010000 8 187
33.010000 9 187
33.010000 10 187
33.010000 11 169
33.010000 12 187
33.010000 13 187
33.010000 14 187
33.010000 15 187
33.010000 16 187
33.010000 17 187
33.010000 18 149
33.010000 19 187
34.010000 0 177
34.010000 1 199
34.010000 2 199
34.010000 3 181
34.010000 4 199
34.010000 5 199
34.010000 6 199
34.010000 7 100
34.010000 8 199
34.010000 9 199
34.010000 10 199
34.010000 11 177
34.010000 12 199
34.010000 13 199
34.010000 14 199
34.010000 15 199
34.010000 16 199
34.010000 17 199
34.010000 18 161
34.010000 19 199
35.010000 0 182
35.010000 1 200
35.010000 2 200
35.010000 3 180
35.010000 4 200
35.010000 5 200
35.010000 6 200
35.010000 7 99
35.010000 8 200
35.010000 9 200
35.010000 10 200
35.010000 11 179
35.010000 12 200
35.010000 13 200
35.010000 14 200
35.010000 15 200
35.010000 16 200
35.010000 17 200
35.010000 18 160
35.010000 19 200
36.010000 0 163
36.010000 1 179
36.010000 2 179
36.010000 3 158
36.010000 4 179
36.010000 5 179
36.010000 6 179
36.010000 7 90
36.010000 8 179
36.010000 9 179
36.010000 10 179
36.010000 11 162
36.010000 12 179
36.010000 13 179
36.010000 14 179
36.010000 15 179
36.010000 16 179
36.010000 17 179
36.010000 18 143
36.010000 19 179
37.010000 0 166
37.010000 1 186
37.010000 2 186
37.010000 3 169
37.010000 4 186
37.010000 5 186
37.010000 6 186
37.010000 7 93
37.010000 8 186
37.010000 9 186
37.010000 10 186
37.010000 11 168
37.010000 12 186
37.010000 13 186
37.010000 14 186
37.010000 15 186
37.010000 16 186
37.010000 17 186
37.010000 18 148
37.010000 19 186
38.010000 0 175
38.010000 1 195
38.010000 2 195
38.010000 3 175
38.010000 4 195
38.010000 5 195
38.010000 6 195
38.010000 7 97
38.010000 8 195
38.010000 9 195
38.010000 10 195
38.010000 11 177
38.010000 12 195
38.010000 13 195
38.010000 14 195
38.010000 15 195
38.010000 16 195
38.010000 17 195
38.010000 18 156
38.010000 19 195
39.010000 0 173
39.010000 1 193
39.010000 2 193
39.010000 3 175
39.010000 4 193
39.010000 5 193
39.010000 6 193
39.010000 7 97
39.010000 8 193
39.010000 9 193
39.010000 10 193
39.010000 11 173
39.010000 12 193
39.010000 13 193
39.010000 14 193
39.010000 15 193
39.010000 16 193
39.010000 17 193
39.010000 18 154
39.010000 19 193
40.010000 0 200
40.010000 1 224
40.010000 2 224
40.010000 3 204
40.010000 4 224
40.010000 5 224
40.010000 6 224
40.010000 7 112
40.010000 8 224
40.010000 9 224
40.010000 10 224
40.010000 11 200
40.010000 12 224
40.010000 13 224
40.010000 14 224
40.010000 15 224
40.010000 16 224
40.010000 17 224
40.010000 18 180
40.010000 19 224
41.010000 0 176
41.010000 1 196
41.010000 2 196
41.010000 3 178
41.010000 4 196
41.010000 5 196
41.010000 6 196
41.010000 7 98
41.010000 8 196
41.010000 9 196
41.010000 10 196
41.010000 11 174
41.010000 12 196
41.010000 13 196
41.010000 14 196
41.010000 15 196
41.010000 16 196
41.010000 17 196
41.010000 18 158
41.010000 19 196
42.010000 0 177
42.010000 1 195
42.010000 2 195
42.010000 3 173
42.010000 4 195
42.010000 5 195
42.010000 6 195
42.010000 7 97
42.010000 8 195
42.010000 9 195
42.010000 10 195
42.010000 11 177
42.010000 12 195
42.010000 13 195
42.010000 14 195
42.010000 15 195
42.010000 16 195
42.010000 17 195
42.010000 18 156
42.010000 19 195
43.010000 0 169
43.010000 1 185
43.010000 2 185
43.010000 3 165
43.010000 4 185
43.010000 5 185
43.010000 6 185
43.010000 7 93
43.010000 8 185
43.010000 9 185
43.010000 10 185
43.010000 11 165
43.010000 12 185
43.010000 13 185
43.010000 14 185
43.010000 15 185
43.010000 16 185
43.010000 17 185
43.010000 18 148
43.010000 19 185
44.010000 0 168
44.010000 1 188
44.010000 2 188
44.010000 3 170
44.010000 4 188
44.010000 5 188
44.010000 6 188
44.010000 7 94
44.010000 8 188
44.010000 9 188
44.010000 10 188
44.010000 11 170
44.010000 12 188
44.010000 13 188
44.010000 14 188
44.010000 15 188
44.010000 16 188
44.010000 17 188
44.010000 18 150
44.010000 19 188
45.010000 0 166
45.010000 1 184
45.010000 2 184
45.010000 3 166
45.010000 4 184
45.010000 5 184
45.010000 6 184
45.010000 7 92
45.010000 8 184
45.010000 9 184
45.010000 10 184
45.010000 11 164
45.010000 12 184
45.010000 13 184
45.010000 14 184
45.010000 15 184
45.010000 16 184
45.010000 17 184
45.010000 18 148
45.010000 19 184
46.010000 0 190
46.010000 1 212
46.010000 2 212
46.010000 3 190
46.010000 4 212
46.010000 5 212
46.010000 6 212
46.010000 7 106
46.010000 8 212
46.010000 9 212
46.010000 10 212
46.010000 11 194
46.010000 12 212
46.010000 13 212
46.010000 14 212
46.010000 15 212
46.010000 16 212
46.010000 17 212
46.010000 18 168
46.010000 19 212
47.010000 0 180
47.010000 1 200
47.010000 2 200
47.010000 3 180
47.010000 4 200
47.010000 5 200
47.010000 6 200
47.010000 7 100
47.010000 8 200
47.010000 9 200
47.010000 10 200
47.010000 11 180
47.010000 12 200
47.010000 13 200
47.010000 14 200
47.010000 15 200
47.010000 16 200
47.010000 17 200
47.010000 18 160
47.010000 19 200
48.010000 0 188
48.010000 1 210
48.010000 2 210
48.010000 3 190
48.010000 4 210
48.010000 5 210
48.010000 6 210
48.010000 7 105
48.010000 8 210
48.010000 9 210
48.010000 10 210
48.010000 11 189
48.010000 12 210
48.010000 13 210
48.010000 14 210
48.010000 15 210
48.010000 16 210
48.010000 17 210
48.010000 18 168
48.010000 19 210
49.010000 0 154
49.010000 1 170
49.010000 2 170
49.010000 3 154
49.010000 4 170
49.010000 5 170
49.010000 6 170
49.010000 7 85
49.010000 8 170
49.010000 9 170
49.010000 10 170
49.010000 11 149
49.010000 12 170
49.010000 13 170
49.010000 14 170
49.010000 15 170
49.010000 16 170
49.010000 17 170
49.010000 18 138
49.010000 19 170
50.010000 0 192
50.010000 1 212
50.010000 2 212
50.010000 3 190
50.010000 4 212
50.010000 5 212
50.010000 6 212
50.010000 7 106
50.010000 8 212
50.010000 9 212
50.010000 10 212
50.010000 11 190
50.010000 12 212
50.010000 13 212
50.010000 14 212
50.010000 15 212
50.010000 16 212
50.010000 17 212
50.010000 18 170
50.010000 19 212
51.010000 0 164
51.010000 1 184
51.010000 2 184
51.010000 3 168
51.010000 4 184
51.010000 5 184
51.010000 6 184
51.010000 7 92
51.010000 8 184
51.010000 9 184
51.010000 10 184
51.010000 11 164
51.010000 12 184
51.010000 13 184
51.010000 14 184
51.010000 15 184
51.010000 16 184
51.010000 17 184
51.010000 18 148
51.010000 19 184
52.010000 0 182
52.010000 1 200
52.010000 2 200
52.010000 3 180
52.010000 4 200
52.010000 5 200
52.010000 6 200
52.010000 7 100
52.010000 8 200
52.010000 9 200
52.010000 10 200
52.010000 11 176
52.010000 12 200
52.010000 13 200
52.010000 14 200
52.010000 15 200
52.010000 16 200
52.010000 17 200
52.010000 18 162
52.010000 19 200
53.010000 0 182
53.010000 1 204
53.010000 2 204
53.010000 3 184
53.010000 4 204
53.010000 5 204
53.010000 6 204
53.010000 7 102
53.010000 8 204
53.010000 9 204
53.010000 10 204
53.010000 11 186
53.010000 12 204
53.010000 13 204
53.010000 14 204
53.010000 15 204
53.010000 16 204
53.010000 17 204
53.010000 18 162
53.010000 19 204
54.010000 0 180
54.010000 1 196
54.010000 2 196
54.010000 3 174
54.010000 4 196
54.010000 5 196
54.010000 6 196
54.010000 7 98
54.010000 8 196
54.010000 9 196
54.010000 10 196
54.010000 11 174
54.010000 12 196
54.010000 13 196
54.010000 14 196
54.010000 15 196
54.010000 16 196
54.010000 17 196
54.010000 18 158
54.010000 19 196
55.010000 0 178
55.010000 1 196
55.010000 2 196
55.010000 3 176
55.010000 4 196
55.010000 5 196
55.010000 6 196
55.010000 7 98
55.010000 8 196
55.010000 9 196
55.010000 10 196
55.010000 11 174
55.010000 12 196
55.010000 13 196
55.010000 14 196
55.010000 15 196
55.010000 16 196
55.010000 17 196
55.010000 18 158
55.010000 19 196
56.010000 0 192
56.010000 1 216
56.010000 2 216
56.010000 3 196
56.010000 4 216
56.010000 5 216
56.010000 6 216
56.010000 7 108
56.010000 8 216
56.010000 9 216
56.010000 10 216
56.010000 11 196
56.010000 12 216
56.010000 13 216
56.010000 14 216
56.010000 15 216
56.010000 16 216
56.010000 17 216
56.010000 18 172
56.010000 19 216
57.010000 0 170
57.010000 1 188
57.010000 2 188
57.010000 3 170
57.010000 4 188
57.010000 5 188
57.010000 6 188
57.010000 7 94
57.010000 8 188
57.010000 9 188
57.010000 10 188
57.010000 11 166
57.010000 12 188
57.010000 13 188
57.010000 14 188
57.010000 15 188
57.010000 16 188
57.010000 17 188
57.010000 18 152
57.010000 19 188
58.010000 0 184
58.010000 1 204
58.010000 2 204
58.010000 3 184
58.010000 4 204
58.010000 5 204
58.010000 6 204
58.010000 7 102
58.010000 8 204
58.010000 9 204
58.010000 10 204
58.010000 11 182
58.010000 12 204
58.010000 13 204
58.010000 14 204
58.010000 15 204
58.010000 16 204
58.010000 17 204
58.010000 18 164
58.010000 19 204
59.010000 0 185
59.010000 1 207
59.010000 2 207
59.010000 3 187
59.010000 4 207
59.010000 5 207
59.010000 6 207
59.010000 7 103
59.010000 8 207
59.010000 9 207
59.010000 10 207
59.010000 11 187
59.010000 12 207
59.010000 13 207
59.010000 14 207
59.010000 15 207
59.010000 16 207
59.010000 17 207
59.010000 18 166
59.010000 19 207
60.010000 0 196
60.010000 1 216
60.010000 2 216
60.010000 3 192
60.010000 4 216
60.010000 5 216
60.010000 6 216
60.010000 7 109
60.010000 8 216
60.010000 9 216
60.010000 10 216
60.010000 11 194
60.010000 12 216
60.010000 13 216
60.010000 14 216
60.010000 15 216
60.010000 16 216
60.010000 17 216
60.010000 18 173
60.010000 19 216
61.010000 0 187
61.010000 1 205
61.010000 2 205
61.010000 3 185
61.010000 4 205
61.010000 5 205
61.010000 6 205
61.010000 7 102
61.010000 8 205
61.010000 9 205
61.010000 10 205
61.010000 11 181
61.010000 12 205
61.010000 13 205
61.010000 14 205
61.010000 15 205
61.010000 16 205
61.010000 17 205
61.010000 18 165
61.010000 19 205
62.010000 0 174
62.010000 1 196
62.010000 2 196
62.010000 3 178
62.010000 4 196
62.010000 5 196
62.010000 6 196
62.010000 7 98
62.010000 8 196
62.010000 9 196
62.010000 10 196
62.010000 11 178
62.010000 12 196
62.010000 13 196
62.010000 14 196
62.010000 15 196
62.010000 16 196
62.010000 17 196
62.010000 18 156
62.010000 19 196
63.010000 0 180
63.010000 1 200
63.010000 2 200
63.010000 3 180
63.010000 4 200
63.010000 5 200
63.010000 6 200
63.010000 7 100
63.010000 8 200
63.010000 9 200
63.010000 10 200
63.010000 11 180
63.010000 12 200
63.010000 13 200
63.010000 14 200
63.010000 15 200
63.010000 16 200
63.010000 17 200
63.010000 18 160
63.010000 19 200
64.010000 0 180
64.010000 1 200
64.010000 2 200
64.010000 3 180
64.010000 4 200
64.010000 5 200
64.010000 6 200
64.010000 7 100
64.010000 8 200
64.010000 9 200
64.010000 10 200
64.010000 11 180
64.010000 12 200
64.010000 13 200
64.010000 14 200
64.010000 15 200
64.010000 16 200
64.010000 17 200
64.010000 18 160
64.010000 19 200
65.010000 0 195
65.010000 1 219
65.010000 2 219
65.010000 3 199
65.010000 4 219
65.010000 5 219
65.010000 6 219
65.010000 7 110
65.010000 8 219
65.010000 9 219
65.010000 10 219
65.010000 11 195
65.010000 12 219
65.010000 13 219
65.010000 14 219
65.010000 15 219
65.010000 16 219
65.010000 17 219
65.010000 18 177
65.010000 19 219
66.010000 0 182
66.010000 1 200
66.010000 2 200
66.010000 3 180
66.010000 4 200
66.010000 5 200
66.010000 6 200
66.010000 7 99
66.010000 8 200
66.010000 9 200
66.010000 10 200
66.010000 11 179
66.010000 12 200
66.010000 13 200
66.010000 14 200
66.010000 15 200
66.010000 16 200
66.010000 17 200
66.010000 18 160
66.010000 19 200
67.010000 0 165
67.010000 1 185
67.010000 2 185
67.010000 3 167
67.010000 4 185
67.010000 5 185
67.010000 6 185
67.010000 7 93
67.010000 8 185
67.010000 9 185
67.010000 10 185
67.010000 11 168
67.010000 12 185
67.010000 13 185
67.010000 14 185
67.010000 15 185
67.010000 16 185
67.010000 17 185
67.010000 18 147
67.010000 19 185
68.010000 0 195
68.010000 1 215
68.010000 2 215
68.010000 3 191
68.010000 4 215
68.010000 5 215
68.010000 6 215
68.010000 7 107
68.010000 8 215
68.010000 9 215
68.010000 10 215
68.010000 11 195
68.010000 12 215
68.010000 13 215
68.010000 14 215
68.010000 15 215
68.010000 16 215
68.010000 17 215
68.010000 18 172
68.010000 19 215
69.010000 0 181
69.010000 1 201
69.010000 2 201
69.010000 3 183
69.010000 4 201
69.010000 5 201
69.010000 6 201
69.010000 7 101
69.010000 8 201
69.010000 9 201
69.010000 10 201
69.010000 11 177
69.010000 12 201
69.010000 13 201
69.010000 14 201
69.010000 15 201
69.010000 16 201
69.010000 17 201
69.010000 18 162
69.010000 19 201
70.010000 0 164
70.010000 1 184
70.010000 2 184
70.010000 3 168
70.010000 4 184
70.010000 5 184
70.010000 6 184
70.010000 7 92
70.010000 8 184
70.010000 9 184
70.010000 10 184
70.010000 11 164
70.010000 12 184
70.010000 13 184
70.010000 14 184
70.010000 15 184
70.010000 16 184
70.010000 17 184
70.010000 18 148
70.010000 19 184
71.010000 0 178
71.010000 1 200
71.010000 2 200
71.010000 3 182
71.010000 4 200
71.010000 5 200
71.010000 6 200
71.010000 7 100
71.010000 8 200
71.010000 9 200
71.010000 10 200
71.010000 11 180
71.010000 12 200
71.010000 13 200
71.010000 14 200
71.010000 15 200
71.010000 16 200
71.010000 17 200
71.010000 18 160
71.010000 19 200
72.010000 0 181
72.010000 1 203
72.010000 2 203
72.010000 3 181
72.010000 4 203
72.010000 5 203
72.010000 6 203
72.010000 7 102
72.010000 8 203
72.010000 9 203
72.010000 10 203
72.010000 11 187
72.010000 12 203
72.010000 13 203
72.010000 14 203
72.010000 15 203
72.010000 16 203
72.010000 17 203
72.010000 18 161
72.010000 19 203
73.010000 0 199
73.010000 1 221
73.010000 2 221
73.010000 3 201
73.010000 4 221
73.010000 5 221
73.010000 6 221
73.010000 7 110
73.010000 8 221
73.010000 9 221
73.010000 10 221
73.010000 11 197
73.010000 12 221
73.010000 13 221
73.010000 14 221
73.010000 15 221
73.010000 16 221
73.010000 17 221
73.010000 18 177
73.010000 19 221
74.010000 0 174
74.010000 1 192
74.010000 2 192
74.010000 3 172
74.010000 4 192
74.010000 5 192
74.010000 6 192
74.010000 7 96
74.010000 8 192
74.010000 9 192
74.010000 10 192
74.010000 11 172
74.010000 12 192
74.010000 13 192
74.010000 14 192
74.010000 15 192
74.010000 16 192
74.010000 17 192
74.010000 18 154
74.010000 19 192
75.010000 0 180
75.010000 1 200
75.010000 2 200
75.010000 3 180
75.010000 4 200
75.010000 5 200
75.010000 6 200
75.010000 7 100
75.010000 8 200
75.010000 9 200
75.010000 10 200
75.010000 11 180
75.010000 12 200
75.010000 13 200
75.010000 14 200
75.010000 15 200
75.010000 16 200
75.010000 17 200
75.010000 18 160
75.010000 19 200
76.010000 0 180
76.010000 1 196
76.010000 2 196
76.010000 3 174
76.010000 4 196
76.010000 5 196
76.010000 6 196
76.010000 7 98
76.010000 8 196
76.010000 9 196
76.010000 10 196
76.010000 11 174
76.010000 12 196
76.010000 13 196
76.010000 14 196
76.010000 15 196
76.010000 16 196
76.010000 17 196
76.010000 18 158
76.010000 19 196
77.010000 0 182
77.010000 1 200
77.010000 2 200
77.010000 3 178
77.010000 4 200
77.010000 5 200
77.010000 6 200
77.010000 7 100
77.010000 8 200
77.010000 9 200
77.010000 10 200
77.010000 11 180
77.010000 12 200
77.010000 13 200
77.010000 14 200
77.010000 15 200
77.010000 16 200
77.010000 17 200
77.010000 18 160
77.010000 19 200
78.010000 0 183
78.010000 1 203
78.010000 2 203
78.010000 3 181
78.010000 4 203
78.010000 5 203
78.010000 6 203
78.010000 7 102
78.010000 8 203
78.010000 9 203
78.010000 10 203
78.010000 11 183
78.010000 12 203
78.010000 13 203
78.010000 14 203
78.010000 15 203
78.010000 16 203
78.010000 17 203
78.010000 18 163
78.010000 19 203
79.010000 0 177
79.010000 1 197
79.010000 2 197
79.010000 3 181
79.010000 4 197
79.010000 5 197
79.010000 6 197
79.010000 7 98
79.010000 8 197
79.010000 9 197
79.010000 10 197
79.010000 11 173
79.010000 12 197
79.010000 13 197
79.010000 14 197
79.010000 15 197
79.010000 16 197
79.010000 17 197
79.010000 18 159
79.010000 19 197
80.010000 0 178
80.010000 1 196
80.010000 2 196
80.010000 3 176
80.010000 4 196
80.010000 5 196
80.010000 6 196
80.010000 7 98
80.010000 8 196
80.010000 9 196
80.010000 10 196
80.010000 11 174
80.010000 12 196
80.010000 13 196
80.010000 14 196
80.010000 15 196
80.010000 16 196
80.010000 17 196
80.010000 18 158
80.010000 19 196
81.010000 0 181
81.010000 1 199
81.010000 2 199
81.010000 3 177
81.010000 4 199
81.010000 5 199
81.010000 6 199
81.010000 7 99
81.010000 8 199
81.010000 9 199
81.010000 10 199
81.010000 11 179
81.010000 12 199
81.010000 13 199
81.010000 14 199
81.010000 15 199
81.010000 16 199
81.010000 17 199
81.010000 18 160
81.010000 19 199
82.010000 0 175
82.010000 1 193
82.010000 2 193
82.010000 3 173
82.010000 4 193
82.010000 5 193
82.010000 6 193
82.010000 7 97
82.010000 8 193
82.010000 9 193
82.010000 10 193
82.010000 11 173
82.010000 12 193
82.010000 13 193
82.010000 14 193
82.010000 15 193
82.010000 16 193
82.010000 17 193
82.010000 18 154
82.010000 19 193
83.010000 0 168
83.010000 1 188
83.010000 2 188
83.010000 3 170
83.010000 4 188
83.010000 5 188
83.010000 6 188
83.010000 7 94
83.010000 8 188
83.010000 9 188
83.010000 10 188
83.010000 11 170
83.010000 12 188
83.010000 13 188
83.010000 14 188
83.010000 15 188
83.010000 16 188
83.010000 17 188
83.010000 18 150
83.010000 19 188
84.010000 0 190
84.010000 1 212
84.010000 2 212
84.010000 3 192
84.010000 4 212
84.010000 5 212
84.010000 6 212
84.010000 7 106
84.010000 8 212
84.010000 9 212
84.010000 10 212
84.010000 11 190
84.010000 12 212
84.010000 13 212
84.010000 14 212
84.010000 15 212
84.010000 16 212
84.010000 17 212
84.010000 18 170
84.010000 19 212
85.010000 0 175
85.010000 1 195
85.010000 2 195
85.010000 3 177
85.010000 4 195
85.010000 5 195
85.010000 6 195
85.010000 7 97
85.010000 8 195
85.010000 9 195
85.010000 10 195
85.010000 11 173
85.010000 12 195
85.010000 13 195
85.010000 14 195
85.010000 15 195
85.010000 16 195
85.010000 17 195
85.010000 18 158
85.010000 19 195
86.010000 0 191
86.010000 1 209
86.010000 2 209
86.010000 3 185
86.010000 4 209
86.010000 5 209
86.010000 6 209
86.010000 7 105
86.010000 8 209
86.010000 9 209
86.010000 10 209
86.010000 11 189
86.010000 12 209
86.010000 13 209
86.010000 14 209
86.010000 15 209
86.010000 16 209
86.010000 17 209
86.010000 18 166
86.010000 19 209
87.010000 0 162
87.010000 1 180
87.010000 2 180
87.010000 3 162
87.010000 4 180
87.010000 5 180
87.010000 6 180
87.010000 7 90
87.010000 8 180
87.010000 9 180
87.010000 10 180
87.010000 11 162
87.010000 12 180
87.010000 13 180
87.010000 14 180
87.010000 15 180
87.010000 16 180
87.010000 17 180
87.010000 18 144
87.010000 19 180
88.010000 0 189
88.010000 1 211
88.010000 2 211
88.010000 3 193
88.010000 4 211
88.010000 5 211
88.010000 6 211
88.010000 7 105
88.010000 8 211
88.010000 9 211
88.010000 10 211
88.010000 11 186
88.010000 12 211
88.010000 13 211
88.010000 14 211
88.010000 15 211
88.010000 16 211
88.010000 17 211
88.010000 18 171
88.010000 19 211
89.010000 0 175
89.010000 1 197
89.010000 2 197
89.010000 3 179
89.010000 4 197
89.010000 5 197
89.010000 6 197
89.010000 7 99
89.010000 8 197
89.010000 9 197
89.010000 10 197
89.010000 11 178
89.010000 12 197
89.010000 13 197
89.010000 14 197
89.010000 15 197
89.010000 16 197
89.010000 17 197
89.010000 18 157
89.010000 19 197
90.010000 0 201
90.010000 1 223
90.010000 2 223
90.010000 3 201
90.010000 4 223
90.010000 5 223
90.010000 6 223
90.010000 7 111
90.010000 8 223
90.010000 9 223
90.010000 10 223
90.010000 11 199
90.010000 12 223
90.010000 13 223
90.010000 14 223
90.010000 15 223
90.010000 16 223
90.010000 17 223
90.010000 18 180
90.010000 19 223
91.010000 0 166
91.010000 1 188
91.010000 2 188
91.010000 3 170
91.010000 4 188
91.010000 5 188
91.010000 6 188
91.010000 7 95
91.010000 8 188
91.010000 9 188
91.010000 10 188
91.010000 11 172
91.010000 12 188
91.010000 13 188
91.010000 14 188
91.010000 15 188
91.010000 16 188
91.010000 17 188
91.010000 18 149
91.010000 19 188
92.010000 0 187
92.010000 1 209
92.010000 2 209
92.010000 3 189
92.010000 4 209
92.010000 5 209
92.010000 6 209
92.010000 7 104
92.010000 8 209
92.010000 9 209
92.010000 10 209
92.010000 11 191
92.010000 12 209
92.010000 13 209
92.010000 14 209
92.010000 15 209
92.010000 16 209
92.010000 17 209
92.010000 18 165
92.010000 19 209
93.010000 0 178
93.010000 1 196
93.010000 2 196
93.010000 3 174
93.010000 4 196
93.010000 5 196
93.010000 6 196
93.010000 7 98
93.010000 8 196
93.010000 9 196
93.010000 10 196
93.010000 11 178
93.010000 12 196
93.010000 13 196
93.010000 14 196
93.010000 15 196
93.010000 16 196
93.010000 17 196
93.010000 18 156
93.010000 19 196
94.010000 0 188
94.010000 1 208
94.010000 2 208
94.010000 3 186
94.010000 4 208
94.010000 5 208
94.010000 6 208
94.010000 7 104
94.010000 8 208
94.010000 9 208
94.010000 10 208
94.010000 11 188
94.010000 12 208
94.010000 13 208
94.010000 14 208
94.010000 15 208
94.010000 16 208
94.010000 17 208
94.010000 18 166
94.010000 19 208
95.010000 0 176
95.010000 1 196
95.010000 2 196
95.010000 3 176
95.010000 4 196
95.010000 5 196
95.010000 6 196
95.010000 7 98
95.010000 8 196
95.010000 9 196
95.010000 10 196
95.010000 11 178
95.010000 12 196
95.010000 13 196
95.010000 14 196
95.010000 15 196
95.010000 16 196
95.010000 17 196
95.010000 18 156
95.010000 19 196
96.010000 0 204
96.010000 1 224
96.010000 2 224
96.010000 3 200
96.010000 4 224
96.010000 5 224
96.010000 6 224
96.010000 7 112
96.010000 8 224
96.010000 9 224
96.010000 10 224
96.010000 11 200
96.010000 12 224
96.010000 13 224
96.010000 14 224
96.010000 15 224
96.010000 16 224
96.010000 17 224
96.010000 18 180
96.010000 19 224
97.010000 0 180
97.010000 1 196
97.010000 2 196
97.010000 3 172
97.010000 4 196
97.010000 5 196
97.010000 6 196
97.010000 7 98
97.010000 8 196
97.010000 9 196
97.010000 10 196
97.010000 11 178
97.010000 12 196
97.010000 13 196
97.010000 14 196
97.010000 15 196
97.010000 16 196
97.010000 17 196
97.010000 18 156
97.010000 19 196
98.010000 0 176
98.010000 1 200
98.010000 2 200
98.010000 3 184
98.010000 4 200
98.010000 5 200
98.010000 6 200
98.010000 7 100
98.010000 8 200
98.010000 9 200
98.010000 10 200
98.010000 11 180
98.010000 12 200
98.010000 13 200
98.010000 14 200
98.010000 15 200
98.010000 16 200
98.010000 17 200
98.010000 18 160
98.010000 19 200
99.010000 0 188
99.010000 1 208
99.010000 2 208
99.010000 3 186
99.010000 4 208
99.010000 5 208
99.010000 6 208
99.010000 7 104
99.010000 8 208
99.010000 9 208
99.010000 10 208
99.010000 11 188
99.010000 12 208
99.010000 13 208
99.010000 14 208
99.010000 15 208
99.010000 16 208
99.010000 17 208
99.010000 18 166
99.010000 19 208
100.010000 0 196
100.010000 1 216
100.010000 2 216
100.010000 3 192
100.010000 4 216
100.010000 5 216
100.010000 6 216
100.010000 7 108
100.010000 8 216
100.010000 9 216
100.010000 10 216
100.010000 11 196
100.010000 12 216
100.010000 13 216
100.010000 14 216
100.010000 15 216
100.010000 16 216
100.010000 17 216
100.010000 18 172
100.010000 19 216
101.010000 0 174
101.010000 1 192
101.010000 2 192
101.010000 3 172
101.010000 4 192
101.010000 5 192
101.010000 6 192
101.010000 7 96
101.010000 8 192
101.010000 9 192
101.010000 10 192
101.010000 11 172
101.010000 12 192
101.010000 13 192
101.010000 14 192
101.010000 15 192
101.010000 16 192
101.010000 17 192
101.010000 18 154
101.010000 19 192
102.010000 0 189
102.010000 1 207
102.010000 2 207
102.010000 3 183
102.010000 4 207
102.010000 5 207
102.010000 6 207
102.010000 7 104
102.010000 8 207
102.010000 9 207
102.010000 10 207
102.010000 11 185
102.010000 12 207
102.010000 13 207
102.010000 14 207
102.010000 15 207
102.010000 16 207
102.010000 17 207
102.010000 18 167
102.010000 19 207
103.010000 0 187
103.010000 1 205
103.010000 2 205
103.010000 3 183
103.010000 4 205
103.010000 5 205
103.010000 6 205
103.010000 7 102
103.010000 8 205
103.010000 9 205
103.010000 10 205
103.010000 11 185
103.010000 12 205
103.010000 13 205
103.010000 14 205
103.010000 15 205
103.010000 16 205
103.010000 17 205
103.010000 18 163
103.010000 19 205
104.010000 0 187
104.010000 1 207
104.010000 2 207
104.010000 3 185
104.010000 4 207
104.010000 5 207
104.010000 6 207
104.010000 7 103
104.010000 8 207
104.010000 9 207
104.010000 10 207
104.010000 11 187
104.010000 12 207
104.010000 13 207
104.010000 14 207
104.010000 15 207
104.010000 16 207
104.010000 17 207
104.010000 18 166
104.010000 19 207
105.010000 0 171
105.010000 1 189
105.010000 2 189
105.010000 3 169
105.010000 4 189
105.010000 5 189
105.010000 6 189
105.010000 7 95
105.010000 8 189
105.010000 9 189
105.010000 10 189
105.010000 11 171
105.010000 12 189
105.010000 13 189
105.010000 14 189
105.010000 15 189
105.010000 16 189
105.010000 17 189
105.010000 18 150
105.010000 19 189
106.010000 0 181
106.010000 1 202
106.010000 2 202
106.010000 3 182
106.010000 4 202
106.010000 5 202
106.010000 6 202
106.010000 7 101
106.010000 8 202
106.010000 9 202
106.010000 10 202
106.010000 11 182
106.010000 12 202
106.010000 13 202
106.010000 14 202
106.010000 15 202
106.010000 16 202
106.010000 17 202
106.010000 18 162
106.010000 19 202
107.010000 0 185
107.010000 1 206
107.010000 2 206
107.010000 3 186
107.010000 4 206
107.010000 5 206
107.010000 6 206
107.010000 7 103
107.010000 8 206
107.010000 9 206
107.010000 10 206
107.010000 11 186
107.010000 12 206
107.010000 13 206
107.010000 14 206
107.010000 15 206
107.010000 16 206
107.010000 17 206
107.010000 18 164
107.010000 19 206
108.010000 0 165
108.010000 1 183
108.010000 2 183
108.010000 3 165
108.010000 4 183
108.010000 5 183
108.010000 6 183
108.010000 7 91
108.010000 8 183
108.010000 9 183
108.010000 10 183
108.010000 11 164
108.010000 12 183
108.010000 13 183
108.010000 14 183
108.010000 15 183
108.010000 16 183
108.010000 17 183
108.010000 18 147
108.010000 19 183
109.010000 0 187
109.010000 1 209
109.010000 2 209
109.010000 3 189
109.010000 4 209
109.010000 5 209
109.010000 6 209
109.010000 7 105
109.010000 8 209
109.010000 9 209
109.010000 10 209
109.010000 11 188
109.010000 12 209
109.010000 13 209
109.010000 14 209
109.010000 15 209
109.010000 16 209
109.010000 17 209
109.010000 18 167
109.010000 19 209
110.010000 0 173
110.010000 1 191
110.010000 2 191
110.010000 3 171
110.010000 4 191
110.010000 5 191
110.010000 6 191
110.010000 7 95
110.010000 8 191
110.010000 9 191
110.010000 10 191
110.010000 11 171
110.010000 12 191
110.010000 13 191
110.010000 14 191
110.010000 15 191
110.010000 16 191
110.010000 17 191
110.010000 18 154
110.010000 19 191
111.010000 0 181
111.010000 1 201
111.010000 2 201
111.010000 3 181
111.010000 4 201
111.010000 5 201
111.010000 6 201
111.010000 7 101
111.010000 8 201
111.010000 9 201
111.010000 10 201
111.010000 11 181
111.010000 12 201
111.010000 13 201
111.010000 14 201
111.010000 15 201
111.010000 16 201
111.010000 17 201
111.010000 18 160
111.010000 19 201
112.010000 0 185
112.010000 1 203
112.010000 2 203
112.010000 3 179
112.010000 4 203
112.010000 5 203
112.010000 6 203
112.010000 7 102
112.010000 8 203
112.010000 9 203
112.010000 10 203
112.010000 11 183
112.010000 12 203
112.010000 13 203
112.010000 14 203
112.010000 15 203
112.010000 16 203
112.010000 17 203
112.010000 18 163
112.010000 19 203
113.010000 0 179
113.010000 1 197
113.010000 2 197
113.010000 3 177
113.010000 4 197
113.010000 5 197
113.010000 6 197
113.010000 7 98
113.010000 8 197
113.010000 9 197
113.010000 10 197
113.010000 11 177
113.010000 12 197
113.010000 13 197
113.010000 14 197
113.010000 15 197
113.010000 16 197
113.010000 17 197
113.010000 18 157
113.010000 19 197
114.010000 0 192
114.010000 1 216
114.010000 2 216
114.010000 3 194
114.010000 4 216
114.010000 5 216
114.010000 6 216
114.010000 7 108
114.010000 8 216
114.010000 9 216
114.010000 10 216
114.010000 11 198
114.010000 12 216
114.010000 13 216
114.010000 14 216
114.010000 15 216
114.010000 16 216
114.010000 17 216
114.010000 18 172
114.010000 19 216
115.010000 0 190
115.010000 1 212
115.010000 2 212
115.010000 3 190
115.010000 4 212
115.010000 5 212
115.010000 6 212
115.010000 7 106
115.010000 8 212
115.010000 9 212
115.010000 10 212
115.010000 11 196
115.010000 12 212
115.010000 13 212
115.010000 14 212
115.010000 15 212
115.010000 16 212
115.010000 17 212
115.010000 18 166
115.010000 19 212
116.010000 0 180
116.010000 1 200
116.010000 2 200
116.010000 3 180
116.010000 4 200
116.010000 5 200
116.010000 6 200
116.010000 7 100
116.010000 8 200
116.010000 9 200
116.010000 10 200
116.010000 11 180
116.010000 12 200
116.010000 13 200
116.010000 14 200
116.010000 15 200
116.010000 16 200
116.010000 17 200
116.010000 18 160
116.010000 19 200
117.010000 0 200
117.010000 1 220
117.010000 2 220
117.010000 3 196
117.010000 4 220
117.010000 5 220
117.010000 6 220
117.010000 7 110
117.010000 8 220
117.010000 9 220
117.010000 10 220
117.010000 11 198
117.010000 12 220
117.010000 13 220
117.010000 14 220
117.010000 15 220
117.010000 16 220
117.010000 17 220
117.010000 18 176
117.010000 19 220
118.010000 0 187
118.010000 1 211
118.010000 2 211
118.010000 3 189
118.010000 4 211
118.010000 5 211
118.010000 6 211
118.010000 7 106
118.010000 8 211
118.010000 9 211
118.010000 10 211
118.010000 11 195
118.010000 12 211
118.010000 13 211
118.010000 14 211
118.010000 15 211
118.010000 16 211
118.010000 17 211
118.010000 18 167
118.010000 19 211
119.010000 0 181
119.010000 1 201
119.010000 2 201
119.010000 3 183
119.010000 4 201
119.010000 5 201
119.010000 6 201
119.010000 7 100
119.010000 8 201
119.010000 9 201
119.010000 10 201
119.010000 11 179
119.010000 12 201
119.010000 13 201
119.010000 14 201
119.010000 15 201
119.010000 16 201
119.010000 17 201
119.010000 18 161
119.010000 19 201
120.010000 0 174
120.010000 1 192
120.010000 2 192
120.010000 3 172
120.010000 4 192
120.010000 5 192
120.010000 6 192
120.010000 7 96
120.010000 8 192
120.010000 9 192
120.010000 10 192
120.010000 11 172
120.010000 12 192
120.010000 13 192
120.010000 14 192
120.010000 15 192
120.010000 16 192
120.010000 17 192
120.010000 18 154
120.010000 19 192
121.010000 0 178
121.010000 1 200
121.010000 2 200
121.010000 3 180
121.010000 4 200
121.010000 5 200
121.010000 6 200
121.010000 7 100
121.010000 8 200
121.010000 9 200
121.010000 10 200
121.010000 11 184
121.010000 12 200
121.010000 13 200
121.010000 14 200
121.010000 15 200
121.010000 16 200
121.010000 17 200
121.010000 18 158
121.010000 19 200
122.010000 0 174
122.010000 1 192
122.010000 2 192
122.010000 3 172
122.010000 4 192
122.010000 5 192
122.010000 6 192
122.010000 7 96
122.010000 8 192
122.010000 9 192
122.010000 10 192
122.010000 11 172
122.010000 12 192
122.010000 13 192
122.010000 14 192
122.010000 15 192
122.010000 16 192
122.010000 17 192
122.010000 18 154
122.010000 19 192
123.010000 0 183
123.010000 1 203
123.010000 2 203
123.010000 3 181
123.010000 4 203
123.010000 5 203
123.010000 6 203
123.010000 7 101
123.010000 8 203
123.010000 9 203
123.010000 10 203
123.010000 11 185
123.010000 12 203
123.010000 13 203
123.010000 14 203
123.010000 15 203
123.010000 16 203
123.010000 17 203
123.010000 18 162
123.010000 19 203
124.010000 0 179
124.010000 1 201
124.010000 2 201
124.010000 3 183
124.010000 4 201
124.010000 5 201
124.010000 6 201
124.010000 7 101
124.010000 8 201
124.010000 9 201
124.010000 10 201
124.010000 11 181
124.010000 12 201
124.010000 13 201
124.010000 14 201
124.010000 15 201
124.010000 16 201
124.010000 17 201
124.010000 18 160
124.010000 19 201
125.010000 0 168
125.010000 1 188
125.010000 2 188
125.010000 3 170
125.010000 4 188
125.010000 5 188
125.010000 6 188
125.010000 7 94
125.010000 8 188
125.010000 9 188
125.010000 10 188
125.010000 11 170
125.010000 12 188
125.010000 13 188
125.010000 14 188
125.010000 15 188
125.010000 16 188
125.010000 17 188
125.010000 18 150
125.010000 19 188
126.010000 0 166
126.010000 1 184
126.010000 2 184
126.010000 3 166
126.010000 4 184
126.010000 5 184
126.010000 6 184
126.010000 7 92
126.010000 8 184
126.010000 9 184
126.010000 10 184
126.010000 11 164
126.010000 12 184
126.010000 13 184
126.010000 14 184
126.010000 15 184
126.010000 16 184
126.010000 17 184
126.010000 18 148
126.010000 19 184
127.010000 0 186
127.010000 1 208
127.010000 2 208
127.010000 3 188
127.010000 4 208
127.010000 5 208
127.010000 6 208
127.010000 7 104
127.010000 8 208
127.010000 9 208
127.010000 10 208
127.010000 11 188
127.010000 12 208
127.010000 13 208
127.010000 14 208
127.010000 15 208
127.010000 16 208
127.010000 17 208
127.010000 18 166
127.010000 19 208
128.010000 0 170
128.010000 1 188
128.010000 2 188
128.010000 3 170
128.010000 4 188
128.010000 5 188
128.010000 6 188
128.010000 7 94
128.010000 8 188
128.010000 9 188
128.010000 10 188
128.010000 11 166
128.010000 12 188
128.010000 13 188
128.010000 14 188
128.010000 15 188
128.010000 16 188
128.010000 17 188
128.010000 18 152
128.010000 19 188
129.010000 0 170
129.010000 1 188
129.010000 2 188
129.010000 3 168
129.010000 4 188
129.010000 5 188
129.010000 6 188
129.010000 7 94
129.010000 8 188
129.010000 9 188
129.010000 10 188
129.010000 11 170
129.010000 12 188
129.010000 13 188
129.010000 14 188
129.010000 15 188
129.010000 16 188
129.010000 17 188
129.010000 18 150
129.010000 19 188
130.010000 0 173
130.010000 1 193
130.010000 2 193
130.010000 3 175
130.010000 4 193
130.010000 5 193
130.010000 6 193
130.010000 7 96
130.010000 8 193
130.010000 9 193
130.010000 10 193
130.010000 11 171
130.010000 12 193
130.010000 13 193
130.010000 14 193
130.010000 15 193
130.010000 16 193
130.010000 17 193
130.010000 18 157
130.010000 19 193
131.010000 0 169
131.010000 1 187
131.010000 2 187
131.010000 3 169
131.010000 4 187
131.010000 5 187
131.010000 6 187
131.010000 7 94
131.010000 8 187
131.010000 9 187
131.010000 10 187
131.010000 11 167
131.010000 12 187
131.010000 13 187
131.010000 14 187
131.010000 15 187
131.010000 16 187
131.010000 17 187
131.010000 18 149
131.010000 19 187
132.010000 0 186
132.010000 1 204
132.010000 2 204
132.010000 3 182
132.010000 4 204
132.010000 5 204
132.010000 6 204
132.010000 7 102
132.010000 8 204
132.010000 9 204
132.010000 10 204
132.010000 11 182
132.010000 12 204
132.010000 13 204
132.010000 14 204
132.010000 15 204
132.010000 16 204
132.010000 17 204
132.010000 18 164
132.010000 19 204
133.010000 0 179
133.010000 1 199
133.010000 2 199
133.010000 3 177
133.010000 4 199
133.010000 5 199
133.010000 6 199
133.010000 7 100
133.010000 8 199
133.010000 9 199
133.010000 10 199
133.010000 11 179
133.010000 12 199
133.010000 13 199
133.010000 14 199
133.010000 15 199
133.010000 16 199
133.010000 17 199
133.010000 18 161
133.010000 19 199
134.010000 0 209
134.010000 1 233
134.010000 2 233
134.010000 3 211
134.010000 4 233
134.010000 5 233
134.010000 6 233
134.010000 7 116
134.010000 8 233
134.010000 9 233
134.010000 10 233
134.010000 11 213
134.010000 12 233
134.010000 13 233
134.010000 14 233
134.010000 15 233
134.010000 16 233
134.010000 17 233
134.010000 18 183
134.010000 19 233
135.010000 0 187
135.010000 1 207
135.010000 2 207
135.010000 3 185
135.010000 4 207
135.010000 5 207
135.010000 6 207
135.010000 7 103
135.010000 8 207
135.010000 9 207
135.010000 10 207
135.010000 11 187
135.010000 12 207
135.010000 13 207
135.010000 14 207
135.010000 15 207
135.010000 16 207
135.010000 17 207
135.010000 18 166
135.010000 19 207
136.010000 0 162
136.010000 1 180
136.010000 2 180
136.010000 3 162
136.010000 4 180
136.010000 5 180
136.010000 6 180
136.010000 7 90
136.010000 8 180
136.010000 9 180
136.010000 10 180
136.010000 11 162
136.010000 12 180
136.010000 13 180
136.010000 14 180
136.010000 15 180
136.010000 16 180
136.010000 17 180
136.010000 18 144
136.010000 19 180
137.010000 0 183
137.010000 1 205
137.010000 2 205
137.010000 3 187
137.010000 4 205
137.010000 5 205
137.010000 6 205
137.010000 7 103
137.010000 8 205
137.010000 9 205
137.010000 10 205
137.010000 11 183
137.010000 12 205
137.010000 13 205
137.010000 14 205
137.010000 15 205
137.010000 16 205
137.010000 17 205
137.010000 18 164
137.010000 19 205
138.010000 0 189
138.010000 1 207
138.010000 2 207
138.010000 3 183
138.010000 4 207
138.010000 5 207
138.010000 6 207
138.010000 7 104
138.010000 8 207
138.010000 9 207
138.010000 10 207
138.010000 11 185
138.010000 12 207
138.010000 13 207
138.010000 14 207
138.010000 15 207
138.010000 16 207
138.010000 17 207
138.010000 18 167
138.010000 19 207
139.010000 0 194
139.010000 1 212
139.010000 2 212
139.010000 3 190
139.010000 4 212
139.010000 5 212
139.010000 6 212
139.010000 7 105
139.010000 8 212
139.010000 9 212
139.010000 10 212
139.010000 11 189
139.010000 12 212
139.010000 13 212
139.010000 14 212
139.010000 15 212
139.010000 16 212
139.010000 17 212
139.010000 18 170
139.010000 19 212
140.010000 0 183
140.010000 1 201
140.010000 2 201
140.010000 3 177
140.010000 4 201
140.010000 5 201
140.010000 6 201
140.010000 7 101
140.010000 8 201
140.010000 9 201
140.010000 10 201
140.010000 11 184
140.010000 12 201
140.010000 13 201
140.010000 14 201
140.010000 15 201
140.010000 16 201
140.010000 17 201
140.010000 18 159
140.010000 19 201
141.010000 0 194
141.010000 1 216
141.010000 2 216
141.010000 3 194
141.010000 4 216
141.010000 5 216
141.010000 6 216
141.010000 7 108
141.010000 8 216
141.010000 9 216
141.010000 10 216
141.010000 11 196
141.010000 12 216
141.010000 13 216
141.010000 14 216
141.010000 15 216
141.010000 16 216
141.010000 17 216
141.010000 18 172
141.010000 19 216
142.010000 0 180
142.010000 1 200
142.010000 2 200
142.010000 3 180
142.010000 4 200
142.010000 5 200
142.010000 6 200
142.010000 7 100
142.010000 8 200
142.010000 9 200
142.010000 10 200
142.010000 11 180
142.010000 12 200
142.010000 13 200
142.010000 14 200
142.010000 15 200
142.010000 16 200
142.010000 17 200
142.010000 18 160
142.010000 19 200
143.010000 0 182
143.010000 1 204
143.010000 2 204
143.010000 3 184
143.010000 4 204
143.010000 5 204
143.010000 6 204
143.010000 7 102
143.010000 8 204
143.010000 9 204
143.010000 10 204
143.010000 11 186
143.010000 12 204
143.010000 13 204
143.010000 14 204
143.010000 15 204
143.010000 16 204
143.010000 17 204
143.010000 18 162
143.010000 19 204
144.010000 0 176
144.010000 1 196
144.010000 2 196
144.010000 3 178
144.010000 4 196
144.010000 5 196
144.010000 6 196
144.010000 7 98
144.010000 8 196
144.010000 9 196
144.010000 10 196
144.010000 11 174
144.010000 12 196
144.010000 13 196
144.010000 14 196
144.010000 15 196
144.010000 16 196
144.010000 17 196
144.010000 18 158
144.010000 19 196
145.010000 0 151
145.010000 1 171
145.010000 2 171
145.010000 3 155
145.010000 4 171
145.010000 5 171
145.010000 6 171
145.010000 7 86
145.010000 8 171
145.010000 9 171
145.010000 10 171
145.010000 11 155
145.010000 12 171
145.010000 13 171
145.010000 14 171
145.010000 15 171
145.010000 16 171
145.010000 17 171
145.010000 18 137
145.010000 19 171
146.010000 0 188
146.010000 1 204
146.010000 2 204
146.010000 3 180
146.010000 4 204
146.010000 5 204
146.010000 6 204
146.010000 7 102
146.010000 8 204
146.010000 9 204
146.010000 10 204
146.010000 11 182
146.010000 12 204
146.010000 13 204
146.010000 14 204
146.010000 15 204
146.010000 16 204
146.010000 17 204
146.010000 18 164
146.010000 19 204
147.010000 0 193
147.010000 1 213
147.010000 2 213
147.010000 3 191
147.010000 4 213
147.010000 5 213
147.010000 6 213
147.010000 7 106
147.010000 8 213
147.010000 9 213
147.010000 10 213
147.010000 11 193
147.010000 12 213
147.010000 13 213
147.010000 14 213
147.010000 15 213
147.010000 16 213
147.010000 17 213
147.010000 18 169
147.010000 19 213
148.010000 0 201
148.010000 1 223
148.010000 2 223
148.010000 3 199
148.010000 4 223
148.010000 5 223
148.010000 6 223
148.010000 7 111
148.010000 8 223
148.010000 9 223
148.010000 10 223
148.010000 11 203
148.010000 12 223
148.010000 13 223
148.010000 14 223
148.010000 15 223
148.010000 16 223
148.010000 17 223
148.010000 18 178
148.010000 19 223
149.010000 0 183
149.010000 1 205
149.010000 2 205
149.010000 3 187
149.010000 4 205
149.010000 5 205
149.010000 6 205
149.010000 7 103
149.010000 8 205
149.010000 9 205
149.010000 10 205
149.010000 11 183
149.010000 12 205
149.010000 13 205
149.010000 14 205
149.010000 15 205
149.010000 16 205
149.010000 17 205
149.010000 18 164
149.010000 19 205
