0.010000 0 0
0.010000 1 0
0.010000 2 0
0.010000 3 0
0.010000 4 0
0.010000 5 0
0.010000 6 0
0.010000 7 0
0.010000 8 0
1.010000 0 0
1.010000 1 0
1.010000 2 0
1.010000 3 0
1.010000 4 0
1.010000 5 0
1.010000 6 0
1.010000 7 0
1.010000 8 0
2.010000 0 0
2.010000 1 0
2.010000 2 0
2.010000 3 0
2.010000 4 0
2.010000 5 0
2.010000 6 0
2.010000 7 0
2.010000 8 0
3.010000 0 0
3.010000 1 0
3.010000 2 0
3.010000 3 0
3.010000 4 0
3.010000 5 0
3.010000 6 0
3.010000 7 0
3.010000 8 0
4.010000 0 0
4.010000 1 0
4.010000 2 0
4.010000 3 0
4.010000 4 0
4.010000 5 0
4.010000 6 0
4.010000 7 0
4.010000 8 0
5.010000 0 0
5.010000 1 0
5.010000 2 0
5.010000 3 0
5.010000 4 0
5.010000 5 0
5.010000 6 0
5.010000 7 0
5.010000 8 0
6.010000 0 0
6.010000 1 0
6.010000 2 0
6.010000 3 0
6.010000 4 0
6.010000 5 0
6.010000 6 0
6.010000 7 0
6.010000 8 0
7.010000 0 0
7.010000 1 0
7.010000 2 0
7.010000 3 0
7.010000 4 0
7.010000 5 0
7.010000 6 0
7.010000 7 0
7.010000 8 0
8.010000 0 0
8.010000 1 0
8.010000 2 0
8.010000 3 0
8.010000 4 0
8.010000 5 0
8.010000 6 0
8.010000 7 0
8.010000 8 0
9.010000 0 0
9.010000 1 0
9.010000 2 0
9.010000 3 0
9.010000 4 0
9.010000 5 0
9.010000 6 0
9.010000 7 0
9.010000 8 0
10.010000 0 0
10.010000 1 0
10.010000 2 0
10.010000 3 0
10.010000 4 0
10.010000 5 0
10.010000 6 0
10.010000 7 0
10.010000 8 0
11.010000 0 0
11.010000 1 0
11.010000 2 0
11.010000 3 0
11.010000 4 0
11.010000 5 0
11.010000 6 0
11.010000 7 0
11.010000 8 0
12.010000 0 0
12.010000 1 0
12.010000 2 0
12.010000 3 0
12.010000 4 0
12.010000 5 0
12.010000 6 0
12.010000 7 0
12.010000 8 0
13.010000 0 0
13.010000 1 0
13.010000 2 0
13.010000 3 0
13.010000 4 0
13.010000 5 0
13.010000 6 0
13.010000 7 0
13.010000 8 0
14.010000 0 0
14.010000 1 0
14.010000 2 0
14.010000 3 0
14.010000 4 0
14.010000 5 0
14.010000 6 0
14.010000 7 0
14.010000 8 0
15.010000 0 0
15.010000 1 1
15.010000 2 1
15.010000 3 1
15.010000 4 1
15.010000 5 1
15.010000 6 1
15.010000 7 1
15.010000 8 0
16.010000 0 504
16.010000 1 607
16.010000 2 602
16.010000 3 413
16.010000 4 423
16.010000 5 607
16.010000 6 602
16.010000 7 516
16.010000 8 504
17.010000 0 511
17.010000 1 624
17.010000 2 624
17.010000 3 409
17.010000 4 424
17.010000 5 624
17.010000 6 624
17.010000 7 528
17.010000 8 511
18.010000 0 569
18.010000 1 674
18.010000 2 674
18.010000 3 457
18.010000 4 442
18.010000 5 674
18.010000 6 674
18.010000 7 554
18.010000 8 569
19.010000 0 528
19.010000 1 644
19.010000 2 644
19.010000 3 422
19.010000 4 438
19.010000 5 644
19.010000 6 644
19.010000 7 544
19.010000 8 528
20.010000 0 559
20.010000 1 657
20.010000 2 657
20.010000 3 448
20.010000 4 427
20.010000 5 657
20.010000 6 657
20.010000 7 537
20.010000 8 559
21.010000 0 554
21.010000 1 669
21.010000 2 669
21.010000 3 440
21.010000 4 449
21.010000 5 669
21.010000 6 669
21.010000 7 564
21.010000 8 554
22.010000 0 539
22.010000 1 650
22.010000 2 650
22.010000 3 433
22.010000 4 437
22.010000 5 650
22.010000 6 650
22.010000 7 541
22.010000 8 539
23.010000 0 562
23.010000 1 666
23.010000 2 666
23.010000 3 449
23.010000 4 437
23.010000 5 666
23.010000 6 666
23.010000 7 550
23.010000 8 562
24.010000 0 562
24.010000 1 686
24.010000 2 686
24.010000 3 451
24.010000 4 467
24.010000 5 686
24.010000 6 686
24.010000 7 578
24.010000 8 562
25.010000 0 530
25.010000 1 640
25.010000 2 640
25.010000 3 423
25.010000 4 429
25.010000 5 640
25.010000 6 640
25.010000 7 538
25.010000 8 530
26.010000 0 546
26.010000 1 656
26.010000 2 656
26.010000 3 442
26.010000 4 438
26.010000 5 656
26.010000 6 656
26.010000 7 542
26.010000 8 546
27.010000 0 554
27.010000 1 663
27.010000 2 663
27.010000 3 435
27.010000 4 441
27.010000 5 663
27.010000 6 663
27.010000 7 559
27.010000 8 554
28.010000 0 539
28.010000 1 646
28.010000 2 646
28.010000 3 441
28.010000 4 430
28.010000 5 646
28.010000 6 646
28.010000 7 528
28.010000 8 539
29.010000 0 573
29.010000 1 687
29.010000 2 687
29.010000 3 453
29.010000 4 457
29.010000 5 687
29.010000 6 687
29.010000 7 578
29.010000 8 573
30.010000 0 560
30.010000 1 664
30.010000 2 664
30.010000 3 446
30.010000 4 437
30.010000 5 664
30.010000 6 664
30.010000 7 549
30.010000 8 560
31.010000 0 535
31.010000 1 654
31.010000 2 654
31.010000 3 429
31.010000 4 446
31.010000 5 654
31.010000 6 654
31.010000 7 552
31.010000 8 535
32.010000 0 562
32.010000 1 664
32.010000 2 664
32.010000 3 451
32.010000 4 433
32.010000 5 664
32.010000 6 664
32.010000 7 546
32.010000 8 562
33.010000 0 538
33.010000 1 672
33.010000 2 672
33.010000 3 436
33.010000 4 470
33.010000 5 672
33.010000 6 672
33.010000 7 572
33.010000 8 538
34.010000 0 550
34.010000 1 652
34.010000 2 652
34.010000 3 438
34.010000 4 428
34.010000 5 652
34.010000 6 652
34.010000 7 540
34.010000 8 550
35.010000 0 530
35.010000 1 640
35.010000 2 640
35.010000 3 421
35.010000 4 431
35.010000 5 640
35.010000 6 640
35.010000 7 538
35.010000 8 530
36.010000 0 542
36.010000 1 648
36.010000 2 648
36.010000 3 432
36.010000 4 429
36.010000 5 648
36.010000 6 648
36.010000 7 541
36.010000 8 542
37.010000 0 542
37.010000 1 648
37.010000 2 648
37.010000 3 432
37.010000 4 431
37.010000 5 648
37.010000 6 648
37.010000 7 539
37.010000 8 542
38.010000 0 567
38.010000 1 677
38.010000 2 677
38.010000 3 459
38.010000 4 448
38.010000 5 677
38.010000 6 677
38.010000 7 557
38.010000 8 567
39.010000 0 561
39.010000 1 677
39.010000 2 677
39.010000 3 448
39.010000 4 455
39.010000 5 677
39.010000 6 677
39.010000 7 567
39.010000 8 561
40.010000 0 547
40.010000 1 660
40.010000 2 660
40.010000 3 437
40.010000 4 442
40.010000 5 660
40.010000 6 660
40.010000 7 554
40.010000 8 547
41.010000 0 522
41.010000 1 628
41.010000 2 628
41.010000 3 420
41.010000 4 420
41.010000 5 628
41.010000 6 628
41.010000 7 522
41.010000 8 522
42.010000 0 570
42.010000 1 680
42.010000 2 680
42.010000 3 456
42.010000 4 450
42.010000 5 680
42.010000 6 680
42.010000 7 564
42.010000 8 570
43.010000 0 536
43.010000 1 652
43.010000 2 652
43.010000 3 427
43.010000 4 443
43.010000 5 652
43.010000 6 652
43.010000 7 550
43.010000 8 536
44.010000 0 571
44.010000 1 674
44.010000 2 674
44.010000 3 458
44.010000 4 439
44.010000 5 674
44.010000 6 674
44.010000 7 554
44.010000 8 571
45.010000 0 533
45.010000 1 646
45.010000 2 646
45.010000 3 426
45.010000 4 436
45.010000 5 646
45.010000 6 646
45.010000 7 543
45.010000 8 533
46.010000 0 552
46.010000 1 664
46.010000 2 664
46.010000 3 442
46.010000 4 445
46.010000 5 664
46.010000 6 664
46.010000 7 553
46.010000 8 552
47.010000 0 536
47.010000 1 648
47.010000 2 648
47.010000 3 433
47.010000 4 435
47.010000 5 648
47.010000 6 648
47.010000 7 540
47.010000 8 536
48.010000 0 534
48.010000 1 640
48.010000 2 640
48.010000 3 425
48.010000 4 426
48.010000 5 640
48.010000 6 640
48.010000 7 535
48.010000 8 534
49.010000 0 570
49.010000 1 684
49.010000 2 684
49.010000 3 459
49.010000 4 456
49.010000 5 684
49.010000 6 684
49.010000 7 567
49.010000 8 570
50.010000 0 560
50.010000 1 668
50.010000 2 668
50.010000 3 444
50.010000 4 442
50.010000 5 668
50.010000 6 668
50.010000 7 558
50.010000 8 560
51.010000 0 528
51.010000 1 640
51.010000 2 640
51.010000 3 425
51.010000 4 432
51.010000 5 640
51.010000 6 640
51.010000 7 535
51.010000 8 528
52.010000 0 563
52.010000 1 664
52.010000 2 664
52.010000 3 448
52.010000 4 434
52.010000 5 664
52.010000 6 664
52.010000 7 547
52.010000 8 563
53.010000 0 531
53.010000 1 649
53.010000 2 649
53.010000 3 431
53.010000 4 442
53.010000 5 649
53.010000 6 649
53.010000 7 543
53.010000 8 531
54.010000 0 559
54.010000 1 670
54.010000 2 670
54.010000 3 442
54.010000 4 447
54.010000 5 670
54.010000 6 670
54.010000 7 562
54.010000 8 559
55.010000 0 558
55.010000 1 672
55.010000 2 672
55.010000 3 446
55.010000 4 450
55.010000 5 672
55.010000 6 672
55.010000 7 562
55.010000 8 558
56.010000 0 543
56.010000 1 643
56.010000 2 643
56.010000 3 437
56.010000 4 421
56.010000 5 643
56.010000 6 643
56.010000 7 528
56.010000 8 543
57.010000 0 560
57.010000 1 681
57.010000 2 681
57.010000 3 449
57.010000 4 461
57.010000 5 681
57.010000 6 681
57.010000 7 573
57.010000 8 560
58.010000 0 547
58.010000 1 660
58.010000 2 660
58.010000 3 444
58.010000 4 442
58.010000 5 660
58.010000 6 660
58.010000 7 547
58.010000 8 547
59.010000 0 532
59.010000 1 644
59.010000 2 644
59.010000 3 429
59.010000 4 434
59.010000 5 644
59.010000 6 644
59.010000 7 537
59.010000 8 532
60.010000 0 557
60.010000 1 658
60.010000 2 658
60.010000 3 438
60.010000 4 431
60.010000 5 658
60.010000 6 658
60.010000 7 548
60.010000 8 557
61.010000 0 547
61.010000 1 662
61.010000 2 662
61.010000 3 447
61.010000 4 446
61.010000 5 662
61.010000 6 662
61.010000 7 546
61.010000 8 547
62.010000 0 565
62.010000 1 678
62.010000 2 678
62.010000 3 443
62.010000 4 452
62.010000 5 678
62.010000 6 678
62.010000 7 574
62.010000 8 565
63.010000 0 552
63.010000 1 663
63.010000 2 663
63.010000 3 446
63.010000 4 442
63.010000 5 663
63.010000 6 663
63.010000 7 549
63.010000 8 552
64.010000 0 540
64.010000 1 644
64.010000 2 644
64.010000 3 429
64.010000 4 426
64.010000 5 644
64.010000 6 644
64.010000 7 537
64.010000 8 540
65.010000 0 549
65.010000 1 661
65.010000 2 661
65.010000 3 446
65.010000 4 442
65.010000 5 661
65.010000 6 661
65.010000 7 546
65.010000 8 549
66.010000 0 546
66.010000 1 656
66.010000 2 656
66.010000 3 435
66.010000 4 438
66.010000 5 656
66.010000 6 656
66.010000 7 549
66.010000 8 546
67.010000 0 559
67.010000 1 670
67.010000 2 670
67.010000 3 450
67.010000 4 447
67.010000 5 670
67.010000 6 670
67.010000 7 554
67.010000 8 559
68.010000 0 535
68.010000 1 656
68.010000 2 656
68.010000 3 426
68.010000 4 449
68.010000 5 656
68.010000 6 656
68.010000 7 558
68.010000 8 535
69.010000 0 561
69.010000 1 672
69.010000 2 672
69.010000 3 455
69.010000 4 446
69.010000 5 672
69.010000 6 672
69.010000 7 554
69.010000 8 561
70.010000 0 535
70.010000 1 634
70.010000 2 634
70.010000 3 429
70.010000 4 417
70.010000 5 634
70.010000 6 634
70.010000 7 521
70.010000 8 535
71.010000 0 549
71.010000 1 664
71.010000 2 664
71.010000 3 433
71.010000 4 447
71.010000 5 664
71.010000 6 664
71.010000 7 563
71.010000 8 549
72.010000 0 557
72.010000 1 663
72.010000 2 663
72.010000 3 453
72.010000 4 437
72.010000 5 663
72.010000 6 663
72.010000 7 542
72.010000 8 557
73.010000 0 549
73.010000 1 660
73.010000 2 660
73.010000 3 437
73.010000 4 441
73.010000 5 660
73.010000 6 660
73.010000 7 553
73.010000 8 549
74.010000 0 559
74.010000 1 676
74.010000 2 676
74.010000 3 449
74.010000 4 455
74.010000 5 676
74.010000 6 676
74.010000 7 565
74.010000 8 559
75.010000 0 545
75.010000 1 649
75.010000 2 649
75.010000 3 435
75.010000 4 428
75.010000 5 649
75.010000 6 649
75.010000 7 539
75.010000 8 545
76.010000 0 570
76.010000 1 688
76.010000 2 688
76.010000 3 458
76.010000 4 463
76.010000 5 688
76.010000 6 688
76.010000 7 573
76.010000 8 570
77.010000 0 561
77.010000 1 669
77.010000 2 669
77.010000 3 449
77.010000 4 440
77.010000 5 669
77.010000 6 669
77.010000 7 557
77.010000 8 561
78.010000 0 534
78.010000 1 659
78.010000 2 659
78.010000 3 435
78.010000 4 454
78.010000 5 659
78.010000 6 659
78.010000 7 554
78.010000 8 534
79.010000 0 528
79.010000 1 621
79.010000 2 621
79.010000 3 416
79.010000 4 404
79.010000 5 621
79.010000 6 621
79.010000 7 515
79.010000 8 528
80.010000 0 563
80.010000 1 684
80.010000 2 684
80.010000 3 456
80.010000 4 463
80.010000 5 684
80.010000 6 684
80.010000 7 570
80.010000 8 563
81.010000 0 541
81.010000 1 638
81.010000 2 638
81.010000 3 430
81.010000 4 416
81.010000 5 638
81.010000 6 638
81.010000 7 527
81.010000 8 541
82.010000 0 570
82.010000 1 687
82.010000 2 687
82.010000 3 458
82.010000 4 461
82.010000 5 687
82.010000 6 687
82.010000 7 572
82.010000 8 570
83.010000 0 560
83.010000 1 675
83.010000 2 675
83.010000 3 448
83.010000 4 453
83.010000 5 675
83.010000 6 675
83.010000 7 564
83.010000 8 560
84.010000 0 548
84.010000 1 659
84.010000 2 659
84.010000 3 437
84.010000 4 441
84.010000 5 659
84.010000 6 659
84.010000 7 551
84.010000 8 548
85.010000 0 555
85.010000 1 660
85.010000 2 660
85.010000 3 445
85.010000 4 434
85.010000 5 660
85.010000 6 660
85.010000 7 546
85.010000 8 555
86.010000 0 533
86.010000 1 648
86.010000 2 648
86.010000 3 427
86.010000 4 440
86.010000 5 648
86.010000 6 648
86.010000 7 544
86.010000 8 533
87.010000 0 573
87.010000 1 685
87.010000 2 685
87.010000 3 457
87.010000 4 454
87.010000 5 685
87.010000 6 685
87.010000 7 571
87.010000 8 573
88.010000 0 550
88.010000 1 664
88.010000 2 664
88.010000 3 441
88.010000 4 446
88.010000 5 664
88.010000 6 664
88.010000 7 555
88.010000 8 550
89.010000 0 532
89.010000 1 632
89.010000 2 632
89.010000 3 421
89.010000 4 417
89.010000 5 632
89.010000 6 632
89.010000 7 526
89.010000 8 532
90.010000 0 564
90.010000 1 678
90.010000 2 678
90.010000 3 455
90.010000 4 452
90.010000 5 678
90.010000 6 678
90.010000 7 563
90.010000 8 564
91.010000 0 528
91.010000 1 646
91.010000 2 646
91.010000 3 422
91.010000 4 441
91.010000 5 646
91.010000 6 646
91.010000 7 547
91.010000 8 528
92.010000 0 575
92.010000 1 681
92.010000 2 681
92.010000 3 461
92.010000 4 446
92.010000 5 681
92.010000 6 681
92.010000 7 561
92.010000 8 575
93.010000 0 524
93.010000 1 634
93.010000 2 634
93.010000 3 421
93.010000 4 427
93.010000 5 634
93.010000 6 634
93.010000 7 530
93.010000 8 524
94.010000 0 582
94.010000 1 690
94.010000 2 690
94.010000 3 461
94.010000 4 454
94.010000 5 690
94.010000 6 690
94.010000 7 573
94.010000 8 582
95.010000 0 522
95.010000 1 622
95.010000 2 622
95.010000 3 423
95.010000 4 411
95.010000 5 622
95.010000 6 622
95.010000 7 510
95.010000 8 522
96.010000 0 574
96.010000 1 695
96.010000 2 695
96.010000 3 454
96.010000 4 470
96.010000 5 695
96.010000 6 695
96.010000 7 587
96.010000 8 574
97.010000 0 548
97.010000 1 658
97.010000 2 658
97.010000 3 437
97.010000 4 439
97.010000 5 658
97.010000 6 658
97.010000 7 550
97.010000 8 548
98.010000 0 550
98.010000 1 663
98.010000 2 663
98.010000 3 440
98.010000 4 445
98.010000 5 663
98.010000 6 663
98.010000 7 554
98.010000 8 550
99.010000 0 546
99.010000 1 653
99.010000 2 653
99.010000 3 435
99.010000 4 432
99.010000 5 653
99.010000 6 653
99.010000 7 546
99.010000 8 546
100.010000 0 531
100.010000 1 645
100.010000 2 645
100.010000 3 427
100.010000 4 437
100.010000 5 645
100.010000 6 645
100.010000 7 540
100.010000 8 531
101.010000 0 559
101.010000 1 667
101.010000 2 667
101.010000 3 449
101.010000 4 442
101.010000 5 667
101.010000 6 667
101.010000 7 551
101.010000 8 559
102.010000 0 555
102.010000 1 670
102.010000 2 670
102.010000 3 441
102.010000 4 450
102.010000 5 670
102.010000 6 670
102.010000 7 564
102.010000 8 555
103.010000 0 538
103.010000 1 636
103.010000 2 636
103.010000 3 430
103.010000 4 415
103.010000 5 636
103.010000 6 636
103.010000 7 525
103.010000 8 538
104.010000 0 551
104.010000 1 666
104.010000 2 666
104.010000 3 439
104.010000 4 448
104.010000 5 666
104.010000 6 666
104.010000 7 560
104.010000 8 551
105.010000 0 550
105.010000 1 659
105.010000 2 659
105.010000 3 440
105.010000 4 440
105.010000 5 659
105.010000 6 659
105.010000 7 547
105.010000 8 550
106.010000 0 556
106.010000 1 668
106.010000 2 668
106.010000 3 449
106.010000 4 445
106.010000 5 668
106.010000 6 668
106.010000 7 554
106.010000 8 556
107.010000 0 553
107.010000 1 666
107.010000 2 666
107.010000 3 444
107.010000 4 446
107.010000 5 666
107.010000 6 666
107.010000 7 555
107.010000 8 553
108.010000 0 548
108.010000 1 656
108.010000 2 656
108.010000 3 436
108.010000 4 437
108.010000 5 656
108.010000 6 656
108.010000 7 547
108.010000 8 548
109.010000 0 552
109.010000 1 664
109.010000 2 664
109.010000 3 443
109.010000 4 443
109.010000 5 664
109.010000 6 664
109.010000 7 554
109.010000 8 552
110.010000 0 537
110.010000 1 648
110.010000 2 648
110.010000 3 431
110.010000 4 435
110.010000 5 648
110.010000 6 648
110.010000 7 541
110.010000 8 537
111.010000 0 560
111.010000 1 670
111.010000 2 670
111.010000 3 445
111.010000 4 446
111.010000 5 670
111.010000 6 670
111.010000 7 559
111.010000 8 560
112.010000 0 565
112.010000 1 682
112.010000 2 682
112.010000 3 459
112.010000 4 454
112.010000 5 682
112.010000 6 682
112.010000 7 568
112.010000 8 565
113.010000 0 543
113.010000 1 653
113.010000 2 653
113.010000 3 432
113.010000 4 437
113.010000 5 653
113.010000 6 653
113.010000 7 547
113.010000 8 543
114.010000 0 534
114.010000 1 648
114.010000 2 648
114.010000 3 429
114.010000 4 437
114.010000 5 648
114.010000 6 648
114.010000 7 544
114.010000 8 534
115.010000 0 552
115.010000 1 662
115.010000 2 662
115.010000 3 439
115.010000 4 442
115.010000 5 662
115.010000 6 662
115.010000 7 553
115.010000 8 552
116.010000 0 542
116.010000 1 646
116.010000 2 646
116.010000 3 440
116.010000 4 426
116.010000 5 646
116.010000 6 646
116.010000 7 530
116.010000 8 542
117.010000 0 565
117.010000 1 686
117.010000 2 686
117.010000 3 452
117.010000 4 464
117.010000 5 686
117.010000 6 686
117.010000 7 577
117.010000 8 565
118.010000 0 546
118.010000 1 649
118.010000 2 649
118.010000 3 437
118.010000 4 427
118.010000 5 649
118.010000 6 649
118.010000 7 537
118.010000 8 546
119.010000 0 565
119.010000 1 677
119.010000 2 677
119.010000 3 451
119.010000 4 452
119.010000 5 677
119.010000 6 677
119.010000 7 563
119.010000 8 565
120.010000 0 549
120.010000 1 670
120.010000 2 670
120.010000 3 442
120.010000 4 455
120.010000 5 670
120.010000 6 670
120.010000 7 564
120.010000 8 549
121.010000 0 523
121.010000 1 628
121.010000 2 628
121.010000 3 416
121.010000 4 418
121.010000 5 628
121.010000 6 628
121.010000 7 527
121.010000 8 523
122.010000 0 560
122.010000 1 661
122.010000 2 661
122.010000 3 452
122.010000 4 432
122.010000 5 661
122.010000 6 661
122.010000 7 539
122.010000 8 560
123.010000 0 560
123.010000 1 667
123.010000 2 667
123.010000 3 448
123.010000 4 441
123.010000 5 667
123.010000 6 667
123.010000 7 552
123.010000 8 560
124.010000 0 528
124.010000 1 657
124.010000 2 657
124.010000 3 424
124.010000 4 457
124.010000 5 657
124.010000 6 657
124.010000 7 562
124.010000 8 528
125.010000 0 569
125.010000 1 671
125.010000 2 671
125.010000 3 458
125.010000 4 437
125.010000 5 671
125.010000 6 671
125.010000 7 549
125.010000 8 569
126.010000 0 579
126.010000 1 694
126.010000 2 694
126.010000 3 460
126.010000 4 462
126.010000 5 694
126.010000 6 694
126.010000 7 581
126.010000 8 579
127.010000 0 544
127.010000 1 656
127.010000 2 656
127.010000 3 436
127.010000 4 441
127.010000 5 656
127.010000 6 656
127.010000 7 547
127.010000 8 544
128.010000 0 563
128.010000 1 682
128.010000 2 682
128.010000 3 454
128.010000 4 459
128.010000 5 682
128.010000 6 682
128.010000 7 570
128.010000 8 563
129.010000 0 504
129.010000 1 600
129.010000 2 600
129.010000 3 401
129.010000 4 397
129.010000 5 600
129.010000 6 600
129.010000 7 498
129.010000 8 504
130.010000 0 558
130.010000 1 676
130.010000 2 676
130.010000 3 447
130.010000 4 454
130.010000 5 676
130.010000 6 676
130.010000 7 569
130.010000 8 558
131.010000 0 582
131.010000 1 692
131.010000 2 692
131.010000 3 467
131.010000 4 455
131.010000 5 692
131.010000 6 692
131.010000 7 572
131.010000 8 582
132.010000 0 534
132.010000 1 646
132.010000 2 646
132.010000 3 429
132.010000 4 435
132.010000 5 646
132.010000 6 646
132.010000 7 540
132.010000 8 534
133.010000 0 566
133.010000 1 671
133.010000 2 671
133.010000 3 454
133.010000 4 439
133.010000 5 671
133.010000 6 671
133.010000 7 554
133.010000 8 566
134.010000 0 552
134.010000 1 671
134.010000 2 671
134.010000 3 443
134.010000 4 456
134.010000 5 671
134.010000 6 671
134.010000 7 562
134.010000 8 552
135.010000 0 582
135.010000 1 702
135.010000 2 702
135.010000 3 467
135.010000 4 470
135.010000 5 702
135.010000 6 702
135.010000 7 587
135.010000 8 582
136.010000 0 546
136.010000 1 660
136.010000 2 660
136.010000 3 445
136.010000 4 441
136.010000 5 660
136.010000 6 660
136.010000 7 548
136.010000 8 546
137.010000 0 531
137.010000 1 638
137.010000 2 638
137.010000 3 427
137.010000 4 427
137.010000 5 638
137.010000 6 638
137.010000 7 529
137.010000 8 531
138.010000 0 537
138.010000 1 649
138.010000 2 649
138.010000 3 427
138.010000 4 436
138.010000 5 649
138.010000 6 649
138.010000 7 547
138.010000 8 537
139.010000 0 560
139.010000 1 670
139.010000 2 670
139.010000 3 450
139.010000 4 445
139.010000 5 670
139.010000 6 670
139.010000 7 555
139.010000 8 560
140.010000 0 542
140.010000 1 647
140.010000 2 647
140.010000 3 427
140.010000 4 429
140.010000 5 647
140.010000 6 647
140.010000 7 543
140.010000 8 542
141.010000 0 556
141.010000 1 677
141.010000 2 677
141.010000 3 451
141.010000 4 459
141.010000 5 677
141.010000 6 677
141.010000 7 565
141.010000 8 556
142.010000 0 541
142.010000 1 648
142.010000 2 648
142.010000 3 432
142.010000 4 431
142.010000 5 648
142.010000 6 648
142.010000 7 540
142.010000 8 541
143.010000 0 564
143.010000 1 668
143.010000 2 668
143.010000 3 453
143.010000 4 437
143.010000 5 668
143.010000 6 668
143.010000 7 550
143.010000 8 564
144.010000 0 549
144.010000 1 674
144.010000 2 674
144.010000 3 444
144.010000 4 461
144.010000 5 674
144.010000 6 674
144.010000 7 568
144.010000 8 549
145.010000 0 516
145.010000 1 614
145.010000 2 614
145.010000 3 406
145.010000 4 406
145.010000 5 614
145.010000 6 614
145.010000 7 514
145.010000 8 516
146.010000 0 575
146.010000 1 687
146.010000 2 687
146.010000 3 462
146.010000 4 455
146.010000 5 687
146.010000 6 687
146.010000 7 569
146.010000 8 575
147.010000 0 538
147.010000 1 645
147.010000 2 645
147.010000 3 429
147.010000 4 430
147.010000 5 645
147.010000 6 645
147.010000 7 538
147.010000 8 538
148.010000 0 545
148.010000 1 660
148.010000 2 660
148.010000 3 442
148.010000 4 444
148.010000 5 660
148.010000 6 660
148.010000 7 549
148.010000 8 545
149.010000 0 557
149.010000 1 663
149.010000 2 663
149.010000 3 443
149.010000 4 438
149.010000 5 663
149.010000 6 663
149.010000 7 551
149.010000 8 557
