0.010000 0 14
0.010000 1 14
0.010000 2 10
0.010000 3 17
0.010000 4 17
0.010000 5 17
0.010000 6 16
0.010000 7 17
0.010000 8 17
0.010000 9 16
0.010000 10 16
0.010000 11 17
0.010000 12 12
0.010000 13 16
0.010000 14 16
0.010000 15 14
0.010000 16 17
0.010000 17 16
0.010000 18 14
0.010000 19 12
0.010000 20 17
0.010000 21 17
1.010000 0 869
1.010000 1 973
1.010000 2 857
1.010000 3 948
1.010000 4 979
1.010000 5 943
1.010000 6 974
1.010000 7 926
1.010000 8 969
1.010000 9 941
1.010000 10 917
1.010000 11 965
1.010000 12 941
1.010000 13 950
1.010000 14 946
1.010000 15 922
1.010000 16 954
1.010000 17 935
1.010000 18 944
1.010000 19 935
1.010000 20 936
1.010000 21 961
2.010000 0 611
2.010000 1 688
2.010000 2 598
2.010000 3 668
2.010000 4 675
2.010000 5 670
2.010000 6 676
2.010000 7 663
2.010000 8 678
2.010000 9 673
2.010000 10 651
2.010000 11 676
2.010000 12 660
2.010000 13 658
2.010000 14 659
2.010000 15 654
2.010000 16 670
2.010000 17 651
2.010000 18 671
2.010000 19 657
2.010000 20 663
2.010000 21 664
3.010000 0 636
3.010000 1 771
3.010000 2 675
3.010000 3 724
3.010000 4 748
3.010000 5 741
3.010000 6 759
3.010000 7 741
3.010000 8 757
3.010000 9 753
3.010000 10 755
3.010000 11 750
3.010000 12 742
3.010000 13 732
3.010000 14 735
3.010000 15 724
3.010000 16 744
3.010000 17 709
3.010000 18 716
3.010000 19 730
3.010000 20 741
3.010000 21 742
4.010000 0 518
4.010000 1 573
4.010000 2 534
4.010000 3 551
4.010000 4 560
4.010000 5 552
4.010000 6 567
4.010000 7 548
4.010000 8 562
4.010000 9 582
4.010000 10 547
4.010000 11 558
4.010000 12 563
4.010000 13 552
4.010000 14 558
4.010000 15 532
4.010000 16 579
4.010000 17 543
4.010000 18 572
4.010000 19 565
4.010000 20 555
4.010000 21 560
5.010000 0 690
5.010000 1 802
5.010000 2 679
5.010000 3 772
5.010000 4 778
5.010000 5 761
5.010000 6 778
5.010000 7 788
5.010000 8 785
5.010000 9 760
5.010000 10 752
5.010000 11 778
5.010000 12 762
5.010000 13 754
5.010000 14 764
5.010000 15 746
5.010000 16 753
5.010000 17 745
5.010000 18 730
5.010000 19 748
5.010000 20 768
5.010000 21 763
6.010000 0 743
6.010000 1 820
6.010000 2 718
6.010000 3 800
6.010000 4 812
6.010000 5 793
6.010000 6 816
6.010000 7 798
6.010000 8 816
6.010000 9 805
6.010000 10 785
6.010000 11 812
6.010000 12 791
6.010000 13 793
6.010000 14 807
6.010000 15 773
6.010000 16 804
6.010000 17 792
6.010000 18 803
6.010000 19 787
6.010000 20 802
6.010000 21 778
7.010000 0 651
7.010000 1 732
7.010000 2 658
7.010000 3 701
7.010000 4 712
7.010000 5 704
7.010000 6 699
7.010000 7 697
7.010000 8 719
7.010000 9 714
7.010000 10 696
7.010000 11 714
7.010000 12 699
7.010000 13 703
7.010000 14 693
7.010000 15 688
7.010000 16 715
7.010000 17 673
7.010000 18 706
7.010000 19 718
7.010000 20 711
7.010000 21 707
8.010000 0 716
8.010000 1 818
8.010000 2 739
8.010000 3 800
8.010000 4 817
8.010000 5 801
8.010000 6 821
8.010000 7 803
8.010000 8 823
8.010000 9 816
8.010000 10 793
8.010000 11 814
8.010000 12 804
8.010000 13 801
8.010000 14 800
8.010000 15 782
8.010000 16 809
8.010000 17 779
8.010000 18 778
8.010000 19 798
8.010000 20 809
8.010000 21 807
9.010000 0 608
9.010000 1 706
9.010000 2 628
9.010000 3 670
9.010000 4 696
9.010000 5 685
9.010000 6 705
9.010000 7 685
9.010000 8 699
9.010000 9 699
9.010000 10 695
9.010000 11 693
9.010000 12 688
9.010000 13 682
9.010000 14 684
9.010000 15 668
9.010000 16 695
9.010000 17 653
9.010000 18 680
9.010000 19 680
9.010000 20 690
9.010000 21 712
10.010000 0 786
10.010000 1 862
10.010000 2 742
10.010000 3 852
10.010000 4 849
10.010000 5 834
10.010000 6 851
10.010000 7 835
10.010000 8 838
10.010000 9 847
10.010000 10 824
10.010000 11 852
10.010000 12 832
10.010000 13 833
10.010000 14 839
10.010000 15 815
10.010000 16 846
10.010000 17 834
10.010000 18 832
10.010000 19 810
10.010000 20 839
10.010000 21 818
11.010000 0 519
11.010000 1 618
11.010000 2 560
11.010000 3 580
11.010000 4 609
11.010000 5 606
11.010000 6 611
11.010000 7 618
11.010000 8 619
11.010000 9 610
11.010000 10 612
11.010000 11 605
11.010000 12 596
11.010000 13 594
11.010000 14 592
11.010000 15 589
11.010000 16 602
11.010000 17 562
11.010000 18 588
11.010000 19 600
11.010000 20 599
11.010000 21 603
12.010000 0 713
12.010000 1 814
12.010000 2 723
12.010000 3 786
12.010000 4 802
12.010000 5 785
12.010000 6 806
12.010000 7 785
12.010000 8 807
12.010000 9 802
12.010000 10 781
12.010000 11 799
12.010000 12 785
12.010000 13 760
12.010000 14 783
12.010000 15 767
12.010000 16 798
12.010000 17 766
12.010000 18 778
12.010000 19 790
12.010000 20 792
12.010000 21 789
13.010000 0 666
13.010000 1 748
13.010000 2 659
13.010000 3 722
13.010000 4 737
13.010000 5 721
13.010000 6 738
13.010000 7 700
13.010000 8 756
13.010000 9 732
13.010000 10 714
13.010000 11 754
13.010000 12 724
13.010000 13 718
13.010000 14 730
13.010000 15 706
13.010000 16 731
13.010000 17 709
13.010000 18 720
13.010000 19 721
13.010000 20 723
13.010000 21 724
14.010000 0 694
14.010000 1 785
14.010000 2 699
14.010000 3 758
14.010000 4 772
14.010000 5 758
14.010000 6 777
14.010000 7 756
14.010000 8 777
14.010000 9 755
14.010000 10 752
14.010000 11 772
14.010000 12 769
14.010000 13 756
14.010000 14 758
14.010000 15 740
14.010000 16 772
14.010000 17 741
14.010000 18 756
14.010000 19 749
14.010000 20 766
14.010000 21 764
15.010000 0 614
15.010000 1 678
15.010000 2 597
15.010000 3 666
15.010000 4 666
15.010000 5 651
15.010000 6 668
15.010000 7 651
15.010000 8 660
15.010000 9 665
15.010000 10 644
15.010000 11 657
15.010000 12 657
15.010000 13 673
15.010000 14 659
15.010000 15 640
15.010000 16 661
15.010000 17 657
15.010000 18 657
15.010000 19 652
15.010000 20 658
15.010000 21 657
16.010000 0 956
16.010000 1 1050
16.010000 2 983
16.010000 3 1019
16.010000 4 1038
16.010000 5 1031
16.010000 6 1035
16.010000 7 1042
16.010000 8 818
16.010000 9 1035
16.010000 10 1014
16.010000 11 811
16.010000 12 1029
16.010000 13 1017
16.010000 14 1019
16.010000 15 1020
16.010000 16 1047
16.010000 17 1006
16.010000 18 1029
16.010000 19 1022
16.010000 20 1023
16.010000 21 1036
17.010000 0 999
17.010000 1 1111
17.010000 2 1085
17.010000 3 1077
17.010000 4 1102
17.010000 5 1119
17.010000 6 1117
17.010000 7 1093
17.010000 8 887
17.010000 9 1096
17.010000 10 1105
17.010000 11 875
17.010000 12 1114
17.010000 13 1071
17.010000 14 1067
17.010000 15 1110
17.010000 16 1101
17.010000 17 1043
17.010000 18 1065
17.010000 19 1102
17.010000 20 1093
17.010000 21 1091
18.010000 0 1021
18.010000 1 1096
18.010000 2 1022
18.010000 3 1122
18.010000 4 1148
18.010000 5 1113
18.010000 6 1074
18.010000 7 1046
18.010000 8 1062
18.010000 9 1126
18.010000 10 1133
18.010000 11 1049
18.010000 12 1104
18.010000 13 1117
18.010000 14 1078
18.010000 15 1098
18.010000 16 1131
18.010000 17 1067
18.010000 18 1069
18.010000 19 1090
18.010000 20 1122
18.010000 21 1038
19.010000 0 935
19.010000 1 955
19.010000 2 932
19.010000 3 1008
19.010000 4 975
19.010000 5 990
19.010000 6 944
19.010000 7 877
19.010000 8 943
19.010000 9 994
19.010000 10 974
19.010000 11 947
19.010000 12 978
19.010000 13 980
19.010000 14 968
19.010000 15 964
19.010000 16 1008
19.010000 17 977
19.010000 18 967
19.010000 19 952
19.010000 20 981
19.010000 21 890
20.010000 0 1235
20.010000 1 1251
20.010000 2 1147
20.010000 3 1288
20.010000 4 1287
20.010000 5 1240
20.010000 6 1279
20.010000 7 1167
20.010000 8 1191
20.010000 9 1281
20.010000 10 1262
20.010000 11 1185
20.010000 12 1273
20.010000 13 1268
20.010000 14 1276
20.010000 15 1225
20.010000 16 1261
20.010000 17 1273
20.010000 18 1277
20.010000 19 1245
20.010000 20 1285
20.010000 21 1216
21.010000 0 1055
21.010000 1 1064
21.010000 2 992
21.010000 3 1107
21.010000 4 1122
21.010000 5 1080
21.010000 6 1103
21.010000 7 975
21.010000 8 1040
21.010000 9 1101
21.010000 10 1109
21.010000 11 1023
21.010000 12 1097
21.010000 13 1095
21.010000 14 1107
21.010000 15 1071
21.010000 16 1097
21.010000 17 1097
21.010000 18 1094
21.010000 19 1078
21.010000 20 1099
21.010000 21 1021
22.010000 0 1098
22.010000 1 1115
22.010000 2 1079
22.010000 3 1159
22.010000 4 1163
22.010000 5 1144
22.010000 6 1177
22.010000 7 1022
22.010000 8 1056
22.010000 9 1168
22.010000 10 1147
22.010000 11 1047
22.010000 12 1132
22.010000 13 1147
22.010000 14 1152
22.010000 15 1118
22.010000 16 1161
22.010000 17 1149
22.010000 18 1151
22.010000 19 1140
22.010000 20 1165
22.010000 21 1067
23.010000 0 1050
23.010000 1 1059
23.010000 2 1104
23.010000 3 1130
23.010000 4 1131
23.010000 5 1134
23.010000 6 1113
23.010000 7 968
23.010000 8 1046
23.010000 9 1129
23.010000 10 1134
23.010000 11 1043
23.010000 12 1133
23.010000 13 1111
23.010000 14 1089
23.010000 15 1119
23.010000 16 1128
23.010000 17 1081
23.010000 18 1087
23.010000 19 1137
23.010000 20 1123
23.010000 21 1063
24.010000 0 1020
24.010000 1 1020
24.010000 2 1020
24.010000 3 1075
24.010000 4 1082
24.010000 5 1064
24.010000 6 1070
24.010000 7 898
24.010000 8 966
24.010000 9 1060
24.010000 10 1057
24.010000 11 970
24.010000 12 1078
24.010000 13 1052
24.010000 14 1060
24.010000 15 1059
24.010000 16 1070
24.010000 17 1056
24.010000 18 1045
24.010000 19 1060
24.010000 20 1064
24.010000 21 985
25.010000 0 1184
25.010000 1 1175
25.010000 2 1162
25.010000 3 1236
25.010000 4 1215
25.010000 5 1224
25.010000 6 1226
25.010000 7 1060
25.010000 8 1124
25.010000 9 1224
25.010000 10 1192
25.010000 11 1121
25.010000 12 1216
25.010000 13 1214
25.010000 14 1230
25.010000 15 1205
25.010000 16 1222
25.010000 17 1236
25.010000 18 1217
25.010000 19 1199
25.010000 20 1203
25.010000 21 1137
26.010000 0 1016
26.010000 1 1001
26.010000 2 956
26.010000 3 1041
26.010000 4 1033
26.010000 5 1027
26.010000 6 1038
26.010000 7 944
26.010000 8 912
26.010000 9 1050
26.010000 10 1026
26.010000 11 911
26.010000 12 1008
26.010000 13 1030
26.010000 14 1039
26.010000 15 1009
26.010000 16 1035
26.010000 17 1034
26.010000 18 1050
26.010000 19 1027
26.010000 20 1034
26.010000 21 993
27.010000 0 918
27.010000 1 1066
27.010000 2 1030
27.010000 3 1011
27.010000 4 1077
27.010000 5 1075
27.010000 6 1083
27.010000 7 1027
27.010000 8 935
27.010000 9 1082
27.010000 10 1067
27.010000 11 922
27.010000 12 1073
27.010000 13 1057
27.010000 14 1033
27.010000 15 1062
27.010000 16 1076
27.010000 17 985
27.010000 18 1046
27.010000 19 1068
27.010000 20 1079
27.010000 21 1088
28.010000 0 1096
28.010000 1 1240
28.010000 2 1158
28.010000 3 1191
28.010000 4 1228
28.010000 5 1225
28.010000 6 1241
28.010000 7 1241
28.010000 8 1044
28.010000 9 1225
28.010000 10 1211
28.010000 11 1043
28.010000 12 1225
28.010000 13 1216
28.010000 14 1180
28.010000 15 1208
28.010000 16 1232
28.010000 17 1127
28.010000 18 1172
28.010000 19 1220
28.010000 20 1211
28.010000 21 1266
29.010000 0 1157
29.010000 1 1293
29.010000 2 1210
29.010000 3 1270
29.010000 4 1307
29.010000 5 1286
29.010000 6 1302
29.010000 7 1245
29.010000 8 1207
29.010000 9 1301
29.010000 10 1293
29.010000 11 1196
29.010000 12 1294
29.010000 13 1289
29.010000 14 1256
29.010000 15 1273
29.010000 16 1300
29.010000 17 1218
29.010000 18 1244
29.010000 19 1288
29.010000 20 1298
29.010000 21 1182
30.010000 0 1103
30.010000 1 1094
30.010000 2 1072
30.010000 3 1155
30.010000 4 1156
30.010000 5 1142
30.010000 6 1156
30.010000 7 1000
30.010000 8 1059
30.010000 9 1163
30.010000 10 1124
30.010000 11 1054
30.010000 12 1138
30.010000 13 1135
30.010000 14 1149
30.010000 15 1126
30.010000 16 1161
30.010000 17 1149
30.010000 18 1145
30.010000 19 1126
30.010000 20 1150
30.010000 21 1050
31.010000 0 1112
31.010000 1 1198
31.010000 2 1179
31.010000 3 1201
31.010000 4 1264
31.010000 5 1243
31.010000 6 1261
31.010000 7 1109
31.010000 8 1162
31.010000 9 1255
31.010000 10 1257
31.010000 11 1159
31.010000 12 1242
31.010000 13 1245
31.010000 14 1231
31.010000 15 1224
31.010000 16 1247
31.010000 17 1182
31.010000 18 1236
31.010000 19 1238
31.010000 20 1247
31.010000 21 1182
32.010000 0 1047
32.010000 1 1121
32.010000 2 1076
32.010000 3 1118
32.010000 4 1146
32.010000 5 1142
32.010000 6 1129
32.010000 7 1066
32.010000 8 1036
32.010000 9 1149
32.010000 10 1165
32.010000 11 1034
32.010000 12 1144
32.010000 13 1126
32.010000 14 1108
32.010000 15 1129
32.010000 16 1155
32.010000 17 1062
32.010000 18 1100
32.010000 19 1128
32.010000 20 1147
32.010000 21 1096
33.010000 0 1070
33.010000 1 1185
33.010000 2 1109
33.010000 3 1189
33.010000 4 1214
33.010000 5 1207
33.010000 6 1158
33.010000 7 1134
33.010000 8 1180
33.010000 9 1221
33.010000 10 1197
33.010000 11 1184
33.010000 12 1203
33.010000 13 1214
33.010000 14 1148
33.010000 15 1191
33.010000 16 1207
33.010000 17 1123
33.010000 18 1146
33.010000 19 1174
33.010000 20 1209
33.010000 21 1117
34.010000 0 979
34.010000 1 1028
34.010000 2 945
34.010000 3 1064
34.010000 4 1064
34.010000 5 1052
34.010000 6 1023
34.010000 7 957
34.010000 8 1054
34.010000 9 1050
34.010000 10 1054
34.010000 11 1066
34.010000 12 1059
34.010000 13 1057
34.010000 14 1022
34.010000 15 1041
34.010000 16 1087
34.010000 17 1010
34.010000 18 1022
34.010000 19 1003
34.010000 20 1089
34.010000 21 935
35.010000 0 1136
35.010000 1 1137
35.010000 2 1119
35.010000 3 1201
35.010000 4 1210
35.010000 5 1180
35.010000 6 1213
35.010000 7 1026
35.010000 8 1127
35.010000 9 1206
35.010000 10 1185
35.010000 11 1123
35.010000 12 1194
35.010000 13 1200
35.010000 14 1204
35.010000 15 1157
35.010000 16 1192
35.010000 17 1196
35.010000 18 1189
35.010000 19 1168
35.010000 20 1164
35.010000 21 1082
36.010000 0 1066
36.010000 1 1108
36.010000 2 1070
36.010000 3 1147
36.010000 4 1173
36.010000 5 1134
36.010000 6 1137
36.010000 7 1005
36.010000 8 1079
36.010000 9 1142
36.010000 10 1129
36.010000 11 1083
36.010000 12 1145
36.010000 13 1114
36.010000 14 1137
36.010000 15 1128
36.010000 16 1142
36.010000 17 1124
36.010000 18 1121
36.010000 19 1132
36.010000 20 1135
36.010000 21 1053
37.010000 0 1104
37.010000 1 1140
37.010000 2 1127
37.010000 3 1185
37.010000 4 1186
37.010000 5 1202
37.010000 6 1179
37.010000 7 1057
37.010000 8 1109
37.010000 9 1221
37.010000 10 1178
37.010000 11 1100
37.010000 12 1184
37.010000 13 1196
37.010000 14 1172
37.010000 15 1167
37.010000 16 1200
37.010000 17 1159
37.010000 18 1170
37.010000 19 1152
37.010000 20 1178
37.010000 21 1108
38.010000 0 1034
38.010000 1 1057
38.010000 2 1004
38.010000 3 1100
38.010000 4 1112
38.010000 5 1092
38.010000 6 1091
38.010000 7 973
38.010000 8 1046
38.010000 9 1105
38.010000 10 1114
38.010000 11 1041
38.010000 12 1076
38.010000 13 1093
38.010000 14 1099
38.010000 15 1076
38.010000 16 1100
38.010000 17 1074
38.010000 18 1074
38.010000 19 1072
38.010000 20 1094
38.010000 21 999
39.010000 0 1055
39.010000 1 1086
39.010000 2 1056
39.010000 3 1126
39.010000 4 1124
39.010000 5 1127
39.010000 6 1118
39.010000 7 996
39.010000 8 1063
39.010000 9 1140
39.010000 10 1076
39.010000 11 1057
39.010000 12 1122
39.010000 13 1109
39.010000 14 1115
39.010000 15 1120
39.010000 16 1117
39.010000 17 1115
39.010000 18 1108
39.010000 19 1115
39.010000 20 1114
39.010000 21 1040
40.010000 0 1029
40.010000 1 1041
40.010000 2 998
40.010000 3 1069
40.010000 4 1089
40.010000 5 1073
40.010000 6 1096
40.010000 7 977
40.010000 8 927
40.010000 9 1077
40.010000 10 1068
40.010000 11 929
40.010000 12 1059
40.010000 13 1069
40.010000 14 1067
40.010000 15 1046
40.010000 16 1079
40.010000 17 1056
40.010000 18 1084
40.010000 19 1046
40.010000 20 1072
40.010000 21 1059
41.010000 0 1067
41.010000 1 1133
41.010000 2 1087
41.010000 3 1133
41.010000 4 1152
41.010000 5 1140
41.010000 6 1146
41.010000 7 1114
41.010000 8 997
41.010000 9 1148
41.010000 10 1129
41.010000 11 987
41.010000 12 1147
41.010000 13 1137
41.010000 14 1119
41.010000 15 1129
41.010000 16 1159
41.010000 17 1098
41.010000 18 1127
41.010000 19 1145
41.010000 20 1144
41.010000 21 1110
42.010000 0 1099
42.010000 1 1092
42.010000 2 1069
42.010000 3 1144
42.010000 4 1143
42.010000 5 1122
42.010000 6 1149
42.010000 7 984
42.010000 8 1045
42.010000 9 1140
42.010000 10 1117
42.010000 11 1044
42.010000 12 1138
42.010000 13 1132
42.010000 14 1147
42.010000 15 1118
42.010000 16 1141
42.010000 17 1139
42.010000 18 1135
42.010000 19 1132
42.010000 20 1127
42.010000 21 1051
43.010000 0 1089
43.010000 1 1039
43.010000 2 1060
43.010000 3 1113
43.010000 4 1129
43.010000 5 1124
43.010000 6 1129
43.010000 7 900
43.010000 8 1066
43.010000 9 1143
43.010000 10 1117
43.010000 11 1070
43.010000 12 1107
43.010000 13 1143
43.010000 14 1138
43.010000 15 1088
43.010000 16 1141
43.010000 17 1099
43.010000 18 1122
43.010000 19 1100
43.010000 20 1127
43.010000 21 1030
44.010000 0 1140
44.010000 1 1201
44.010000 2 1167
44.010000 3 1240
44.010000 4 1241
44.010000 5 1255
44.010000 6 1246
44.010000 7 1122
44.010000 8 1117
44.010000 9 1242
44.010000 10 1213
44.010000 11 1095
44.010000 12 1209
44.010000 13 1225
44.010000 14 1216
44.010000 15 1235
44.010000 16 1233
44.010000 17 1226
44.010000 18 1215
44.010000 19 1219
44.010000 20 1243
44.010000 21 1177
45.010000 0 1003
45.010000 1 1018
45.010000 2 987
45.010000 3 1059
45.010000 4 1066
45.010000 5 1047
45.010000 6 1063
45.010000 7 932
45.010000 8 1010
45.010000 9 1061
45.010000 10 1051
45.010000 11 999
45.010000 12 1066
45.010000 13 1058
45.010000 14 1033
45.010000 15 1040
45.010000 16 1075
45.010000 17 1022
45.010000 18 1047
45.010000 19 1058
45.010000 20 1066
45.010000 21 998
46.010000 0 1016
46.010000 1 1000
46.010000 2 984
46.010000 3 1069
46.010000 4 1061
46.010000 5 1052
46.010000 6 1049
46.010000 7 920
46.010000 8 988
46.010000 9 1056
46.010000 10 1043
46.010000 11 986
46.010000 12 1053
46.010000 13 1050
46.010000 14 1050
46.010000 15 1032
46.010000 16 1064
46.010000 17 1048
46.010000 18 1039
46.010000 19 1029
46.010000 20 1053
46.010000 21 961
47.010000 0 1100
47.010000 1 1137
47.010000 2 1099
47.010000 3 1176
47.010000 4 1208
47.010000 5 1177
47.010000 6 1193
47.010000 7 1025
47.010000 8 1152
47.010000 9 1185
47.010000 10 1168
47.010000 11 1154
47.010000 12 1182
47.010000 13 1166
47.010000 14 1184
47.010000 15 1173
47.010000 16 1169
47.010000 17 1170
47.010000 18 1172
47.010000 19 1177
47.010000 20 1181
47.010000 21 1077
48.010000 0 1101
48.010000 1 1086
48.010000 2 1058
48.010000 3 1141
48.010000 4 1143
48.010000 5 1128
48.010000 6 1147
48.010000 7 994
48.010000 8 1049
48.010000 9 1145
48.010000 10 1118
48.010000 11 1042
48.010000 12 1128
48.010000 13 1143
48.010000 14 1144
48.010000 15 1119
48.010000 16 1135
48.010000 17 1138
48.010000 18 1144
48.010000 19 1124
48.010000 20 1136
48.010000 21 1067
49.010000 0 1039
49.010000 1 1102
49.010000 2 1063
49.010000 3 1095
49.010000 4 1122
49.010000 5 1098
49.010000 6 1125
49.010000 7 1042
49.010000 8 949
49.010000 9 1115
49.010000 10 1094
49.010000 11 951
49.010000 12 1125
49.010000 13 1098
49.010000 14 1107
49.010000 15 1097
49.010000 16 1110
49.010000 17 1081
49.010000 18 1098
49.010000 19 1112
49.010000 20 1105
49.010000 21 1087
50.010000 0 1016
50.010000 1 959
50.010000 2 1011
50.010000 3 1046
50.010000 4 1041
50.010000 5 1052
50.010000 6 1050
50.010000 7 848
50.010000 8 1008
50.010000 9 1050
50.010000 10 1041
50.010000 11 1010
50.010000 12 1031
50.010000 13 1048
50.010000 14 1053
50.010000 15 1025
50.010000 16 1065
50.010000 17 1017
50.010000 18 1032
50.010000 19 1048
50.010000 20 1048
50.010000 21 959
51.010000 0 1119
51.010000 1 1137
51.010000 2 1155
51.010000 3 1220
51.010000 4 1215
51.010000 5 1212
51.010000 6 1224
51.010000 7 1037
51.010000 8 1134
51.010000 9 1219
51.010000 10 1196
51.010000 11 1146
51.010000 12 1169
51.010000 13 1204
51.010000 14 1167
51.010000 15 1152
51.010000 16 1209
51.010000 17 1211
51.010000 18 1207
51.010000 19 1192
51.010000 20 1209
51.010000 21 1135
52.010000 0 1079
52.010000 1 1282
52.010000 2 1140
52.010000 3 1188
52.010000 4 1291
52.010000 5 1276
52.010000 6 1281
52.010000 7 1243
52.010000 8 1158
52.010000 9 1281
52.010000 10 1261
52.010000 11 1131
52.010000 12 1276
52.010000 13 1252
52.010000 14 1247
52.010000 15 1259
52.010000 16 1264
52.010000 17 1159
52.010000 18 1229
52.010000 19 1197
52.010000 20 1269
52.010000 21 1251
53.010000 0 1027
53.010000 1 1054
53.010000 2 1039
53.010000 3 1106
53.010000 4 1100
53.010000 5 1080
53.010000 6 1099
53.010000 7 972
53.010000 8 976
53.010000 9 1092
53.010000 10 1079
53.010000 11 969
53.010000 12 1089
53.010000 13 1077
53.010000 14 1084
53.010000 15 1071
53.010000 16 1111
53.010000 17 1095
53.010000 18 1083
53.010000 19 1095
53.010000 20 1086
53.010000 21 1021
54.010000 0 1102
54.010000 1 1106
54.010000 2 1104
54.010000 3 1118
54.010000 4 1162
54.010000 5 1141
54.010000 6 1156
54.010000 7 1015
54.010000 8 1056
54.010000 9 1152
54.010000 10 1137
54.010000 11 1051
54.010000 12 1152
54.010000 13 1142
54.010000 14 1150
54.010000 15 1128
54.010000 16 1151
54.010000 17 1103
54.010000 18 1149
54.010000 19 1161
54.010000 20 1151
54.010000 21 1086
55.010000 0 1044
55.010000 1 1018
55.010000 2 1073
55.010000 3 1110
55.010000 4 1114
55.010000 5 1101
55.010000 6 1110
55.010000 7 908
55.010000 8 1060
55.010000 9 1111
55.010000 10 1097
55.010000 11 1057
55.010000 12 1112
55.010000 13 1102
55.010000 14 1054
55.010000 15 1099
55.010000 16 1135
55.010000 17 1051
55.010000 18 1084
55.010000 19 1129
55.010000 20 1113
55.010000 21 1023
56.010000 0 1032
56.010000 1 1079
56.010000 2 1019
56.010000 3 1107
56.010000 4 1125
56.010000 5 1094
56.010000 6 1132
56.010000 7 979
56.010000 8 1037
56.010000 9 1114
56.010000 10 1113
56.010000 11 1025
56.010000 12 1110
56.010000 13 1084
56.010000 14 1129
56.010000 15 1087
56.010000 16 1135
56.010000 17 1105
56.010000 18 1087
56.010000 19 1088
56.010000 20 1114
56.010000 21 1023
57.010000 0 1063
57.010000 1 1027
57.010000 2 1010
57.010000 3 1120
57.010000 4 1119
57.010000 5 1090
57.010000 6 1147
57.010000 7 964
57.010000 8 1060
57.010000 9 1113
57.010000 10 1093
57.010000 11 1056
57.010000 12 1091
57.010000 13 1084
57.010000 14 1107
57.010000 15 1058
57.010000 16 1067
57.010000 17 1103
57.010000 18 1094
57.010000 19 1064
57.010000 20 1117
57.010000 21 1037
58.010000 0 1118
58.010000 1 1166
58.010000 2 1164
58.010000 3 1183
58.010000 4 1211
58.010000 5 1194
58.010000 6 1185
58.010000 7 1060
58.010000 8 1110
58.010000 9 1209
58.010000 10 1175
58.010000 11 1111
58.010000 12 1210
58.010000 13 1213
58.010000 14 1193
58.010000 15 1169
58.010000 16 1194
58.010000 17 1159
58.010000 18 1179
58.010000 19 1199
58.010000 20 1201
58.010000 21 1123
59.010000 0 1062
59.010000 1 1007
59.010000 2 1096
59.010000 3 1082
59.010000 4 1104
59.010000 5 1103
59.010000 6 1111
59.010000 7 891
59.010000 8 1054
59.010000 9 1108
59.010000 10 1083
59.010000 11 1046
59.010000 12 1137
59.010000 13 1109
59.010000 14 1118
59.010000 15 1102
59.010000 16 1104
59.010000 17 1080
59.010000 18 1103
59.010000 19 1107
59.010000 20 1092
59.010000 21 1001
60.010000 0 1036
60.010000 1 1052
60.010000 2 1076
60.010000 3 1085
60.010000 4 1096
60.010000 5 1093
60.010000 6 1091
60.010000 7 963
60.010000 8 928
60.010000 9 1088
60.010000 10 1067
60.010000 11 921
60.010000 12 1102
60.010000 13 1068
60.010000 14 1084
60.010000 15 1087
60.010000 16 1101
60.010000 17 1080
60.010000 18 1089
60.010000 19 1095
60.010000 20 1066
60.010000 21 1023
61.010000 0 1075
61.010000 1 1121
61.010000 2 1106
61.010000 3 1158
61.010000 4 1165
61.010000 5 1161
61.010000 6 1166
61.010000 7 1057
61.010000 8 1026
61.010000 9 1171
61.010000 10 1152
61.010000 11 1024
61.010000 12 1140
61.010000 13 1157
61.010000 14 1120
61.010000 15 1138
61.010000 16 1182
61.010000 17 1106
61.010000 18 1128
61.010000 19 1162
61.010000 20 1155
61.010000 21 1131
62.010000 0 1018
62.010000 1 1010
62.010000 2 1051
62.010000 3 1071
62.010000 4 1087
62.010000 5 1077
62.010000 6 1089
62.010000 7 897
62.010000 8 1017
62.010000 9 1085
62.010000 10 1067
62.010000 11 1025
62.010000 12 1101
62.010000 13 1089
62.010000 14 1068
62.010000 15 1074
62.010000 16 1081
62.010000 17 1061
62.010000 18 1082
62.010000 19 1084
62.010000 20 1060
62.010000 21 986
63.010000 0 1037
63.010000 1 1025
63.010000 2 973
63.010000 3 1072
63.010000 4 1071
63.010000 5 1084
63.010000 6 1082
63.010000 7 950
63.010000 8 987
63.010000 9 1076
63.010000 10 1055
63.010000 11 1001
63.010000 12 1011
63.010000 13 1059
63.010000 14 1082
63.010000 15 1029
63.010000 16 1078
63.010000 17 1071
63.010000 18 1086
63.010000 19 1020
63.010000 20 1064
63.010000 21 1011
64.010000 0 1029
64.010000 1 992
64.010000 2 1007
64.010000 3 1082
64.010000 4 1078
64.010000 5 1078
64.010000 6 1069
64.010000 7 860
64.010000 8 1029
64.010000 9 1078
64.010000 10 1055
64.010000 11 1026
64.010000 12 1051
64.010000 13 1073
64.010000 14 1072
64.010000 15 1063
64.010000 16 1106
64.010000 17 1063
64.010000 18 1049
64.010000 19 1070
64.010000 20 1091
64.010000 21 960
65.010000 0 1159
65.010000 1 1170
65.010000 2 1147
65.010000 3 1238
65.010000 4 1233
65.010000 5 1228
65.010000 6 1248
65.010000 7 1082
65.010000 8 1154
65.010000 9 1237
65.010000 10 1205
65.010000 11 1157
65.010000 12 1194
65.010000 13 1214
65.010000 14 1217
65.010000 15 1185
65.010000 16 1204
65.010000 17 1237
65.010000 18 1230
65.010000 19 1187
65.010000 20 1225
65.010000 21 1174
66.010000 0 1181
66.010000 1 1213
66.010000 2 1095
66.010000 3 1252
66.010000 4 1236
66.010000 5 1226
66.010000 6 1253
66.010000 7 1119
66.010000 8 1165
66.010000 9 1246
66.010000 10 1221
66.010000 11 1163
66.010000 12 1175
66.010000 13 1234
66.010000 14 1234
66.010000 15 1208
66.010000 16 1233
66.010000 17 1234
66.010000 18 1243
66.010000 19 1222
66.010000 20 1240
66.010000 21 1185
67.010000 0 1033
67.010000 1 1210
67.010000 2 1136
67.010000 3 1146
67.010000 4 1241
67.010000 5 1233
67.010000 6 1222
67.010000 7 1196
67.010000 8 1109
67.010000 9 1231
67.010000 10 1210
67.010000 11 1120
67.010000 12 1196
67.010000 13 1197
67.010000 14 1164
67.010000 15 1206
67.010000 16 1201
67.010000 17 1087
67.010000 18 1145
67.010000 19 1195
67.010000 20 1217
67.010000 21 1237
68.010000 0 1180
68.010000 1 1187
68.010000 2 1221
68.010000 3 1261
68.010000 4 1270
68.010000 5 1278
68.010000 6 1272
68.010000 7 1062
68.010000 8 1234
68.010000 9 1272
68.010000 10 1245
68.010000 11 1219
68.010000 12 1258
68.010000 13 1255
68.010000 14 1257
68.010000 15 1252
68.010000 16 1267
68.010000 17 1245
68.010000 18 1243
68.010000 19 1249
68.010000 20 1259
68.010000 21 1106
69.010000 0 942
69.010000 1 981
69.010000 2 985
69.010000 3 983
69.010000 4 1003
69.010000 5 1008
69.010000 6 1008
69.010000 7 914
69.010000 8 856
69.010000 9 1004
69.010000 10 984
69.010000 11 852
69.010000 12 1001
69.010000 13 993
69.010000 14 998
69.010000 15 997
69.010000 16 1004
69.010000 17 978
69.010000 18 1001
69.010000 19 1012
69.010000 20 990
69.010000 21 987
70.010000 0 1064
70.010000 1 1123
70.010000 2 1011
70.010000 3 1123
70.010000 4 1123
70.010000 5 1066
70.010000 6 1139
70.010000 7 1081
70.010000 8 935
70.010000 9 1138
70.010000 10 1108
70.010000 11 939
70.010000 12 1123
70.010000 13 1106
70.010000 14 1123
70.010000 15 1050
70.010000 16 1115
70.010000 17 1113
70.010000 18 1115
70.010000 19 1099
70.010000 20 1113
70.010000 21 1125
71.010000 0 1233
71.010000 1 1394
71.010000 2 1207
71.010000 3 1379
71.010000 4 1376
71.010000 5 1304
71.010000 6 1378
71.010000 7 1384
71.010000 8 1249
71.010000 9 1383
71.010000 10 1376
71.010000 11 1245
71.010000 12 1363
71.010000 13 1387
71.010000 14 1298
71.010000 15 1279
71.010000 16 1378
71.010000 17 1266
71.010000 18 1273
71.010000 19 1360
71.010000 20 1396
71.010000 21 1351
72.010000 0 1076
72.010000 1 1177
72.010000 2 1137
72.010000 3 1144
72.010000 4 1184
72.010000 5 1163
72.010000 6 1175
72.010000 7 1145
72.010000 8 949
72.010000 9 1174
72.010000 10 1145
72.010000 11 955
72.010000 12 1169
72.010000 13 1159
72.010000 14 1144
72.010000 15 1143
72.010000 16 1167
72.010000 17 1126
72.010000 18 1152
72.010000 19 1171
72.010000 20 1158
72.010000 21 1133
73.010000 0 1092
73.010000 1 1156
73.010000 2 1082
73.010000 3 1187
73.010000 4 1201
73.010000 5 1211
73.010000 6 1202
73.010000 7 1069
73.010000 8 1167
73.010000 9 1207
73.010000 10 1188
73.010000 11 1163
73.010000 12 1173
73.010000 13 1186
73.010000 14 1181
73.010000 15 1189
73.010000 16 1208
73.010000 17 1153
73.010000 18 1166
73.010000 19 1157
73.010000 20 1197
73.010000 21 1124
74.010000 0 1063
74.010000 1 1058
74.010000 2 1034
74.010000 3 1123
74.010000 4 1142
74.010000 5 1116
74.010000 6 1103
74.010000 7 934
74.010000 8 1087
74.010000 9 1128
74.010000 10 1109
74.010000 11 1082
74.010000 12 1082
74.010000 13 1111
74.010000 14 1111
74.010000 15 1104
74.010000 16 1124
74.010000 17 1100
74.010000 18 1106
74.010000 19 1121
74.010000 20 1120
74.010000 21 1028
75.010000 0 1129
75.010000 1 1095
75.010000 2 1071
75.010000 3 1174
75.010000 4 1169
75.010000 5 1158
75.010000 6 1172
75.010000 7 978
75.010000 8 1131
75.010000 9 1171
75.010000 10 1156
75.010000 11 1129
75.010000 12 1168
75.010000 13 1169
75.010000 14 1179
75.010000 15 1151
75.010000 16 1211
75.010000 17 1165
75.010000 18 1171
75.010000 19 1140
75.010000 20 1185
75.010000 21 1083
76.010000 0 1158
76.010000 1 1180
76.010000 2 1154
76.010000 3 1218
76.010000 4 1242
76.010000 5 1222
76.010000 6 1242
76.010000 7 1063
76.010000 8 1175
76.010000 9 1239
76.010000 10 1219
76.010000 11 1171
76.010000 12 1236
76.010000 13 1225
76.010000 14 1206
76.010000 15 1214
76.010000 16 1198
76.010000 17 1188
76.010000 18 1232
76.010000 19 1222
76.010000 20 1228
76.010000 21 1153
77.010000 0 1000
77.010000 1 1053
77.010000 2 1032
77.010000 3 1102
77.010000 4 1107
77.010000 5 1092
77.010000 6 1092
77.010000 7 1005
77.010000 8 986
77.010000 9 1090
77.010000 10 1070
77.010000 11 966
77.010000 12 1094
77.010000 13 1075
77.010000 14 1073
77.010000 15 1072
77.010000 16 1090
77.010000 17 1085
77.010000 18 1042
77.010000 19 1068
77.010000 20 1090
77.010000 21 1044
78.010000 0 1101
78.010000 1 1161
78.010000 2 1055
78.010000 3 1194
78.010000 4 1189
78.010000 5 1184
78.010000 6 1187
78.010000 7 1070
78.010000 8 1102
78.010000 9 1194
78.010000 10 1164
78.010000 11 1105
78.010000 12 1123
78.010000 13 1160
78.010000 14 1154
78.010000 15 1124
78.010000 16 1187
78.010000 17 1161
78.010000 18 1152
78.010000 19 1117
78.010000 20 1182
78.010000 21 1124
79.010000 0 1021
79.010000 1 1011
79.010000 2 1090
79.010000 3 1064
79.010000 4 1105
79.010000 5 1110
79.010000 6 1092
79.010000 7 907
79.010000 8 1039
79.010000 9 1107
79.010000 10 1103
79.010000 11 1032
79.010000 12 1125
79.010000 13 1098
79.010000 14 1078
79.010000 15 1104
79.010000 16 1120
79.010000 17 1037
79.010000 18 1091
79.010000 19 1105
79.010000 20 1089
79.010000 21 1016
80.010000 0 944
80.010000 1 948
80.010000 2 997
80.010000 3 993
80.010000 4 1006
80.010000 5 1012
80.010000 6 998
80.010000 7 838
80.010000 8 918
80.010000 9 1004
80.010000 10 988
80.010000 11 903
80.010000 12 1029
80.010000 13 1001
80.010000 14 995
80.010000 15 1011
80.010000 16 1005
80.010000 17 970
80.010000 18 975
80.010000 19 1000
80.010000 20 994
80.010000 21 917
81.010000 0 1255
81.010000 1 1254
81.010000 2 1042
81.010000 3 1300
81.010000 4 1295
81.010000 5 1217
81.010000 6 1282
81.010000 7 1189
81.010000 8 1210
81.010000 9 1262
81.010000 10 1252
81.010000 11 1186
81.010000 12 1185
81.010000 13 1255
81.010000 14 1293
81.010000 15 1197
81.010000 16 1270
81.010000 17 1299
81.010000 18 1285
81.010000 19 1236
81.010000 20 1283
81.010000 21 1216
82.010000 0 1053
82.010000 1 1070
82.010000 2 991
82.010000 3 1126
82.010000 4 1109
82.010000 5 1098
82.010000 6 1099
82.010000 7 976
82.010000 8 1020
82.010000 9 1114
82.010000 10 1088
82.010000 11 1044
82.010000 12 1052
82.010000 13 1099
82.010000 14 1088
82.010000 15 1070
82.010000 16 1112
82.010000 17 1103
82.010000 18 1087
82.010000 19 1081
82.010000 20 1113
82.010000 21 1038
83.010000 0 1110
83.010000 1 1125
83.010000 2 1093
83.010000 3 1156
83.010000 4 1180
83.010000 5 1176
83.010000 6 1176
83.010000 7 1022
83.010000 8 1087
83.010000 9 1168
83.010000 10 1145
83.010000 11 1081
83.010000 12 1166
83.010000 13 1142
83.010000 14 1165
83.010000 15 1171
83.010000 16 1162
83.010000 17 1147
83.010000 18 1171
83.010000 19 1163
83.010000 20 1166
83.010000 21 1088
84.010000 0 1002
84.010000 1 1069
84.010000 2 1050
84.010000 3 1076
84.010000 4 1125
84.010000 5 1149
84.010000 6 1131
84.010000 7 991
84.010000 8 1097
84.010000 9 1140
84.010000 10 1127
84.010000 11 1109
84.010000 12 1079
84.010000 13 1124
84.010000 14 1097
84.010000 15 1100
84.010000 16 1131
84.010000 17 1022
84.010000 18 1089
84.010000 19 1118
84.010000 20 1134
84.010000 21 1069
85.010000 0 1096
85.010000 1 1131
85.010000 2 1092
85.010000 3 1164
85.010000 4 1180
85.010000 5 1169
85.010000 6 1173
85.010000 7 1049
85.010000 8 1076
85.010000 9 1166
85.010000 10 1147
85.010000 11 1072
85.010000 12 1157
85.010000 13 1168
85.010000 14 1154
85.010000 15 1166
85.010000 16 1168
85.010000 17 1143
85.010000 18 1150
85.010000 19 1167
85.010000 20 1149
85.010000 21 1106
86.010000 0 1142
86.010000 1 1082
86.010000 2 1090
86.010000 3 1169
86.010000 4 1167
86.010000 5 1100
86.010000 6 1175
86.010000 7 982
86.010000 8 1117
86.010000 9 1168
86.010000 10 1176
86.010000 11 1087
86.010000 12 1164
86.010000 13 1134
86.010000 14 1185
86.010000 15 1082
86.010000 16 1170
86.010000 17 1167
86.010000 18 1165
86.010000 19 1140
86.010000 20 1179
86.010000 21 1071
87.010000 0 1213
87.010000 1 1221
87.010000 2 1125
87.010000 3 1287
87.010000 4 1279
87.010000 5 1265
87.010000 6 1273
87.010000 7 1120
87.010000 8 1207
87.010000 9 1269
87.010000 10 1253
87.010000 11 1223
87.010000 12 1249
87.010000 13 1264
87.010000 14 1254
87.010000 15 1245
87.010000 16 1271
87.010000 17 1251
87.010000 18 1243
87.010000 19 1208
87.010000 20 1268
87.010000 21 1196
88.010000 0 1016
88.010000 1 1022
88.010000 2 1014
88.010000 3 1100
88.010000 4 1097
88.010000 5 1094
88.010000 6 1084
88.010000 7 905
88.010000 8 1069
88.010000 9 1093
88.010000 10 1051
88.010000 11 1060
88.010000 12 1067
88.010000 13 1075
88.010000 14 1067
88.010000 15 1080
88.010000 16 1089
88.010000 17 1065
88.010000 18 1047
88.010000 19 1069
88.010000 20 1084
88.010000 21 986
89.010000 0 1141
89.010000 1 1100
89.010000 2 1110
89.010000 3 1181
89.010000 4 1169
89.010000 5 1145
89.010000 6 1177
89.010000 7 990
89.010000 8 1070
89.010000 9 1182
89.010000 10 1151
89.010000 11 1081
89.010000 12 1157
89.010000 13 1159
89.010000 14 1174
89.010000 15 1122
89.010000 16 1169
89.010000 17 1180
89.010000 18 1174
89.010000 19 1166
89.010000 20 1166
89.010000 21 1084
90.010000 0 1018
90.010000 1 1066
90.010000 2 1082
90.010000 3 1093
90.010000 4 1125
90.010000 5 1139
90.010000 6 1131
90.010000 7 986
90.010000 8 1052
90.010000 9 1157
90.010000 10 1139
90.010000 11 1034
90.010000 12 1099
90.010000 13 1119
90.010000 14 1110
90.010000 15 1091
90.010000 16 1134
90.010000 17 1069
90.010000 18 1109
90.010000 19 1104
90.010000 20 1122
90.010000 21 1065
91.010000 0 937
91.010000 1 874
91.010000 2 913
91.010000 3 976
91.010000 4 971
91.010000 5 958
91.010000 6 967
91.010000 7 734
91.010000 8 965
91.010000 9 959
91.010000 10 947
91.010000 11 946
91.010000 12 967
91.010000 13 959
91.010000 14 971
91.010000 15 950
91.010000 16 957
91.010000 17 975
91.010000 18 961
91.010000 19 957
91.010000 20 956
91.010000 21 830
92.010000 0 1095
92.010000 1 1047
92.010000 2 1011
92.010000 3 1160
92.010000 4 1150
92.010000 5 1108
92.010000 6 1148
92.010000 7 932
92.010000 8 1185
92.010000 9 1145
92.010000 10 1138
92.010000 11 1150
92.010000 12 1118
92.010000 13 1137
92.010000 14 1128
92.010000 15 1074
92.010000 16 1161
92.010000 17 1129
92.010000 18 1125
92.010000 19 1100
92.010000 20 1158
92.010000 21 1041
93.010000 0 1085
93.010000 1 1150
93.010000 2 1123
93.010000 3 1180
93.010000 4 1209
93.010000 5 1186
93.010000 6 1213
93.010000 7 1022
93.010000 8 1195
93.010000 9 1213
93.010000 10 1191
93.010000 11 1199
93.010000 12 1199
93.010000 13 1194
93.010000 14 1160
93.010000 15 1178
93.010000 16 1211
93.010000 17 1137
93.010000 18 1169
93.010000 19 1207
93.010000 20 1202
93.010000 21 1099
94.010000 0 1161
94.010000 1 1155
94.010000 2 1124
94.010000 3 1229
94.010000 4 1234
94.010000 5 1215
94.010000 6 1228
94.010000 7 1053
94.010000 8 1164
94.010000 9 1233
94.010000 10 1211
94.010000 11 1201
94.010000 12 1198
94.010000 13 1225
94.010000 14 1214
94.010000 15 1195
94.010000 16 1237
94.010000 17 1197
94.010000 18 1206
94.010000 19 1207
94.010000 20 1225
94.010000 21 1154
95.010000 0 1111
95.010000 1 1128
95.010000 2 1107
95.010000 3 1179
95.010000 4 1178
95.010000 5 1179
95.010000 6 1174
95.010000 7 1022
95.010000 8 1091
95.010000 9 1183
95.010000 10 1157
95.010000 11 1094
95.010000 12 1141
95.010000 13 1186
95.010000 14 1168
95.010000 15 1124
95.010000 16 1186
95.010000 17 1171
95.010000 18 1173
95.010000 19 1140
95.010000 20 1170
95.010000 21 1094
96.010000 0 979
96.010000 1 960
96.010000 2 992
96.010000 3 1047
96.010000 4 1047
96.010000 5 1080
96.010000 6 1051
96.010000 7 848
96.010000 8 1009
96.010000 9 1050
96.010000 10 1031
96.010000 11 1010
96.010000 12 1047
96.010000 13 1046
96.010000 14 1017
96.010000 15 1072
96.010000 16 1062
96.010000 17 1011
96.010000 18 1013
96.010000 19 1020
96.010000 20 1059
96.010000 21 953
97.010000 0 1085
97.010000 1 1103
97.010000 2 1147
97.010000 3 1162
97.010000 4 1187
97.010000 5 1169
97.010000 6 1196
97.010000 7 987
97.010000 8 1166
97.010000 9 1201
97.010000 10 1176
97.010000 11 1172
97.010000 12 1179
97.010000 13 1180
97.010000 14 1152
97.010000 15 1143
97.010000 16 1192
97.010000 17 1125
97.010000 18 1171
97.010000 19 1173
97.010000 20 1188
97.010000 21 1093
98.010000 0 1010
98.010000 1 992
98.010000 2 1067
98.010000 3 1055
98.010000 4 1090
98.010000 5 1097
98.010000 6 1094
98.010000 7 866
98.010000 8 1086
98.010000 9 1097
98.010000 10 1074
98.010000 11 1063
98.010000 12 1093
98.010000 13 1075
98.010000 14 1078
98.010000 15 1080
98.010000 16 1084
98.010000 17 1039
98.010000 18 1093
98.010000 19 1086
98.010000 20 1087
98.010000 21 982
99.010000 0 1128
99.010000 1 1318
99.010000 2 1253
99.010000 3 1248
99.010000 4 1348
99.010000 5 1321
99.010000 6 1348
99.010000 7 1222
99.010000 8 1283
99.010000 9 1341
99.010000 10 1322
99.010000 11 1265
99.010000 12 1315
99.010000 13 1321
99.010000 14 1326
99.010000 15 1298
99.010000 16 1330
99.010000 17 1239
99.010000 18 1283
99.010000 19 1338
99.010000 20 1314
99.010000 21 1270
100.010000 0 1114
100.010000 1 1139
100.010000 2 1072
100.010000 3 1185
100.010000 4 1222
100.010000 5 1191
100.010000 6 1221
100.010000 7 1037
100.010000 8 1175
100.010000 9 1223
100.010000 10 1193
100.010000 11 1171
100.010000 12 1172
100.010000 13 1186
100.010000 14 1203
100.010000 15 1168
100.010000 16 1199
100.010000 17 1172
100.010000 18 1193
100.010000 19 1165
100.010000 20 1204
100.010000 21 1118
101.010000 0 1067
101.010000 1 1091
101.010000 2 929
101.010000 3 1141
101.010000 4 1136
101.010000 5 1098
101.010000 6 1082
101.010000 7 988
101.010000 8 1139
101.010000 9 1134
101.010000 10 1130
101.010000 11 1145
101.010000 12 1054
101.010000 13 1116
101.010000 14 1097
101.010000 15 1076
101.010000 16 1140
101.010000 17 1082
101.010000 18 1101
101.010000 19 1091
101.010000 20 1151
101.010000 21 1043
102.010000 0 1008
102.010000 1 1043
102.010000 2 912
102.010000 3 1081
102.010000 4 1103
102.010000 5 1084
102.010000 6 1047
102.010000 7 984
102.010000 8 1069
102.010000 9 1095
102.010000 10 1104
102.010000 11 1034
102.010000 12 1008
102.010000 13 1092
102.010000 14 1061
102.010000 15 1062
102.010000 16 1107
102.010000 17 1040
102.010000 18 1060
102.010000 19 1038
102.010000 20 1097
102.010000 21 1057
103.010000 0 1055
103.010000 1 1163
103.010000 2 1134
103.010000 3 1153
103.010000 4 1210
103.010000 5 1195
103.010000 6 1202
103.010000 7 1030
103.010000 8 1145
103.010000 9 1209
103.010000 10 1205
103.010000 11 1119
103.010000 12 1188
103.010000 13 1185
103.010000 14 1189
103.010000 15 1166
103.010000 16 1199
103.010000 17 1132
103.010000 18 1158
103.010000 19 1172
103.010000 20 1179
103.010000 21 1112
104.010000 0 989
104.010000 1 1061
104.010000 2 1072
104.010000 3 1105
104.010000 4 1122
104.010000 5 1114
104.010000 6 1112
104.010000 7 997
104.010000 8 1026
104.010000 9 1122
104.010000 10 1092
104.010000 11 1022
104.010000 12 1134
104.010000 13 1098
104.010000 14 1074
104.010000 15 1106
104.010000 16 1094
104.010000 17 1076
104.010000 18 1075
104.010000 19 1102
104.010000 20 1101
104.010000 21 1045
105.010000 0 1163
105.010000 1 1170
105.010000 2 1105
105.010000 3 1185
105.010000 4 1233
105.010000 5 1240
105.010000 6 1211
105.010000 7 1061
105.010000 8 1208
105.010000 9 1225
105.010000 10 1212
105.010000 11 1215
105.010000 12 1170
105.010000 13 1214
105.010000 14 1213
105.010000 15 1231
105.010000 16 1242
105.010000 17 1156
105.010000 18 1210
105.010000 19 1207
105.010000 20 1230
105.010000 21 1140
106.010000 0 975
106.010000 1 1022
106.010000 2 942
106.010000 3 1071
106.010000 4 1082
106.010000 5 1091
106.010000 6 1026
106.010000 7 957
106.010000 8 1058
106.010000 9 1088
106.010000 10 1060
106.010000 11 1044
106.010000 12 1005
106.010000 13 1085
106.010000 14 1035
106.010000 15 1071
106.010000 16 1091
106.010000 17 1015
106.010000 18 1021
106.010000 19 1031
106.010000 20 1068
106.010000 21 1010
107.010000 0 1059
107.010000 1 1076
107.010000 2 1044
107.010000 3 1145
107.010000 4 1151
107.010000 5 1164
107.010000 6 1096
107.010000 7 959
107.010000 8 1153
107.010000 9 1164
107.010000 10 1100
107.010000 11 1140
107.010000 12 1093
107.010000 13 1137
107.010000 14 1122
107.010000 15 1148
107.010000 16 1141
107.010000 17 1118
107.010000 18 1115
107.010000 19 1120
107.010000 20 1141
107.010000 21 1034
108.010000 0 1201
108.010000 1 1184
108.010000 2 1094
108.010000 3 1245
108.010000 4 1274
108.010000 5 1176
108.010000 6 1281
108.010000 7 1072
108.010000 8 1203
108.010000 9 1225
108.010000 10 1241
108.010000 11 1213
108.010000 12 1235
108.010000 13 1231
108.010000 14 1247
108.010000 15 1168
108.010000 16 1243
108.010000 17 1239
108.010000 18 1269
108.010000 19 1233
108.010000 20 1246
108.010000 21 1149
109.010000 0 1004
109.010000 1 1084
109.010000 2 955
109.010000 3 1110
109.010000 4 1124
109.010000 5 1118
109.010000 6 1065
109.010000 7 1018
109.010000 8 1066
109.010000 9 1144
109.010000 10 1124
109.010000 11 1070
109.010000 12 1039
109.010000 13 1115
109.010000 14 1072
109.010000 15 1089
109.010000 16 1128
109.010000 17 1046
109.010000 18 1051
109.010000 19 1061
109.010000 20 1117
109.010000 21 1070
110.010000 0 1024
110.010000 1 1049
110.010000 2 961
110.010000 3 1095
110.010000 4 1095
110.010000 5 1096
110.010000 6 1058
110.010000 7 954
110.010000 8 1071
110.010000 9 1088
110.010000 10 1048
110.010000 11 1095
110.010000 12 1037
110.010000 13 1079
110.010000 14 1058
110.010000 15 1074
110.010000 16 1081
110.010000 17 1057
110.010000 18 1068
110.010000 19 1048
110.010000 20 1088
110.010000 21 1042
111.010000 0 1065
111.010000 1 1099
111.010000 2 1090
111.010000 3 1147
111.010000 4 1164
111.010000 5 1155
111.010000 6 1139
111.010000 7 984
111.010000 8 1119
111.010000 9 1165
111.010000 10 1138
111.010000 11 1083
111.010000 12 1132
111.010000 13 1166
111.010000 14 1135
111.010000 15 1142
111.010000 16 1175
111.010000 17 1126
111.010000 18 1133
111.010000 19 1157
111.010000 20 1147
111.010000 21 1060
112.010000 0 1014
112.010000 1 1002
112.010000 2 1006
112.010000 3 1057
112.010000 4 1062
112.010000 5 1058
112.010000 6 1051
112.010000 7 902
112.010000 8 977
112.010000 9 1070
112.010000 10 1071
112.010000 11 980
112.010000 12 1041
112.010000 13 1085
112.010000 14 1040
112.010000 15 1028
112.010000 16 1090
112.010000 17 1014
112.010000 18 1043
112.010000 19 1051
112.010000 20 1066
112.010000 21 981
113.010000 0 1168
113.010000 1 1198
113.010000 2 1156
113.010000 3 1238
113.010000 4 1257
113.010000 5 1267
113.010000 6 1232
113.010000 7 1109
113.010000 8 1216
113.010000 9 1244
113.010000 10 1222
113.010000 11 1209
113.010000 12 1212
113.010000 13 1237
113.010000 14 1237
113.010000 15 1238
113.010000 16 1258
113.010000 17 1202
113.010000 18 1225
113.010000 19 1227
113.010000 20 1252
113.010000 21 1178
114.010000 0 964
114.010000 1 954
114.010000 2 892
114.010000 3 1023
114.010000 4 1037
114.010000 5 1030
114.010000 6 988
114.010000 7 873
114.010000 8 1011
114.010000 9 1032
114.010000 10 1032
114.010000 11 1016
114.010000 12 966
114.010000 13 1036
114.010000 14 1007
114.010000 15 1008
114.010000 16 1014
114.010000 17 977
114.010000 18 985
114.010000 19 978
114.010000 20 1037
114.010000 21 967
115.010000 0 1132
115.010000 1 1143
115.010000 2 971
115.010000 3 1225
115.010000 4 1214
115.010000 5 1176
115.010000 6 1176
115.010000 7 1044
115.010000 8 1210
115.010000 9 1211
115.010000 10 1196
115.010000 11 1249
115.010000 12 1082
115.010000 13 1202
115.010000 14 1168
115.010000 15 1100
115.010000 16 1222
115.010000 17 1195
115.010000 18 1191
115.010000 19 1110
115.010000 20 1209
115.010000 21 1116
116.010000 0 1132
116.010000 1 1138
116.010000 2 1155
116.010000 3 1208
116.010000 4 1213
116.010000 5 1204
116.010000 6 1220
116.010000 7 1013
116.010000 8 1182
116.010000 9 1217
116.010000 10 1182
116.010000 11 1122
116.010000 12 1192
116.010000 13 1209
116.010000 14 1196
116.010000 15 1181
116.010000 16 1198
116.010000 17 1202
116.010000 18 1194
116.010000 19 1190
116.010000 20 1188
116.010000 21 1121
117.010000 0 907
117.010000 1 957
117.010000 2 1004
117.010000 3 978
117.010000 4 1034
117.010000 5 1019
117.010000 6 1043
117.010000 7 860
117.010000 8 960
117.010000 9 1049
117.010000 10 1039
117.010000 11 956
117.010000 12 1040
117.010000 13 1032
117.010000 14 992
117.010000 15 1008
117.010000 16 1041
117.010000 17 943
117.010000 18 1007
117.010000 19 1033
117.010000 20 1014
117.010000 21 937
118.010000 0 1046
118.010000 1 1066
118.010000 2 1041
118.010000 3 1097
118.010000 4 1128
118.010000 5 1111
118.010000 6 1110
118.010000 7 960
118.010000 8 1044
118.010000 9 1110
118.010000 10 1093
118.010000 11 1042
118.010000 12 1100
118.010000 13 1098
118.010000 14 1084
118.010000 15 1101
118.010000 16 1106
118.010000 17 1066
118.010000 18 1107
118.010000 19 1099
118.010000 20 1103
118.010000 21 1034
119.010000 0 1035
119.010000 1 1088
119.010000 2 1100
119.010000 3 1126
119.010000 4 1157
119.010000 5 1147
119.010000 6 1126
119.010000 7 965
119.010000 8 1102
119.010000 9 1146
119.010000 10 1119
119.010000 11 1092
119.010000 12 1128
119.010000 13 1145
119.010000 14 1125
119.010000 15 1139
119.010000 16 1149
119.010000 17 1093
119.010000 18 1087
119.010000 19 1156
119.010000 20 1133
119.010000 21 1045
120.010000 0 1180
120.010000 1 1152
120.010000 2 1138
120.010000 3 1236
120.010000 4 1239
120.010000 5 1237
120.010000 6 1241
120.010000 7 1030
120.010000 8 1240
120.010000 9 1227
120.010000 10 1224
120.010000 11 1229
120.010000 12 1218
120.010000 13 1230
120.010000 14 1238
120.010000 15 1218
120.010000 16 1238
120.010000 17 1225
120.010000 18 1236
120.010000 19 1199
120.010000 20 1232
120.010000 21 1152
121.010000 0 1173
121.010000 1 1237
121.010000 2 1128
121.010000 3 1239
121.010000 4 1278
121.010000 5 1196
121.010000 6 1283
121.010000 7 1156
121.010000 8 1167
121.010000 9 1276
121.010000 10 1251
121.010000 11 1173
121.010000 12 1253
121.010000 13 1220
121.010000 14 1248
121.010000 15 1186
121.010000 16 1253
121.010000 17 1217
121.010000 18 1254
121.010000 19 1261
121.010000 20 1258
121.010000 21 1184
122.010000 0 1113
122.010000 1 1174
122.010000 2 1093
122.010000 3 1167
122.010000 4 1159
122.010000 5 1165
122.010000 6 1151
122.010000 7 1126
122.010000 8 950
122.010000 9 1165
122.010000 10 1138
122.010000 11 936
122.010000 12 1139
122.010000 13 1175
122.010000 14 1161
122.010000 15 1135
122.010000 16 1166
122.010000 17 1164
122.010000 18 1159
122.010000 19 1137
122.010000 20 1160
122.010000 21 1139
123.010000 0 1032
123.010000 1 1036
123.010000 2 1045
123.010000 3 1099
123.010000 4 1125
123.010000 5 1104
123.010000 6 1136
123.010000 7 938
123.010000 8 1032
123.010000 9 1115
123.010000 10 1096
123.010000 11 1039
123.010000 12 1094
123.010000 13 1097
123.010000 14 1099
123.010000 15 1086
123.010000 16 1103
123.010000 17 1089
123.010000 18 1103
123.010000 19 1106
123.010000 20 1110
123.010000 21 1022
124.010000 0 1028
124.010000 1 1048
124.010000 2 1040
124.010000 3 1085
124.010000 4 1104
124.010000 5 1098
124.010000 6 1110
124.010000 7 935
124.010000 8 1022
124.010000 9 1113
124.010000 10 1078
124.010000 11 1017
124.010000 12 1089
124.010000 13 1068
124.010000 14 1090
124.010000 15 1090
124.010000 16 1092
124.010000 17 1079
124.010000 18 1094
124.010000 19 1087
124.010000 20 1086
124.010000 21 1031
125.010000 0 1110
125.010000 1 1098
125.010000 2 1094
125.010000 3 1154
125.010000 4 1172
125.010000 5 1155
125.010000 6 1155
125.010000 7 1004
125.010000 8 1089
125.010000 9 1162
125.010000 10 1152
125.010000 11 1092
125.010000 12 1153
125.010000 13 1144
125.010000 14 1182
125.010000 15 1135
125.010000 16 1182
125.010000 17 1151
125.010000 18 1158
125.010000 19 1151
125.010000 20 1175
125.010000 21 1084
126.010000 0 941
126.010000 1 960
126.010000 2 1000
126.010000 3 1012
126.010000 4 1020
126.010000 5 999
126.010000 6 1030
126.010000 7 877
126.010000 8 873
126.010000 9 1013
126.010000 10 993
126.010000 11 867
126.010000 12 1025
126.010000 13 995
126.010000 14 993
126.010000 15 996
126.010000 16 1018
126.010000 17 1001
126.010000 18 994
126.010000 19 1031
126.010000 20 1012
126.010000 21 937
127.010000 0 1099
127.010000 1 1264
127.010000 2 1075
127.010000 3 1250
127.010000 4 1236
127.010000 5 1236
127.010000 6 1209
127.010000 7 1236
127.010000 8 1110
127.010000 9 1248
127.010000 10 1246
127.010000 11 1093
127.010000 12 1178
127.010000 13 1228
127.010000 14 1160
127.010000 15 1203
127.010000 16 1263
127.010000 17 1146
127.010000 18 1149
127.010000 19 1179
127.010000 20 1268
127.010000 21 1240
128.010000 0 1125
128.010000 1 1224
128.010000 2 1116
128.010000 3 1167
128.010000 4 1207
128.010000 5 1195
128.010000 6 1216
128.010000 7 1174
128.010000 8 1007
128.010000 9 1203
128.010000 10 1188
128.010000 11 1008
128.010000 12 1188
128.010000 13 1190
128.010000 14 1175
128.010000 15 1184
128.010000 16 1219
128.010000 17 1132
128.010000 18 1176
128.010000 19 1187
128.010000 20 1196
128.010000 21 1199
129.010000 0 1026
129.010000 1 1126
129.010000 2 1059
129.010000 3 1094
129.010000 4 1150
129.010000 5 1124
129.010000 6 1144
129.010000 7 1141
129.010000 8 983
129.010000 9 1119
129.010000 10 1137
129.010000 11 966
129.010000 12 1143
129.010000 13 1139
129.010000 14 1100
129.010000 15 1111
129.010000 16 1144
129.010000 17 1043
129.010000 18 1087
129.010000 19 1111
129.010000 20 1141
129.010000 21 1147
130.010000 0 1003
130.010000 1 1005
130.010000 2 984
130.010000 3 1042
130.010000 4 1067
130.010000 5 1057
130.010000 6 1074
130.010000 7 873
130.010000 8 1028
130.010000 9 1040
130.010000 10 1039
130.010000 11 1024
130.010000 12 1056
130.010000 13 1057
130.010000 14 1058
130.010000 15 1052
130.010000 16 1056
130.010000 17 1026
130.010000 18 1043
130.010000 19 1040
130.010000 20 1051
130.010000 21 967
131.010000 0 981
131.010000 1 1060
131.010000 2 1051
131.010000 3 1016
131.010000 4 1095
131.010000 5 1093
131.010000 6 1096
131.010000 7 990
131.010000 8 1025
131.010000 9 1063
131.010000 10 1081
131.010000 11 1010
131.010000 12 1102
131.010000 13 1092
131.010000 14 1052
131.010000 15 1091
131.010000 16 1111
131.010000 17 972
131.010000 18 1063
131.010000 19 1091
131.010000 20 1088
131.010000 21 1053
132.010000 0 980
132.010000 1 971
132.010000 2 979
132.010000 3 999
132.010000 4 1040
132.010000 5 1035
132.010000 6 1042
132.010000 7 866
132.010000 8 1001
132.010000 9 1014
132.010000 10 1023
132.010000 11 1004
132.010000 12 1044
132.010000 13 1058
132.010000 14 1019
132.010000 15 1032
132.010000 16 1073
132.010000 17 964
132.010000 18 1013
132.010000 19 1021
132.010000 20 1046
132.010000 21 951
133.010000 0 993
133.010000 1 1114
133.010000 2 979
133.010000 3 1006
133.010000 4 1129
133.010000 5 1097
133.010000 6 1115
133.010000 7 1077
133.010000 8 1093
133.010000 9 1036
133.010000 10 1102
133.010000 11 1067
133.010000 12 1101
133.010000 13 1084
133.010000 14 1056
133.010000 15 1094
133.010000 16 1112
133.010000 17 945
133.010000 18 1075
133.010000 19 1069
133.010000 20 1111
133.010000 21 1076
134.010000 0 1128
134.010000 1 1213
134.010000 2 1125
134.010000 3 1145
134.010000 4 1217
134.010000 5 1198
134.010000 6 1218
134.010000 7 1155
134.010000 8 1095
134.010000 9 1173
134.010000 10 1197
134.010000 11 1128
134.010000 12 1201
134.010000 13 1209
134.010000 14 1180
134.010000 15 1190
134.010000 16 1187
134.010000 17 1102
134.010000 18 1189
134.010000 19 1198
134.010000 20 1212
134.010000 21 1169
135.010000 0 1109
135.010000 1 1069
135.010000 2 1037
135.010000 3 1106
135.010000 4 1127
135.010000 5 1142
135.010000 6 1141
135.010000 7 981
135.010000 8 1068
135.010000 9 1096
135.010000 10 1117
135.010000 11 1063
135.010000 12 1110
135.010000 13 1124
135.010000 14 1144
135.010000 15 1087
135.010000 16 1140
135.010000 17 1088
135.010000 18 1147
135.010000 19 1055
135.010000 20 1127
135.010000 21 1060
136.010000 0 1096
136.010000 1 1202
136.010000 2 1090
136.010000 3 1142
136.010000 4 1231
136.010000 5 1219
136.010000 6 1246
136.010000 7 1146
136.010000 8 1195
136.010000 9 1159
136.010000 10 1239
136.010000 11 1226
136.010000 12 1160
136.010000 13 1229
136.010000 14 1176
136.010000 15 1157
136.010000 16 1241
136.010000 17 1081
136.010000 18 1158
136.010000 19 1150
136.010000 20 1255
136.010000 21 1212
137.010000 0 1024
137.010000 1 991
137.010000 2 981
137.010000 3 1041
137.010000 4 1061
137.010000 5 1061
137.010000 6 1072
137.010000 7 878
137.010000 8 1007
137.010000 9 1063
137.010000 10 1041
137.010000 11 1009
137.010000 12 1023
137.010000 13 1061
137.010000 14 1059
137.010000 15 1017
137.010000 16 1076
137.010000 17 1036
137.010000 18 1081
137.010000 19 1014
137.010000 20 1062
137.010000 21 966
138.010000 0 953
138.010000 1 927
138.010000 2 1030
138.010000 3 1009
138.010000 4 1034
138.010000 5 1049
138.010000 6 1042
138.010000 7 796
138.010000 8 998
138.010000 9 1049
138.010000 10 1011
138.010000 11 986
138.010000 12 1032
138.010000 13 1017
138.010000 14 1044
138.010000 15 1036
138.010000 16 1007
138.010000 17 1001
138.010000 18 991
138.010000 19 1044
138.010000 20 1017
138.010000 21 929
139.010000 0 1100
139.010000 1 1267
139.010000 2 1212
139.010000 3 1303
139.010000 4 1319
139.010000 5 1344
139.010000 6 1319
139.010000 7 1177
139.010000 8 1261
139.010000 9 1313
139.010000 10 1292
139.010000 11 1241
139.010000 12 1294
139.010000 13 1274
139.010000 14 1249
139.010000 15 1329
139.010000 16 1286
139.010000 17 1290
139.010000 18 1224
139.010000 19 1258
139.010000 20 1284
139.010000 21 1217
140.010000 0 1133
140.010000 1 1128
140.010000 2 1084
140.010000 3 1167
140.010000 4 1192
140.010000 5 1114
140.010000 6 1189
140.010000 7 1007
140.010000 8 1142
140.010000 9 1189
140.010000 10 1166
140.010000 11 1142
140.010000 12 1174
140.010000 13 1180
140.010000 14 1190
140.010000 15 1101
140.010000 16 1181
140.010000 17 1159
140.010000 18 1185
140.010000 19 1170
140.010000 20 1178
140.010000 21 1093
141.010000 0 1000
141.010000 1 1028
141.010000 2 1034
141.010000 3 1088
141.010000 4 1108
141.010000 5 1072
141.010000 6 1104
141.010000 7 935
141.010000 8 1070
141.010000 9 1107
141.010000 10 1100
141.010000 11 1035
141.010000 12 1103
141.010000 13 1096
141.010000 14 1072
141.010000 15 1070
141.010000 16 1091
141.010000 17 1057
141.010000 18 1061
141.010000 19 1109
141.010000 20 1101
141.010000 21 1016
142.010000 0 1066
142.010000 1 1003
142.010000 2 1028
142.010000 3 1081
142.010000 4 1084
142.010000 5 1093
142.010000 6 1099
142.010000 7 875
142.010000 8 1035
142.010000 9 1095
142.010000 10 1069
142.010000 11 1042
142.010000 12 1062
142.010000 13 1081
142.010000 14 1101
142.010000 15 1044
142.010000 16 1093
142.010000 17 1080
142.010000 18 1104
142.010000 19 1043
142.010000 20 1076
142.010000 21 988
143.010000 0 1097
143.010000 1 1100
143.010000 2 1117
143.010000 3 1176
143.010000 4 1168
143.010000 5 1186
143.010000 6 1179
143.010000 7 1002
143.010000 8 1123
143.010000 9 1182
143.010000 10 1133
143.010000 11 1121
143.010000 12 1156
143.010000 13 1160
143.010000 14 1169
143.010000 15 1169
143.010000 16 1190
143.010000 17 1167
143.010000 18 1150
143.010000 19 1159
143.010000 20 1163
143.010000 21 1095
144.010000 0 1161
144.010000 1 1205
144.010000 2 1109
144.010000 3 1257
144.010000 4 1266
144.010000 5 1167
144.010000 6 1271
144.010000 7 1095
144.010000 8 1161
144.010000 9 1233
144.010000 10 1229
144.010000 11 1192
144.010000 12 1231
144.010000 13 1242
144.010000 14 1216
144.010000 15 1145
144.010000 16 1239
144.010000 17 1235
144.010000 18 1237
144.010000 19 1243
144.010000 20 1242
144.010000 21 1160
145.010000 0 1037
145.010000 1 1039
145.010000 2 1022
145.010000 3 1086
145.010000 4 1103
145.010000 5 1059
145.010000 6 1096
145.010000 7 942
145.010000 8 1026
145.010000 9 1104
145.010000 10 1096
145.010000 11 1018
145.010000 12 1080
145.010000 13 1074
145.010000 14 1080
145.010000 15 1036
145.010000 16 1094
145.010000 17 1060
145.010000 18 1087
145.010000 19 1100
145.010000 20 1091
145.010000 21 1020
146.010000 0 1162
146.010000 1 1156
146.010000 2 1188
146.010000 3 1198
146.010000 4 1228
146.010000 5 1207
146.010000 6 1238
146.010000 7 1062
146.010000 8 1149
146.010000 9 1229
146.010000 10 1207
146.010000 11 1135
146.010000 12 1215
146.010000 13 1216
146.010000 14 1225
146.010000 15 1192
146.010000 16 1228
146.010000 17 1194
146.010000 18 1214
146.010000 19 1251
146.010000 20 1231
146.010000 21 1148
147.010000 0 968
147.010000 1 974
147.010000 2 1035
147.010000 3 1022
147.010000 4 1049
147.010000 5 1051
147.010000 6 1037
147.010000 7 880
147.010000 8 1004
147.010000 9 1050
147.010000 10 1034
147.010000 11 989
147.010000 12 1049
147.010000 13 1037
147.010000 14 1042
147.010000 15 1045
147.010000 16 1048
147.010000 17 1016
147.010000 18 1042
147.010000 19 1078
147.010000 20 1054
147.010000 21 976
148.010000 0 1059
148.010000 1 1042
148.010000 2 1004
148.010000 3 1087
148.010000 4 1104
148.010000 5 1110
148.010000 6 1120
148.010000 7 938
148.010000 8 1032
148.010000 9 1102
148.010000 10 1078
148.010000 11 1055
148.010000 12 1073
148.010000 13 1096
148.010000 14 1106
148.010000 15 1085
148.010000 16 1100
148.010000 17 1086
148.010000 18 1115
148.010000 19 1044
148.010000 20 1091
148.010000 21 1010
149.010000 0 1071
149.010000 1 1049
149.010000 2 1071
149.010000 3 1111
149.010000 4 1126
149.010000 5 1136
149.010000 6 1131
149.010000 7 917
149.010000 8 1093
149.010000 9 1129
149.010000 10 1128
149.010000 11 1082
149.010000 12 1114
149.010000 13 1115
149.010000 14 1133
149.010000 15 1120
149.010000 16 1122
149.010000 17 1098
149.010000 18 1112
149.010000 19 1105
149.010000 20 1117
149.010000 21 1022
