0.010000 0 4
0.010000 1 6
0.010000 2 4
0.010000 3 5
0.010000 4 5
0.010000 5 6
0.010000 6 6
0.010000 7 6
0.010000 8 6
0.010000 9 4
0.010000 10 6
0.010000 11 4
0.010000 12 6
0.010000 13 6
1.010000 0 12
1.010000 1 13
1.010000 2 14
1.010000 3 14
1.010000 4 13
1.010000 5 13
1.010000 6 13
1.010000 7 12
1.010000 8 13
1.010000 9 14
1.010000 10 13
1.010000 11 12
1.010000 12 12
1.010000 13 12
2.010000 0 12
2.010000 1 11
2.010000 2 10
2.010000 3 10
2.010000 4 12
2.010000 5 11
2.010000 6 10
2.010000 7 12
2.010000 8 10
2.010000 9 10
2.010000 10 11
2.010000 11 12
2.010000 12 12
2.010000 13 11
3.010000 0 11
3.010000 1 14
3.010000 2 13
3.010000 3 15
3.010000 4 14
3.010000 5 14
3.010000 6 15
3.010000 7 14
3.010000 8 15
3.010000 9 13
3.010000 10 13
3.010000 11 11
3.010000 12 13
3.010000 13 14
4.010000 0 15
4.010000 1 15
4.010000 2 13
4.010000 3 16
4.010000 4 15
4.010000 5 15
4.010000 6 16
4.010000 7 16
4.010000 8 16
4.010000 9 13
4.010000 10 17
4.010000 11 15
4.010000 12 17
4.010000 13 16
5.010000 0 10
5.010000 1 12
5.010000 2 10
5.010000 3 11
5.010000 4 12
5.010000 5 12
5.010000 6 10
5.010000 7 10
5.010000 8 11
5.010000 9 10
5.010000 10 11
5.010000 11 10
5.010000 12 11
5.010000 13 12
6.010000 0 12
6.010000 1 13
6.010000 2 13
6.010000 3 13
6.010000 4 13
6.010000 5 13
6.010000 6 13
6.010000 7 14
6.010000 8 13
6.010000 9 13
6.010000 10 13
6.010000 11 12
6.010000 12 12
6.010000 13 12
7.010000 0 13
7.010000 1 11
7.010000 2 12
7.010000 3 12
7.010000 4 12
7.010000 5 11
7.010000 6 13
7.010000 7 12
7.010000 8 11
7.010000 9 12
7.010000 10 12
7.010000 11 13
7.010000 12 12
7.010000 13 12
8.010000 0 11
8.010000 1 13
8.010000 2 11
8.010000 3 12
8.010000 4 11
8.010000 5 12
8.010000 6 12
8.010000 7 12
8.010000 8 12
8.010000 9 11
8.010000 10 12
8.010000 11 11
8.010000 12 12
8.010000 13 13
9.010000 0 12
9.010000 1 12
9.010000 2 12
9.010000 3 13
9.010000 4 14
9.010000 5 13
9.010000 6 13
9.010000 7 12
9.010000 8 14
9.010000 9 12
9.010000 10 13
9.010000 11 12
9.010000 12 13
9.010000 13 13
10.010000 0 12
10.010000 1 14
10.010000 2 12
10.010000 3 13
10.010000 4 12
10.010000 5 13
10.010000 6 13
10.010000 7 13
10.010000 8 13
10.010000 9 12
10.010000 10 13
10.010000 11 12
10.010000 12 14
10.010000 13 12
11.010000 0 12
11.010000 1 15
11.010000 2 14
11.010000 3 14
11.010000 4 15
11.010000 5 16
11.010000 6 15
11.010000 7 16
11.010000 8 15
11.010000 9 14
11.010000 10 14
11.010000 11 12
11.010000 12 14
11.010000 13 16
12.010000 0 12
12.010000 1 13
12.010000 2 10
12.010000 3 14
12.010000 4 14
12.010000 5 13
12.010000 6 13
12.010000 7 12
12.010000 8 12
12.010000 9 10
12.010000 10 14
12.010000 11 12
12.010000 12 14
12.010000 13 13
13.010000 0 13
13.010000 1 12
13.010000 2 13
13.010000 3 12
13.010000 4 12
13.010000 5 12
13.010000 6 12
13.010000 7 12
13.010000 8 12
13.010000 9 13
13.010000 10 11
13.010000 11 13
13.010000 12 11
13.010000 13 11
14.010000 0 11
14.010000 1 14
14.010000 2 11
14.010000 3 14
14.010000 4 13
14.010000 5 14
14.010000 6 14
14.010000 7 14
14.010000 8 15
14.010000 9 11
14.010000 10 15
14.010000 11 11
14.010000 12 15
14.010000 13 15
15.010000 0 12
15.010000 1 14
15.010000 2 15
15.010000 3 14
15.010000 4 14
15.010000 5 14
15.010000 6 13
15.010000 7 15
15.010000 8 13
15.010000 9 15
15.010000 10 13
15.010000 11 12
15.010000 12 14
15.010000 13 14
16.010000 0 43
16.010000 1 43
16.010000 2 49
16.010000 3 51
16.010000 4 48
16.010000 5 51
16.010000 6 52
16.010000 7 49
16.010000 8 51
16.010000 9 49
16.010000 10 51
16.010000 11 43
16.010000 12 50
16.010000 13 45
17.010000 0 13
17.010000 1 12
17.010000 2 9
17.010000 3 12
17.010000 4 11
17.010000 5 11
17.010000 6 12
17.010000 7 13
17.010000 8 13
17.010000 9 9
17.010000 10 11
17.010000 11 13
17.010000 12 13
17.010000 13 13
18.010000 0 11
18.010000 1 14
18.010000 2 17
18.010000 3 15
18.010000 4 17
18.010000 5 17
18.010000 6 15
18.010000 7 16
18.010000 8 16
18.010000 9 17
18.010000 10 17
18.010000 11 11
18.010000 12 16
18.010000 13 16
19.010000 0 650
19.010000 1 606
19.010000 2 648
19.010000 3 652
19.010000 4 651
19.010000 5 651
19.010000 6 652
19.010000 7 342
19.010000 8 430
19.010000 9 648
19.010000 10 610
19.010000 11 650
19.010000 12 651
19.010000 13 651
20.010000 0 648
20.010000 1 594
20.010000 2 646
20.010000 3 649
20.010000 4 648
20.010000 5 648
20.010000 6 649
20.010000 7 333
20.010000 8 449
20.010000 9 646
20.010000 10 588
20.010000 11 648
20.010000 12 649
20.010000 13 649
21.010000 0 628
21.010000 1 575
21.010000 2 630
21.010000 3 630
21.010000 4 631
21.010000 5 631
21.010000 6 630
21.010000 7 320
21.010000 8 418
21.010000 9 630
21.010000 10 588
21.010000 11 628
21.010000 12 630
21.010000 13 630
22.010000 0 658
22.010000 1 615
22.010000 2 658
22.010000 3 657
22.010000 4 658
22.010000 5 658
22.010000 6 657
22.010000 7 335
22.010000 8 434
22.010000 9 658
22.010000 10 603
22.010000 11 658
22.010000 12 658
22.010000 13 658
23.010000 0 643
23.010000 1 584
23.010000 2 642
23.010000 3 645
23.010000 4 644
23.010000 5 643
23.010000 6 645
23.010000 7 329
23.010000 8 455
23.010000 9 642
23.010000 10 578
23.010000 11 643
23.010000 12 643
23.010000 13 644
24.010000 0 637
24.010000 1 558
24.010000 2 639
24.010000 3 639
24.010000 4 639
24.010000 5 639
24.010000 6 639
24.010000 7 327
24.010000 8 464
24.010000 9 639
24.010000 10 581
24.010000 11 637
24.010000 12 639
24.010000 13 639
25.010000 0 679
25.010000 1 610
25.010000 2 682
25.010000 3 683
25.010000 4 683
25.010000 5 684
25.010000 6 683
25.010000 7 351
25.010000 8 514
25.010000 9 682
25.010000 10 588
25.010000 11 679
25.010000 12 684
25.010000 13 683
26.010000 0 659
26.010000 1 588
26.010000 2 667
26.010000 3 668
26.010000 4 659
26.010000 5 668
26.010000 6 668
26.010000 7 363
26.010000 8 493
26.010000 9 667
26.010000 10 599
26.010000 11 659
26.010000 12 667
26.010000 13 660
27.010000 0 634
27.010000 1 565
27.010000 2 645
27.010000 3 646
27.010000 4 637
27.010000 5 646
27.010000 6 646
27.010000 7 353
27.010000 8 483
27.010000 9 645
27.010000 10 578
27.010000 11 634
27.010000 12 647
27.010000 13 637
28.010000 0 642
28.010000 1 571
28.010000 2 657
28.010000 3 657
28.010000 4 646
28.010000 5 658
28.010000 6 658
28.010000 7 370
28.010000 8 494
28.010000 9 657
28.010000 10 593
28.010000 11 642
28.010000 12 658
28.010000 13 645
29.010000 0 649
29.010000 1 561
29.010000 2 667
29.010000 3 669
29.010000 4 647
29.010000 5 668
29.010000 6 667
29.010000 7 395
29.010000 8 537
29.010000 9 667
29.010000 10 586
29.010000 11 649
29.010000 12 668
29.010000 13 645
30.010000 0 631
30.010000 1 554
30.010000 2 653
30.010000 3 654
30.010000 4 634
30.010000 5 654
30.010000 6 655
30.010000 7 384
30.010000 8 518
30.010000 9 653
30.010000 10 581
30.010000 11 631
30.010000 12 654
30.010000 13 633
31.010000 0 634
31.010000 1 548
31.010000 2 654
31.010000 3 655
31.010000 4 638
31.010000 5 654
31.010000 6 655
31.010000 7 382
31.010000 8 528
31.010000 9 654
31.010000 10 576
31.010000 11 634
31.010000 12 654
31.010000 13 638
32.010000 0 640
32.010000 1 552
32.010000 2 670
32.010000 3 671
32.010000 4 646
32.010000 5 672
32.010000 6 671
32.010000 7 409
32.010000 8 562
32.010000 9 670
32.010000 10 581
32.010000 11 640
32.010000 12 672
32.010000 13 646
33.010000 0 624
33.010000 1 550
33.010000 2 651
33.010000 3 651
33.010000 4 623
33.010000 5 652
33.010000 6 651
33.010000 7 404
33.010000 8 529
33.010000 9 651
33.010000 10 572
33.010000 11 624
33.010000 12 652
33.010000 13 624
34.010000 0 656
34.010000 1 560
34.010000 2 692
34.010000 3 694
34.010000 4 664
34.010000 5 693
34.010000 6 694
34.010000 7 434
34.010000 8 578
34.010000 9 692
34.010000 10 614
34.010000 11 656
34.010000 12 693
34.010000 13 662
35.010000 0 648
35.010000 1 578
35.010000 2 687
35.010000 3 688
35.010000 4 649
35.010000 5 688
35.010000 6 688
35.010000 7 447
35.010000 8 579
35.010000 9 687
35.010000 10 591
35.010000 11 648
35.010000 12 688
35.010000 13 648
