0.010000 0 5
0.010000 1 5
0.010000 2 3
0.010000 3 5
0.010000 4 4
0.010000 5 4
0.010000 6 3
0.010000 7 5
0.010000 8 5
0.010000 9 4
1.010000 0 7
1.010000 1 10
1.010000 2 9
1.010000 3 9
1.010000 4 10
1.010000 5 11
1.010000 6 9
1.010000 7 10
1.010000 8 7
1.010000 9 11
2.010000 0 8
2.010000 1 8
2.010000 2 10
2.010000 3 10
2.010000 4 9
2.010000 5 8
2.010000 6 10
2.010000 7 9
2.010000 8 8
2.010000 9 8
3.010000 0 8
3.010000 1 10
3.010000 2 6
3.010000 3 9
3.010000 4 9
3.010000 5 10
3.010000 6 6
3.010000 7 9
3.010000 8 8
3.010000 9 9
4.010000 0 9
4.010000 1 8
4.010000 2 7
4.010000 3 8
4.010000 4 8
4.010000 5 7
4.010000 6 7
4.010000 7 8
4.010000 8 9
4.010000 9 8
5.010000 0 8
5.010000 1 9
5.010000 2 8
5.010000 3 8
5.010000 4 9
5.010000 5 10
5.010000 6 8
5.010000 7 8
5.010000 8 8
5.010000 9 10
6.010000 0 7
6.010000 1 10
6.010000 2 9
6.010000 3 11
6.010000 4 11
6.010000 5 9
6.010000 6 9
6.010000 7 11
6.010000 8 7
6.010000 9 9
7.010000 0 8
7.010000 1 9
7.010000 2 8
7.010000 3 9
7.010000 4 8
7.010000 5 10
7.010000 6 8
7.010000 7 8
7.010000 8 8
7.010000 9 10
8.010000 0 7
8.010000 1 7
8.010000 2 8
8.010000 3 8
8.010000 4 9
8.010000 5 7
8.010000 6 8
8.010000 7 9
8.010000 8 7
8.010000 9 8
9.010000 0 8
9.010000 1 9
9.010000 2 9
9.010000 3 9
9.010000 4 8
9.010000 5 10
9.010000 6 9
9.010000 7 8
9.010000 8 8
9.010000 9 9
10.010000 0 10
10.010000 1 9
10.010000 2 6
10.010000 3 9
10.010000 4 9
10.010000 5 9
10.010000 6 6
10.010000 7 10
10.010000 8 10
10.010000 9 8
11.010000 0 6
11.010000 1 9
11.010000 2 8
11.010000 3 9
11.010000 4 10
11.010000 5 9
11.010000 6 8
11.010000 7 9
11.010000 8 6
11.010000 9 10
12.010000 0 10
12.010000 1 9
12.010000 2 8
12.010000 3 9
12.010000 4 8
12.010000 5 9
12.010000 6 8
12.010000 7 9
12.010000 8 10
12.010000 9 8
13.010000 0 9
13.010000 1 10
13.010000 2 9
13.010000 3 9
13.010000 4 10
13.010000 5 9
13.010000 6 9
13.010000 7 10
13.010000 8 9
13.010000 9 11
14.010000 0 6
14.010000 1 10
14.010000 2 10
14.010000 3 10
14.010000 4 9
14.010000 5 9
14.010000 6 10
14.010000 7 8
14.010000 8 6
14.010000 9 8
15.010000 0 8
15.010000 1 7
15.010000 2 6
15.010000 3 7
15.010000 4 6
15.010000 5 7
15.010000 6 6
15.010000 7 7
15.010000 8 8
15.010000 9 8
16.010000 0 633
16.010000 1 644
16.010000 2 640
16.010000 3 340
16.010000 4 338
16.010000 5 645
16.010000 6 640
16.010000 7 645
16.010000 8 633
16.010000 9 644
17.010000 0 655
17.010000 1 655
17.010000 2 655
17.010000 3 334
17.010000 4 333
17.010000 5 656
17.010000 6 655
17.010000 7 656
17.010000 8 655
17.010000 9 655
18.010000 0 653
18.010000 1 657
18.010000 2 655
18.010000 3 332
18.010000 4 333
18.010000 5 656
18.010000 6 655
18.010000 7 656
18.010000 8 653
18.010000 9 657
19.010000 0 629
19.010000 1 644
19.010000 2 634
19.010000 3 344
19.010000 4 348
19.010000 5 644
19.010000 6 634
19.010000 7 643
19.010000 8 629
19.010000 9 643
20.010000 0 648
20.010000 1 654
20.010000 2 653
20.010000 3 339
20.010000 4 333
20.010000 5 655
20.010000 6 653
20.010000 7 655
20.010000 8 648
20.010000 9 655
21.010000 0 663
21.010000 1 667
21.010000 2 666
21.010000 3 338
21.010000 4 337
21.010000 5 666
21.010000 6 666
21.010000 7 666
21.010000 8 663
21.010000 9 666
