0.010000 0 0
0.010000 1 0
0.010000 2 0
0.010000 3 0
0.010000 4 0
0.010000 5 0
0.010000 6 0
0.010000 7 0
0.010000 8 0
1.010000 0 0
1.010000 1 0
1.010000 2 0
1.010000 3 0
1.010000 4 0
1.010000 5 0
1.010000 6 0
1.010000 7 0
1.010000 8 0
2.010000 0 0
2.010000 1 0
2.010000 2 0
2.010000 3 0
2.010000 4 0
2.010000 5 0
2.010000 6 0
2.010000 7 0
2.010000 8 0
3.010000 0 0
3.010000 1 0
3.010000 2 0
3.010000 3 0
3.010000 4 0
3.010000 5 0
3.010000 6 0
3.010000 7 0
3.010000 8 0
4.010000 0 0
4.010000 1 0
4.010000 2 0
4.010000 3 0
4.010000 4 0
4.010000 5 0
4.010000 6 0
4.010000 7 0
4.010000 8 0
5.010000 0 0
5.010000 1 0
5.010000 2 0
5.010000 3 0
5.010000 4 0
5.010000 5 0
5.010000 6 0
5.010000 7 0
5.010000 8 0
6.010000 0 0
6.010000 1 0
6.010000 2 0
6.010000 3 0
6.010000 4 0
6.010000 5 0
6.010000 6 0
6.010000 7 0
6.010000 8 0
7.010000 0 0
7.010000 1 0
7.010000 2 0
7.010000 3 0
7.010000 4 0
7.010000 5 0
7.010000 6 0
7.010000 7 0
7.010000 8 0
8.010000 0 0
8.010000 1 0
8.010000 2 0
8.010000 3 0
8.010000 4 0
8.010000 5 0
8.010000 6 0
8.010000 7 0
8.010000 8 0
9.010000 0 0
9.010000 1 0
9.010000 2 0
9.010000 3 0
9.010000 4 0
9.010000 5 0
9.010000 6 0
9.010000 7 0
9.010000 8 0
10.010000 0 0
10.010000 1 0
10.010000 2 0
10.010000 3 0
10.010000 4 0
10.010000 5 0
10.010000 6 0
10.010000 7 0
10.010000 8 0
11.010000 0 0
11.010000 1 0
11.010000 2 0
11.010000 3 0
11.010000 4 0
11.010000 5 0
11.010000 6 0
11.010000 7 0
11.010000 8 0
12.010000 0 0
12.010000 1 0
12.010000 2 0
12.010000 3 0
12.010000 4 0
12.010000 5 0
12.010000 6 0
12.010000 7 0
12.010000 8 0
13.010000 0 0
13.010000 1 0
13.010000 2 0
13.010000 3 0
13.010000 4 0
13.010000 5 0
13.010000 6 0
13.010000 7 0
13.010000 8 0
14.010000 0 0
14.010000 1 0
14.010000 2 0
14.010000 3 0
14.010000 4 0
14.010000 5 0
14.010000 6 0
14.010000 7 0
14.010000 8 0
15.010000 0 0
15.010000 1 1
15.010000 2 1
15.010000 3 1
15.010000 4 1
15.010000 5 1
15.010000 6 1
15.010000 7 1
15.010000 8 0
16.010000 0 504
16.010000 1 607
16.010000 2 602
16.010000 3 413
16.010000 4 423
16.010000 5 607
16.010000 6 602
16.010000 7 516
16.010000 8 504
17.010000 0 511
17.010000 1 624
17.010000 2 624
17.010000 3 409
17.010000 4 424
17.010000 5 624
17.010000 6 624
17.010000 7 528
17.010000 8 511
18.010000 0 564
18.010000 1 662
18.010000 2 662
18.010000 3 453
18.010000 4 428
18.010000 5 662
18.010000 6 662
18.010000 7 541
18.010000 8 564
19.010000 0 554
19.010000 1 666
19.010000 2 666
19.010000 3 441
19.010000 4 445
19.010000 5 666
19.010000 6 666
19.010000 7 558
19.010000 8 554
20.010000 0 530
20.010000 1 645
20.010000 2 645
20.010000 3 430
20.010000 4 437
20.010000 5 645
20.010000 6 645
20.010000 7 538
20.010000 8 530
21.010000 0 557
21.010000 1 686
21.010000 2 686
21.010000 3 442
21.010000 4 472
21.010000 5 686
21.010000 6 686
21.010000 7 587
21.010000 8 557
22.010000 0 572
22.010000 1 674
22.010000 2 674
22.010000 3 461
22.010000 4 438
22.010000 5 674
22.010000 6 674
22.010000 7 551
22.010000 8 572
23.010000 0 534
23.010000 1 650
23.010000 2 650
23.010000 3 431
23.010000 4 440
23.010000 5 650
23.010000 6 650
23.010000 7 545
23.010000 8 534
24.010000 0 539
24.010000 1 636
24.010000 2 636
24.010000 3 428
24.010000 4 415
24.010000 5 636
24.010000 6 636
24.010000 7 526
24.010000 8 539
25.010000 0 555
25.010000 1 672
25.010000 2 672
25.010000 3 444
25.010000 4 453
25.010000 5 672
25.010000 6 672
25.010000 7 564
25.010000 8 555
26.010000 0 551
26.010000 1 661
26.010000 2 661
26.010000 3 443
26.010000 4 440
26.010000 5 661
26.010000 6 661
26.010000 7 549
26.010000 8 551
27.010000 0 557
27.010000 1 659
27.010000 2 659
27.010000 3 447
27.010000 4 432
27.010000 5 659
27.010000 6 659
27.010000 7 541
27.010000 8 557
28.010000 0 567
28.010000 1 685
28.010000 2 685
28.010000 3 453
28.010000 4 460
28.010000 5 685
28.010000 6 685
28.010000 7 575
28.010000 8 567
29.010000 0 533
29.010000 1 649
29.010000 2 649
29.010000 3 428
29.010000 4 440
29.010000 5 649
29.010000 6 649
29.010000 7 546
29.010000 8 533
30.010000 0 532
30.010000 1 630
30.010000 2 630
30.010000 3 427
30.010000 4 413
30.010000 5 630
30.010000 6 630
30.010000 7 518
30.010000 8 532
31.010000 0 580
31.010000 1 696
31.010000 2 696
31.010000 3 462
31.010000 4 465
31.010000 5 696
31.010000 6 696
31.010000 7 581
31.010000 8 580
32.010000 0 546
32.010000 1 652
32.010000 2 652
32.010000 3 436
32.010000 4 431
32.010000 5 652
32.010000 6 652
32.010000 7 543
32.010000 8 546
33.010000 0 538
33.010000 1 656
33.010000 2 656
33.010000 3 434
33.010000 4 446
33.010000 5 656
33.010000 6 656
33.010000 7 550
33.010000 8 538
34.010000 0 541
34.010000 1 651
34.010000 2 651
34.010000 3 433
34.010000 4 436
34.010000 5 651
34.010000 6 651
34.010000 7 543
34.010000 8 541
35.010000 0 571
35.010000 1 673
35.010000 2 673
35.010000 3 457
35.010000 4 438
35.010000 5 673
35.010000 6 673
35.010000 7 553
35.010000 8 571
36.010000 0 544
36.010000 1 654
36.010000 2 654
36.010000 3 436
36.010000 4 437
36.010000 5 654
36.010000 6 654
36.010000 7 545
36.010000 8 544
37.010000 0 536
37.010000 1 648
37.010000 2 648
37.010000 3 428
37.010000 4 437
37.010000 5 648
37.010000 6 648
37.010000 7 543
37.010000 8 536
38.010000 0 544
38.010000 1 652
38.010000 2 652
38.010000 3 433
38.010000 4 433
38.010000 5 652
38.010000 6 652
38.010000 7 546
38.010000 8 544
39.010000 0 544
39.010000 1 648
39.010000 2 648
39.010000 3 440
39.010000 4 428
39.010000 5 648
39.010000 6 648
39.010000 7 532
39.010000 8 544
40.010000 0 541
40.010000 1 645
40.010000 2 645
40.010000 3 436
40.010000 4 427
40.010000 5 645
40.010000 6 645
40.010000 7 531
40.010000 8 541
41.010000 0 550
41.010000 1 660
41.010000 2 660
41.010000 3 436
41.010000 4 440
41.010000 5 660
41.010000 6 660
41.010000 7 554
41.010000 8 550
42.010000 0 557
42.010000 1 673
42.010000 2 673
42.010000 3 449
42.010000 4 453
42.010000 5 673
42.010000 6 673
42.010000 7 560
42.010000 8 557
43.010000 0 546
43.010000 1 650
43.010000 2 650
43.010000 3 434
43.010000 4 428
43.010000 5 650
43.010000 6 650
43.010000 7 542
43.010000 8 546
44.010000 0 550
44.010000 1 662
44.010000 2 662
44.010000 3 441
44.010000 4 444
44.010000 5 662
44.010000 6 662
44.010000 7 551
44.010000 8 550
45.010000 0 562
45.010000 1 678
45.010000 2 678
45.010000 3 450
45.010000 4 454
45.010000 5 678
45.010000 6 678
45.010000 7 568
45.010000 8 562
46.010000 0 566
46.010000 1 680
46.010000 2 680
46.010000 3 455
46.010000 4 454
46.010000 5 680
46.010000 6 680
46.010000 7 565
46.010000 8 566
47.010000 0 540
47.010000 1 648
47.010000 2 648
47.010000 3 431
47.010000 4 432
47.010000 5 648
47.010000 6 648
47.010000 7 541
47.010000 8 540
48.010000 0 554
48.010000 1 660
48.010000 2 660
48.010000 3 444
48.010000 4 436
48.010000 5 660
48.010000 6 660
48.010000 7 546
48.010000 8 554
49.010000 0 558
49.010000 1 668
49.010000 2 668
49.010000 3 446
49.010000 4 443
49.010000 5 668
49.010000 6 668
49.010000 7 557
49.010000 8 558
50.010000 0 552
50.010000 1 660
50.010000 2 660
50.010000 3 443
50.010000 4 438
50.010000 5 660
50.010000 6 660
50.010000 7 547
50.010000 8 552
51.010000 0 543
51.010000 1 660
51.010000 2 660
51.010000 3 440
51.010000 4 447
51.010000 5 660
51.010000 6 660
51.010000 7 550
51.010000 8 543
52.010000 0 532
52.010000 1 640
52.010000 2 640
52.010000 3 421
52.010000 4 428
52.010000 5 640
52.010000 6 640
52.010000 7 539
52.010000 8 532
53.010000 0 564
53.010000 1 664
53.010000 2 664
53.010000 3 455
53.010000 4 432
53.010000 5 664
53.010000 6 664
53.010000 7 541
53.010000 8 564
54.010000 0 530
54.010000 1 642
54.010000 2 642
54.010000 3 423
54.010000 4 434
54.010000 5 642
54.010000 6 642
54.010000 7 539
54.010000 8 530
55.010000 0 564
55.010000 1 680
55.010000 2 680
55.010000 3 452
55.010000 4 455
55.010000 5 680
55.010000 6 680
55.010000 7 569
55.010000 8 564
56.010000 0 548
56.010000 1 652
56.010000 2 652
56.010000 3 438
56.010000 4 431
56.010000 5 652
56.010000 6 652
56.010000 7 539
56.010000 8 548
57.010000 0 560
57.010000 1 672
57.010000 2 672
57.010000 3 446
57.010000 4 448
57.010000 5 672
57.010000 6 672
57.010000 7 562
57.010000 8 560
58.010000 0 548
58.010000 1 650
58.010000 2 650
58.010000 3 438
58.010000 4 426
58.010000 5 650
58.010000 6 650
58.010000 7 538
58.010000 8 548
59.010000 0 544
59.010000 1 672
59.010000 2 672
59.010000 3 443
59.010000 4 464
59.010000 5 672
59.010000 6 672
59.010000 7 565
59.010000 8 544
60.010000 0 518
60.010000 1 612
60.010000 2 612
60.010000 3 405
60.010000 4 400
60.010000 5 612
60.010000 6 612
60.010000 7 513
60.010000 8 518
61.010000 0 572
61.010000 1 680
61.010000 2 680
61.010000 3 462
61.010000 4 449
61.010000 5 680
61.010000 6 680
61.010000 7 557
61.010000 8 572
62.010000 0 552
62.010000 1 666
62.010000 2 666
62.010000 3 443
62.010000 4 446
62.010000 5 666
62.010000 6 666
62.010000 7 557
62.010000 8 552
63.010000 0 530
63.010000 1 638
63.010000 2 638
63.010000 3 426
63.010000 4 427
63.010000 5 638
63.010000 6 638
63.010000 7 531
63.010000 8 530
64.010000 0 548
64.010000 1 650
64.010000 2 650
64.010000 3 442
64.010000 4 427
64.010000 5 650
64.010000 6 650
64.010000 7 533
64.010000 8 548
65.010000 0 552
65.010000 1 670
65.010000 2 670
65.010000 3 431
65.010000 4 454
65.010000 5 670
65.010000 6 670
65.010000 7 573
65.010000 8 552
66.010000 0 572
66.010000 1 680
66.010000 2 680
66.010000 3 465
66.010000 4 447
66.010000 5 680
66.010000 6 680
66.010000 7 556
66.010000 8 572
67.010000 0 530
67.010000 1 644
67.010000 2 644
67.010000 3 427
67.010000 4 436
67.010000 5 644
67.010000 6 644
67.010000 7 539
67.010000 8 530
68.010000 0 564
68.010000 1 677
68.010000 2 677
68.010000 3 450
68.010000 4 451
68.010000 5 677
68.010000 6 677
68.010000 7 566
68.010000 8 564
69.010000 0 545
69.010000 1 648
69.010000 2 648
69.010000 3 430
69.010000 4 426
69.010000 5 648
69.010000 6 648
69.010000 7 543
69.010000 8 545
70.010000 0 546
70.010000 1 654
70.010000 2 654
70.010000 3 443
70.010000 4 436
70.010000 5 654
70.010000 6 654
70.010000 7 537
70.010000 8 546
71.010000 0 559
71.010000 1 667
71.010000 2 667
71.010000 3 446
71.010000 4 442
71.010000 5 667
71.010000 6 667
71.010000 7 554
71.010000 8 559
72.010000 0 555
72.010000 1 679
72.010000 2 679
72.010000 3 449
72.010000 4 461
72.010000 5 679
72.010000 6 679
72.010000 7 572
72.010000 8 555
73.010000 0 552
73.010000 1 655
73.010000 2 655
73.010000 3 440
73.010000 4 430
73.010000 5 655
73.010000 6 655
73.010000 7 543
73.010000 8 552
74.010000 0 550
74.010000 1 657
74.010000 2 657
74.010000 3 441
74.010000 4 436
74.010000 5 657
74.010000 6 657
74.010000 7 544
74.010000 8 550
75.010000 0 542
75.010000 1 656
75.010000 2 656
75.010000 3 431
75.010000 4 442
75.010000 5 656
75.010000 6 656
75.010000 7 553
75.010000 8 542
76.010000 0 558
76.010000 1 662
76.010000 2 662
76.010000 3 446
76.010000 4 436
76.010000 5 662
76.010000 6 662
76.010000 7 546
76.010000 8 558
77.010000 0 543
77.010000 1 662
77.010000 2 662
77.010000 3 438
77.010000 4 449
77.010000 5 662
77.010000 6 662
77.010000 7 556
77.010000 8 543
78.010000 0 576
78.010000 1 697
78.010000 2 697
78.010000 3 463
78.010000 4 468
78.010000 5 697
78.010000 6 697
78.010000 7 584
78.010000 8 576
79.010000 0 550
79.010000 1 656
79.010000 2 656
79.010000 3 440
79.010000 4 434
79.010000 5 656
79.010000 6 656
79.010000 7 544
79.010000 8 550
80.010000 0 550
80.010000 1 651
80.010000 2 651
80.010000 3 441
80.010000 4 426
80.010000 5 651
80.010000 6 651
80.010000 7 536
80.010000 8 550
81.010000 0 563
81.010000 1 683
81.010000 2 683
81.010000 3 453
81.010000 4 463
81.010000 5 683
81.010000 6 683
81.010000 7 570
81.010000 8 563
82.010000 0 507
82.010000 1 612
82.010000 2 612
82.010000 3 399
82.010000 4 411
82.010000 5 612
82.010000 6 612
82.010000 7 519
82.010000 8 507
83.010000 0 583
83.010000 1 693
83.010000 2 693
83.010000 3 471
83.010000 4 456
83.010000 5 693
83.010000 6 693
83.010000 7 569
83.010000 8 583
84.010000 0 559
84.010000 1 668
84.010000 2 668
84.010000 3 454
84.010000 4 442
84.010000 5 668
84.010000 6 668
84.010000 7 549
84.010000 8 559
85.010000 0 551
85.010000 1 668
85.010000 2 668
85.010000 3 437
85.010000 4 451
85.010000 5 668
85.010000 6 668
85.010000 7 565
85.010000 8 551
86.010000 0 522
86.010000 1 636
86.010000 2 636
86.010000 3 413
86.010000 4 432
86.010000 5 636
86.010000 6 636
86.010000 7 541
86.010000 8 522
87.010000 0 556
87.010000 1 657
87.010000 2 657
87.010000 3 453
87.010000 4 429
87.010000 5 657
87.010000 6 657
87.010000 7 533
87.010000 8 556
88.010000 0 545
88.010000 1 658
88.010000 2 658
88.010000 3 432
88.010000 4 443
88.010000 5 658
88.010000 6 658
88.010000 7 554
88.010000 8 545
89.010000 0 559
89.010000 1 669
89.010000 2 669
89.010000 3 449
89.010000 4 443
89.010000 5 669
89.010000 6 669
89.010000 7 556
89.010000 8 559
90.010000 0 541
90.010000 1 650
90.010000 2 650
90.010000 3 434
90.010000 4 434
90.010000 5 650
90.010000 6 650
90.010000 7 541
90.010000 8 541
91.010000 0 544
91.010000 1 650
91.010000 2 650
91.010000 3 434
91.010000 4 432
91.010000 5 650
91.010000 6 650
91.010000 7 540
91.010000 8 544
92.010000 0 596
92.010000 1 716
92.010000 2 716
92.010000 3 479
92.010000 4 478
92.010000 5 716
92.010000 6 716
92.010000 7 595
92.010000 8 596
93.010000 0 539
93.010000 1 653
93.010000 2 653
93.010000 3 431
93.010000 4 440
93.010000 5 653
93.010000 6 653
93.010000 7 549
93.010000 8 539
94.010000 0 545
94.010000 1 647
94.010000 2 647
94.010000 3 434
94.010000 4 426
94.010000 5 647
94.010000 6 647
94.010000 7 536
94.010000 8 545
95.010000 0 560
95.010000 1 673
95.010000 2 673
95.010000 3 447
95.010000 4 449
95.010000 5 673
95.010000 6 673
95.010000 7 563
95.010000 8 560
96.010000 0 556
96.010000 1 670
96.010000 2 670
96.010000 3 440
96.010000 4 450
96.010000 5 670
96.010000 6 670
96.010000 7 564
96.010000 8 556
97.010000 0 550
97.010000 1 662
97.010000 2 662
97.010000 3 445
97.010000 4 442
97.010000 5 662
97.010000 6 662
97.010000 7 549
97.010000 8 550
98.010000 0 559
98.010000 1 667
98.010000 2 667
98.010000 3 449
98.010000 4 442
98.010000 5 667
98.010000 6 667
98.010000 7 551
98.010000 8 559
99.010000 0 555
99.010000 1 666
99.010000 2 666
99.010000 3 446
99.010000 4 444
99.010000 5 666
99.010000 6 666
99.010000 7 553
99.010000 8 555
100.010000 0 522
100.010000 1 632
100.010000 2 632
100.010000 3 413
100.010000 4 426
100.010000 5 632
100.010000 6 632
100.010000 7 535
100.010000 8 522
101.010000 0 540
101.010000 1 652
101.010000 2 652
101.010000 3 431
101.010000 4 438
101.010000 5 652
101.010000 6 652
101.010000 7 547
101.010000 8 540
102.010000 0 551
102.010000 1 650
102.010000 2 650
102.010000 3 448
102.010000 4 425
102.010000 5 650
102.010000 6 650
102.010000 7 526
102.010000 8 551
103.010000 0 576
103.010000 1 695
103.010000 2 695
103.010000 3 459
103.010000 4 465
103.010000 5 695
103.010000 6 695
103.010000 7 585
103.010000 8 576
104.010000 0 526
104.010000 1 636
104.010000 2 636
104.010000 3 416
104.010000 4 429
104.010000 5 636
104.010000 6 636
104.010000 7 537
104.010000 8 526
105.010000 0 552
105.010000 1 656
105.010000 2 656
105.010000 3 447
105.010000 4 431
105.010000 5 656
105.010000 6 656
105.010000 7 538
105.010000 8 552
106.010000 0 560
106.010000 1 680
106.010000 2 680
106.010000 3 446
106.010000 4 461
106.010000 5 680
106.010000 6 680
106.010000 7 573
106.010000 8 560
107.010000 0 591
107.010000 1 693
107.010000 2 693
107.010000 3 469
107.010000 4 448
107.010000 5 693
107.010000 6 693
107.010000 7 571
107.010000 8 591
108.010000 0 526
108.010000 1 636
108.010000 2 636
108.010000 3 421
108.010000 4 428
108.010000 5 636
108.010000 6 636
108.010000 7 533
108.010000 8 526
109.010000 0 581
109.010000 1 697
109.010000 2 697
109.010000 3 468
109.010000 4 464
109.010000 5 697
109.010000 6 697
109.010000 7 578
109.010000 8 581
110.010000 0 540
110.010000 1 656
110.010000 2 656
110.010000 3 432
110.010000 4 444
110.010000 5 656
110.010000 6 656
110.010000 7 552
110.010000 8 540
111.010000 0 535
111.010000 1 642
111.010000 2 642
111.010000 3 429
111.010000 4 427
111.010000 5 642
111.010000 6 642
111.010000 7 535
111.010000 8 535
112.010000 0 547
112.010000 1 651
112.010000 2 651
112.010000 3 442
112.010000 4 430
112.010000 5 651
112.010000 6 651
112.010000 7 534
112.010000 8 547
113.010000 0 554
113.010000 1 671
113.010000 2 671
113.010000 3 439
113.010000 4 452
113.010000 5 671
113.010000 6 671
113.010000 7 568
113.010000 8 554
114.010000 0 583
114.010000 1 705
114.010000 2 705
114.010000 3 473
114.010000 4 473
114.010000 5 705
114.010000 6 705
114.010000 7 586
114.010000 8 583
115.010000 0 521
115.010000 1 633
115.010000 2 633
115.010000 3 420
115.010000 4 427
115.010000 5 633
115.010000 6 633
115.010000 7 531
115.010000 8 521
116.010000 0 584
116.010000 1 690
116.010000 2 690
116.010000 3 465
116.010000 4 451
116.010000 5 690
116.010000 6 690
116.010000 7 570
116.010000 8 584
117.010000 0 523
117.010000 1 631
117.010000 2 631
117.010000 3 418
117.010000 4 423
117.010000 5 631
117.010000 6 631
117.010000 7 529
117.010000 8 523
118.010000 0 543
118.010000 1 648
118.010000 2 648
118.010000 3 434
118.010000 4 429
118.010000 5 648
118.010000 6 648
118.010000 7 538
118.010000 8 543
119.010000 0 559
119.010000 1 674
119.010000 2 674
119.010000 3 447
119.010000 4 452
119.010000 5 674
119.010000 6 674
119.010000 7 564
119.010000 8 559
120.010000 0 548
120.010000 1 656
120.010000 2 656
120.010000 3 440
120.010000 4 436
120.010000 5 656
120.010000 6 656
120.010000 7 544
120.010000 8 548
121.010000 0 568
121.010000 1 682
121.010000 2 682
121.010000 3 457
121.010000 4 454
121.010000 5 682
121.010000 6 682
121.010000 7 567
121.010000 8 568
122.010000 0 523
122.010000 1 635
122.010000 2 635
122.010000 3 418
122.010000 4 429
122.010000 5 635
122.010000 6 635
122.010000 7 535
122.010000 8 523
123.010000 0 577
123.010000 1 685
123.010000 2 685
123.010000 3 460
123.010000 4 451
123.010000 5 685
123.010000 6 685
123.010000 7 567
123.010000 8 577
124.010000 0 529
124.010000 1 647
124.010000 2 647
124.010000 3 421
124.010000 4 441
124.010000 5 647
124.010000 6 647
124.010000 7 550
124.010000 8 529
125.010000 0 545
125.010000 1 648
125.010000 2 648
125.010000 3 432
125.010000 4 428
125.010000 5 648
125.010000 6 648
125.010000 7 539
125.010000 8 545
126.010000 0 552
126.010000 1 666
126.010000 2 666
126.010000 3 446
126.010000 4 446
126.010000 5 666
126.010000 6 666
126.010000 7 554
126.010000 8 552
127.010000 0 576
127.010000 1 690
127.010000 2 690
127.010000 3 460
127.010000 4 459
127.010000 5 690
127.010000 6 690
127.010000 7 575
127.010000 8 576
128.010000 0 524
128.010000 1 626
128.010000 2 626
128.010000 3 419
128.010000 4 416
128.010000 5 626
128.010000 6 626
128.010000 7 519
128.010000 8 524
129.010000 0 551
129.010000 1 666
129.010000 2 666
129.010000 3 441
129.010000 4 448
129.010000 5 666
129.010000 6 666
129.010000 7 558
129.010000 8 551
130.010000 0 558
130.010000 1 676
130.010000 2 676
130.010000 3 446
130.010000 4 456
130.010000 5 676
130.010000 6 676
130.010000 7 568
130.010000 8 558
131.010000 0 540
131.010000 1 648
131.010000 2 648
131.010000 3 431
131.010000 4 431
131.010000 5 648
131.010000 6 648
131.010000 7 542
131.010000 8 540
132.010000 0 544
132.010000 1 656
132.010000 2 656
132.010000 3 436
132.010000 4 440
132.010000 5 656
132.010000 6 656
132.010000 7 548
132.010000 8 544
133.010000 0 541
133.010000 1 648
133.010000 2 648
133.010000 3 429
133.010000 4 431
133.010000 5 648
133.010000 6 648
133.010000 7 543
133.010000 8 541
134.010000 0 554
134.010000 1 663
134.010000 2 663
134.010000 3 450
134.010000 4 440
134.010000 5 663
134.010000 6 663
134.010000 7 545
134.010000 8 554
135.010000 0 570
135.010000 1 686
135.010000 2 686
135.010000 3 454
135.010000 4 458
135.010000 5 686
135.010000 6 686
135.010000 7 576
135.010000 8 570
136.010000 0 532
136.010000 1 648
136.010000 2 648
136.010000 3 432
136.010000 4 440
136.010000 5 648
136.010000 6 648
136.010000 7 540
136.010000 8 532
137.010000 0 546
137.010000 1 640
137.010000 2 640
137.010000 3 432
137.010000 4 414
137.010000 5 640
137.010000 6 640
137.010000 7 528
137.010000 8 546
138.010000 0 570
138.010000 1 696
138.010000 2 696
138.010000 3 455
138.010000 4 474
138.010000 5 696
138.010000 6 696
138.010000 7 589
138.010000 8 570
139.010000 0 543
139.010000 1 645
139.010000 2 645
139.010000 3 437
139.010000 4 425
139.010000 5 645
139.010000 6 645
139.010000 7 530
139.010000 8 543
140.010000 0 563
140.010000 1 668
140.010000 2 668
140.010000 3 448
140.010000 4 438
140.010000 5 668
140.010000 6 668
140.010000 7 555
140.010000 8 563
141.010000 0 549
141.010000 1 664
141.010000 2 664
141.010000 3 441
141.010000 4 448
141.010000 5 664
141.010000 6 664
141.010000 7 554
141.010000 8 549
142.010000 0 568
142.010000 1 675
142.010000 2 675
142.010000 3 452
142.010000 4 443
142.010000 5 675
142.010000 6 675
142.010000 7 562
142.010000 8 568
143.010000 0 537
143.010000 1 657
143.010000 2 657
143.010000 3 432
143.010000 4 448
143.010000 5 657
143.010000 6 657
143.010000 7 554
143.010000 8 537
144.010000 0 530
144.010000 1 634
144.010000 2 634
144.010000 3 421
144.010000 4 422
144.010000 5 634
144.010000 6 634
144.010000 7 529
144.010000 8 530
145.010000 0 571
145.010000 1 694
145.010000 2 694
145.010000 3 461
145.010000 4 469
145.010000 5 694
145.010000 6 694
145.010000 7 581
145.010000 8 571
146.010000 0 561
146.010000 1 672
146.010000 2 672
146.010000 3 451
146.010000 4 447
146.010000 5 672
146.010000 6 672
146.010000 7 557
146.010000 8 561
147.010000 0 532
147.010000 1 647
147.010000 2 647
147.010000 3 426
147.010000 4 438
147.010000 5 647
147.010000 6 647
147.010000 7 545
147.010000 8 532
148.010000 0 547
148.010000 1 651
148.010000 2 651
148.010000 3 434
148.010000 4 430
148.010000 5 651
148.010000 6 651
148.010000 7 542
148.010000 8 547
149.010000 0 574
149.010000 1 688
149.010000 2 688
149.010000 3 462
149.010000 4 457
149.010000 5 688
149.010000 6 688
149.010000 7 571
149.010000 8 574
