0.010000 0 0
0.010000 1 0
0.010000 2 0
0.010000 3 0
0.010000 4 0
0.010000 5 0
0.010000 6 0
0.010000 7 0
0.010000 8 0
0.010000 9 0
0.010000 10 0
0.010000 11 0
1.010000 0 0
1.010000 1 0
1.010000 2 0
1.010000 3 0
1.010000 4 0
1.010000 5 0
1.010000 6 0
1.010000 7 0
1.010000 8 0
1.010000 9 0
1.010000 10 0
1.010000 11 0
2.010000 0 0
2.010000 1 0
2.010000 2 0
2.010000 3 0
2.010000 4 0
2.010000 5 0
2.010000 6 0
2.010000 7 0
2.010000 8 0
2.010000 9 0
2.010000 10 0
2.010000 11 0
3.010000 0 0
3.010000 1 0
3.010000 2 0
3.010000 3 0
3.010000 4 0
3.010000 5 0
3.010000 6 0
3.010000 7 0
3.010000 8 0
3.010000 9 0
3.010000 10 0
3.010000 11 0
4.010000 0 0
4.010000 1 0
4.010000 2 0
4.010000 3 0
4.010000 4 0
4.010000 5 0
4.010000 6 0
4.010000 7 0
4.010000 8 0
4.010000 9 0
4.010000 10 0
4.010000 11 0
5.010000 0 0
5.010000 1 0
5.010000 2 0
5.010000 3 0
5.010000 4 0
5.010000 5 0
5.010000 6 0
5.010000 7 0
5.010000 8 0
5.010000 9 0
5.010000 10 0
5.010000 11 0
6.010000 0 0
6.010000 1 0
6.010000 2 0
6.010000 3 0
6.010000 4 0
6.010000 5 0
6.010000 6 0
6.010000 7 0
6.010000 8 0
6.010000 9 0
6.010000 10 0
6.010000 11 0
7.010000 0 0
7.010000 1 0
7.010000 2 0
7.010000 3 0
7.010000 4 0
7.010000 5 0
7.010000 6 0
7.010000 7 0
7.010000 8 0
7.010000 9 0
7.010000 10 0
7.010000 11 0
8.010000 0 0
8.010000 1 0
8.010000 2 0
8.010000 3 0
8.010000 4 0
8.010000 5 0
8.010000 6 0
8.010000 7 0
8.010000 8 0
8.010000 9 0
8.010000 10 0
8.010000 11 0
9.010000 0 0
9.010000 1 0
9.010000 2 0
9.010000 3 0
9.010000 4 0
9.010000 5 0
9.010000 6 0
9.010000 7 0
9.010000 8 0
9.010000 9 0
9.010000 10 0
9.010000 11 0
10.010000 0 0
10.010000 1 0
10.010000 2 0
10.010000 3 0
10.010000 4 0
10.010000 5 0
10.010000 6 0
10.010000 7 0
10.010000 8 0
10.010000 9 0
10.010000 10 0
10.010000 11 0
11.010000 0 0
11.010000 1 0
11.010000 2 0
11.010000 3 0
11.010000 4 0
11.010000 5 0
11.010000 6 0
11.010000 7 0
11.010000 8 0
11.010000 9 0
11.010000 10 0
11.010000 11 0
12.010000 0 0
12.010000 1 0
12.010000 2 0
12.010000 3 0
12.010000 4 0
12.010000 5 0
12.010000 6 0
12.010000 7 0
12.010000 8 0
12.010000 9 0
12.010000 10 0
12.010000 11 0
13.010000 0 0
13.010000 1 0
13.010000 2 0
13.010000 3 0
13.010000 4 0
13.010000 5 0
13.010000 6 0
13.010000 7 0
13.010000 8 0
13.010000 9 0
13.010000 10 0
13.010000 11 0
14.010000 0 0
14.010000 1 0
14.010000 2 0
14.010000 3 0
14.010000 4 0
14.010000 5 0
14.010000 6 0
14.010000 7 0
14.010000 8 0
14.010000 9 0
14.010000 10 0
14.010000 11 0
15.010000 0 0
15.010000 1 1
15.010000 2 1
15.010000 3 1
15.010000 4 1
15.010000 5 1
15.010000 6 1
15.010000 7 1
15.010000 8 1
15.010000 9 1
15.010000 10 1
15.010000 11 0
16.010000 0 765
16.010000 1 912
16.010000 2 907
16.010000 3 912
16.010000 4 622
16.010000 5 912
16.010000 6 908
16.010000 7 613
16.010000 8 908
16.010000 9 907
16.010000 10 758
16.010000 11 765
17.010000 0 807
17.010000 1 977
17.010000 2 977
17.010000 3 977
17.010000 4 647
17.010000 5 977
17.010000 6 977
17.010000 7 657
17.010000 8 977
17.010000 9 977
17.010000 10 820
17.010000 11 807
18.010000 0 783
18.010000 1 941
18.010000 2 941
18.010000 3 941
18.010000 4 629
18.010000 5 941
18.010000 6 941
18.010000 7 629
18.010000 8 941
18.010000 9 941
18.010000 10 782
18.010000 11 783
19.010000 0 817
19.010000 1 980
19.010000 2 980
19.010000 3 980
19.010000 4 653
19.010000 5 980
19.010000 6 980
19.010000 7 654
19.010000 8 980
19.010000 9 980
19.010000 10 816
19.010000 11 817
20.010000 0 798
20.010000 1 966
20.010000 2 966
20.010000 3 966
20.010000 4 638
20.010000 5 966
20.010000 6 966
20.010000 7 650
20.010000 8 966
20.010000 9 966
20.010000 10 812
20.010000 11 798
21.010000 0 809
21.010000 1 961
21.010000 2 961
21.010000 3 961
21.010000 4 651
21.010000 5 961
21.010000 6 961
21.010000 7 632
21.010000 8 961
21.010000 9 961
21.010000 10 791
21.010000 11 809
22.010000 0 833
22.010000 1 996
22.010000 2 996
22.010000 3 996
22.010000 4 668
22.010000 5 996
22.010000 6 996
22.010000 7 661
22.010000 8 996
22.010000 9 996
22.010000 10 826
22.010000 11 833
23.010000 0 812
23.010000 1 983
23.010000 2 983
23.010000 3 983
23.010000 4 650
23.010000 5 983
23.010000 6 983
23.010000 7 663
23.010000 8 983
23.010000 9 983
23.010000 10 824
23.010000 11 812
24.010000 0 797
24.010000 1 964
24.010000 2 964
24.010000 3 964
24.010000 4 644
24.010000 5 964
24.010000 6 964
24.010000 7 648
24.010000 8 964
24.010000 9 964
24.010000 10 803
24.010000 11 797
25.010000 0 806
25.010000 1 955
25.010000 2 955
25.010000 3 955
25.010000 4 637
25.010000 5 955
25.010000 6 955
25.010000 7 628
25.010000 8 955
25.010000 9 955
25.010000 10 794
25.010000 11 806
26.010000 0 845
26.010000 1 1025
26.010000 2 1025
26.010000 3 1025
26.010000 4 687
26.010000 5 1025
26.010000 6 1025
26.010000 7 689
26.010000 8 1025
26.010000 9 1025
26.010000 10 854
26.010000 11 845
27.010000 0 774
27.010000 1 936
27.010000 2 936
27.010000 3 936
27.010000 4 621
27.010000 5 936
27.010000 6 936
27.010000 7 628
27.010000 8 936
27.010000 9 936
27.010000 10 785
27.010000 11 774
28.010000 0 812
28.010000 1 970
28.010000 2 970
28.010000 3 970
28.010000 4 651
28.010000 5 970
28.010000 6 970
28.010000 7 643
28.010000 8 970
28.010000 9 970
28.010000 10 804
28.010000 11 812
29.010000 0 800
29.010000 1 966
29.010000 2 966
29.010000 3 966
29.010000 4 647
29.010000 5 966
29.010000 6 966
29.010000 7 649
29.010000 8 966
29.010000 9 966
29.010000 10 802
29.010000 11 800
30.010000 0 825
30.010000 1 980
30.010000 2 980
30.010000 3 980
30.010000 4 656
30.010000 5 980
30.010000 6 980
30.010000 7 645
30.010000 8 980
30.010000 9 980
30.010000 10 814
30.010000 11 825
31.010000 0 808
31.010000 1 984
31.010000 2 984
31.010000 3 984
31.010000 4 647
31.010000 5 984
31.010000 6 984
31.010000 7 667
31.010000 8 984
31.010000 9 984
31.010000 10 830
31.010000 11 808
32.010000 0 793
32.010000 1 954
32.010000 2 954
32.010000 3 954
32.010000 4 634
32.010000 5 954
32.010000 6 954
32.010000 7 639
32.010000 8 954
32.010000 9 954
32.010000 10 796
32.010000 11 793
33.010000 0 831
33.010000 1 998
33.010000 2 998
33.010000 3 998
33.010000 4 670
33.010000 5 998
33.010000 6 998
33.010000 7 665
33.010000 8 998
33.010000 9 998
33.010000 10 828
33.010000 11 831
34.010000 0 800
34.010000 1 967
34.010000 2 967
34.010000 3 967
34.010000 4 642
34.010000 5 967
34.010000 6 967
34.010000 7 649
34.010000 8 967
34.010000 9 967
34.010000 10 810
34.010000 11 800
35.010000 0 817
35.010000 1 980
35.010000 2 980
35.010000 3 980
35.010000 4 656
35.010000 5 980
35.010000 6 980
35.010000 7 654
35.010000 8 980
35.010000 9 980
35.010000 10 813
35.010000 11 817
36.010000 0 790
36.010000 1 938
36.010000 2 938
36.010000 3 938
36.010000 4 631
36.010000 5 938
36.010000 6 938
36.010000 7 616
36.010000 8 938
36.010000 9 938
36.010000 10 777
36.010000 11 790
37.010000 0 808
37.010000 1 981
37.010000 2 981
37.010000 3 981
37.010000 4 649
37.010000 5 981
37.010000 6 981
37.010000 7 663
37.010000 8 981
37.010000 9 981
37.010000 10 823
37.010000 11 808
38.010000 0 792
38.010000 1 951
38.010000 2 951
38.010000 3 951
38.010000 4 626
38.010000 5 951
38.010000 6 951
38.010000 7 634
38.010000 8 951
38.010000 9 951
38.010000 10 801
38.010000 11 792
39.010000 0 833
39.010000 1 1001
39.010000 2 1001
39.010000 3 1001
39.010000 4 677
39.010000 5 1001
39.010000 6 1001
39.010000 7 667
39.010000 8 1001
39.010000 9 1001
39.010000 10 826
39.010000 11 833
40.010000 0 818
40.010000 1 977
40.010000 2 977
40.010000 3 977
40.010000 4 655
40.010000 5 977
40.010000 6 977
40.010000 7 648
40.010000 8 977
40.010000 9 977
40.010000 10 810
40.010000 11 818
41.010000 0 816
41.010000 1 975
41.010000 2 975
41.010000 3 975
41.010000 4 654
41.010000 5 975
41.010000 6 975
41.010000 7 648
41.010000 8 975
41.010000 9 975
41.010000 10 807
41.010000 11 816
42.010000 0 799
42.010000 1 972
42.010000 2 972
42.010000 3 972
42.010000 4 638
42.010000 5 972
42.010000 6 972
42.010000 7 658
42.010000 8 972
42.010000 9 972
42.010000 10 821
42.010000 11 799
43.010000 0 813
43.010000 1 963
43.010000 2 963
43.010000 3 963
43.010000 4 654
43.010000 5 963
43.010000 6 963
43.010000 7 632
43.010000 8 963
43.010000 9 963
43.010000 10 790
43.010000 11 813
44.010000 0 811
44.010000 1 981
44.010000 2 981
44.010000 3 981
44.010000 4 650
44.010000 5 981
44.010000 6 981
44.010000 7 660
44.010000 8 981
44.010000 9 981
44.010000 10 822
44.010000 11 811
45.010000 0 809
45.010000 1 981
45.010000 2 981
45.010000 3 981
45.010000 4 650
45.010000 5 981
45.010000 6 981
45.010000 7 661
45.010000 8 981
45.010000 9 981
45.010000 10 823
45.010000 11 809
46.010000 0 795
46.010000 1 944
46.010000 2 944
46.010000 3 944
46.010000 4 635
46.010000 5 944
46.010000 6 944
46.010000 7 621
46.010000 8 944
46.010000 9 944
46.010000 10 781
46.010000 11 795
47.010000 0 814
47.010000 1 982
47.010000 2 982
47.010000 3 982
47.010000 4 651
47.010000 5 982
47.010000 6 982
47.010000 7 659
47.010000 8 982
47.010000 9 982
47.010000 10 822
47.010000 11 814
48.010000 0 813
48.010000 1 971
48.010000 2 971
48.010000 3 971
48.010000 4 651
48.010000 5 971
48.010000 6 971
48.010000 7 643
48.010000 8 971
48.010000 9 971
48.010000 10 806
48.010000 11 813
49.010000 0 806
49.010000 1 967
49.010000 2 967
49.010000 3 967
49.010000 4 647
49.010000 5 967
49.010000 6 967
49.010000 7 644
49.010000 8 967
49.010000 9 967
49.010000 10 804
49.010000 11 806
50.010000 0 813
50.010000 1 978
50.010000 2 978
50.010000 3 978
50.010000 4 651
50.010000 5 978
50.010000 6 978
50.010000 7 654
50.010000 8 978
50.010000 9 978
50.010000 10 816
50.010000 11 813
51.010000 0 820
51.010000 1 986
51.010000 2 986
51.010000 3 986
51.010000 4 656
51.010000 5 986
51.010000 6 986
51.010000 7 659
51.010000 8 986
51.010000 9 986
51.010000 10 823
51.010000 11 820
52.010000 0 819
52.010000 1 973
52.010000 2 973
52.010000 3 973
52.010000 4 655
52.010000 5 973
52.010000 6 973
52.010000 7 640
52.010000 8 973
52.010000 9 973
52.010000 10 805
52.010000 11 819
53.010000 0 817
53.010000 1 980
53.010000 2 980
53.010000 3 980
53.010000 4 653
53.010000 5 980
53.010000 6 980
53.010000 7 653
53.010000 8 980
53.010000 9 980
53.010000 10 817
53.010000 11 817
54.010000 0 789
54.010000 1 954
54.010000 2 954
54.010000 3 954
54.010000 4 635
54.010000 5 954
54.010000 6 954
54.010000 7 641
54.010000 8 954
54.010000 9 954
54.010000 10 797
54.010000 11 789
55.010000 0 824
55.010000 1 983
55.010000 2 983
55.010000 3 983
55.010000 4 662
55.010000 5 983
55.010000 6 983
55.010000 7 651
55.010000 8 983
55.010000 9 983
55.010000 10 812
55.010000 11 824
56.010000 0 816
56.010000 1 987
56.010000 2 987
56.010000 3 987
56.010000 4 654
56.010000 5 987
56.010000 6 987
56.010000 7 663
56.010000 8 987
56.010000 9 987
56.010000 10 828
56.010000 11 816
57.010000 0 788
57.010000 1 956
57.010000 2 956
57.010000 3 956
57.010000 4 632
57.010000 5 956
57.010000 6 956
57.010000 7 647
57.010000 8 956
57.010000 9 956
57.010000 10 801
57.010000 11 788
58.010000 0 802
58.010000 1 972
58.010000 2 972
58.010000 3 972
58.010000 4 641
58.010000 5 972
58.010000 6 972
58.010000 7 657
58.010000 8 972
58.010000 9 972
58.010000 10 816
58.010000 11 802
59.010000 0 813
59.010000 1 959
59.010000 2 959
59.010000 3 959
59.010000 4 650
59.010000 5 959
59.010000 6 959
59.010000 7 626
59.010000 8 959
59.010000 9 959
59.010000 10 788
59.010000 11 813
60.010000 0 795
60.010000 1 961
60.010000 2 961
60.010000 3 961
60.010000 4 639
60.010000 5 961
60.010000 6 961
60.010000 7 645
60.010000 8 961
60.010000 9 961
60.010000 10 804
60.010000 11 795
61.010000 0 827
61.010000 1 985
61.010000 2 985
61.010000 3 985
61.010000 4 657
61.010000 5 985
61.010000 6 985
61.010000 7 651
61.010000 8 985
61.010000 9 985
61.010000 10 820
61.010000 11 827
62.010000 0 813
62.010000 1 972
62.010000 2 972
62.010000 3 972
62.010000 4 651
62.010000 5 972
62.010000 6 972
62.010000 7 645
62.010000 8 972
62.010000 9 972
62.010000 10 807
62.010000 11 813
63.010000 0 809
63.010000 1 976
63.010000 2 976
63.010000 3 976
63.010000 4 647
63.010000 5 976
63.010000 6 976
63.010000 7 653
63.010000 8 976
63.010000 9 976
63.010000 10 819
63.010000 11 809
64.010000 0 812
64.010000 1 971
64.010000 2 971
64.010000 3 971
64.010000 4 652
64.010000 5 971
64.010000 6 971
64.010000 7 645
64.010000 8 971
64.010000 9 971
64.010000 10 804
64.010000 11 812
65.010000 0 805
65.010000 1 971
65.010000 2 971
65.010000 3 971
65.010000 4 646
65.010000 5 971
65.010000 6 971
65.010000 7 651
65.010000 8 971
65.010000 9 971
65.010000 10 811
65.010000 11 805
66.010000 0 797
66.010000 1 961
66.010000 2 961
66.010000 3 961
66.010000 4 636
66.010000 5 961
66.010000 6 961
66.010000 7 646
66.010000 8 961
66.010000 9 961
66.010000 10 804
66.010000 11 797
67.010000 0 833
67.010000 1 999
67.010000 2 999
67.010000 3 999
67.010000 4 670
67.010000 5 999
67.010000 6 999
67.010000 7 666
67.010000 8 999
67.010000 9 999
67.010000 10 828
67.010000 11 833
68.010000 0 800
68.010000 1 956
68.010000 2 956
68.010000 3 956
68.010000 4 639
68.010000 5 956
68.010000 6 956
68.010000 7 635
68.010000 8 956
68.010000 9 956
68.010000 10 794
68.010000 11 800
69.010000 0 817
69.010000 1 987
69.010000 2 987
69.010000 3 987
69.010000 4 660
69.010000 5 987
69.010000 6 987
69.010000 7 663
69.010000 8 987
69.010000 9 987
69.010000 10 821
69.010000 11 817
70.010000 0 827
70.010000 1 1002
70.010000 2 1002
70.010000 3 1002
70.010000 4 664
70.010000 5 1002
70.010000 6 1002
70.010000 7 676
70.010000 8 1002
70.010000 9 1002
70.010000 10 839
70.010000 11 827
71.010000 0 803
71.010000 1 956
71.010000 2 956
71.010000 3 956
71.010000 4 640
71.010000 5 956
71.010000 6 956
71.010000 7 633
71.010000 8 956
71.010000 9 956
71.010000 10 792
71.010000 11 803
72.010000 0 787
72.010000 1 960
72.010000 2 960
72.010000 3 960
72.010000 4 628
72.010000 5 960
72.010000 6 960
72.010000 7 652
72.010000 8 960
72.010000 9 960
72.010000 10 813
72.010000 11 787
73.010000 0 820
73.010000 1 976
73.010000 2 976
73.010000 3 976
73.010000 4 661
73.010000 5 976
73.010000 6 976
73.010000 7 644
73.010000 8 976
73.010000 9 976
73.010000 10 803
73.010000 11 820
74.010000 0 798
74.010000 1 958
74.010000 2 958
74.010000 3 958
74.010000 4 640
74.010000 5 958
74.010000 6 958
74.010000 7 639
74.010000 8 958
74.010000 9 958
74.010000 10 797
74.010000 11 798
75.010000 0 817
75.010000 1 984
75.010000 2 984
75.010000 3 984
75.010000 4 652
75.010000 5 984
75.010000 6 984
75.010000 7 659
75.010000 8 984
75.010000 9 984
75.010000 10 824
75.010000 11 817
76.010000 0 800
76.010000 1 950
76.010000 2 950
76.010000 3 950
76.010000 4 642
76.010000 5 950
76.010000 6 950
76.010000 7 625
76.010000 8 950
76.010000 9 950
76.010000 10 783
76.010000 11 800
77.010000 0 825
77.010000 1 995
77.010000 2 995
77.010000 3 995
77.010000 4 660
77.010000 5 995
77.010000 6 995
77.010000 7 668
77.010000 8 995
77.010000 9 995
77.010000 10 832
77.010000 11 825
78.010000 0 807
78.010000 1 965
78.010000 2 965
78.010000 3 965
78.010000 4 648
78.010000 5 965
78.010000 6 965
78.010000 7 641
78.010000 8 965
78.010000 9 965
78.010000 10 799
78.010000 11 807
79.010000 0 816
79.010000 1 978
79.010000 2 978
79.010000 3 978
79.010000 4 646
79.010000 5 978
79.010000 6 978
79.010000 7 650
79.010000 8 978
79.010000 9 978
79.010000 10 822
79.010000 11 816
80.010000 0 824
80.010000 1 994
80.010000 2 994
80.010000 3 994
80.010000 4 661
80.010000 5 994
80.010000 6 994
80.010000 7 667
80.010000 8 994
80.010000 9 994
80.010000 10 830
80.010000 11 824
81.010000 0 783
81.010000 1 937
81.010000 2 937
81.010000 3 937
81.010000 4 634
81.010000 5 937
81.010000 6 937
81.010000 7 620
81.010000 8 937
81.010000 9 937
81.010000 10 774
81.010000 11 783
82.010000 0 856
82.010000 1 1028
82.010000 2 1028
82.010000 3 1028
82.010000 4 684
82.010000 5 1028
82.010000 6 1028
82.010000 7 686
82.010000 8 1028
82.010000 9 1028
82.010000 10 858
82.010000 11 856
83.010000 0 771
83.010000 1 935
83.010000 2 935
83.010000 3 935
83.010000 4 620
83.010000 5 935
83.010000 6 935
83.010000 7 632
83.010000 8 935
83.010000 9 935
83.010000 10 782
83.010000 11 771
84.010000 0 813
84.010000 1 974
84.010000 2 974
84.010000 3 974
84.010000 4 643
84.010000 5 974
84.010000 6 974
84.010000 7 648
84.010000 8 974
84.010000 9 974
84.010000 10 818
84.010000 11 813
85.010000 0 808
85.010000 1 968
85.010000 2 968
85.010000 3 968
85.010000 4 650
85.010000 5 968
85.010000 6 968
85.010000 7 644
85.010000 8 968
85.010000 9 968
85.010000 10 802
85.010000 11 808
86.010000 0 828
86.010000 1 989
86.010000 2 989
86.010000 3 989
86.010000 4 662
86.010000 5 989
86.010000 6 989
86.010000 7 655
86.010000 8 989
86.010000 9 989
86.010000 10 822
86.010000 11 828
87.010000 0 782
87.010000 1 947
87.010000 2 947
87.010000 3 947
87.010000 4 625
87.010000 5 947
87.010000 6 947
87.010000 7 639
87.010000 8 947
87.010000 9 947
87.010000 10 795
87.010000 11 782
88.010000 0 826
88.010000 1 995
88.010000 2 995
88.010000 3 995
88.010000 4 661
88.010000 5 995
88.010000 6 995
88.010000 7 667
88.010000 8 995
88.010000 9 995
88.010000 10 831
88.010000 11 826
89.010000 0 791
89.010000 1 945
89.010000 2 945
89.010000 3 945
89.010000 4 630
89.010000 5 945
89.010000 6 945
89.010000 7 626
89.010000 8 945
89.010000 9 945
89.010000 10 788
89.010000 11 791
90.010000 0 829
90.010000 1 995
90.010000 2 995
90.010000 3 995
90.010000 4 668
90.010000 5 995
90.010000 6 995
90.010000 7 663
90.010000 8 995
90.010000 9 995
90.010000 10 825
90.010000 11 829
91.010000 0 816
91.010000 1 978
91.010000 2 978
91.010000 3 978
91.010000 4 654
91.010000 5 978
91.010000 6 978
91.010000 7 651
91.010000 8 978
91.010000 9 978
91.010000 10 813
91.010000 11 816
92.010000 0 832
92.010000 1 1004
92.010000 2 1004
92.010000 3 1004
92.010000 4 667
92.010000 5 1004
92.010000 6 1004
92.010000 7 673
92.010000 8 1004
92.010000 9 1004
92.010000 10 840
92.010000 11 832
93.010000 0 774
93.010000 1 929
93.010000 2 929
93.010000 3 929
93.010000 4 629
93.010000 5 929
93.010000 6 929
93.010000 7 618
93.010000 8 929
93.010000 9 929
93.010000 10 766
93.010000 11 774
94.010000 0 815
94.010000 1 972
94.010000 2 972
94.010000 3 972
94.010000 4 650
94.010000 5 972
94.010000 6 972
94.010000 7 643
94.010000 8 972
94.010000 9 972
94.010000 10 808
94.010000 11 815
95.010000 0 804
95.010000 1 968
95.010000 2 968
95.010000 3 968
95.010000 4 639
95.010000 5 968
95.010000 6 968
95.010000 7 648
95.010000 8 968
95.010000 9 968
95.010000 10 813
95.010000 11 804
96.010000 0 821
96.010000 1 976
96.010000 2 976
96.010000 3 976
96.010000 4 652
96.010000 5 976
96.010000 6 976
96.010000 7 644
96.010000 8 976
96.010000 9 976
96.010000 10 811
96.010000 11 821
97.010000 0 817
97.010000 1 998
97.010000 2 998
97.010000 3 998
97.010000 4 662
97.010000 5 998
97.010000 6 998
97.010000 7 679
97.010000 8 998
97.010000 9 998
97.010000 10 836
97.010000 11 817
98.010000 0 811
98.010000 1 972
98.010000 2 972
98.010000 3 972
98.010000 4 645
98.010000 5 972
98.010000 6 972
98.010000 7 647
98.010000 8 972
98.010000 9 972
98.010000 10 813
98.010000 11 811
99.010000 0 805
99.010000 1 976
99.010000 2 976
99.010000 3 976
99.010000 4 651
99.010000 5 976
99.010000 6 976
99.010000 7 658
99.010000 8 976
99.010000 9 976
99.010000 10 814
99.010000 11 805
100.010000 0 817
100.010000 1 969
100.010000 2 969
100.010000 3 969
100.010000 4 654
100.010000 5 969
100.010000 6 969
100.010000 7 637
100.010000 8 969
100.010000 9 969
100.010000 10 799
100.010000 11 817
101.010000 0 802
101.010000 1 964
101.010000 2 964
101.010000 3 964
101.010000 4 644
101.010000 5 964
101.010000 6 964
101.010000 7 643
101.010000 8 964
101.010000 9 964
101.010000 10 803
101.010000 11 802
102.010000 0 810
102.010000 1 962
102.010000 2 962
102.010000 3 962
102.010000 4 642
102.010000 5 962
102.010000 6 962
102.010000 7 633
102.010000 8 962
102.010000 9 962
102.010000 10 801
102.010000 11 810
103.010000 0 806
103.010000 1 976
103.010000 2 976
103.010000 3 976
103.010000 4 650
103.010000 5 976
103.010000 6 976
103.010000 7 658
103.010000 8 976
103.010000 9 976
103.010000 10 814
103.010000 11 806
104.010000 0 814
104.010000 1 990
104.010000 2 990
104.010000 3 990
104.010000 4 652
104.010000 5 990
104.010000 6 990
104.010000 7 668
104.010000 8 990
104.010000 9 990
104.010000 10 836
104.010000 11 814
105.010000 0 807
105.010000 1 962
105.010000 2 962
105.010000 3 962
105.010000 4 646
105.010000 5 962
105.010000 6 962
105.010000 7 637
105.010000 8 962
105.010000 9 962
105.010000 10 796
105.010000 11 807
106.010000 0 817
106.010000 1 977
106.010000 2 977
106.010000 3 977
106.010000 4 653
106.010000 5 977
106.010000 6 977
106.010000 7 648
106.010000 8 977
106.010000 9 977
106.010000 10 813
106.010000 11 817
107.010000 0 787
107.010000 1 947
107.010000 2 947
107.010000 3 947
107.010000 4 629
107.010000 5 947
107.010000 6 947
107.010000 7 633
107.010000 8 947
107.010000 9 947
107.010000 10 792
107.010000 11 787
108.010000 0 837
108.010000 1 998
108.010000 2 998
108.010000 3 998
108.010000 4 678
108.010000 5 998
108.010000 6 998
108.010000 7 660
108.010000 8 998
108.010000 9 998
108.010000 10 819
108.010000 11 837
109.010000 0 830
109.010000 1 1003
109.010000 2 1003
109.010000 3 1003
109.010000 4 665
109.010000 5 1003
109.010000 6 1003
109.010000 7 673
109.010000 8 1003
109.010000 9 1003
109.010000 10 841
109.010000 11 830
110.010000 0 780
110.010000 1 940
110.010000 2 940
110.010000 3 940
110.010000 4 622
110.010000 5 940
110.010000 6 940
110.010000 7 630
110.010000 8 940
110.010000 9 940
110.010000 10 788
110.010000 11 780
111.010000 0 813
111.010000 1 970
111.010000 2 970
111.010000 3 970
111.010000 4 649
111.010000 5 970
111.010000 6 970
111.010000 7 642
111.010000 8 970
111.010000 9 970
111.010000 10 806
111.010000 11 813
112.010000 0 812
112.010000 1 983
112.010000 2 983
112.010000 3 983
112.010000 4 657
112.010000 5 983
112.010000 6 983
112.010000 7 661
112.010000 8 983
112.010000 9 983
112.010000 10 819
112.010000 11 812
113.010000 0 786
113.010000 1 946
113.010000 2 946
113.010000 3 946
113.010000 4 625
113.010000 5 946
113.010000 6 946
113.010000 7 633
113.010000 8 946
113.010000 9 946
113.010000 10 794
113.010000 11 786
114.010000 0 832
114.010000 1 1000
114.010000 2 1000
114.010000 3 1000
114.010000 4 671
114.010000 5 1000
114.010000 6 1000
114.010000 7 667
114.010000 8 1000
114.010000 9 1000
114.010000 10 830
114.010000 11 832
115.010000 0 815
115.010000 1 987
115.010000 2 987
115.010000 3 987
115.010000 4 657
115.010000 5 987
115.010000 6 987
115.010000 7 663
115.010000 8 987
115.010000 9 987
115.010000 10 826
115.010000 11 815
116.010000 0 794
116.010000 1 954
116.010000 2 954
116.010000 3 954
116.010000 4 635
116.010000 5 954
116.010000 6 954
116.010000 7 636
116.010000 8 954
116.010000 9 954
116.010000 10 797
116.010000 11 794
117.010000 0 822
117.010000 1 987
117.010000 2 987
117.010000 3 987
117.010000 4 665
117.010000 5 987
117.010000 6 987
117.010000 7 656
117.010000 8 987
117.010000 9 987
117.010000 10 818
117.010000 11 822
118.010000 0 810
118.010000 1 969
118.010000 2 969
118.010000 3 969
118.010000 4 647
118.010000 5 969
118.010000 6 969
118.010000 7 644
118.010000 8 969
118.010000 9 969
118.010000 10 806
118.010000 11 810
119.010000 0 801
119.010000 1 972
119.010000 2 972
119.010000 3 972
119.010000 4 645
119.010000 5 972
119.010000 6 972
119.010000 7 656
119.010000 8 972
119.010000 9 972
119.010000 10 814
119.010000 11 801
120.010000 0 801
120.010000 1 948
120.010000 2 948
120.010000 3 948
120.010000 4 644
120.010000 5 948
120.010000 6 948
120.010000 7 621
120.010000 8 948
120.010000 9 948
120.010000 10 778
120.010000 11 801
121.010000 0 815
121.010000 1 988
121.010000 2 988
121.010000 3 988
121.010000 4 650
121.010000 5 988
121.010000 6 988
121.010000 7 667
121.010000 8 988
121.010000 9 988
121.010000 10 832
121.010000 11 815
122.010000 0 814
122.010000 1 975
122.010000 2 975
122.010000 3 975
122.010000 4 653
122.010000 5 975
122.010000 6 975
122.010000 7 648
122.010000 8 975
122.010000 9 975
122.010000 10 810
122.010000 11 814
123.010000 0 801
123.010000 1 968
123.010000 2 968
123.010000 3 968
123.010000 4 643
123.010000 5 968
123.010000 6 968
123.010000 7 651
123.010000 8 968
123.010000 9 968
123.010000 10 809
123.010000 11 801
124.010000 0 813
124.010000 1 963
124.010000 2 963
124.010000 3 963
124.010000 4 654
124.010000 5 963
124.010000 6 963
124.010000 7 632
124.010000 8 963
124.010000 9 963
124.010000 10 790
124.010000 11 813
125.010000 0 812
125.010000 1 981
125.010000 2 981
125.010000 3 981
125.010000 4 644
125.010000 5 981
125.010000 6 981
125.010000 7 659
125.010000 8 981
125.010000 9 981
125.010000 10 828
125.010000 11 812
126.010000 0 836
126.010000 1 1004
126.010000 2 1004
126.010000 3 1004
126.010000 4 673
126.010000 5 1004
126.010000 6 1004
126.010000 7 669
126.010000 8 1004
126.010000 9 1004
126.010000 10 834
126.010000 11 836
127.010000 0 801
127.010000 1 969
127.010000 2 969
127.010000 3 969
127.010000 4 642
127.010000 5 969
127.010000 6 969
127.010000 7 652
127.010000 8 969
127.010000 9 969
127.010000 10 812
127.010000 11 801
128.010000 0 817
128.010000 1 983
128.010000 2 983
128.010000 3 983
128.010000 4 656
128.010000 5 983
128.010000 6 983
128.010000 7 656
128.010000 8 983
128.010000 9 983
128.010000 10 820
128.010000 11 817
129.010000 0 789
129.010000 1 955
129.010000 2 955
129.010000 3 955
129.010000 4 635
129.010000 5 955
129.010000 6 955
129.010000 7 642
129.010000 8 955
129.010000 9 955
129.010000 10 799
129.010000 11 789
130.010000 0 817
130.010000 1 974
130.010000 2 974
130.010000 3 974
130.010000 4 652
130.010000 5 974
130.010000 6 974
130.010000 7 644
130.010000 8 974
130.010000 9 974
130.010000 10 809
130.010000 11 817
131.010000 0 802
131.010000 1 963
131.010000 2 963
131.010000 3 963
131.010000 4 642
131.010000 5 963
131.010000 6 963
131.010000 7 644
131.010000 8 963
131.010000 9 963
131.010000 10 801
131.010000 11 802
132.010000 0 817
132.010000 1 986
132.010000 2 986
132.010000 3 986
132.010000 4 656
132.010000 5 986
132.010000 6 986
132.010000 7 662
132.010000 8 986
132.010000 9 986
132.010000 10 823
132.010000 11 817
133.010000 0 802
133.010000 1 963
133.010000 2 963
133.010000 3 963
133.010000 4 644
133.010000 5 963
133.010000 6 963
133.010000 7 642
133.010000 8 963
133.010000 9 963
133.010000 10 801
133.010000 11 802
134.010000 0 825
134.010000 1 989
134.010000 2 989
134.010000 3 989
134.010000 4 657
134.010000 5 989
134.010000 6 989
134.010000 7 658
134.010000 8 989
134.010000 9 989
134.010000 10 827
134.010000 11 825
135.010000 0 774
135.010000 1 937
135.010000 2 937
135.010000 3 937
135.010000 4 624
135.010000 5 937
135.010000 6 937
135.010000 7 631
135.010000 8 937
135.010000 9 937
135.010000 10 782
135.010000 11 774
136.010000 0 817
136.010000 1 961
136.010000 2 961
136.010000 3 961
136.010000 4 661
136.010000 5 961
136.010000 6 961
136.010000 7 625
136.010000 8 961
136.010000 9 961
136.010000 10 780
136.010000 11 817
137.010000 0 830
137.010000 1 1002
137.010000 2 1002
137.010000 3 1002
137.010000 4 662
137.010000 5 1002
137.010000 6 1002
137.010000 7 672
137.010000 8 1002
137.010000 9 1002
137.010000 10 842
137.010000 11 830
138.010000 0 800
138.010000 1 962
138.010000 2 962
138.010000 3 962
138.010000 4 641
138.010000 5 962
138.010000 6 962
138.010000 7 643
138.010000 8 962
138.010000 9 962
138.010000 10 802
138.010000 11 800
139.010000 0 809
139.010000 1 976
139.010000 2 976
139.010000 3 976
139.010000 4 641
139.010000 5 976
139.010000 6 976
139.010000 7 654
139.010000 8 976
139.010000 9 976
139.010000 10 824
139.010000 11 809
140.010000 0 840
140.010000 1 1009
140.010000 2 1009
140.010000 3 1009
140.010000 4 678
140.010000 5 1009
140.010000 6 1009
140.010000 7 672
140.010000 8 1009
140.010000 9 1009
140.010000 10 837
140.010000 11 840
141.010000 0 796
141.010000 1 960
141.010000 2 960
141.010000 3 960
141.010000 4 637
141.010000 5 960
141.010000 6 960
141.010000 7 644
141.010000 8 960
141.010000 9 960
141.010000 10 803
141.010000 11 796
142.010000 0 804
142.010000 1 957
142.010000 2 957
142.010000 3 957
142.010000 4 648
142.010000 5 957
142.010000 6 957
142.010000 7 631
142.010000 8 957
142.010000 9 957
142.010000 10 788
142.010000 11 804
143.010000 0 831
143.010000 1 1005
143.010000 2 1005
143.010000 3 1005
143.010000 4 663
143.010000 5 1005
143.010000 6 1005
143.010000 7 677
143.010000 8 1005
143.010000 9 1005
143.010000 10 844
143.010000 11 831
144.010000 0 783
144.010000 1 939
144.010000 2 939
144.010000 3 939
144.010000 4 627
144.010000 5 939
144.010000 6 939
144.010000 7 625
144.010000 8 939
144.010000 9 939
144.010000 10 782
144.010000 11 783
145.010000 0 796
145.010000 1 963
145.010000 2 963
145.010000 3 963
145.010000 4 636
145.010000 5 963
145.010000 6 963
145.010000 7 648
145.010000 8 963
145.010000 9 963
145.010000 10 809
145.010000 11 796
146.010000 0 846
146.010000 1 1004
146.010000 2 1004
146.010000 3 1004
146.010000 4 676
146.010000 5 1004
146.010000 6 1004
146.010000 7 662
146.010000 8 1004
146.010000 9 1004
146.010000 10 828
146.010000 11 846
147.010000 0 812
147.010000 1 979
147.010000 2 979
147.010000 3 979
147.010000 4 653
147.010000 5 979
147.010000 6 979
147.010000 7 654
147.010000 8 979
147.010000 9 979
147.010000 10 818
147.010000 11 812
148.010000 0 831
148.010000 1 1004
148.010000 2 1004
148.010000 3 1004
148.010000 4 669
148.010000 5 1004
148.010000 6 1004
148.010000 7 674
148.010000 8 1004
148.010000 9 1004
148.010000 10 838
148.010000 11 831
149.010000 0 796
149.010000 1 957
149.010000 2 957
149.010000 3 957
149.010000 4 640
149.010000 5 957
149.010000 6 957
149.010000 7 639
149.010000 8 957
149.010000 9 957
149.010000 10 796
149.010000 11 796
