0.010000 0 0
0.010000 1 0
0.010000 2 0
0.010000 3 0
0.010000 4 0
0.010000 5 0
0.010000 6 0
0.010000 7 0
0.010000 8 0
0.010000 9 0
0.010000 10 0
1.010000 0 0
1.010000 1 0
1.010000 2 0
1.010000 3 0
1.010000 4 0
1.010000 5 0
1.010000 6 0
1.010000 7 0
1.010000 8 0
1.010000 9 0
1.010000 10 0
2.010000 0 0
2.010000 1 0
2.010000 2 0
2.010000 3 0
2.010000 4 0
2.010000 5 0
2.010000 6 0
2.010000 7 0
2.010000 8 0
2.010000 9 0
2.010000 10 0
3.010000 0 0
3.010000 1 0
3.010000 2 0
3.010000 3 0
3.010000 4 0
3.010000 5 0
3.010000 6 0
3.010000 7 0
3.010000 8 0
3.010000 9 0
3.010000 10 0
4.010000 0 0
4.010000 1 0
4.010000 2 0
4.010000 3 0
4.010000 4 0
4.010000 5 0
4.010000 6 0
4.010000 7 0
4.010000 8 0
4.010000 9 0
4.010000 10 0
5.010000 0 0
5.010000 1 0
5.010000 2 0
5.010000 3 0
5.010000 4 0
5.010000 5 0
5.010000 6 0
5.010000 7 0
5.010000 8 0
5.010000 9 0
5.010000 10 0
6.010000 0 0
6.010000 1 0
6.010000 2 0
6.010000 3 0
6.010000 4 0
6.010000 5 0
6.010000 6 0
6.010000 7 0
6.010000 8 0
6.010000 9 0
6.010000 10 0
7.010000 0 0
7.010000 1 0
7.010000 2 0
7.010000 3 0
7.010000 4 0
7.010000 5 0
7.010000 6 0
7.010000 7 0
7.010000 8 0
7.010000 9 0
7.010000 10 0
8.010000 0 0
8.010000 1 0
8.010000 2 0
8.010000 3 0
8.010000 4 0
8.010000 5 0
8.010000 6 0
8.010000 7 0
8.010000 8 0
8.010000 9 0
8.010000 10 0
9.010000 0 0
9.010000 1 0
9.010000 2 0
9.010000 3 0
9.010000 4 0
9.010000 5 0
9.010000 6 0
9.010000 7 0
9.010000 8 0
9.010000 9 0
9.010000 10 0
10.010000 0 0
10.010000 1 0
10.010000 2 0
10.010000 3 0
10.010000 4 0
10.010000 5 0
10.010000 6 0
10.010000 7 0
10.010000 8 0
10.010000 9 0
10.010000 10 0
11.010000 0 0
11.010000 1 0
11.010000 2 0
11.010000 3 0
11.010000 4 0
11.010000 5 0
11.010000 6 0
11.010000 7 0
11.010000 8 0
11.010000 9 0
11.010000 10 0
12.010000 0 0
12.010000 1 0
12.010000 2 0
12.010000 3 0
12.010000 4 0
12.010000 5 0
12.010000 6 0
12.010000 7 0
12.010000 8 0
12.010000 9 0
12.010000 10 0
13.010000 0 0
13.010000 1 0
13.010000 2 0
13.010000 3 0
13.010000 4 0
13.010000 5 0
13.010000 6 0
13.010000 7 0
13.010000 8 0
13.010000 9 0
13.010000 10 0
14.010000 0 0
14.010000 1 0
14.010000 2 0
14.010000 3 0
14.010000 4 0
14.010000 5 0
14.010000 6 0
14.010000 7 0
14.010000 8 0
14.010000 9 0
14.010000 10 0
15.010000 0 0
15.010000 1 1
15.010000 2 1
15.010000 3 1
15.010000 4 1
15.010000 5 1
15.010000 6 1
15.010000 7 1
15.010000 8 1
15.010000 9 1
15.010000 10 0
16.010000 0 522
16.010000 1 615
16.010000 2 623
16.010000 3 438
16.010000 4 620
16.010000 5 624
16.010000 6 441
16.010000 7 620
16.010000 8 623
16.010000 9 529
16.010000 10 522
17.010000 0 524
17.010000 1 627
17.010000 2 627
17.010000 3 416
17.010000 4 627
17.010000 5 627
17.010000 6 415
17.010000 7 627
17.010000 8 627
17.010000 9 526
17.010000 10 524
18.010000 0 581
18.010000 1 694
18.010000 2 694
18.010000 3 463
18.010000 4 694
18.010000 5 694
18.010000 6 460
18.010000 7 694
18.010000 8 694
18.010000 9 578
18.010000 10 581
19.010000 0 540
19.010000 1 652
19.010000 2 652
19.010000 3 433
19.010000 4 652
19.010000 5 652
19.010000 6 438
19.010000 7 652
19.010000 8 652
19.010000 9 545
19.010000 10 540
20.010000 0 552
20.010000 1 660
20.010000 2 660
20.010000 3 441
20.010000 4 660
20.010000 5 660
20.010000 6 438
20.010000 7 660
20.010000 8 660
20.010000 9 549
20.010000 10 552
21.010000 0 537
21.010000 1 660
21.010000 2 660
21.010000 3 436
21.010000 4 660
21.010000 5 660
21.010000 6 453
21.010000 7 660
21.010000 8 660
21.010000 9 554
21.010000 10 537
22.010000 0 561
22.010000 1 674
22.010000 2 674
22.010000 3 450
22.010000 4 674
22.010000 5 674
22.010000 6 449
22.010000 7 674
22.010000 8 674
22.010000 9 562
22.010000 10 561
23.010000 0 543
23.010000 1 640
23.010000 2 640
23.010000 3 430
23.010000 4 640
23.010000 5 640
23.010000 6 417
23.010000 7 640
23.010000 8 640
23.010000 9 530
23.010000 10 543
24.010000 0 549
24.010000 1 668
24.010000 2 668
24.010000 3 439
24.010000 4 668
24.010000 5 668
24.010000 6 452
24.010000 7 668
24.010000 8 668
24.010000 9 564
24.010000 10 549
25.010000 0 562
25.010000 1 672
25.010000 2 672
25.010000 3 451
25.010000 4 672
25.010000 5 672
25.010000 6 447
25.010000 7 672
25.010000 8 672
25.010000 9 556
25.010000 10 562
26.010000 0 556
26.010000 1 669
26.010000 2 669
26.010000 3 445
26.010000 4 669
26.010000 5 669
26.010000 6 448
26.010000 7 669
26.010000 8 669
26.010000 9 558
26.010000 10 556
27.010000 0 555
27.010000 1 668
27.010000 2 668
27.010000 3 447
27.010000 4 668
27.010000 5 668
27.010000 6 446
27.010000 7 668
27.010000 8 668
27.010000 9 556
27.010000 10 555
28.010000 0 555
28.010000 1 657
28.010000 2 657
28.010000 3 445
28.010000 4 657
28.010000 5 657
28.010000 6 429
28.010000 7 657
28.010000 8 657
28.010000 9 542
28.010000 10 555
29.010000 0 530
29.010000 1 649
29.010000 2 649
29.010000 3 428
29.010000 4 649
29.010000 5 649
29.010000 6 443
29.010000 7 649
29.010000 8 649
29.010000 9 546
29.010000 10 530
30.010000 0 553
30.010000 1 669
30.010000 2 669
30.010000 3 438
30.010000 4 669
30.010000 5 669
30.010000 6 451
30.010000 7 669
30.010000 8 669
30.010000 9 565
30.010000 10 553
31.010000 0 524
31.010000 1 625
31.010000 2 625
31.010000 3 421
31.010000 4 625
31.010000 5 625
31.010000 6 413
31.010000 7 625
31.010000 8 625
31.010000 9 517
31.010000 10 524
32.010000 0 551
32.010000 1 655
32.010000 2 655
32.010000 3 444
32.010000 4 655
32.010000 5 655
32.010000 6 431
32.010000 7 655
32.010000 8 655
32.010000 9 539
32.010000 10 551
33.010000 0 567
33.010000 1 692
33.010000 2 692
33.010000 3 456
33.010000 4 692
33.010000 5 692
33.010000 6 471
33.010000 7 692
33.010000 8 692
33.010000 9 582
33.010000 10 567
34.010000 0 533
34.010000 1 635
34.010000 2 635
34.010000 3 426
34.010000 4 635
34.010000 5 635
34.010000 6 420
34.010000 7 635
34.010000 8 635
34.010000 9 526
34.010000 10 533
35.010000 0 558
35.010000 1 671
35.010000 2 671
35.010000 3 442
35.010000 4 671
35.010000 5 671
35.010000 6 448
35.010000 7 671
35.010000 8 671
35.010000 9 565
35.010000 10 558
36.010000 0 557
36.010000 1 658
36.010000 2 658
36.010000 3 452
36.010000 4 658
36.010000 5 658
36.010000 6 431
36.010000 7 658
36.010000 8 658
36.010000 9 534
36.010000 10 557
37.010000 0 538
37.010000 1 658
37.010000 2 658
37.010000 3 427
37.010000 4 658
37.010000 5 658
37.010000 6 448
37.010000 7 658
37.010000 8 658
37.010000 9 561
37.010000 10 538
38.010000 0 583
38.010000 1 690
38.010000 2 690
38.010000 3 466
38.010000 4 690
38.010000 5 690
38.010000 6 453
38.010000 7 690
38.010000 8 690
38.010000 9 568
38.010000 10 583
39.010000 0 529
39.010000 1 641
39.010000 2 641
39.010000 3 423
39.010000 4 641
39.010000 5 641
39.010000 6 433
39.010000 7 641
39.010000 8 641
39.010000 9 538
39.010000 10 529
40.010000 0 513
40.010000 1 610
40.010000 2 610
40.010000 3 415
40.010000 4 610
40.010000 5 610
40.010000 6 402
40.010000 7 610
40.010000 8 610
40.010000 9 500
40.010000 10 513
41.010000 0 606
41.010000 1 731
41.010000 2 731
41.010000 3 482
41.010000 4 731
41.010000 5 731
41.010000 6 490
41.010000 7 731
41.010000 8 731
41.010000 9 615
41.010000 10 606
42.010000 0 538
42.010000 1 646
42.010000 2 646
42.010000 3 434
42.010000 4 646
42.010000 5 646
42.010000 6 431
42.010000 7 646
42.010000 8 646
42.010000 9 535
42.010000 10 538
43.010000 0 578
43.010000 1 688
43.010000 2 688
43.010000 3 462
43.010000 4 688
43.010000 5 688
43.010000 6 454
43.010000 7 688
43.010000 8 688
43.010000 9 570
43.010000 10 578
44.010000 0 549
44.010000 1 660
44.010000 2 660
44.010000 3 435
44.010000 4 660
44.010000 5 660
44.010000 6 441
44.010000 7 660
44.010000 8 660
44.010000 9 555
44.010000 10 549
45.010000 0 555
45.010000 1 671
45.010000 2 671
45.010000 3 446
45.010000 4 671
45.010000 5 671
45.010000 6 451
45.010000 7 671
45.010000 8 671
45.010000 9 561
45.010000 10 555
46.010000 0 555
46.010000 1 658
46.010000 2 658
46.010000 3 446
46.010000 4 658
46.010000 5 658
46.010000 6 432
46.010000 7 658
46.010000 8 658
46.010000 9 541
46.010000 10 555
47.010000 0 528
47.010000 1 633
47.010000 2 633
47.010000 3 418
47.010000 4 633
47.010000 5 633
47.010000 6 421
47.010000 7 633
47.010000 8 633
47.010000 9 532
47.010000 10 528
48.010000 0 573
48.010000 1 688
48.010000 2 688
48.010000 3 464
48.010000 4 688
48.010000 5 688
48.010000 6 459
48.010000 7 688
48.010000 8 688
48.010000 9 568
48.010000 10 573
49.010000 0 547
49.010000 1 657
49.010000 2 657
49.010000 3 434
49.010000 4 657
49.010000 5 657
49.010000 6 439
49.010000 7 657
49.010000 8 657
49.010000 9 551
49.010000 10 547
50.010000 0 556
50.010000 1 659
50.010000 2 659
50.010000 3 445
50.010000 4 659
50.010000 5 659
50.010000 6 432
50.010000 7 659
50.010000 8 659
50.010000 9 544
50.010000 10 556
51.010000 0 551
51.010000 1 669
51.010000 2 669
51.010000 3 440
51.010000 4 669
51.010000 5 669
51.010000 6 452
51.010000 7 669
51.010000 8 669
51.010000 9 564
51.010000 10 551
52.010000 0 549
52.010000 1 664
52.010000 2 664
52.010000 3 443
52.010000 4 664
52.010000 5 664
52.010000 6 446
52.010000 7 664
52.010000 8 664
52.010000 9 554
52.010000 10 549
53.010000 0 551
53.010000 1 664
53.010000 2 664
53.010000 3 441
53.010000 4 664
53.010000 5 664
53.010000 6 445
53.010000 7 664
53.010000 8 664
53.010000 9 555
53.010000 10 551
54.010000 0 536
54.010000 1 654
54.010000 2 654
54.010000 3 436
54.010000 4 654
54.010000 5 654
54.010000 6 445
54.010000 7 654
54.010000 8 654
54.010000 9 545
54.010000 10 536
55.010000 0 571
55.010000 1 669
55.010000 2 669
55.010000 3 454
55.010000 4 669
55.010000 5 669
55.010000 6 433
55.010000 7 669
55.010000 8 669
55.010000 9 549
55.010000 10 571
56.010000 0 553
56.010000 1 668
56.010000 2 668
56.010000 3 440
56.010000 4 668
56.010000 5 668
56.010000 6 449
56.010000 7 668
56.010000 8 668
56.010000 9 562
56.010000 10 553
57.010000 0 542
57.010000 1 650
57.010000 2 650
57.010000 3 433
57.010000 4 650
57.010000 5 650
57.010000 6 434
57.010000 7 650
57.010000 8 650
57.010000 9 541
57.010000 10 542
58.010000 0 554
58.010000 1 670
58.010000 2 670
58.010000 3 443
58.010000 4 670
58.010000 5 670
58.010000 6 451
58.010000 7 670
58.010000 8 670
58.010000 9 562
58.010000 10 554
59.010000 0 543
59.010000 1 642
59.010000 2 642
59.010000 3 437
59.010000 4 642
59.010000 5 642
59.010000 6 420
59.010000 7 642
59.010000 8 642
59.010000 9 526
59.010000 10 543
60.010000 0 557
60.010000 1 676
60.010000 2 676
60.010000 3 442
60.010000 4 676
60.010000 5 676
60.010000 6 456
60.010000 7 676
60.010000 8 676
60.010000 9 573
60.010000 10 557
61.010000 0 555
61.010000 1 682
61.010000 2 682
61.010000 3 452
61.010000 4 682
61.010000 5 682
61.010000 6 466
61.010000 7 682
61.010000 8 682
61.010000 9 573
61.010000 10 555
62.010000 0 554
62.010000 1 656
62.010000 2 656
62.010000 3 441
62.010000 4 656
62.010000 5 656
62.010000 6 429
62.010000 7 656
62.010000 8 656
62.010000 9 544
62.010000 10 554
63.010000 0 525
63.010000 1 641
63.010000 2 641
63.010000 3 422
63.010000 4 641
63.010000 5 641
63.010000 6 437
63.010000 7 641
63.010000 8 641
63.010000 9 539
63.010000 10 525
64.010000 0 575
64.010000 1 672
64.010000 2 672
64.010000 3 458
64.010000 4 672
64.010000 5 672
64.010000 6 434
64.010000 7 672
64.010000 8 672
64.010000 9 549
64.010000 10 575
65.010000 0 528
65.010000 1 646
65.010000 2 646
65.010000 3 422
65.010000 4 646
65.010000 5 646
65.010000 6 440
65.010000 7 646
65.010000 8 646
65.010000 9 548
65.010000 10 528
66.010000 0 538
66.010000 1 637
66.010000 2 637
66.010000 3 430
66.010000 4 637
66.010000 5 637
66.010000 6 418
66.010000 7 637
66.010000 8 637
66.010000 9 525
66.010000 10 538
67.010000 0 578
67.010000 1 687
67.010000 2 687
67.010000 3 462
67.010000 4 687
67.010000 5 687
67.010000 6 453
67.010000 7 687
67.010000 8 687
67.010000 9 568
67.010000 10 578
68.010000 0 563
68.010000 1 695
68.010000 2 695
68.010000 3 455
68.010000 4 695
68.010000 5 695
68.010000 6 478
68.010000 7 695
68.010000 8 695
68.010000 9 589
68.010000 10 563
69.010000 0 513
69.010000 1 613
69.010000 2 613
69.010000 3 408
69.010000 4 613
69.010000 5 613
69.010000 6 407
69.010000 7 613
69.010000 8 613
69.010000 9 511
69.010000 10 513
70.010000 0 603
70.010000 1 720
70.010000 2 720
70.010000 3 485
70.010000 4 720
70.010000 5 720
70.010000 6 477
70.010000 7 720
70.010000 8 720
70.010000 9 595
70.010000 10 603
71.010000 0 508
71.010000 1 619
71.010000 2 619
71.010000 3 408
71.010000 4 619
71.010000 5 619
71.010000 6 420
71.010000 7 619
71.010000 8 619
71.010000 9 521
71.010000 10 508
72.010000 0 594
72.010000 1 703
72.010000 2 703
72.010000 3 477
72.010000 4 703
72.010000 5 703
72.010000 6 460
72.010000 7 703
72.010000 8 703
72.010000 9 578
72.010000 10 594
73.010000 0 537
73.010000 1 644
73.010000 2 644
73.010000 3 431
73.010000 4 644
73.010000 5 644
73.010000 6 429
73.010000 7 644
73.010000 8 644
73.010000 9 535
73.010000 10 537
74.010000 0 537
74.010000 1 651
74.010000 2 651
74.010000 3 427
74.010000 4 651
74.010000 5 651
74.010000 6 440
74.010000 7 651
74.010000 8 651
74.010000 9 549
74.010000 10 537
75.010000 0 550
75.010000 1 658
75.010000 2 658
75.010000 3 438
75.010000 4 658
75.010000 5 658
75.010000 6 437
75.010000 7 658
75.010000 8 658
75.010000 9 549
75.010000 10 550
76.010000 0 572
76.010000 1 684
76.010000 2 684
76.010000 3 464
76.010000 4 684
76.010000 5 684
76.010000 6 453
76.010000 7 684
76.010000 8 684
76.010000 9 563
76.010000 10 572
77.010000 0 554
77.010000 1 660
77.010000 2 660
77.010000 3 442
77.010000 4 660
77.010000 5 660
77.010000 6 437
77.010000 7 660
77.010000 8 660
77.010000 9 547
77.010000 10 554
78.010000 0 550
78.010000 1 677
78.010000 2 677
78.010000 3 442
78.010000 4 677
78.010000 5 677
78.010000 6 464
78.010000 7 677
78.010000 8 677
78.010000 9 575
78.010000 10 550
79.010000 0 539
79.010000 1 646
79.010000 2 646
79.010000 3 428
79.010000 4 646
79.010000 5 646
79.010000 6 431
79.010000 7 646
79.010000 8 646
79.010000 9 540
79.010000 10 539
80.010000 0 525
80.010000 1 622
80.010000 2 622
80.010000 3 422
80.010000 4 622
80.010000 5 622
80.010000 6 407
80.010000 7 622
80.010000 8 622
80.010000 9 512
80.010000 10 525
81.010000 0 548
81.010000 1 663
81.010000 2 663
81.010000 3 433
81.010000 4 663
81.010000 5 663
81.010000 6 448
81.010000 7 663
81.010000 8 663
81.010000 9 560
81.010000 10 548
82.010000 0 573
82.010000 1 680
82.010000 2 680
82.010000 3 464
82.010000 4 680
82.010000 5 680
82.010000 6 447
82.010000 7 680
82.010000 8 680
82.010000 9 556
82.010000 10 573
83.010000 0 554
83.010000 1 680
83.010000 2 680
83.010000 3 444
83.010000 4 680
83.010000 5 680
83.010000 6 465
83.010000 7 680
83.010000 8 680
83.010000 9 577
83.010000 10 554
84.010000 0 540
84.010000 1 644
84.010000 2 644
84.010000 3 432
84.010000 4 644
84.010000 5 644
84.010000 6 427
84.010000 7 644
84.010000 8 644
84.010000 9 533
84.010000 10 540
85.010000 0 544
85.010000 1 644
85.010000 2 644
85.010000 3 432
85.010000 4 644
85.010000 5 644
85.010000 6 421
85.010000 7 644
85.010000 8 644
85.010000 9 535
85.010000 10 544
86.010000 0 550
86.010000 1 650
86.010000 2 650
86.010000 3 446
86.010000 4 650
86.010000 5 650
86.010000 6 426
86.010000 7 650
86.010000 8 650
86.010000 9 528
86.010000 10 550
87.010000 0 565
87.010000 1 676
87.010000 2 676
87.010000 3 450
87.010000 4 676
87.010000 5 676
87.010000 6 448
87.010000 7 676
87.010000 8 676
87.010000 9 565
87.010000 10 565
88.010000 0 551
88.010000 1 665
88.010000 2 665
88.010000 3 437
88.010000 4 665
88.010000 5 665
88.010000 6 448
88.010000 7 665
88.010000 8 665
88.010000 9 559
88.010000 10 551
89.010000 0 530
89.010000 1 640
89.010000 2 640
89.010000 3 426
89.010000 4 640
89.010000 5 640
89.010000 6 429
89.010000 7 640
89.010000 8 640
89.010000 9 535
89.010000 10 530
90.010000 0 566
90.010000 1 678
90.010000 2 678
90.010000 3 457
90.010000 4 678
90.010000 5 678
90.010000 6 451
90.010000 7 678
90.010000 8 678
90.010000 9 560
90.010000 10 566
91.010000 0 551
91.010000 1 658
91.010000 2 658
91.010000 3 438
91.010000 4 658
91.010000 5 658
91.010000 6 437
91.010000 7 658
91.010000 8 658
91.010000 9 548
91.010000 10 551
92.010000 0 538
92.010000 1 647
92.010000 2 647
92.010000 3 432
92.010000 4 647
92.010000 5 647
92.010000 6 432
92.010000 7 647
92.010000 8 647
92.010000 9 539
92.010000 10 538
93.010000 0 584
93.010000 1 693
93.010000 2 693
93.010000 3 467
93.010000 4 693
93.010000 5 693
93.010000 6 456
93.010000 7 693
93.010000 8 693
93.010000 9 572
93.010000 10 584
94.010000 0 550
94.010000 1 666
94.010000 2 666
94.010000 3 443
94.010000 4 666
94.010000 5 666
94.010000 6 449
94.010000 7 666
94.010000 8 666
94.010000 9 556
94.010000 10 550
95.010000 0 543
95.010000 1 652
95.010000 2 652
95.010000 3 434
95.010000 4 652
95.010000 5 652
95.010000 6 435
95.010000 7 652
95.010000 8 652
95.010000 9 544
95.010000 10 543
96.010000 0 556
96.010000 1 660
96.010000 2 660
96.010000 3 441
96.010000 4 660
96.010000 5 660
96.010000 6 435
96.010000 7 660
96.010000 8 660
96.010000 9 548
96.010000 10 556
97.010000 0 532
97.010000 1 653
97.010000 2 653
97.010000 3 426
97.010000 4 653
97.010000 5 653
97.010000 6 447
97.010000 7 653
97.010000 8 653
97.010000 9 554
97.010000 10 532
98.010000 0 563
98.010000 1 669
98.010000 2 669
98.010000 3 453
98.010000 4 669
98.010000 5 669
98.010000 6 440
98.010000 7 669
98.010000 8 669
98.010000 9 551
98.010000 10 563
99.010000 0 543
99.010000 1 662
99.010000 2 662
99.010000 3 435
99.010000 4 662
99.010000 5 662
99.010000 6 451
99.010000 7 662
99.010000 8 662
99.010000 9 557
99.010000 10 543
100.010000 0 581
100.010000 1 686
100.010000 2 686
100.010000 3 464
100.010000 4 686
100.010000 5 686
100.010000 6 448
100.010000 7 686
100.010000 8 686
100.010000 9 565
100.010000 10 581
101.010000 0 547
101.010000 1 658
101.010000 2 658
101.010000 3 439
101.010000 4 658
101.010000 5 658
101.010000 6 439
101.010000 7 658
101.010000 8 658
101.010000 9 549
101.010000 10 547
102.010000 0 546
102.010000 1 654
102.010000 2 654
102.010000 3 443
102.010000 4 654
102.010000 5 654
102.010000 6 435
102.010000 7 654
102.010000 8 654
102.010000 9 538
102.010000 10 546
103.010000 0 546
103.010000 1 652
103.010000 2 652
103.010000 3 438
103.010000 4 652
103.010000 5 652
103.010000 6 431
103.010000 7 652
103.010000 8 652
103.010000 9 541
103.010000 10 546
104.010000 0 560
104.010000 1 680
104.010000 2 680
104.010000 3 445
104.010000 4 680
104.010000 5 680
104.010000 6 461
104.010000 7 680
104.010000 8 680
104.010000 9 574
104.010000 10 560
105.010000 0 582
105.010000 1 702
105.010000 2 702
105.010000 3 469
105.010000 4 702
105.010000 5 702
105.010000 6 469
105.010000 7 702
105.010000 8 702
105.010000 9 586
105.010000 10 582
106.010000 0 527
106.010000 1 622
106.010000 2 622
106.010000 3 419
106.010000 4 622
106.010000 5 622
106.010000 6 406
106.010000 7 622
106.010000 8 622
106.010000 9 514
106.010000 10 527
107.010000 0 539
107.010000 1 648
107.010000 2 648
107.010000 3 435
107.010000 4 648
107.010000 5 648
107.010000 6 433
107.010000 7 648
107.010000 8 648
107.010000 9 537
107.010000 10 539
108.010000 0 544
108.010000 1 650
108.010000 2 650
108.010000 3 439
108.010000 4 650
108.010000 5 650
108.010000 6 432
108.010000 7 650
108.010000 8 650
108.010000 9 535
108.010000 10 544
109.010000 0 580
109.010000 1 711
109.010000 2 711
109.010000 3 462
109.010000 4 711
109.010000 5 711
109.010000 6 485
109.010000 7 711
109.010000 8 711
109.010000 9 606
109.010000 10 580
110.010000 0 551
110.010000 1 653
110.010000 2 653
110.010000 3 438
110.010000 4 653
110.010000 5 653
110.010000 6 429
110.010000 7 653
110.010000 8 653
110.010000 9 541
110.010000 10 551
111.010000 0 556
111.010000 1 675
111.010000 2 675
111.010000 3 447
111.010000 4 675
111.010000 5 675
111.010000 6 455
111.010000 7 675
111.010000 8 675
111.010000 9 567
111.010000 10 556
112.010000 0 557
112.010000 1 674
112.010000 2 674
112.010000 3 450
112.010000 4 674
112.010000 5 674
112.010000 6 453
112.010000 7 674
112.010000 8 674
112.010000 9 562
112.010000 10 557
113.010000 0 556
113.010000 1 658
113.010000 2 658
113.010000 3 441
113.010000 4 658
113.010000 5 658
113.010000 6 431
113.010000 7 658
113.010000 8 658
113.010000 9 546
113.010000 10 556
114.010000 0 533
114.010000 1 658
114.010000 2 658
114.010000 3 433
114.010000 4 658
114.010000 5 658
114.010000 6 453
114.010000 7 658
114.010000 8 658
114.010000 9 555
114.010000 10 533
115.010000 0 529
115.010000 1 633
115.010000 2 633
115.010000 3 421
115.010000 4 633
115.010000 5 633
115.010000 6 421
115.010000 7 633
115.010000 8 633
115.010000 9 528
115.010000 10 529
116.010000 0 540
116.010000 1 643
116.010000 2 643
116.010000 3 433
116.010000 4 643
116.010000 5 643
116.010000 6 425
116.010000 7 643
116.010000 8 643
116.010000 9 531
116.010000 10 540
117.010000 0 576
117.010000 1 685
117.010000 2 685
117.010000 3 465
117.010000 4 685
117.010000 5 685
117.010000 6 451
117.010000 7 685
117.010000 8 685
117.010000 9 563
117.010000 10 576
118.010000 0 530
118.010000 1 637
118.010000 2 637
118.010000 3 418
118.010000 4 637
118.010000 5 637
118.010000 6 425
118.010000 7 637
118.010000 8 637
118.010000 9 538
118.010000 10 530
119.010000 0 562
119.010000 1 680
119.010000 2 680
119.010000 3 453
119.010000 4 680
119.010000 5 680
119.010000 6 457
119.010000 7 680
119.010000 8 680
119.010000 9 568
119.010000 10 562
120.010000 0 563
120.010000 1 674
120.010000 2 674
120.010000 3 451
120.010000 4 674
120.010000 5 674
120.010000 6 447
120.010000 7 674
120.010000 8 674
120.010000 9 561
120.010000 10 563
121.010000 0 511
121.010000 1 611
121.010000 2 611
121.010000 3 410
121.010000 4 611
121.010000 5 611
121.010000 6 407
121.010000 7 611
121.010000 8 611
121.010000 9 505
121.010000 10 511
122.010000 0 573
122.010000 1 686
122.010000 2 686
122.010000 3 457
122.010000 4 686
122.010000 5 686
122.010000 6 456
122.010000 7 686
122.010000 8 686
122.010000 9 572
122.010000 10 573
123.010000 0 542
123.010000 1 646
123.010000 2 646
123.010000 3 434
123.010000 4 646
123.010000 5 646
123.010000 6 427
123.010000 7 646
123.010000 8 646
123.010000 9 535
123.010000 10 542
124.010000 0 557
124.010000 1 674
124.010000 2 674
124.010000 3 447
124.010000 4 674
124.010000 5 674
124.010000 6 453
124.010000 7 674
124.010000 8 674
124.010000 9 565
124.010000 10 557
125.010000 0 569
125.010000 1 686
125.010000 2 686
125.010000 3 453
125.010000 4 686
125.010000 5 686
125.010000 6 461
125.010000 7 686
125.010000 8 686
125.010000 9 575
125.010000 10 569
126.010000 0 540
126.010000 1 653
126.010000 2 653
126.010000 3 432
126.010000 4 653
126.010000 5 653
126.010000 6 439
126.010000 7 653
126.010000 8 653
126.010000 9 548
126.010000 10 540
127.010000 0 546
127.010000 1 648
127.010000 2 648
127.010000 3 437
127.010000 4 648
127.010000 5 648
127.010000 6 425
127.010000 7 648
127.010000 8 648
127.010000 9 536
127.010000 10 546
128.010000 0 583
128.010000 1 699
128.010000 2 699
128.010000 3 467
128.010000 4 699
128.010000 5 699
128.010000 6 466
128.010000 7 699
128.010000 8 699
128.010000 9 581
128.010000 10 583
129.010000 0 555
129.010000 1 663
129.010000 2 663
129.010000 3 444
129.010000 4 663
129.010000 5 663
129.010000 6 440
129.010000 7 663
129.010000 8 663
129.010000 9 550
129.010000 10 555
130.010000 0 504
130.010000 1 608
130.010000 2 608
130.010000 3 407
130.010000 4 608
130.010000 5 608
130.010000 6 407
130.010000 7 608
130.010000 8 608
130.010000 9 506
130.010000 10 504
131.010000 0 565
131.010000 1 680
131.010000 2 680
131.010000 3 449
131.010000 4 680
131.010000 5 680
131.010000 6 456
131.010000 7 680
131.010000 8 680
131.010000 9 570
131.010000 10 565
132.010000 0 570
132.010000 1 676
132.010000 2 676
132.010000 3 461
132.010000 4 676
132.010000 5 676
132.010000 6 442
132.010000 7 676
132.010000 8 676
132.010000 9 555
132.010000 10 569
133.010000 0 550
133.010000 1 664
133.010000 2 664
133.010000 3 441
133.010000 4 664
133.010000 5 664
133.010000 6 445
133.010000 7 664
133.010000 8 664
133.010000 9 556
133.010000 10 551
134.010000 0 531
134.010000 1 649
134.010000 2 649
134.010000 3 429
134.010000 4 649
134.010000 5 649
134.010000 6 443
134.010000 7 649
134.010000 8 649
134.010000 9 544
134.010000 10 531
135.010000 0 545
135.010000 1 654
135.010000 2 654
135.010000 3 431
135.010000 4 654
135.010000 5 654
135.010000 6 435
135.010000 7 654
135.010000 8 654
135.010000 9 551
135.010000 10 545
136.010000 0 554
136.010000 1 658
136.010000 2 658
136.010000 3 449
136.010000 4 658
136.010000 5 658
136.010000 6 433
136.010000 7 658
136.010000 8 658
136.010000 9 538
136.010000 10 554
137.010000 0 540
137.010000 1 652
137.010000 2 652
137.010000 3 425
137.010000 4 652
137.010000 5 652
137.010000 6 439
137.010000 7 652
137.010000 8 652
137.010000 9 552
137.010000 10 540
138.010000 0 528
138.010000 1 628
138.010000 2 628
138.010000 3 428
138.010000 4 628
138.010000 5 628
138.010000 6 413
138.010000 7 628
138.010000 8 628
138.010000 9 515
138.010000 10 528
139.010000 0 550
139.010000 1 665
139.010000 2 665
139.010000 3 441
139.010000 4 665
139.010000 5 665
139.010000 6 448
139.010000 7 665
139.010000 8 665
139.010000 9 556
139.010000 10 550
140.010000 0 609
140.010000 1 715
140.010000 2 715
140.010000 3 485
140.010000 4 715
140.010000 5 715
140.010000 6 464
140.010000 7 715
140.010000 8 715
140.010000 9 587
140.010000 10 609
141.010000 0 544
141.010000 1 664
141.010000 2 664
141.010000 3 435
141.010000 4 664
141.010000 5 664
141.010000 6 453
141.010000 7 664
141.010000 8 664
141.010000 9 560
141.010000 10 544
142.010000 0 541
142.010000 1 650
142.010000 2 650
142.010000 3 434
142.010000 4 650
142.010000 5 650
142.010000 6 433
142.010000 7 650
142.010000 8 650
142.010000 9 542
142.010000 10 541
143.010000 0 553
143.010000 1 661
143.010000 2 661
143.010000 3 445
143.010000 4 661
143.010000 5 661
143.010000 6 439
143.010000 7 661
143.010000 8 661
143.010000 9 546
143.010000 10 553
144.010000 0 577
144.010000 1 696
144.010000 2 696
144.010000 3 457
144.010000 4 696
144.010000 5 696
144.010000 6 467
144.010000 7 696
144.010000 8 696
144.010000 9 587
144.010000 10 577
145.010000 0 539
145.010000 1 646
145.010000 2 646
145.010000 3 434
145.010000 4 646
145.010000 5 646
145.010000 6 430
145.010000 7 646
145.010000 8 646
145.010000 9 535
145.010000 10 539
146.010000 0 517
146.010000 1 623
146.010000 2 623
146.010000 3 417
146.010000 4 623
146.010000 5 623
146.010000 6 417
146.010000 7 623
146.010000 8 623
146.010000 9 518
146.010000 10 517
147.010000 0 588
147.010000 1 700
147.010000 2 700
147.010000 3 467
147.010000 4 700
147.010000 5 700
147.010000 6 462
147.010000 7 700
147.010000 8 700
147.010000 9 583
147.010000 10 588
148.010000 0 550
148.010000 1 660
148.010000 2 660
148.010000 3 442
148.010000 4 660
148.010000 5 660
148.010000 6 440
148.010000 7 660
148.010000 8 660
148.010000 9 548
148.010000 10 550
149.010000 0 554
149.010000 1 664
149.010000 2 664
149.010000 3 444
149.010000 4 664
149.010000 5 664
149.010000 6 442
149.010000 7 664
149.010000 8 664
149.010000 9 552
149.010000 10 554
