0.010000 0 4
0.010000 1 25
0.010000 2 25
0.010000 3 19
0.010000 4 25
0.010000 5 25
0.010000 6 25
0.010000 7 25
0.010000 8 25
0.010000 9 25
0.010000 10 25
0.010000 11 25
0.010000 12 25
0.010000 13 25
0.010000 14 14
0.010000 15 25
0.010000 16 25
0.010000 17 13
0.010000 18 12
0.010000 19 25
0.010000 20 24
0.010000 21 25
0.010000 22 25
1.010000 0 977
1.010000 1 1087
1.010000 2 933
1.010000 3 1050
1.010000 4 1049
1.010000 5 1041
1.010000 6 1064
1.010000 7 1065
1.010000 8 1060
1.010000 9 1064
1.010000 10 1015
1.010000 11 1071
1.010000 12 1032
1.010000 13 1051
1.010000 14 1057
1.010000 15 1013
1.010000 16 1077
1.010000 17 1023
1.010000 18 1043
1.010000 19 1037
1.010000 20 1059
1.010000 21 1048
1.010000 22 1063
2.010000 0 762
2.010000 1 841
2.010000 2 746
2.010000 3 804
2.010000 4 842
2.010000 5 808
2.010000 6 831
2.010000 7 809
2.010000 8 827
2.010000 9 826
2.010000 10 803
2.010000 11 822
2.010000 12 813
2.010000 13 803
2.010000 14 814
2.010000 15 793
2.010000 16 817
2.010000 17 789
2.010000 18 827
2.010000 19 811
2.010000 20 813
2.010000 21 799
2.010000 22 812
3.010000 0 714
3.010000 1 808
3.010000 2 730
3.010000 3 789
3.010000 4 795
3.010000 5 785
3.010000 6 802
3.010000 7 754
3.010000 8 794
3.010000 9 795
3.010000 10 796
3.010000 11 790
3.010000 12 782
3.010000 13 774
3.010000 14 785
3.010000 15 768
3.010000 16 788
3.010000 17 781
3.010000 18 782
3.010000 19 780
3.010000 20 779
3.010000 21 781
3.010000 22 774
4.010000 0 766
4.010000 1 871
4.010000 2 805
4.010000 3 841
4.010000 4 855
4.010000 5 833
4.010000 6 864
4.010000 7 841
4.010000 8 859
4.010000 9 861
4.010000 10 836
4.010000 11 854
4.010000 12 847
4.010000 13 839
4.010000 14 841
4.010000 15 813
4.010000 16 852
4.010000 17 822
4.010000 18 836
4.010000 19 859
4.010000 20 849
4.010000 21 844
4.010000 22 843
5.010000 0 700
5.010000 1 804
5.010000 2 731
5.010000 3 782
5.010000 4 790
5.010000 5 778
5.010000 6 798
5.010000 7 803
5.010000 8 791
5.010000 9 797
5.010000 10 768
5.010000 11 790
5.010000 12 793
5.010000 13 777
5.010000 14 765
5.010000 15 758
5.010000 16 786
5.010000 17 757
5.010000 18 761
5.010000 19 772
5.010000 20 784
5.010000 21 778
5.010000 22 778
6.010000 0 722
6.010000 1 823
6.010000 2 743
6.010000 3 790
6.010000 4 809
6.010000 5 796
6.010000 6 811
6.010000 7 796
6.010000 8 829
6.010000 9 810
6.010000 10 782
6.010000 11 807
6.010000 12 791
6.010000 13 790
6.010000 14 795
6.010000 15 789
6.010000 16 800
6.010000 17 773
6.010000 18 789
6.010000 19 817
6.010000 20 800
6.010000 21 797
6.010000 22 790
7.010000 0 836
7.010000 1 942
7.010000 2 826
7.010000 3 913
7.010000 4 923
7.010000 5 909
7.010000 6 934
7.010000 7 909
7.010000 8 910
7.010000 9 928
7.010000 10 903
7.010000 11 922
7.010000 12 912
7.010000 13 906
7.010000 14 909
7.010000 15 889
7.010000 16 919
7.010000 17 896
7.010000 18 906
7.010000 19 888
7.010000 20 911
7.010000 21 915
7.010000 22 910
8.010000 0 793
8.010000 1 887
8.010000 2 800
8.010000 3 861
8.010000 4 873
8.010000 5 860
8.010000 6 878
8.010000 7 835
8.010000 8 874
8.010000 9 874
8.010000 10 853
8.010000 11 871
8.010000 12 863
8.010000 13 855
8.010000 14 861
8.010000 15 842
8.010000 16 869
8.010000 17 844
8.010000 18 857
8.010000 19 859
8.010000 20 863
8.010000 21 863
8.010000 22 879
9.010000 0 746
9.010000 1 850
9.010000 2 761
9.010000 3 819
9.010000 4 835
9.010000 5 823
9.010000 6 841
9.010000 7 820
9.010000 8 856
9.010000 9 835
9.010000 10 812
9.010000 11 835
9.010000 12 824
9.010000 13 814
9.010000 14 820
9.010000 15 808
9.010000 16 825
9.010000 17 801
9.010000 18 813
9.010000 19 822
9.010000 20 826
9.010000 21 824
9.010000 22 823
10.010000 0 721
10.010000 1 842
10.010000 2 737
10.010000 3 802
10.010000 4 827
10.010000 5 803
10.010000 6 818
10.010000 7 825
10.010000 8 815
10.010000 9 816
10.010000 10 767
10.010000 11 807
10.010000 12 803
10.010000 13 791
10.010000 14 797
10.010000 15 790
10.010000 16 806
10.010000 17 786
10.010000 18 791
10.010000 19 799
10.010000 20 799
10.010000 21 802
10.010000 22 797
11.010000 0 836
11.010000 1 936
11.010000 2 849
11.010000 3 909
11.010000 4 908
11.010000 5 906
11.010000 6 927
11.010000 7 885
11.010000 8 924
11.010000 9 932
11.010000 10 894
11.010000 11 921
11.010000 12 906
11.010000 13 908
11.010000 14 909
11.010000 15 883
11.010000 16 920
11.010000 17 897
11.010000 18 910
11.010000 19 910
11.010000 20 911
11.010000 21 911
11.010000 22 908
12.010000 0 646
12.010000 1 747
12.010000 2 681
12.010000 3 728
12.010000 4 733
12.010000 5 716
12.010000 6 745
12.010000 7 722
12.010000 8 736
12.010000 9 755
12.010000 10 743
12.010000 11 733
12.010000 12 725
12.010000 13 716
12.010000 14 716
12.010000 15 697
12.010000 16 728
12.010000 17 708
12.010000 18 713
12.010000 19 732
12.010000 20 746
12.010000 21 729
12.010000 22 694
13.010000 0 793
13.010000 1 916
13.010000 2 816
13.010000 3 883
13.010000 4 902
13.010000 5 886
13.010000 6 909
13.010000 7 912
13.010000 8 900
13.010000 9 917
13.010000 10 876
13.010000 11 897
13.010000 12 886
13.010000 13 882
13.010000 14 878
13.010000 15 867
13.010000 16 869
13.010000 17 864
13.010000 18 871
13.010000 19 878
13.010000 20 865
13.010000 21 889
13.010000 22 884
14.010000 0 643
14.010000 1 731
14.010000 2 648
14.010000 3 710
14.010000 4 719
14.010000 5 704
14.010000 6 739
14.010000 7 710
14.010000 8 722
14.010000 9 721
14.010000 10 697
14.010000 11 717
14.010000 12 713
14.010000 13 698
14.010000 14 706
14.010000 15 694
14.010000 16 713
14.010000 17 694
14.010000 18 703
14.010000 19 708
14.010000 20 732
14.010000 21 712
14.010000 22 727
15.010000 0 735
15.010000 1 840
15.010000 2 778
15.010000 3 809
15.010000 4 826
15.010000 5 811
15.010000 6 834
15.010000 7 809
15.010000 8 829
15.010000 9 829
15.010000 10 804
15.010000 11 822
15.010000 12 839
15.010000 13 807
15.010000 14 808
15.010000 15 800
15.010000 16 820
15.010000 17 790
15.010000 18 805
15.010000 19 820
15.010000 20 817
15.010000 21 818
15.010000 22 811
16.010000 0 1158
16.010000 1 1307
16.010000 2 1253
16.010000 3 1292
16.010000 4 1259
16.010000 5 1303
16.010000 6 1345
16.010000 7 1296
16.010000 8 1263
16.010000 9 1339
16.010000 10 1327
16.010000 11 1232
16.010000 12 1325
16.010000 13 1319
16.010000 14 1281
16.010000 15 1281
16.010000 16 1336
16.010000 17 1246
16.010000 18 1251
16.010000 19 1316
16.010000 20 1331
16.010000 21 1326
16.010000 22 1324
17.010000 0 1068
17.010000 1 1213
17.010000 2 1152
17.010000 3 1178
17.010000 4 1133
17.010000 5 1225
17.010000 6 1239
17.010000 7 1193
17.010000 8 1150
17.010000 9 1232
17.010000 10 1204
17.010000 11 1138
17.010000 12 1218
17.010000 13 1216
17.010000 14 1186
17.010000 15 1209
17.010000 16 1228
17.010000 17 1136
17.010000 18 1140
17.010000 19 1218
17.010000 20 1245
17.010000 21 1226
17.010000 22 1220
18.010000 0 1075
18.010000 1 1237
18.010000 2 1172
18.010000 3 1213
18.010000 4 1186
18.010000 5 1242
18.010000 6 1261
18.010000 7 1244
18.010000 8 1182
18.010000 9 1255
18.010000 10 1232
18.010000 11 1149
18.010000 12 1243
18.010000 13 1238
18.010000 14 1206
18.010000 15 1235
18.010000 16 1246
18.010000 17 1167
18.010000 18 1159
18.010000 19 1247
18.010000 20 1247
18.010000 21 1243
18.010000 22 1245
19.010000 0 1039
19.010000 1 1165
19.010000 2 1150
19.010000 3 1153
19.010000 4 1115
19.010000 5 1209
19.010000 6 1210
19.010000 7 1174
19.010000 8 1123
19.010000 9 1206
19.010000 10 1183
19.010000 11 1087
19.010000 12 1196
19.010000 13 1187
19.010000 14 1153
19.010000 15 1182
19.010000 16 1202
19.010000 17 1095
19.010000 18 1111
19.010000 19 1178
19.010000 20 1209
19.010000 21 1198
19.010000 22 1194
20.010000 0 1141
20.010000 1 1248
20.010000 2 1179
20.010000 3 1250
20.010000 4 1192
20.010000 5 1250
20.010000 6 1279
20.010000 7 1233
20.010000 8 1211
20.010000 9 1274
20.010000 10 1250
20.010000 11 1176
20.010000 12 1256
20.010000 13 1252
20.010000 14 1233
20.010000 15 1243
20.010000 16 1263
20.010000 17 1205
20.010000 18 1192
20.010000 19 1261
20.010000 20 1266
20.010000 21 1259
20.010000 22 1255
21.010000 0 1063
21.010000 1 1222
21.010000 2 1182
21.010000 3 1198
21.010000 4 1169
21.010000 5 1237
21.010000 6 1251
21.010000 7 1216
21.010000 8 1181
21.010000 9 1246
21.010000 10 1228
21.010000 11 1135
21.010000 12 1250
21.010000 13 1229
21.010000 14 1185
21.010000 15 1221
21.010000 16 1240
21.010000 17 1140
21.010000 18 1137
21.010000 19 1217
21.010000 20 1230
21.010000 21 1235
21.010000 22 1232
22.010000 0 1116
22.010000 1 1290
22.010000 2 1250
22.010000 3 1256
22.010000 4 1223
22.010000 5 1304
22.010000 6 1317
22.010000 7 1283
22.010000 8 1221
22.010000 9 1317
22.010000 10 1285
22.010000 11 1205
22.010000 12 1302
22.010000 13 1305
22.010000 14 1243
22.010000 15 1290
22.010000 16 1307
22.010000 17 1200
22.010000 18 1216
22.010000 19 1312
22.010000 20 1295
22.010000 21 1306
22.010000 22 1297
23.010000 0 1057
23.010000 1 1187
23.010000 2 1147
23.010000 3 1192
23.010000 4 1119
23.010000 5 1206
23.010000 6 1236
23.010000 7 1197
23.010000 8 1123
23.010000 9 1221
23.010000 10 1217
23.010000 11 1108
23.010000 12 1202
23.010000 13 1205
23.010000 14 1173
23.010000 15 1184
23.010000 16 1213
23.010000 17 1158
23.010000 18 1134
23.010000 19 1197
23.010000 20 1216
23.010000 21 1211
23.010000 22 1177
24.010000 0 1044
24.010000 1 1174
24.010000 2 1128
24.010000 3 1158
24.010000 4 1118
24.010000 5 1185
24.010000 6 1207
24.010000 7 1166
24.010000 8 1137
24.010000 9 1199
24.010000 10 1203
24.010000 11 1091
24.010000 12 1191
24.010000 13 1184
24.010000 14 1174
24.010000 15 1169
24.010000 16 1202
24.010000 17 1113
24.010000 18 1100
24.010000 19 1188
24.010000 20 1196
24.010000 21 1192
24.010000 22 1194
25.010000 0 1029
25.010000 1 1160
25.010000 2 1119
25.010000 3 1144
25.010000 4 1091
25.010000 5 1180
25.010000 6 1193
25.010000 7 1154
25.010000 8 1093
25.010000 9 1187
25.010000 10 1168
25.010000 11 1068
25.010000 12 1182
25.010000 13 1167
25.010000 14 1139
25.010000 15 1173
25.010000 16 1193
25.010000 17 1101
25.010000 18 1098
25.010000 19 1176
25.010000 20 1177
25.010000 21 1189
25.010000 22 1169
26.010000 0 1072
26.010000 1 1208
26.010000 2 1157
26.010000 3 1198
26.010000 4 1145
26.010000 5 1217
26.010000 6 1255
26.010000 7 1198
26.010000 8 1148
26.010000 9 1258
26.010000 10 1210
26.010000 11 1127
26.010000 12 1217
26.010000 13 1214
26.010000 14 1188
26.010000 15 1192
26.010000 16 1226
26.010000 17 1151
26.010000 18 1132
26.010000 19 1209
26.010000 20 1214
26.010000 21 1225
26.010000 22 1217
27.010000 0 1144
27.010000 1 1275
27.010000 2 1226
27.010000 3 1268
27.010000 4 1233
27.010000 5 1277
27.010000 6 1319
27.010000 7 1291
27.010000 8 1246
27.010000 9 1288
27.010000 10 1291
27.010000 11 1209
27.010000 12 1302
27.010000 13 1292
27.010000 14 1259
27.010000 15 1252
27.010000 16 1305
27.010000 17 1215
27.010000 18 1211
27.010000 19 1278
27.010000 20 1298
27.010000 21 1284
27.010000 22 1296
28.010000 0 957
28.010000 1 1065
28.010000 2 1030
28.010000 3 1047
28.010000 4 991
28.010000 5 1093
28.010000 6 1114
28.010000 7 1056
28.010000 8 997
28.010000 9 1100
28.010000 10 1101
28.010000 11 973
28.010000 12 1080
28.010000 13 1107
28.010000 14 1063
28.010000 15 1073
28.010000 16 1116
28.010000 17 1003
28.010000 18 1003
28.010000 19 1081
28.010000 20 1090
28.010000 21 1109
28.010000 22 1090
29.010000 0 1134
29.010000 1 1249
29.010000 2 1175
29.010000 3 1255
29.010000 4 1187
29.010000 5 1263
29.010000 6 1285
29.010000 7 1250
29.010000 8 1207
29.010000 9 1279
29.010000 10 1262
29.010000 11 1205
29.010000 12 1253
29.010000 13 1244
29.010000 14 1219
29.010000 15 1241
29.010000 16 1274
29.010000 17 1211
29.010000 18 1212
29.010000 19 1251
29.010000 20 1267
29.010000 21 1241
29.010000 22 1273
30.010000 0 1220
30.010000 1 1348
30.010000 2 1271
30.010000 3 1325
30.010000 4 1264
30.010000 5 1330
30.010000 6 1362
30.010000 7 1314
30.010000 8 1270
30.010000 9 1359
30.010000 10 1299
30.010000 11 1261
30.010000 12 1343
30.010000 13 1333
30.010000 14 1330
30.010000 15 1309
30.010000 16 1353
30.010000 17 1289
30.010000 18 1282
30.010000 19 1339
30.010000 20 1351
30.010000 21 1342
30.010000 22 1338
31.010000 0 999
31.010000 1 1140
31.010000 2 1117
31.010000 3 1138
31.010000 4 1108
31.010000 5 1173
31.010000 6 1191
31.010000 7 1180
31.010000 8 1117
31.010000 9 1198
31.010000 10 1174
31.010000 11 1079
31.010000 12 1182
31.010000 13 1174
31.010000 14 1119
31.010000 15 1159
31.010000 16 1192
31.010000 17 1063
31.010000 18 1081
31.010000 19 1175
31.010000 20 1182
31.010000 21 1182
31.010000 22 1194
32.010000 0 1076
32.010000 1 1207
32.010000 2 1140
32.010000 3 1174
32.010000 4 1123
32.010000 5 1207
32.010000 6 1221
32.010000 7 1187
32.010000 8 1121
32.010000 9 1208
32.010000 10 1196
32.010000 11 1099
32.010000 12 1209
32.010000 13 1190
32.010000 14 1187
32.010000 15 1200
32.010000 16 1211
32.010000 17 1149
32.010000 18 1154
32.010000 19 1207
32.010000 20 1203
32.010000 21 1213
32.010000 22 1205
33.010000 0 1095
33.010000 1 1196
33.010000 2 1160
33.010000 3 1204
33.010000 4 1140
33.010000 5 1219
33.010000 6 1234
33.010000 7 1200
33.010000 8 1156
33.010000 9 1242
33.010000 10 1212
33.010000 11 1136
33.010000 12 1221
33.010000 13 1211
33.010000 14 1200
33.010000 15 1208
33.010000 16 1225
33.010000 17 1151
33.010000 18 1137
33.010000 19 1224
33.010000 20 1225
33.010000 21 1213
33.010000 22 1219
34.010000 0 1018
34.010000 1 1142
34.010000 2 1097
34.010000 3 1140
34.010000 4 1073
34.010000 5 1149
34.010000 6 1180
34.010000 7 1137
34.010000 8 1071
34.010000 9 1184
34.010000 10 1191
34.010000 11 1050
34.010000 12 1148
34.010000 13 1164
34.010000 14 1130
34.010000 15 1102
34.010000 16 1193
34.010000 17 1093
34.010000 18 1078
34.010000 19 1134
34.010000 20 1166
34.010000 21 1191
34.010000 22 1165
35.010000 0 1177
35.010000 1 1302
35.010000 2 1253
35.010000 3 1312
35.010000 4 1256
35.010000 5 1317
35.010000 6 1347
35.010000 7 1298
35.010000 8 1243
35.010000 9 1352
35.010000 10 1274
35.010000 11 1236
35.010000 12 1324
35.010000 13 1323
35.010000 14 1292
35.010000 15 1299
35.010000 16 1330
35.010000 17 1267
35.010000 18 1249
35.010000 19 1318
35.010000 20 1321
35.010000 21 1327
35.010000 22 1320
36.010000 0 1063
36.010000 1 1196
36.010000 2 1152
36.010000 3 1198
36.010000 4 1137
36.010000 5 1208
36.010000 6 1226
36.010000 7 1185
36.010000 8 1135
36.010000 9 1223
36.010000 10 1190
36.010000 11 1121
36.010000 12 1208
36.010000 13 1198
36.010000 14 1162
36.010000 15 1193
36.010000 16 1211
36.010000 17 1157
36.010000 18 1137
36.010000 19 1202
36.010000 20 1205
36.010000 21 1209
36.010000 22 1201
37.010000 0 1151
37.010000 1 1277
37.010000 2 1209
37.010000 3 1246
37.010000 4 1215
37.010000 5 1290
37.010000 6 1298
37.010000 7 1256
37.010000 8 1216
37.010000 9 1291
37.010000 10 1271
37.010000 11 1208
37.010000 12 1282
37.010000 13 1277
37.010000 14 1250
37.010000 15 1279
37.010000 16 1273
37.010000 17 1205
37.010000 18 1222
37.010000 19 1280
37.010000 20 1284
37.010000 21 1258
37.010000 22 1284
38.010000 0 1058
38.010000 1 1185
38.010000 2 1176
38.010000 3 1188
38.010000 4 1138
38.010000 5 1209
38.010000 6 1228
38.010000 7 1177
38.010000 8 1141
38.010000 9 1225
38.010000 10 1202
38.010000 11 1107
38.010000 12 1217
38.010000 13 1175
38.010000 14 1173
38.010000 15 1190
38.010000 16 1214
38.010000 17 1137
38.010000 18 1125
38.010000 19 1216
38.010000 20 1207
38.010000 21 1231
38.010000 22 1198
39.010000 0 1022
39.010000 1 1130
39.010000 2 1117
39.010000 3 1099
39.010000 4 1062
39.010000 5 1151
39.010000 6 1168
39.010000 7 1116
39.010000 8 1069
39.010000 9 1155
39.010000 10 1138
39.010000 11 1043
39.010000 12 1164
39.010000 13 1147
39.010000 14 1126
39.010000 15 1144
39.010000 16 1168
39.010000 17 1060
39.010000 18 1082
39.010000 19 1151
39.010000 20 1149
39.010000 21 1151
39.010000 22 1141
40.010000 0 1126
40.010000 1 1287
40.010000 2 1238
40.010000 3 1250
40.010000 4 1226
40.010000 5 1294
40.010000 6 1307
40.010000 7 1269
40.010000 8 1220
40.010000 9 1291
40.010000 10 1276
40.010000 11 1205
40.010000 12 1298
40.010000 13 1282
40.010000 14 1238
40.010000 15 1282
40.010000 16 1300
40.010000 17 1209
40.010000 18 1240
40.010000 19 1294
40.010000 20 1296
40.010000 21 1296
40.010000 22 1288
41.010000 0 1084
41.010000 1 1239
41.010000 2 1195
41.010000 3 1230
41.010000 4 1192
41.010000 5 1240
41.010000 6 1277
41.010000 7 1234
41.010000 8 1200
41.010000 9 1272
41.010000 10 1245
41.010000 11 1168
41.010000 12 1267
41.010000 13 1255
41.010000 14 1220
41.010000 15 1222
41.010000 16 1233
41.010000 17 1185
41.010000 18 1161
41.010000 19 1250
41.010000 20 1260
41.010000 21 1253
41.010000 22 1249
42.010000 0 1054
42.010000 1 1185
42.010000 2 1160
42.010000 3 1186
42.010000 4 1127
42.010000 5 1198
42.010000 6 1219
42.010000 7 1180
42.010000 8 1132
42.010000 9 1215
42.010000 10 1199
42.010000 11 1109
42.010000 12 1217
42.010000 13 1215
42.010000 14 1153
42.010000 15 1178
42.010000 16 1216
42.010000 17 1129
42.010000 18 1118
42.010000 19 1201
42.010000 20 1226
42.010000 21 1197
42.010000 22 1202
43.010000 0 1079
43.010000 1 1214
43.010000 2 1147
43.010000 3 1191
43.010000 4 1170
43.010000 5 1218
43.010000 6 1245
43.010000 7 1208
43.010000 8 1155
43.010000 9 1251
43.010000 10 1217
43.010000 11 1133
43.010000 12 1223
43.010000 13 1222
43.010000 14 1204
43.010000 15 1210
43.010000 16 1229
43.010000 17 1150
43.010000 18 1148
43.010000 19 1224
43.010000 20 1220
43.010000 21 1222
43.010000 22 1225
44.010000 0 1164
44.010000 1 1309
44.010000 2 1247
44.010000 3 1289
44.010000 4 1247
44.010000 5 1327
44.010000 6 1335
44.010000 7 1297
44.010000 8 1265
44.010000 9 1314
44.010000 10 1304
44.010000 11 1245
44.010000 12 1322
44.010000 13 1309
44.010000 14 1282
44.010000 15 1311
44.010000 16 1327
44.010000 17 1238
44.010000 18 1242
44.010000 19 1311
44.010000 20 1320
44.010000 21 1320
44.010000 22 1318
45.010000 0 1044
45.010000 1 1197
45.010000 2 1151
45.010000 3 1151
45.010000 4 1124
45.010000 5 1186
45.010000 6 1213
45.010000 7 1173
45.010000 8 1130
45.010000 9 1210
45.010000 10 1172
45.010000 11 1088
45.010000 12 1203
45.010000 13 1181
45.010000 14 1164
45.010000 15 1179
45.010000 16 1194
45.010000 17 1120
45.010000 18 1132
45.010000 19 1204
45.010000 20 1187
45.010000 21 1214
45.010000 22 1159
46.010000 0 1093
46.010000 1 1218
46.010000 2 1157
46.010000 3 1187
46.010000 4 1153
46.010000 5 1218
46.010000 6 1243
46.010000 7 1217
46.010000 8 1156
46.010000 9 1251
46.010000 10 1214
46.010000 11 1124
46.010000 12 1215
46.010000 13 1224
46.010000 14 1213
46.010000 15 1207
46.010000 16 1226
46.010000 17 1152
46.010000 18 1154
46.010000 19 1232
46.010000 20 1227
46.010000 21 1196
46.010000 22 1218
47.010000 0 1046
47.010000 1 1147
47.010000 2 1112
47.010000 3 1152
47.010000 4 1086
47.010000 5 1171
47.010000 6 1185
47.010000 7 1143
47.010000 8 1101
47.010000 9 1184
47.010000 10 1164
47.010000 11 1078
47.010000 12 1177
47.010000 13 1173
47.010000 14 1133
47.010000 15 1154
47.010000 16 1201
47.010000 17 1097
47.010000 18 1092
47.010000 19 1154
47.010000 20 1196
47.010000 21 1177
47.010000 22 1174
48.010000 0 1044
48.010000 1 1194
48.010000 2 1174
48.010000 3 1162
48.010000 4 1154
48.010000 5 1224
48.010000 6 1219
48.010000 7 1177
48.010000 8 1154
48.010000 9 1198
48.010000 10 1188
48.010000 11 1102
48.010000 12 1215
48.010000 13 1192
48.010000 14 1168
48.010000 15 1221
48.010000 16 1189
48.010000 17 1118
48.010000 18 1123
48.010000 19 1224
48.010000 20 1205
48.010000 21 1202
48.010000 22 1199
49.010000 0 1074
49.010000 1 1180
49.010000 2 1102
49.010000 3 1173
49.010000 4 1128
49.010000 5 1187
49.010000 6 1214
49.010000 7 1172
49.010000 8 1130
49.010000 9 1204
49.010000 10 1200
49.010000 11 1108
49.010000 12 1190
49.010000 13 1190
49.010000 14 1184
49.010000 15 1165
49.010000 16 1203
49.010000 17 1128
49.010000 18 1121
49.010000 19 1168
49.010000 20 1194
49.010000 21 1198
49.010000 22 1217
50.010000 0 1048
50.010000 1 1234
50.010000 2 1214
50.010000 3 1198
50.010000 4 1184
50.010000 5 1246
50.010000 6 1262
50.010000 7 1212
50.010000 8 1173
50.010000 9 1272
50.010000 10 1230
50.010000 11 1142
50.010000 12 1252
50.010000 13 1233
50.010000 14 1186
50.010000 15 1237
50.010000 16 1243
50.010000 17 1146
50.010000 18 1152
50.010000 19 1265
50.010000 20 1238
50.010000 21 1242
50.010000 22 1213
51.010000 0 1090
51.010000 1 1207
51.010000 2 1150
51.010000 3 1190
51.010000 4 1155
51.010000 5 1215
51.010000 6 1240
51.010000 7 1197
51.010000 8 1160
51.010000 9 1236
51.010000 10 1213
51.010000 11 1143
51.010000 12 1220
51.010000 13 1216
51.010000 14 1195
51.010000 15 1196
51.010000 16 1228
51.010000 17 1146
51.010000 18 1168
51.010000 19 1217
51.010000 20 1201
51.010000 21 1221
51.010000 22 1247
52.010000 0 1079
52.010000 1 1236
52.010000 2 1186
52.010000 3 1227
52.010000 4 1183
52.010000 5 1250
52.010000 6 1272
52.010000 7 1226
52.010000 8 1183
52.010000 9 1266
52.010000 10 1233
52.010000 11 1157
52.010000 12 1254
52.010000 13 1240
52.010000 14 1215
52.010000 15 1235
52.010000 16 1270
52.010000 17 1184
52.010000 18 1156
52.010000 19 1236
52.010000 20 1245
52.010000 21 1258
52.010000 22 1217
53.010000 0 1058
53.010000 1 1204
53.010000 2 1171
53.010000 3 1189
53.010000 4 1143
53.010000 5 1232
53.010000 6 1233
53.010000 7 1186
53.010000 8 1144
53.010000 9 1223
53.010000 10 1202
53.010000 11 1116
53.010000 12 1226
53.010000 13 1224
53.010000 14 1174
53.010000 15 1225
53.010000 16 1215
53.010000 17 1158
53.010000 18 1146
53.010000 19 1218
53.010000 20 1211
53.010000 21 1217
53.010000 22 1211
54.010000 0 1173
54.010000 1 1276
54.010000 2 1172
54.010000 3 1257
54.010000 4 1227
54.010000 5 1257
54.010000 6 1306
54.010000 7 1265
54.010000 8 1236
54.010000 9 1298
54.010000 10 1278
54.010000 11 1206
54.010000 12 1270
54.010000 13 1276
54.010000 14 1286
54.010000 15 1240
54.010000 16 1290
54.010000 17 1217
54.010000 18 1222
54.010000 19 1280
54.010000 20 1317
54.010000 21 1266
54.010000 22 1286
55.010000 0 1072
55.010000 1 1230
55.010000 2 1182
55.010000 3 1196
55.010000 4 1162
55.010000 5 1240
55.010000 6 1245
55.010000 7 1204
55.010000 8 1156
55.010000 9 1234
55.010000 10 1214
55.010000 11 1145
55.010000 12 1232
55.010000 13 1217
55.010000 14 1189
55.010000 15 1225
55.010000 16 1232
55.010000 17 1150
55.010000 18 1148
55.010000 19 1225
55.010000 20 1203
55.010000 21 1248
55.010000 22 1223
56.010000 0 1083
56.010000 1 1206
56.010000 2 1164
56.010000 3 1201
56.010000 4 1161
56.010000 5 1216
56.010000 6 1249
56.010000 7 1209
56.010000 8 1175
56.010000 9 1241
56.010000 10 1220
56.010000 11 1152
56.010000 12 1237
56.010000 13 1227
56.010000 14 1196
56.010000 15 1204
56.010000 16 1236
56.010000 17 1154
56.010000 18 1155
56.010000 19 1234
56.010000 20 1256
56.010000 21 1232
56.010000 22 1232
57.010000 0 1069
57.010000 1 1231
57.010000 2 1209
57.010000 3 1209
57.010000 4 1169
57.010000 5 1249
57.010000 6 1256
57.010000 7 1217
57.010000 8 1170
57.010000 9 1271
57.010000 10 1224
57.010000 11 1134
57.010000 12 1252
57.010000 13 1238
57.010000 14 1188
57.010000 15 1241
57.010000 16 1240
57.010000 17 1168
57.010000 18 1163
57.010000 19 1254
57.010000 20 1235
57.010000 21 1222
57.010000 22 1249
58.010000 0 1110
58.010000 1 1275
58.010000 2 1186
58.010000 3 1240
58.010000 4 1199
58.010000 5 1259
58.010000 6 1292
58.010000 7 1249
58.010000 8 1209
58.010000 9 1286
58.010000 10 1265
58.010000 11 1180
58.010000 12 1275
58.010000 13 1266
58.010000 14 1241
58.010000 15 1241
58.010000 16 1297
58.010000 17 1194
58.010000 18 1187
58.010000 19 1254
58.010000 20 1278
58.010000 21 1280
58.010000 22 1290
59.010000 0 1046
59.010000 1 1158
59.010000 2 1154
59.010000 3 1158
59.010000 4 1106
59.010000 5 1194
59.010000 6 1198
59.010000 7 1156
59.010000 8 1105
59.010000 9 1194
59.010000 10 1145
59.010000 11 1087
59.010000 12 1201
59.010000 13 1201
59.010000 14 1155
59.010000 15 1185
59.010000 16 1193
59.010000 17 1108
59.010000 18 1097
59.010000 19 1185
59.010000 20 1181
59.010000 21 1184
59.010000 22 1201
60.010000 0 1061
60.010000 1 1203
60.010000 2 1159
60.010000 3 1178
60.010000 4 1144
60.010000 5 1204
60.010000 6 1226
60.010000 7 1192
60.010000 8 1144
60.010000 9 1227
60.010000 10 1227
60.010000 11 1112
60.010000 12 1229
60.010000 13 1204
60.010000 14 1179
60.010000 15 1188
60.010000 16 1221
60.010000 17 1128
60.010000 18 1130
60.010000 19 1214
60.010000 20 1212
60.010000 21 1210
60.010000 22 1212
61.010000 0 1011
61.010000 1 1132
61.010000 2 1133
61.010000 3 1123
61.010000 4 1068
61.010000 5 1148
61.010000 6 1178
61.010000 7 1121
61.010000 8 1067
61.010000 9 1165
61.010000 10 1137
61.010000 11 1041
61.010000 12 1167
61.010000 13 1144
61.010000 14 1118
61.010000 15 1136
61.010000 16 1168
61.010000 17 1082
61.010000 18 1082
61.010000 19 1168
61.010000 20 1148
61.010000 21 1155
61.010000 22 1145
62.010000 0 1160
62.010000 1 1265
62.010000 2 1170
62.010000 3 1256
62.010000 4 1213
62.010000 5 1278
62.010000 6 1302
62.010000 7 1259
62.010000 8 1221
62.010000 9 1293
62.010000 10 1281
62.010000 11 1198
62.010000 12 1245
62.010000 13 1270
62.010000 14 1261
62.010000 15 1238
62.010000 16 1275
62.010000 17 1213
62.010000 18 1226
62.010000 19 1240
62.010000 20 1283
62.010000 21 1282
62.010000 22 1281
63.010000 0 1046
63.010000 1 1164
63.010000 2 1145
63.010000 3 1144
63.010000 4 1105
63.010000 5 1190
63.010000 6 1194
63.010000 7 1154
63.010000 8 1109
63.010000 9 1193
63.010000 10 1156
63.010000 11 1083
63.010000 12 1182
63.010000 13 1154
63.010000 14 1149
63.010000 15 1164
63.010000 16 1186
63.010000 17 1103
63.010000 18 1119
63.010000 19 1172
63.010000 20 1172
63.010000 21 1201
63.010000 22 1174
64.010000 0 1123
64.010000 1 1291
64.010000 2 1205
64.010000 3 1262
64.010000 4 1241
64.010000 5 1289
64.010000 6 1308
64.010000 7 1291
64.010000 8 1245
64.010000 9 1303
64.010000 10 1283
64.010000 11 1219
64.010000 12 1287
64.010000 13 1277
64.010000 14 1261
64.010000 15 1283
64.010000 16 1297
64.010000 17 1214
64.010000 18 1203
64.010000 19 1301
64.010000 20 1321
64.010000 21 1271
64.010000 22 1296
65.010000 0 1103
65.010000 1 1208
65.010000 2 1168
65.010000 3 1193
65.010000 4 1142
65.010000 5 1240
65.010000 6 1249
65.010000 7 1193
65.010000 8 1146
65.010000 9 1228
65.010000 10 1215
65.010000 11 1131
65.010000 12 1219
65.010000 13 1218
65.010000 14 1210
65.010000 15 1216
65.010000 16 1236
65.010000 17 1150
65.010000 18 1145
65.010000 19 1212
65.010000 20 1223
65.010000 21 1234
65.010000 22 1223
66.010000 0 1002
66.010000 1 1156
66.010000 2 1122
66.010000 3 1138
66.010000 4 1094
66.010000 5 1173
66.010000 6 1189
66.010000 7 1173
66.010000 8 1097
66.010000 9 1192
66.010000 10 1163
66.010000 11 1074
66.010000 12 1160
66.010000 13 1167
66.010000 14 1110
66.010000 15 1148
66.010000 16 1175
66.010000 17 1086
66.010000 18 1100
66.010000 19 1172
66.010000 20 1172
66.010000 21 1191
66.010000 22 1169
67.010000 0 1097
67.010000 1 1208
67.010000 2 1195
67.010000 3 1200
67.010000 4 1156
67.010000 5 1225
67.010000 6 1234
67.010000 7 1168
67.010000 8 1152
67.010000 9 1235
67.010000 10 1212
67.010000 11 1128
67.010000 12 1227
67.010000 13 1222
67.010000 14 1207
67.010000 15 1212
67.010000 16 1239
67.010000 17 1157
67.010000 18 1139
67.010000 19 1240
67.010000 20 1244
67.010000 21 1199
67.010000 22 1205
68.010000 0 975
68.010000 1 1102
68.010000 2 1093
68.010000 3 1102
68.010000 4 1064
68.010000 5 1126
68.010000 6 1141
68.010000 7 1091
68.010000 8 1060
68.010000 9 1133
68.010000 10 1111
68.010000 11 1036
68.010000 12 1129
68.010000 13 1121
68.010000 14 1071
68.010000 15 1118
68.010000 16 1123
68.010000 17 1056
68.010000 18 1054
68.010000 19 1136
68.010000 20 1113
68.010000 21 1130
68.010000 22 1127
69.010000 0 1103
69.010000 1 1223
69.010000 2 1158
69.010000 3 1212
69.010000 4 1167
69.010000 5 1213
69.010000 6 1252
69.010000 7 1205
69.010000 8 1185
69.010000 9 1245
69.010000 10 1226
69.010000 11 1140
69.010000 12 1236
69.010000 13 1215
69.010000 14 1208
69.010000 15 1198
69.010000 16 1238
69.010000 17 1170
69.010000 18 1159
69.010000 19 1232
69.010000 20 1247
69.010000 21 1245
69.010000 22 1207
70.010000 0 1072
70.010000 1 1205
70.010000 2 1150
70.010000 3 1201
70.010000 4 1143
70.010000 5 1211
70.010000 6 1236
70.010000 7 1217
70.010000 8 1150
70.010000 9 1229
70.010000 10 1213
70.010000 11 1126
70.010000 12 1210
70.010000 13 1215
70.010000 14 1178
70.010000 15 1186
70.010000 16 1223
70.010000 17 1150
70.010000 18 1134
70.010000 19 1213
70.010000 20 1223
70.010000 21 1222
70.010000 22 1217
71.010000 0 1072
71.010000 1 1186
71.010000 2 1133
71.010000 3 1165
71.010000 4 1128
71.010000 5 1210
71.010000 6 1195
71.010000 7 1170
71.010000 8 1137
71.010000 9 1208
71.010000 10 1185
71.010000 11 1123
71.010000 12 1190
71.010000 13 1191
71.010000 14 1186
71.010000 15 1192
71.010000 16 1201
71.010000 17 1123
71.010000 18 1120
71.010000 19 1189
71.010000 20 1193
71.010000 21 1194
71.010000 22 1197
72.010000 0 1044
72.010000 1 1194
72.010000 2 1145
72.010000 3 1175
72.010000 4 1148
72.010000 5 1206
72.010000 6 1243
72.010000 7 1208
72.010000 8 1139
72.010000 9 1225
72.010000 10 1201
72.010000 11 1114
72.010000 12 1212
72.010000 13 1202
72.010000 14 1171
72.010000 15 1191
72.010000 16 1211
72.010000 17 1131
72.010000 18 1127
72.010000 19 1204
72.010000 20 1202
72.010000 21 1216
72.010000 22 1205
73.010000 0 1056
73.010000 1 1204
73.010000 2 1186
73.010000 3 1185
73.010000 4 1153
73.010000 5 1235
73.010000 6 1236
73.010000 7 1181
73.010000 8 1136
73.010000 9 1238
73.010000 10 1211
73.010000 11 1128
73.010000 12 1218
73.010000 13 1242
73.010000 14 1178
73.010000 15 1212
73.010000 16 1231
73.010000 17 1138
73.010000 18 1139
73.010000 19 1229
73.010000 20 1235
73.010000 21 1227
73.010000 22 1220
74.010000 0 1128
74.010000 1 1277
74.010000 2 1222
74.010000 3 1231
74.010000 4 1214
74.010000 5 1283
74.010000 6 1301
74.010000 7 1262
74.010000 8 1225
74.010000 9 1296
74.010000 10 1274
74.010000 11 1199
74.010000 12 1289
74.010000 13 1251
74.010000 14 1263
74.010000 15 1272
74.010000 16 1288
74.010000 17 1184
74.010000 18 1208
74.010000 19 1285
74.010000 20 1284
74.010000 21 1283
74.010000 22 1277
75.010000 0 1040
75.010000 1 1156
75.010000 2 1153
75.010000 3 1150
75.010000 4 1110
75.010000 5 1173
75.010000 6 1207
75.010000 7 1156
75.010000 8 1107
75.010000 9 1195
75.010000 10 1177
75.010000 11 1079
75.010000 12 1198
75.010000 13 1190
75.010000 14 1146
75.010000 15 1157
75.010000 16 1191
75.010000 17 1101
75.010000 18 1104
75.010000 19 1194
75.010000 20 1186
75.010000 21 1191
75.010000 22 1183
76.010000 0 966
76.010000 1 1104
76.010000 2 1060
76.010000 3 1111
76.010000 4 1048
76.010000 5 1118
76.010000 6 1141
76.010000 7 1125
76.010000 8 1054
76.010000 9 1153
76.010000 10 1112
76.010000 11 1054
76.010000 12 1119
76.010000 13 1114
76.010000 14 1073
76.010000 15 1101
76.010000 16 1122
76.010000 17 1072
76.010000 18 1049
76.010000 19 1115
76.010000 20 1121
76.010000 21 1118
76.010000 22 1117
77.010000 0 1096
77.010000 1 1201
77.010000 2 1173
77.010000 3 1200
77.010000 4 1150
77.010000 5 1230
77.010000 6 1237
77.010000 7 1194
77.010000 8 1147
77.010000 9 1230
77.010000 10 1181
77.010000 11 1134
77.010000 12 1222
77.010000 13 1235
77.010000 14 1200
77.010000 15 1214
77.010000 16 1226
77.010000 17 1155
77.010000 18 1144
77.010000 19 1216
77.010000 20 1223
77.010000 21 1218
77.010000 22 1211
78.010000 0 1121
78.010000 1 1237
78.010000 2 1165
78.010000 3 1211
78.010000 4 1184
78.010000 5 1245
78.010000 6 1250
78.010000 7 1219
78.010000 8 1188
78.010000 9 1235
78.010000 10 1236
78.010000 11 1149
78.010000 12 1241
78.010000 13 1236
78.010000 14 1217
78.010000 15 1233
78.010000 16 1247
78.010000 17 1170
78.010000 18 1182
78.010000 19 1238
78.010000 20 1243
78.010000 21 1219
78.010000 22 1262
79.010000 0 1059
79.010000 1 1209
79.010000 2 1156
79.010000 3 1200
79.010000 4 1172
79.010000 5 1213
79.010000 6 1239
79.010000 7 1194
79.010000 8 1156
79.010000 9 1247
79.010000 10 1196
79.010000 11 1127
79.010000 12 1217
79.010000 13 1211
79.010000 14 1190
79.010000 15 1198
79.010000 16 1220
79.010000 17 1153
79.010000 18 1124
79.010000 19 1215
79.010000 20 1211
79.010000 21 1214
79.010000 22 1189
80.010000 0 1050
80.010000 1 1167
80.010000 2 1140
80.010000 3 1166
80.010000 4 1118
80.010000 5 1193
80.010000 6 1203
80.010000 7 1154
80.010000 8 1130
80.010000 9 1202
80.010000 10 1180
80.010000 11 1103
80.010000 12 1193
80.010000 13 1197
80.010000 14 1140
80.010000 15 1174
80.010000 16 1197
80.010000 17 1111
80.010000 18 1114
80.010000 19 1177
80.010000 20 1166
80.010000 21 1189
80.010000 22 1185
81.010000 0 1027
81.010000 1 1199
81.010000 2 1149
81.010000 3 1188
81.010000 4 1158
81.010000 5 1208
81.010000 6 1235
81.010000 7 1208
81.010000 8 1145
81.010000 9 1209
81.010000 10 1219
81.010000 11 1112
81.010000 12 1213
81.010000 13 1201
81.010000 14 1167
81.010000 15 1189
81.010000 16 1215
81.010000 17 1145
81.010000 18 1112
81.010000 19 1206
81.010000 20 1236
81.010000 21 1213
81.010000 22 1210
82.010000 0 1053
82.010000 1 1170
82.010000 2 1148
82.010000 3 1164
82.010000 4 1109
82.010000 5 1188
82.010000 6 1198
82.010000 7 1144
82.010000 8 1119
82.010000 9 1206
82.010000 10 1188
82.010000 11 1098
82.010000 12 1189
82.010000 13 1213
82.010000 14 1165
82.010000 15 1171
82.010000 16 1199
82.010000 17 1122
82.010000 18 1112
82.010000 19 1192
82.010000 20 1164
82.010000 21 1185
82.010000 22 1186
83.010000 0 1051
83.010000 1 1173
83.010000 2 1144
83.010000 3 1156
83.010000 4 1119
83.010000 5 1193
83.010000 6 1206
83.010000 7 1166
83.010000 8 1126
83.010000 9 1200
83.010000 10 1157
83.010000 11 1102
83.010000 12 1199
83.010000 13 1184
83.010000 14 1167
83.010000 15 1175
83.010000 16 1197
83.010000 17 1112
83.010000 18 1116
83.010000 19 1186
83.010000 20 1203
83.010000 21 1194
83.010000 22 1214
84.010000 0 1115
84.010000 1 1235
84.010000 2 1164
84.010000 3 1205
84.010000 4 1181
84.010000 5 1244
84.010000 6 1264
84.010000 7 1213
84.010000 8 1187
84.010000 9 1270
84.010000 10 1230
84.010000 11 1180
84.010000 12 1231
84.010000 13 1241
84.010000 14 1228
84.010000 15 1227
84.010000 16 1248
84.010000 17 1171
84.010000 18 1190
84.010000 19 1243
84.010000 20 1247
84.010000 21 1248
84.010000 22 1246
85.010000 0 1096
85.010000 1 1267
85.010000 2 1213
85.010000 3 1250
85.010000 4 1213
85.010000 5 1274
85.010000 6 1301
85.010000 7 1283
85.010000 8 1215
85.010000 9 1296
85.010000 10 1266
85.010000 11 1189
85.010000 12 1276
85.010000 13 1247
85.010000 14 1231
85.010000 15 1256
85.010000 16 1278
85.010000 17 1207
85.010000 18 1201
85.010000 19 1275
85.010000 20 1272
85.010000 21 1290
85.010000 22 1255
86.010000 0 1073
86.010000 1 1209
86.010000 2 1167
86.010000 3 1172
86.010000 4 1146
86.010000 5 1215
86.010000 6 1230
86.010000 7 1187
86.010000 8 1155
86.010000 9 1229
86.010000 10 1206
86.010000 11 1123
86.010000 12 1228
86.010000 13 1233
86.010000 14 1195
86.010000 15 1205
86.010000 16 1223
86.010000 17 1139
86.010000 18 1146
86.010000 19 1220
86.010000 20 1216
86.010000 21 1217
86.010000 22 1213
87.010000 0 1011
87.010000 1 1097
87.010000 2 1046
87.010000 3 1112
87.010000 4 1049
87.010000 5 1093
87.010000 6 1154
87.010000 7 1097
87.010000 8 1052
87.010000 9 1136
87.010000 10 1128
87.010000 11 1046
87.010000 12 1118
87.010000 13 1123
87.010000 14 1098
87.010000 15 1075
87.010000 16 1108
87.010000 17 1061
87.010000 18 1042
87.010000 19 1119
87.010000 20 1126
87.010000 21 1138
87.010000 22 1119
88.010000 0 1039
88.010000 1 1196
88.010000 2 1157
88.010000 3 1178
88.010000 4 1141
88.010000 5 1212
88.010000 6 1219
88.010000 7 1208
88.010000 8 1147
88.010000 9 1223
88.010000 10 1219
88.010000 11 1105
88.010000 12 1208
88.010000 13 1194
88.010000 14 1158
88.010000 15 1194
88.010000 16 1215
88.010000 17 1129
88.010000 18 1129
88.010000 19 1206
88.010000 20 1205
88.010000 21 1210
88.010000 22 1204
89.010000 0 1037
89.010000 1 1192
89.010000 2 1146
89.010000 3 1157
89.010000 4 1135
89.010000 5 1210
89.010000 6 1233
89.010000 7 1184
89.010000 8 1135
89.010000 9 1215
89.010000 10 1197
89.010000 11 1131
89.010000 12 1212
89.010000 13 1196
89.010000 14 1164
89.010000 15 1201
89.010000 16 1201
89.010000 17 1111
89.010000 18 1138
89.010000 19 1206
89.010000 20 1202
89.010000 21 1207
89.010000 22 1202
90.010000 0 1032
90.010000 1 1114
90.010000 2 1067
90.010000 3 1112
90.010000 4 1061
90.010000 5 1132
90.010000 6 1145
90.010000 7 1101
90.010000 8 1061
90.010000 9 1142
90.010000 10 1117
90.010000 11 1041
90.010000 12 1113
90.010000 13 1124
90.010000 14 1124
90.010000 15 1102
90.010000 16 1136
90.010000 17 1082
90.010000 18 1085
90.010000 19 1113
90.010000 20 1131
90.010000 21 1130
90.010000 22 1126
91.010000 0 1022
91.010000 1 1138
91.010000 2 1114
91.010000 3 1148
91.010000 4 1103
91.010000 5 1160
91.010000 6 1171
91.010000 7 1131
91.010000 8 1087
91.010000 9 1165
91.010000 10 1137
91.010000 11 1055
91.010000 12 1159
91.010000 13 1159
91.010000 14 1120
91.010000 15 1146
91.010000 16 1182
91.010000 17 1101
91.010000 18 1074
91.010000 19 1154
91.010000 20 1154
91.010000 21 1151
91.010000 22 1127
92.010000 0 1005
92.010000 1 1167
92.010000 2 1132
92.010000 3 1155
92.010000 4 1110
92.010000 5 1195
92.010000 6 1203
92.010000 7 1178
92.010000 8 1110
92.010000 9 1199
92.010000 10 1171
92.010000 11 1084
92.010000 12 1187
92.010000 13 1177
92.010000 14 1136
92.010000 15 1183
92.010000 16 1184
92.010000 17 1106
92.010000 18 1089
92.010000 19 1168
92.010000 20 1181
92.010000 21 1184
92.010000 22 1201
93.010000 0 1108
93.010000 1 1257
93.010000 2 1156
93.010000 3 1212
93.010000 4 1202
93.010000 5 1222
93.010000 6 1281
93.010000 7 1245
93.010000 8 1205
93.010000 9 1273
93.010000 10 1261
93.010000 11 1174
93.010000 12 1265
93.010000 13 1279
93.010000 14 1239
93.010000 15 1206
93.010000 16 1250
93.010000 17 1168
93.010000 18 1193
93.010000 19 1260
93.010000 20 1280
93.010000 21 1264
93.010000 22 1284
94.010000 0 1038
94.010000 1 1148
94.010000 2 1107
94.010000 3 1148
94.010000 4 1082
94.010000 5 1170
94.010000 6 1178
94.010000 7 1136
94.010000 8 1087
94.010000 9 1175
94.010000 10 1151
94.010000 11 1085
94.010000 12 1157
94.010000 13 1157
94.010000 14 1138
94.010000 15 1150
94.010000 16 1169
94.010000 17 1101
94.010000 18 1080
94.010000 19 1151
94.010000 20 1163
94.010000 21 1162
94.010000 22 1158
95.010000 0 1080
95.010000 1 1196
95.010000 2 1160
95.010000 3 1196
95.010000 4 1148
95.010000 5 1220
95.010000 6 1233
95.010000 7 1197
95.010000 8 1151
95.010000 9 1233
95.010000 10 1208
95.010000 11 1125
95.010000 12 1221
95.010000 13 1212
95.010000 14 1186
95.010000 15 1207
95.010000 16 1231
95.010000 17 1144
95.010000 18 1139
95.010000 19 1218
95.010000 20 1241
95.010000 21 1219
95.010000 22 1221
96.010000 0 1082
96.010000 1 1170
96.010000 2 1132
96.010000 3 1169
96.010000 4 1113
96.010000 5 1194
96.010000 6 1208
96.010000 7 1165
96.010000 8 1128
96.010000 9 1214
96.010000 10 1181
96.010000 11 1097
96.010000 12 1195
96.010000 13 1191
96.010000 14 1175
96.010000 15 1182
96.010000 16 1198
96.010000 17 1127
96.010000 18 1118
96.010000 19 1188
96.010000 20 1198
96.010000 21 1188
96.010000 22 1194
97.010000 0 1038
97.010000 1 1188
97.010000 2 1166
97.010000 3 1161
97.010000 4 1131
97.010000 5 1190
97.010000 6 1212
97.010000 7 1152
97.010000 8 1126
97.010000 9 1215
97.010000 10 1202
97.010000 11 1105
97.010000 12 1222
97.010000 13 1214
97.010000 14 1159
97.010000 15 1182
97.010000 16 1206
97.010000 17 1113
97.010000 18 1130
97.010000 19 1209
97.010000 20 1195
97.010000 21 1200
97.010000 22 1191
98.010000 0 1041
98.010000 1 1166
98.010000 2 1101
98.010000 3 1161
98.010000 4 1105
98.010000 5 1155
98.010000 6 1191
98.010000 7 1169
98.010000 8 1100
98.010000 9 1180
98.010000 10 1179
98.010000 11 1076
98.010000 12 1169
98.010000 13 1174
98.010000 14 1153
98.010000 15 1139
98.010000 16 1171
98.010000 17 1125
98.010000 18 1089
98.010000 19 1163
98.010000 20 1173
98.010000 21 1167
98.010000 22 1167
99.010000 0 1096
99.010000 1 1219
99.010000 2 1148
99.010000 3 1198
99.010000 4 1163
99.010000 5 1223
99.010000 6 1245
99.010000 7 1199
99.010000 8 1165
99.010000 9 1234
99.010000 10 1211
99.010000 11 1144
99.010000 12 1222
99.010000 13 1186
99.010000 14 1199
99.010000 15 1207
99.010000 16 1226
99.010000 17 1160
99.010000 18 1176
99.010000 19 1218
99.010000 20 1224
99.010000 21 1222
99.010000 22 1222
100.010000 0 1092
100.010000 1 1216
100.010000 2 1198
100.010000 3 1215
100.010000 4 1174
100.010000 5 1232
100.010000 6 1273
100.010000 7 1196
100.010000 8 1177
100.010000 9 1258
100.010000 10 1235
100.010000 11 1139
100.010000 12 1259
100.010000 13 1242
100.010000 14 1211
100.010000 15 1215
100.010000 16 1248
100.010000 17 1172
100.010000 18 1164
100.010000 19 1239
100.010000 20 1239
100.010000 21 1242
100.010000 22 1237
101.010000 0 1034
101.010000 1 1174
101.010000 2 1131
101.010000 3 1159
101.010000 4 1102
101.010000 5 1167
101.010000 6 1197
101.010000 7 1162
101.010000 8 1111
101.010000 9 1212
101.010000 10 1177
101.010000 11 1087
101.010000 12 1183
101.010000 13 1194
101.010000 14 1152
101.010000 15 1149
101.010000 16 1188
101.010000 17 1117
101.010000 18 1103
101.010000 19 1183
101.010000 20 1198
101.010000 21 1188
101.010000 22 1179
102.010000 0 1175
102.010000 1 1313
102.010000 2 1276
102.010000 3 1295
102.010000 4 1271
102.010000 5 1334
102.010000 6 1354
102.010000 7 1305
102.010000 8 1275
102.010000 9 1346
102.010000 10 1319
102.010000 11 1252
102.010000 12 1329
102.010000 13 1298
102.010000 14 1296
102.010000 15 1313
102.010000 16 1339
102.010000 17 1243
102.010000 18 1251
102.010000 19 1343
102.010000 20 1334
102.010000 21 1331
102.010000 22 1308
103.010000 0 1041
103.010000 1 1181
103.010000 2 1134
103.010000 3 1170
103.010000 4 1112
103.010000 5 1188
103.010000 6 1203
103.010000 7 1163
103.010000 8 1129
103.010000 9 1201
103.010000 10 1184
103.010000 11 1085
103.010000 12 1192
103.010000 13 1172
103.010000 14 1161
103.010000 15 1179
103.010000 16 1184
103.010000 17 1135
103.010000 18 1098
103.010000 19 1185
103.010000 20 1181
103.010000 21 1184
103.010000 22 1177
104.010000 0 1087
104.010000 1 1195
104.010000 2 1147
104.010000 3 1177
104.010000 4 1130
104.010000 5 1205
104.010000 6 1217
104.010000 7 1181
104.010000 8 1131
104.010000 9 1217
104.010000 10 1191
104.010000 11 1108
104.010000 12 1209
104.010000 13 1221
104.010000 14 1181
104.010000 15 1194
104.010000 16 1214
104.010000 17 1126
104.010000 18 1140
104.010000 19 1206
104.010000 20 1194
104.010000 21 1206
104.010000 22 1205
105.010000 0 1051
105.010000 1 1176
105.010000 2 1140
105.010000 3 1189
105.010000 4 1141
105.010000 5 1188
105.010000 6 1241
105.010000 7 1160
105.010000 8 1158
105.010000 9 1234
105.010000 10 1190
105.010000 11 1119
105.010000 12 1206
105.010000 13 1195
105.010000 14 1186
105.010000 15 1172
105.010000 16 1201
105.010000 17 1155
105.010000 18 1117
105.010000 19 1199
105.010000 20 1188
105.010000 21 1202
105.010000 22 1196
106.010000 0 1042
106.010000 1 1156
106.010000 2 1118
106.010000 3 1128
106.010000 4 1092
106.010000 5 1173
106.010000 6 1176
106.010000 7 1136
106.010000 8 1101
106.010000 9 1178
106.010000 10 1156
106.010000 11 1092
106.010000 12 1165
106.010000 13 1165
106.010000 14 1153
106.010000 15 1154
106.010000 16 1177
106.010000 17 1087
106.010000 18 1097
106.010000 19 1162
106.010000 20 1175
106.010000 21 1165
106.010000 22 1163
107.010000 0 1012
107.010000 1 1116
107.010000 2 1063
107.010000 3 1078
107.010000 4 1045
107.010000 5 1109
107.010000 6 1119
107.010000 7 1105
107.010000 8 1053
107.010000 9 1130
107.010000 10 1109
107.010000 11 1027
107.010000 12 1109
107.010000 13 1111
107.010000 14 1106
107.010000 15 1090
107.010000 16 1125
107.010000 17 1039
107.010000 18 1069
107.010000 19 1125
107.010000 20 1141
107.010000 21 1120
107.010000 22 1115
108.010000 0 1121
108.010000 1 1283
108.010000 2 1238
108.010000 3 1252
108.010000 4 1232
108.010000 5 1288
108.010000 6 1313
108.010000 7 1277
108.010000 8 1232
108.010000 9 1306
108.010000 10 1282
108.010000 11 1187
108.010000 12 1307
108.010000 13 1288
108.010000 14 1260
108.010000 15 1276
108.010000 16 1297
108.010000 17 1213
108.010000 18 1214
108.010000 19 1292
108.010000 20 1269
108.010000 21 1296
108.010000 22 1284
109.010000 0 1103
109.010000 1 1218
109.010000 2 1180
109.010000 3 1230
109.010000 4 1175
109.010000 5 1241
109.010000 6 1259
109.010000 7 1214
109.010000 8 1178
109.010000 9 1255
109.010000 10 1228
109.010000 11 1147
109.010000 12 1248
109.010000 13 1231
109.010000 14 1216
109.010000 15 1230
109.010000 16 1248
109.010000 17 1185
109.010000 18 1160
109.010000 19 1243
109.010000 20 1259
109.010000 21 1225
109.010000 22 1243
110.010000 0 1082
110.010000 1 1251
110.010000 2 1218
110.010000 3 1226
110.010000 4 1188
110.010000 5 1287
110.010000 6 1282
110.010000 7 1234
110.010000 8 1186
110.010000 9 1280
110.010000 10 1246
110.010000 11 1164
110.010000 12 1261
110.010000 13 1256
110.010000 14 1209
110.010000 15 1271
110.010000 16 1262
110.010000 17 1189
110.010000 18 1183
110.010000 19 1258
110.010000 20 1237
110.010000 21 1263
110.010000 22 1254
111.010000 0 1111
111.010000 1 1238
111.010000 2 1146
111.010000 3 1206
111.010000 4 1181
111.010000 5 1222
111.010000 6 1268
111.010000 7 1228
111.010000 8 1178
111.010000 9 1248
111.010000 10 1254
111.010000 11 1172
111.010000 12 1239
111.010000 13 1235
111.010000 14 1223
111.010000 15 1205
111.010000 16 1251
111.010000 17 1164
111.010000 18 1181
111.010000 19 1243
111.010000 20 1250
111.010000 21 1237
111.010000 22 1251
112.010000 0 989
112.010000 1 1106
112.010000 2 1081
112.010000 3 1104
112.010000 4 1074
112.010000 5 1127
112.010000 6 1159
112.010000 7 1108
112.010000 8 1054
112.010000 9 1139
112.010000 10 1129
112.010000 11 1022
112.010000 12 1129
112.010000 13 1134
112.010000 14 1094
112.010000 15 1109
112.010000 16 1133
112.010000 17 1067
112.010000 18 1059
112.010000 19 1127
112.010000 20 1129
112.010000 21 1131
112.010000 22 1119
113.010000 0 1139
113.010000 1 1245
113.010000 2 1195
113.010000 3 1217
113.010000 4 1175
113.010000 5 1252
113.010000 6 1252
113.010000 7 1222
113.010000 8 1182
113.010000 9 1262
113.010000 10 1215
113.010000 11 1162
113.010000 12 1248
113.010000 13 1244
113.010000 14 1251
113.010000 15 1241
113.010000 16 1247
113.010000 17 1184
113.010000 18 1184
113.010000 19 1253
113.010000 20 1251
113.010000 21 1247
113.010000 22 1247
114.010000 0 1041
114.010000 1 1143
114.010000 2 1096
114.010000 3 1146
114.010000 4 1086
114.010000 5 1157
114.010000 6 1190
114.010000 7 1136
114.010000 8 1101
114.010000 9 1168
114.010000 10 1148
114.010000 11 1084
114.010000 12 1162
114.010000 13 1156
114.010000 14 1122
114.010000 15 1139
114.010000 16 1170
114.010000 17 1103
114.010000 18 1101
114.010000 19 1148
114.010000 20 1163
114.010000 21 1159
114.010000 22 1161
115.010000 0 1100
115.010000 1 1236
115.010000 2 1184
115.010000 3 1220
115.010000 4 1176
115.010000 5 1243
115.010000 6 1265
115.010000 7 1222
115.010000 8 1181
115.010000 9 1256
115.010000 10 1234
115.010000 11 1165
115.010000 12 1250
115.010000 13 1241
115.010000 14 1215
115.010000 15 1231
115.010000 16 1252
115.010000 17 1171
115.010000 18 1165
115.010000 19 1246
115.010000 20 1244
115.010000 21 1247
115.010000 22 1245
116.010000 0 964
116.010000 1 1044
116.010000 2 1009
116.010000 3 1037
116.010000 4 987
116.010000 5 1064
116.010000 6 1071
116.010000 7 1038
116.010000 8 1004
116.010000 9 1068
116.010000 10 1061
116.010000 11 968
116.010000 12 1056
116.010000 13 1054
116.010000 14 1064
116.010000 15 1048
116.010000 16 1066
116.010000 17 1010
116.010000 18 996
116.010000 19 1055
116.010000 20 1057
116.010000 21 1060
116.010000 22 1079
117.010000 0 1075
117.010000 1 1186
117.010000 2 1169
117.010000 3 1172
117.010000 4 1130
117.010000 5 1199
117.010000 6 1214
117.010000 7 1167
117.010000 8 1137
117.010000 9 1211
117.010000 10 1172
117.010000 11 1112
117.010000 12 1203
117.010000 13 1192
117.010000 14 1160
117.010000 15 1188
117.010000 16 1202
117.010000 17 1133
117.010000 18 1155
117.010000 19 1216
117.010000 20 1199
117.010000 21 1197
117.010000 22 1172
118.010000 0 1087
118.010000 1 1240
118.010000 2 1156
118.010000 3 1218
118.010000 4 1180
118.010000 5 1247
118.010000 6 1253
118.010000 7 1234
118.010000 8 1181
118.010000 9 1256
118.010000 10 1232
118.010000 11 1153
118.010000 12 1242
118.010000 13 1238
118.010000 14 1215
118.010000 15 1230
118.010000 16 1252
118.010000 17 1179
118.010000 18 1162
118.010000 19 1223
118.010000 20 1248
118.010000 21 1264
118.010000 22 1252
119.010000 0 1091
119.010000 1 1194
119.010000 2 1161
119.010000 3 1177
119.010000 4 1136
119.010000 5 1212
119.010000 6 1241
119.010000 7 1183
119.010000 8 1153
119.010000 9 1225
119.010000 10 1207
119.010000 11 1115
119.010000 12 1219
119.010000 13 1209
119.010000 14 1195
119.010000 15 1201
119.010000 16 1217
119.010000 17 1128
119.010000 18 1137
119.010000 19 1211
119.010000 20 1219
119.010000 21 1194
119.010000 22 1212
120.010000 0 1098
120.010000 1 1285
120.010000 2 1246
120.010000 3 1267
120.010000 4 1220
120.010000 5 1295
120.010000 6 1310
120.010000 7 1240
120.010000 8 1202
120.010000 9 1299
120.010000 10 1271
120.010000 11 1185
120.010000 12 1293
120.010000 13 1277
120.010000 14 1240
120.010000 15 1282
120.010000 16 1292
120.010000 17 1228
120.010000 18 1193
120.010000 19 1289
120.010000 20 1278
120.010000 21 1305
120.010000 22 1273
121.010000 0 1101
121.010000 1 1193
121.010000 2 1185
121.010000 3 1183
121.010000 4 1140
121.010000 5 1201
121.010000 6 1226
121.010000 7 1173
121.010000 8 1144
121.010000 9 1230
121.010000 10 1202
121.010000 11 1123
121.010000 12 1228
121.010000 13 1226
121.010000 14 1185
121.010000 15 1185
121.010000 16 1225
121.010000 17 1139
121.010000 18 1162
121.010000 19 1229
121.010000 20 1212
121.010000 21 1192
121.010000 22 1218
122.010000 0 1062
122.010000 1 1213
122.010000 2 1169
122.010000 3 1208
122.010000 4 1159
122.010000 5 1228
122.010000 6 1248
122.010000 7 1204
122.010000 8 1165
122.010000 9 1243
122.010000 10 1218
122.010000 11 1137
122.010000 12 1232
122.010000 13 1220
122.010000 14 1187
122.010000 15 1215
122.010000 16 1233
122.010000 17 1160
122.010000 18 1141
122.010000 19 1229
122.010000 20 1235
122.010000 21 1238
122.010000 22 1241
123.010000 0 1101
123.010000 1 1242
123.010000 2 1179
123.010000 3 1223
123.010000 4 1185
123.010000 5 1254
123.010000 6 1266
123.010000 7 1236
123.010000 8 1185
123.010000 9 1264
123.010000 10 1241
123.010000 11 1164
123.010000 12 1250
123.010000 13 1243
123.010000 14 1215
123.010000 15 1234
123.010000 16 1253
123.010000 17 1174
123.010000 18 1174
123.010000 19 1243
123.010000 20 1249
123.010000 21 1247
123.010000 22 1251
124.010000 0 976
124.010000 1 1151
124.010000 2 1139
124.010000 3 1131
124.010000 4 1108
124.010000 5 1180
124.010000 6 1195
124.010000 7 1169
124.010000 8 1092
124.010000 9 1190
124.010000 10 1163
124.010000 11 1070
124.010000 12 1188
124.010000 13 1164
124.010000 14 1128
124.010000 15 1168
124.010000 16 1177
124.010000 17 1083
124.010000 18 1064
124.010000 19 1169
124.010000 20 1169
124.010000 21 1194
124.010000 22 1162
125.010000 0 1074
125.010000 1 1165
125.010000 2 1149
125.010000 3 1164
125.010000 4 1106
125.010000 5 1184
125.010000 6 1206
125.010000 7 1156
125.010000 8 1114
125.010000 9 1195
125.010000 10 1177
125.010000 11 1093
125.010000 12 1212
125.010000 13 1188
125.010000 14 1159
125.010000 15 1176
125.010000 16 1194
125.010000 17 1116
125.010000 18 1126
125.010000 19 1191
125.010000 20 1192
125.010000 21 1190
125.010000 22 1198
126.010000 0 1140
126.010000 1 1293
126.010000 2 1247
126.010000 3 1257
126.010000 4 1217
126.010000 5 1307
126.010000 6 1325
126.010000 7 1280
126.010000 8 1238
126.010000 9 1325
126.010000 10 1297
126.010000 11 1222
126.010000 12 1300
126.010000 13 1300
126.010000 14 1271
126.010000 15 1270
126.010000 16 1315
126.010000 17 1208
126.010000 18 1226
126.010000 19 1285
126.010000 20 1305
126.010000 21 1312
126.010000 22 1301
127.010000 0 1037
127.010000 1 1194
127.010000 2 1165
127.010000 3 1196
127.010000 4 1144
127.010000 5 1207
127.010000 6 1231
127.010000 7 1190
127.010000 8 1139
127.010000 9 1223
127.010000 10 1216
127.010000 11 1105
127.010000 12 1216
127.010000 13 1201
127.010000 14 1174
127.010000 15 1200
127.010000 16 1215
127.010000 17 1151
127.010000 18 1106
127.010000 19 1225
127.010000 20 1211
127.010000 21 1209
127.010000 22 1208
128.010000 0 1116
128.010000 1 1229
128.010000 2 1180
128.010000 3 1234
128.010000 4 1167
128.010000 5 1236
128.010000 6 1253
128.010000 7 1213
128.010000 8 1171
128.010000 9 1251
128.010000 10 1201
128.010000 11 1153
128.010000 12 1245
128.010000 13 1233
128.010000 14 1206
128.010000 15 1227
128.010000 16 1243
128.010000 17 1192
128.010000 18 1181
128.010000 19 1243
128.010000 20 1240
128.010000 21 1238
128.010000 22 1232
129.010000 0 1053
129.010000 1 1164
129.010000 2 1140
129.010000 3 1155
129.010000 4 1112
129.010000 5 1190
129.010000 6 1204
129.010000 7 1165
129.010000 8 1120
129.010000 9 1200
129.010000 10 1201
129.010000 11 1092
129.010000 12 1191
129.010000 13 1185
129.010000 14 1150
129.010000 15 1173
129.010000 16 1197
129.010000 17 1104
129.010000 18 1120
129.010000 19 1184
129.010000 20 1189
129.010000 21 1191
129.010000 22 1188
130.010000 0 1041
130.010000 1 1155
130.010000 2 1111
130.010000 3 1136
130.010000 4 1101
130.010000 5 1173
130.010000 6 1187
130.010000 7 1156
130.010000 8 1103
130.010000 9 1181
130.010000 10 1152
130.010000 11 1081
130.010000 12 1169
130.010000 13 1197
130.010000 14 1139
130.010000 15 1158
130.010000 16 1178
130.010000 17 1093
130.010000 18 1115
130.010000 19 1171
130.010000 20 1175
130.010000 21 1176
130.010000 22 1157
131.010000 0 1110
131.010000 1 1234
131.010000 2 1161
131.010000 3 1216
131.010000 4 1173
131.010000 5 1233
131.010000 6 1273
131.010000 7 1229
131.010000 8 1173
131.010000 9 1257
131.010000 10 1237
131.010000 11 1157
131.010000 12 1229
131.010000 13 1234
131.010000 14 1208
131.010000 15 1217
131.010000 16 1249
131.010000 17 1170
131.010000 18 1182
131.010000 19 1242
131.010000 20 1263
131.010000 21 1244
131.010000 22 1233
132.010000 0 1164
132.010000 1 1279
132.010000 2 1246
132.010000 3 1268
132.010000 4 1231
132.010000 5 1290
132.010000 6 1311
132.010000 7 1250
132.010000 8 1229
132.010000 9 1310
132.010000 10 1264
132.010000 11 1213
132.010000 12 1311
132.010000 13 1285
132.010000 14 1278
132.010000 15 1270
132.010000 16 1305
132.010000 17 1224
132.010000 18 1226
132.010000 19 1289
132.010000 20 1294
132.010000 21 1294
132.010000 22 1291
133.010000 0 1029
133.010000 1 1174
133.010000 2 1131
133.010000 3 1148
133.010000 4 1112
133.010000 5 1186
133.010000 6 1206
133.010000 7 1175
133.010000 8 1135
133.010000 9 1201
133.010000 10 1178
133.010000 11 1086
133.010000 12 1197
133.010000 13 1183
133.010000 14 1150
133.010000 15 1180
133.010000 16 1195
133.010000 17 1091
133.010000 18 1091
133.010000 19 1193
133.010000 20 1189
133.010000 21 1190
133.010000 22 1214
134.010000 0 1057
134.010000 1 1179
134.010000 2 1141
134.010000 3 1169
134.010000 4 1142
134.010000 5 1197
134.010000 6 1221
134.010000 7 1174
134.010000 8 1132
134.010000 9 1214
134.010000 10 1227
134.010000 11 1102
134.010000 12 1200
134.010000 13 1195
134.010000 14 1169
134.010000 15 1177
134.010000 16 1208
134.010000 17 1126
134.010000 18 1128
134.010000 19 1199
134.010000 20 1206
134.010000 21 1205
134.010000 22 1206
135.010000 0 1005
135.010000 1 1136
135.010000 2 1106
135.010000 3 1149
135.010000 4 1061
135.010000 5 1176
135.010000 6 1174
135.010000 7 1158
135.010000 8 1090
135.010000 9 1176
135.010000 10 1147
135.010000 11 1070
135.010000 12 1154
135.010000 13 1161
135.010000 14 1119
135.010000 15 1155
135.010000 16 1172
135.010000 17 1092
135.010000 18 1058
135.010000 19 1154
135.010000 20 1180
135.010000 21 1166
135.010000 22 1183
136.010000 0 1120
136.010000 1 1253
136.010000 2 1177
136.010000 3 1244
136.010000 4 1205
136.010000 5 1239
136.010000 6 1301
136.010000 7 1243
136.010000 8 1217
136.010000 9 1280
136.010000 10 1256
136.010000 11 1164
136.010000 12 1268
136.010000 13 1259
136.010000 14 1234
136.010000 15 1224
136.010000 16 1269
136.010000 17 1200
136.010000 18 1190
136.010000 19 1262
136.010000 20 1267
136.010000 21 1266
136.010000 22 1266
137.010000 0 1184
137.010000 1 1328
137.010000 2 1255
137.010000 3 1319
137.010000 4 1271
137.010000 5 1314
137.010000 6 1352
137.010000 7 1284
137.010000 8 1273
137.010000 9 1358
137.010000 10 1307
137.010000 11 1242
137.010000 12 1320
137.010000 13 1329
137.010000 14 1305
137.010000 15 1288
137.010000 16 1340
137.010000 17 1277
137.010000 18 1265
137.010000 19 1336
137.010000 20 1329
137.010000 21 1333
137.010000 22 1329
138.010000 0 1094
138.010000 1 1210
138.010000 2 1167
138.010000 3 1184
138.010000 4 1148
138.010000 5 1231
138.010000 6 1238
138.010000 7 1200
138.010000 8 1156
138.010000 9 1248
138.010000 10 1209
138.010000 11 1133
138.010000 12 1234
138.010000 13 1230
138.010000 14 1207
138.010000 15 1212
138.010000 16 1225
138.010000 17 1140
138.010000 18 1161
138.010000 19 1205
138.010000 20 1229
138.010000 21 1228
138.010000 22 1229
139.010000 0 982
139.010000 1 1098
139.010000 2 1045
139.010000 3 1089
139.010000 4 1042
139.010000 5 1131
139.010000 6 1130
139.010000 7 1120
139.010000 8 1050
139.010000 9 1129
139.010000 10 1110
139.010000 11 1047
139.010000 12 1100
139.010000 13 1115
139.010000 14 1075
139.010000 15 1111
139.010000 16 1144
139.010000 17 1041
139.010000 18 1050
139.010000 19 1108
139.010000 20 1123
139.010000 21 1121
139.010000 22 1120
140.010000 0 1096
140.010000 1 1238
140.010000 2 1182
140.010000 3 1214
140.010000 4 1174
140.010000 5 1247
140.010000 6 1244
140.010000 7 1218
140.010000 8 1195
140.010000 9 1255
140.010000 10 1229
140.010000 11 1156
140.010000 12 1249
140.010000 13 1236
140.010000 14 1212
140.010000 15 1237
140.010000 16 1247
140.010000 17 1175
140.010000 18 1174
140.010000 19 1247
140.010000 20 1245
140.010000 21 1239
140.010000 22 1242
141.010000 0 1086
141.010000 1 1204
141.010000 2 1153
141.010000 3 1185
141.010000 4 1154
141.010000 5 1210
141.010000 6 1249
141.010000 7 1190
141.010000 8 1154
141.010000 9 1227
141.010000 10 1204
141.010000 11 1131
141.010000 12 1216
141.010000 13 1187
141.010000 14 1187
141.010000 15 1193
141.010000 16 1221
141.010000 17 1147
141.010000 18 1161
141.010000 19 1209
141.010000 20 1214
141.010000 21 1219
141.010000 22 1211
142.010000 0 1075
142.010000 1 1224
142.010000 2 1169
142.010000 3 1172
142.010000 4 1170
142.010000 5 1227
142.010000 6 1237
142.010000 7 1214
142.010000 8 1183
142.010000 9 1245
142.010000 10 1222
142.010000 11 1159
142.010000 12 1233
142.010000 13 1250
142.010000 14 1195
142.010000 15 1209
142.010000 16 1241
142.010000 17 1126
142.010000 18 1166
142.010000 19 1231
142.010000 20 1235
142.010000 21 1243
142.010000 22 1237
143.010000 0 1097
143.010000 1 1234
143.010000 2 1199
143.010000 3 1224
143.010000 4 1172
143.010000 5 1246
143.010000 6 1270
143.010000 7 1232
143.010000 8 1168
143.010000 9 1262
143.010000 10 1228
143.010000 11 1136
143.010000 12 1256
143.010000 13 1229
143.010000 14 1223
143.010000 15 1224
143.010000 16 1253
143.010000 17 1193
143.010000 18 1178
143.010000 19 1237
143.010000 20 1238
143.010000 21 1246
143.010000 22 1243
144.010000 0 974
144.010000 1 1085
144.010000 2 1065
144.010000 3 1101
144.010000 4 1038
144.010000 5 1115
144.010000 6 1143
144.010000 7 1089
144.010000 8 1029
144.010000 9 1129
144.010000 10 1103
144.010000 11 1010
144.010000 12 1115
144.010000 13 1117
144.010000 14 1082
144.010000 15 1097
144.010000 16 1135
144.010000 17 1056
144.010000 18 1027
144.010000 19 1103
144.010000 20 1117
144.010000 21 1139
144.010000 22 1104
145.010000 0 941
145.010000 1 1081
145.010000 2 1054
145.010000 3 1056
145.010000 4 1035
145.010000 5 1101
145.010000 6 1109
145.010000 7 1059
145.010000 8 1034
145.010000 9 1105
145.010000 10 1081
145.010000 11 999
145.010000 12 1100
145.010000 13 1092
145.010000 14 1064
145.010000 15 1083
145.010000 16 1093
145.010000 17 1024
145.010000 18 1027
145.010000 19 1083
145.010000 20 1105
145.010000 21 1089
145.010000 22 1085
146.010000 0 1030
146.010000 1 1184
146.010000 2 1125
146.010000 3 1154
146.010000 4 1118
146.010000 5 1188
146.010000 6 1205
146.010000 7 1164
146.010000 8 1119
146.010000 9 1199
146.010000 10 1175
146.010000 11 1099
146.010000 12 1190
146.010000 13 1180
146.010000 14 1132
146.010000 15 1168
146.010000 16 1192
146.010000 17 1096
146.010000 18 1111
146.010000 19 1178
146.010000 20 1187
146.010000 21 1194
146.010000 22 1183
147.010000 0 1141
147.010000 1 1251
147.010000 2 1177
147.010000 3 1262
147.010000 4 1201
147.010000 5 1255
147.010000 6 1285
147.010000 7 1244
147.010000 8 1202
147.010000 9 1282
147.010000 10 1253
147.010000 11 1179
147.010000 12 1255
147.010000 13 1261
147.010000 14 1246
147.010000 15 1244
147.010000 16 1274
147.010000 17 1228
147.010000 18 1202
147.010000 19 1265
147.010000 20 1271
147.010000 21 1261
147.010000 22 1266
148.010000 0 990
148.010000 1 1129
148.010000 2 1101
148.010000 3 1114
148.010000 4 1065
148.010000 5 1125
148.010000 6 1155
148.010000 7 1143
148.010000 8 1066
148.010000 9 1162
148.010000 10 1124
148.010000 11 1046
148.010000 12 1156
148.010000 13 1141
148.010000 14 1100
148.010000 15 1113
148.010000 16 1140
148.010000 17 1069
148.010000 18 1057
148.010000 19 1140
148.010000 20 1136
148.010000 21 1142
148.010000 22 1132
149.010000 0 1085
149.010000 1 1209
149.010000 2 1199
149.010000 3 1202
149.010000 4 1160
149.010000 5 1234
149.010000 6 1249
149.010000 7 1203
149.010000 8 1162
149.010000 9 1250
149.010000 10 1225
149.010000 11 1138
149.010000 12 1239
149.010000 13 1230
149.010000 14 1196
149.010000 15 1209
149.010000 16 1237
149.010000 17 1153
149.010000 18 1153
149.010000 19 1235
149.010000 20 1235
149.010000 21 1238
149.010000 22 1225
