0.010000 0 17
0.010000 1 22
0.010000 2 17
0.010000 3 22
0.010000 4 22
0.010000 5 16
0.010000 6 22
0.010000 7 22
0.010000 8 22
0.010000 9 22
0.010000 10 22
0.010000 11 22
0.010000 12 20
0.010000 13 19
0.010000 14 18
0.010000 15 9
0.010000 16 22
0.010000 17 21
0.010000 18 20
0.010000 19 20
0.010000 20 22
0.010000 21 21
0.010000 22 22
0.010000 23 22
0.010000 24 22
0.010000 25 22
0.010000 26 22
0.010000 27 22
0.010000 28 14
1.010000 0 1235
1.010000 1 1354
1.010000 2 1246
1.010000 3 1346
1.010000 4 1377
1.010000 5 1336
1.010000 6 1390
1.010000 7 1312
1.010000 8 1376
1.010000 9 1360
1.010000 10 1362
1.010000 11 1347
1.010000 12 1334
1.010000 13 1341
1.010000 14 1336
1.010000 15 1258
1.010000 16 1339
1.010000 17 1333
1.010000 18 1336
1.010000 19 1329
1.010000 20 1332
1.010000 21 1352
1.010000 22 1352
1.010000 23 1339
1.010000 24 1342
1.010000 25 1380
1.010000 26 1362
1.010000 27 1376
1.010000 28 1323
2.010000 0 1341
2.010000 1 1396
2.010000 2 1301
2.010000 3 1365
2.010000 4 1358
2.010000 5 1387
2.010000 6 1369
2.010000 7 1360
2.010000 8 1394
2.010000 9 1389
2.010000 10 1366
2.010000 11 1400
2.010000 12 1366
2.010000 13 1382
2.010000 14 1394
2.010000 15 1327
2.010000 16 1398
2.010000 17 1344
2.010000 18 1385
2.010000 19 1380
2.010000 20 1390
2.010000 21 1410
2.010000 22 1392
2.010000 23 1369
2.010000 24 1389
2.010000 25 1369
2.010000 26 1387
2.010000 27 1388
2.010000 28 1383
3.010000 0 1445
3.010000 1 1520
3.010000 2 1388
3.010000 3 1505
3.010000 4 1515
3.010000 5 1479
3.010000 6 1546
3.010000 7 1485
3.010000 8 1514
3.010000 9 1516
3.010000 10 1474
3.010000 11 1512
3.010000 12 1478
3.010000 13 1491
3.010000 14 1517
3.010000 15 1377
3.010000 16 1506
3.010000 17 1494
3.010000 18 1508
3.010000 19 1485
3.010000 20 1501
3.010000 21 1501
3.010000 22 1500
3.010000 23 1494
3.010000 24 1459
3.010000 25 1497
3.010000 26 1493
3.010000 27 1512
3.010000 28 1453
4.010000 0 1228
4.010000 1 1334
4.010000 2 1270
4.010000 3 1296
4.010000 4 1293
4.010000 5 1317
4.010000 6 1343
4.010000 7 1299
4.010000 8 1324
4.010000 9 1345
4.010000 10 1292
4.010000 11 1327
4.010000 12 1325
4.010000 13 1303
4.010000 14 1302
4.010000 15 1263
4.010000 16 1346
4.010000 17 1275
4.010000 18 1312
4.010000 19 1323
4.010000 20 1339
4.010000 21 1326
4.010000 22 1326
4.010000 23 1274
4.010000 24 1308
4.010000 25 1313
4.010000 26 1348
4.010000 27 1313
4.010000 28 1318
5.010000 0 1387
5.010000 1 1473
5.010000 2 1355
5.010000 3 1453
5.010000 4 1474
5.010000 5 1456
5.010000 6 1452
5.010000 7 1438
5.010000 8 1472
5.010000 9 1446
5.010000 10 1397
5.010000 11 1489
5.010000 12 1428
5.010000 13 1440
5.010000 14 1438
5.010000 15 1395
5.010000 16 1466
5.010000 17 1419
5.010000 18 1460
5.010000 19 1444
5.010000 20 1462
5.010000 21 1449
5.010000 22 1445
5.010000 23 1470
5.010000 24 1451
5.010000 25 1410
5.010000 26 1467
5.010000 27 1462
5.010000 28 1456
6.010000 0 1089
6.010000 1 1160
6.010000 2 1071
6.010000 3 1149
6.010000 4 1161
6.010000 5 1149
6.010000 6 1162
6.010000 7 1127
6.010000 8 1158
6.010000 9 1179
6.010000 10 1156
6.010000 11 1178
6.010000 12 1137
6.010000 13 1143
6.010000 14 1139
6.010000 15 1091
6.010000 16 1155
6.010000 17 1125
6.010000 18 1141
6.010000 19 1137
6.010000 20 1143
6.010000 21 1149
6.010000 22 1141
6.010000 23 1139
6.010000 24 1137
6.010000 25 1166
6.010000 26 1151
6.010000 27 1148
6.010000 28 1141
7.010000 0 1173
7.010000 1 1255
7.010000 2 1164
7.010000 3 1231
7.010000 4 1236
7.010000 5 1224
7.010000 6 1257
7.010000 7 1218
7.010000 8 1251
7.010000 9 1261
7.010000 10 1256
7.010000 11 1254
7.010000 12 1236
7.010000 13 1231
7.010000 14 1244
7.010000 15 1158
7.010000 16 1246
7.010000 17 1217
7.010000 18 1244
7.010000 19 1233
7.010000 20 1243
7.010000 21 1242
7.010000 22 1222
7.010000 23 1232
7.010000 24 1265
7.010000 25 1247
7.010000 26 1272
7.010000 27 1252
7.010000 28 1225
8.010000 0 1610
8.010000 1 1707
8.010000 2 1596
8.010000 3 1680
8.010000 4 1680
8.010000 5 1683
8.010000 6 1697
8.010000 7 1660
8.010000 8 1696
8.010000 9 1685
8.010000 10 1652
8.010000 11 1699
8.010000 12 1668
8.010000 13 1681
8.010000 14 1689
8.010000 15 1608
8.010000 16 1696
8.010000 17 1662
8.010000 18 1682
8.010000 19 1667
8.010000 20 1689
8.010000 21 1660
8.010000 22 1657
8.010000 23 1642
8.010000 24 1672
8.010000 25 1654
8.010000 26 1693
8.010000 27 1690
8.010000 28 1690
9.010000 0 1451
9.010000 1 1573
9.010000 2 1469
9.010000 3 1544
9.010000 4 1556
9.010000 5 1544
9.010000 6 1572
9.010000 7 1544
9.010000 8 1574
9.010000 9 1555
9.010000 10 1536
9.010000 11 1569
9.010000 12 1545
9.010000 13 1542
9.010000 14 1532
9.010000 15 1495
9.010000 16 1571
9.010000 17 1501
9.010000 18 1533
9.010000 19 1555
9.010000 20 1564
9.010000 21 1554
9.010000 22 1544
9.010000 23 1544
9.010000 24 1552
9.010000 25 1540
9.010000 26 1571
9.010000 27 1567
9.010000 28 1566
10.010000 0 1275
10.010000 1 1347
10.010000 2 1250
10.010000 3 1337
10.010000 4 1330
10.010000 5 1324
10.010000 6 1357
10.010000 7 1337
10.010000 8 1368
10.010000 9 1350
10.010000 10 1315
10.010000 11 1342
10.010000 12 1324
10.010000 13 1326
10.010000 14 1345
10.010000 15 1236
10.010000 16 1348
10.010000 17 1326
10.010000 18 1346
10.010000 19 1318
10.010000 20 1342
10.010000 21 1355
10.010000 22 1332
10.010000 23 1345
10.010000 24 1326
10.010000 25 1365
10.010000 26 1321
10.010000 27 1342
10.010000 28 1314
11.010000 0 1440
11.010000 1 1508
11.010000 2 1386
11.010000 3 1485
11.010000 4 1487
11.010000 5 1482
11.010000 6 1506
11.010000 7 1458
11.010000 8 1478
11.010000 9 1497
11.010000 10 1471
11.010000 11 1505
11.010000 12 1472
11.010000 13 1481
11.010000 14 1511
11.010000 15 1402
11.010000 16 1504
11.010000 17 1470
11.010000 18 1494
11.010000 19 1474
11.010000 20 1492
11.010000 21 1480
11.010000 22 1516
11.010000 23 1474
11.010000 24 1480
11.010000 25 1471
11.010000 26 1495
11.010000 27 1497
11.010000 28 1466
12.010000 0 1319
12.010000 1 1444
12.010000 2 1374
12.010000 3 1424
12.010000 4 1422
12.010000 5 1430
12.010000 6 1443
12.010000 7 1408
12.010000 8 1433
12.010000 9 1447
12.010000 10 1365
12.010000 11 1433
12.010000 12 1414
12.010000 13 1417
12.010000 14 1410
12.010000 15 1358
12.010000 16 1435
12.010000 17 1401
12.010000 18 1420
12.010000 19 1427
12.010000 20 1425
12.010000 21 1438
12.010000 22 1384
12.010000 23 1445
12.010000 24 1391
12.010000 25 1462
12.010000 26 1452
12.010000 27 1436
12.010000 28 1437
13.010000 0 1275
13.010000 1 1365
13.010000 2 1271
13.010000 3 1343
13.010000 4 1346
13.010000 5 1337
13.010000 6 1364
13.010000 7 1333
13.010000 8 1363
13.010000 9 1381
13.010000 10 1328
13.010000 11 1355
13.010000 12 1316
13.010000 13 1339
13.010000 14 1345
13.010000 15 1276
13.010000 16 1365
13.010000 17 1317
13.010000 18 1345
13.010000 19 1358
13.010000 20 1355
13.010000 21 1359
13.010000 22 1369
13.010000 23 1347
13.010000 24 1369
13.010000 25 1331
13.010000 26 1335
13.010000 27 1357
13.010000 28 1356
14.010000 0 1266
14.010000 1 1332
14.010000 2 1222
14.010000 3 1332
14.010000 4 1312
14.010000 5 1302
14.010000 6 1327
14.010000 7 1300
14.010000 8 1324
14.010000 9 1327
14.010000 10 1290
14.010000 11 1328
14.010000 12 1294
14.010000 13 1316
14.010000 14 1304
14.010000 15 1250
14.010000 16 1325
14.010000 17 1303
14.010000 18 1321
14.010000 19 1302
14.010000 20 1317
14.010000 21 1314
14.010000 22 1287
14.010000 23 1305
14.010000 24 1303
14.010000 25 1308
14.010000 26 1347
14.010000 27 1321
14.010000 28 1320
15.010000 0 1227
15.010000 1 1307
15.010000 2 1266
15.010000 3 1287
15.010000 4 1281
15.010000 5 1296
15.010000 6 1309
15.010000 7 1309
15.010000 8 1317
15.010000 9 1308
15.010000 10 1274
15.010000 11 1320
15.010000 12 1298
15.010000 13 1292
15.010000 14 1294
15.010000 15 1216
15.010000 16 1307
15.010000 17 1269
15.010000 18 1294
15.010000 19 1295
15.010000 20 1299
15.010000 21 1298
15.010000 22 1269
15.010000 23 1304
15.010000 24 1284
15.010000 25 1256
15.010000 26 1293
15.010000 27 1297
15.010000 28 1297
16.010000 0 1479
16.010000 1 1638
16.010000 2 1544
16.010000 3 1624
16.010000 4 1622
16.010000 5 1627
16.010000 6 1639
16.010000 7 1608
16.010000 8 1637
16.010000 9 1635
16.010000 10 1612
16.010000 11 1632
16.010000 12 1615
16.010000 13 1618
16.010000 14 1536
16.010000 15 1572
16.010000 16 1564
16.010000 17 1515
16.010000 18 1534
16.010000 19 1613
16.010000 20 1648
16.010000 21 1509
16.010000 22 1614
16.010000 23 1614
16.010000 24 1648
16.010000 25 1506
16.010000 26 1630
16.010000 27 1632
16.010000 28 1623
17.010000 0 1604
17.010000 1 1752
17.010000 2 1666
17.010000 3 1742
17.010000 4 1739
17.010000 5 1735
17.010000 6 1777
17.010000 7 1722
17.010000 8 1753
17.010000 9 1753
17.010000 10 1742
17.010000 11 1752
17.010000 12 1735
17.010000 13 1736
17.010000 14 1669
17.010000 15 1655
17.010000 16 1714
17.010000 17 1655
17.010000 18 1671
17.010000 19 1725
17.010000 20 1747
17.010000 21 1658
17.010000 22 1729
17.010000 23 1736
17.010000 24 1728
17.010000 25 1615
17.010000 26 1724
17.010000 27 1744
17.010000 28 1732
18.010000 0 1566
18.010000 1 1749
18.010000 2 1671
18.010000 3 1689
18.010000 4 1715
18.010000 5 1720
18.010000 6 1709
18.010000 7 1703
18.010000 8 1728
18.010000 9 1732
18.010000 10 1698
18.010000 11 1730
18.010000 12 1712
18.010000 13 1715
18.010000 14 1635
18.010000 15 1659
18.010000 16 1671
18.010000 17 1595
18.010000 18 1657
18.010000 19 1733
18.010000 20 1719
18.010000 21 1628
18.010000 22 1709
18.010000 23 1710
18.010000 24 1710
18.010000 25 1605
18.010000 26 1752
18.010000 27 1728
18.010000 28 1725
19.010000 0 1586
19.010000 1 1740
19.010000 2 1643
19.010000 3 1751
19.010000 4 1733
19.010000 5 1711
19.010000 6 1747
19.010000 7 1744
19.010000 8 1743
19.010000 9 1742
19.010000 10 1734
19.010000 11 1734
19.010000 12 1725
19.010000 13 1718
19.010000 14 1651
19.010000 15 1639
19.010000 16 1674
19.010000 17 1661
19.010000 18 1658
19.010000 19 1718
19.010000 20 1750
19.010000 21 1613
19.010000 22 1718
19.010000 23 1726
19.010000 24 1688
19.010000 25 1611
19.010000 26 1706
19.010000 27 1738
19.010000 28 1706
20.010000 0 1437
20.010000 1 1619
20.010000 2 1517
20.010000 3 1564
20.010000 4 1583
20.010000 5 1579
20.010000 6 1591
20.010000 7 1571
20.010000 8 1595
20.010000 9 1589
20.010000 10 1562
20.010000 11 1609
20.010000 12 1572
20.010000 13 1575
20.010000 14 1507
20.010000 15 1532
20.010000 16 1522
20.010000 17 1470
20.010000 18 1506
20.010000 19 1591
20.010000 20 1611
20.010000 21 1460
20.010000 22 1571
20.010000 23 1572
20.010000 24 1607
20.010000 25 1460
20.010000 26 1616
20.010000 27 1589
20.010000 28 1587
21.010000 0 1727
21.010000 1 1853
21.010000 2 1761
21.010000 3 1841
21.010000 4 1835
21.010000 5 1821
21.010000 6 1856
21.010000 7 1818
21.010000 8 1849
21.010000 9 1852
21.010000 10 1817
21.010000 11 1849
21.010000 12 1824
21.010000 13 1836
21.010000 14 1772
21.010000 15 1759
21.010000 16 1813
21.010000 17 1756
21.010000 18 1802
21.010000 19 1858
21.010000 20 1852
21.010000 21 1724
21.010000 22 1836
21.010000 23 1846
21.010000 24 1806
21.010000 25 1716
21.010000 26 1827
21.010000 27 1847
21.010000 28 1827
22.010000 0 1370
22.010000 1 1494
22.010000 2 1444
22.010000 3 1488
22.010000 4 1487
22.010000 5 1481
22.010000 6 1521
22.010000 7 1477
22.010000 8 1524
22.010000 9 1499
22.010000 10 1482
22.010000 11 1506
22.010000 12 1509
22.010000 13 1491
22.010000 14 1411
22.010000 15 1422
22.010000 16 1464
22.010000 17 1373
22.010000 18 1407
22.010000 19 1491
22.010000 20 1502
22.010000 21 1357
22.010000 22 1518
22.010000 23 1493
22.010000 24 1504
22.010000 25 1366
22.010000 26 1524
22.010000 27 1491
22.010000 28 1479
23.010000 0 1467
23.010000 1 1635
23.010000 2 1533
23.010000 3 1608
23.010000 4 1611
23.010000 5 1621
23.010000 6 1628
23.010000 7 1592
23.010000 8 1618
23.010000 9 1623
23.010000 10 1627
23.010000 11 1623
23.010000 12 1579
23.010000 13 1606
23.010000 14 1532
23.010000 15 1559
23.010000 16 1540
23.010000 17 1496
23.010000 18 1528
23.010000 19 1594
23.010000 20 1617
23.010000 21 1460
23.010000 22 1615
23.010000 23 1632
23.010000 24 1618
23.010000 25 1470
23.010000 26 1610
23.010000 27 1626
23.010000 28 1632
24.010000 0 1503
24.010000 1 1664
24.010000 2 1601
24.010000 3 1665
24.010000 4 1668
24.010000 5 1656
24.010000 6 1687
24.010000 7 1694
24.010000 8 1683
24.010000 9 1708
24.010000 10 1657
24.010000 11 1698
24.010000 12 1662
24.010000 13 1674
24.010000 14 1576
24.010000 15 1579
24.010000 16 1637
24.010000 17 1555
24.010000 18 1576
24.010000 19 1666
24.010000 20 1680
24.010000 21 1561
24.010000 22 1690
24.010000 23 1671
24.010000 24 1662
24.010000 25 1539
24.010000 26 1680
24.010000 27 1679
24.010000 28 1660
25.010000 0 1505
25.010000 1 1647
25.010000 2 1584
25.010000 3 1624
25.010000 4 1626
25.010000 5 1627
25.010000 6 1653
25.010000 7 1617
25.010000 8 1648
25.010000 9 1664
25.010000 10 1625
25.010000 11 1649
25.010000 12 1638
25.010000 13 1627
25.010000 14 1562
25.010000 15 1562
25.010000 16 1584
25.010000 17 1517
25.010000 18 1562
25.010000 19 1643
25.010000 20 1641
25.010000 21 1516
25.010000 22 1640
25.010000 23 1631
25.010000 24 1658
25.010000 25 1504
25.010000 26 1637
25.010000 27 1643
25.010000 28 1626
26.010000 0 1552
26.010000 1 1705
26.010000 2 1599
26.010000 3 1691
26.010000 4 1675
26.010000 5 1664
26.010000 6 1708
26.010000 7 1671
26.010000 8 1696
26.010000 9 1702
26.010000 10 1668
26.010000 11 1697
26.010000 12 1692
26.010000 13 1687
26.010000 14 1623
26.010000 15 1589
26.010000 16 1668
26.010000 17 1610
26.010000 18 1618
26.010000 19 1655
26.010000 20 1690
26.010000 21 1585
26.010000 22 1681
26.010000 23 1682
26.010000 24 1676
26.010000 25 1609
26.010000 26 1691
26.010000 27 1694
26.010000 28 1673
27.010000 0 1564
27.010000 1 1736
27.010000 2 1663
27.010000 3 1714
27.010000 4 1680
27.010000 5 1694
27.010000 6 1707
27.010000 7 1649
27.010000 8 1718
27.010000 9 1731
27.010000 10 1677
27.010000 11 1704
27.010000 12 1713
27.010000 13 1695
27.010000 14 1631
27.010000 15 1654
27.010000 16 1659
27.010000 17 1610
27.010000 18 1616
27.010000 19 1734
27.010000 20 1705
27.010000 21 1577
27.010000 22 1692
27.010000 23 1707
27.010000 24 1689
27.010000 25 1564
27.010000 26 1707
27.010000 27 1709
27.010000 28 1696
28.010000 0 1591
28.010000 1 1785
28.010000 2 1618
28.010000 3 1738
28.010000 4 1733
28.010000 5 1720
28.010000 6 1765
28.010000 7 1732
28.010000 8 1743
28.010000 9 1755
28.010000 10 1724
28.010000 11 1772
28.010000 12 1718
28.010000 13 1736
28.010000 14 1674
28.010000 15 1612
28.010000 16 1698
28.010000 17 1656
28.010000 18 1675
28.010000 19 1681
28.010000 20 1748
28.010000 21 1640
28.010000 22 1734
28.010000 23 1726
28.010000 24 1764
28.010000 25 1651
28.010000 26 1771
28.010000 27 1757
28.010000 28 1723
29.010000 0 1632
29.010000 1 1782
29.010000 2 1697
29.010000 3 1755
29.010000 4 1791
29.010000 5 1764
29.010000 6 1783
29.010000 7 1749
29.010000 8 1781
29.010000 9 1780
29.010000 10 1747
29.010000 11 1780
29.010000 12 1752
29.010000 13 1735
29.010000 14 1707
29.010000 15 1688
29.010000 16 1747
29.010000 17 1672
29.010000 18 1704
29.010000 19 1775
29.010000 20 1777
29.010000 21 1694
29.010000 22 1764
29.010000 23 1769
29.010000 24 1760
29.010000 25 1661
29.010000 26 1751
29.010000 27 1774
29.010000 28 1760
30.010000 0 1618
30.010000 1 1783
30.010000 2 1700
30.010000 3 1761
30.010000 4 1727
30.010000 5 1755
30.010000 6 1776
30.010000 7 1774
30.010000 8 1775
30.010000 9 1775
30.010000 10 1735
30.010000 11 1773
30.010000 12 1762
30.010000 13 1785
30.010000 14 1679
30.010000 15 1714
30.010000 16 1706
30.010000 17 1664
30.010000 18 1683
30.010000 19 1780
30.010000 20 1765
30.010000 21 1631
30.010000 22 1746
30.010000 23 1761
30.010000 24 1725
30.010000 25 1629
30.010000 26 1768
30.010000 27 1764
30.010000 28 1761
31.010000 0 1458
31.010000 1 1652
31.010000 2 1528
31.010000 3 1615
31.010000 4 1647
31.010000 5 1620
31.010000 6 1629
31.010000 7 1601
31.010000 8 1630
31.010000 9 1624
31.010000 10 1599
31.010000 11 1630
31.010000 12 1600
31.010000 13 1605
31.010000 14 1513
31.010000 15 1549
31.010000 16 1583
31.010000 17 1505
31.010000 18 1532
31.010000 19 1599
31.010000 20 1601
31.010000 21 1504
31.010000 22 1609
31.010000 23 1611
31.010000 24 1636
31.010000 25 1488
31.010000 26 1627
31.010000 27 1638
31.010000 28 1606
32.010000 0 1598
32.010000 1 1722
32.010000 2 1633
32.010000 3 1702
32.010000 4 1695
32.010000 5 1699
32.010000 6 1719
32.010000 7 1684
32.010000 8 1716
32.010000 9 1712
32.010000 10 1687
32.010000 11 1721
32.010000 12 1710
32.010000 13 1696
32.010000 14 1655
32.010000 15 1623
32.010000 16 1659
32.010000 17 1618
32.010000 18 1643
32.010000 19 1680
32.010000 20 1722
32.010000 21 1586
32.010000 22 1692
32.010000 23 1693
32.010000 24 1695
32.010000 25 1551
32.010000 26 1707
32.010000 27 1717
32.010000 28 1693
33.010000 0 1479
33.010000 1 1650
33.010000 2 1534
33.010000 3 1655
33.010000 4 1646
33.010000 5 1644
33.010000 6 1662
33.010000 7 1675
33.010000 8 1682
33.010000 9 1675
33.010000 10 1624
33.010000 11 1663
33.010000 12 1606
33.010000 13 1643
33.010000 14 1552
33.010000 15 1605
33.010000 16 1618
33.010000 17 1552
33.010000 18 1563
33.010000 19 1641
33.010000 20 1652
33.010000 21 1534
33.010000 22 1644
33.010000 23 1639
33.010000 24 1643
33.010000 25 1537
33.010000 26 1666
33.010000 27 1658
33.010000 28 1664
34.010000 0 1568
34.010000 1 1729
34.010000 2 1610
34.010000 3 1683
34.010000 4 1693
34.010000 5 1698
34.010000 6 1708
34.010000 7 1663
34.010000 8 1707
34.010000 9 1704
34.010000 10 1683
34.010000 11 1709
34.010000 12 1691
34.010000 13 1686
34.010000 14 1629
34.010000 15 1646
34.010000 16 1635
34.010000 17 1591
34.010000 18 1633
34.010000 19 1679
34.010000 20 1697
34.010000 21 1590
34.010000 22 1685
34.010000 23 1679
34.010000 24 1686
34.010000 25 1587
34.010000 26 1710
34.010000 27 1703
34.010000 28 1698
35.010000 0 1572
35.010000 1 1690
35.010000 2 1616
35.010000 3 1689
35.010000 4 1687
35.010000 5 1715
35.010000 6 1715
35.010000 7 1668
35.010000 8 1703
35.010000 9 1688
35.010000 10 1657
35.010000 11 1712
35.010000 12 1684
35.010000 13 1679
35.010000 14 1635
35.010000 15 1646
35.010000 16 1655
35.010000 17 1604
35.010000 18 1622
35.010000 19 1686
35.010000 20 1689
35.010000 21 1546
35.010000 22 1695
35.010000 23 1677
35.010000 24 1681
35.010000 25 1514
35.010000 26 1701
35.010000 27 1693
35.010000 28 1667
36.010000 0 1562
36.010000 1 1744
36.010000 2 1640
36.010000 3 1718
36.010000 4 1698
36.010000 5 1659
36.010000 6 1729
36.010000 7 1691
36.010000 8 1733
36.010000 9 1703
36.010000 10 1692
36.010000 11 1726
36.010000 12 1715
36.010000 13 1704
36.010000 14 1633
36.010000 15 1623
36.010000 16 1661
36.010000 17 1623
36.010000 18 1628
36.010000 19 1718
36.010000 20 1732
36.010000 21 1620
36.010000 22 1704
36.010000 23 1735
36.010000 24 1714
36.010000 25 1609
36.010000 26 1747
36.010000 27 1725
36.010000 28 1721
37.010000 0 1590
37.010000 1 1758
37.010000 2 1696
37.010000 3 1718
37.010000 4 1719
37.010000 5 1751
37.010000 6 1759
37.010000 7 1732
37.010000 8 1749
37.010000 9 1763
37.010000 10 1733
37.010000 11 1755
37.010000 12 1751
37.010000 13 1773
37.010000 14 1684
37.010000 15 1671
37.010000 16 1715
37.010000 17 1617
37.010000 18 1665
37.010000 19 1736
37.010000 20 1747
37.010000 21 1666
37.010000 22 1751
37.010000 23 1737
37.010000 24 1737
37.010000 25 1680
37.010000 26 1728
37.010000 27 1751
37.010000 28 1751
38.010000 0 1563
38.010000 1 1727
38.010000 2 1628
38.010000 3 1697
38.010000 4 1712
38.010000 5 1708
38.010000 6 1723
38.010000 7 1696
38.010000 8 1749
38.010000 9 1716
38.010000 10 1695
38.010000 11 1726
38.010000 12 1698
38.010000 13 1699
38.010000 14 1638
38.010000 15 1666
38.010000 16 1662
38.010000 17 1597
38.010000 18 1633
38.010000 19 1706
38.010000 20 1720
38.010000 21 1595
38.010000 22 1705
38.010000 23 1728
38.010000 24 1738
38.010000 25 1559
38.010000 26 1720
38.010000 27 1719
38.010000 28 1728
39.010000 0 1609
39.010000 1 1732
39.010000 2 1610
39.010000 3 1712
39.010000 4 1707
39.010000 5 1698
39.010000 6 1726
39.010000 7 1700
39.010000 8 1727
39.010000 9 1725
39.010000 10 1689
39.010000 11 1728
39.010000 12 1681
39.010000 13 1711
39.010000 14 1671
39.010000 15 1639
39.010000 16 1683
39.010000 17 1639
39.010000 18 1655
39.010000 19 1693
39.010000 20 1720
39.010000 21 1597
39.010000 22 1711
39.010000 23 1699
39.010000 24 1701
39.010000 25 1578
39.010000 26 1711
39.010000 27 1721
39.010000 28 1721
40.010000 0 1459
40.010000 1 1658
40.010000 2 1588
40.010000 3 1619
40.010000 4 1647
40.010000 5 1615
40.010000 6 1660
40.010000 7 1614
40.010000 8 1615
40.010000 9 1663
40.010000 10 1612
40.010000 11 1632
40.010000 12 1650
40.010000 13 1619
40.010000 14 1524
40.010000 15 1558
40.010000 16 1576
40.010000 17 1501
40.010000 18 1537
40.010000 19 1634
40.010000 20 1637
40.010000 21 1510
40.010000 22 1618
40.010000 23 1628
40.010000 24 1621
40.010000 25 1504
40.010000 26 1632
40.010000 27 1635
40.010000 28 1617
41.010000 0 1562
41.010000 1 1749
41.010000 2 1622
41.010000 3 1704
41.010000 4 1674
41.010000 5 1663
41.010000 6 1742
41.010000 7 1707
41.010000 8 1736
41.010000 9 1724
41.010000 10 1687
41.010000 11 1716
41.010000 12 1706
41.010000 13 1696
41.010000 14 1637
41.010000 15 1602
41.010000 16 1669
41.010000 17 1608
41.010000 18 1625
41.010000 19 1698
41.010000 20 1711
41.010000 21 1600
41.010000 22 1667
41.010000 23 1696
41.010000 24 1694
41.010000 25 1622
41.010000 26 1716
41.010000 27 1719
41.010000 28 1691
42.010000 0 1610
42.010000 1 1722
42.010000 2 1624
42.010000 3 1696
42.010000 4 1707
42.010000 5 1688
42.010000 6 1718
42.010000 7 1670
42.010000 8 1700
42.010000 9 1701
42.010000 10 1703
42.010000 11 1717
42.010000 12 1695
42.010000 13 1703
42.010000 14 1666
42.010000 15 1637
42.010000 16 1690
42.010000 17 1624
42.010000 18 1677
42.010000 19 1706
42.010000 20 1715
42.010000 21 1617
42.010000 22 1696
42.010000 23 1710
42.010000 24 1695
42.010000 25 1592
42.010000 26 1715
42.010000 27 1719
42.010000 28 1710
43.010000 0 1662
43.010000 1 1811
43.010000 2 1663
43.010000 3 1794
43.010000 4 1797
43.010000 5 1765
43.010000 6 1832
43.010000 7 1792
43.010000 8 1822
43.010000 9 1800
43.010000 10 1775
43.010000 11 1811
43.010000 12 1772
43.010000 13 1781
43.010000 14 1719
43.010000 15 1693
43.010000 16 1720
43.010000 17 1698
43.010000 18 1728
43.010000 19 1762
43.010000 20 1795
43.010000 21 1672
43.010000 22 1780
43.010000 23 1806
43.010000 24 1791
43.010000 25 1645
43.010000 26 1805
43.010000 27 1800
43.010000 28 1767
44.010000 0 1550
44.010000 1 1684
44.010000 2 1604
44.010000 3 1660
44.010000 4 1687
44.010000 5 1650
44.010000 6 1697
44.010000 7 1662
44.010000 8 1687
44.010000 9 1690
44.010000 10 1710
44.010000 11 1695
44.010000 12 1668
44.010000 13 1677
44.010000 14 1609
44.010000 15 1548
44.010000 16 1640
44.010000 17 1555
44.010000 18 1613
44.010000 19 1675
44.010000 20 1683
44.010000 21 1582
44.010000 22 1677
44.010000 23 1669
44.010000 24 1671
44.010000 25 1590
44.010000 26 1678
44.010000 27 1685
44.010000 28 1639
45.010000 0 1447
45.010000 1 1624
45.010000 2 1531
45.010000 3 1587
45.010000 4 1602
45.010000 5 1585
45.010000 6 1602
45.010000 7 1570
45.010000 8 1597
45.010000 9 1616
45.010000 10 1565
45.010000 11 1599
45.010000 12 1596
45.010000 13 1582
45.010000 14 1507
45.010000 15 1544
45.010000 16 1541
45.010000 17 1478
45.010000 18 1496
45.010000 19 1591
45.010000 20 1595
45.010000 21 1479
45.010000 22 1615
45.010000 23 1578
45.010000 24 1603
45.010000 25 1420
45.010000 26 1599
45.010000 27 1596
45.010000 28 1593
46.010000 0 1551
46.010000 1 1676
46.010000 2 1594
46.010000 3 1688
46.010000 4 1668
46.010000 5 1681
46.010000 6 1714
46.010000 7 1673
46.010000 8 1700
46.010000 9 1685
46.010000 10 1683
46.010000 11 1701
46.010000 12 1667
46.010000 13 1683
46.010000 14 1593
46.010000 15 1612
46.010000 16 1637
46.010000 17 1578
46.010000 18 1612
46.010000 19 1672
46.010000 20 1720
46.010000 21 1562
46.010000 22 1714
46.010000 23 1696
46.010000 24 1683
46.010000 25 1553
46.010000 26 1691
46.010000 27 1689
46.010000 28 1678
47.010000 0 1538
47.010000 1 1706
47.010000 2 1629
47.010000 3 1689
47.010000 4 1679
47.010000 5 1679
47.010000 6 1698
47.010000 7 1665
47.010000 8 1689
47.010000 9 1705
47.010000 10 1650
47.010000 11 1694
47.010000 12 1685
47.010000 13 1685
47.010000 14 1603
47.010000 15 1615
47.010000 16 1625
47.010000 17 1596
47.010000 18 1616
47.010000 19 1673
47.010000 20 1684
47.010000 21 1547
47.010000 22 1669
47.010000 23 1676
47.010000 24 1669
47.010000 25 1551
47.010000 26 1710
47.010000 27 1703
47.010000 28 1689
48.010000 0 1673
48.010000 1 1845
48.010000 2 1764
48.010000 3 1822
48.010000 4 1826
48.010000 5 1835
48.010000 6 1865
48.010000 7 1820
48.010000 8 1852
48.010000 9 1856
48.010000 10 1844
48.010000 11 1847
48.010000 12 1833
48.010000 13 1799
48.010000 14 1777
48.010000 15 1745
48.010000 16 1813
48.010000 17 1745
48.010000 18 1759
48.010000 19 1812
48.010000 20 1836
48.010000 21 1770
48.010000 22 1821
48.010000 23 1831
48.010000 24 1824
48.010000 25 1743
48.010000 26 1819
48.010000 27 1849
48.010000 28 1835
49.010000 0 1563
49.010000 1 1724
49.010000 2 1596
49.010000 3 1707
49.010000 4 1729
49.010000 5 1688
49.010000 6 1720
49.010000 7 1688
49.010000 8 1718
49.010000 9 1712
49.010000 10 1686
49.010000 11 1711
49.010000 12 1680
49.010000 13 1689
49.010000 14 1644
49.010000 15 1627
49.010000 16 1685
49.010000 17 1626
49.010000 18 1640
49.010000 19 1695
49.010000 20 1705
49.010000 21 1605
49.010000 22 1697
49.010000 23 1695
49.010000 24 1702
49.010000 25 1597
49.010000 26 1718
49.010000 27 1715
49.010000 28 1692
50.010000 0 1482
50.010000 1 1665
50.010000 2 1580
50.010000 3 1616
50.010000 4 1621
50.010000 5 1628
50.010000 6 1644
50.010000 7 1616
50.010000 8 1655
50.010000 9 1641
50.010000 10 1619
50.010000 11 1662
50.010000 12 1648
50.010000 13 1627
50.010000 14 1541
50.010000 15 1578
50.010000 16 1588
50.010000 17 1500
50.010000 18 1547
50.010000 19 1632
50.010000 20 1650
50.010000 21 1520
50.010000 22 1627
50.010000 23 1638
50.010000 24 1633
50.010000 25 1497
50.010000 26 1641
50.010000 27 1637
50.010000 28 1632
51.010000 0 1516
51.010000 1 1704
51.010000 2 1606
51.010000 3 1658
51.010000 4 1665
51.010000 5 1674
51.010000 6 1684
51.010000 7 1655
51.010000 8 1688
51.010000 9 1689
51.010000 10 1654
51.010000 11 1682
51.010000 12 1657
51.010000 13 1662
51.010000 14 1601
51.010000 15 1611
51.010000 16 1632
51.010000 17 1563
51.010000 18 1587
51.010000 19 1662
51.010000 20 1701
51.010000 21 1561
51.010000 22 1661
51.010000 23 1669
51.010000 24 1664
51.010000 25 1562
51.010000 26 1683
51.010000 27 1679
51.010000 28 1688
52.010000 0 1597
52.010000 1 1767
52.010000 2 1653
52.010000 3 1746
52.010000 4 1757
52.010000 5 1733
52.010000 6 1759
52.010000 7 1726
52.010000 8 1758
52.010000 9 1738
52.010000 10 1721
52.010000 11 1773
52.010000 12 1740
52.010000 13 1734
52.010000 14 1676
52.010000 15 1669
52.010000 16 1692
52.010000 17 1659
52.010000 18 1672
52.010000 19 1733
52.010000 20 1751
52.010000 21 1634
52.010000 22 1742
52.010000 23 1736
52.010000 24 1761
52.010000 25 1636
52.010000 26 1751
52.010000 27 1752
52.010000 28 1730
53.010000 0 1477
53.010000 1 1638
53.010000 2 1550
53.010000 3 1609
53.010000 4 1638
53.010000 5 1622
53.010000 6 1640
53.010000 7 1617
53.010000 8 1655
53.010000 9 1655
53.010000 10 1615
53.010000 11 1652
53.010000 12 1608
53.010000 13 1635
53.010000 14 1542
53.010000 15 1554
53.010000 16 1557
53.010000 17 1498
53.010000 18 1539
53.010000 19 1628
53.010000 20 1649
53.010000 21 1479
53.010000 22 1648
53.010000 23 1618
53.010000 24 1624
53.010000 25 1473
53.010000 26 1630
53.010000 27 1631
53.010000 28 1612
54.010000 0 1641
54.010000 1 1797
54.010000 2 1704
54.010000 3 1768
54.010000 4 1744
54.010000 5 1783
54.010000 6 1790
54.010000 7 1759
54.010000 8 1797
54.010000 9 1794
54.010000 10 1767
54.010000 11 1800
54.010000 12 1767
54.010000 13 1775
54.010000 14 1719
54.010000 15 1721
54.010000 16 1772
54.010000 17 1670
54.010000 18 1704
54.010000 19 1781
54.010000 20 1800
54.010000 21 1700
54.010000 22 1775
54.010000 23 1774
54.010000 24 1778
54.010000 25 1683
54.010000 26 1789
54.010000 27 1787
54.010000 28 1788
55.010000 0 1614
55.010000 1 1751
55.010000 2 1670
55.010000 3 1730
55.010000 4 1725
55.010000 5 1712
55.010000 6 1746
55.010000 7 1697
55.010000 8 1751
55.010000 9 1739
55.010000 10 1711
55.010000 11 1737
55.010000 12 1739
55.010000 13 1718
55.010000 14 1674
55.010000 15 1654
55.010000 16 1692
55.010000 17 1650
55.010000 18 1672
55.010000 19 1743
55.010000 20 1739
55.010000 21 1631
55.010000 22 1715
55.010000 23 1718
55.010000 24 1722
55.010000 25 1618
55.010000 26 1739
55.010000 27 1741
55.010000 28 1714
56.010000 0 1624
56.010000 1 1772
56.010000 2 1682
56.010000 3 1756
56.010000 4 1764
56.010000 5 1762
56.010000 6 1771
56.010000 7 1721
56.010000 8 1773
56.010000 9 1762
56.010000 10 1735
56.010000 11 1788
56.010000 12 1744
56.010000 13 1752
56.010000 14 1683
56.010000 15 1702
56.010000 16 1716
56.010000 17 1663
56.010000 18 1687
56.010000 19 1749
56.010000 20 1755
56.010000 21 1634
56.010000 22 1757
56.010000 23 1738
56.010000 24 1750
56.010000 25 1634
56.010000 26 1772
56.010000 27 1763
56.010000 28 1767
57.010000 0 1616
57.010000 1 1740
57.010000 2 1684
57.010000 3 1715
57.010000 4 1719
57.010000 5 1725
57.010000 6 1732
57.010000 7 1725
57.010000 8 1738
57.010000 9 1711
57.010000 10 1719
57.010000 11 1740
57.010000 12 1734
57.010000 13 1718
57.010000 14 1685
57.010000 15 1678
57.010000 16 1677
57.010000 17 1644
57.010000 18 1673
57.010000 19 1748
57.010000 20 1727
57.010000 21 1598
57.010000 22 1714
57.010000 23 1707
57.010000 24 1713
57.010000 25 1586
57.010000 26 1730
57.010000 27 1693
57.010000 28 1721
58.010000 0 1556
58.010000 1 1731
58.010000 2 1575
58.010000 3 1700
58.010000 4 1728
58.010000 5 1693
58.010000 6 1722
58.010000 7 1700
58.010000 8 1712
58.010000 9 1743
58.010000 10 1702
58.010000 11 1714
58.010000 12 1638
58.010000 13 1697
58.010000 14 1630
58.010000 15 1577
58.010000 16 1666
58.010000 17 1595
58.010000 18 1616
58.010000 19 1638
58.010000 20 1704
58.010000 21 1600
58.010000 22 1695
58.010000 23 1699
58.010000 24 1692
58.010000 25 1584
58.010000 26 1708
58.010000 27 1722
58.010000 28 1713
59.010000 0 1617
59.010000 1 1796
59.010000 2 1681
59.010000 3 1781
59.010000 4 1779
59.010000 5 1757
59.010000 6 1799
59.010000 7 1758
59.010000 8 1786
59.010000 9 1786
59.010000 10 1754
59.010000 11 1759
59.010000 12 1767
59.010000 13 1735
59.010000 14 1710
59.010000 15 1692
59.010000 16 1731
59.010000 17 1705
59.010000 18 1708
59.010000 19 1760
59.010000 20 1775
59.010000 21 1676
59.010000 22 1762
59.010000 23 1800
59.010000 24 1767
59.010000 25 1673
59.010000 26 1778
59.010000 27 1810
59.010000 28 1765
60.010000 0 1646
60.010000 1 1794
60.010000 2 1690
60.010000 3 1773
60.010000 4 1753
60.010000 5 1759
60.010000 6 1797
60.010000 7 1769
60.010000 8 1794
60.010000 9 1790
60.010000 10 1768
60.010000 11 1788
60.010000 12 1767
60.010000 13 1762
60.010000 14 1713
60.010000 15 1693
60.010000 16 1736
60.010000 17 1673
60.010000 18 1698
60.010000 19 1772
60.010000 20 1799
60.010000 21 1673
60.010000 22 1769
60.010000 23 1770
60.010000 24 1765
60.010000 25 1652
60.010000 26 1785
60.010000 27 1786
60.010000 28 1765
61.010000 0 1481
61.010000 1 1640
61.010000 2 1563
61.010000 3 1649
61.010000 4 1638
61.010000 5 1622
61.010000 6 1648
61.010000 7 1617
61.010000 8 1632
61.010000 9 1641
61.010000 10 1612
61.010000 11 1637
61.010000 12 1627
61.010000 13 1626
61.010000 14 1538
61.010000 15 1553
61.010000 16 1579
61.010000 17 1553
61.010000 18 1553
61.010000 19 1612
61.010000 20 1644
61.010000 21 1505
61.010000 22 1637
61.010000 23 1651
61.010000 24 1615
61.010000 25 1495
61.010000 26 1632
61.010000 27 1635
61.010000 28 1627
62.010000 0 1678
62.010000 1 1857
62.010000 2 1766
62.010000 3 1810
62.010000 4 1805
62.010000 5 1804
62.010000 6 1858
62.010000 7 1827
62.010000 8 1861
62.010000 9 1859
62.010000 10 1827
62.010000 11 1853
62.010000 12 1848
62.010000 13 1838
62.010000 14 1780
62.010000 15 1727
62.010000 16 1828
62.010000 17 1725
62.010000 18 1779
62.010000 19 1830
62.010000 20 1838
62.010000 21 1784
62.010000 22 1835
62.010000 23 1832
62.010000 24 1838
62.010000 25 1763
62.010000 26 1850
62.010000 27 1850
62.010000 28 1831
63.010000 0 1409
63.010000 1 1570
63.010000 2 1519
63.010000 3 1542
63.010000 4 1551
63.010000 5 1597
63.010000 6 1560
63.010000 7 1510
63.010000 8 1594
63.010000 9 1561
63.010000 10 1532
63.010000 11 1599
63.010000 12 1559
63.010000 13 1578
63.010000 14 1462
63.010000 15 1560
63.010000 16 1488
63.010000 17 1419
63.010000 18 1452
63.010000 19 1562
63.010000 20 1565
63.010000 21 1419
63.010000 22 1556
63.010000 23 1542
63.010000 24 1577
63.010000 25 1382
63.010000 26 1564
63.010000 27 1552
63.010000 28 1577
64.010000 0 1405
64.010000 1 1579
64.010000 2 1463
64.010000 3 1543
64.010000 4 1568
64.010000 5 1524
64.010000 6 1558
64.010000 7 1557
64.010000 8 1586
64.010000 9 1551
64.010000 10 1509
64.010000 11 1521
64.010000 12 1539
64.010000 13 1539
64.010000 14 1476
64.010000 15 1490
64.010000 16 1474
64.010000 17 1450
64.010000 18 1459
64.010000 19 1540
64.010000 20 1547
64.010000 21 1390
64.010000 22 1543
64.010000 23 1538
64.010000 24 1571
64.010000 25 1391
64.010000 26 1549
64.010000 27 1575
64.010000 28 1542
65.010000 0 1590
65.010000 1 1753
65.010000 2 1631
65.010000 3 1699
65.010000 4 1753
65.010000 5 1681
65.010000 6 1744
65.010000 7 1711
65.010000 8 1704
65.010000 9 1730
65.010000 10 1707
65.010000 11 1739
65.010000 12 1729
65.010000 13 1740
65.010000 14 1659
65.010000 15 1623
65.010000 16 1683
65.010000 17 1609
65.010000 18 1668
65.010000 19 1726
65.010000 20 1753
65.010000 21 1623
65.010000 22 1722
65.010000 23 1740
65.010000 24 1699
65.010000 25 1601
65.010000 26 1759
65.010000 27 1738
65.010000 28 1696
66.010000 0 1540
66.010000 1 1699
66.010000 2 1607
66.010000 3 1690
66.010000 4 1694
66.010000 5 1657
66.010000 6 1697
66.010000 7 1652
66.010000 8 1681
66.010000 9 1686
66.010000 10 1673
66.010000 11 1685
66.010000 12 1669
66.010000 13 1643
66.010000 14 1608
66.010000 15 1568
66.010000 16 1623
66.010000 17 1595
66.010000 18 1598
66.010000 19 1665
66.010000 20 1656
66.010000 21 1559
66.010000 22 1667
66.010000 23 1672
66.010000 24 1697
66.010000 25 1542
66.010000 26 1674
66.010000 27 1684
66.010000 28 1650
67.010000 0 1435
67.010000 1 1583
67.010000 2 1510
67.010000 3 1549
67.010000 4 1580
67.010000 5 1570
67.010000 6 1570
67.010000 7 1552
67.010000 8 1590
67.010000 9 1574
67.010000 10 1589
67.010000 11 1584
67.010000 12 1577
67.010000 13 1561
67.010000 14 1497
67.010000 15 1513
67.010000 16 1519
67.010000 17 1441
67.010000 18 1470
67.010000 19 1567
67.010000 20 1598
67.010000 21 1447
67.010000 22 1601
67.010000 23 1539
67.010000 24 1570
67.010000 25 1453
67.010000 26 1579
67.010000 27 1569
67.010000 28 1559
68.010000 0 1629
68.010000 1 1770
68.010000 2 1684
68.010000 3 1745
68.010000 4 1743
68.010000 5 1758
68.010000 6 1793
68.010000 7 1716
68.010000 8 1764
68.010000 9 1775
68.010000 10 1770
68.010000 11 1769
68.010000 12 1736
68.010000 13 1776
68.010000 14 1686
68.010000 15 1682
68.010000 16 1730
68.010000 17 1657
68.010000 18 1705
68.010000 19 1751
68.010000 20 1738
68.010000 21 1662
68.010000 22 1751
68.010000 23 1747
68.010000 24 1711
68.010000 25 1646
68.010000 26 1761
68.010000 27 1762
68.010000 28 1759
69.010000 0 1518
69.010000 1 1682
69.010000 2 1596
69.010000 3 1648
69.010000 4 1658
69.010000 5 1653
69.010000 6 1680
69.010000 7 1660
69.010000 8 1675
69.010000 9 1677
69.010000 10 1649
69.010000 11 1679
69.010000 12 1662
69.010000 13 1653
69.010000 14 1582
69.010000 15 1588
69.010000 16 1630
69.010000 17 1551
69.010000 18 1600
69.010000 19 1654
69.010000 20 1692
69.010000 21 1554
69.010000 22 1630
69.010000 23 1648
69.010000 24 1687
69.010000 25 1541
69.010000 26 1669
69.010000 27 1691
69.010000 28 1663
70.010000 0 1680
70.010000 1 1789
70.010000 2 1701
70.010000 3 1774
70.010000 4 1765
70.010000 5 1768
70.010000 6 1787
70.010000 7 1720
70.010000 8 1781
70.010000 9 1787
70.010000 10 1750
70.010000 11 1786
70.010000 12 1764
70.010000 13 1768
70.010000 14 1725
70.010000 15 1686
70.010000 16 1746
70.010000 17 1688
70.010000 18 1725
70.010000 19 1757
70.010000 20 1761
70.010000 21 1684
70.010000 22 1755
70.010000 23 1766
70.010000 24 1776
70.010000 25 1679
70.010000 26 1778
70.010000 27 1782
70.010000 28 1772
71.010000 0 1606
71.010000 1 1762
71.010000 2 1663
71.010000 3 1761
71.010000 4 1749
71.010000 5 1751
71.010000 6 1773
71.010000 7 1751
71.010000 8 1784
71.010000 9 1765
71.010000 10 1734
71.010000 11 1776
71.010000 12 1745
71.010000 13 1751
71.010000 14 1688
71.010000 15 1684
71.010000 16 1725
71.010000 17 1681
71.010000 18 1686
71.010000 19 1742
71.010000 20 1763
71.010000 21 1635
71.010000 22 1753
71.010000 23 1773
71.010000 24 1755
71.010000 25 1643
71.010000 26 1766
71.010000 27 1769
71.010000 28 1751
72.010000 0 1399
72.010000 1 1613
72.010000 2 1526
72.010000 3 1577
72.010000 4 1606
72.010000 5 1589
72.010000 6 1594
72.010000 7 1604
72.010000 8 1594
72.010000 9 1588
72.010000 10 1557
72.010000 11 1601
72.010000 12 1587
72.010000 13 1538
72.010000 14 1477
72.010000 15 1547
72.010000 16 1502
72.010000 17 1467
72.010000 18 1480
72.010000 19 1572
72.010000 20 1601
72.010000 21 1439
72.010000 22 1570
72.010000 23 1568
72.010000 24 1584
72.010000 25 1415
72.010000 26 1581
72.010000 27 1583
72.010000 28 1589
73.010000 0 1510
73.010000 1 1659
73.010000 2 1551
73.010000 3 1661
73.010000 4 1611
73.010000 5 1618
73.010000 6 1670
73.010000 7 1627
73.010000 8 1661
73.010000 9 1651
73.010000 10 1630
73.010000 11 1652
73.010000 12 1633
73.010000 13 1640
73.010000 14 1569
73.010000 15 1551
73.010000 16 1624
73.010000 17 1559
73.010000 18 1553
73.010000 19 1636
73.010000 20 1667
73.010000 21 1542
73.010000 22 1654
73.010000 23 1666
73.010000 24 1623
73.010000 25 1517
73.010000 26 1643
73.010000 27 1650
73.010000 28 1619
74.010000 0 1487
74.010000 1 1667
74.010000 2 1617
74.010000 3 1629
74.010000 4 1677
74.010000 5 1653
74.010000 6 1675
74.010000 7 1627
74.010000 8 1662
74.010000 9 1662
74.010000 10 1650
74.010000 11 1659
74.010000 12 1654
74.010000 13 1655
74.010000 14 1560
74.010000 15 1609
74.010000 16 1601
74.010000 17 1523
74.010000 18 1572
74.010000 19 1674
74.010000 20 1620
74.010000 21 1518
74.010000 22 1638
74.010000 23 1642
74.010000 24 1671
74.010000 25 1517
74.010000 26 1659
74.010000 27 1654
74.010000 28 1661
75.010000 0 1605
75.010000 1 1775
75.010000 2 1677
75.010000 3 1761
75.010000 4 1749
75.010000 5 1742
75.010000 6 1755
75.010000 7 1737
75.010000 8 1769
75.010000 9 1767
75.010000 10 1731
75.010000 11 1765
75.010000 12 1762
75.010000 13 1744
75.010000 14 1685
75.010000 15 1709
75.010000 16 1688
75.010000 17 1673
75.010000 18 1675
75.010000 19 1749
75.010000 20 1756
75.010000 21 1653
75.010000 22 1742
75.010000 23 1739
75.010000 24 1747
75.010000 25 1643
75.010000 26 1764
75.010000 27 1760
75.010000 28 1763
76.010000 0 1624
76.010000 1 1746
76.010000 2 1670
76.010000 3 1742
76.010000 4 1724
76.010000 5 1728
76.010000 6 1742
76.010000 7 1718
76.010000 8 1745
76.010000 9 1749
76.010000 10 1716
76.010000 11 1748
76.010000 12 1720
76.010000 13 1756
76.010000 14 1662
76.010000 15 1651
76.010000 16 1702
76.010000 17 1648
76.010000 18 1683
76.010000 19 1740
76.010000 20 1755
76.010000 21 1636
76.010000 22 1724
76.010000 23 1728
76.010000 24 1696
76.010000 25 1609
76.010000 26 1735
76.010000 27 1736
76.010000 28 1727
77.010000 0 1732
77.010000 1 1894
77.010000 2 1770
77.010000 3 1863
77.010000 4 1847
77.010000 5 1884
77.010000 6 1912
77.010000 7 1856
77.010000 8 1889
77.010000 9 1890
77.010000 10 1852
77.010000 11 1890
77.010000 12 1857
77.010000 13 1836
77.010000 14 1816
77.010000 15 1801
77.010000 16 1863
77.010000 17 1793
77.010000 18 1828
77.010000 19 1858
77.010000 20 1878
77.010000 21 1789
77.010000 22 1864
77.010000 23 1863
77.010000 24 1865
77.010000 25 1802
77.010000 26 1864
77.010000 27 1885
77.010000 28 1860
78.010000 0 1504
78.010000 1 1659
78.010000 2 1606
78.010000 3 1646
78.010000 4 1633
78.010000 5 1617
78.010000 6 1654
78.010000 7 1629
78.010000 8 1656
78.010000 9 1657
78.010000 10 1628
78.010000 11 1652
78.010000 12 1646
78.010000 13 1640
78.010000 14 1564
78.010000 15 1567
78.010000 16 1614
78.010000 17 1544
78.010000 18 1562
78.010000 19 1660
78.010000 20 1653
78.010000 21 1556
78.010000 22 1631
78.010000 23 1639
78.010000 24 1637
78.010000 25 1520
78.010000 26 1670
78.010000 27 1650
78.010000 28 1656
79.010000 0 1536
79.010000 1 1684
79.010000 2 1619
79.010000 3 1661
79.010000 4 1660
79.010000 5 1663
79.010000 6 1683
79.010000 7 1653
79.010000 8 1699
79.010000 9 1680
79.010000 10 1650
79.010000 11 1685
79.010000 12 1671
79.010000 13 1673
79.010000 14 1605
79.010000 15 1590
79.010000 16 1643
79.010000 17 1559
79.010000 18 1581
79.010000 19 1652
79.010000 20 1672
79.010000 21 1516
79.010000 22 1658
79.010000 23 1659
79.010000 24 1663
79.010000 25 1529
79.010000 26 1692
79.010000 27 1688
79.010000 28 1677
80.010000 0 1423
80.010000 1 1605
80.010000 2 1512
80.010000 3 1593
80.010000 4 1592
80.010000 5 1601
80.010000 6 1606
80.010000 7 1581
80.010000 8 1604
80.010000 9 1600
80.010000 10 1579
80.010000 11 1603
80.010000 12 1577
80.010000 13 1582
80.010000 14 1489
80.010000 15 1541
80.010000 16 1561
80.010000 17 1484
80.010000 18 1509
80.010000 19 1576
80.010000 20 1598
80.010000 21 1508
80.010000 22 1589
80.010000 23 1600
80.010000 24 1586
80.010000 25 1468
80.010000 26 1619
80.010000 27 1605
80.010000 28 1599
81.010000 0 1569
81.010000 1 1736
81.010000 2 1624
81.010000 3 1713
81.010000 4 1716
81.010000 5 1720
81.010000 6 1726
81.010000 7 1702
81.010000 8 1733
81.010000 9 1726
81.010000 10 1698
81.010000 11 1735
81.010000 12 1706
81.010000 13 1704
81.010000 14 1638
81.010000 15 1654
81.010000 16 1673
81.010000 17 1620
81.010000 18 1647
81.010000 19 1705
81.010000 20 1723
81.010000 21 1611
81.010000 22 1738
81.010000 23 1707
81.010000 24 1712
81.010000 25 1609
81.010000 26 1752
81.010000 27 1725
81.010000 28 1707
82.010000 0 1511
82.010000 1 1646
82.010000 2 1581
82.010000 3 1636
82.010000 4 1622
82.010000 5 1617
82.010000 6 1643
82.010000 7 1606
82.010000 8 1637
82.010000 9 1642
82.010000 10 1609
82.010000 11 1656
82.010000 12 1634
82.010000 13 1626
82.010000 14 1544
82.010000 15 1561
82.010000 16 1585
82.010000 17 1539
82.010000 18 1573
82.010000 19 1651
82.010000 20 1637
82.010000 21 1520
82.010000 22 1625
82.010000 23 1620
82.010000 24 1621
82.010000 25 1530
82.010000 26 1636
82.010000 27 1635
82.010000 28 1616
83.010000 0 1534
83.010000 1 1695
83.010000 2 1607
83.010000 3 1664
83.010000 4 1682
83.010000 5 1656
83.010000 6 1691
83.010000 7 1654
83.010000 8 1710
83.010000 9 1691
83.010000 10 1696
83.010000 11 1692
83.010000 12 1668
83.010000 13 1669
83.010000 14 1599
83.010000 15 1606
83.010000 16 1625
83.010000 17 1558
83.010000 18 1599
83.010000 19 1686
83.010000 20 1685
83.010000 21 1550
83.010000 22 1673
83.010000 23 1671
83.010000 24 1668
83.010000 25 1546
83.010000 26 1689
83.010000 27 1686
83.010000 28 1677
84.010000 0 1551
84.010000 1 1730
84.010000 2 1643
84.010000 3 1694
84.010000 4 1712
84.010000 5 1728
84.010000 6 1726
84.010000 7 1695
84.010000 8 1726
84.010000 9 1722
84.010000 10 1690
84.010000 11 1700
84.010000 12 1711
84.010000 13 1720
84.010000 14 1636
84.010000 15 1689
84.010000 16 1686
84.010000 17 1601
84.010000 18 1631
84.010000 19 1709
84.010000 20 1711
84.010000 21 1609
84.010000 22 1704
84.010000 23 1704
84.010000 24 1708
84.010000 25 1600
84.010000 26 1719
84.010000 27 1716
84.010000 28 1730
85.010000 0 1432
85.010000 1 1584
85.010000 2 1520
85.010000 3 1579
85.010000 4 1561
85.010000 5 1569
85.010000 6 1562
85.010000 7 1577
85.010000 8 1588
85.010000 9 1581
85.010000 10 1552
85.010000 11 1595
85.010000 12 1583
85.010000 13 1603
85.010000 14 1477
85.010000 15 1503
85.010000 16 1545
85.010000 17 1468
85.010000 18 1485
85.010000 19 1559
85.010000 20 1584
85.010000 21 1454
85.010000 22 1595
85.010000 23 1571
85.010000 24 1564
85.010000 25 1462
85.010000 26 1581
85.010000 27 1574
85.010000 28 1572
86.010000 0 1650
86.010000 1 1820
86.010000 2 1708
86.010000 3 1800
86.010000 4 1806
86.010000 5 1792
86.010000 6 1820
86.010000 7 1788
86.010000 8 1809
86.010000 9 1815
86.010000 10 1779
86.010000 11 1829
86.010000 12 1789
86.010000 13 1794
86.010000 14 1735
86.010000 15 1721
86.010000 16 1744
86.010000 17 1717
86.010000 18 1727
86.010000 19 1786
86.010000 20 1797
86.010000 21 1702
86.010000 22 1796
86.010000 23 1794
86.010000 24 1797
86.010000 25 1705
86.010000 26 1810
86.010000 27 1810
86.010000 28 1794
87.010000 0 1563
87.010000 1 1705
87.010000 2 1605
87.010000 3 1681
87.010000 4 1663
87.010000 5 1679
87.010000 6 1693
87.010000 7 1706
87.010000 8 1687
87.010000 9 1686
87.010000 10 1664
87.010000 11 1694
87.010000 12 1659
87.010000 13 1679
87.010000 14 1603
87.010000 15 1610
87.010000 16 1638
87.010000 17 1588
87.010000 18 1623
87.010000 19 1669
87.010000 20 1683
87.010000 21 1542
87.010000 22 1666
87.010000 23 1664
87.010000 24 1669
87.010000 25 1543
87.010000 26 1680
87.010000 27 1685
87.010000 28 1682
88.010000 0 1500
88.010000 1 1665
88.010000 2 1584
88.010000 3 1645
88.010000 4 1655
88.010000 5 1633
88.010000 6 1683
88.010000 7 1589
88.010000 8 1664
88.010000 9 1644
88.010000 10 1640
88.010000 11 1664
88.010000 12 1657
88.010000 13 1665
88.010000 14 1569
88.010000 15 1591
88.010000 16 1600
88.010000 17 1543
88.010000 18 1562
88.010000 19 1655
88.010000 20 1659
88.010000 21 1554
88.010000 22 1651
88.010000 23 1648
88.010000 24 1681
88.010000 25 1547
88.010000 26 1656
88.010000 27 1656
88.010000 28 1650
89.010000 0 1420
89.010000 1 1591
89.010000 2 1505
89.010000 3 1560
89.010000 4 1600
89.010000 5 1557
89.010000 6 1591
89.010000 7 1570
89.010000 8 1601
89.010000 9 1597
89.010000 10 1585
89.010000 11 1590
89.010000 12 1587
89.010000 13 1535
89.010000 14 1497
89.010000 15 1522
89.010000 16 1523
89.010000 17 1458
89.010000 18 1481
89.010000 19 1567
89.010000 20 1565
89.010000 21 1437
89.010000 22 1559
89.010000 23 1563
89.010000 24 1562
89.010000 25 1446
89.010000 26 1583
89.010000 27 1579
89.010000 28 1570
90.010000 0 1563
90.010000 1 1721
90.010000 2 1599
90.010000 3 1718
90.010000 4 1705
90.010000 5 1678
90.010000 6 1727
90.010000 7 1730
90.010000 8 1739
90.010000 9 1721
90.010000 10 1726
90.010000 11 1727
90.010000 12 1692
90.010000 13 1700
90.010000 14 1628
90.010000 15 1607
90.010000 16 1665
90.010000 17 1613
90.010000 18 1616
90.010000 19 1692
90.010000 20 1716
90.010000 21 1584
90.010000 22 1704
90.010000 23 1696
90.010000 24 1703
90.010000 25 1584
90.010000 26 1717
90.010000 27 1721
90.010000 28 1684
91.010000 0 1481
91.010000 1 1627
91.010000 2 1587
91.010000 3 1620
91.010000 4 1614
91.010000 5 1619
91.010000 6 1631
91.010000 7 1563
91.010000 8 1624
91.010000 9 1634
91.010000 10 1598
91.010000 11 1624
91.010000 12 1619
91.010000 13 1644
91.010000 14 1540
91.010000 15 1564
91.010000 16 1588
91.010000 17 1526
91.010000 18 1541
91.010000 19 1638
91.010000 20 1626
91.010000 21 1537
91.010000 22 1614
91.010000 23 1641
91.010000 24 1611
91.010000 25 1507
91.010000 26 1621
91.010000 27 1624
91.010000 28 1631
92.010000 0 1612
92.010000 1 1781
92.010000 2 1672
92.010000 3 1753
92.010000 4 1762
92.010000 5 1759
92.010000 6 1785
92.010000 7 1777
92.010000 8 1777
92.010000 9 1777
92.010000 10 1779
92.010000 11 1775
92.010000 12 1752
92.010000 13 1748
92.010000 14 1697
92.010000 15 1687
92.010000 16 1712
92.010000 17 1658
92.010000 18 1687
92.010000 19 1744
92.010000 20 1741
92.010000 21 1657
92.010000 22 1760
92.010000 23 1757
92.010000 24 1755
92.010000 25 1651
92.010000 26 1773
92.010000 27 1773
92.010000 28 1758
93.010000 0 1451
93.010000 1 1613
93.010000 2 1556
93.010000 3 1593
93.010000 4 1593
93.010000 5 1582
93.010000 6 1607
93.010000 7 1589
93.010000 8 1610
93.010000 9 1607
93.010000 10 1583
93.010000 11 1615
93.010000 12 1616
93.010000 13 1602
93.010000 14 1495
93.010000 15 1546
93.010000 16 1542
93.010000 17 1488
93.010000 18 1525
93.010000 19 1612
93.010000 20 1616
93.010000 21 1480
93.010000 22 1601
93.010000 23 1589
93.010000 24 1590
93.010000 25 1463
93.010000 26 1617
93.010000 27 1605
93.010000 28 1600
94.010000 0 1569
94.010000 1 1745
94.010000 2 1638
94.010000 3 1718
94.010000 4 1727
94.010000 5 1719
94.010000 6 1741
94.010000 7 1738
94.010000 8 1746
94.010000 9 1737
94.010000 10 1710
94.010000 11 1738
94.010000 12 1724
94.010000 13 1714
94.010000 14 1646
94.010000 15 1657
94.010000 16 1695
94.010000 17 1616
94.010000 18 1641
94.010000 19 1708
94.010000 20 1743
94.010000 21 1607
94.010000 22 1721
94.010000 23 1714
94.010000 24 1716
94.010000 25 1595
94.010000 26 1734
94.010000 27 1732
94.010000 28 1718
95.010000 0 1604
95.010000 1 1749
95.010000 2 1679
95.010000 3 1751
95.010000 4 1733
95.010000 5 1700
95.010000 6 1750
95.010000 7 1711
95.010000 8 1735
95.010000 9 1748
95.010000 10 1713
95.010000 11 1720
95.010000 12 1740
95.010000 13 1721
95.010000 14 1656
95.010000 15 1634
95.010000 16 1707
95.010000 17 1662
95.010000 18 1673
95.010000 19 1739
95.010000 20 1732
95.010000 21 1653
95.010000 22 1720
95.010000 23 1727
95.010000 24 1720
95.010000 25 1640
95.010000 26 1734
95.010000 27 1736
95.010000 28 1724
96.010000 0 1581
96.010000 1 1700
96.010000 2 1563
96.010000 3 1683
96.010000 4 1664
96.010000 5 1645
96.010000 6 1664
96.010000 7 1659
96.010000 8 1683
96.010000 9 1678
96.010000 10 1656
96.010000 11 1691
96.010000 12 1643
96.010000 13 1672
96.010000 14 1619
96.010000 15 1565
96.010000 16 1636
96.010000 17 1592
96.010000 18 1618
96.010000 19 1649
96.010000 20 1683
96.010000 21 1569
96.010000 22 1703
96.010000 23 1661
96.010000 24 1666
96.010000 25 1555
96.010000 26 1679
96.010000 27 1707
96.010000 28 1659
97.010000 0 1557
97.010000 1 1758
97.010000 2 1650
97.010000 3 1730
97.010000 4 1740
97.010000 5 1725
97.010000 6 1761
97.010000 7 1721
97.010000 8 1749
97.010000 9 1769
97.010000 10 1717
97.010000 11 1745
97.010000 12 1726
97.010000 13 1732
97.010000 14 1667
97.010000 15 1655
97.010000 16 1699
97.010000 17 1647
97.010000 18 1645
97.010000 19 1727
97.010000 20 1736
97.010000 21 1659
97.010000 22 1729
97.010000 23 1727
97.010000 24 1726
97.010000 25 1669
97.010000 26 1746
97.010000 27 1747
97.010000 28 1729
98.010000 0 1383
98.010000 1 1537
98.010000 2 1467
98.010000 3 1546
98.010000 4 1514
98.010000 5 1536
98.010000 6 1539
98.010000 7 1529
98.010000 8 1551
98.010000 9 1540
98.010000 10 1510
98.010000 11 1565
98.010000 12 1513
98.010000 13 1543
98.010000 14 1435
98.010000 15 1460
98.010000 16 1480
98.010000 17 1432
98.010000 18 1431
98.010000 19 1501
98.010000 20 1539
98.010000 21 1397
98.010000 22 1525
98.010000 23 1544
98.010000 24 1523
98.010000 25 1365
98.010000 26 1527
98.010000 27 1533
98.010000 28 1539
99.010000 0 1456
99.010000 1 1639
99.010000 2 1574
99.010000 3 1626
99.010000 4 1622
99.010000 5 1620
99.010000 6 1656
99.010000 7 1607
99.010000 8 1634
99.010000 9 1614
99.010000 10 1631
99.010000 11 1603
99.010000 12 1624
99.010000 13 1618
99.010000 14 1520
99.010000 15 1559
99.010000 16 1579
99.010000 17 1505
99.010000 18 1519
99.010000 19 1624
99.010000 20 1656
99.010000 21 1507
99.010000 22 1637
99.010000 23 1624
99.010000 24 1638
99.010000 25 1462
99.010000 26 1627
99.010000 27 1626
99.010000 28 1623
100.010000 0 1565
100.010000 1 1688
100.010000 2 1551
100.010000 3 1669
100.010000 4 1666
100.010000 5 1649
100.010000 6 1690
100.010000 7 1658
100.010000 8 1686
100.010000 9 1677
100.010000 10 1687
100.010000 11 1695
100.010000 12 1648
100.010000 13 1663
100.010000 14 1614
100.010000 15 1580
100.010000 16 1629
100.010000 17 1576
100.010000 18 1613
100.010000 19 1658
100.010000 20 1679
100.010000 21 1558
100.010000 22 1669
100.010000 23 1657
100.010000 24 1668
100.010000 25 1556
100.010000 26 1698
100.010000 27 1692
100.010000 28 1640
101.010000 0 1651
101.010000 1 1782
101.010000 2 1663
101.010000 3 1766
101.010000 4 1755
101.010000 5 1727
101.010000 6 1800
101.010000 7 1737
101.010000 8 1762
101.010000 9 1777
101.010000 10 1733
101.010000 11 1769
101.010000 12 1745
101.010000 13 1780
101.010000 14 1702
101.010000 15 1655
101.010000 16 1726
101.010000 17 1687
101.010000 18 1714
101.010000 19 1743
101.010000 20 1749
101.010000 21 1658
101.010000 22 1742
101.010000 23 1747
101.010000 24 1746
101.010000 25 1646
101.010000 26 1761
101.010000 27 1768
101.010000 28 1749
102.010000 0 1620
102.010000 1 1799
102.010000 2 1726
102.010000 3 1750
102.010000 4 1780
102.010000 5 1781
102.010000 6 1790
102.010000 7 1780
102.010000 8 1794
102.010000 9 1789
102.010000 10 1755
102.010000 11 1786
102.010000 12 1797
102.010000 13 1767
102.010000 14 1710
102.010000 15 1728
102.010000 16 1736
102.010000 17 1669
102.010000 18 1713
102.010000 19 1772
102.010000 20 1766
102.010000 21 1650
102.010000 22 1768
102.010000 23 1764
102.010000 24 1768
102.010000 25 1666
102.010000 26 1787
102.010000 27 1788
102.010000 28 1784
103.010000 0 1512
103.010000 1 1679
103.010000 2 1571
103.010000 3 1687
103.010000 4 1664
103.010000 5 1665
103.010000 6 1679
103.010000 7 1681
103.010000 8 1676
103.010000 9 1678
103.010000 10 1639
103.010000 11 1693
103.010000 12 1640
103.010000 13 1662
103.010000 14 1586
103.010000 15 1588
103.010000 16 1611
103.010000 17 1594
103.010000 18 1572
103.010000 19 1640
103.010000 20 1670
103.010000 21 1539
103.010000 22 1683
103.010000 23 1651
103.010000 24 1676
103.010000 25 1542
103.010000 26 1673
103.010000 27 1655
103.010000 28 1660
104.010000 0 1581
104.010000 1 1751
104.010000 2 1676
104.010000 3 1723
104.010000 4 1732
104.010000 5 1753
104.010000 6 1726
104.010000 7 1716
104.010000 8 1759
104.010000 9 1747
104.010000 10 1711
104.010000 11 1756
104.010000 12 1725
104.010000 13 1732
104.010000 14 1659
104.010000 15 1692
104.010000 16 1692
104.010000 17 1629
104.010000 18 1656
104.010000 19 1744
104.010000 20 1744
104.010000 21 1628
104.010000 22 1704
104.010000 23 1726
104.010000 24 1750
104.010000 25 1604
104.010000 26 1753
104.010000 27 1732
104.010000 28 1738
105.010000 0 1546
105.010000 1 1711
105.010000 2 1620
105.010000 3 1691
105.010000 4 1684
105.010000 5 1657
105.010000 6 1714
105.010000 7 1710
105.010000 8 1701
105.010000 9 1731
105.010000 10 1677
105.010000 11 1695
105.010000 12 1689
105.010000 13 1690
105.010000 14 1623
105.010000 15 1576
105.010000 16 1656
105.010000 17 1596
105.010000 18 1616
105.010000 19 1689
105.010000 20 1695
105.010000 21 1617
105.010000 22 1682
105.010000 23 1689
105.010000 24 1677
105.010000 25 1581
105.010000 26 1698
105.010000 27 1699
105.010000 28 1669
106.010000 0 1386
106.010000 1 1557
106.010000 2 1487
106.010000 3 1550
106.010000 4 1539
106.010000 5 1528
106.010000 6 1580
106.010000 7 1562
106.010000 8 1565
106.010000 9 1564
106.010000 10 1570
106.010000 11 1575
106.010000 12 1540
106.010000 13 1545
106.010000 14 1450
106.010000 15 1443
106.010000 16 1495
106.010000 17 1424
106.010000 18 1444
106.010000 19 1540
106.010000 20 1584
106.010000 21 1417
106.010000 22 1547
106.010000 23 1537
106.010000 24 1538
106.010000 25 1389
106.010000 26 1566
106.010000 27 1558
106.010000 28 1528
107.010000 0 1614
107.010000 1 1725
107.010000 2 1647
107.010000 3 1709
107.010000 4 1701
107.010000 5 1712
107.010000 6 1723
107.010000 7 1686
107.010000 8 1713
107.010000 9 1715
107.010000 10 1684
107.010000 11 1716
107.010000 12 1696
107.010000 13 1700
107.010000 14 1672
107.010000 15 1643
107.010000 16 1652
107.010000 17 1638
107.010000 18 1659
107.010000 19 1696
107.010000 20 1714
107.010000 21 1560
107.010000 22 1698
107.010000 23 1695
107.010000 24 1692
107.010000 25 1607
107.010000 26 1713
107.010000 27 1712
107.010000 28 1718
108.010000 0 1587
108.010000 1 1761
108.010000 2 1655
108.010000 3 1736
108.010000 4 1741
108.010000 5 1707
108.010000 6 1758
108.010000 7 1721
108.010000 8 1742
108.010000 9 1750
108.010000 10 1742
108.010000 11 1754
108.010000 12 1744
108.010000 13 1728
108.010000 14 1652
108.010000 15 1653
108.010000 16 1712
108.010000 17 1631
108.010000 18 1666
108.010000 19 1748
108.010000 20 1743
108.010000 21 1667
108.010000 22 1744
108.010000 23 1757
108.010000 24 1704
108.010000 25 1634
108.010000 26 1746
108.010000 27 1748
108.010000 28 1717
109.010000 0 1554
109.010000 1 1754
109.010000 2 1633
109.010000 3 1736
109.010000 4 1731
109.010000 5 1737
109.010000 6 1756
109.010000 7 1730
109.010000 8 1773
109.010000 9 1756
109.010000 10 1717
109.010000 11 1750
109.010000 12 1701
109.010000 13 1733
109.010000 14 1655
109.010000 15 1672
109.010000 16 1687
109.010000 17 1656
109.010000 18 1655
109.010000 19 1716
109.010000 20 1715
109.010000 21 1652
109.010000 22 1746
109.010000 23 1734
109.010000 24 1765
109.010000 25 1667
109.010000 26 1753
109.010000 27 1751
109.010000 28 1757
110.010000 0 1566
110.010000 1 1730
110.010000 2 1618
110.010000 3 1692
110.010000 4 1710
110.010000 5 1676
110.010000 6 1726
110.010000 7 1692
110.010000 8 1719
110.010000 9 1723
110.010000 10 1696
110.010000 11 1724
110.010000 12 1713
110.010000 13 1705
110.010000 14 1633
110.010000 15 1621
110.010000 16 1671
110.010000 17 1598
110.010000 18 1643
110.010000 19 1698
110.010000 20 1736
110.010000 21 1564
110.010000 22 1709
110.010000 23 1699
110.010000 24 1705
110.010000 25 1585
110.010000 26 1742
110.010000 27 1722
110.010000 28 1692
111.010000 0 1584
111.010000 1 1726
111.010000 2 1667
111.010000 3 1710
111.010000 4 1685
111.010000 5 1685
111.010000 6 1714
111.010000 7 1680
111.010000 8 1704
111.010000 9 1722
111.010000 10 1660
111.010000 11 1711
111.010000 12 1715
111.010000 13 1714
111.010000 14 1639
111.010000 15 1640
111.010000 16 1664
111.010000 17 1617
111.010000 18 1623
111.010000 19 1730
111.010000 20 1702
111.010000 21 1604
111.010000 22 1673
111.010000 23 1689
111.010000 24 1652
111.010000 25 1573
111.010000 26 1680
111.010000 27 1700
111.010000 28 1691
112.010000 0 1571
112.010000 1 1772
112.010000 2 1678
112.010000 3 1715
112.010000 4 1788
112.010000 5 1758
112.010000 6 1781
112.010000 7 1742
112.010000 8 1795
112.010000 9 1747
112.010000 10 1770
112.010000 11 1769
112.010000 12 1722
112.010000 13 1718
112.010000 14 1673
112.010000 15 1658
112.010000 16 1722
112.010000 17 1634
112.010000 18 1698
112.010000 19 1732
112.010000 20 1761
112.010000 21 1681
112.010000 22 1741
112.010000 23 1754
112.010000 24 1746
112.010000 25 1655
112.010000 26 1774
112.010000 27 1770
112.010000 28 1766
113.010000 0 1361
113.010000 1 1518
113.010000 2 1450
113.010000 3 1502
113.010000 4 1521
113.010000 5 1483
113.010000 6 1513
113.010000 7 1480
113.010000 8 1498
113.010000 9 1533
113.010000 10 1484
113.010000 11 1518
113.010000 12 1528
113.010000 13 1520
113.010000 14 1400
113.010000 15 1461
113.010000 16 1439
113.010000 17 1376
113.010000 18 1406
113.010000 19 1508
113.010000 20 1533
113.010000 21 1355
113.010000 22 1498
113.010000 23 1497
113.010000 24 1522
113.010000 25 1347
113.010000 26 1532
113.010000 27 1510
113.010000 28 1502
114.010000 0 1600
114.010000 1 1801
114.010000 2 1707
114.010000 3 1774
114.010000 4 1780
114.010000 5 1774
114.010000 6 1802
114.010000 7 1768
114.010000 8 1787
114.010000 9 1801
114.010000 10 1761
114.010000 11 1799
114.010000 12 1755
114.010000 13 1773
114.010000 14 1690
114.010000 15 1679
114.010000 16 1769
114.010000 17 1692
114.010000 18 1716
114.010000 19 1774
114.010000 20 1788
114.010000 21 1741
114.010000 22 1773
114.010000 23 1777
114.010000 24 1775
114.010000 25 1711
114.010000 26 1792
114.010000 27 1797
114.010000 28 1785
115.010000 0 1585
115.010000 1 1738
115.010000 2 1659
115.010000 3 1701
115.010000 4 1718
115.010000 5 1710
115.010000 6 1738
115.010000 7 1698
115.010000 8 1735
115.010000 9 1725
115.010000 10 1696
115.010000 11 1730
115.010000 12 1737
115.010000 13 1709
115.010000 14 1654
115.010000 15 1682
115.010000 16 1678
115.010000 17 1624
115.010000 18 1676
115.010000 19 1721
115.010000 20 1736
115.010000 21 1613
115.010000 22 1712
115.010000 23 1710
115.010000 24 1714
115.010000 25 1598
115.010000 26 1707
115.010000 27 1728
115.010000 28 1735
116.010000 0 1626
116.010000 1 1780
116.010000 2 1718
116.010000 3 1761
116.010000 4 1756
116.010000 5 1760
116.010000 6 1778
116.010000 7 1733
116.010000 8 1778
116.010000 9 1780
116.010000 10 1748
116.010000 11 1786
116.010000 12 1772
116.010000 13 1796
116.010000 14 1694
116.010000 15 1677
116.010000 16 1711
116.010000 17 1657
116.010000 18 1685
116.010000 19 1791
116.010000 20 1774
116.010000 21 1674
116.010000 22 1759
116.010000 23 1759
116.010000 24 1763
116.010000 25 1667
116.010000 26 1795
116.010000 27 1760
116.010000 28 1734
117.010000 0 1455
117.010000 1 1617
117.010000 2 1510
117.010000 3 1605
117.010000 4 1554
117.010000 5 1574
117.010000 6 1598
117.010000 7 1601
117.010000 8 1589
117.010000 9 1594
117.010000 10 1557
117.010000 11 1616
117.010000 12 1573
117.010000 13 1574
117.010000 14 1509
117.010000 15 1505
117.010000 16 1519
117.010000 17 1515
117.010000 18 1506
117.010000 19 1558
117.010000 20 1606
117.010000 21 1442
117.010000 22 1566
117.010000 23 1567
117.010000 24 1572
117.010000 25 1436
117.010000 26 1586
117.010000 27 1616
117.010000 28 1582
118.010000 0 1562
118.010000 1 1700
118.010000 2 1605
118.010000 3 1694
118.010000 4 1711
118.010000 5 1675
118.010000 6 1718
118.010000 7 1671
118.010000 8 1702
118.010000 9 1674
118.010000 10 1671
118.010000 11 1680
118.010000 12 1671
118.010000 13 1681
118.010000 14 1619
118.010000 15 1602
118.010000 16 1679
118.010000 17 1590
118.010000 18 1603
118.010000 19 1685
118.010000 20 1699
118.010000 21 1594
118.010000 22 1720
118.010000 23 1680
118.010000 24 1689
118.010000 25 1561
118.010000 26 1673
118.010000 27 1678
118.010000 28 1674
119.010000 0 1525
119.010000 1 1680
119.010000 2 1581
119.010000 3 1653
119.010000 4 1662
119.010000 5 1658
119.010000 6 1684
119.010000 7 1651
119.010000 8 1681
119.010000 9 1683
119.010000 10 1646
119.010000 11 1698
119.010000 12 1671
119.010000 13 1688
119.010000 14 1603
119.010000 15 1596
119.010000 16 1615
119.010000 17 1567
119.010000 18 1597
119.010000 19 1636
119.010000 20 1669
119.010000 21 1558
119.010000 22 1650
119.010000 23 1663
119.010000 24 1665
119.010000 25 1546
119.010000 26 1670
119.010000 27 1697
119.010000 28 1664
120.010000 0 1576
120.010000 1 1718
120.010000 2 1665
120.010000 3 1714
120.010000 4 1693
120.010000 5 1711
120.010000 6 1716
120.010000 7 1693
120.010000 8 1711
120.010000 9 1721
120.010000 10 1694
120.010000 11 1700
120.010000 12 1698
120.010000 13 1707
120.010000 14 1624
120.010000 15 1648
120.010000 16 1665
120.010000 17 1611
120.010000 18 1636
120.010000 19 1720
120.010000 20 1724
120.010000 21 1597
120.010000 22 1698
120.010000 23 1696
120.010000 24 1701
120.010000 25 1570
120.010000 26 1713
120.010000 27 1729
120.010000 28 1718
121.010000 0 1526
121.010000 1 1741
121.010000 2 1606
121.010000 3 1670
121.010000 4 1703
121.010000 5 1690
121.010000 6 1717
121.010000 7 1691
121.010000 8 1715
121.010000 9 1730
121.010000 10 1678
121.010000 11 1711
121.010000 12 1688
121.010000 13 1683
121.010000 14 1632
121.010000 15 1645
121.010000 16 1627
121.010000 17 1579
121.010000 18 1618
121.010000 19 1699
121.010000 20 1704
121.010000 21 1578
121.010000 22 1692
121.010000 23 1697
121.010000 24 1729
121.010000 25 1584
121.010000 26 1710
121.010000 27 1708
121.010000 28 1696
122.010000 0 1532
122.010000 1 1671
122.010000 2 1601
122.010000 3 1660
122.010000 4 1647
122.010000 5 1643
122.010000 6 1667
122.010000 7 1647
122.010000 8 1660
122.010000 9 1662
122.010000 10 1628
122.010000 11 1665
122.010000 12 1661
122.010000 13 1651
122.010000 14 1565
122.010000 15 1597
122.010000 16 1621
122.010000 17 1554
122.010000 18 1589
122.010000 19 1670
122.010000 20 1665
122.010000 21 1544
122.010000 22 1615
122.010000 23 1650
122.010000 24 1658
122.010000 25 1525
122.010000 26 1666
122.010000 27 1660
122.010000 28 1648
123.010000 0 1578
123.010000 1 1742
123.010000 2 1629
123.010000 3 1714
123.010000 4 1719
123.010000 5 1723
123.010000 6 1731
123.010000 7 1701
123.010000 8 1734
123.010000 9 1708
123.010000 10 1704
123.010000 11 1758
123.010000 12 1697
123.010000 13 1712
123.010000 14 1648
123.010000 15 1637
123.010000 16 1686
123.010000 17 1623
123.010000 18 1646
123.010000 19 1695
123.010000 20 1723
123.010000 21 1621
123.010000 22 1710
123.010000 23 1702
123.010000 24 1749
123.010000 25 1607
123.010000 26 1742
123.010000 27 1727
123.010000 28 1715
124.010000 0 1579
124.010000 1 1749
124.010000 2 1655
124.010000 3 1727
124.010000 4 1758
124.010000 5 1714
124.010000 6 1752
124.010000 7 1712
124.010000 8 1741
124.010000 9 1767
124.010000 10 1702
124.010000 11 1712
124.010000 12 1735
124.010000 13 1719
124.010000 14 1664
124.010000 15 1663
124.010000 16 1656
124.010000 17 1649
124.010000 18 1663
124.010000 19 1731
124.010000 20 1729
124.010000 21 1619
124.010000 22 1717
124.010000 23 1722
124.010000 24 1721
124.010000 25 1645
124.010000 26 1738
124.010000 27 1741
124.010000 28 1720
125.010000 0 1614
125.010000 1 1805
125.010000 2 1680
125.010000 3 1785
125.010000 4 1784
125.010000 5 1767
125.010000 6 1809
125.010000 7 1796
125.010000 8 1794
125.010000 9 1775
125.010000 10 1763
125.010000 11 1798
125.010000 12 1766
125.010000 13 1771
125.010000 14 1709
125.010000 15 1690
125.010000 16 1760
125.010000 17 1695
125.010000 18 1705
125.010000 19 1765
125.010000 20 1763
125.010000 21 1715
125.010000 22 1775
125.010000 23 1772
125.010000 24 1773
125.010000 25 1694
125.010000 26 1789
125.010000 27 1792
125.010000 28 1768
126.010000 0 1490
126.010000 1 1634
126.010000 2 1551
126.010000 3 1618
126.010000 4 1604
126.010000 5 1640
126.010000 6 1624
126.010000 7 1606
126.010000 8 1634
126.010000 9 1633
126.010000 10 1606
126.010000 11 1639
126.010000 12 1621
126.010000 13 1639
126.010000 14 1544
126.010000 15 1588
126.010000 16 1585
126.010000 17 1510
126.010000 18 1529
126.010000 19 1620
126.010000 20 1621
126.010000 21 1476
126.010000 22 1630
126.010000 23 1606
126.010000 24 1607
126.010000 25 1466
126.010000 26 1634
126.010000 27 1619
126.010000 28 1608
127.010000 0 1543
127.010000 1 1699
127.010000 2 1652
127.010000 3 1674
127.010000 4 1681
127.010000 5 1641
127.010000 6 1708
127.010000 7 1687
127.010000 8 1702
127.010000 9 1703
127.010000 10 1710
127.010000 11 1696
127.010000 12 1697
127.010000 13 1684
127.010000 14 1605
127.010000 15 1583
127.010000 16 1652
127.010000 17 1572
127.010000 18 1606
127.010000 19 1703
127.010000 20 1701
127.010000 21 1596
127.010000 22 1681
127.010000 23 1682
127.010000 24 1681
127.010000 25 1578
127.010000 26 1713
127.010000 27 1702
127.010000 28 1698
128.010000 0 1577
128.010000 1 1718
128.010000 2 1590
128.010000 3 1726
128.010000 4 1724
128.010000 5 1680
128.010000 6 1722
128.010000 7 1697
128.010000 8 1716
128.010000 9 1707
128.010000 10 1655
128.010000 11 1712
128.010000 12 1690
128.010000 13 1706
128.010000 14 1623
128.010000 15 1619
128.010000 16 1653
128.010000 17 1634
128.010000 18 1639
128.010000 19 1665
128.010000 20 1700
128.010000 21 1593
128.010000 22 1708
128.010000 23 1686
128.010000 24 1685
128.010000 25 1587
128.010000 26 1680
128.010000 27 1706
128.010000 28 1692
129.010000 0 1560
129.010000 1 1736
129.010000 2 1660
129.010000 3 1689
129.010000 4 1694
129.010000 5 1730
129.010000 6 1730
129.010000 7 1701
129.010000 8 1744
129.010000 9 1727
129.010000 10 1725
129.010000 11 1734
129.010000 12 1719
129.010000 13 1707
129.010000 14 1648
129.010000 15 1680
129.010000 16 1679
129.010000 17 1593
129.010000 18 1630
129.010000 19 1718
129.010000 20 1720
129.010000 21 1616
129.010000 22 1697
129.010000 23 1704
129.010000 24 1710
129.010000 25 1582
129.010000 26 1751
129.010000 27 1721
129.010000 28 1729
130.010000 0 1581
130.010000 1 1716
130.010000 2 1628
130.010000 3 1704
130.010000 4 1695
130.010000 5 1694
130.010000 6 1722
130.010000 7 1693
130.010000 8 1723
130.010000 9 1739
130.010000 10 1688
130.010000 11 1719
130.010000 12 1697
130.010000 13 1701
130.010000 14 1649
130.010000 15 1641
130.010000 16 1662
130.010000 17 1625
130.010000 18 1649
130.010000 19 1703
130.010000 20 1733
130.010000 21 1609
130.010000 22 1718
130.010000 23 1688
130.010000 24 1704
130.010000 25 1591
130.010000 26 1711
130.010000 27 1722
130.010000 28 1715
131.010000 0 1358
131.010000 1 1538
131.010000 2 1459
131.010000 3 1527
131.010000 4 1553
131.010000 5 1524
131.010000 6 1541
131.010000 7 1510
131.010000 8 1569
131.010000 9 1535
131.010000 10 1534
131.010000 11 1562
131.010000 12 1519
131.010000 13 1520
131.010000 14 1420
131.010000 15 1492
131.010000 16 1463
131.010000 17 1394
131.010000 18 1403
131.010000 19 1523
131.010000 20 1548
131.010000 21 1376
131.010000 22 1554
131.010000 23 1494
131.010000 24 1526
131.010000 25 1376
131.010000 26 1540
131.010000 27 1525
131.010000 28 1543
132.010000 0 1553
132.010000 1 1736
132.010000 2 1622
132.010000 3 1725
132.010000 4 1709
132.010000 5 1694
132.010000 6 1730
132.010000 7 1696
132.010000 8 1722
132.010000 9 1751
132.010000 10 1708
132.010000 11 1699
132.010000 12 1697
132.010000 13 1702
132.010000 14 1629
132.010000 15 1613
132.010000 16 1683
132.010000 17 1636
132.010000 18 1638
132.010000 19 1711
132.010000 20 1716
132.010000 21 1628
132.010000 22 1705
132.010000 23 1703
132.010000 24 1703
132.010000 25 1615
132.010000 26 1719
132.010000 27 1724
132.010000 28 1683
133.010000 0 1552
133.010000 1 1708
133.010000 2 1610
133.010000 3 1684
133.010000 4 1691
133.010000 5 1678
133.010000 6 1713
133.010000 7 1667
133.010000 8 1709
133.010000 9 1682
133.010000 10 1685
133.010000 11 1708
133.010000 12 1682
133.010000 13 1685
133.010000 14 1626
133.010000 15 1612
133.010000 16 1654
133.010000 17 1594
133.010000 18 1613
133.010000 19 1683
133.010000 20 1697
133.010000 21 1593
133.010000 22 1713
133.010000 23 1686
133.010000 24 1688
133.010000 25 1580
133.010000 26 1703
133.010000 27 1696
133.010000 28 1683
134.010000 0 1646
134.010000 1 1777
134.010000 2 1702
134.010000 3 1768
134.010000 4 1755
134.010000 5 1763
134.010000 6 1791
134.010000 7 1742
134.010000 8 1767
134.010000 9 1773
134.010000 10 1705
134.010000 11 1770
134.010000 12 1762
134.010000 13 1750
134.010000 14 1709
134.010000 15 1698
134.010000 16 1718
134.010000 17 1691
134.010000 18 1716
134.010000 19 1754
134.010000 20 1759
134.010000 21 1659
134.010000 22 1749
134.010000 23 1750
134.010000 24 1724
134.010000 25 1655
134.010000 26 1760
134.010000 27 1772
134.010000 28 1765
135.010000 0 1570
135.010000 1 1718
135.010000 2 1640
135.010000 3 1686
135.010000 4 1674
135.010000 5 1731
135.010000 6 1699
135.010000 7 1688
135.010000 8 1723
135.010000 9 1724
135.010000 10 1684
135.010000 11 1724
135.010000 12 1709
135.010000 13 1701
135.010000 14 1636
135.010000 15 1661
135.010000 16 1661
135.010000 17 1576
135.010000 18 1621
135.010000 19 1699
135.010000 20 1712
135.010000 21 1619
135.010000 22 1700
135.010000 23 1699
135.010000 24 1724
135.010000 25 1582
135.010000 26 1711
135.010000 27 1703
135.010000 28 1694
136.010000 0 1527
136.010000 1 1710
136.010000 2 1603
136.010000 3 1690
136.010000 4 1702
136.010000 5 1657
136.010000 6 1722
136.010000 7 1676
136.010000 8 1695
136.010000 9 1705
136.010000 10 1681
136.010000 11 1689
136.010000 12 1678
136.010000 13 1687
136.010000 14 1603
136.010000 15 1596
136.010000 16 1636
136.010000 17 1603
136.010000 18 1624
136.010000 19 1680
136.010000 20 1718
136.010000 21 1578
136.010000 22 1676
136.010000 23 1711
136.010000 24 1685
136.010000 25 1592
136.010000 26 1701
136.010000 27 1710
136.010000 28 1688
137.010000 0 1572
137.010000 1 1725
137.010000 2 1605
137.010000 3 1693
137.010000 4 1721
137.010000 5 1708
137.010000 6 1736
137.010000 7 1705
137.010000 8 1743
137.010000 9 1720
137.010000 10 1700
137.010000 11 1754
137.010000 12 1689
137.010000 13 1704
137.010000 14 1649
137.010000 15 1624
137.010000 16 1670
137.010000 17 1587
137.010000 18 1628
137.010000 19 1688
137.010000 20 1721
137.010000 21 1576
137.010000 22 1728
137.010000 23 1735
137.010000 24 1715
137.010000 25 1589
137.010000 26 1727
137.010000 27 1718
137.010000 28 1696
138.010000 0 1643
138.010000 1 1781
138.010000 2 1646
138.010000 3 1777
138.010000 4 1753
138.010000 5 1745
138.010000 6 1758
138.010000 7 1771
138.010000 8 1772
138.010000 9 1771
138.010000 10 1729
138.010000 11 1775
138.010000 12 1734
138.010000 13 1757
138.010000 14 1719
138.010000 15 1668
138.010000 16 1734
138.010000 17 1701
138.010000 18 1695
138.010000 19 1734
138.010000 20 1772
138.010000 21 1680
138.010000 22 1741
138.010000 23 1750
138.010000 24 1753
138.010000 25 1662
138.010000 26 1766
138.010000 27 1767
138.010000 28 1751
139.010000 0 1463
139.010000 1 1638
139.010000 2 1527
139.010000 3 1629
139.010000 4 1640
139.010000 5 1613
139.010000 6 1644
139.010000 7 1634
139.010000 8 1635
139.010000 9 1630
139.010000 10 1603
139.010000 11 1632
139.010000 12 1614
139.010000 13 1611
139.010000 14 1532
139.010000 15 1556
139.010000 16 1559
139.010000 17 1521
139.010000 18 1526
139.010000 19 1615
139.010000 20 1623
139.010000 21 1473
139.010000 22 1618
139.010000 23 1630
139.010000 24 1648
139.010000 25 1477
139.010000 26 1631
139.010000 27 1629
139.010000 28 1595
140.010000 0 1572
140.010000 1 1724
140.010000 2 1642
140.010000 3 1703
140.010000 4 1705
140.010000 5 1694
140.010000 6 1742
140.010000 7 1694
140.010000 8 1720
140.010000 9 1732
140.010000 10 1690
140.010000 11 1720
140.010000 12 1704
140.010000 13 1688
140.010000 14 1635
140.010000 15 1624
140.010000 16 1659
140.010000 17 1614
140.010000 18 1638
140.010000 19 1710
140.010000 20 1711
140.010000 21 1619
140.010000 22 1700
140.010000 23 1704
140.010000 24 1691
140.010000 25 1593
140.010000 26 1722
140.010000 27 1712
140.010000 28 1696
141.010000 0 1373
141.010000 1 1515
141.010000 2 1449
141.010000 3 1517
141.010000 4 1479
141.010000 5 1512
141.010000 6 1535
141.010000 7 1497
141.010000 8 1519
141.010000 9 1534
141.010000 10 1529
141.010000 11 1517
141.010000 12 1510
141.010000 13 1525
141.010000 14 1402
141.010000 15 1490
141.010000 16 1439
141.010000 17 1377
141.010000 18 1400
141.010000 19 1509
141.010000 20 1509
141.010000 21 1360
141.010000 22 1517
141.010000 23 1492
141.010000 24 1502
141.010000 25 1329
141.010000 26 1505
141.010000 27 1533
141.010000 28 1524
142.010000 0 1790
142.010000 1 1908
142.010000 2 1808
142.010000 3 1900
142.010000 4 1901
142.010000 5 1894
142.010000 6 1934
142.010000 7 1887
142.010000 8 1924
142.010000 9 1898
142.010000 10 1897
142.010000 11 1935
142.010000 12 1888
142.010000 13 1902
142.010000 14 1872
142.010000 15 1787
142.010000 16 1899
142.010000 17 1832
142.010000 18 1863
142.010000 19 1897
142.010000 20 1921
142.010000 21 1796
142.010000 22 1884
142.010000 23 1906
142.010000 24 1900
142.010000 25 1820
142.010000 26 1940
142.010000 27 1918
142.010000 28 1874
143.010000 0 1386
143.010000 1 1547
143.010000 2 1452
143.010000 3 1526
143.010000 4 1514
143.010000 5 1521
143.010000 6 1535
143.010000 7 1530
143.010000 8 1544
143.010000 9 1536
143.010000 10 1505
143.010000 11 1530
143.010000 12 1512
143.010000 13 1521
143.010000 14 1431
143.010000 15 1465
143.010000 16 1475
143.010000 17 1426
143.010000 18 1451
143.010000 19 1505
143.010000 20 1539
143.010000 21 1407
143.010000 22 1542
143.010000 23 1545
143.010000 24 1513
143.010000 25 1370
143.010000 26 1504
143.010000 27 1535
143.010000 28 1531
144.010000 0 1493
144.010000 1 1679
144.010000 2 1548
144.010000 3 1646
144.010000 4 1641
144.010000 5 1635
144.010000 6 1664
144.010000 7 1636
144.010000 8 1662
144.010000 9 1679
144.010000 10 1631
144.010000 11 1659
144.010000 12 1626
144.010000 13 1652
144.010000 14 1565
144.010000 15 1606
144.010000 16 1576
144.010000 17 1537
144.010000 18 1551
144.010000 19 1645
144.010000 20 1651
144.010000 21 1490
144.010000 22 1638
144.010000 23 1643
144.010000 24 1679
144.010000 25 1502
144.010000 26 1674
144.010000 27 1683
144.010000 28 1658
145.010000 0 1538
145.010000 1 1692
145.010000 2 1607
145.010000 3 1691
145.010000 4 1683
145.010000 5 1682
145.010000 6 1693
145.010000 7 1658
145.010000 8 1691
145.010000 9 1667
145.010000 10 1659
145.010000 11 1686
145.010000 12 1658
145.010000 13 1678
145.010000 14 1588
145.010000 15 1613
145.010000 16 1634
145.010000 17 1593
145.010000 18 1613
145.010000 19 1668
145.010000 20 1686
145.010000 21 1552
145.010000 22 1686
145.010000 23 1701
145.010000 24 1668
145.010000 25 1549
145.010000 26 1683
145.010000 27 1686
145.010000 28 1686
146.010000 0 1483
146.010000 1 1680
146.010000 2 1589
146.010000 3 1635
146.010000 4 1643
146.010000 5 1646
146.010000 6 1652
146.010000 7 1628
146.010000 8 1656
146.010000 9 1646
146.010000 10 1621
146.010000 11 1656
146.010000 12 1660
146.010000 13 1638
146.010000 14 1555
146.010000 15 1621
146.010000 16 1589
146.010000 17 1534
146.010000 18 1555
146.010000 19 1659
146.010000 20 1641
146.010000 21 1509
146.010000 22 1636
146.010000 23 1623
146.010000 24 1634
146.010000 25 1503
146.010000 26 1676
146.010000 27 1654
146.010000 28 1643
147.010000 0 1630
147.010000 1 1790
147.010000 2 1652
147.010000 3 1780
147.010000 4 1761
147.010000 5 1749
147.010000 6 1778
147.010000 7 1756
147.010000 8 1777
147.010000 9 1788
147.010000 10 1742
147.010000 11 1779
147.010000 12 1723
147.010000 13 1751
147.010000 14 1699
147.010000 15 1677
147.010000 16 1721
147.010000 17 1690
147.010000 18 1693
147.010000 19 1734
147.010000 20 1767
147.010000 21 1663
147.010000 22 1755
147.010000 23 1756
147.010000 24 1743
147.010000 25 1655
147.010000 26 1771
147.010000 27 1789
147.010000 28 1779
148.010000 0 1428
148.010000 1 1637
148.010000 2 1541
148.010000 3 1600
148.010000 4 1607
148.010000 5 1593
148.010000 6 1622
148.010000 7 1622
148.010000 8 1639
148.010000 9 1610
148.010000 10 1590
148.010000 11 1617
148.010000 12 1602
148.010000 13 1599
148.010000 14 1517
148.010000 15 1529
148.010000 16 1557
148.010000 17 1487
148.010000 18 1503
148.010000 19 1615
148.010000 20 1615
148.010000 21 1496
148.010000 22 1600
148.010000 23 1598
148.010000 24 1615
148.010000 25 1476
148.010000 26 1613
148.010000 27 1613
148.010000 28 1586
149.010000 0 1489
149.010000 1 1650
149.010000 2 1547
149.010000 3 1632
149.010000 4 1629
149.010000 5 1616
149.010000 6 1655
149.010000 7 1617
149.010000 8 1652
149.010000 9 1660
149.010000 10 1644
149.010000 11 1640
149.010000 12 1614
149.010000 13 1649
149.010000 14 1553
149.010000 15 1558
149.010000 16 1561
149.010000 17 1538
149.010000 18 1551
149.010000 19 1615
149.010000 20 1636
149.010000 21 1479
149.010000 22 1615
149.010000 23 1620
149.010000 24 1623
149.010000 25 1479
149.010000 26 1639
149.010000 27 1643
149.010000 28 1632
