0.010000 0 0
0.010000 1 0
0.010000 2 0
0.010000 3 0
0.010000 4 0
0.010000 5 0
0.010000 6 0
0.010000 7 0
0.010000 8 0
0.010000 9 0
0.010000 10 0
0.010000 11 0
0.010000 12 0
0.010000 13 0
0.010000 14 0
0.010000 15 0
0.010000 16 0
1.010000 0 0
1.010000 1 0
1.010000 2 0
1.010000 3 0
1.010000 4 0
1.010000 5 0
1.010000 6 0
1.010000 7 0
1.010000 8 0
1.010000 9 0
1.010000 10 0
1.010000 11 0
1.010000 12 0
1.010000 13 0
1.010000 14 0
1.010000 15 0
1.010000 16 0
2.010000 0 0
2.010000 1 0
2.010000 2 0
2.010000 3 0
2.010000 4 0
2.010000 5 0
2.010000 6 0
2.010000 7 0
2.010000 8 0
2.010000 9 0
2.010000 10 0
2.010000 11 0
2.010000 12 0
2.010000 13 0
2.010000 14 0
2.010000 15 0
2.010000 16 0
3.010000 0 0
3.010000 1 0
3.010000 2 0
3.010000 3 0
3.010000 4 0
3.010000 5 0
3.010000 6 0
3.010000 7 0
3.010000 8 0
3.010000 9 0
3.010000 10 0
3.010000 11 0
3.010000 12 0
3.010000 13 0
3.010000 14 0
3.010000 15 0
3.010000 16 0
4.010000 0 0
4.010000 1 0
4.010000 2 0
4.010000 3 0
4.010000 4 0
4.010000 5 0
4.010000 6 0
4.010000 7 0
4.010000 8 0
4.010000 9 0
4.010000 10 0
4.010000 11 0
4.010000 12 0
4.010000 13 0
4.010000 14 0
4.010000 15 0
4.010000 16 0
5.010000 0 0
5.010000 1 0
5.010000 2 0
5.010000 3 0
5.010000 4 0
5.010000 5 0
5.010000 6 0
5.010000 7 0
5.010000 8 0
5.010000 9 0
5.010000 10 0
5.010000 11 0
5.010000 12 0
5.010000 13 0
5.010000 14 0
5.010000 15 0
5.010000 16 0
6.010000 0 0
6.010000 1 0
6.010000 2 0
6.010000 3 0
6.010000 4 0
6.010000 5 0
6.010000 6 0
6.010000 7 0
6.010000 8 0
6.010000 9 0
6.010000 10 0
6.010000 11 0
6.010000 12 0
6.010000 13 0
6.010000 14 0
6.010000 15 0
6.010000 16 0
7.010000 0 0
7.010000 1 0
7.010000 2 0
7.010000 3 0
7.010000 4 0
7.010000 5 0
7.010000 6 0
7.010000 7 0
7.010000 8 0
7.010000 9 0
7.010000 10 0
7.010000 11 0
7.010000 12 0
7.010000 13 0
7.010000 14 0
7.010000 15 0
7.010000 16 0
8.010000 0 0
8.010000 1 0
8.010000 2 0
8.010000 3 0
8.010000 4 0
8.010000 5 0
8.010000 6 0
8.010000 7 0
8.010000 8 0
8.010000 9 0
8.010000 10 0
8.010000 11 0
8.010000 12 0
8.010000 13 0
8.010000 14 0
8.010000 15 0
8.010000 16 0
9.010000 0 0
9.010000 1 0
9.010000 2 0
9.010000 3 0
9.010000 4 0
9.010000 5 0
9.010000 6 0
9.010000 7 0
9.010000 8 0
9.010000 9 0
9.010000 10 0
9.010000 11 0
9.010000 12 0
9.010000 13 0
9.010000 14 0
9.010000 15 0
9.010000 16 0
10.010000 0 0
10.010000 1 0
10.010000 2 0
10.010000 3 0
10.010000 4 0
10.010000 5 0
10.010000 6 0
10.010000 7 0
10.010000 8 0
10.010000 9 0
10.010000 10 0
10.010000 11 0
10.010000 12 0
10.010000 13 0
10.010000 14 0
10.010000 15 0
10.010000 16 0
11.010000 0 0
11.010000 1 0
11.010000 2 0
11.010000 3 0
11.010000 4 0
11.010000 5 0
11.010000 6 0
11.010000 7 0
11.010000 8 0
11.010000 9 0
11.010000 10 0
11.010000 11 0
11.010000 12 0
11.010000 13 0
11.010000 14 0
11.010000 15 0
11.010000 16 0
12.010000 0 0
12.010000 1 0
12.010000 2 0
12.010000 3 0
12.010000 4 0
12.010000 5 0
12.010000 6 0
12.010000 7 0
12.010000 8 0
12.010000 9 0
12.010000 10 0
12.010000 11 0
12.010000 12 0
12.010000 13 0
12.010000 14 0
12.010000 15 0
12.010000 16 0
13.010000 0 0
13.010000 1 0
13.010000 2 0
13.010000 3 0
13.010000 4 0
13.010000 5 0
13.010000 6 0
13.010000 7 0
13.010000 8 0
13.010000 9 0
13.010000 10 0
13.010000 11 0
13.010000 12 0
13.010000 13 0
13.010000 14 0
13.010000 15 0
13.010000 16 0
14.010000 0 0
14.010000 1 0
14.010000 2 0
14.010000 3 0
14.010000 4 0
14.010000 5 0
14.010000 6 0
14.010000 7 0
14.010000 8 0
14.010000 9 0
14.010000 10 0
14.010000 11 0
14.010000 12 0
14.010000 13 0
14.010000 14 0
14.010000 15 0
14.010000 16 0
15.010000 0 0
15.010000 1 1
15.010000 2 1
15.010000 3 1
15.010000 4 1
15.010000 5 1
15.010000 6 1
15.010000 7 1
15.010000 8 1
15.010000 9 1
15.010000 10 1
15.010000 11 1
15.010000 12 1
15.010000 13 1
15.010000 14 0
15.010000 15 1
15.010000 16 1
16.010000 0 283
16.010000 1 344
16.010000 2 337
16.010000 3 344
16.010000 4 327
16.010000 5 344
16.010000 6 254
16.010000 7 340
16.010000 8 336
16.010000 9 259
16.010000 10 340
16.010000 11 340
16.010000 12 336
16.010000 13 293
16.010000 14 283
16.010000 15 252
16.010000 16 344
17.010000 0 219
17.010000 1 261
17.010000 2 261
17.010000 3 261
17.010000 4 261
17.010000 5 261
17.010000 6 174
17.010000 7 261
17.010000 8 261
17.010000 9 173
17.010000 10 261
17.010000 11 261
17.010000 12 261
17.010000 13 217
17.010000 14 219
17.010000 15 173
17.010000 16 261
18.010000 0 210
18.010000 1 252
18.010000 2 252
18.010000 3 252
18.010000 4 252
18.010000 5 252
18.010000 6 168
18.010000 7 252
18.010000 8 252
18.010000 9 168
18.010000 10 252
18.010000 11 252
18.010000 12 252
18.010000 13 210
18.010000 14 210
18.010000 15 168
18.010000 16 252
19.010000 0 195
19.010000 1 235
19.010000 2 235
19.010000 3 235
19.010000 4 235
19.010000 5 235
19.010000 6 155
19.010000 7 235
19.010000 8 235
19.010000 9 158
19.010000 10 235
19.010000 11 235
19.010000 12 235
19.010000 13 197
19.010000 14 195
19.010000 15 158
19.010000 16 235
20.010000 0 205
20.010000 1 245
20.010000 2 245
20.010000 3 245
20.010000 4 245
20.010000 5 245
20.010000 6 165
20.010000 7 245
20.010000 8 245
20.010000 9 162
20.010000 10 245
20.010000 11 245
20.010000 12 245
20.010000 13 203
20.010000 14 205
20.010000 15 162
20.010000 16 245
21.010000 0 210
21.010000 1 252
21.010000 2 252
21.010000 3 252
21.010000 4 252
21.010000 5 252
21.010000 6 168
21.010000 7 252
21.010000 8 252
21.010000 9 168
21.010000 10 252
21.010000 11 252
21.010000 12 252
21.010000 13 210
21.010000 14 210
21.010000 15 168
21.010000 16 252
22.010000 0 191
22.010000 1 231
22.010000 2 231
22.010000 3 231
22.010000 4 231
22.010000 5 231
22.010000 6 154
22.010000 7 231
22.010000 8 231
22.010000 9 155
22.010000 10 231
22.010000 11 231
22.010000 12 231
22.010000 13 193
22.010000 14 191
22.010000 15 155
22.010000 16 231
23.010000 0 199
23.010000 1 237
23.010000 2 237
23.010000 3 237
23.010000 4 237
23.010000 5 237
23.010000 6 158
23.010000 7 237
23.010000 8 237
23.010000 9 157
23.010000 10 237
23.010000 11 237
23.010000 12 237
23.010000 13 197
23.010000 14 199
23.010000 15 157
23.010000 16 237
24.010000 0 180
24.010000 1 216
24.010000 2 216
24.010000 3 216
24.010000 4 216
24.010000 5 216
24.010000 6 144
24.010000 7 216
24.010000 8 216
24.010000 9 144
24.010000 10 216
24.010000 11 216
24.010000 12 216
24.010000 13 180
24.010000 14 180
24.010000 15 144
24.010000 16 216
25.010000 0 225
25.010000 1 271
25.010000 2 271
25.010000 3 271
25.010000 4 271
25.010000 5 271
25.010000 6 179
25.010000 7 271
25.010000 8 271
25.010000 9 182
25.010000 10 271
25.010000 11 271
25.010000 12 271
25.010000 13 227
25.010000 14 225
25.010000 15 182
25.010000 16 271
26.010000 0 190
26.010000 1 228
26.010000 2 228
26.010000 3 228
26.010000 4 228
26.010000 5 228
26.010000 6 152
26.010000 7 228
26.010000 8 228
26.010000 9 152
26.010000 10 228
26.010000 11 228
26.010000 12 228
26.010000 13 190
26.010000 14 190
26.010000 15 152
26.010000 16 228
27.010000 0 200
27.010000 1 240
27.010000 2 240
27.010000 3 240
27.010000 4 240
27.010000 5 240
27.010000 6 160
27.010000 7 240
27.010000 8 240
27.010000 9 160
27.010000 10 240
27.010000 11 240
27.010000 12 240
27.010000 13 200
27.010000 14 200
27.010000 15 160
27.010000 16 240
28.010000 0 205
28.010000 1 245
28.010000 2 245
28.010000 3 245
28.010000 4 245
28.010000 5 245
28.010000 6 165
28.010000 7 245
28.010000 8 245
28.010000 9 162
28.010000 10 245
28.010000 11 245
28.010000 12 245
28.010000 13 203
28.010000 14 205
28.010000 15 162
28.010000 16 245
29.010000 0 190
29.010000 1 228
29.010000 2 228
29.010000 3 228
29.010000 4 228
29.010000 5 228
29.010000 6 152
29.010000 7 228
29.010000 8 228
29.010000 9 152
29.010000 10 228
29.010000 11 228
29.010000 12 228
29.010000 13 190
29.010000 14 190
29.010000 15 152
29.010000 16 228
30.010000 0 201
30.010000 1 243
30.010000 2 243
30.010000 3 243
30.010000 4 243
30.010000 5 243
30.010000 6 162
30.010000 7 243
30.010000 8 243
30.010000 9 163
30.010000 10 243
30.010000 11 243
30.010000 12 243
30.010000 13 203
30.010000 14 201
30.010000 15 163
30.010000 16 243
31.010000 0 179
31.010000 1 213
31.010000 2 213
31.010000 3 213
31.010000 4 213
31.010000 5 213
31.010000 6 142
31.010000 7 213
31.010000 8 213
31.010000 9 141
31.010000 10 213
31.010000 11 213
31.010000 12 213
31.010000 13 177
31.010000 14 179
31.010000 15 141
31.010000 16 213
32.010000 0 191
32.010000 1 231
32.010000 2 231
32.010000 3 231
32.010000 4 231
32.010000 5 231
32.010000 6 154
32.010000 7 231
32.010000 8 231
32.010000 9 155
32.010000 10 231
32.010000 11 231
32.010000 12 231
32.010000 13 193
32.010000 14 191
32.010000 15 155
32.010000 16 231
33.010000 0 209
33.010000 1 249
33.010000 2 249
33.010000 3 249
33.010000 4 249
33.010000 5 249
33.010000 6 166
33.010000 7 249
33.010000 8 249
33.010000 9 165
33.010000 10 249
33.010000 11 249
33.010000 12 249
33.010000 13 207
33.010000 14 209
33.010000 15 165
33.010000 16 249
34.010000 0 190
34.010000 1 228
34.010000 2 228
34.010000 3 228
34.010000 4 228
34.010000 5 228
34.010000 6 152
34.010000 7 228
34.010000 8 228
34.010000 9 152
34.010000 10 228
34.010000 11 228
34.010000 12 228
34.010000 13 190
34.010000 14 190
34.010000 15 152
34.010000 16 228
35.010000 0 205
35.010000 1 247
35.010000 2 247
35.010000 3 247
35.010000 4 247
35.010000 5 247
35.010000 6 163
35.010000 7 247
35.010000 8 247
35.010000 9 166
35.010000 10 247
35.010000 11 247
35.010000 12 247
35.010000 13 207
35.010000 14 205
35.010000 15 166
35.010000 16 247
36.010000 0 214
36.010000 1 256
36.010000 2 256
36.010000 3 256
36.010000 4 256
36.010000 5 256
36.010000 6 172
36.010000 7 256
36.010000 8 256
36.010000 9 169
36.010000 10 256
36.010000 11 256
36.010000 12 256
36.010000 13 213
36.010000 14 214
36.010000 15 169
36.010000 16 256
37.010000 0 196
37.010000 1 236
37.010000 2 236
37.010000 3 236
37.010000 4 236
37.010000 5 236
37.010000 6 156
37.010000 7 236
37.010000 8 236
37.010000 9 159
37.010000 10 236
37.010000 11 236
37.010000 12 236
37.010000 13 197
37.010000 14 196
37.010000 15 159
37.010000 16 236
38.010000 0 185
38.010000 1 221
38.010000 2 221
38.010000 3 221
38.010000 4 221
38.010000 5 221
38.010000 6 149
38.010000 7 221
38.010000 8 221
38.010000 9 146
38.010000 10 221
38.010000 11 221
38.010000 12 221
38.010000 13 183
38.010000 14 185
38.010000 15 146
38.010000 16 221
39.010000 0 190
39.010000 1 228
39.010000 2 228
39.010000 3 228
39.010000 4 228
39.010000 5 228
39.010000 6 152
39.010000 7 228
39.010000 8 228
39.010000 9 152
39.010000 10 228
39.010000 11 228
39.010000 12 228
39.010000 13 190
39.010000 14 190
39.010000 15 152
39.010000 16 228
40.010000 0 200
40.010000 1 240
40.010000 2 240
40.010000 3 240
40.010000 4 240
40.010000 5 240
40.010000 6 160
40.010000 7 240
40.010000 8 240
40.010000 9 160
40.010000 10 240
40.010000 11 240
40.010000 12 240
40.010000 13 200
40.010000 14 200
40.010000 15 160
40.010000 16 240
41.010000 0 190
41.010000 1 228
41.010000 2 228
41.010000 3 228
41.010000 4 228
41.010000 5 228
41.010000 6 152
41.010000 7 228
41.010000 8 228
41.010000 9 152
41.010000 10 228
41.010000 11 228
41.010000 12 228
41.010000 13 190
41.010000 14 190
41.010000 15 152
41.010000 16 228
42.010000 0 220
42.010000 1 264
42.010000 2 264
42.010000 3 264
42.010000 4 264
42.010000 5 264
42.010000 6 176
42.010000 7 264
42.010000 8 264
42.010000 9 176
42.010000 10 264
42.010000 11 264
42.010000 12 264
42.010000 13 220
42.010000 14 220
42.010000 15 176
42.010000 16 264
43.010000 0 190
43.010000 1 228
43.010000 2 228
43.010000 3 228
43.010000 4 228
43.010000 5 228
43.010000 6 152
43.010000 7 228
43.010000 8 228
43.010000 9 152
43.010000 10 228
43.010000 11 228
43.010000 12 228
43.010000 13 190
43.010000 14 190
43.010000 15 152
43.010000 16 228
44.010000 0 224
44.010000 1 270
44.010000 2 270
44.010000 3 270
44.010000 4 270
44.010000 5 270
44.010000 6 179
44.010000 7 270
44.010000 8 270
44.010000 9 181
44.010000 10 270
44.010000 11 270
44.010000 12 270
44.010000 13 226
44.010000 14 224
44.010000 15 181
44.010000 16 270
45.010000 0 186
45.010000 1 222
45.010000 2 222
45.010000 3 222
45.010000 4 222
45.010000 5 222
45.010000 6 149
45.010000 7 222
45.010000 8 222
45.010000 9 147
45.010000 10 222
45.010000 11 222
45.010000 12 222
45.010000 13 184
45.010000 14 186
45.010000 15 147
45.010000 16 222
46.010000 0 201
46.010000 1 243
46.010000 2 243
46.010000 3 243
46.010000 4 243
46.010000 5 243
46.010000 6 162
46.010000 7 243
46.010000 8 243
46.010000 9 163
46.010000 10 243
46.010000 11 243
46.010000 12 243
46.010000 13 203
46.010000 14 201
46.010000 15 163
46.010000 16 243
47.010000 0 190
47.010000 1 228
47.010000 2 228
47.010000 3 228
47.010000 4 228
47.010000 5 228
47.010000 6 152
47.010000 7 228
47.010000 8 228
47.010000 9 152
47.010000 10 228
47.010000 11 228
47.010000 12 228
47.010000 13 190
47.010000 14 190
47.010000 15 152
47.010000 16 228
48.010000 0 190
48.010000 1 228
48.010000 2 228
48.010000 3 228
48.010000 4 228
48.010000 5 228
48.010000 6 152
48.010000 7 228
48.010000 8 228
48.010000 9 152
48.010000 10 228
48.010000 11 228
48.010000 12 228
48.010000 13 190
48.010000 14 190
48.010000 15 152
48.010000 16 228
49.010000 0 190
49.010000 1 228
49.010000 2 228
49.010000 3 228
49.010000 4 228
49.010000 5 228
49.010000 6 152
49.010000 7 228
49.010000 8 228
49.010000 9 152
49.010000 10 228
49.010000 11 228
49.010000 12 228
49.010000 13 190
49.010000 14 190
49.010000 15 152
49.010000 16 228
50.010000 0 209
50.010000 1 249
50.010000 2 249
50.010000 3 249
50.010000 4 249
50.010000 5 249
50.010000 6 166
50.010000 7 249
50.010000 8 249
50.010000 9 165
50.010000 10 249
50.010000 11 249
50.010000 12 249
50.010000 13 207
50.010000 14 209
50.010000 15 165
50.010000 16 249
51.010000 0 190
51.010000 1 228
51.010000 2 228
51.010000 3 228
51.010000 4 228
51.010000 5 228
51.010000 6 152
51.010000 7 228
51.010000 8 228
51.010000 9 152
51.010000 10 228
51.010000 11 228
51.010000 12 228
51.010000 13 190
51.010000 14 190
51.010000 15 152
51.010000 16 228
52.010000 0 200
52.010000 1 240
52.010000 2 240
52.010000 3 240
52.010000 4 240
52.010000 5 240
52.010000 6 160
52.010000 7 240
52.010000 8 240
52.010000 9 160
52.010000 10 240
52.010000 11 240
52.010000 12 240
52.010000 13 200
52.010000 14 200
52.010000 15 160
52.010000 16 240
53.010000 0 220
53.010000 1 264
53.010000 2 264
53.010000 3 264
53.010000 4 264
53.010000 5 264
53.010000 6 176
53.010000 7 264
53.010000 8 264
53.010000 9 176
53.010000 10 264
53.010000 11 264
53.010000 12 264
53.010000 13 220
53.010000 14 220
53.010000 15 176
53.010000 16 264
54.010000 0 190
54.010000 1 229
54.010000 2 229
54.010000 3 229
54.010000 4 229
54.010000 5 229
54.010000 6 153
54.010000 7 229
54.010000 8 229
54.010000 9 153
54.010000 10 229
54.010000 11 229
54.010000 12 229
54.010000 13 191
54.010000 14 190
54.010000 15 153
54.010000 16 229
55.010000 0 197
55.010000 1 236
55.010000 2 236
55.010000 3 236
55.010000 4 236
55.010000 5 236
55.010000 6 156
55.010000 7 236
55.010000 8 236
55.010000 9 157
55.010000 10 236
55.010000 11 236
55.010000 12 236
55.010000 13 198
55.010000 14 197
55.010000 15 157
55.010000 16 236
56.010000 0 193
56.010000 1 231
56.010000 2 231
56.010000 3 231
56.010000 4 231
56.010000 5 231
56.010000 6 155
56.010000 7 231
56.010000 8 231
56.010000 9 154
56.010000 10 231
56.010000 11 231
56.010000 12 231
56.010000 13 191
56.010000 14 193
56.010000 15 154
56.010000 16 231
57.010000 0 200
57.010000 1 240
57.010000 2 240
57.010000 3 240
57.010000 4 240
57.010000 5 240
57.010000 6 160
57.010000 7 240
57.010000 8 240
57.010000 9 160
57.010000 10 240
57.010000 11 240
57.010000 12 240
57.010000 13 200
57.010000 14 200
57.010000 15 160
57.010000 16 240
58.010000 0 219
58.010000 1 263
58.010000 2 263
58.010000 3 263
58.010000 4 263
58.010000 5 263
58.010000 6 175
58.010000 7 263
58.010000 8 263
58.010000 9 175
58.010000 10 263
58.010000 11 263
58.010000 12 263
58.010000 13 220
58.010000 14 219
58.010000 15 175
58.010000 16 263
59.010000 0 202
59.010000 1 244
59.010000 2 244
59.010000 3 244
59.010000 4 244
59.010000 5 244
59.010000 6 163
59.010000 7 244
59.010000 8 244
59.010000 9 164
59.010000 10 244
59.010000 11 244
59.010000 12 244
59.010000 13 203
59.010000 14 202
59.010000 15 164
59.010000 16 244
60.010000 0 199
60.010000 1 237
60.010000 2 237
60.010000 3 237
60.010000 4 237
60.010000 5 237
60.010000 6 158
60.010000 7 237
60.010000 8 237
60.010000 9 157
60.010000 10 237
60.010000 11 237
60.010000 12 237
60.010000 13 197
60.010000 14 199
60.010000 15 157
60.010000 16 237
61.010000 0 220
61.010000 1 264
61.010000 2 264
61.010000 3 264
61.010000 4 264
61.010000 5 264
61.010000 6 176
61.010000 7 264
61.010000 8 264
61.010000 9 176
61.010000 10 264
61.010000 11 264
61.010000 12 264
61.010000 13 220
61.010000 14 220
61.010000 15 176
61.010000 16 264
62.010000 0 199
62.010000 1 239
62.010000 2 239
62.010000 3 239
62.010000 4 239
62.010000 5 239
62.010000 6 159
62.010000 7 239
62.010000 8 239
62.010000 9 159
62.010000 10 239
62.010000 11 239
62.010000 12 239
62.010000 13 200
62.010000 14 199
62.010000 15 159
62.010000 16 239
63.010000 0 218
63.010000 1 262
63.010000 2 262
63.010000 3 262
63.010000 4 262
63.010000 5 262
63.010000 6 174
63.010000 7 262
63.010000 8 262
63.010000 9 175
63.010000 10 262
63.010000 11 262
63.010000 12 262
63.010000 13 219
63.010000 14 218
63.010000 15 175
63.010000 16 262
64.010000 0 222
64.010000 1 266
64.010000 2 266
64.010000 3 266
64.010000 4 266
64.010000 5 266
64.010000 6 178
64.010000 7 266
64.010000 8 266
64.010000 9 177
64.010000 10 266
64.010000 11 266
64.010000 12 266
64.010000 13 221
64.010000 14 222
64.010000 15 177
64.010000 16 266
65.010000 0 191
65.010000 1 229
65.010000 2 229
65.010000 3 229
65.010000 4 229
65.010000 5 229
65.010000 6 153
65.010000 7 229
65.010000 8 229
65.010000 9 153
65.010000 10 229
65.010000 11 229
65.010000 12 229
65.010000 13 190
65.010000 14 191
65.010000 15 153
65.010000 16 229
66.010000 0 210
66.010000 1 252
66.010000 2 252
66.010000 3 252
66.010000 4 252
66.010000 5 252
66.010000 6 168
66.010000 7 252
66.010000 8 252
66.010000 9 168
66.010000 10 252
66.010000 11 252
66.010000 12 252
66.010000 13 210
66.010000 14 210
66.010000 15 168
66.010000 16 252
67.010000 0 200
67.010000 1 240
67.010000 2 240
67.010000 3 240
67.010000 4 240
67.010000 5 240
67.010000 6 160
67.010000 7 240
67.010000 8 240
67.010000 9 160
67.010000 10 240
67.010000 11 240
67.010000 12 240
67.010000 13 200
67.010000 14 200
67.010000 15 160
67.010000 16 240
68.010000 0 195
68.010000 1 235
68.010000 2 235
68.010000 3 235
68.010000 4 235
68.010000 5 235
68.010000 6 155
68.010000 7 235
68.010000 8 235
68.010000 9 158
68.010000 10 235
68.010000 11 235
68.010000 12 235
68.010000 13 197
68.010000 14 195
68.010000 15 158
68.010000 16 235
69.010000 0 205
69.010000 1 245
69.010000 2 245
69.010000 3 245
69.010000 4 245
69.010000 5 245
69.010000 6 165
69.010000 7 245
69.010000 8 245
69.010000 9 162
69.010000 10 245
69.010000 11 245
69.010000 12 245
69.010000 13 203
69.010000 14 205
69.010000 15 162
69.010000 16 245
70.010000 0 213
70.010000 1 257
70.010000 2 257
70.010000 3 257
70.010000 4 257
70.010000 5 257
70.010000 6 170
70.010000 7 257
70.010000 8 257
70.010000 9 173
70.010000 10 257
70.010000 11 257
70.010000 12 257
70.010000 13 215
70.010000 14 213
70.010000 15 173
70.010000 16 257
71.010000 0 177
71.010000 1 211
71.010000 2 211
71.010000 3 211
71.010000 4 211
71.010000 5 211
71.010000 6 142
71.010000 7 211
71.010000 8 211
71.010000 9 139
71.010000 10 211
71.010000 11 211
71.010000 12 211
71.010000 13 175
71.010000 14 177
71.010000 15 139
71.010000 16 211
72.010000 0 220
72.010000 1 264
72.010000 2 264
72.010000 3 264
72.010000 4 264
72.010000 5 264
72.010000 6 176
72.010000 7 264
72.010000 8 264
72.010000 9 176
72.010000 10 264
72.010000 11 264
72.010000 12 264
72.010000 13 220
72.010000 14 220
72.010000 15 176
72.010000 16 264
73.010000 0 210
73.010000 1 252
73.010000 2 252
73.010000 3 252
73.010000 4 252
73.010000 5 252
73.010000 6 168
73.010000 7 252
73.010000 8 252
73.010000 9 168
73.010000 10 252
73.010000 11 252
73.010000 12 252
73.010000 13 210
73.010000 14 210
73.010000 15 168
73.010000 16 252
74.010000 0 190
74.010000 1 228
74.010000 2 228
74.010000 3 228
74.010000 4 228
74.010000 5 228
74.010000 6 152
74.010000 7 228
74.010000 8 228
74.010000 9 152
74.010000 10 228
74.010000 11 228
74.010000 12 228
74.010000 13 190
74.010000 14 190
74.010000 15 152
74.010000 16 228
75.010000 0 210
75.010000 1 252
75.010000 2 252
75.010000 3 252
75.010000 4 252
75.010000 5 252
75.010000 6 168
75.010000 7 252
75.010000 8 252
75.010000 9 168
75.010000 10 252
75.010000 11 252
75.010000 12 252
75.010000 13 210
75.010000 14 210
75.010000 15 168
75.010000 16 252
76.010000 0 195
76.010000 1 235
76.010000 2 235
76.010000 3 235
76.010000 4 235
76.010000 5 235
76.010000 6 155
76.010000 7 235
76.010000 8 235
76.010000 9 158
76.010000 10 235
76.010000 11 235
76.010000 12 235
76.010000 13 197
76.010000 14 195
76.010000 15 158
76.010000 16 235
77.010000 0 185
77.010000 1 221
77.010000 2 221
77.010000 3 221
77.010000 4 221
77.010000 5 221
77.010000 6 149
77.010000 7 221
77.010000 8 221
77.010000 9 146
77.010000 10 221
77.010000 11 221
77.010000 12 221
77.010000 13 183
77.010000 14 185
77.010000 15 146
77.010000 16 221
78.010000 0 190
78.010000 1 228
78.010000 2 228
78.010000 3 228
78.010000 4 228
78.010000 5 228
78.010000 6 152
78.010000 7 228
78.010000 8 228
78.010000 9 152
78.010000 10 228
78.010000 11 228
78.010000 12 228
78.010000 13 190
78.010000 14 190
78.010000 15 152
78.010000 16 228
79.010000 0 192
79.010000 1 232
79.010000 2 232
79.010000 3 232
79.010000 4 232
79.010000 5 232
79.010000 6 154
79.010000 7 232
79.010000 8 232
79.010000 9 156
79.010000 10 232
79.010000 11 232
79.010000 12 232
79.010000 13 194
79.010000 14 192
79.010000 15 156
79.010000 16 232
80.010000 0 208
80.010000 1 248
80.010000 2 248
80.010000 3 248
80.010000 4 248
80.010000 5 248
80.010000 6 166
80.010000 7 248
80.010000 8 248
80.010000 9 164
80.010000 10 248
80.010000 11 248
80.010000 12 248
80.010000 13 206
80.010000 14 208
80.010000 15 164
80.010000 16 248
81.010000 0 199
81.010000 1 239
81.010000 2 239
81.010000 3 239
81.010000 4 239
81.010000 5 239
81.010000 6 159
81.010000 7 239
81.010000 8 239
81.010000 9 159
81.010000 10 239
81.010000 11 239
81.010000 12 239
81.010000 13 200
81.010000 14 199
81.010000 15 159
81.010000 16 239
82.010000 0 211
82.010000 1 253
82.010000 2 253
82.010000 3 253
82.010000 4 253
82.010000 5 253
82.010000 6 169
82.010000 7 253
82.010000 8 253
82.010000 9 169
82.010000 10 253
82.010000 11 253
82.010000 12 253
82.010000 13 210
82.010000 14 211
82.010000 15 169
82.010000 16 253
83.010000 0 205
83.010000 1 247
83.010000 2 247
83.010000 3 247
83.010000 4 247
83.010000 5 247
83.010000 6 163
83.010000 7 247
83.010000 8 247
83.010000 9 166
83.010000 10 247
83.010000 11 247
83.010000 12 247
83.010000 13 207
83.010000 14 205
83.010000 15 166
83.010000 16 247
84.010000 0 184
84.010000 1 220
84.010000 2 220
84.010000 3 220
84.010000 4 220
84.010000 5 220
84.010000 6 148
84.010000 7 220
84.010000 8 220
84.010000 9 145
84.010000 10 220
84.010000 11 220
84.010000 12 220
84.010000 13 183
84.010000 14 184
84.010000 15 145
84.010000 16 220
85.010000 0 191
85.010000 1 229
85.010000 2 229
85.010000 3 229
85.010000 4 229
85.010000 5 229
85.010000 6 153
85.010000 7 229
85.010000 8 229
85.010000 9 153
85.010000 10 229
85.010000 11 229
85.010000 12 229
85.010000 13 190
85.010000 14 191
85.010000 15 153
85.010000 16 229
86.010000 0 210
86.010000 1 252
86.010000 2 252
86.010000 3 252
86.010000 4 252
86.010000 5 252
86.010000 6 168
86.010000 7 252
86.010000 8 252
86.010000 9 168
86.010000 10 252
86.010000 11 252
86.010000 12 252
86.010000 13 210
86.010000 14 210
86.010000 15 168
86.010000 16 252
87.010000 0 200
87.010000 1 240
87.010000 2 240
87.010000 3 240
87.010000 4 240
87.010000 5 240
87.010000 6 160
87.010000 7 240
87.010000 8 240
87.010000 9 160
87.010000 10 240
87.010000 11 240
87.010000 12 240
87.010000 13 200
87.010000 14 200
87.010000 15 160
87.010000 16 240
88.010000 0 190
88.010000 1 228
88.010000 2 228
88.010000 3 228
88.010000 4 228
88.010000 5 228
88.010000 6 152
88.010000 7 228
88.010000 8 228
88.010000 9 152
88.010000 10 228
88.010000 11 228
88.010000 12 228
88.010000 13 190
88.010000 14 190
88.010000 15 152
88.010000 16 228
89.010000 0 199
89.010000 1 239
89.010000 2 239
89.010000 3 239
89.010000 4 239
89.010000 5 239
89.010000 6 159
89.010000 7 239
89.010000 8 239
89.010000 9 159
89.010000 10 239
89.010000 11 239
89.010000 12 239
89.010000 13 200
89.010000 14 199
89.010000 15 159
89.010000 16 239
90.010000 0 181
90.010000 1 217
90.010000 2 217
90.010000 3 217
90.010000 4 217
90.010000 5 217
90.010000 6 145
90.010000 7 217
90.010000 8 217
90.010000 9 145
90.010000 10 217
90.010000 11 217
90.010000 12 217
90.010000 13 180
90.010000 14 181
90.010000 15 145
90.010000 16 217
91.010000 0 240
91.010000 1 288
91.010000 2 288
91.010000 3 288
91.010000 4 288
91.010000 5 288
91.010000 6 192
91.010000 7 288
91.010000 8 288
91.010000 9 192
91.010000 10 288
91.010000 11 288
91.010000 12 288
91.010000 13 240
91.010000 14 240
91.010000 15 192
91.010000 16 288
92.010000 0 190
92.010000 1 228
92.010000 2 228
92.010000 3 228
92.010000 4 228
92.010000 5 228
92.010000 6 152
92.010000 7 228
92.010000 8 228
92.010000 9 152
92.010000 10 228
92.010000 11 228
92.010000 12 228
92.010000 13 190
92.010000 14 190
92.010000 15 152
92.010000 16 228
93.010000 0 181
93.010000 1 219
93.010000 2 219
93.010000 3 219
93.010000 4 219
93.010000 5 219
93.010000 6 146
93.010000 7 219
93.010000 8 219
93.010000 9 147
93.010000 10 219
93.010000 11 219
93.010000 12 219
93.010000 13 183
93.010000 14 181
93.010000 15 147
93.010000 16 219
94.010000 0 199
94.010000 1 237
94.010000 2 237
94.010000 3 237
94.010000 4 237
94.010000 5 237
94.010000 6 158
94.010000 7 237
94.010000 8 237
94.010000 9 157
94.010000 10 237
94.010000 11 237
94.010000 12 237
94.010000 13 197
94.010000 14 199
94.010000 15 157
94.010000 16 237
95.010000 0 189
95.010000 1 227
95.010000 2 227
95.010000 3 227
95.010000 4 227
95.010000 5 227
95.010000 6 151
95.010000 7 227
95.010000 8 227
95.010000 9 151
95.010000 10 227
95.010000 11 227
95.010000 12 227
95.010000 13 190
95.010000 14 189
95.010000 15 151
95.010000 16 227
96.010000 0 191
96.010000 1 229
96.010000 2 229
96.010000 3 229
96.010000 4 229
96.010000 5 229
96.010000 6 153
96.010000 7 229
96.010000 8 229
96.010000 9 153
96.010000 10 229
96.010000 11 229
96.010000 12 229
96.010000 13 190
96.010000 14 191
96.010000 15 153
96.010000 16 229
97.010000 0 230
97.010000 1 276
97.010000 2 276
97.010000 3 276
97.010000 4 276
97.010000 5 276
97.010000 6 184
97.010000 7 276
97.010000 8 276
97.010000 9 184
97.010000 10 276
97.010000 11 276
97.010000 12 276
97.010000 13 230
97.010000 14 230
97.010000 15 184
97.010000 16 276
98.010000 0 190
98.010000 1 228
98.010000 2 228
98.010000 3 228
98.010000 4 228
98.010000 5 228
98.010000 6 152
98.010000 7 228
98.010000 8 228
98.010000 9 152
98.010000 10 228
98.010000 11 228
98.010000 12 228
98.010000 13 190
98.010000 14 190
98.010000 15 152
98.010000 16 228
99.010000 0 203
99.010000 1 245
99.010000 2 245
99.010000 3 245
99.010000 4 245
99.010000 5 245
99.010000 6 162
99.010000 7 245
99.010000 8 245
99.010000 9 165
99.010000 10 245
99.010000 11 245
99.010000 12 245
99.010000 13 205
99.010000 14 203
99.010000 15 165
99.010000 16 245
100.010000 0 207
100.010000 1 247
100.010000 2 247
100.010000 3 247
100.010000 4 247
100.010000 5 247
100.010000 6 166
100.010000 7 247
100.010000 8 247
100.010000 9 163
100.010000 10 247
100.010000 11 247
100.010000 12 247
100.010000 13 205
100.010000 14 207
100.010000 15 163
100.010000 16 247
101.010000 0 201
101.010000 1 243
101.010000 2 243
101.010000 3 243
101.010000 4 243
101.010000 5 243
101.010000 6 162
101.010000 7 243
101.010000 8 243
101.010000 9 163
101.010000 10 243
101.010000 11 243
101.010000 12 243
101.010000 13 203
101.010000 14 201
101.010000 15 163
101.010000 16 243
102.010000 0 219
102.010000 1 261
102.010000 2 261
102.010000 3 261
102.010000 4 261
102.010000 5 261
102.010000 6 174
102.010000 7 261
102.010000 8 261
102.010000 9 173
102.010000 10 261
102.010000 11 261
102.010000 12 261
102.010000 13 217
102.010000 14 219
102.010000 15 173
102.010000 16 261
103.010000 0 190
103.010000 1 228
103.010000 2 228
103.010000 3 228
103.010000 4 228
103.010000 5 228
103.010000 6 152
103.010000 7 228
103.010000 8 228
103.010000 9 152
103.010000 10 228
103.010000 11 228
103.010000 12 228
103.010000 13 190
103.010000 14 190
103.010000 15 152
103.010000 16 228
104.010000 0 201
104.010000 1 243
104.010000 2 243
104.010000 3 243
104.010000 4 243
104.010000 5 243
104.010000 6 162
104.010000 7 243
104.010000 8 243
104.010000 9 163
104.010000 10 243
104.010000 11 243
104.010000 12 243
104.010000 13 203
104.010000 14 201
104.010000 15 163
104.010000 16 243
105.010000 0 199
105.010000 1 237
105.010000 2 237
105.010000 3 237
105.010000 4 237
105.010000 5 237
105.010000 6 158
105.010000 7 237
105.010000 8 237
105.010000 9 157
105.010000 10 237
105.010000 11 237
105.010000 12 237
105.010000 13 197
105.010000 14 199
105.010000 15 157
105.010000 16 237
106.010000 0 180
106.010000 1 216
106.010000 2 216
106.010000 3 216
106.010000 4 216
106.010000 5 216
106.010000 6 144
106.010000 7 216
106.010000 8 216
106.010000 9 144
106.010000 10 216
106.010000 11 216
106.010000 12 216
106.010000 13 180
106.010000 14 180
106.010000 15 144
106.010000 16 216
107.010000 0 190
107.010000 1 228
107.010000 2 228
107.010000 3 228
107.010000 4 228
107.010000 5 228
107.010000 6 152
107.010000 7 228
107.010000 8 228
107.010000 9 152
107.010000 10 228
107.010000 11 228
107.010000 12 228
107.010000 13 190
107.010000 14 190
107.010000 15 152
107.010000 16 228
108.010000 0 219
108.010000 1 263
108.010000 2 263
108.010000 3 263
108.010000 4 263
108.010000 5 263
108.010000 6 175
108.010000 7 263
108.010000 8 263
108.010000 9 175
108.010000 10 263
108.010000 11 263
108.010000 12 263
108.010000 13 220
108.010000 14 219
108.010000 15 175
108.010000 16 263
109.010000 0 191
109.010000 1 229
109.010000 2 229
109.010000 3 229
109.010000 4 229
109.010000 5 229
109.010000 6 153
109.010000 7 229
109.010000 8 229
109.010000 9 153
109.010000 10 229
109.010000 11 229
109.010000 12 229
109.010000 13 190
109.010000 14 191
109.010000 15 153
109.010000 16 229
110.010000 0 200
110.010000 1 240
110.010000 2 240
110.010000 3 240
110.010000 4 240
110.010000 5 240
110.010000 6 160
110.010000 7 240
110.010000 8 240
110.010000 9 160
110.010000 10 240
110.010000 11 240
110.010000 12 240
110.010000 13 200
110.010000 14 200
110.010000 15 160
110.010000 16 240
111.010000 0 218
111.010000 1 262
111.010000 2 262
111.010000 3 262
111.010000 4 262
111.010000 5 262
111.010000 6 174
111.010000 7 262
111.010000 8 262
111.010000 9 175
111.010000 10 262
111.010000 11 262
111.010000 12 262
111.010000 13 219
111.010000 14 218
111.010000 15 175
111.010000 16 262
112.010000 0 183
112.010000 1 221
112.010000 2 221
112.010000 3 221
112.010000 4 221
112.010000 5 221
112.010000 6 148
112.010000 7 221
112.010000 8 221
112.010000 9 148
112.010000 10 221
112.010000 11 221
112.010000 12 221
112.010000 13 184
112.010000 14 183
112.010000 15 148
112.010000 16 221
113.010000 0 209
113.010000 1 249
113.010000 2 249
113.010000 3 249
113.010000 4 249
113.010000 5 249
113.010000 6 166
113.010000 7 249
113.010000 8 249
113.010000 9 165
113.010000 10 249
113.010000 11 249
113.010000 12 249
113.010000 13 207
113.010000 14 209
113.010000 15 165
113.010000 16 249
114.010000 0 195
114.010000 1 235
114.010000 2 235
114.010000 3 235
114.010000 4 235
114.010000 5 235
114.010000 6 155
114.010000 7 235
114.010000 8 235
114.010000 9 158
114.010000 10 235
114.010000 11 235
114.010000 12 235
114.010000 13 197
114.010000 14 195
114.010000 15 158
114.010000 16 235
115.010000 0 185
115.010000 1 221
115.010000 2 221
115.010000 3 221
115.010000 4 221
115.010000 5 221
115.010000 6 149
115.010000 7 221
115.010000 8 221
115.010000 9 146
115.010000 10 221
115.010000 11 221
115.010000 12 221
115.010000 13 183
115.010000 14 185
115.010000 15 146
115.010000 16 221
116.010000 0 190
116.010000 1 228
116.010000 2 228
116.010000 3 228
116.010000 4 228
116.010000 5 228
116.010000 6 152
116.010000 7 228
116.010000 8 228
116.010000 9 152
116.010000 10 228
116.010000 11 228
116.010000 12 228
116.010000 13 190
116.010000 14 190
116.010000 15 152
116.010000 16 228
117.010000 0 215
117.010000 1 259
117.010000 2 259
117.010000 3 259
117.010000 4 259
117.010000 5 259
117.010000 6 171
117.010000 7 259
117.010000 8 259
117.010000 9 174
117.010000 10 259
117.010000 11 259
117.010000 12 259
117.010000 13 217
117.010000 14 215
117.010000 15 174
117.010000 16 259
118.010000 0 214
118.010000 1 256
118.010000 2 256
118.010000 3 256
118.010000 4 256
118.010000 5 256
118.010000 6 172
118.010000 7 256
118.010000 8 256
118.010000 9 169
118.010000 10 256
118.010000 11 256
118.010000 12 256
118.010000 13 213
118.010000 14 214
118.010000 15 169
118.010000 16 256
119.010000 0 176
119.010000 1 212
119.010000 2 212
119.010000 3 212
119.010000 4 212
119.010000 5 212
119.010000 6 140
119.010000 7 212
119.010000 8 212
119.010000 9 143
119.010000 10 212
119.010000 11 212
119.010000 12 212
119.010000 13 177
119.010000 14 176
119.010000 15 143
119.010000 16 212
120.010000 0 205
120.010000 1 245
120.010000 2 245
120.010000 3 245
120.010000 4 245
120.010000 5 245
120.010000 6 165
120.010000 7 245
120.010000 8 245
120.010000 9 162
120.010000 10 245
120.010000 11 245
120.010000 12 245
120.010000 13 203
120.010000 14 205
120.010000 15 162
120.010000 16 245
121.010000 0 200
121.010000 1 240
121.010000 2 240
121.010000 3 240
121.010000 4 240
121.010000 5 240
121.010000 6 160
121.010000 7 240
121.010000 8 240
121.010000 9 160
121.010000 10 240
121.010000 11 240
121.010000 12 240
121.010000 13 200
121.010000 14 200
121.010000 15 160
121.010000 16 240
122.010000 0 210
122.010000 1 252
122.010000 2 252
122.010000 3 252
122.010000 4 252
122.010000 5 252
122.010000 6 168
122.010000 7 252
122.010000 8 252
122.010000 9 168
122.010000 10 252
122.010000 11 252
122.010000 12 252
122.010000 13 210
122.010000 14 210
122.010000 15 168
122.010000 16 252
123.010000 0 210
123.010000 1 252
123.010000 2 252
123.010000 3 252
123.010000 4 252
123.010000 5 252
123.010000 6 168
123.010000 7 252
123.010000 8 252
123.010000 9 168
123.010000 10 252
123.010000 11 252
123.010000 12 252
123.010000 13 210
123.010000 14 210
123.010000 15 168
123.010000 16 252
124.010000 0 190
124.010000 1 228
124.010000 2 228
124.010000 3 228
124.010000 4 228
124.010000 5 228
124.010000 6 152
124.010000 7 228
124.010000 8 228
124.010000 9 152
124.010000 10 228
124.010000 11 228
124.010000 12 228
124.010000 13 190
124.010000 14 190
124.010000 15 152
124.010000 16 228
125.010000 0 230
125.010000 1 276
125.010000 2 276
125.010000 3 276
125.010000 4 276
125.010000 5 276
125.010000 6 184
125.010000 7 276
125.010000 8 276
125.010000 9 184
125.010000 10 276
125.010000 11 276
125.010000 12 276
125.010000 13 230
125.010000 14 230
125.010000 15 184
125.010000 16 276
126.010000 0 180
126.010000 1 216
126.010000 2 216
126.010000 3 216
126.010000 4 216
126.010000 5 216
126.010000 6 144
126.010000 7 216
126.010000 8 216
126.010000 9 144
126.010000 10 216
126.010000 11 216
126.010000 12 216
126.010000 13 180
126.010000 14 180
126.010000 15 144
126.010000 16 216
127.010000 0 210
127.010000 1 252
127.010000 2 252
127.010000 3 252
127.010000 4 252
127.010000 5 252
127.010000 6 168
127.010000 7 252
127.010000 8 252
127.010000 9 168
127.010000 10 252
127.010000 11 252
127.010000 12 252
127.010000 13 210
127.010000 14 210
127.010000 15 168
127.010000 16 252
128.010000 0 195
128.010000 1 235
128.010000 2 235
128.010000 3 235
128.010000 4 235
128.010000 5 235
128.010000 6 155
128.010000 7 235
128.010000 8 235
128.010000 9 158
128.010000 10 235
128.010000 11 235
128.010000 12 235
128.010000 13 197
128.010000 14 195
128.010000 15 158
128.010000 16 235
129.010000 0 205
129.010000 1 245
129.010000 2 245
129.010000 3 245
129.010000 4 245
129.010000 5 245
129.010000 6 165
129.010000 7 245
129.010000 8 245
129.010000 9 162
129.010000 10 245
129.010000 11 245
129.010000 12 245
129.010000 13 203
129.010000 14 205
129.010000 15 162
129.010000 16 245
130.010000 0 220
130.010000 1 264
130.010000 2 264
130.010000 3 264
130.010000 4 264
130.010000 5 264
130.010000 6 176
130.010000 7 264
130.010000 8 264
130.010000 9 176
130.010000 10 264
130.010000 11 264
130.010000 12 264
130.010000 13 220
130.010000 14 220
130.010000 15 176
130.010000 16 264
131.010000 0 200
131.010000 1 240
131.010000 2 240
131.010000 3 240
131.010000 4 240
131.010000 5 240
131.010000 6 160
131.010000 7 240
131.010000 8 240
131.010000 9 160
131.010000 10 240
131.010000 11 240
131.010000 12 240
131.010000 13 200
131.010000 14 200
131.010000 15 160
131.010000 16 240
132.010000 0 210
132.010000 1 252
132.010000 2 252
132.010000 3 252
132.010000 4 252
132.010000 5 252
132.010000 6 168
132.010000 7 252
132.010000 8 252
132.010000 9 168
132.010000 10 252
132.010000 11 252
132.010000 12 252
132.010000 13 210
132.010000 14 210
132.010000 15 168
132.010000 16 252
133.010000 0 191
133.010000 1 231
133.010000 2 231
133.010000 3 231
133.010000 4 231
133.010000 5 231
133.010000 6 154
133.010000 7 231
133.010000 8 231
133.010000 9 155
133.010000 10 231
133.010000 11 231
133.010000 12 231
133.010000 13 193
133.010000 14 191
133.010000 15 155
133.010000 16 231
134.010000 0 199
134.010000 1 237
134.010000 2 237
134.010000 3 237
134.010000 4 237
134.010000 5 237
134.010000 6 158
134.010000 7 237
134.010000 8 237
134.010000 9 157
134.010000 10 237
134.010000 11 237
134.010000 12 237
134.010000 13 197
134.010000 14 199
134.010000 15 157
134.010000 16 237
135.010000 0 201
135.010000 1 243
135.010000 2 243
135.010000 3 243
135.010000 4 243
135.010000 5 243
135.010000 6 162
135.010000 7 243
135.010000 8 243
135.010000 9 163
135.010000 10 243
135.010000 11 243
135.010000 12 243
135.010000 13 203
135.010000 14 201
135.010000 15 163
135.010000 16 243
136.010000 0 200
136.010000 1 240
136.010000 2 240
136.010000 3 240
136.010000 4 240
136.010000 5 240
136.010000 6 160
136.010000 7 240
136.010000 8 240
136.010000 9 160
136.010000 10 240
136.010000 11 240
136.010000 12 240
136.010000 13 200
136.010000 14 200
136.010000 15 160
136.010000 16 240
137.010000 0 209
137.010000 1 249
137.010000 2 249
137.010000 3 249
137.010000 4 249
137.010000 5 249
137.010000 6 166
137.010000 7 249
137.010000 8 249
137.010000 9 165
137.010000 10 249
137.010000 11 249
137.010000 12 249
137.010000 13 207
137.010000 14 209
137.010000 15 165
137.010000 16 249
138.010000 0 203
138.010000 1 245
138.010000 2 245
138.010000 3 245
138.010000 4 245
138.010000 5 245
138.010000 6 162
138.010000 7 245
138.010000 8 245
138.010000 9 165
138.010000 10 245
138.010000 11 245
138.010000 12 245
138.010000 13 205
138.010000 14 203
138.010000 15 165
138.010000 16 245
139.010000 0 197
139.010000 1 235
139.010000 2 235
139.010000 3 235
139.010000 4 235
139.010000 5 235
139.010000 6 158
139.010000 7 235
139.010000 8 235
139.010000 9 155
139.010000 10 235
139.010000 11 235
139.010000 12 235
139.010000 13 195
139.010000 14 197
139.010000 15 155
139.010000 16 235
140.010000 0 200
140.010000 1 240
140.010000 2 240
140.010000 3 240
140.010000 4 240
140.010000 5 240
140.010000 6 160
140.010000 7 240
140.010000 8 240
140.010000 9 160
140.010000 10 240
140.010000 11 240
140.010000 12 240
140.010000 13 200
140.010000 14 200
140.010000 15 160
140.010000 16 240
141.010000 0 170
141.010000 1 204
141.010000 2 204
141.010000 3 204
141.010000 4 204
141.010000 5 204
141.010000 6 136
141.010000 7 204
141.010000 8 204
141.010000 9 136
141.010000 10 204
141.010000 11 204
141.010000 12 204
141.010000 13 170
141.010000 14 170
141.010000 15 136
141.010000 16 204
142.010000 0 190
142.010000 1 228
142.010000 2 228
142.010000 3 228
142.010000 4 228
142.010000 5 228
142.010000 6 152
142.010000 7 228
142.010000 8 228
142.010000 9 152
142.010000 10 228
142.010000 11 228
142.010000 12 228
142.010000 13 190
142.010000 14 190
142.010000 15 152
142.010000 16 228
143.010000 0 209
143.010000 1 251
143.010000 2 251
143.010000 3 251
143.010000 4 251
143.010000 5 251
143.010000 6 167
143.010000 7 251
143.010000 8 251
143.010000 9 167
143.010000 10 251
143.010000 11 251
143.010000 12 251
143.010000 13 210
143.010000 14 209
143.010000 15 167
143.010000 16 251
144.010000 0 216
144.010000 1 260
144.010000 2 260
144.010000 3 260
144.010000 4 260
144.010000 5 260
144.010000 6 172
144.010000 7 260
144.010000 8 260
144.010000 9 175
144.010000 10 260
144.010000 11 260
144.010000 12 260
144.010000 13 217
144.010000 14 216
144.010000 15 175
144.010000 16 260
145.010000 0 196
145.010000 1 236
145.010000 2 236
145.010000 3 236
145.010000 4 236
145.010000 5 236
145.010000 6 159
145.010000 7 236
145.010000 8 236
145.010000 9 157
145.010000 10 236
145.010000 11 236
145.010000 12 236
145.010000 13 196
145.010000 14 196
145.010000 15 157
145.010000 16 236
146.010000 0 233
146.010000 1 279
146.010000 2 279
146.010000 3 279
146.010000 4 279
146.010000 5 279
146.010000 6 185
146.010000 7 279
146.010000 8 279
146.010000 9 186
146.010000 10 279
146.010000 11 279
146.010000 12 279
146.010000 13 233
146.010000 14 233
146.010000 15 186
146.010000 16 279
147.010000 0 216
147.010000 1 258
147.010000 2 258
147.010000 3 258
147.010000 4 258
147.010000 5 258
147.010000 6 173
147.010000 7 258
147.010000 8 258
147.010000 9 171
147.010000 10 258
147.010000 11 258
147.010000 12 258
147.010000 13 214
147.010000 14 216
147.010000 15 171
147.010000 16 258
148.010000 0 190
148.010000 1 228
148.010000 2 228
148.010000 3 228
148.010000 4 228
148.010000 5 228
148.010000 6 152
148.010000 7 228
148.010000 8 228
148.010000 9 152
148.010000 10 228
148.010000 11 228
148.010000 12 228
148.010000 13 190
148.010000 14 190
148.010000 15 152
148.010000 16 228
149.010000 0 190
149.010000 1 228
149.010000 2 228
149.010000 3 228
149.010000 4 228
149.010000 5 228
149.010000 6 152
149.010000 7 228
149.010000 8 228
149.010000 9 152
149.010000 10 228
149.010000 11 228
149.010000 12 228
149.010000 13 190
149.010000 14 190
149.010000 15 152
149.010000 16 228
