0.010000 0 0
0.010000 1 0
0.010000 2 0
0.010000 3 0
0.010000 4 0
0.010000 5 0
0.010000 6 0
0.010000 7 0
0.010000 8 0
0.010000 9 0
1.010000 0 0
1.010000 1 0
1.010000 2 0
1.010000 3 0
1.010000 4 0
1.010000 5 0
1.010000 6 0
1.010000 7 0
1.010000 8 0
1.010000 9 0
2.010000 0 0
2.010000 1 0
2.010000 2 0
2.010000 3 0
2.010000 4 0
2.010000 5 0
2.010000 6 0
2.010000 7 0
2.010000 8 0
2.010000 9 0
3.010000 0 0
3.010000 1 0
3.010000 2 0
3.010000 3 0
3.010000 4 0
3.010000 5 0
3.010000 6 0
3.010000 7 0
3.010000 8 0
3.010000 9 0
4.010000 0 0
4.010000 1 0
4.010000 2 0
4.010000 3 0
4.010000 4 0
4.010000 5 0
4.010000 6 0
4.010000 7 0
4.010000 8 0
4.010000 9 0
5.010000 0 0
5.010000 1 0
5.010000 2 0
5.010000 3 0
5.010000 4 0
5.010000 5 0
5.010000 6 0
5.010000 7 0
5.010000 8 0
5.010000 9 0
6.010000 0 0
6.010000 1 0
6.010000 2 0
6.010000 3 0
6.010000 4 0
6.010000 5 0
6.010000 6 0
6.010000 7 0
6.010000 8 0
6.010000 9 0
7.010000 0 0
7.010000 1 0
7.010000 2 0
7.010000 3 0
7.010000 4 0
7.010000 5 0
7.010000 6 0
7.010000 7 0
7.010000 8 0
7.010000 9 0
8.010000 0 0
8.010000 1 0
8.010000 2 0
8.010000 3 0
8.010000 4 0
8.010000 5 0
8.010000 6 0
8.010000 7 0
8.010000 8 0
8.010000 9 0
9.010000 0 0
9.010000 1 0
9.010000 2 0
9.010000 3 0
9.010000 4 0
9.010000 5 0
9.010000 6 0
9.010000 7 0
9.010000 8 0
9.010000 9 0
10.010000 0 0
10.010000 1 0
10.010000 2 0
10.010000 3 0
10.010000 4 0
10.010000 5 0
10.010000 6 0
10.010000 7 0
10.010000 8 0
10.010000 9 0
11.010000 0 0
11.010000 1 0
11.010000 2 0
11.010000 3 0
11.010000 4 0
11.010000 5 0
11.010000 6 0
11.010000 7 0
11.010000 8 0
11.010000 9 0
12.010000 0 0
12.010000 1 0
12.010000 2 0
12.010000 3 0
12.010000 4 0
12.010000 5 0
12.010000 6 0
12.010000 7 0
12.010000 8 0
12.010000 9 0
13.010000 0 0
13.010000 1 0
13.010000 2 0
13.010000 3 0
13.010000 4 0
13.010000 5 0
13.010000 6 0
13.010000 7 0
13.010000 8 0
13.010000 9 0
14.010000 0 0
14.010000 1 0
14.010000 2 0
14.010000 3 0
14.010000 4 0
14.010000 5 0
14.010000 6 0
14.010000 7 0
14.010000 8 0
14.010000 9 0
15.010000 0 0
15.010000 1 1
15.010000 2 1
15.010000 3 1
15.010000 4 1
15.010000 5 1
15.010000 6 1
15.010000 7 1
15.010000 8 0
15.010000 9 1
16.010000 0 240
16.010000 1 285
16.010000 2 203
16.010000 3 201
16.010000 4 285
16.010000 5 285
16.010000 6 203
16.010000 7 246
16.010000 8 240
16.010000 9 285
17.010000 0 200
17.010000 1 240
17.010000 2 160
17.010000 3 160
17.010000 4 240
17.010000 5 240
17.010000 6 160
17.010000 7 200
17.010000 8 200
17.010000 9 240
18.010000 0 211
18.010000 1 255
18.010000 2 171
18.010000 3 170
18.010000 4 255
18.010000 5 255
18.010000 6 171
18.010000 7 213
18.010000 8 211
18.010000 9 255
19.010000 0 209
19.010000 1 249
19.010000 2 165
19.010000 3 166
19.010000 4 249
19.010000 5 249
19.010000 6 165
19.010000 7 207
19.010000 8 209
19.010000 9 249
20.010000 0 190
20.010000 1 228
20.010000 2 152
20.010000 3 152
20.010000 4 228
20.010000 5 228
20.010000 6 152
20.010000 7 190
20.010000 8 190
20.010000 9 228
21.010000 0 191
21.010000 1 231
21.010000 2 155
21.010000 3 154
21.010000 4 231
21.010000 5 231
21.010000 6 155
21.010000 7 193
21.010000 8 191
21.010000 9 231
22.010000 0 199
22.010000 1 237
22.010000 2 157
22.010000 3 158
22.010000 4 237
22.010000 5 237
22.010000 6 157
22.010000 7 197
22.010000 8 199
22.010000 9 237
23.010000 0 185
23.010000 1 223
23.010000 2 150
23.010000 3 147
23.010000 4 223
23.010000 5 223
23.010000 6 150
23.010000 7 187
23.010000 8 185
23.010000 9 223
24.010000 0 214
24.010000 1 256
24.010000 2 169
24.010000 3 172
24.010000 4 256
24.010000 5 256
24.010000 6 169
24.010000 7 213
24.010000 8 214
24.010000 9 256
25.010000 0 192
25.010000 1 232
25.010000 2 156
25.010000 3 155
25.010000 4 232
25.010000 5 232
25.010000 6 156
25.010000 7 193
25.010000 8 192
25.010000 9 232
26.010000 0 209
26.010000 1 249
26.010000 2 165
26.010000 3 166
26.010000 4 249
26.010000 5 249
26.010000 6 165
26.010000 7 207
26.010000 8 209
26.010000 9 249
27.010000 0 210
27.010000 1 252
27.010000 2 168
27.010000 3 168
27.010000 4 252
27.010000 5 252
27.010000 6 168
27.010000 7 210
27.010000 8 210
27.010000 9 252
28.010000 0 209
28.010000 1 251
28.010000 2 167
28.010000 3 167
28.010000 4 251
28.010000 5 251
28.010000 6 167
28.010000 7 210
28.010000 8 209
28.010000 9 251
29.010000 0 211
29.010000 1 253
29.010000 2 169
29.010000 3 169
29.010000 4 253
29.010000 5 253
29.010000 6 169
29.010000 7 210
29.010000 8 211
29.010000 9 253
30.010000 0 190
30.010000 1 228
30.010000 2 152
30.010000 3 152
30.010000 4 228
30.010000 5 228
30.010000 6 152
30.010000 7 190
30.010000 8 190
30.010000 9 228
31.010000 0 200
31.010000 1 240
31.010000 2 160
31.010000 3 160
31.010000 4 240
31.010000 5 240
31.010000 6 160
31.010000 7 200
31.010000 8 200
31.010000 9 240
32.010000 0 199
32.010000 1 239
32.010000 2 159
32.010000 3 159
32.010000 4 239
32.010000 5 239
32.010000 6 159
32.010000 7 200
32.010000 8 199
32.010000 9 239
33.010000 0 201
33.010000 1 241
33.010000 2 161
33.010000 3 161
33.010000 4 241
33.010000 5 241
33.010000 6 161
33.010000 7 200
33.010000 8 201
33.010000 9 241
34.010000 0 190
34.010000 1 228
34.010000 2 152
34.010000 3 152
34.010000 4 228
34.010000 5 228
34.010000 6 152
34.010000 7 190
34.010000 8 190
34.010000 9 228
35.010000 0 190
35.010000 1 228
35.010000 2 152
35.010000 3 152
35.010000 4 228
35.010000 5 228
35.010000 6 152
35.010000 7 190
35.010000 8 190
35.010000 9 228
36.010000 0 191
36.010000 1 231
36.010000 2 155
36.010000 3 154
36.010000 4 231
36.010000 5 231
36.010000 6 155
36.010000 7 193
36.010000 8 191
36.010000 9 231
37.010000 0 199
37.010000 1 237
37.010000 2 157
37.010000 3 158
37.010000 4 237
37.010000 5 237
37.010000 6 157
37.010000 7 197
37.010000 8 199
37.010000 9 237
38.010000 0 215
38.010000 1 259
38.010000 2 174
38.010000 3 171
38.010000 4 259
38.010000 5 259
38.010000 6 174
38.010000 7 217
38.010000 8 215
38.010000 9 259
39.010000 0 206
39.010000 1 248
39.010000 2 165
39.010000 3 167
39.010000 4 248
39.010000 5 248
39.010000 6 165
39.010000 7 206
39.010000 8 206
39.010000 9 248
40.010000 0 219
40.010000 1 261
40.010000 2 173
40.010000 3 174
40.010000 4 261
40.010000 5 261
40.010000 6 173
40.010000 7 217
40.010000 8 219
40.010000 9 261
41.010000 0 215
41.010000 1 259
41.010000 2 174
41.010000 3 171
41.010000 4 259
41.010000 5 259
41.010000 6 174
41.010000 7 217
41.010000 8 215
41.010000 9 259
42.010000 0 206
42.010000 1 248
42.010000 2 165
42.010000 3 167
42.010000 4 248
42.010000 5 248
42.010000 6 165
42.010000 7 206
42.010000 8 206
42.010000 9 248
43.010000 0 219
43.010000 1 261
43.010000 2 173
43.010000 3 174
43.010000 4 261
43.010000 5 261
43.010000 6 173
43.010000 7 217
43.010000 8 219
43.010000 9 261
44.010000 0 230
44.010000 1 276
44.010000 2 184
44.010000 3 184
44.010000 4 276
44.010000 5 276
44.010000 6 184
44.010000 7 230
44.010000 8 230
44.010000 9 276
45.010000 0 190
45.010000 1 228
45.010000 2 152
45.010000 3 152
45.010000 4 228
45.010000 5 228
45.010000 6 152
45.010000 7 190
45.010000 8 190
45.010000 9 228
46.010000 0 210
46.010000 1 252
46.010000 2 168
46.010000 3 168
46.010000 4 252
46.010000 5 252
46.010000 6 168
46.010000 7 210
46.010000 8 210
46.010000 9 252
47.010000 0 200
47.010000 1 240
47.010000 2 160
47.010000 3 160
47.010000 4 240
47.010000 5 240
47.010000 6 160
47.010000 7 200
47.010000 8 200
47.010000 9 240
48.010000 0 191
48.010000 1 231
48.010000 2 155
48.010000 3 154
48.010000 4 231
48.010000 5 231
48.010000 6 155
48.010000 7 193
48.010000 8 191
48.010000 9 231
49.010000 0 219
49.010000 1 261
49.010000 2 173
49.010000 3 174
49.010000 4 261
49.010000 5 261
49.010000 6 173
49.010000 7 217
49.010000 8 219
49.010000 9 261
50.010000 0 195
50.010000 1 235
50.010000 2 158
50.010000 3 155
50.010000 4 235
50.010000 5 235
50.010000 6 158
50.010000 7 197
50.010000 8 195
50.010000 9 235
51.010000 0 206
51.010000 1 248
51.010000 2 165
51.010000 3 167
51.010000 4 248
51.010000 5 248
51.010000 6 165
51.010000 7 206
51.010000 8 206
51.010000 9 248
52.010000 0 199
52.010000 1 237
52.010000 2 157
52.010000 3 158
52.010000 4 237
52.010000 5 237
52.010000 6 157
52.010000 7 197
52.010000 8 199
52.010000 9 237
53.010000 0 233
53.010000 1 281
53.010000 2 189
53.010000 3 186
53.010000 4 281
53.010000 5 281
53.010000 6 189
53.010000 7 235
53.010000 8 233
53.010000 9 281
54.010000 0 207
54.010000 1 247
54.010000 2 163
54.010000 3 166
54.010000 4 247
54.010000 5 247
54.010000 6 163
54.010000 7 205
54.010000 8 207
54.010000 9 247
55.010000 0 200
55.010000 1 240
55.010000 2 160
55.010000 3 160
55.010000 4 240
55.010000 5 240
55.010000 6 160
55.010000 7 200
55.010000 8 200
55.010000 9 240
56.010000 0 180
56.010000 1 216
56.010000 2 144
56.010000 3 144
56.010000 4 216
56.010000 5 216
56.010000 6 144
56.010000 7 180
56.010000 8 180
56.010000 9 216
57.010000 0 220
57.010000 1 264
57.010000 2 176
57.010000 3 176
57.010000 4 264
57.010000 5 264
57.010000 6 176
57.010000 7 220
57.010000 8 220
57.010000 9 264
58.010000 0 180
58.010000 1 216
58.010000 2 144
58.010000 3 144
58.010000 4 216
58.010000 5 216
58.010000 6 144
58.010000 7 180
58.010000 8 180
58.010000 9 216
59.010000 0 190
59.010000 1 228
59.010000 2 152
59.010000 3 152
59.010000 4 228
59.010000 5 228
59.010000 6 152
59.010000 7 190
59.010000 8 190
59.010000 9 228
60.010000 0 200
60.010000 1 240
60.010000 2 160
60.010000 3 160
60.010000 4 240
60.010000 5 240
60.010000 6 160
60.010000 7 200
60.010000 8 200
60.010000 9 240
61.010000 0 201
61.010000 1 243
61.010000 2 163
61.010000 3 162
61.010000 4 243
61.010000 5 243
61.010000 6 163
61.010000 7 203
61.010000 8 201
61.010000 9 243
62.010000 0 219
62.010000 1 261
62.010000 2 173
62.010000 3 174
62.010000 4 261
62.010000 5 261
62.010000 6 173
62.010000 7 217
62.010000 8 219
62.010000 9 261
63.010000 0 185
63.010000 1 223
63.010000 2 150
63.010000 3 147
63.010000 4 223
63.010000 5 223
63.010000 6 150
63.010000 7 187
63.010000 8 185
63.010000 9 223
64.010000 0 195
64.010000 1 233
64.010000 2 154
64.010000 3 157
64.010000 4 233
64.010000 5 233
64.010000 6 154
64.010000 7 193
64.010000 8 195
64.010000 9 233
65.010000 0 210
65.010000 1 252
65.010000 2 168
65.010000 3 168
65.010000 4 252
65.010000 5 252
65.010000 6 168
65.010000 7 210
65.010000 8 210
65.010000 9 252
66.010000 0 175
66.010000 1 211
66.010000 2 142
66.010000 3 139
66.010000 4 211
66.010000 5 211
66.010000 6 142
66.010000 7 177
66.010000 8 175
66.010000 9 211
67.010000 0 195
67.010000 1 233
67.010000 2 154
67.010000 3 157
67.010000 4 233
67.010000 5 233
67.010000 6 154
67.010000 7 193
67.010000 8 195
67.010000 9 233
68.010000 0 215
68.010000 1 259
68.010000 2 174
68.010000 3 171
68.010000 4 259
68.010000 5 259
68.010000 6 174
68.010000 7 217
68.010000 8 215
68.010000 9 259
69.010000 0 205
69.010000 1 245
69.010000 2 162
69.010000 3 165
69.010000 4 245
69.010000 5 245
69.010000 6 162
69.010000 7 203
69.010000 8 205
69.010000 9 245
70.010000 0 200
70.010000 1 240
70.010000 2 160
70.010000 3 160
70.010000 4 240
70.010000 5 240
70.010000 6 160
70.010000 7 200
70.010000 8 200
70.010000 9 240
71.010000 0 210
71.010000 1 252
71.010000 2 168
71.010000 3 168
71.010000 4 252
71.010000 5 252
71.010000 6 168
71.010000 7 210
71.010000 8 210
71.010000 9 252
72.010000 0 210
72.010000 1 252
72.010000 2 168
72.010000 3 168
72.010000 4 252
72.010000 5 252
72.010000 6 168
72.010000 7 210
72.010000 8 210
72.010000 9 252
73.010000 0 210
73.010000 1 252
73.010000 2 168
73.010000 3 168
73.010000 4 252
73.010000 5 252
73.010000 6 168
73.010000 7 210
73.010000 8 210
73.010000 9 252
74.010000 0 201
74.010000 1 243
74.010000 2 163
74.010000 3 162
74.010000 4 243
74.010000 5 243
74.010000 6 163
74.010000 7 203
74.010000 8 201
74.010000 9 243
75.010000 0 194
75.010000 1 232
75.010000 2 155
75.010000 3 153
75.010000 4 232
75.010000 5 232
75.010000 6 155
75.010000 7 194
75.010000 8 194
75.010000 9 232
76.010000 0 205
76.010000 1 245
76.010000 2 162
76.010000 3 165
76.010000 4 245
76.010000 5 245
76.010000 6 162
76.010000 7 203
76.010000 8 205
76.010000 9 245
77.010000 0 212
77.010000 1 256
77.010000 2 172
77.010000 3 170
77.010000 4 256
77.010000 5 256
77.010000 6 172
77.010000 7 214
77.010000 8 212
77.010000 9 256
78.010000 0 228
78.010000 1 272
78.010000 2 180
78.010000 3 182
78.010000 4 272
78.010000 5 272
78.010000 6 180
78.010000 7 226
78.010000 8 228
78.010000 9 272
79.010000 0 219
79.010000 1 263
79.010000 2 175
79.010000 3 175
79.010000 4 263
79.010000 5 263
79.010000 6 175
79.010000 7 220
79.010000 8 219
79.010000 9 263
80.010000 0 191
80.010000 1 229
80.010000 2 153
80.010000 3 153
80.010000 4 229
80.010000 5 229
80.010000 6 153
80.010000 7 190
80.010000 8 191
80.010000 9 229
81.010000 0 190
81.010000 1 228
81.010000 2 152
81.010000 3 152
81.010000 4 228
81.010000 5 228
81.010000 6 152
81.010000 7 190
81.010000 8 190
81.010000 9 228
82.010000 0 211
82.010000 1 255
82.010000 2 171
82.010000 3 170
82.010000 4 255
82.010000 5 255
82.010000 6 171
82.010000 7 213
82.010000 8 211
82.010000 9 255
83.010000 0 189
83.010000 1 225
83.010000 2 149
83.010000 3 150
83.010000 4 225
83.010000 5 225
83.010000 6 149
83.010000 7 187
83.010000 8 189
83.010000 9 225
84.010000 0 200
84.010000 1 240
84.010000 2 160
84.010000 3 160
84.010000 4 240
84.010000 5 240
84.010000 6 160
84.010000 7 200
84.010000 8 200
84.010000 9 240
85.010000 0 191
85.010000 1 231
85.010000 2 155
85.010000 3 154
85.010000 4 231
85.010000 5 231
85.010000 6 155
85.010000 7 193
85.010000 8 191
85.010000 9 231
86.010000 0 179
86.010000 1 213
86.010000 2 141
86.010000 3 142
86.010000 4 213
86.010000 5 213
86.010000 6 141
86.010000 7 177
86.010000 8 179
86.010000 9 213
87.010000 0 190
87.010000 1 228
87.010000 2 152
87.010000 3 152
87.010000 4 228
87.010000 5 228
87.010000 6 152
87.010000 7 190
87.010000 8 190
87.010000 9 228
88.010000 0 200
88.010000 1 240
88.010000 2 160
88.010000 3 160
88.010000 4 240
88.010000 5 240
88.010000 6 160
88.010000 7 200
88.010000 8 200
88.010000 9 240
89.010000 0 220
89.010000 1 264
89.010000 2 176
89.010000 3 176
89.010000 4 264
89.010000 5 264
89.010000 6 176
89.010000 7 220
89.010000 8 220
89.010000 9 264
90.010000 0 200
90.010000 1 240
90.010000 2 160
90.010000 3 160
90.010000 4 240
90.010000 5 240
90.010000 6 160
90.010000 7 200
90.010000 8 200
90.010000 9 240
91.010000 0 200
91.010000 1 240
91.010000 2 160
91.010000 3 160
91.010000 4 240
91.010000 5 240
91.010000 6 160
91.010000 7 200
91.010000 8 200
91.010000 9 240
92.010000 0 200
92.010000 1 240
92.010000 2 160
92.010000 3 160
92.010000 4 240
92.010000 5 240
92.010000 6 160
92.010000 7 200
92.010000 8 200
92.010000 9 240
93.010000 0 210
93.010000 1 252
93.010000 2 168
93.010000 3 168
93.010000 4 252
93.010000 5 252
93.010000 6 168
93.010000 7 210
93.010000 8 210
93.010000 9 252
94.010000 0 205
94.010000 1 247
94.010000 2 166
94.010000 3 163
94.010000 4 247
94.010000 5 247
94.010000 6 166
94.010000 7 207
94.010000 8 205
94.010000 9 247
95.010000 0 210
95.010000 1 252
95.010000 2 168
95.010000 3 168
95.010000 4 252
95.010000 5 252
95.010000 6 168
95.010000 7 210
95.010000 8 210
95.010000 9 252
96.010000 0 195
96.010000 1 233
96.010000 2 154
96.010000 3 157
96.010000 4 233
96.010000 5 233
96.010000 6 154
96.010000 7 193
96.010000 8 195
96.010000 9 233
97.010000 0 190
97.010000 1 228
97.010000 2 152
97.010000 3 152
97.010000 4 228
97.010000 5 228
97.010000 6 152
97.010000 7 190
97.010000 8 190
97.010000 9 228
98.010000 0 175
98.010000 1 211
98.010000 2 142
98.010000 3 139
98.010000 4 211
98.010000 5 211
98.010000 6 142
98.010000 7 177
98.010000 8 175
98.010000 9 211
99.010000 0 217
99.010000 1 261
99.010000 2 174
99.010000 3 175
99.010000 4 261
99.010000 5 261
99.010000 6 174
99.010000 7 217
99.010000 8 217
99.010000 9 261
100.010000 0 188
100.010000 1 224
100.010000 2 148
100.010000 3 150
100.010000 4 224
100.010000 5 224
100.010000 6 148
100.010000 7 186
100.010000 8 188
100.010000 9 224
101.010000 0 180
101.010000 1 216
101.010000 2 144
101.010000 3 144
101.010000 4 216
101.010000 5 216
101.010000 6 144
101.010000 7 180
101.010000 8 180
101.010000 9 216
102.010000 0 196
102.010000 1 236
102.010000 2 158
102.010000 3 156
102.010000 4 236
102.010000 5 236
102.010000 6 158
102.010000 7 198
102.010000 8 196
102.010000 9 236
103.010000 0 199
103.010000 1 239
103.010000 2 160
103.010000 3 159
103.010000 4 239
103.010000 5 239
103.010000 6 160
103.010000 7 199
103.010000 8 199
103.010000 9 239
104.010000 0 195
104.010000 1 233
104.010000 2 154
104.010000 3 157
104.010000 4 233
104.010000 5 233
104.010000 6 154
104.010000 7 193
104.010000 8 195
104.010000 9 233
105.010000 0 210
105.010000 1 252
105.010000 2 168
105.010000 3 168
105.010000 4 252
105.010000 5 252
105.010000 6 168
105.010000 7 210
105.010000 8 210
105.010000 9 252
106.010000 0 200
106.010000 1 240
106.010000 2 160
106.010000 3 160
106.010000 4 240
106.010000 5 240
106.010000 6 160
106.010000 7 200
106.010000 8 200
106.010000 9 240
107.010000 0 190
107.010000 1 228
107.010000 2 152
107.010000 3 152
107.010000 4 228
107.010000 5 228
107.010000 6 152
107.010000 7 190
107.010000 8 190
107.010000 9 228
108.010000 0 190
108.010000 1 228
108.010000 2 152
108.010000 3 152
108.010000 4 228
108.010000 5 228
108.010000 6 152
108.010000 7 190
108.010000 8 190
108.010000 9 228
109.010000 0 200
109.010000 1 240
109.010000 2 160
109.010000 3 160
109.010000 4 240
109.010000 5 240
109.010000 6 160
109.010000 7 200
109.010000 8 200
109.010000 9 240
110.010000 0 200
110.010000 1 240
110.010000 2 160
110.010000 3 160
110.010000 4 240
110.010000 5 240
110.010000 6 160
110.010000 7 200
110.010000 8 200
110.010000 9 240
111.010000 0 195
111.010000 1 235
111.010000 2 158
111.010000 3 155
111.010000 4 235
111.010000 5 235
111.010000 6 158
111.010000 7 197
111.010000 8 195
111.010000 9 235
112.010000 0 194
112.010000 1 232
112.010000 2 153
112.010000 3 156
112.010000 4 232
112.010000 5 232
112.010000 6 153
112.010000 7 193
112.010000 8 194
112.010000 9 232
113.010000 0 202
113.010000 1 244
113.010000 2 164
113.010000 3 163
113.010000 4 244
113.010000 5 244
113.010000 6 164
113.010000 7 203
113.010000 8 202
113.010000 9 244
114.010000 0 198
114.010000 1 236
114.010000 2 156
114.010000 3 157
114.010000 4 236
114.010000 5 236
114.010000 6 156
114.010000 7 197
114.010000 8 198
114.010000 9 236
115.010000 0 191
115.010000 1 229
115.010000 2 153
115.010000 3 153
115.010000 4 229
115.010000 5 229
115.010000 6 153
115.010000 7 190
115.010000 8 191
115.010000 9 229
116.010000 0 220
116.010000 1 264
116.010000 2 176
116.010000 3 176
116.010000 4 264
116.010000 5 264
116.010000 6 176
116.010000 7 220
116.010000 8 220
116.010000 9 264
117.010000 0 210
117.010000 1 252
117.010000 2 168
117.010000 3 168
117.010000 4 252
117.010000 5 252
117.010000 6 168
117.010000 7 210
117.010000 8 210
117.010000 9 252
118.010000 0 221
118.010000 1 267
118.010000 2 179
118.010000 3 178
118.010000 4 267
118.010000 5 267
118.010000 6 179
118.010000 7 223
118.010000 8 221
118.010000 9 267
119.010000 0 179
119.010000 1 213
119.010000 2 141
119.010000 3 142
119.010000 4 213
119.010000 5 213
119.010000 6 141
119.010000 7 177
119.010000 8 179
119.010000 9 213
120.010000 0 200
120.010000 1 240
120.010000 2 160
120.010000 3 160
120.010000 4 240
120.010000 5 240
120.010000 6 160
120.010000 7 200
120.010000 8 200
120.010000 9 240
121.010000 0 220
121.010000 1 264
121.010000 2 176
121.010000 3 176
121.010000 4 264
121.010000 5 264
121.010000 6 176
121.010000 7 220
121.010000 8 220
121.010000 9 264
122.010000 0 209
122.010000 1 251
122.010000 2 167
122.010000 3 167
122.010000 4 251
122.010000 5 251
122.010000 6 167
122.010000 7 210
122.010000 8 209
122.010000 9 251
123.010000 0 201
123.010000 1 241
123.010000 2 161
123.010000 3 161
123.010000 4 241
123.010000 5 241
123.010000 6 161
123.010000 7 200
123.010000 8 201
123.010000 9 241
124.010000 0 191
124.010000 1 231
124.010000 2 155
124.010000 3 154
124.010000 4 231
124.010000 5 231
124.010000 6 155
124.010000 7 193
124.010000 8 191
124.010000 9 231
125.010000 0 189
125.010000 1 225
125.010000 2 149
125.010000 3 150
125.010000 4 225
125.010000 5 225
125.010000 6 149
125.010000 7 187
125.010000 8 189
125.010000 9 225
126.010000 0 200
126.010000 1 240
126.010000 2 160
126.010000 3 160
126.010000 4 240
126.010000 5 240
126.010000 6 160
126.010000 7 200
126.010000 8 200
126.010000 9 240
127.010000 0 216
127.010000 1 260
127.010000 2 174
127.010000 3 172
127.010000 4 260
127.010000 5 260
127.010000 6 174
127.010000 7 218
127.010000 8 216
127.010000 9 260
128.010000 0 174
128.010000 1 208
128.010000 2 138
128.010000 3 140
128.010000 4 208
128.010000 5 208
128.010000 6 138
128.010000 7 172
128.010000 8 174
128.010000 9 208
129.010000 0 200
129.010000 1 240
129.010000 2 160
129.010000 3 160
129.010000 4 240
129.010000 5 240
129.010000 6 160
129.010000 7 200
129.010000 8 200
129.010000 9 240
130.010000 0 200
130.010000 1 240
130.010000 2 160
130.010000 3 160
130.010000 4 240
130.010000 5 240
130.010000 6 160
130.010000 7 200
130.010000 8 200
130.010000 9 240
131.010000 0 190
131.010000 1 228
131.010000 2 152
131.010000 3 152
131.010000 4 228
131.010000 5 228
131.010000 6 152
131.010000 7 190
131.010000 8 190
131.010000 9 228
132.010000 0 189
132.010000 1 227
132.010000 2 151
132.010000 3 151
132.010000 4 227
132.010000 5 227
132.010000 6 151
132.010000 7 190
132.010000 8 189
132.010000 9 227
133.010000 0 200
133.010000 1 240
133.010000 2 160
133.010000 3 160
133.010000 4 240
133.010000 5 240
133.010000 6 160
133.010000 7 200
133.010000 8 200
133.010000 9 240
134.010000 0 170
134.010000 1 204
134.010000 2 136
134.010000 3 136
134.010000 4 204
134.010000 5 204
134.010000 6 136
134.010000 7 170
134.010000 8 170
134.010000 9 204
135.010000 0 181
135.010000 1 217
135.010000 2 145
135.010000 3 145
135.010000 4 217
135.010000 5 217
135.010000 6 145
135.010000 7 180
135.010000 8 181
135.010000 9 217
136.010000 0 220
136.010000 1 264
136.010000 2 176
136.010000 3 176
136.010000 4 264
136.010000 5 264
136.010000 6 176
136.010000 7 220
136.010000 8 220
136.010000 9 264
137.010000 0 210
137.010000 1 252
137.010000 2 168
137.010000 3 168
137.010000 4 252
137.010000 5 252
137.010000 6 168
137.010000 7 210
137.010000 8 210
137.010000 9 252
138.010000 0 209
138.010000 1 251
138.010000 2 167
138.010000 3 167
138.010000 4 251
138.010000 5 251
138.010000 6 167
138.010000 7 210
138.010000 8 209
138.010000 9 251
139.010000 0 201
139.010000 1 241
139.010000 2 161
139.010000 3 161
139.010000 4 241
139.010000 5 241
139.010000 6 161
139.010000 7 200
139.010000 8 201
139.010000 9 241
140.010000 0 220
140.010000 1 264
140.010000 2 176
140.010000 3 176
140.010000 4 264
140.010000 5 264
140.010000 6 176
140.010000 7 220
140.010000 8 220
140.010000 9 264
141.010000 0 190
141.010000 1 228
141.010000 2 152
141.010000 3 152
141.010000 4 228
141.010000 5 228
141.010000 6 152
141.010000 7 190
141.010000 8 190
141.010000 9 228
142.010000 0 199
142.010000 1 239
142.010000 2 159
142.010000 3 159
142.010000 4 239
142.010000 5 239
142.010000 6 159
142.010000 7 200
142.010000 8 199
142.010000 9 239
143.010000 0 201
143.010000 1 241
143.010000 2 161
143.010000 3 161
143.010000 4 241
143.010000 5 241
143.010000 6 161
143.010000 7 200
143.010000 8 201
143.010000 9 241
144.010000 0 200
144.010000 1 240
144.010000 2 160
144.010000 3 160
144.010000 4 240
144.010000 5 240
144.010000 6 160
144.010000 7 200
144.010000 8 200
144.010000 9 240
145.010000 0 190
145.010000 1 228
145.010000 2 152
145.010000 3 152
145.010000 4 228
145.010000 5 228
145.010000 6 152
145.010000 7 190
145.010000 8 190
145.010000 9 228
146.010000 0 221
146.010000 1 267
146.010000 2 179
146.010000 3 178
146.010000 4 267
146.010000 5 267
146.010000 6 179
146.010000 7 223
146.010000 8 221
146.010000 9 267
147.010000 0 219
147.010000 1 261
147.010000 2 173
147.010000 3 174
147.010000 4 261
147.010000 5 261
147.010000 6 173
147.010000 7 217
147.010000 8 219
147.010000 9 261
148.010000 0 181
148.010000 1 218
148.010000 2 146
148.010000 3 145
148.010000 4 218
148.010000 5 218
148.010000 6 146
148.010000 7 182
148.010000 8 181
148.010000 9 218
149.010000 0 209
149.010000 1 250
149.010000 2 166
149.010000 3 167
149.010000 4 250
149.010000 5 250
149.010000 6 166
149.010000 7 208
149.010000 8 209
149.010000 9 250
