0.010000 0 0
0.010000 1 0
0.010000 2 0
0.010000 3 0
0.010000 4 0
0.010000 5 0
0.010000 6 0
0.010000 7 0
0.010000 8 0
0.010000 9 0
0.010000 10 0
0.010000 11 0
0.010000 12 0
0.010000 13 0
0.010000 14 0
0.010000 15 0
0.010000 16 0
0.010000 17 0
0.010000 18 0
0.010000 19 0
0.010000 20 0
0.010000 21 0
0.010000 22 0
0.010000 23 0
0.010000 24 0
0.010000 25 0
1.010000 0 0
1.010000 1 0
1.010000 2 0
1.010000 3 0
1.010000 4 0
1.010000 5 0
1.010000 6 0
1.010000 7 0
1.010000 8 0
1.010000 9 0
1.010000 10 0
1.010000 11 0
1.010000 12 0
1.010000 13 0
1.010000 14 0
1.010000 15 0
1.010000 16 0
1.010000 17 0
1.010000 18 0
1.010000 19 0
1.010000 20 0
1.010000 21 0
1.010000 22 0
1.010000 23 0
1.010000 24 0
1.010000 25 0
2.010000 0 0
2.010000 1 0
2.010000 2 0
2.010000 3 0
2.010000 4 0
2.010000 5 0
2.010000 6 0
2.010000 7 0
2.010000 8 0
2.010000 9 0
2.010000 10 0
2.010000 11 0
2.010000 12 0
2.010000 13 0
2.010000 14 0
2.010000 15 0
2.010000 16 0
2.010000 17 0
2.010000 18 0
2.010000 19 0
2.010000 20 0
2.010000 21 0
2.010000 22 0
2.010000 23 0
2.010000 24 0
2.010000 25 0
3.010000 0 0
3.010000 1 0
3.010000 2 0
3.010000 3 0
3.010000 4 0
3.010000 5 0
3.010000 6 0
3.010000 7 0
3.010000 8 0
3.010000 9 0
3.010000 10 0
3.010000 11 0
3.010000 12 0
3.010000 13 0
3.010000 14 0
3.010000 15 0
3.010000 16 0
3.010000 17 0
3.010000 18 0
3.010000 19 0
3.010000 20 0
3.010000 21 0
3.010000 22 0
3.010000 23 0
3.010000 24 0
3.010000 25 0
4.010000 0 0
4.010000 1 0
4.010000 2 0
4.010000 3 0
4.010000 4 0
4.010000 5 0
4.010000 6 0
4.010000 7 0
4.010000 8 0
4.010000 9 0
4.010000 10 0
4.010000 11 0
4.010000 12 0
4.010000 13 0
4.010000 14 0
4.010000 15 0
4.010000 16 0
4.010000 17 0
4.010000 18 0
4.010000 19 0
4.010000 20 0
4.010000 21 0
4.010000 22 0
4.010000 23 0
4.010000 24 0
4.010000 25 0
5.010000 0 0
5.010000 1 0
5.010000 2 0
5.010000 3 0
5.010000 4 0
5.010000 5 0
5.010000 6 0
5.010000 7 0
5.010000 8 0
5.010000 9 0
5.010000 10 0
5.010000 11 0
5.010000 12 0
5.010000 13 0
5.010000 14 0
5.010000 15 0
5.010000 16 0
5.010000 17 0
5.010000 18 0
5.010000 19 0
5.010000 20 0
5.010000 21 0
5.010000 22 0
5.010000 23 0
5.010000 24 0
5.010000 25 0
6.010000 0 0
6.010000 1 0
6.010000 2 0
6.010000 3 0
6.010000 4 0
6.010000 5 0
6.010000 6 0
6.010000 7 0
6.010000 8 0
6.010000 9 0
6.010000 10 0
6.010000 11 0
6.010000 12 0
6.010000 13 0
6.010000 14 0
6.010000 15 0
6.010000 16 0
6.010000 17 0
6.010000 18 0
6.010000 19 0
6.010000 20 0
6.010000 21 0
6.010000 22 0
6.010000 23 0
6.010000 24 0
6.010000 25 0
7.010000 0 0
7.010000 1 0
7.010000 2 0
7.010000 3 0
7.010000 4 0
7.010000 5 0
7.010000 6 0
7.010000 7 0
7.010000 8 0
7.010000 9 0
7.010000 10 0
7.010000 11 0
7.010000 12 0
7.010000 13 0
7.010000 14 0
7.010000 15 0
7.010000 16 0
7.010000 17 0
7.010000 18 0
7.010000 19 0
7.010000 20 0
7.010000 21 0
7.010000 22 0
7.010000 23 0
7.010000 24 0
7.010000 25 0
8.010000 0 0
8.010000 1 0
8.010000 2 0
8.010000 3 0
8.010000 4 0
8.010000 5 0
8.010000 6 0
8.010000 7 0
8.010000 8 0
8.010000 9 0
8.010000 10 0
8.010000 11 0
8.010000 12 0
8.010000 13 0
8.010000 14 0
8.010000 15 0
8.010000 16 0
8.010000 17 0
8.010000 18 0
8.010000 19 0
8.010000 20 0
8.010000 21 0
8.010000 22 0
8.010000 23 0
8.010000 24 0
8.010000 25 0
9.010000 0 0
9.010000 1 0
9.010000 2 0
9.010000 3 0
9.010000 4 0
9.010000 5 0
9.010000 6 0
9.010000 7 0
9.010000 8 0
9.010000 9 0
9.010000 10 0
9.010000 11 0
9.010000 12 0
9.010000 13 0
9.010000 14 0
9.010000 15 0
9.010000 16 0
9.010000 17 0
9.010000 18 0
9.010000 19 0
9.010000 20 0
9.010000 21 0
9.010000 22 0
9.010000 23 0
9.010000 24 0
9.010000 25 0
10.010000 0 0
10.010000 1 0
10.010000 2 0
10.010000 3 0
10.010000 4 0
10.010000 5 0
10.010000 6 0
10.010000 7 0
10.010000 8 0
10.010000 9 0
10.010000 10 0
10.010000 11 0
10.010000 12 0
10.010000 13 0
10.010000 14 0
10.010000 15 0
10.010000 16 0
10.010000 17 0
10.010000 18 0
10.010000 19 0
10.010000 20 0
10.010000 21 0
10.010000 22 0
10.010000 23 0
10.010000 24 0
10.010000 25 0
11.010000 0 0
11.010000 1 0
11.010000 2 0
11.010000 3 0
11.010000 4 0
11.010000 5 0
11.010000 6 0
11.010000 7 0
11.010000 8 0
11.010000 9 0
11.010000 10 0
11.010000 11 0
11.010000 12 0
11.010000 13 0
11.010000 14 0
11.010000 15 0
11.010000 16 0
11.010000 17 0
11.010000 18 0
11.010000 19 0
11.010000 20 0
11.010000 21 0
11.010000 22 0
11.010000 23 0
11.010000 24 0
11.010000 25 0
12.010000 0 0
12.010000 1 0
12.010000 2 0
12.010000 3 0
12.010000 4 0
12.010000 5 0
12.010000 6 0
12.010000 7 0
12.010000 8 0
12.010000 9 0
12.010000 10 0
12.010000 11 0
12.010000 12 0
12.010000 13 0
12.010000 14 0
12.010000 15 0
12.010000 16 0
12.010000 17 0
12.010000 18 0
12.010000 19 0
12.010000 20 0
12.010000 21 0
12.010000 22 0
12.010000 23 0
12.010000 24 0
12.010000 25 0
13.010000 0 0
13.010000 1 0
13.010000 2 0
13.010000 3 0
13.010000 4 0
13.010000 5 0
13.010000 6 0
13.010000 7 0
13.010000 8 0
13.010000 9 0
13.010000 10 0
13.010000 11 0
13.010000 12 0
13.010000 13 0
13.010000 14 0
13.010000 15 0
13.010000 16 0
13.010000 17 0
13.010000 18 0
13.010000 19 0
13.010000 20 0
13.010000 21 0
13.010000 22 0
13.010000 23 0
13.010000 24 0
13.010000 25 0
14.010000 0 0
14.010000 1 0
14.010000 2 0
14.010000 3 0
14.010000 4 0
14.010000 5 0
14.010000 6 0
14.010000 7 0
14.010000 8 0
14.010000 9 0
14.010000 10 0
14.010000 11 0
14.010000 12 0
14.010000 13 0
14.010000 14 0
14.010000 15 0
14.010000 16 0
14.010000 17 0
14.010000 18 0
14.010000 19 0
14.010000 20 0
14.010000 21 0
14.010000 22 0
14.010000 23 0
14.010000 24 0
14.010000 25 0
15.010000 0 3
15.010000 1 3
15.010000 2 4
15.010000 3 4
15.010000 4 4
15.010000 5 4
15.010000 6 4
15.010000 7 4
15.010000 8 4
15.010000 9 4
15.010000 10 4
15.010000 11 4
15.010000 12 4
15.010000 13 4
15.010000 14 3
15.010000 15 4
15.010000 16 4
15.010000 17 3
15.010000 18 3
15.010000 19 4
15.010000 20 4
15.010000 21 4
15.010000 22 4
15.010000 23 4
15.010000 24 3
15.010000 25 3
16.010000 0 760
16.010000 1 701
16.010000 2 753
16.010000 3 767
16.010000 4 768
16.010000 5 763
16.010000 6 763
16.010000 7 764
16.010000 8 768
16.010000 9 764
16.010000 10 764
16.010000 11 768
16.010000 12 763
16.010000 13 760
16.010000 14 766
16.010000 15 762
16.010000 16 764
16.010000 17 765
16.010000 18 762
16.010000 19 763
16.010000 20 764
16.010000 21 701
16.010000 22 764
16.010000 23 740
16.010000 24 517
16.010000 25 492
17.010000 0 614
17.010000 1 551
17.010000 2 614
17.010000 3 614
17.010000 4 614
17.010000 5 614
17.010000 6 614
17.010000 7 614
17.010000 8 614
17.010000 9 614
17.010000 10 614
17.010000 11 614
17.010000 12 614
17.010000 13 614
17.010000 14 614
17.010000 15 614
17.010000 16 614
17.010000 17 614
17.010000 18 614
17.010000 19 614
17.010000 20 614
17.010000 21 557
17.010000 22 614
17.010000 23 614
17.010000 24 427
17.010000 25 307
18.010000 0 678
18.010000 1 740
18.010000 2 724
18.010000 3 724
18.010000 4 746
18.010000 5 774
18.010000 6 712
18.010000 7 773
18.010000 8 758
18.010000 9 773
18.010000 10 773
18.010000 11 774
18.010000 12 774
18.010000 13 773
18.010000 14 683
18.010000 15 773
18.010000 16 773
18.010000 17 646
18.010000 18 693
18.010000 19 724
18.010000 20 773
18.010000 21 673
18.010000 22 773
18.010000 23 725
18.010000 24 683
18.010000 25 602
19.010000 0 584
19.010000 1 594
19.010000 2 604
19.010000 3 595
19.010000 4 655
19.010000 5 655
19.010000 6 581
19.010000 7 655
19.010000 8 655
19.010000 9 655
19.010000 10 655
19.010000 11 655
19.010000 12 655
19.010000 13 655
19.010000 14 584
19.010000 15 655
19.010000 16 655
19.010000 17 524
19.010000 18 584
19.010000 19 604
19.010000 20 655
19.010000 21 574
19.010000 22 655
19.010000 23 603
19.010000 24 594
19.010000 25 511
20.010000 0 578
20.010000 1 608
20.010000 2 591
20.010000 3 587
20.010000 4 636
20.010000 5 636
20.010000 6 575
20.010000 7 636
20.010000 8 636
20.010000 9 636
20.010000 10 636
20.010000 11 636
20.010000 12 636
20.010000 13 636
20.010000 14 578
20.010000 15 636
20.010000 16 636
20.010000 17 529
20.010000 18 578
20.010000 19 591
20.010000 20 636
20.010000 21 529
20.010000 22 636
20.010000 23 590
20.010000 24 555
20.010000 25 475
21.010000 0 578
21.010000 1 607
21.010000 2 581
21.010000 3 589
21.010000 4 637
21.010000 5 637
21.010000 6 563
21.010000 7 637
21.010000 8 637
21.010000 9 637
21.010000 10 637
21.010000 11 637
21.010000 12 637
21.010000 13 637
21.010000 14 578
21.010000 15 637
21.010000 16 637
21.010000 17 530
21.010000 18 578
21.010000 19 581
21.010000 20 637
21.010000 21 523
21.010000 22 637
21.010000 23 587
21.010000 24 565
21.010000 25 503
22.010000 0 612
22.010000 1 616
22.010000 2 582
22.010000 3 605
22.010000 4 663
22.010000 5 663
22.010000 6 616
22.010000 7 663
22.010000 8 663
22.010000 9 663
22.010000 10 663
22.010000 11 663
22.010000 12 663
22.010000 13 663
22.010000 14 612
22.010000 15 663
22.010000 16 663
22.010000 17 554
22.010000 18 612
22.010000 19 582
22.010000 20 663
22.010000 21 584
22.010000 22 663
22.010000 23 596
22.010000 24 576
22.010000 25 517
23.010000 0 636
23.010000 1 705
23.010000 2 641
23.010000 3 643
23.010000 4 727
23.010000 5 727
23.010000 6 650
23.010000 7 727
23.010000 8 727
23.010000 9 727
23.010000 10 727
23.010000 11 727
23.010000 12 727
23.010000 13 727
23.010000 14 636
23.010000 15 727
23.010000 16 727
23.010000 17 552
23.010000 18 636
23.010000 19 641
23.010000 20 727
23.010000 21 626
23.010000 22 727
23.010000 23 629
23.010000 24 668
23.010000 25 618
24.010000 0 583
24.010000 1 600
24.010000 2 618
24.010000 3 597
24.010000 4 642
24.010000 5 642
24.010000 6 573
24.010000 7 642
24.010000 8 642
24.010000 9 642
24.010000 10 642
24.010000 11 642
24.010000 12 642
24.010000 13 642
24.010000 14 583
24.010000 15 642
24.010000 16 642
24.010000 17 538
24.010000 18 583
24.010000 19 618
24.010000 20 642
24.010000 21 536
24.010000 22 642
24.010000 23 604
24.010000 24 558
24.010000 25 467
25.010000 0 628
25.010000 1 603
25.010000 2 609
25.010000 3 622
25.010000 4 669
25.010000 5 669
25.010000 6 631
25.010000 7 669
25.010000 8 669
25.010000 9 669
25.010000 10 669
25.010000 11 669
25.010000 12 669
25.010000 13 669
25.010000 14 628
25.010000 15 669
25.010000 16 669
25.010000 17 581
25.010000 18 628
25.010000 19 609
25.010000 20 669
25.010000 21 569
25.010000 22 669
25.010000 23 618
25.010000 24 591
25.010000 25 481
26.010000 0 637
26.010000 1 640
26.010000 2 632
26.010000 3 632
26.010000 4 689
26.010000 5 689
26.010000 6 630
26.010000 7 689
26.010000 8 689
26.010000 9 689
26.010000 10 689
26.010000 11 689
26.010000 12 689
26.010000 13 689
26.010000 14 637
26.010000 15 689
26.010000 16 689
26.010000 17 580
26.010000 18 637
26.010000 19 632
26.010000 20 689
26.010000 21 586
26.010000 22 689
26.010000 23 624
26.010000 24 609
26.010000 25 522
27.010000 0 611
27.010000 1 665
27.010000 2 633
27.010000 3 616
27.010000 4 693
27.010000 5 693
27.010000 6 618
27.010000 7 693
27.010000 8 693
27.010000 9 693
27.010000 10 693
27.010000 11 693
27.010000 12 693
27.010000 13 693
27.010000 14 611
27.010000 15 693
27.010000 16 693
27.010000 17 534
27.010000 18 611
27.010000 19 633
27.010000 20 693
27.010000 21 586
27.010000 22 693
27.010000 23 627
27.010000 24 629
27.010000 25 559
28.010000 0 557
28.010000 1 582
28.010000 2 524
28.010000 3 556
28.010000 4 615
28.010000 5 615
28.010000 6 557
28.010000 7 615
28.010000 8 615
28.010000 9 615
28.010000 10 615
28.010000 11 615
28.010000 12 615
28.010000 13 615
28.010000 14 557
28.010000 15 615
28.010000 16 615
28.010000 17 498
28.010000 18 557
28.010000 19 524
28.010000 20 615
28.010000 21 507
28.010000 22 615
28.010000 23 555
28.010000 24 567
28.010000 25 515
29.010000 0 654
29.010000 1 685
29.010000 2 661
29.010000 3 646
29.010000 4 725
29.010000 5 725
29.010000 6 668
29.010000 7 725
29.010000 8 725
29.010000 9 725
29.010000 10 725
29.010000 11 725
29.010000 12 725
29.010000 13 725
29.010000 14 654
29.010000 15 725
29.010000 16 725
29.010000 17 575
29.010000 18 654
29.010000 19 661
29.010000 20 725
29.010000 21 633
29.010000 22 725
29.010000 23 644
29.010000 24 645
29.010000 25 564
30.010000 0 649
30.010000 1 694
30.010000 2 659
30.010000 3 656
30.010000 4 720
30.010000 5 720
30.010000 6 649
30.010000 7 720
30.010000 8 720
30.010000 9 720
30.010000 10 720
30.010000 11 720
30.010000 12 720
30.010000 13 720
30.010000 14 649
30.010000 15 720
30.010000 16 720
30.010000 17 585
30.010000 18 649
30.010000 19 659
30.010000 20 720
30.010000 21 623
30.010000 22 720
30.010000 23 652
30.010000 24 618
30.010000 25 560
31.010000 0 587
31.010000 1 625
31.010000 2 565
31.010000 3 599
31.010000 4 656
31.010000 5 656
31.010000 6 569
31.010000 7 656
31.010000 8 656
31.010000 9 656
31.010000 10 656
31.010000 11 656
31.010000 12 656
31.010000 13 656
31.010000 14 587
31.010000 15 656
31.010000 16 656
31.010000 17 530
31.010000 18 587
31.010000 19 565
31.010000 20 656
31.010000 21 534
31.010000 22 656
31.010000 23 583
31.010000 24 621
31.010000 25 565
32.010000 0 610
32.010000 1 612
32.010000 2 626
32.010000 3 599
32.010000 4 676
32.010000 5 676
32.010000 6 622
32.010000 7 676
32.010000 8 676
32.010000 9 676
32.010000 10 676
32.010000 11 676
32.010000 12 676
32.010000 13 676
32.010000 14 610
32.010000 15 676
32.010000 16 676
32.010000 17 533
32.010000 18 610
32.010000 19 626
32.010000 20 676
32.010000 21 562
32.010000 22 676
32.010000 23 608
32.010000 24 649
32.010000 25 520
33.010000 0 622
33.010000 1 605
33.010000 2 622
33.010000 3 630
33.010000 4 674
33.010000 5 674
33.010000 6 621
33.010000 7 674
33.010000 8 674
33.010000 9 674
33.010000 10 674
33.010000 11 674
33.010000 12 674
33.010000 13 674
33.010000 14 622
33.010000 15 674
33.010000 16 674
33.010000 17 578
33.010000 18 622
33.010000 19 622
33.010000 20 674
33.010000 21 568
33.010000 22 674
33.010000 23 632
33.010000 24 603
33.010000 25 489
34.010000 0 603
34.010000 1 590
34.010000 2 592
34.010000 3 597
34.010000 4 639
34.010000 5 639
34.010000 6 608
34.010000 7 639
34.010000 8 639
34.010000 9 639
34.010000 10 639
34.010000 11 639
34.010000 12 639
34.010000 13 639
34.010000 14 603
34.010000 15 639
34.010000 16 639
34.010000 17 561
34.010000 18 603
34.010000 19 592
34.010000 20 639
34.010000 21 540
34.010000 22 639
34.010000 23 598
34.010000 24 545
34.010000 25 439
35.010000 0 621
35.010000 1 626
35.010000 2 633
35.010000 3 629
35.010000 4 677
35.010000 5 677
35.010000 6 627
35.010000 7 677
35.010000 8 677
35.010000 9 677
35.010000 10 677
35.010000 11 677
35.010000 12 677
35.010000 13 677
35.010000 14 621
35.010000 15 677
35.010000 16 677
35.010000 17 573
35.010000 18 621
35.010000 19 633
35.010000 20 677
35.010000 21 584
35.010000 22 677
35.010000 23 636
35.010000 24 577
35.010000 25 483
36.010000 0 555
36.010000 1 608
36.010000 2 558
36.010000 3 565
36.010000 4 633
36.010000 5 633
36.010000 6 540
36.010000 7 633
36.010000 8 633
36.010000 9 633
36.010000 10 633
36.010000 11 633
36.010000 12 633
36.010000 13 633
36.010000 14 555
36.010000 15 633
36.010000 16 633
36.010000 17 487
36.010000 18 555
36.010000 19 558
36.010000 20 633
36.010000 21 526
36.010000 22 633
36.010000 23 567
36.010000 24 594
36.010000 25 551
37.010000 0 640
37.010000 1 555
37.010000 2 630
37.010000 3 640
37.010000 4 640
37.010000 5 640
37.010000 6 640
37.010000 7 640
37.010000 8 640
37.010000 9 640
37.010000 10 640
37.010000 11 640
37.010000 12 640
37.010000 13 640
37.010000 14 640
37.010000 15 640
37.010000 16 640
37.010000 17 640
37.010000 18 640
37.010000 19 630
37.010000 20 640
37.010000 21 558
37.010000 22 640
37.010000 23 640
37.010000 24 487
37.010000 25 330
38.010000 0 681
38.010000 1 624
38.010000 2 681
38.010000 3 675
38.010000 4 689
38.010000 5 689
38.010000 6 687
38.010000 7 689
38.010000 8 689
38.010000 9 689
38.010000 10 689
38.010000 11 689
38.010000 12 689
38.010000 13 689
38.010000 14 681
38.010000 15 689
38.010000 16 689
38.010000 17 667
38.010000 18 681
38.010000 19 681
38.010000 20 689
38.010000 21 605
38.010000 22 689
38.010000 23 673
38.010000 24 516
38.010000 25 370
39.010000 0 695
39.010000 1 710
39.010000 2 700
39.010000 3 688
39.010000 4 762
39.010000 5 762
39.010000 6 697
39.010000 7 762
39.010000 8 762
39.010000 9 762
39.010000 10 762
39.010000 11 762
39.010000 12 762
39.010000 13 762
39.010000 14 695
39.010000 15 762
39.010000 16 762
39.010000 17 621
39.010000 18 695
39.010000 19 700
39.010000 20 762
39.010000 21 674
39.010000 22 762
39.010000 23 680
39.010000 24 668
39.010000 25 584
40.010000 0 638
40.010000 1 637
40.010000 2 621
40.010000 3 642
40.010000 4 706
40.010000 5 706
40.010000 6 624
40.010000 7 706
40.010000 8 706
40.010000 9 706
40.010000 10 706
40.010000 11 706
40.010000 12 706
40.010000 13 706
40.010000 14 638
40.010000 15 706
40.010000 16 706
40.010000 17 574
40.010000 18 638
40.010000 19 621
40.010000 20 706
40.010000 21 569
40.010000 22 706
40.010000 23 630
40.010000 24 703
40.010000 25 584
41.010000 0 611
41.010000 1 662
41.010000 2 641
41.010000 3 615
41.010000 4 709
41.010000 5 709
41.010000 6 615
41.010000 7 709
41.010000 8 709
41.010000 9 709
41.010000 10 709
41.010000 11 709
41.010000 12 709
41.010000 13 709
41.010000 14 611
41.010000 15 709
41.010000 16 709
41.010000 17 517
41.010000 18 611
41.010000 19 641
41.010000 20 709
41.010000 21 578
41.010000 22 709
41.010000 23 631
41.010000 24 708
41.010000 25 611
42.010000 0 579
42.010000 1 581
42.010000 2 561
42.010000 3 573
42.010000 4 633
42.010000 5 633
42.010000 6 583
42.010000 7 633
42.010000 8 633
42.010000 9 633
42.010000 10 633
42.010000 11 633
42.010000 12 633
42.010000 13 633
42.010000 14 579
42.010000 15 633
42.010000 16 633
42.010000 17 519
42.010000 18 579
42.010000 19 561
42.010000 20 633
42.010000 21 532
42.010000 22 633
42.010000 23 565
42.010000 24 589
42.010000 25 501
43.010000 0 571
43.010000 1 583
43.010000 2 602
43.010000 3 581
43.010000 4 645
43.010000 5 645
43.010000 6 572
43.010000 7 645
43.010000 8 645
43.010000 9 645
43.010000 10 645
43.010000 11 645
43.010000 12 645
43.010000 13 645
43.010000 14 571
43.010000 15 645
43.010000 16 645
43.010000 17 507
43.010000 18 571
43.010000 19 602
43.010000 20 645
43.010000 21 532
43.010000 22 645
43.010000 23 595
43.010000 24 618
43.010000 25 506
44.010000 0 620
44.010000 1 625
44.010000 2 602
44.010000 3 608
44.010000 4 681
44.010000 5 681
44.010000 6 621
44.010000 7 681
44.010000 8 681
44.010000 9 681
44.010000 10 681
44.010000 11 681
44.010000 12 681
44.010000 13 681
44.010000 14 620
44.010000 15 681
44.010000 16 681
44.010000 17 547
44.010000 18 620
44.010000 19 602
44.010000 20 681
44.010000 21 542
44.010000 22 681
44.010000 23 604
44.010000 24 675
44.010000 25 551
45.010000 0 682
45.010000 1 645
45.010000 2 621
45.010000 3 695
45.010000 4 731
45.010000 5 731
45.010000 6 670
45.010000 7 731
45.010000 8 731
45.010000 9 731
45.010000 10 731
45.010000 11 731
45.010000 12 731
45.010000 13 731
45.010000 14 682
45.010000 15 731
45.010000 16 731
45.010000 17 646
45.010000 18 682
45.010000 19 621
45.010000 20 731
45.010000 21 573
45.010000 22 731
45.010000 23 656
45.010000 24 730
45.010000 25 576
46.010000 0 611
46.010000 1 574
46.010000 2 630
46.010000 3 585
46.010000 4 644
46.010000 5 644
46.010000 6 615
46.010000 7 644
46.010000 8 644
46.010000 9 644
46.010000 10 644
46.010000 11 644
46.010000 12 644
46.010000 13 644
46.010000 14 611
46.010000 15 644
46.010000 16 644
46.010000 17 552
46.010000 18 611
46.010000 19 630
46.010000 20 644
46.010000 21 553
46.010000 22 644
46.010000 23 596
46.010000 24 564
46.010000 25 424
47.010000 0 561
47.010000 1 640
47.010000 2 579
47.010000 3 575
47.010000 4 658
47.010000 5 658
47.010000 6 566
47.010000 7 658
47.010000 8 658
47.010000 9 658
47.010000 10 658
47.010000 11 658
47.010000 12 658
47.010000 13 658
47.010000 14 561
47.010000 15 658
47.010000 16 658
47.010000 17 478
47.010000 18 561
47.010000 19 579
47.010000 20 658
47.010000 21 544
47.010000 22 658
47.010000 23 583
47.010000 24 628
47.010000 25 588
48.010000 0 628
48.010000 1 646
48.010000 2 648
48.010000 3 620
48.010000 4 697
48.010000 5 697
48.010000 6 643
48.010000 7 697
48.010000 8 697
48.010000 9 697
48.010000 10 697
48.010000 11 697
48.010000 12 697
48.010000 13 697
48.010000 14 628
48.010000 15 697
48.010000 16 697
48.010000 17 551
48.010000 18 628
48.010000 19 648
48.010000 20 697
48.010000 21 604
48.010000 22 697
48.010000 23 638
48.010000 24 622
48.010000 25 527
49.010000 0 540
49.010000 1 519
49.010000 2 528
49.010000 3 565
49.010000 4 569
49.010000 5 569
49.010000 6 514
49.010000 7 569
49.010000 8 569
49.010000 9 569
49.010000 10 569
49.010000 11 569
49.010000 12 569
49.010000 13 569
49.010000 14 540
49.010000 15 569
49.010000 16 569
49.010000 17 536
49.010000 18 540
49.010000 19 528
49.010000 20 569
49.010000 21 452
49.010000 22 569
49.010000 23 565
49.010000 24 481
49.010000 25 388
50.010000 0 642
50.010000 1 557
50.010000 2 640
50.010000 3 642
50.010000 4 642
50.010000 5 642
50.010000 6 642
50.010000 7 642
50.010000 8 642
50.010000 9 642
50.010000 10 642
50.010000 11 642
50.010000 12 642
50.010000 13 642
50.010000 14 642
50.010000 15 642
50.010000 16 642
50.010000 17 642
50.010000 18 642
50.010000 19 640
50.010000 20 642
50.010000 21 560
50.010000 22 642
50.010000 23 642
50.010000 24 488
50.010000 25 323
51.010000 0 679
51.010000 1 716
51.010000 2 679
51.010000 3 659
51.010000 4 753
51.010000 5 753
51.010000 6 689
51.010000 7 753
51.010000 8 753
51.010000 9 753
51.010000 10 753
51.010000 11 753
51.010000 12 753
51.010000 13 753
51.010000 14 679
51.010000 15 753
51.010000 16 753
51.010000 17 585
51.010000 18 679
51.010000 19 679
51.010000 20 753
51.010000 21 660
51.010000 22 753
51.010000 23 652
51.010000 24 684
51.010000 25 606
52.010000 0 605
52.010000 1 643
52.010000 2 590
52.010000 3 604
52.010000 4 671
52.010000 5 671
52.010000 6 600
52.010000 7 671
52.010000 8 671
52.010000 9 671
52.010000 10 671
52.010000 11 671
52.010000 12 671
52.010000 13 671
52.010000 14 605
52.010000 15 671
52.010000 16 671
52.010000 17 538
52.010000 18 605
52.010000 19 590
52.010000 20 671
52.010000 21 562
52.010000 22 671
52.010000 23 597
52.010000 24 615
52.010000 25 552
53.010000 0 613
53.010000 1 625
53.010000 2 613
53.010000 3 617
53.010000 4 677
53.010000 5 677
53.010000 6 613
53.010000 7 677
53.010000 8 677
53.010000 9 677
53.010000 10 677
53.010000 11 677
53.010000 12 677
53.010000 13 677
53.010000 14 613
53.010000 15 677
53.010000 16 677
53.010000 17 553
53.010000 18 613
53.010000 19 613
53.010000 20 677
53.010000 21 571
53.010000 22 677
53.010000 23 614
53.010000 24 621
53.010000 25 529
54.010000 0 621
54.010000 1 677
54.010000 2 637
54.010000 3 625
54.010000 4 708
54.010000 5 708
54.010000 6 628
54.010000 7 708
54.010000 8 708
54.010000 9 708
54.010000 10 708
54.010000 11 708
54.010000 12 708
54.010000 13 708
54.010000 14 621
54.010000 15 708
54.010000 16 708
54.010000 17 538
54.010000 18 621
54.010000 19 637
54.010000 20 708
54.010000 21 606
54.010000 22 708
54.010000 23 623
54.010000 24 660
54.010000 25 587
55.010000 0 599
55.010000 1 638
55.010000 2 605
55.010000 3 596
55.010000 4 678
55.010000 5 678
55.010000 6 606
55.010000 7 678
55.010000 8 678
55.010000 9 678
55.010000 10 678
55.010000 11 678
55.010000 12 678
55.010000 13 678
55.010000 14 599
55.010000 15 678
55.010000 16 678
55.010000 17 517
55.010000 18 599
55.010000 19 605
55.010000 20 678
55.010000 21 565
55.010000 22 678
55.010000 23 614
55.010000 24 639
55.010000 25 562
56.010000 0 613
56.010000 1 646
56.010000 2 601
56.010000 3 609
56.010000 4 683
56.010000 5 683
56.010000 6 606
56.010000 7 683
56.010000 8 683
56.010000 9 683
56.010000 10 683
56.010000 11 683
56.010000 12 683
56.010000 13 683
56.010000 14 613
56.010000 15 683
56.010000 16 683
56.010000 17 539
56.010000 18 613
56.010000 19 601
56.010000 20 683
56.010000 21 564
56.010000 22 683
56.010000 23 600
56.010000 24 647
56.010000 25 578
57.010000 0 567
57.010000 1 575
57.010000 2 570
57.010000 3 582
57.010000 4 626
57.010000 5 626
57.010000 6 564
57.010000 7 626
57.010000 8 626
57.010000 9 626
57.010000 10 626
57.010000 11 626
57.010000 12 626
57.010000 13 626
57.010000 14 567
57.010000 15 626
57.010000 16 626
57.010000 17 523
57.010000 18 567
57.010000 19 570
57.010000 20 626
57.010000 21 531
57.010000 22 626
57.010000 23 580
57.010000 24 560
57.010000 25 479
58.010000 0 617
58.010000 1 625
58.010000 2 622
58.010000 3 614
58.010000 4 667
58.010000 5 667
58.010000 6 613
58.010000 7 667
58.010000 8 667
58.010000 9 667
58.010000 10 667
58.010000 11 667
58.010000 12 667
58.010000 13 667
58.010000 14 617
58.010000 15 667
58.010000 16 667
58.010000 17 564
58.010000 18 617
58.010000 19 622
58.010000 20 667
58.010000 21 560
58.010000 22 667
58.010000 23 618
58.010000 24 582
58.010000 25 485
59.010000 0 693
59.010000 1 610
59.010000 2 669
59.010000 3 675
59.010000 4 693
59.010000 5 693
59.010000 6 691
59.010000 7 693
59.010000 8 693
59.010000 9 693
59.010000 10 693
59.010000 11 693
59.010000 12 693
59.010000 13 693
59.010000 14 693
59.010000 15 693
59.010000 16 693
59.010000 17 675
59.010000 18 693
59.010000 19 669
59.010000 20 693
59.010000 21 600
59.010000 22 693
59.010000 23 663
59.010000 24 553
59.010000 25 390
60.010000 0 687
60.010000 1 605
60.010000 2 669
60.010000 3 669
60.010000 4 687
60.010000 5 687
60.010000 6 687
60.010000 7 687
60.010000 8 687
60.010000 9 687
60.010000 10 687
60.010000 11 687
60.010000 12 687
60.010000 13 687
60.010000 14 687
60.010000 15 687
60.010000 16 687
60.010000 17 669
60.010000 18 687
60.010000 19 669
60.010000 20 687
60.010000 21 609
60.010000 22 687
60.010000 23 651
60.010000 24 539
60.010000 25 380
61.010000 0 590
61.010000 1 616
61.010000 2 641
61.010000 3 607
61.010000 4 661
61.010000 5 661
61.010000 6 602
61.010000 7 661
61.010000 8 661
61.010000 9 661
61.010000 10 661
61.010000 11 661
61.010000 12 661
61.010000 13 661
61.010000 14 590
61.010000 15 661
61.010000 16 661
61.010000 17 536
61.010000 18 590
61.010000 19 641
61.010000 20 661
61.010000 21 579
61.010000 22 661
61.010000 23 649
61.010000 24 543
61.010000 25 461
62.010000 0 607
62.010000 1 613
62.010000 2 611
62.010000 3 615
62.010000 4 653
62.010000 5 653
62.010000 6 603
62.010000 7 653
62.010000 8 653
62.010000 9 653
62.010000 10 653
62.010000 11 653
62.010000 12 653
62.010000 13 653
62.010000 14 607
62.010000 15 653
62.010000 16 653
62.010000 17 569
62.010000 18 607
62.010000 19 611
62.010000 20 653
62.010000 21 562
62.010000 22 653
62.010000 23 617
62.010000 24 539
62.010000 25 457
63.010000 0 619
63.010000 1 620
63.010000 2 620
63.010000 3 628
63.010000 4 676
63.010000 5 676
63.010000 6 615
63.010000 7 676
63.010000 8 676
63.010000 9 676
63.010000 10 676
63.010000 11 676
63.010000 12 676
63.010000 13 676
63.010000 14 619
63.010000 15 676
63.010000 16 676
63.010000 17 571
63.010000 18 619
63.010000 19 620
63.010000 20 676
63.010000 21 575
63.010000 22 676
63.010000 23 626
63.010000 24 600
63.010000 25 505
64.010000 0 659
64.010000 1 683
64.010000 2 664
64.010000 3 650
64.010000 4 724
64.010000 5 724
64.010000 6 670
64.010000 7 724
64.010000 8 724
64.010000 9 724
64.010000 10 724
64.010000 11 724
64.010000 12 724
64.010000 13 724
64.010000 14 659
64.010000 15 724
64.010000 16 724
64.010000 17 585
64.010000 18 659
64.010000 19 664
64.010000 20 724
64.010000 21 616
64.010000 22 724
64.010000 23 648
64.010000 24 645
64.010000 25 557
65.010000 0 579
65.010000 1 572
65.010000 2 580
65.010000 3 583
65.010000 4 622
65.010000 5 622
65.010000 6 570
65.010000 7 622
65.010000 8 622
65.010000 9 622
65.010000 10 622
65.010000 11 622
65.010000 12 622
65.010000 13 622
65.010000 14 579
65.010000 15 622
65.010000 16 622
65.010000 17 540
65.010000 18 579
65.010000 19 580
65.010000 20 622
65.010000 21 522
65.010000 22 622
65.010000 23 580
65.010000 24 545
65.010000 25 445
66.010000 0 623
66.010000 1 637
66.010000 2 634
66.010000 3 631
66.010000 4 681
66.010000 5 681
66.010000 6 624
66.010000 7 681
66.010000 8 681
66.010000 9 681
66.010000 10 681
66.010000 11 681
66.010000 12 681
66.010000 13 681
66.010000 14 623
66.010000 15 681
66.010000 16 681
66.010000 17 573
66.010000 18 623
66.010000 19 634
66.010000 20 681
66.010000 21 587
66.010000 22 681
66.010000 23 632
66.010000 24 577
66.010000 25 503
67.010000 0 624
67.010000 1 648
67.010000 2 612
67.010000 3 625
67.010000 4 683
67.010000 5 683
67.010000 6 628
67.010000 7 683
67.010000 8 683
67.010000 9 683
67.010000 10 683
67.010000 11 683
67.010000 12 683
67.010000 13 683
67.010000 14 624
67.010000 15 683
67.010000 16 683
67.010000 17 566
67.010000 18 624
67.010000 19 612
67.010000 20 683
67.010000 21 580
67.010000 22 683
67.010000 23 620
67.010000 24 601
67.010000 25 526
68.010000 0 647
68.010000 1 628
68.010000 2 633
68.010000 3 652
68.010000 4 701
68.010000 5 701
68.010000 6 644
68.010000 7 701
68.010000 8 701
68.010000 9 701
68.010000 10 701
68.010000 11 701
68.010000 12 701
68.010000 13 701
68.010000 14 647
68.010000 15 701
68.010000 16 701
68.010000 17 598
68.010000 18 647
68.010000 19 633
68.010000 20 701
68.010000 21 565
68.010000 22 701
68.010000 23 654
68.010000 24 658
68.010000 25 527
69.010000 0 605
69.010000 1 621
69.010000 2 617
69.010000 3 605
69.010000 4 667
69.010000 5 667
69.010000 6 607
69.010000 7 667
69.010000 8 667
69.010000 9 667
69.010000 10 667
69.010000 11 667
69.010000 12 667
69.010000 13 667
69.010000 14 605
69.010000 15 667
69.010000 16 667
69.010000 17 543
69.010000 18 605
69.010000 19 617
69.010000 20 667
69.010000 21 578
69.010000 22 667
69.010000 23 599
69.010000 24 593
69.010000 25 511
70.010000 0 664
70.010000 1 617
70.010000 2 611
70.010000 3 665
70.010000 4 701
70.010000 5 701
70.010000 6 658
70.010000 7 701
70.010000 8 701
70.010000 9 701
70.010000 10 701
70.010000 11 701
70.010000 12 701
70.010000 13 701
70.010000 14 664
70.010000 15 701
70.010000 16 701
70.010000 17 628
70.010000 18 664
70.010000 19 611
70.010000 20 701
70.010000 21 553
70.010000 22 701
70.010000 23 628
70.010000 24 687
70.010000 25 525
71.010000 0 624
71.010000 1 602
71.010000 2 664
71.010000 3 598
71.010000 4 680
71.010000 5 680
71.010000 6 632
71.010000 7 680
71.010000 8 680
71.010000 9 680
71.010000 10 680
71.010000 11 680
71.010000 12 680
71.010000 13 680
71.010000 14 624
71.010000 15 680
71.010000 16 680
71.010000 17 542
71.010000 18 624
71.010000 19 664
71.010000 20 680
71.010000 21 577
71.010000 22 680
71.010000 23 624
71.010000 24 634
71.010000 25 485
72.010000 0 594
72.010000 1 615
72.010000 2 617
72.010000 3 609
72.010000 4 659
72.010000 5 659
72.010000 6 590
72.010000 7 659
72.010000 8 659
72.010000 9 659
72.010000 10 659
72.010000 11 659
72.010000 12 659
72.010000 13 659
72.010000 14 594
72.010000 15 659
72.010000 16 659
72.010000 17 544
72.010000 18 594
72.010000 19 617
72.010000 20 659
72.010000 21 552
72.010000 22 659
72.010000 23 621
72.010000 24 584
72.010000 25 490
73.010000 0 633
73.010000 1 651
73.010000 2 592
73.010000 3 625
73.010000 4 691
73.010000 5 691
73.010000 6 642
73.010000 7 691
73.010000 8 691
73.010000 9 691
73.010000 10 691
73.010000 11 691
73.010000 12 691
73.010000 13 691
73.010000 14 633
73.010000 15 691
73.010000 16 691
73.010000 17 567
73.010000 18 633
73.010000 19 592
73.010000 20 691
73.010000 21 575
73.010000 22 691
73.010000 23 611
73.010000 24 639
73.010000 25 560
74.010000 0 573
74.010000 1 593
74.010000 2 605
74.010000 3 588
74.010000 4 644
74.010000 5 644
74.010000 6 573
74.010000 7 644
74.010000 8 644
74.010000 9 644
74.010000 10 644
74.010000 11 644
74.010000 12 644
74.010000 13 644
74.010000 14 573
74.010000 15 644
74.010000 16 644
74.010000 17 517
74.010000 18 573
74.010000 19 605
74.010000 20 644
74.010000 21 555
74.010000 22 644
74.010000 23 605
74.010000 24 569
74.010000 25 491
75.010000 0 598
75.010000 1 599
75.010000 2 583
75.010000 3 597
75.010000 4 641
75.010000 5 641
75.010000 6 595
75.010000 7 641
75.010000 8 641
75.010000 9 641
75.010000 10 641
75.010000 11 641
75.010000 12 641
75.010000 13 641
75.010000 14 598
75.010000 15 641
75.010000 16 641
75.010000 17 554
75.010000 18 598
75.010000 19 583
75.010000 20 641
75.010000 21 529
75.010000 22 641
75.010000 23 593
75.010000 24 560
75.010000 25 474
76.010000 0 650
76.010000 1 571
76.010000 2 646
76.010000 3 652
76.010000 4 652
76.010000 5 652
76.010000 6 645
76.010000 7 652
76.010000 8 652
76.010000 9 652
76.010000 10 652
76.010000 11 652
76.010000 12 652
76.010000 13 652
76.010000 14 650
76.010000 15 652
76.010000 16 652
76.010000 17 650
76.010000 18 650
76.010000 19 646
76.010000 20 652
76.010000 21 564
76.010000 22 652
76.010000 23 652
76.010000 24 498
76.010000 25 338
77.010000 0 657
77.010000 1 582
77.010000 2 655
77.010000 3 654
77.010000 4 661
77.010000 5 661
77.010000 6 657
77.010000 7 661
77.010000 8 661
77.010000 9 661
77.010000 10 661
77.010000 11 661
77.010000 12 661
77.010000 13 661
77.010000 14 657
77.010000 15 661
77.010000 16 661
77.010000 17 650
77.010000 18 657
77.010000 19 655
77.010000 20 661
77.010000 21 579
77.010000 22 661
77.010000 23 653
77.010000 24 503
77.010000 25 348
78.010000 0 651
78.010000 1 686
78.010000 2 653
78.010000 3 650
78.010000 4 724
78.010000 5 724
78.010000 6 659
78.010000 7 724
78.010000 8 724
78.010000 9 724
78.010000 10 724
78.010000 11 724
78.010000 12 724
78.010000 13 724
78.010000 14 651
78.010000 15 724
78.010000 16 724
78.010000 17 577
78.010000 18 651
78.010000 19 653
78.010000 20 724
78.010000 21 621
78.010000 22 724
78.010000 23 646
78.010000 24 653
78.010000 25 573
79.010000 0 583
79.010000 1 551
79.010000 2 583
79.010000 3 590
79.010000 4 616
79.010000 5 616
79.010000 6 578
79.010000 7 616
79.010000 8 616
79.010000 9 616
79.010000 10 616
79.010000 11 616
79.010000 12 616
79.010000 13 616
79.010000 14 583
79.010000 15 616
79.010000 16 616
79.010000 17 557
79.010000 18 583
79.010000 19 583
79.010000 20 616
79.010000 21 522
79.010000 22 616
79.010000 23 592
79.010000 24 524
79.010000 25 405
80.010000 0 645
80.010000 1 660
80.010000 2 642
80.010000 3 643
80.010000 4 698
80.010000 5 698
80.010000 6 653
80.010000 7 698
80.010000 8 698
80.010000 9 698
80.010000 10 698
80.010000 11 698
80.010000 12 698
80.010000 13 698
80.010000 14 645
80.010000 15 698
80.010000 16 698
80.010000 17 590
80.010000 18 645
80.010000 19 642
80.010000 20 698
80.010000 21 600
80.010000 22 698
80.010000 23 641
80.010000 24 595
80.010000 25 505
81.010000 0 608
81.010000 1 601
81.010000 2 610
81.010000 3 615
81.010000 4 652
81.010000 5 652
81.010000 6 606
81.010000 7 652
81.010000 8 652
81.010000 9 652
81.010000 10 652
81.010000 11 652
81.010000 12 652
81.010000 13 652
81.010000 14 608
81.010000 15 652
81.010000 16 652
81.010000 17 571
81.010000 18 608
81.010000 19 610
81.010000 20 652
81.010000 21 560
81.010000 22 652
81.010000 23 617
81.010000 24 547
81.010000 25 452
82.010000 0 638
82.010000 1 638
82.010000 2 646
82.010000 3 632
82.010000 4 685
82.010000 5 685
82.010000 6 641
82.010000 7 685
82.010000 8 685
82.010000 9 685
82.010000 10 685
82.010000 11 685
82.010000 12 685
82.010000 13 685
82.010000 14 638
82.010000 15 685
82.010000 16 685
82.010000 17 585
82.010000 18 638
82.010000 19 646
82.010000 20 685
82.010000 21 613
82.010000 22 685
82.010000 23 624
82.010000 24 565
82.010000 25 483
83.010000 0 694
83.010000 1 698
83.010000 2 697
83.010000 3 695
83.010000 4 756
83.010000 5 756
83.010000 6 697
83.010000 7 756
83.010000 8 756
83.010000 9 756
83.010000 10 756
83.010000 11 756
83.010000 12 756
83.010000 13 756
83.010000 14 694
83.010000 15 756
83.010000 16 756
83.010000 17 633
83.010000 18 694
83.010000 19 697
83.010000 20 756
83.010000 21 645
83.010000 22 756
83.010000 23 697
83.010000 24 666
83.010000 25 559
84.010000 0 637
84.010000 1 642
84.010000 2 632
84.010000 3 629
84.010000 4 695
84.010000 5 695
84.010000 6 647
84.010000 7 695
84.010000 8 695
84.010000 9 695
84.010000 10 695
84.010000 11 695
84.010000 12 695
84.010000 13 695
84.010000 14 637
84.010000 15 695
84.010000 16 695
84.010000 17 571
84.010000 18 637
84.010000 19 632
84.010000 20 695
84.010000 21 576
84.010000 22 695
84.010000 23 634
84.010000 24 636
84.010000 25 527
85.010000 0 607
85.010000 1 614
85.010000 2 611
85.010000 3 617
85.010000 4 673
85.010000 5 673
85.010000 6 605
85.010000 7 673
85.010000 8 673
85.010000 9 673
85.010000 10 673
85.010000 11 673
85.010000 12 673
85.010000 13 673
85.010000 14 607
85.010000 15 673
85.010000 16 673
85.010000 17 551
85.010000 18 607
85.010000 19 611
85.010000 20 673
85.010000 21 566
85.010000 22 673
85.010000 23 607
85.010000 24 629
85.010000 25 528
86.010000 0 606
86.010000 1 612
86.010000 2 614
86.010000 3 606
86.010000 4 658
86.010000 5 658
86.010000 6 611
86.010000 7 658
86.010000 8 658
86.010000 9 658
86.010000 10 658
86.010000 11 658
86.010000 12 658
86.010000 13 658
86.010000 14 606
86.010000 15 658
86.010000 16 658
86.010000 17 554
86.010000 18 606
86.010000 19 614
86.010000 20 658
86.010000 21 562
86.010000 22 658
86.010000 23 613
86.010000 24 564
86.010000 25 476
87.010000 0 595
87.010000 1 590
87.010000 2 592
87.010000 3 601
87.010000 4 652
87.010000 5 652
87.010000 6 584
87.010000 7 652
87.010000 8 652
87.010000 9 652
87.010000 10 652
87.010000 11 652
87.010000 12 652
87.010000 13 652
87.010000 14 595
87.010000 15 652
87.010000 16 652
87.010000 17 544
87.010000 18 595
87.010000 19 592
87.010000 20 652
87.010000 21 539
87.010000 22 652
87.010000 23 600
87.010000 24 609
87.010000 25 506
88.010000 0 651
88.010000 1 662
88.010000 2 644
88.010000 3 632
88.010000 4 707
88.010000 5 707
88.010000 6 671
88.010000 7 707
88.010000 8 707
88.010000 9 707
88.010000 10 707
88.010000 11 707
88.010000 12 707
88.010000 13 707
88.010000 14 651
88.010000 15 707
88.010000 16 707
88.010000 17 576
88.010000 18 651
88.010000 19 644
88.010000 20 707
88.010000 21 611
88.010000 22 707
88.010000 23 631
88.010000 24 627
88.010000 25 527
89.010000 0 611
89.010000 1 631
89.010000 2 631
89.010000 3 630
89.010000 4 664
89.010000 5 664
89.010000 6 600
89.010000 7 664
89.010000 8 664
89.010000 9 664
89.010000 10 664
89.010000 11 664
89.010000 12 664
89.010000 13 664
89.010000 14 611
89.010000 15 664
89.010000 16 664
89.010000 17 577
89.010000 18 611
89.010000 19 631
89.010000 20 664
89.010000 21 580
89.010000 22 664
89.010000 23 626
89.010000 24 534
89.010000 25 469
90.010000 0 604
90.010000 1 595
90.010000 2 600
90.010000 3 606
90.010000 4 666
90.010000 5 666
90.010000 6 598
90.010000 7 666
90.010000 8 666
90.010000 9 666
90.010000 10 666
90.010000 11 666
90.010000 12 666
90.010000 13 666
90.010000 14 604
90.010000 15 666
90.010000 16 666
90.010000 17 544
90.010000 18 604
90.010000 19 600
90.010000 20 666
90.010000 21 528
90.010000 22 666
90.010000 23 603
90.010000 24 666
90.010000 25 528
91.010000 0 614
91.010000 1 627
91.010000 2 621
91.010000 3 620
91.010000 4 643
91.010000 5 643
91.010000 6 615
91.010000 7 643
91.010000 8 643
91.010000 9 643
91.010000 10 643
91.010000 11 643
91.010000 12 643
91.010000 13 643
91.010000 14 614
91.010000 15 643
91.010000 16 643
91.010000 17 591
91.010000 18 614
91.010000 19 621
91.010000 20 643
91.010000 21 605
91.010000 22 643
91.010000 23 623
91.010000 24 424
91.010000 25 395
92.010000 0 686
92.010000 1 664
92.010000 2 667
92.010000 3 671
92.010000 4 732
92.010000 5 732
92.010000 6 708
92.010000 7 732
92.010000 8 732
92.010000 9 732
92.010000 10 732
92.010000 11 732
92.010000 12 732
92.010000 13 732
92.010000 14 686
92.010000 15 732
92.010000 16 732
92.010000 17 625
92.010000 18 686
92.010000 19 667
92.010000 20 732
92.010000 21 628
92.010000 22 732
92.010000 23 663
92.010000 24 645
92.010000 25 524
93.010000 0 529
93.010000 1 554
93.010000 2 557
93.010000 3 550
93.010000 4 577
93.010000 5 577
93.010000 6 508
93.010000 7 577
93.010000 8 577
93.010000 9 577
93.010000 10 577
93.010000 11 577
93.010000 12 577
93.010000 13 577
93.010000 14 529
93.010000 15 577
93.010000 16 577
93.010000 17 502
93.010000 18 529
93.010000 19 557
93.010000 20 577
93.010000 21 502
93.010000 22 577
93.010000 23 553
93.010000 24 457
93.010000 25 406
94.010000 0 680
94.010000 1 676
94.010000 2 680
94.010000 3 680
94.010000 4 680
94.010000 5 680
94.010000 6 680
94.010000 7 680
94.010000 8 680
94.010000 9 680
94.010000 10 680
94.010000 11 680
94.010000 12 680
94.010000 13 680
94.010000 14 680
94.010000 15 680
94.010000 16 680
94.010000 17 680
94.010000 18 680
94.010000 19 680
94.010000 20 680
94.010000 21 673
94.010000 22 680
94.010000 23 680
94.010000 24 350
94.010000 25 341
95.010000 0 632
95.010000 1 622
95.010000 2 628
95.010000 3 630
95.010000 4 658
95.010000 5 658
95.010000 6 635
95.010000 7 658
95.010000 8 658
95.010000 9 658
95.010000 10 658
95.010000 11 658
95.010000 12 658
95.010000 13 658
95.010000 14 632
95.010000 15 658
95.010000 16 658
95.010000 17 604
95.010000 18 632
95.010000 19 628
95.010000 20 658
95.010000 21 594
95.010000 22 658
95.010000 23 630
95.010000 24 482
95.010000 25 411
96.010000 0 653
96.010000 1 662
96.010000 2 640
96.010000 3 647
96.010000 4 696
96.010000 5 696
96.010000 6 653
96.010000 7 696
96.010000 8 696
96.010000 9 696
96.010000 10 696
96.010000 11 696
96.010000 12 696
96.010000 13 696
96.010000 14 653
96.010000 15 696
96.010000 16 696
96.010000 17 604
96.010000 18 653
96.010000 19 640
96.010000 20 696
96.010000 21 611
96.010000 22 696
96.010000 23 647
96.010000 24 557
96.010000 25 498
97.010000 0 649
97.010000 1 645
97.010000 2 646
97.010000 3 648
97.010000 4 693
97.010000 5 693
97.010000 6 645
97.010000 7 693
97.010000 8 693
97.010000 9 693
97.010000 10 693
97.010000 11 693
97.010000 12 693
97.010000 13 693
97.010000 14 649
97.010000 15 693
97.010000 16 693
97.010000 17 604
97.010000 18 649
97.010000 19 646
97.010000 20 693
97.010000 21 600
97.010000 22 693
97.010000 23 646
97.010000 24 578
97.010000 25 487
98.010000 0 643
98.010000 1 637
98.010000 2 629
98.010000 3 633
98.010000 4 688
98.010000 5 688
98.010000 6 645
98.010000 7 688
98.010000 8 688
98.010000 9 688
98.010000 10 688
98.010000 11 688
98.010000 12 688
98.010000 13 688
98.010000 14 643
98.010000 15 688
98.010000 16 688
98.010000 17 588
98.010000 18 643
98.010000 19 629
98.010000 20 688
98.010000 21 577
98.010000 22 688
98.010000 23 627
98.010000 24 609
98.010000 25 504
99.010000 0 616
99.010000 1 601
99.010000 2 603
99.010000 3 627
99.010000 4 667
99.010000 5 667
99.010000 6 610
99.010000 7 667
99.010000 8 667
99.010000 9 667
99.010000 10 667
99.010000 11 667
99.010000 12 667
99.010000 13 667
99.010000 14 616
99.010000 15 667
99.010000 16 667
99.010000 17 576
99.010000 18 616
99.010000 19 603
99.010000 20 667
99.010000 21 539
99.010000 22 667
99.010000 23 631
99.010000 24 614
99.010000 25 495
100.010000 0 623
100.010000 1 641
100.010000 2 632
100.010000 3 625
100.010000 4 704
100.010000 5 704
100.010000 6 632
100.010000 7 704
100.010000 8 704
100.010000 9 704
100.010000 10 704
100.010000 11 704
100.010000 12 704
100.010000 13 704
100.010000 14 623
100.010000 15 704
100.010000 16 704
100.010000 17 544
100.010000 18 623
100.010000 19 632
100.010000 20 704
100.010000 21 579
100.010000 22 704
100.010000 23 626
100.010000 24 701
100.010000 25 573
101.010000 0 595
101.010000 1 591
101.010000 2 607
101.010000 3 599
101.010000 4 657
101.010000 5 657
101.010000 6 590
101.010000 7 657
101.010000 8 657
101.010000 9 657
101.010000 10 657
101.010000 11 657
101.010000 12 657
101.010000 13 657
101.010000 14 595
101.010000 15 657
101.010000 16 657
101.010000 17 537
101.010000 18 595
101.010000 19 607
101.010000 20 657
101.010000 21 542
101.010000 22 657
101.010000 23 604
101.010000 24 621
101.010000 25 507
102.010000 0 612
102.010000 1 608
102.010000 2 617
102.010000 3 605
102.010000 4 674
102.010000 5 674
102.010000 6 617
102.010000 7 674
102.010000 8 674
102.010000 9 674
102.010000 10 674
102.010000 11 674
102.010000 12 674
102.010000 13 674
102.010000 14 612
102.010000 15 674
102.010000 16 674
102.010000 17 543
102.010000 18 612
102.010000 19 617
102.010000 20 674
102.010000 21 554
102.010000 22 674
102.010000 23 605
102.010000 24 651
102.010000 25 523
103.010000 0 628
103.010000 1 620
103.010000 2 626
103.010000 3 633
103.010000 4 680
103.010000 5 680
103.010000 6 621
103.010000 7 680
103.010000 8 680
103.010000 9 680
103.010000 10 680
103.010000 11 680
103.010000 12 680
103.010000 13 680
103.010000 14 628
103.010000 15 680
103.010000 16 680
103.010000 17 581
103.010000 18 628
103.010000 19 626
103.010000 20 680
103.010000 21 562
103.010000 22 680
103.010000 23 626
103.010000 24 617
103.010000 25 507
104.010000 0 630
104.010000 1 635
104.010000 2 615
104.010000 3 623
104.010000 4 686
104.010000 5 686
104.010000 6 637
104.010000 7 686
104.010000 8 686
104.010000 9 686
104.010000 10 686
104.010000 11 686
104.010000 12 686
104.010000 13 686
104.010000 14 630
104.010000 15 686
104.010000 16 686
104.010000 17 567
104.010000 18 630
104.010000 19 615
104.010000 20 686
104.010000 21 572
104.010000 22 686
104.010000 23 612
104.010000 24 629
104.010000 25 535
105.010000 0 626
105.010000 1 602
105.010000 2 594
105.010000 3 637
105.010000 4 680
105.010000 5 680
105.010000 6 629
105.010000 7 680
105.010000 8 680
105.010000 9 680
105.010000 10 680
105.010000 11 680
105.010000 12 680
105.010000 13 680
105.010000 14 626
105.010000 15 680
105.010000 16 680
105.010000 17 583
105.010000 18 626
105.010000 19 594
105.010000 20 680
105.010000 21 552
105.010000 22 680
105.010000 23 622
105.010000 24 650
105.010000 25 528
106.010000 0 621
106.010000 1 644
106.010000 2 639
106.010000 3 610
106.010000 4 679
106.010000 5 679
106.010000 6 615
106.010000 7 679
106.010000 8 679
106.010000 9 679
106.010000 10 679
106.010000 11 679
106.010000 12 679
106.010000 13 679
106.010000 14 621
106.010000 15 679
106.010000 16 679
106.010000 17 552
106.010000 18 621
106.010000 19 639
106.010000 20 679
106.010000 21 566
106.010000 22 679
106.010000 23 621
106.010000 24 607
106.010000 25 509
107.010000 0 623
107.010000 1 607
107.010000 2 607
107.010000 3 620
107.010000 4 674
107.010000 5 674
107.010000 6 630
107.010000 7 674
107.010000 8 674
107.010000 9 674
107.010000 10 674
107.010000 11 674
107.010000 12 674
107.010000 13 674
107.010000 14 623
107.010000 15 674
107.010000 16 674
107.010000 17 569
107.010000 18 623
107.010000 19 607
107.010000 20 674
107.010000 21 573
107.010000 22 674
107.010000 23 615
107.010000 24 613
107.010000 25 504
108.010000 0 591
108.010000 1 638
108.010000 2 616
108.010000 3 591
108.010000 4 670
108.010000 5 670
108.010000 6 596
108.010000 7 670
108.010000 8 670
108.010000 9 670
108.010000 10 670
108.010000 11 670
108.010000 12 670
108.010000 13 670
108.010000 14 591
108.010000 15 670
108.010000 16 670
108.010000 17 512
108.010000 18 591
108.010000 19 616
108.010000 20 670
108.010000 21 576
108.010000 22 670
108.010000 23 606
108.010000 24 607
108.010000 25 539
109.010000 0 651
109.010000 1 671
109.010000 2 640
109.010000 3 652
109.010000 4 715
109.010000 5 715
109.010000 6 652
109.010000 7 715
109.010000 8 715
109.010000 9 715
109.010000 10 715
109.010000 11 715
109.010000 12 715
109.010000 13 715
109.010000 14 651
109.010000 15 715
109.010000 16 715
109.010000 17 588
109.010000 18 651
109.010000 19 640
109.010000 20 715
109.010000 21 595
109.010000 22 715
109.010000 23 652
109.010000 24 647
109.010000 25 560
110.010000 0 623
110.010000 1 621
110.010000 2 609
110.010000 3 622
110.010000 4 683
110.010000 5 683
110.010000 6 611
110.010000 7 683
110.010000 8 683
110.010000 9 683
110.010000 10 683
110.010000 11 683
110.010000 12 683
110.010000 13 683
110.010000 14 623
110.010000 15 683
110.010000 16 683
110.010000 17 562
110.010000 18 623
110.010000 19 609
110.010000 20 683
110.010000 21 547
110.010000 22 683
110.010000 23 612
110.010000 24 672
110.010000 25 547
111.010000 0 627
111.010000 1 609
111.010000 2 637
111.010000 3 631
111.010000 4 695
111.010000 5 695
111.010000 6 644
111.010000 7 695
111.010000 8 695
111.010000 9 695
111.010000 10 695
111.010000 11 695
111.010000 12 695
111.010000 13 695
111.010000 14 627
111.010000 15 695
111.010000 16 695
111.010000 17 563
111.010000 18 627
111.010000 19 637
111.010000 20 695
111.010000 21 574
111.010000 22 695
111.010000 23 632
111.010000 24 681
111.010000 25 525
112.010000 0 587
112.010000 1 581
112.010000 2 611
112.010000 3 595
112.010000 4 644
112.010000 5 644
112.010000 6 578
112.010000 7 644
112.010000 8 644
112.010000 9 644
112.010000 10 644
112.010000 11 644
112.010000 12 644
112.010000 13 644
112.010000 14 587
112.010000 15 644
112.010000 16 644
112.010000 17 538
112.010000 18 587
112.010000 19 611
112.010000 20 644
112.010000 21 526
112.010000 22 644
112.010000 23 606
112.010000 24 598
112.010000 25 470
113.010000 0 605
113.010000 1 565
113.010000 2 575
113.010000 3 601
113.010000 4 625
113.010000 5 625
113.010000 6 602
113.010000 7 625
113.010000 8 625
113.010000 9 625
113.010000 10 625
113.010000 11 625
113.010000 12 625
113.010000 13 625
113.010000 14 605
113.010000 15 625
113.010000 16 625
113.010000 17 581
113.010000 18 605
113.010000 19 575
113.010000 20 625
113.010000 21 518
113.010000 22 625
113.010000 23 598
113.010000 24 524
113.010000 25 412
114.010000 0 668
114.010000 1 652
114.010000 2 665
114.010000 3 663
114.010000 4 718
114.010000 5 718
114.010000 6 678
114.010000 7 718
114.010000 8 718
114.010000 9 718
114.010000 10 718
114.010000 11 718
114.010000 12 718
114.010000 13 718
114.010000 14 668
114.010000 15 718
114.010000 16 718
114.010000 17 613
114.010000 18 668
114.010000 19 665
114.010000 20 718
114.010000 21 613
114.010000 22 718
114.010000 23 661
114.010000 24 634
114.010000 25 510
115.010000 0 619
115.010000 1 665
115.010000 2 619
115.010000 3 610
115.010000 4 694
115.010000 5 694
115.010000 6 613
115.010000 7 694
115.010000 8 694
115.010000 9 694
115.010000 10 694
115.010000 11 694
115.010000 12 694
115.010000 13 694
115.010000 14 619
115.010000 15 694
115.010000 16 694
115.010000 17 535
115.010000 18 619
115.010000 19 619
115.010000 20 694
115.010000 21 592
115.010000 22 694
115.010000 23 608
115.010000 24 641
115.010000 25 585
116.010000 0 621
116.010000 1 611
116.010000 2 618
116.010000 3 627
116.010000 4 669
116.010000 5 669
116.010000 6 623
116.010000 7 669
116.010000 8 669
116.010000 9 669
116.010000 10 669
116.010000 11 669
116.010000 12 669
116.010000 13 669
116.010000 14 621
116.010000 15 669
116.010000 16 669
116.010000 17 579
116.010000 18 621
116.010000 19 618
116.010000 20 669
116.010000 21 532
116.010000 22 669
116.010000 23 641
116.010000 24 605
116.010000 25 474
117.010000 0 572
117.010000 1 478
117.010000 2 572
117.010000 3 582
117.010000 4 582
117.010000 5 582
117.010000 6 562
117.010000 7 582
117.010000 8 582
117.010000 9 582
117.010000 10 582
117.010000 11 582
117.010000 12 582
117.010000 13 582
117.010000 14 572
117.010000 15 582
117.010000 16 582
117.010000 17 572
117.010000 18 572
117.010000 19 572
117.010000 20 582
117.010000 21 482
117.010000 22 582
117.010000 23 582
117.010000 24 503
117.010000 25 323
118.010000 0 667
118.010000 1 601
118.010000 2 661
118.010000 3 664
118.010000 4 679
118.010000 5 679
118.010000 6 667
118.010000 7 679
118.010000 8 679
118.010000 9 679
118.010000 10 679
118.010000 11 679
118.010000 12 679
118.010000 13 679
118.010000 14 667
118.010000 15 679
118.010000 16 679
118.010000 17 652
118.010000 18 667
118.010000 19 661
118.010000 20 679
118.010000 21 596
118.010000 22 679
118.010000 23 657
118.010000 24 533
118.010000 25 386
119.010000 0 668
119.010000 1 608
119.010000 2 650
119.010000 3 670
119.010000 4 684
119.010000 5 684
119.010000 6 666
119.010000 7 684
119.010000 8 684
119.010000 9 684
119.010000 10 684
119.010000 11 684
119.010000 12 684
119.010000 13 684
119.010000 14 668
119.010000 15 684
119.010000 16 684
119.010000 17 654
119.010000 18 668
119.010000 19 650
119.010000 20 684
119.010000 21 593
119.010000 22 684
119.010000 23 647
119.010000 24 557
119.010000 25 413
120.010000 0 691
120.010000 1 675
120.010000 2 718
120.010000 3 675
120.010000 4 736
120.010000 5 736
120.010000 6 692
120.010000 7 736
120.010000 8 736
120.010000 9 736
120.010000 10 736
120.010000 11 736
120.010000 12 736
120.010000 13 736
120.010000 14 691
120.010000 15 736
120.010000 16 736
120.010000 17 630
120.010000 18 691
120.010000 19 718
120.010000 20 736
120.010000 21 645
120.010000 22 736
120.010000 23 687
120.010000 24 613
120.010000 25 492
121.010000 0 580
121.010000 1 604
121.010000 2 577
121.010000 3 592
121.010000 4 638
121.010000 5 638
121.010000 6 578
121.010000 7 638
121.010000 8 638
121.010000 9 638
121.010000 10 638
121.010000 11 638
121.010000 12 638
121.010000 13 638
121.010000 14 580
121.010000 15 638
121.010000 16 638
121.010000 17 534
121.010000 18 580
121.010000 19 577
121.010000 20 638
121.010000 21 535
121.010000 22 638
121.010000 23 589
121.010000 24 559
121.010000 25 490
122.010000 0 598
122.010000 1 625
122.010000 2 579
122.010000 3 592
122.010000 4 662
122.010000 5 662
122.010000 6 593
122.010000 7 662
122.010000 8 662
122.010000 9 662
122.010000 10 662
122.010000 11 662
122.010000 12 662
122.010000 13 662
122.010000 14 598
122.010000 15 662
122.010000 16 662
122.010000 17 528
122.010000 18 598
122.010000 19 579
122.010000 20 662
122.010000 21 570
122.010000 22 662
122.010000 23 595
122.010000 24 596
122.010000 25 548
123.010000 0 610
123.010000 1 646
123.010000 2 612
123.010000 3 608
123.010000 4 680
123.010000 5 680
123.010000 6 612
123.010000 7 680
123.010000 8 680
123.010000 9 680
123.010000 10 680
123.010000 11 680
123.010000 12 680
123.010000 13 680
123.010000 14 610
123.010000 15 680
123.010000 16 680
123.010000 17 538
123.010000 18 610
123.010000 19 612
123.010000 20 680
123.010000 21 592
123.010000 22 680
123.010000 23 605
123.010000 24 606
123.010000 25 549
124.010000 0 613
124.010000 1 632
124.010000 2 631
124.010000 3 623
124.010000 4 673
124.010000 5 673
124.010000 6 609
124.010000 7 673
124.010000 8 673
124.010000 9 673
124.010000 10 673
124.010000 11 673
124.010000 12 673
124.010000 13 673
124.010000 14 613
124.010000 15 673
124.010000 16 673
124.010000 17 563
124.010000 18 613
124.010000 19 631
124.010000 20 673
124.010000 21 572
124.010000 22 673
124.010000 23 627
124.010000 24 584
124.010000 25 493
125.010000 0 630
125.010000 1 663
125.010000 2 608
125.010000 3 622
125.010000 4 690
125.010000 5 690
125.010000 6 641
125.010000 7 690
125.010000 8 690
125.010000 9 690
125.010000 10 690
125.010000 11 690
125.010000 12 690
125.010000 13 690
125.010000 14 630
125.010000 15 690
125.010000 16 690
125.010000 17 562
125.010000 18 630
125.010000 19 608
125.010000 20 690
125.010000 21 573
125.010000 22 690
125.010000 23 621
125.010000 24 620
125.010000 25 542
126.010000 0 623
126.010000 1 634
126.010000 2 624
126.010000 3 623
126.010000 4 688
126.010000 5 688
126.010000 6 626
126.010000 7 688
126.010000 8 688
126.010000 9 688
126.010000 10 688
126.010000 11 688
126.010000 12 688
126.010000 13 688
126.010000 14 623
126.010000 15 688
126.010000 16 688
126.010000 17 558
126.010000 18 623
126.010000 19 624
126.010000 20 688
126.010000 21 604
126.010000 22 688
126.010000 23 621
126.010000 24 612
126.010000 25 537
127.010000 0 593
127.010000 1 575
127.010000 2 588
127.010000 3 605
127.010000 4 618
127.010000 5 618
127.010000 6 581
127.010000 7 618
127.010000 8 618
127.010000 9 618
127.010000 10 618
127.010000 11 618
127.010000 12 618
127.010000 13 618
127.010000 14 593
127.010000 15 618
127.010000 16 618
127.010000 17 580
127.010000 18 593
127.010000 19 588
127.010000 20 618
127.010000 21 505
127.010000 22 618
127.010000 23 610
127.010000 24 496
127.010000 25 391
128.010000 0 649
128.010000 1 588
128.010000 2 648
128.010000 3 647
128.010000 4 667
128.010000 5 667
128.010000 6 649
128.010000 7 667
128.010000 8 667
128.010000 9 667
128.010000 10 667
128.010000 11 667
128.010000 12 667
128.010000 13 667
128.010000 14 649
128.010000 15 667
128.010000 16 667
128.010000 17 629
128.010000 18 649
128.010000 19 648
128.010000 20 667
128.010000 21 589
128.010000 22 667
128.010000 23 643
128.010000 24 533
128.010000 25 390
129.010000 0 656
129.010000 1 668
129.010000 2 649
129.010000 3 661
129.010000 4 718
129.010000 5 718
129.010000 6 664
129.010000 7 718
129.010000 8 718
129.010000 9 718
129.010000 10 718
129.010000 11 718
129.010000 12 718
129.010000 13 718
129.010000 14 656
129.010000 15 718
129.010000 16 718
129.010000 17 599
129.010000 18 656
129.010000 19 649
129.010000 20 718
129.010000 21 629
129.010000 22 718
129.010000 23 644
129.010000 24 627
129.010000 25 546
130.010000 0 641
130.010000 1 690
130.010000 2 647
130.010000 3 633
130.010000 4 722
130.010000 5 722
130.010000 6 645
130.010000 7 722
130.010000 8 722
130.010000 9 722
130.010000 10 722
130.010000 11 722
130.010000 12 722
130.010000 13 722
130.010000 14 641
130.010000 15 722
130.010000 16 722
130.010000 17 552
130.010000 18 641
130.010000 19 647
130.010000 20 722
130.010000 21 602
130.010000 22 722
130.010000 23 637
130.010000 24 681
130.010000 25 600
131.010000 0 655
131.010000 1 695
131.010000 2 675
131.010000 3 655
131.010000 4 749
131.010000 5 749
131.010000 6 665
131.010000 7 749
131.010000 8 749
131.010000 9 749
131.010000 10 749
131.010000 11 749
131.010000 12 749
131.010000 13 749
131.010000 14 655
131.010000 15 749
131.010000 16 749
131.010000 17 561
131.010000 18 655
131.010000 19 675
131.010000 20 749
131.010000 21 631
131.010000 22 749
131.010000 23 661
131.010000 24 725
131.010000 25 630
132.010000 0 556
132.010000 1 584
132.010000 2 572
132.010000 3 562
132.010000 4 631
132.010000 5 631
132.010000 6 560
132.010000 7 631
132.010000 8 631
132.010000 9 631
132.010000 10 631
132.010000 11 631
132.010000 12 631
132.010000 13 631
132.010000 14 556
132.010000 15 631
132.010000 16 631
132.010000 17 487
132.010000 18 556
132.010000 19 572
132.010000 20 631
132.010000 21 524
132.010000 22 631
132.010000 23 559
132.010000 24 610
132.010000 25 521
133.010000 0 570
133.010000 1 566
133.010000 2 578
133.010000 3 584
133.010000 4 610
133.010000 5 610
133.010000 6 561
133.010000 7 610
133.010000 8 610
133.010000 9 610
133.010000 10 610
133.010000 11 610
133.010000 12 610
133.010000 13 610
133.010000 14 570
133.010000 15 610
133.010000 16 610
133.010000 17 544
133.010000 18 570
133.010000 19 578
133.010000 20 610
133.010000 21 525
133.010000 22 610
133.010000 23 581
133.010000 24 500
133.010000 25 415
134.010000 0 615
134.010000 1 611
134.010000 2 601
134.010000 3 614
134.010000 4 659
134.010000 5 659
134.010000 6 610
134.010000 7 659
134.010000 8 659
134.010000 9 659
134.010000 10 659
134.010000 11 659
134.010000 12 659
134.010000 13 659
134.010000 14 615
134.010000 15 659
134.010000 16 659
134.010000 17 570
134.010000 18 615
134.010000 19 601
134.010000 20 659
134.010000 21 557
134.010000 22 659
134.010000 23 611
134.010000 24 569
134.010000 25 484
135.010000 0 646
135.010000 1 628
135.010000 2 630
135.010000 3 647
135.010000 4 688
135.010000 5 688
135.010000 6 650
135.010000 7 688
135.010000 8 688
135.010000 9 688
135.010000 10 688
135.010000 11 688
135.010000 12 688
135.010000 13 688
135.010000 14 646
135.010000 15 688
135.010000 16 688
135.010000 17 605
135.010000 18 646
135.010000 19 630
135.010000 20 688
135.010000 21 570
135.010000 22 688
135.010000 23 649
135.010000 24 602
135.010000 25 482
136.010000 0 586
136.010000 1 591
136.010000 2 581
136.010000 3 586
136.010000 4 628
136.010000 5 628
136.010000 6 582
136.010000 7 628
136.010000 8 628
136.010000 9 628
136.010000 10 628
136.010000 11 628
136.010000 12 628
136.010000 13 628
136.010000 14 586
136.010000 15 628
136.010000 16 628
136.010000 17 544
136.010000 18 586
136.010000 19 581
136.010000 20 628
136.010000 21 526
136.010000 22 628
136.010000 23 588
136.010000 24 538
136.010000 25 446
137.010000 0 655
137.010000 1 630
137.010000 2 650
137.010000 3 653
137.010000 4 698
137.010000 5 698
137.010000 6 661
137.010000 7 698
137.010000 8 698
137.010000 9 698
137.010000 10 698
137.010000 11 698
137.010000 12 698
137.010000 13 698
137.010000 14 655
137.010000 15 698
137.010000 16 698
137.010000 17 610
137.010000 18 655
137.010000 19 650
137.010000 20 698
137.010000 21 624
137.010000 22 698
137.010000 23 654
137.010000 24 578
137.010000 25 479
138.010000 0 627
138.010000 1 629
138.010000 2 622
138.010000 3 629
138.010000 4 672
138.010000 5 672
138.010000 6 623
138.010000 7 672
138.010000 8 672
138.010000 9 672
138.010000 10 672
138.010000 11 672
138.010000 12 672
138.010000 13 672
138.010000 14 627
138.010000 15 672
138.010000 16 672
138.010000 17 584
138.010000 18 627
138.010000 19 622
138.010000 20 672
138.010000 21 562
138.010000 22 672
138.010000 23 623
138.010000 24 584
138.010000 25 477
139.010000 0 731
139.010000 1 760
139.010000 2 721
139.010000 3 704
139.010000 4 803
139.010000 5 803
139.010000 6 753
139.010000 7 803
139.010000 8 803
139.010000 9 803
139.010000 10 803
139.010000 11 803
139.010000 12 803
139.010000 13 803
139.010000 14 731
139.010000 15 803
139.010000 16 803
139.010000 17 632
139.010000 18 731
139.010000 19 721
139.010000 20 803
139.010000 21 711
139.010000 22 803
139.010000 23 684
139.010000 24 719
139.010000 25 641
140.010000 0 560
140.010000 1 575
140.010000 2 604
140.010000 3 576
140.010000 4 632
140.010000 5 632
140.010000 6 563
140.010000 7 632
140.010000 8 632
140.010000 9 632
140.010000 10 632
140.010000 11 632
140.010000 12 632
140.010000 13 632
140.010000 14 560
140.010000 15 632
140.010000 16 632
140.010000 17 504
140.010000 18 560
140.010000 19 604
140.010000 20 632
140.010000 21 563
140.010000 22 632
140.010000 23 599
140.010000 24 543
140.010000 25 473
141.010000 0 610
141.010000 1 653
141.010000 2 608
141.010000 3 612
141.010000 4 668
141.010000 5 668
141.010000 6 621
141.010000 7 668
141.010000 8 668
141.010000 9 668
141.010000 10 668
141.010000 11 668
141.010000 12 668
141.010000 13 668
141.010000 14 610
141.010000 15 668
141.010000 16 668
141.010000 17 554
141.010000 18 610
141.010000 19 608
141.010000 20 668
141.010000 21 557
141.010000 22 668
141.010000 23 610
141.010000 24 573
141.010000 25 500
142.010000 0 571
142.010000 1 568
142.010000 2 583
142.010000 3 586
142.010000 4 621
142.010000 5 621
142.010000 6 550
142.010000 7 621
142.010000 8 621
142.010000 9 621
142.010000 10 621
142.010000 11 621
142.010000 12 621
142.010000 13 621
142.010000 14 571
142.010000 15 621
142.010000 16 621
142.010000 17 536
142.010000 18 571
142.010000 19 583
142.010000 20 621
142.010000 21 534
142.010000 22 621
142.010000 23 583
142.010000 24 537
142.010000 25 456
143.010000 0 602
143.010000 1 647
143.010000 2 599
143.010000 3 602
143.010000 4 667
143.010000 5 667
143.010000 6 602
143.010000 7 667
143.010000 8 667
143.010000 9 667
143.010000 10 667
143.010000 11 667
143.010000 12 667
143.010000 13 667
143.010000 14 602
143.010000 15 667
143.010000 16 667
143.010000 17 537
143.010000 18 602
143.010000 19 599
143.010000 20 667
143.010000 21 566
143.010000 22 667
143.010000 23 599
143.010000 24 586
143.010000 25 533
144.010000 0 615
144.010000 1 642
144.010000 2 618
144.010000 3 620
144.010000 4 678
144.010000 5 678
144.010000 6 612
144.010000 7 678
144.010000 8 678
144.010000 9 678
144.010000 10 678
144.010000 11 678
144.010000 12 678
144.010000 13 678
144.010000 14 615
144.010000 15 678
144.010000 16 678
144.010000 17 557
144.010000 18 615
144.010000 19 618
144.010000 20 678
144.010000 21 581
144.010000 22 678
144.010000 23 617
144.010000 24 595
144.010000 25 524
145.010000 0 611
145.010000 1 640
145.010000 2 600
145.010000 3 610
145.010000 4 675
145.010000 5 675
145.010000 6 622
145.010000 7 675
145.010000 8 675
145.010000 9 675
145.010000 10 675
145.010000 11 675
145.010000 12 675
145.010000 13 675
145.010000 14 611
145.010000 15 675
145.010000 16 675
145.010000 17 546
145.010000 18 611
145.010000 19 600
145.010000 20 675
145.010000 21 578
145.010000 22 675
145.010000 23 614
145.010000 24 595
145.010000 25 530
146.010000 0 666
146.010000 1 668
146.010000 2 647
146.010000 3 658
146.010000 4 716
146.010000 5 716
146.010000 6 659
146.010000 7 716
146.010000 8 716
146.010000 9 716
146.010000 10 716
146.010000 11 716
146.010000 12 716
146.010000 13 716
146.010000 14 666
146.010000 15 716
146.010000 16 716
146.010000 17 608
146.010000 18 666
146.010000 19 647
146.010000 20 716
146.010000 21 590
146.010000 22 716
146.010000 23 646
146.010000 24 650
146.010000 25 544
147.010000 0 545
147.010000 1 494
147.010000 2 542
147.010000 3 557
147.010000 4 574
147.010000 5 574
147.010000 6 539
147.010000 7 574
147.010000 8 574
147.010000 9 574
147.010000 10 574
147.010000 11 574
147.010000 12 574
147.010000 13 574
147.010000 14 545
147.010000 15 574
147.010000 16 574
147.010000 17 528
147.010000 18 545
147.010000 19 542
147.010000 20 574
147.010000 21 472
147.010000 22 574
147.010000 23 570
147.010000 24 504
147.010000 25 369
148.010000 0 648
148.010000 1 647
148.010000 2 656
148.010000 3 645
148.010000 4 697
148.010000 5 697
148.010000 6 652
148.010000 7 697
148.010000 8 697
148.010000 9 697
148.010000 10 697
148.010000 11 697
148.010000 12 697
148.010000 13 697
148.010000 14 648
148.010000 15 697
148.010000 16 697
148.010000 17 596
148.010000 18 648
148.010000 19 656
148.010000 20 697
148.010000 21 607
148.010000 22 697
148.010000 23 642
148.010000 24 594
148.010000 25 485
149.010000 0 609
149.010000 1 628
149.010000 2 595
149.010000 3 608
149.010000 4 666
149.010000 5 666
149.010000 6 604
149.010000 7 666
149.010000 8 666
149.010000 9 666
149.010000 10 666
149.010000 11 666
149.010000 12 666
149.010000 13 666
149.010000 14 609
149.010000 15 666
149.010000 16 666
149.010000 17 551
149.010000 18 609
149.010000 19 595
149.010000 20 666
149.010000 21 565
149.010000 22 666
149.010000 23 606
149.010000 24 592
149.010000 25 521
