0.010000 0 0
0.010000 1 0
0.010000 2 0
0.010000 3 0
0.010000 4 0
0.010000 5 0
0.010000 6 0
0.010000 7 0
0.010000 8 0
0.010000 9 0
0.010000 10 0
0.010000 11 0
0.010000 12 0
0.010000 13 0
0.010000 14 0
0.010000 15 0
0.010000 16 0
0.010000 17 0
0.010000 18 0
1.010000 0 0
1.010000 1 0
1.010000 2 0
1.010000 3 0
1.010000 4 0
1.010000 5 0
1.010000 6 0
1.010000 7 0
1.010000 8 0
1.010000 9 0
1.010000 10 0
1.010000 11 0
1.010000 12 0
1.010000 13 0
1.010000 14 0
1.010000 15 0
1.010000 16 0
1.010000 17 0
1.010000 18 0
2.010000 0 0
2.010000 1 0
2.010000 2 0
2.010000 3 0
2.010000 4 0
2.010000 5 0
2.010000 6 0
2.010000 7 0
2.010000 8 0
2.010000 9 0
2.010000 10 0
2.010000 11 0
2.010000 12 0
2.010000 13 0
2.010000 14 0
2.010000 15 0
2.010000 16 0
2.010000 17 0
2.010000 18 0
3.010000 0 0
3.010000 1 0
3.010000 2 0
3.010000 3 0
3.010000 4 0
3.010000 5 0
3.010000 6 0
3.010000 7 0
3.010000 8 0
3.010000 9 0
3.010000 10 0
3.010000 11 0
3.010000 12 0
3.010000 13 0
3.010000 14 0
3.010000 15 0
3.010000 16 0
3.010000 17 0
3.010000 18 0
4.010000 0 0
4.010000 1 0
4.010000 2 0
4.010000 3 0
4.010000 4 0
4.010000 5 0
4.010000 6 0
4.010000 7 0
4.010000 8 0
4.010000 9 0
4.010000 10 0
4.010000 11 0
4.010000 12 0
4.010000 13 0
4.010000 14 0
4.010000 15 0
4.010000 16 0
4.010000 17 0
4.010000 18 0
5.010000 0 0
5.010000 1 0
5.010000 2 0
5.010000 3 0
5.010000 4 0
5.010000 5 0
5.010000 6 0
5.010000 7 0
5.010000 8 0
5.010000 9 0
5.010000 10 0
5.010000 11 0
5.010000 12 0
5.010000 13 0
5.010000 14 0
5.010000 15 0
5.010000 16 0
5.010000 17 0
5.010000 18 0
6.010000 0 0
6.010000 1 0
6.010000 2 0
6.010000 3 0
6.010000 4 0
6.010000 5 0
6.010000 6 0
6.010000 7 0
6.010000 8 0
6.010000 9 0
6.010000 10 0
6.010000 11 0
6.010000 12 0
6.010000 13 0
6.010000 14 0
6.010000 15 0
6.010000 16 0
6.010000 17 0
6.010000 18 0
7.010000 0 0
7.010000 1 0
7.010000 2 0
7.010000 3 0
7.010000 4 0
7.010000 5 0
7.010000 6 0
7.010000 7 0
7.010000 8 0
7.010000 9 0
7.010000 10 0
7.010000 11 0
7.010000 12 0
7.010000 13 0
7.010000 14 0
7.010000 15 0
7.010000 16 0
7.010000 17 0
7.010000 18 0
8.010000 0 0
8.010000 1 0
8.010000 2 0
8.010000 3 0
8.010000 4 0
8.010000 5 0
8.010000 6 0
8.010000 7 0
8.010000 8 0
8.010000 9 0
8.010000 10 0
8.010000 11 0
8.010000 12 0
8.010000 13 0
8.010000 14 0
8.010000 15 0
8.010000 16 0
8.010000 17 0
8.010000 18 0
9.010000 0 0
9.010000 1 0
9.010000 2 0
9.010000 3 0
9.010000 4 0
9.010000 5 0
9.010000 6 0
9.010000 7 0
9.010000 8 0
9.010000 9 0
9.010000 10 0
9.010000 11 0
9.010000 12 0
9.010000 13 0
9.010000 14 0
9.010000 15 0
9.010000 16 0
9.010000 17 0
9.010000 18 0
10.010000 0 0
10.010000 1 0
10.010000 2 0
10.010000 3 0
10.010000 4 0
10.010000 5 0
10.010000 6 0
10.010000 7 0
10.010000 8 0
10.010000 9 0
10.010000 10 0
10.010000 11 0
10.010000 12 0
10.010000 13 0
10.010000 14 0
10.010000 15 0
10.010000 16 0
10.010000 17 0
10.010000 18 0
11.010000 0 0
11.010000 1 0
11.010000 2 0
11.010000 3 0
11.010000 4 0
11.010000 5 0
11.010000 6 0
11.010000 7 0
11.010000 8 0
11.010000 9 0
11.010000 10 0
11.010000 11 0
11.010000 12 0
11.010000 13 0
11.010000 14 0
11.010000 15 0
11.010000 16 0
11.010000 17 0
11.010000 18 0
12.010000 0 0
12.010000 1 0
12.010000 2 0
12.010000 3 0
12.010000 4 0
12.010000 5 0
12.010000 6 0
12.010000 7 0
12.010000 8 0
12.010000 9 0
12.010000 10 0
12.010000 11 0
12.010000 12 0
12.010000 13 0
12.010000 14 0
12.010000 15 0
12.010000 16 0
12.010000 17 0
12.010000 18 0
13.010000 0 0
13.010000 1 0
13.010000 2 0
13.010000 3 0
13.010000 4 0
13.010000 5 0
13.010000 6 0
13.010000 7 0
13.010000 8 0
13.010000 9 0
13.010000 10 0
13.010000 11 0
13.010000 12 0
13.010000 13 0
13.010000 14 0
13.010000 15 0
13.010000 16 0
13.010000 17 0
13.010000 18 0
14.010000 0 0
14.010000 1 0
14.010000 2 0
14.010000 3 0
14.010000 4 0
14.010000 5 0
14.010000 6 0
14.010000 7 0
14.010000 8 0
14.010000 9 0
14.010000 10 0
14.010000 11 0
14.010000 12 0
14.010000 13 0
14.010000 14 0
14.010000 15 0
14.010000 16 0
14.010000 17 0
14.010000 18 0
15.010000 0 2
15.010000 1 2
15.010000 2 3
15.010000 3 3
15.010000 4 3
15.010000 5 3
15.010000 6 3
15.010000 7 3
15.010000 8 3
15.010000 9 3
15.010000 10 3
15.010000 11 3
15.010000 12 3
15.010000 13 2
15.010000 14 2
15.010000 15 3
15.010000 16 3
15.010000 17 2
15.010000 18 2
16.010000 0 692
16.010000 1 675
16.010000 2 707
16.010000 3 707
16.010000 4 703
16.010000 5 707
16.010000 6 704
16.010000 7 421
16.010000 8 708
16.010000 9 707
16.010000 10 696
16.010000 11 704
16.010000 12 709
16.010000 13 435
16.010000 14 696
16.010000 15 704
16.010000 16 712
16.010000 17 691
16.010000 18 696
17.010000 0 609
17.010000 1 564
17.010000 2 640
17.010000 3 640
17.010000 4 640
17.010000 5 640
17.010000 6 616
17.010000 7 375
17.010000 8 640
17.010000 9 640
17.010000 10 615
17.010000 11 640
17.010000 12 640
17.010000 13 421
17.010000 14 609
17.010000 15 640
17.010000 16 640
17.010000 17 609
17.010000 18 609
18.010000 0 589
18.010000 1 519
18.010000 2 615
18.010000 3 615
18.010000 4 615
18.010000 5 615
18.010000 6 595
18.010000 7 352
18.010000 8 615
18.010000 9 615
18.010000 10 595
18.010000 11 615
18.010000 12 615
18.010000 13 425
18.010000 14 589
18.010000 15 615
18.010000 16 615
18.010000 17 589
18.010000 18 589
19.010000 0 589
19.010000 1 537
19.010000 2 631
19.010000 3 631
19.010000 4 631
19.010000 5 631
19.010000 6 603
19.010000 7 385
19.010000 8 631
19.010000 9 631
19.010000 10 603
19.010000 11 631
19.010000 12 631
19.010000 13 438
19.010000 14 589
19.010000 15 631
19.010000 16 631
19.010000 17 589
19.010000 18 589
20.010000 0 558
20.010000 1 494
20.010000 2 607
20.010000 3 607
20.010000 4 607
20.010000 5 607
20.010000 6 565
20.010000 7 393
20.010000 8 607
20.010000 9 607
20.010000 10 567
20.010000 11 607
20.010000 12 607
20.010000 13 458
20.010000 14 558
20.010000 15 607
20.010000 16 607
20.010000 17 558
20.010000 18 558
21.010000 0 599
21.010000 1 537
21.010000 2 641
21.010000 3 641
21.010000 4 641
21.010000 5 641
21.010000 6 605
21.010000 7 400
21.010000 8 641
21.010000 9 641
21.010000 10 604
21.010000 11 641
21.010000 12 641
21.010000 13 460
21.010000 14 599
21.010000 15 641
21.010000 16 641
21.010000 17 599
21.010000 18 599
22.010000 0 580
22.010000 1 542
22.010000 2 640
22.010000 3 640
22.010000 4 640
22.010000 5 640
22.010000 6 578
22.010000 7 443
22.010000 8 640
22.010000 9 640
22.010000 10 578
22.010000 11 640
22.010000 12 640
22.010000 13 479
22.010000 14 580
22.010000 15 640
22.010000 16 640
22.010000 17 580
22.010000 18 580
23.010000 0 608
23.010000 1 534
23.010000 2 652
23.010000 3 652
23.010000 4 652
23.010000 5 652
23.010000 6 612
23.010000 7 411
23.010000 8 652
23.010000 9 652
23.010000 10 612
23.010000 11 652
23.010000 12 652
23.010000 13 483
23.010000 14 608
23.010000 15 652
23.010000 16 652
23.010000 17 608
23.010000 18 608
24.010000 0 602
24.010000 1 530
24.010000 2 650
24.010000 3 650
24.010000 4 650
24.010000 5 650
24.010000 6 610
24.010000 7 414
24.010000 8 650
24.010000 9 650
24.010000 10 608
24.010000 11 650
24.010000 12 650
24.010000 13 486
24.010000 14 602
24.010000 15 650
24.010000 16 650
24.010000 17 602
24.010000 18 602
25.010000 0 597
25.010000 1 529
25.010000 2 664
25.010000 3 664
25.010000 4 664
25.010000 5 664
25.010000 6 598
25.010000 7 467
25.010000 8 664
25.010000 9 664
25.010000 10 599
25.010000 11 664
25.010000 12 664
25.010000 13 530
25.010000 14 597
25.010000 15 664
25.010000 16 664
25.010000 17 597
25.010000 18 597
26.010000 0 624
26.010000 1 571
26.010000 2 690
26.010000 3 690
26.010000 4 690
26.010000 5 690
26.010000 6 616
26.010000 7 485
26.010000 8 690
26.010000 9 690
26.010000 10 610
26.010000 11 690
26.010000 12 690
26.010000 13 544
26.010000 14 624
26.010000 15 690
26.010000 16 690
26.010000 17 624
26.010000 18 624
27.010000 0 571
27.010000 1 498
27.010000 2 621
27.010000 3 621
27.010000 4 621
27.010000 5 621
27.010000 6 587
27.010000 7 393
27.010000 8 621
27.010000 9 621
27.010000 10 588
27.010000 11 621
27.010000 12 621
27.010000 13 468
27.010000 14 571
27.010000 15 621
27.010000 16 621
27.010000 17 571
27.010000 18 571
28.010000 0 612
28.010000 1 575
28.010000 2 683
28.010000 3 683
28.010000 4 683
28.010000 5 683
28.010000 6 610
28.010000 7 485
28.010000 8 683
28.010000 9 683
28.010000 10 609
28.010000 11 683
28.010000 12 683
28.010000 13 524
28.010000 14 612
28.010000 15 683
28.010000 16 683
28.010000 17 612
28.010000 18 612
29.010000 0 627
29.010000 1 565
29.010000 2 685
29.010000 3 685
29.010000 4 685
29.010000 5 685
29.010000 6 632
29.010000 7 457
29.010000 8 685
29.010000 9 685
29.010000 10 628
29.010000 11 685
29.010000 12 685
29.010000 13 516
29.010000 14 627
29.010000 15 685
29.010000 16 685
29.010000 17 627
29.010000 18 627
30.010000 0 638
30.010000 1 579
30.010000 2 698
30.010000 3 698
30.010000 4 698
30.010000 5 698
30.010000 6 633
30.010000 7 475
30.010000 8 698
30.010000 9 698
30.010000 10 633
30.010000 11 698
30.010000 12 698
30.010000 13 532
30.010000 14 638
30.010000 15 698
30.010000 16 698
30.010000 17 638
30.010000 18 638
31.010000 0 570
31.010000 1 515
31.010000 2 625
31.010000 3 625
31.010000 4 625
31.010000 5 625
31.010000 6 573
31.010000 7 419
31.010000 8 625
31.010000 9 625
31.010000 10 577
31.010000 11 625
31.010000 12 625
31.010000 13 471
31.010000 14 570
31.010000 15 625
31.010000 16 625
31.010000 17 570
31.010000 18 570
32.010000 0 624
32.010000 1 564
32.010000 2 680
32.010000 3 680
32.010000 4 680
32.010000 5 680
32.010000 6 620
32.010000 7 458
32.010000 8 680
32.010000 9 680
32.010000 10 618
32.010000 11 680
32.010000 12 680
32.010000 13 516
32.010000 14 624
32.010000 15 680
32.010000 16 680
32.010000 17 624
32.010000 18 624
33.010000 0 588
33.010000 1 526
33.010000 2 639
33.010000 3 639
33.010000 4 639
33.010000 5 639
33.010000 6 591
33.010000 7 417
33.010000 8 639
33.010000 9 639
33.010000 10 593
33.010000 11 639
33.010000 12 639
33.010000 13 480
33.010000 14 588
33.010000 15 639
33.010000 16 639
33.010000 17 588
33.010000 18 588
34.010000 0 589
34.010000 1 535
34.010000 2 648
34.010000 3 648
34.010000 4 648
34.010000 5 648
34.010000 6 590
34.010000 7 439
34.010000 8 648
34.010000 9 648
34.010000 10 592
34.010000 11 648
34.010000 12 648
34.010000 13 495
34.010000 14 589
34.010000 15 648
34.010000 16 648
34.010000 17 589
34.010000 18 589
35.010000 0 627
35.010000 1 567
35.010000 2 671
35.010000 3 671
35.010000 4 671
35.010000 5 671
35.010000 6 624
35.010000 7 433
35.010000 8 671
35.010000 9 671
35.010000 10 618
35.010000 11 671
35.010000 12 671
35.010000 13 486
35.010000 14 627
35.010000 15 671
35.010000 16 671
35.010000 17 627
35.010000 18 627
36.010000 0 598
36.010000 1 547
36.010000 2 653
36.010000 3 653
36.010000 4 653
36.010000 5 653
36.010000 6 595
36.010000 7 435
36.010000 8 653
36.010000 9 653
36.010000 10 600
36.010000 11 653
36.010000 12 653
36.010000 13 490
36.010000 14 598
36.010000 15 653
36.010000 16 653
36.010000 17 598
36.010000 18 598
37.010000 0 614
37.010000 1 556
37.010000 2 673
37.010000 3 673
37.010000 4 673
37.010000 5 673
37.010000 6 617
37.010000 7 451
37.010000 8 673
37.010000 9 673
37.010000 10 620
37.010000 11 673
37.010000 12 673
37.010000 13 507
37.010000 14 614
37.010000 15 673
37.010000 16 673
37.010000 17 614
37.010000 18 614
38.010000 0 581
38.010000 1 515
38.010000 2 623
38.010000 3 623
38.010000 4 623
38.010000 5 623
38.010000 6 586
38.010000 7 393
38.010000 8 623
38.010000 9 623
38.010000 10 582
38.010000 11 623
38.010000 12 623
38.010000 13 458
38.010000 14 581
38.010000 15 623
38.010000 16 623
38.010000 17 581
38.010000 18 581
39.010000 0 634
39.010000 1 589
39.010000 2 699
39.010000 3 699
39.010000 4 699
39.010000 5 699
39.010000 6 627
39.010000 7 490
39.010000 8 699
39.010000 9 699
39.010000 10 625
39.010000 11 699
39.010000 12 699
39.010000 13 530
39.010000 14 634
39.010000 15 699
39.010000 16 699
39.010000 17 634
39.010000 18 634
40.010000 0 584
40.010000 1 526
40.010000 2 630
40.010000 3 630
40.010000 4 630
40.010000 5 630
40.010000 6 591
40.010000 7 393
40.010000 8 630
40.010000 9 630
40.010000 10 598
40.010000 11 630
40.010000 12 630
40.010000 13 458
40.010000 14 584
40.010000 15 630
40.010000 16 630
40.010000 17 584
40.010000 18 584
41.010000 0 605
41.010000 1 544
41.010000 2 652
41.010000 3 652
41.010000 4 652
41.010000 5 652
41.010000 6 607
41.010000 7 422
41.010000 8 652
41.010000 9 652
41.010000 10 602
41.010000 11 652
41.010000 12 652
41.010000 13 480
41.010000 14 605
41.010000 15 652
41.010000 16 652
41.010000 17 605
41.010000 18 605
42.010000 0 656
42.010000 1 597
42.010000 2 702
42.010000 3 702
42.010000 4 702
42.010000 5 702
42.010000 6 650
42.010000 7 448
42.010000 8 702
42.010000 9 702
42.010000 10 650
42.010000 11 702
42.010000 12 702
42.010000 13 509
42.010000 14 656
42.010000 15 702
42.010000 16 702
42.010000 17 656
42.010000 18 656
43.010000 0 585
43.010000 1 515
43.010000 2 625
43.010000 3 625
43.010000 4 625
43.010000 5 625
43.010000 6 592
43.010000 7 382
43.010000 8 625
43.010000 9 625
43.010000 10 597
43.010000 11 625
43.010000 12 625
43.010000 13 454
43.010000 14 585
43.010000 15 625
43.010000 16 625
43.010000 17 585
43.010000 18 585
44.010000 0 601
44.010000 1 528
44.010000 2 645
44.010000 3 645
44.010000 4 645
44.010000 5 645
44.010000 6 613
44.010000 7 406
44.010000 8 645
44.010000 9 645
44.010000 10 605
44.010000 11 645
44.010000 12 645
44.010000 13 472
44.010000 14 601
44.010000 15 645
44.010000 16 645
44.010000 17 601
44.010000 18 601
45.010000 0 586
45.010000 1 520
45.010000 2 630
45.010000 3 630
45.010000 4 630
45.010000 5 630
45.010000 6 594
45.010000 7 388
45.010000 8 630
45.010000 9 630
45.010000 10 600
45.010000 11 630
45.010000 12 630
45.010000 13 462
45.010000 14 586
45.010000 15 630
45.010000 16 630
45.010000 17 586
45.010000 18 586
46.010000 0 619
46.010000 1 572
46.010000 2 670
46.010000 3 670
46.010000 4 670
46.010000 5 670
46.010000 6 614
46.010000 7 444
46.010000 8 670
46.010000 9 670
46.010000 10 614
46.010000 11 670
46.010000 12 670
46.010000 13 487
46.010000 14 619
46.010000 15 670
46.010000 16 670
46.010000 17 619
46.010000 18 619
47.010000 0 601
47.010000 1 543
47.010000 2 654
47.010000 3 654
47.010000 4 654
47.010000 5 654
47.010000 6 605
47.010000 7 430
47.010000 8 654
47.010000 9 654
47.010000 10 605
47.010000 11 654
47.010000 12 654
47.010000 13 486
47.010000 14 601
47.010000 15 654
47.010000 16 654
47.010000 17 601
47.010000 18 601
48.010000 0 573
48.010000 1 509
48.010000 2 619
48.010000 3 619
48.010000 4 619
48.010000 5 619
48.010000 6 576
48.010000 7 399
48.010000 8 619
48.010000 9 619
48.010000 10 578
48.010000 11 619
48.010000 12 619
48.010000 13 460
48.010000 14 573
48.010000 15 619
48.010000 16 619
48.010000 17 573
48.010000 18 573
49.010000 0 622
49.010000 1 549
49.010000 2 674
49.010000 3 674
49.010000 4 674
49.010000 5 674
49.010000 6 611
49.010000 7 460
49.010000 8 674
49.010000 9 674
49.010000 10 606
49.010000 11 674
49.010000 12 674
49.010000 13 522
49.010000 14 622
49.010000 15 674
49.010000 16 674
49.010000 17 622
49.010000 18 622
50.010000 0 630
50.010000 1 579
50.010000 2 706
50.010000 3 706
50.010000 4 706
50.010000 5 706
50.010000 6 636
50.010000 7 492
50.010000 8 706
50.010000 9 706
50.010000 10 643
50.010000 11 706
50.010000 12 706
50.010000 13 550
50.010000 14 630
50.010000 15 706
50.010000 16 706
50.010000 17 630
50.010000 18 630
51.010000 0 628
51.010000 1 577
51.010000 2 681
51.010000 3 681
51.010000 4 681
51.010000 5 681
51.010000 6 617
51.010000 7 456
51.010000 8 681
51.010000 9 681
51.010000 10 617
51.010000 11 681
51.010000 12 681
51.010000 13 510
51.010000 14 628
51.010000 15 681
51.010000 16 681
51.010000 17 628
51.010000 18 628
52.010000 0 639
52.010000 1 556
52.010000 2 686
52.010000 3 686
52.010000 4 686
52.010000 5 686
52.010000 6 639
52.010000 7 438
52.010000 8 686
52.010000 9 686
52.010000 10 640
52.010000 11 686
52.010000 12 686
52.010000 13 518
52.010000 14 639
52.010000 15 686
52.010000 16 686
52.010000 17 639
52.010000 18 639
53.010000 0 576
53.010000 1 501
53.010000 2 621
53.010000 3 621
53.010000 4 621
53.010000 5 621
53.010000 6 585
53.010000 7 395
53.010000 8 621
53.010000 9 621
53.010000 10 581
53.010000 11 621
53.010000 12 621
53.010000 13 467
53.010000 14 576
53.010000 15 621
53.010000 16 621
53.010000 17 576
53.010000 18 576
54.010000 0 588
54.010000 1 532
54.010000 2 644
54.010000 3 644
54.010000 4 644
54.010000 5 644
54.010000 6 596
54.010000 7 424
54.010000 8 644
54.010000 9 644
54.010000 10 598
54.010000 11 644
54.010000 12 644
54.010000 13 482
54.010000 14 588
54.010000 15 644
54.010000 16 644
54.010000 17 588
54.010000 18 588
55.010000 0 592
55.010000 1 527
55.010000 2 644
55.010000 3 644
55.010000 4 644
55.010000 5 644
55.010000 6 591
55.010000 7 425
55.010000 8 644
55.010000 9 644
55.010000 10 594
55.010000 11 644
55.010000 12 644
55.010000 13 491
55.010000 14 592
55.010000 15 644
55.010000 16 644
55.010000 17 592
55.010000 18 592
56.010000 0 604
56.010000 1 554
56.010000 2 662
56.010000 3 662
56.010000 4 662
56.010000 5 662
56.010000 6 603
56.010000 7 450
56.010000 8 662
56.010000 9 662
56.010000 10 598
56.010000 11 662
56.010000 12 662
56.010000 13 501
56.010000 14 604
56.010000 15 662
56.010000 16 662
56.010000 17 604
56.010000 18 604
57.010000 0 624
57.010000 1 568
57.010000 2 683
57.010000 3 683
57.010000 4 683
57.010000 5 683
57.010000 6 625
57.010000 7 459
57.010000 8 683
57.010000 9 683
57.010000 10 624
57.010000 11 683
57.010000 12 683
57.010000 13 515
57.010000 14 624
57.010000 15 683
57.010000 16 683
57.010000 17 624
57.010000 18 624
58.010000 0 596
58.010000 1 544
58.010000 2 651
58.010000 3 651
58.010000 4 651
58.010000 5 651
58.010000 6 596
58.010000 7 434
58.010000 8 651
58.010000 9 651
58.010000 10 598
58.010000 11 651
58.010000 12 651
58.010000 13 487
58.010000 14 596
58.010000 15 651
58.010000 16 651
58.010000 17 596
58.010000 18 596
59.010000 0 610
59.010000 1 567
59.010000 2 673
59.010000 3 673
59.010000 4 673
59.010000 5 673
59.010000 6 613
59.010000 7 458
59.010000 8 673
59.010000 9 673
59.010000 10 614
59.010000 11 673
59.010000 12 673
59.010000 13 503
59.010000 14 610
59.010000 15 673
59.010000 16 673
59.010000 17 610
59.010000 18 610
60.010000 0 611
60.010000 1 542
60.010000 2 655
60.010000 3 655
60.010000 4 655
60.010000 5 655
60.010000 6 609
60.010000 7 420
60.010000 8 655
60.010000 9 655
60.010000 10 607
60.010000 11 655
60.010000 12 655
60.010000 13 486
60.010000 14 611
60.010000 15 655
60.010000 16 655
60.010000 17 611
60.010000 18 611
61.010000 0 613
61.010000 1 562
61.010000 2 668
61.010000 3 668
61.010000 4 668
61.010000 5 668
61.010000 6 613
61.010000 7 445
61.010000 8 668
61.010000 9 668
61.010000 10 613
61.010000 11 668
61.010000 12 668
61.010000 13 494
61.010000 14 613
61.010000 15 668
61.010000 16 668
61.010000 17 613
61.010000 18 613
62.010000 0 606
62.010000 1 539
62.010000 2 657
62.010000 3 657
62.010000 4 657
62.010000 5 657
62.010000 6 605
62.010000 7 433
62.010000 8 657
62.010000 9 657
62.010000 10 603
62.010000 11 657
62.010000 12 657
62.010000 13 499
62.010000 14 606
62.010000 15 657
62.010000 16 657
62.010000 17 606
62.010000 18 606
63.010000 0 614
63.010000 1 567
63.010000 2 685
63.010000 3 685
63.010000 4 685
63.010000 5 685
63.010000 6 619
63.010000 7 477
63.010000 8 685
63.010000 9 685
63.010000 10 618
63.010000 11 685
63.010000 12 685
63.010000 13 530
63.010000 14 614
63.010000 15 685
63.010000 16 685
63.010000 17 614
63.010000 18 614
64.010000 0 622
64.010000 1 572
64.010000 2 684
64.010000 3 684
64.010000 4 684
64.010000 5 684
64.010000 6 619
64.010000 7 474
64.010000 8 684
64.010000 9 684
64.010000 10 613
64.010000 11 684
64.010000 12 684
64.010000 13 520
64.010000 14 622
64.010000 15 684
64.010000 16 684
64.010000 17 622
64.010000 18 622
65.010000 0 561
65.010000 1 501
65.010000 2 627
65.010000 3 627
65.010000 4 627
65.010000 5 627
65.010000 6 565
65.010000 7 440
65.010000 8 627
65.010000 9 627
65.010000 10 564
65.010000 11 627
65.010000 12 627
65.010000 13 504
65.010000 14 561
65.010000 15 627
65.010000 16 627
65.010000 17 561
65.010000 18 561
66.010000 0 594
66.010000 1 528
66.010000 2 646
66.010000 3 646
66.010000 4 646
66.010000 5 646
66.010000 6 596
66.010000 7 421
66.010000 8 646
66.010000 9 646
66.010000 10 599
66.010000 11 646
66.010000 12 646
66.010000 13 492
66.010000 14 594
66.010000 15 646
66.010000 16 646
66.010000 17 594
66.010000 18 594
67.010000 0 600
67.010000 1 572
67.010000 2 666
67.010000 3 666
67.010000 4 666
67.010000 5 666
67.010000 6 597
67.010000 7 471
67.010000 8 666
67.010000 9 666
67.010000 10 596
67.010000 11 666
67.010000 12 666
67.010000 13 494
67.010000 14 600
67.010000 15 666
67.010000 16 666
67.010000 17 600
67.010000 18 600
68.010000 0 605
68.010000 1 546
68.010000 2 664
68.010000 3 664
68.010000 4 664
68.010000 5 664
68.010000 6 600
68.010000 7 454
68.010000 8 664
68.010000 9 664
68.010000 10 604
68.010000 11 664
68.010000 12 664
68.010000 13 511
68.010000 14 605
68.010000 15 664
68.010000 16 664
68.010000 17 605
68.010000 18 605
69.010000 0 629
69.010000 1 571
69.010000 2 687
69.010000 3 687
69.010000 4 687
69.010000 5 687
69.010000 6 630
69.010000 7 461
69.010000 8 687
69.010000 9 687
69.010000 10 629
69.010000 11 687
69.010000 12 687
69.010000 13 515
69.010000 14 629
69.010000 15 687
69.010000 16 687
69.010000 17 629
69.010000 18 629
70.010000 0 578
70.010000 1 519
70.010000 2 629
70.010000 3 629
70.010000 4 629
70.010000 5 629
70.010000 6 580
70.010000 7 411
70.010000 8 629
70.010000 9 629
70.010000 10 583
70.010000 11 629
70.010000 12 629
70.010000 13 474
70.010000 14 578
70.010000 15 629
70.010000 16 629
70.010000 17 578
70.010000 18 578
71.010000 0 606
71.010000 1 557
71.010000 2 665
71.010000 3 665
71.010000 4 665
71.010000 5 665
71.010000 6 607
71.010000 7 453
71.010000 8 665
71.010000 9 665
71.010000 10 601
71.010000 11 665
71.010000 12 665
71.010000 13 501
71.010000 14 606
71.010000 15 665
71.010000 16 665
71.010000 17 606
71.010000 18 606
72.010000 0 652
72.010000 1 569
72.010000 2 683
72.010000 3 683
72.010000 4 683
72.010000 5 683
72.010000 6 634
72.010000 7 437
72.010000 8 683
72.010000 9 683
72.010000 10 621
72.010000 11 683
72.010000 12 683
72.010000 13 502
72.010000 14 652
72.010000 15 683
72.010000 16 683
72.010000 17 652
72.010000 18 652
73.010000 0 614
73.010000 1 549
73.010000 2 680
73.010000 3 680
73.010000 4 680
73.010000 5 680
73.010000 6 619
73.010000 7 457
73.010000 8 680
73.010000 9 680
73.010000 10 632
73.010000 11 680
73.010000 12 680
73.010000 13 529
73.010000 14 614
73.010000 15 680
73.010000 16 680
73.010000 17 614
73.010000 18 614
74.010000 0 622
74.010000 1 562
74.010000 2 691
74.010000 3 691
74.010000 4 691
74.010000 5 691
74.010000 6 625
74.010000 7 473
74.010000 8 691
74.010000 9 691
74.010000 10 633
74.010000 11 691
74.010000 12 691
74.010000 13 540
74.010000 14 622
74.010000 15 691
74.010000 16 691
74.010000 17 622
74.010000 18 622
75.010000 0 611
75.010000 1 552
75.010000 2 664
75.010000 3 664
75.010000 4 664
75.010000 5 664
75.010000 6 610
75.010000 7 446
75.010000 8 664
75.010000 9 664
75.010000 10 605
75.010000 11 664
75.010000 12 664
75.010000 13 496
75.010000 14 611
75.010000 15 664
75.010000 16 664
75.010000 17 611
75.010000 18 611
76.010000 0 594
76.010000 1 538
76.010000 2 654
76.010000 3 654
76.010000 4 654
76.010000 5 654
76.010000 6 592
76.010000 7 444
76.010000 8 654
76.010000 9 654
76.010000 10 598
76.010000 11 654
76.010000 12 654
76.010000 13 504
76.010000 14 594
76.010000 15 654
76.010000 16 654
76.010000 17 594
76.010000 18 594
77.010000 0 585
77.010000 1 529
77.010000 2 638
77.010000 3 638
77.010000 4 638
77.010000 5 638
77.010000 6 583
77.010000 7 430
77.010000 8 638
77.010000 9 638
77.010000 10 578
77.010000 11 638
77.010000 12 638
77.010000 13 485
77.010000 14 585
77.010000 15 638
77.010000 16 638
77.010000 17 585
77.010000 18 585
78.010000 0 603
78.010000 1 535
78.010000 2 659
78.010000 3 659
78.010000 4 659
78.010000 5 659
78.010000 6 607
78.010000 7 437
78.010000 8 659
78.010000 9 659
78.010000 10 608
78.010000 11 659
78.010000 12 659
78.010000 13 505
78.010000 14 603
78.010000 15 659
78.010000 16 659
78.010000 17 603
78.010000 18 603
79.010000 0 643
79.010000 1 596
79.010000 2 705
79.010000 3 705
79.010000 4 705
79.010000 5 705
79.010000 6 641
79.010000 7 484
79.010000 8 705
79.010000 9 705
79.010000 10 632
79.010000 11 705
79.010000 12 705
79.010000 13 529
79.010000 14 643
79.010000 15 705
79.010000 16 705
79.010000 17 643
79.010000 18 643
80.010000 0 562
80.010000 1 505
80.010000 2 616
80.010000 3 616
80.010000 4 616
80.010000 5 616
80.010000 6 573
80.010000 7 399
80.010000 8 616
80.010000 9 616
80.010000 10 580
80.010000 11 616
80.010000 12 616
80.010000 13 461
80.010000 14 562
80.010000 15 616
80.010000 16 616
80.010000 17 562
80.010000 18 562
81.010000 0 599
81.010000 1 540
81.010000 2 651
81.010000 3 651
81.010000 4 651
81.010000 5 651
81.010000 6 594
81.010000 7 437
81.010000 8 651
81.010000 9 651
81.010000 10 592
81.010000 11 651
81.010000 12 651
81.010000 13 493
81.010000 14 599
81.010000 15 651
81.010000 16 651
81.010000 17 599
81.010000 18 599
82.010000 0 621
82.010000 1 556
82.010000 2 673
82.010000 3 673
82.010000 4 673
82.010000 5 673
82.010000 6 619
82.010000 7 445
82.010000 8 673
82.010000 9 673
82.010000 10 617
82.010000 11 673
82.010000 12 673
82.010000 13 507
82.010000 14 621
82.010000 15 673
82.010000 16 673
82.010000 17 621
82.010000 18 621
83.010000 0 606
83.010000 1 546
83.010000 2 672
83.010000 3 672
83.010000 4 672
83.010000 5 672
83.010000 6 615
83.010000 7 454
83.010000 8 672
83.010000 9 672
83.010000 10 619
83.010000 11 672
83.010000 12 672
83.010000 13 520
83.010000 14 606
83.010000 15 672
83.010000 16 672
83.010000 17 606
83.010000 18 606
84.010000 0 617
84.010000 1 544
84.010000 2 651
84.010000 3 651
84.010000 4 651
84.010000 5 651
84.010000 6 602
84.010000 7 420
84.010000 8 651
84.010000 9 651
84.010000 10 594
84.010000 11 651
84.010000 12 651
84.010000 13 478
84.010000 14 617
84.010000 15 651
84.010000 16 651
84.010000 17 617
84.010000 18 617
85.010000 0 571
85.010000 1 524
85.010000 2 644
85.010000 3 644
85.010000 4 644
85.010000 5 644
85.010000 6 581
85.010000 7 447
85.010000 8 644
85.010000 9 644
85.010000 10 592
85.010000 11 644
85.010000 12 644
85.010000 13 505
85.010000 14 571
85.010000 15 644
85.010000 16 644
85.010000 17 571
85.010000 18 571
86.010000 0 634
86.010000 1 561
86.010000 2 689
86.010000 3 689
86.010000 4 689
86.010000 5 689
86.010000 6 631
86.010000 7 461
86.010000 8 689
86.010000 9 689
86.010000 10 628
86.010000 11 689
86.010000 12 689
86.010000 13 530
86.010000 14 634
86.010000 15 689
86.010000 16 689
86.010000 17 634
86.010000 18 634
87.010000 0 594
87.010000 1 528
87.010000 2 655
87.010000 3 655
87.010000 4 655
87.010000 5 655
87.010000 6 598
87.010000 7 443
87.010000 8 655
87.010000 9 655
87.010000 10 603
87.010000 11 655
87.010000 12 655
87.010000 13 509
87.010000 14 594
87.010000 15 655
87.010000 16 655
87.010000 17 594
87.010000 18 594
88.010000 0 591
88.010000 1 539
88.010000 2 651
88.010000 3 651
88.010000 4 651
88.010000 5 651
88.010000 6 590
88.010000 7 447
88.010000 8 651
88.010000 9 651
88.010000 10 594
88.010000 11 651
88.010000 12 651
88.010000 13 494
88.010000 14 591
88.010000 15 651
88.010000 16 651
88.010000 17 591
88.010000 18 591
89.010000 0 641
89.010000 1 576
89.010000 2 698
89.010000 3 698
89.010000 4 698
89.010000 5 698
89.010000 6 635
89.010000 7 474
89.010000 8 698
89.010000 9 698
89.010000 10 630
89.010000 11 698
89.010000 12 698
89.010000 13 534
89.010000 14 641
89.010000 15 698
89.010000 16 698
89.010000 17 641
89.010000 18 641
90.010000 0 623
90.010000 1 575
90.010000 2 684
90.010000 3 684
90.010000 4 684
90.010000 5 684
90.010000 6 617
90.010000 7 466
90.010000 8 684
90.010000 9 684
90.010000 10 621
90.010000 11 684
90.010000 12 684
90.010000 13 518
90.010000 14 623
90.010000 15 684
90.010000 16 684
90.010000 17 623
90.010000 18 623
91.010000 0 543
91.010000 1 472
91.010000 2 590
91.010000 3 590
91.010000 4 590
91.010000 5 590
91.010000 6 551
91.010000 7 379
91.010000 8 590
91.010000 9 590
91.010000 10 554
91.010000 11 590
91.010000 12 590
91.010000 13 451
91.010000 14 543
91.010000 15 590
91.010000 16 590
91.010000 17 543
91.010000 18 543
92.010000 0 618
92.010000 1 556
92.010000 2 680
92.010000 3 680
92.010000 4 680
92.010000 5 680
92.010000 6 619
92.010000 7 466
92.010000 8 680
92.010000 9 680
92.010000 10 617
92.010000 11 680
92.010000 12 680
92.010000 13 524
92.010000 14 618
92.010000 15 680
92.010000 16 680
92.010000 17 618
92.010000 18 618
93.010000 0 624
93.010000 1 574
93.010000 2 682
93.010000 3 682
93.010000 4 682
93.010000 5 682
93.010000 6 619
93.010000 7 464
93.010000 8 682
93.010000 9 682
93.010000 10 618
93.010000 11 682
93.010000 12 682
93.010000 13 511
93.010000 14 624
93.010000 15 682
93.010000 16 682
93.010000 17 624
93.010000 18 624
94.010000 0 613
94.010000 1 553
94.010000 2 662
94.010000 3 662
94.010000 4 662
94.010000 5 662
94.010000 6 613
94.010000 7 432
94.010000 8 662
94.010000 9 662
94.010000 10 609
94.010000 11 662
94.010000 12 662
94.010000 13 490
94.010000 14 613
94.010000 15 662
94.010000 16 662
94.010000 17 613
94.010000 18 613
95.010000 0 599
95.010000 1 531
95.010000 2 648
95.010000 3 648
95.010000 4 648
95.010000 5 648
95.010000 6 607
95.010000 7 410
95.010000 8 648
95.010000 9 648
95.010000 10 610
95.010000 11 648
95.010000 12 648
95.010000 13 483
95.010000 14 599
95.010000 15 648
95.010000 16 648
95.010000 17 599
95.010000 18 599
96.010000 0 574
96.010000 1 526
96.010000 2 638
96.010000 3 638
96.010000 4 638
96.010000 5 638
96.010000 6 579
96.010000 7 438
96.010000 8 638
96.010000 9 638
96.010000 10 583
96.010000 11 638
96.010000 12 638
96.010000 13 490
96.010000 14 574
96.010000 15 638
96.010000 16 638
96.010000 17 574
96.010000 18 574
97.010000 0 613
97.010000 1 554
97.010000 2 668
97.010000 3 668
97.010000 4 668
97.010000 5 668
97.010000 6 608
97.010000 7 456
97.010000 8 668
97.010000 9 668
97.010000 10 599
97.010000 11 668
97.010000 12 668
97.010000 13 510
97.010000 14 613
97.010000 15 668
97.010000 16 668
97.010000 17 613
97.010000 18 613
98.010000 0 648
98.010000 1 590
98.010000 2 695
98.010000 3 695
98.010000 4 695
98.010000 5 695
98.010000 6 639
98.010000 7 456
98.010000 8 695
98.010000 9 695
98.010000 10 636
98.010000 11 695
98.010000 12 695
98.010000 13 506
98.010000 14 648
98.010000 15 695
98.010000 16 695
98.010000 17 648
98.010000 18 648
99.010000 0 600
99.010000 1 534
99.010000 2 652
99.010000 3 652
99.010000 4 652
99.010000 5 652
99.010000 6 607
99.010000 7 412
99.010000 8 652
99.010000 9 652
99.010000 10 619
99.010000 11 652
99.010000 12 652
99.010000 13 488
99.010000 14 600
99.010000 15 652
99.010000 16 652
99.010000 17 600
99.010000 18 600
100.010000 0 619
100.010000 1 590
100.010000 2 677
100.010000 3 677
100.010000 4 677
100.010000 5 677
100.010000 6 613
100.010000 7 463
100.010000 8 677
100.010000 9 677
100.010000 10 611
100.010000 11 677
100.010000 12 677
100.010000 13 489
100.010000 14 619
100.010000 15 677
100.010000 16 677
100.010000 17 619
100.010000 18 619
101.010000 0 592
101.010000 1 532
101.010000 2 642
101.010000 3 642
101.010000 4 642
101.010000 5 642
101.010000 6 594
101.010000 7 420
101.010000 8 642
101.010000 9 642
101.010000 10 593
101.010000 11 642
101.010000 12 642
101.010000 13 479
101.010000 14 592
101.010000 15 642
101.010000 16 642
101.010000 17 592
101.010000 18 592
102.010000 0 596
102.010000 1 542
102.010000 2 652
102.010000 3 652
102.010000 4 652
102.010000 5 652
102.010000 6 602
102.010000 7 428
102.010000 8 652
102.010000 9 652
102.010000 10 606
102.010000 11 652
102.010000 12 652
102.010000 13 486
102.010000 14 596
102.010000 15 652
102.010000 16 652
102.010000 17 596
102.010000 18 596
103.010000 0 609
103.010000 1 561
103.010000 2 667
103.010000 3 667
103.010000 4 667
103.010000 5 667
103.010000 6 606
103.010000 7 457
103.010000 8 667
103.010000 9 667
103.010000 10 599
103.010000 11 667
103.010000 12 667
103.010000 13 503
103.010000 14 609
103.010000 15 667
103.010000 16 667
103.010000 17 609
103.010000 18 609
104.010000 0 591
104.010000 1 533
104.010000 2 633
104.010000 3 633
104.010000 4 633
104.010000 5 633
104.010000 6 592
104.010000 7 397
104.010000 8 633
104.010000 9 633
104.010000 10 595
104.010000 11 633
104.010000 12 633
104.010000 13 457
104.010000 14 591
104.010000 15 633
104.010000 16 633
104.010000 17 591
104.010000 18 591
105.010000 0 613
105.010000 1 558
105.010000 2 666
105.010000 3 666
105.010000 4 666
105.010000 5 666
105.010000 6 610
105.010000 7 445
105.010000 8 666
105.010000 9 666
105.010000 10 608
105.010000 11 666
105.010000 12 666
105.010000 13 496
105.010000 14 613
105.010000 15 666
105.010000 16 666
105.010000 17 613
105.010000 18 613
106.010000 0 575
106.010000 1 514
106.010000 2 634
106.010000 3 634
106.010000 4 634
106.010000 5 634
106.010000 6 582
106.010000 7 430
106.010000 8 634
106.010000 9 634
106.010000 10 580
106.010000 11 634
106.010000 12 634
106.010000 13 489
106.010000 14 575
106.010000 15 634
106.010000 16 634
106.010000 17 575
106.010000 18 575
107.010000 0 611
107.010000 1 553
107.010000 2 682
107.010000 3 682
107.010000 4 682
107.010000 5 682
107.010000 6 612
107.010000 7 481
107.010000 8 682
107.010000 9 682
107.010000 10 613
107.010000 11 682
107.010000 12 682
107.010000 13 540
107.010000 14 611
107.010000 15 682
107.010000 16 682
107.010000 17 611
107.010000 18 611
108.010000 0 584
108.010000 1 503
108.010000 2 628
108.010000 3 628
108.010000 4 628
108.010000 5 628
108.010000 6 581
108.010000 7 404
108.010000 8 628
108.010000 9 628
108.010000 10 583
108.010000 11 628
108.010000 12 628
108.010000 13 485
108.010000 14 584
108.010000 15 628
108.010000 16 628
108.010000 17 584
108.010000 18 584
109.010000 0 610
109.010000 1 545
109.010000 2 673
109.010000 3 673
109.010000 4 673
109.010000 5 673
109.010000 6 613
109.010000 7 463
109.010000 8 673
109.010000 9 673
109.010000 10 610
109.010000 11 673
109.010000 12 673
109.010000 13 524
109.010000 14 610
109.010000 15 673
109.010000 16 673
109.010000 17 610
109.010000 18 610
110.010000 0 614
110.010000 1 567
110.010000 2 680
110.010000 3 680
110.010000 4 680
110.010000 5 680
110.010000 6 613
110.010000 7 476
110.010000 8 680
110.010000 9 680
110.010000 10 613
110.010000 11 680
110.010000 12 680
110.010000 13 517
110.010000 14 614
110.010000 15 680
110.010000 16 680
110.010000 17 614
110.010000 18 614
111.010000 0 609
111.010000 1 546
111.010000 2 672
111.010000 3 672
111.010000 4 672
111.010000 5 672
111.010000 6 604
111.010000 7 466
111.010000 8 672
111.010000 9 672
111.010000 10 606
111.010000 11 672
111.010000 12 672
111.010000 13 529
111.010000 14 609
111.010000 15 672
111.010000 16 672
111.010000 17 609
111.010000 18 609
112.010000 0 594
112.010000 1 518
112.010000 2 640
112.010000 3 640
112.010000 4 640
112.010000 5 640
112.010000 6 596
112.010000 7 410
112.010000 8 640
112.010000 9 640
112.010000 10 596
112.010000 11 640
112.010000 12 640
112.010000 13 486
112.010000 14 594
112.010000 15 640
112.010000 16 640
112.010000 17 594
112.010000 18 594
113.010000 0 597
113.010000 1 538
113.010000 2 657
113.010000 3 657
113.010000 4 657
113.010000 5 657
113.010000 6 596
113.010000 7 450
113.010000 8 657
113.010000 9 657
113.010000 10 597
113.010000 11 657
113.010000 12 657
113.010000 13 507
113.010000 14 597
113.010000 15 657
113.010000 16 657
113.010000 17 597
113.010000 18 597
114.010000 0 620
114.010000 1 558
114.010000 2 690
114.010000 3 690
114.010000 4 690
114.010000 5 690
114.010000 6 618
114.010000 7 486
114.010000 8 690
114.010000 9 690
114.010000 10 618
114.010000 11 690
114.010000 12 690
114.010000 13 550
114.010000 14 620
114.010000 15 690
114.010000 16 690
114.010000 17 620
114.010000 18 620
115.010000 0 606
115.010000 1 550
115.010000 2 666
115.010000 3 666
115.010000 4 666
115.010000 5 666
115.010000 6 607
115.010000 7 453
115.010000 8 666
115.010000 9 666
115.010000 10 604
115.010000 11 666
115.010000 12 666
115.010000 13 510
115.010000 14 606
115.010000 15 666
115.010000 16 666
115.010000 17 606
115.010000 18 606
116.010000 0 597
116.010000 1 537
116.010000 2 653
116.010000 3 653
116.010000 4 653
116.010000 5 653
116.010000 6 597
116.010000 7 440
116.010000 8 653
116.010000 9 653
116.010000 10 595
116.010000 11 653
116.010000 12 653
116.010000 13 499
116.010000 14 597
116.010000 15 653
116.010000 16 653
116.010000 17 597
116.010000 18 597
117.010000 0 644
117.010000 1 583
117.010000 2 702
117.010000 3 702
117.010000 4 702
117.010000 5 702
117.010000 6 633
117.010000 7 478
117.010000 8 702
117.010000 9 702
117.010000 10 638
117.010000 11 702
117.010000 12 702
117.010000 13 534
117.010000 14 644
117.010000 15 702
117.010000 16 702
117.010000 17 644
117.010000 18 644
118.010000 0 585
118.010000 1 516
118.010000 2 636
118.010000 3 636
118.010000 4 636
118.010000 5 636
118.010000 6 594
118.010000 7 410
118.010000 8 636
118.010000 9 636
118.010000 10 595
118.010000 11 636
118.010000 12 636
118.010000 13 480
118.010000 14 585
118.010000 15 636
118.010000 16 636
118.010000 17 585
118.010000 18 585
119.010000 0 613
119.010000 1 557
119.010000 2 665
119.010000 3 665
119.010000 4 665
119.010000 5 665
119.010000 6 608
119.010000 7 441
119.010000 8 665
119.010000 9 665
119.010000 10 606
119.010000 11 665
119.010000 12 665
119.010000 13 500
119.010000 14 613
119.010000 15 665
119.010000 16 665
119.010000 17 613
119.010000 18 613
120.010000 0 625
120.010000 1 561
120.010000 2 674
120.010000 3 674
120.010000 4 674
120.010000 5 674
120.010000 6 618
120.010000 7 456
120.010000 8 674
120.010000 9 674
120.010000 10 607
120.010000 11 674
120.010000 12 674
120.010000 13 503
120.010000 14 625
120.010000 15 674
120.010000 16 674
120.010000 17 625
120.010000 18 625
121.010000 0 584
121.010000 1 533
121.010000 2 655
121.010000 3 655
121.010000 4 655
121.010000 5 655
121.010000 6 597
121.010000 7 445
121.010000 8 655
121.010000 9 655
121.010000 10 607
121.010000 11 655
121.010000 12 655
121.010000 13 509
121.010000 14 584
121.010000 15 655
121.010000 16 655
121.010000 17 584
121.010000 18 584
122.010000 0 606
122.010000 1 537
122.010000 2 644
122.010000 3 644
122.010000 4 644
122.010000 5 644
122.010000 6 602
122.010000 7 406
122.010000 8 644
122.010000 9 644
122.010000 10 599
122.010000 11 644
122.010000 12 644
122.010000 13 470
122.010000 14 606
122.010000 15 644
122.010000 16 644
122.010000 17 606
122.010000 18 606
123.010000 0 605
123.010000 1 547
123.010000 2 665
123.010000 3 665
123.010000 4 665
123.010000 5 665
123.010000 6 605
123.010000 7 450
123.010000 8 665
123.010000 9 665
123.010000 10 608
123.010000 11 665
123.010000 12 665
123.010000 13 510
123.010000 14 605
123.010000 15 665
123.010000 16 665
123.010000 17 605
123.010000 18 605
124.010000 0 615
124.010000 1 568
124.010000 2 680
124.010000 3 680
124.010000 4 680
124.010000 5 680
124.010000 6 619
124.010000 7 468
124.010000 8 680
124.010000 9 680
124.010000 10 616
124.010000 11 680
124.010000 12 680
124.010000 13 514
124.010000 14 615
124.010000 15 680
124.010000 16 680
124.010000 17 615
124.010000 18 615
125.010000 0 601
125.010000 1 535
125.010000 2 651
125.010000 3 651
125.010000 4 651
125.010000 5 651
125.010000 6 603
125.010000 7 422
125.010000 8 651
125.010000 9 651
125.010000 10 604
125.010000 11 651
125.010000 12 651
125.010000 13 490
125.010000 14 601
125.010000 15 651
125.010000 16 651
125.010000 17 601
125.010000 18 601
126.010000 0 589
126.010000 1 541
126.010000 2 642
126.010000 3 642
126.010000 4 642
126.010000 5 642
126.010000 6 589
126.010000 7 424
126.010000 8 642
126.010000 9 642
126.010000 10 593
126.010000 11 642
126.010000 12 642
126.010000 13 474
126.010000 14 589
126.010000 15 642
126.010000 16 642
126.010000 17 589
126.010000 18 589
127.010000 0 603
127.010000 1 539
127.010000 2 650
127.010000 3 650
127.010000 4 650
127.010000 5 650
127.010000 6 603
127.010000 7 420
127.010000 8 650
127.010000 9 650
127.010000 10 601
127.010000 11 650
127.010000 12 650
127.010000 13 484
127.010000 14 603
127.010000 15 650
127.010000 16 650
127.010000 17 603
127.010000 18 603
128.010000 0 615
128.010000 1 558
128.010000 2 670
128.010000 3 670
128.010000 4 670
128.010000 5 670
128.010000 6 615
128.010000 7 450
128.010000 8 670
128.010000 9 670
128.010000 10 611
128.010000 11 670
128.010000 12 670
128.010000 13 501
128.010000 14 615
128.010000 15 670
128.010000 16 670
128.010000 17 615
128.010000 18 615
129.010000 0 604
129.010000 1 538
129.010000 2 664
129.010000 3 664
129.010000 4 664
129.010000 5 664
129.010000 6 605
129.010000 7 449
129.010000 8 664
129.010000 9 664
129.010000 10 608
129.010000 11 664
129.010000 12 664
129.010000 13 516
129.010000 14 604
129.010000 15 664
129.010000 16 664
129.010000 17 604
129.010000 18 604
130.010000 0 608
130.010000 1 547
130.010000 2 677
130.010000 3 677
130.010000 4 677
130.010000 5 677
130.010000 6 608
130.010000 7 478
130.010000 8 677
130.010000 9 677
130.010000 10 610
130.010000 11 677
130.010000 12 677
130.010000 13 534
130.010000 14 608
130.010000 15 677
130.010000 16 677
130.010000 17 608
130.010000 18 608
131.010000 0 586
131.010000 1 526
131.010000 2 634
131.010000 3 634
131.010000 4 634
131.010000 5 634
131.010000 6 584
131.010000 7 421
131.010000 8 634
131.010000 9 634
131.010000 10 578
131.010000 11 634
131.010000 12 634
131.010000 13 475
131.010000 14 586
131.010000 15 634
131.010000 16 634
131.010000 17 586
131.010000 18 586
132.010000 0 635
132.010000 1 561
132.010000 2 694
132.010000 3 694
132.010000 4 694
132.010000 5 694
132.010000 6 623
132.010000 7 478
132.010000 8 694
132.010000 9 694
132.010000 10 624
132.010000 11 694
132.010000 12 694
132.010000 13 549
132.010000 14 635
132.010000 15 694
132.010000 16 694
132.010000 17 635
132.010000 18 635
133.010000 0 622
133.010000 1 567
133.010000 2 690
133.010000 3 690
133.010000 4 690
133.010000 5 690
133.010000 6 630
133.010000 7 466
133.010000 8 690
133.010000 9 690
133.010000 10 636
133.010000 11 690
133.010000 12 690
133.010000 13 529
133.010000 14 622
133.010000 15 690
133.010000 16 690
133.010000 17 622
133.010000 18 622
134.010000 0 608
134.010000 1 547
134.010000 2 661
134.010000 3 661
134.010000 4 661
134.010000 5 661
134.010000 6 606
134.010000 7 437
134.010000 8 661
134.010000 9 661
134.010000 10 606
134.010000 11 661
134.010000 12 661
134.010000 13 501
134.010000 14 608
134.010000 15 661
134.010000 16 661
134.010000 17 608
134.010000 18 608
135.010000 0 670
135.010000 1 591
135.010000 2 705
135.010000 3 705
135.010000 4 705
135.010000 5 705
135.010000 6 651
135.010000 7 460
135.010000 8 705
135.010000 9 705
135.010000 10 634
135.010000 11 705
135.010000 12 705
135.010000 13 519
135.010000 14 670
135.010000 15 705
135.010000 16 705
135.010000 17 670
135.010000 18 670
136.010000 0 589
136.010000 1 543
136.010000 2 655
136.010000 3 655
136.010000 4 655
136.010000 5 655
136.010000 6 602
136.010000 7 426
136.010000 8 655
136.010000 9 655
136.010000 10 623
136.010000 11 655
136.010000 12 655
136.010000 13 492
136.010000 14 589
136.010000 15 655
136.010000 16 655
136.010000 17 589
136.010000 18 589
137.010000 0 596
137.010000 1 555
137.010000 2 662
137.010000 3 662
137.010000 4 662
137.010000 5 662
137.010000 6 606
137.010000 7 453
137.010000 8 662
137.010000 9 662
137.010000 10 605
137.010000 11 662
137.010000 12 662
137.010000 13 495
137.010000 14 596
137.010000 15 662
137.010000 16 662
137.010000 17 596
137.010000 18 596
138.010000 0 610
138.010000 1 544
138.010000 2 654
138.010000 3 654
138.010000 4 654
138.010000 5 654
138.010000 6 608
138.010000 7 426
138.010000 8 654
138.010000 9 654
138.010000 10 597
138.010000 11 654
138.010000 12 654
138.010000 13 485
138.010000 14 610
138.010000 15 654
138.010000 16 654
138.010000 17 610
138.010000 18 610
139.010000 0 605
139.010000 1 540
139.010000 2 658
139.010000 3 658
139.010000 4 658
139.010000 5 658
139.010000 6 609
139.010000 7 423
139.010000 8 658
139.010000 9 658
139.010000 10 616
139.010000 11 658
139.010000 12 658
139.010000 13 497
139.010000 14 605
139.010000 15 658
139.010000 16 658
139.010000 17 605
139.010000 18 605
140.010000 0 667
140.010000 1 625
140.010000 2 717
140.010000 3 717
140.010000 4 717
140.010000 5 717
140.010000 6 651
140.010000 7 475
140.010000 8 717
140.010000 9 717
140.010000 10 647
140.010000 11 717
140.010000 12 717
140.010000 13 520
140.010000 14 667
140.010000 15 717
140.010000 16 717
140.010000 17 667
140.010000 18 667
141.010000 0 650
141.010000 1 579
141.010000 2 681
141.010000 3 681
141.010000 4 681
141.010000 5 681
141.010000 6 645
141.010000 7 405
141.010000 8 681
141.010000 9 681
141.010000 10 647
141.010000 11 681
141.010000 12 681
141.010000 13 479
141.010000 14 650
141.010000 15 681
141.010000 16 681
141.010000 17 650
141.010000 18 650
142.010000 0 553
142.010000 1 469
142.010000 2 588
142.010000 3 588
142.010000 4 588
142.010000 5 588
142.010000 6 572
142.010000 7 347
142.010000 8 588
142.010000 9 588
142.010000 10 571
142.010000 11 588
142.010000 12 588
142.010000 13 428
142.010000 14 553
142.010000 15 588
142.010000 16 588
142.010000 17 553
142.010000 18 553
143.010000 0 616
143.010000 1 544
143.010000 2 660
143.010000 3 660
143.010000 4 660
143.010000 5 660
143.010000 6 624
143.010000 7 409
143.010000 8 660
143.010000 9 660
143.010000 10 624
143.010000 11 660
143.010000 12 660
143.010000 13 483
143.010000 14 616
143.010000 15 660
143.010000 16 660
143.010000 17 616
143.010000 18 616
144.010000 0 578
144.010000 1 535
144.010000 2 630
144.010000 3 630
144.010000 4 630
144.010000 5 630
144.010000 6 580
144.010000 7 420
144.010000 8 630
144.010000 9 630
144.010000 10 577
144.010000 11 630
144.010000 12 630
144.010000 13 460
144.010000 14 578
144.010000 15 630
144.010000 16 630
144.010000 17 578
144.010000 18 578
145.010000 0 664
145.010000 1 600
145.010000 2 727
145.010000 3 727
145.010000 4 727
145.010000 5 727
145.010000 6 654
145.010000 7 505
145.010000 8 727
145.010000 9 727
145.010000 10 648
145.010000 11 727
145.010000 12 727
145.010000 13 564
145.010000 14 664
145.010000 15 727
145.010000 16 727
145.010000 17 664
145.010000 18 664
146.010000 0 554
146.010000 1 491
146.010000 2 610
146.010000 3 610
146.010000 4 610
146.010000 5 610
146.010000 6 562
146.010000 7 406
146.010000 8 610
146.010000 9 610
146.010000 10 564
146.010000 11 610
146.010000 12 610
146.010000 13 473
146.010000 14 554
146.010000 15 610
146.010000 16 610
146.010000 17 554
146.010000 18 554
147.010000 0 594
147.010000 1 530
147.010000 2 657
147.010000 3 657
147.010000 4 657
147.010000 5 657
147.010000 6 600
147.010000 7 447
147.010000 8 657
147.010000 9 657
147.010000 10 602
147.010000 11 657
147.010000 12 657
147.010000 13 512
147.010000 14 594
147.010000 15 657
147.010000 16 657
147.010000 17 594
147.010000 18 594
148.010000 0 596
148.010000 1 538
148.010000 2 652
148.010000 3 652
148.010000 4 652
148.010000 5 652
148.010000 6 595
148.010000 7 440
148.010000 8 652
148.010000 9 652
148.010000 10 595
148.010000 11 652
148.010000 12 652
148.010000 13 496
148.010000 14 596
148.010000 15 652
148.010000 16 652
148.010000 17 596
148.010000 18 596
149.010000 0 613
149.010000 1 548
149.010000 2 665
149.010000 3 665
149.010000 4 665
149.010000 5 665
149.010000 6 612
149.010000 7 441
149.010000 8 665
149.010000 9 665
149.010000 10 612
149.010000 11 665
149.010000 12 665
149.010000 13 499
149.010000 14 613
149.010000 15 665
149.010000 16 665
149.010000 17 613
149.010000 18 613
