0.010000 0 4
0.010000 1 3
0.010000 2 4
0.010000 3 3
0.010000 4 4
0.010000 5 3
0.010000 6 3
0.010000 7 4
1.010000 0 7
1.010000 1 7
1.010000 2 7
1.010000 3 8
1.010000 4 6
1.010000 5 8
1.010000 6 7
1.010000 7 6
2.010000 0 6
2.010000 1 8
2.010000 2 7
2.010000 3 6
2.010000 4 8
2.010000 5 6
2.010000 6 7
2.010000 7 8
3.010000 0 8
3.010000 1 6
3.010000 2 7
3.010000 3 7
3.010000 4 6
3.010000 5 8
3.010000 6 7
3.010000 7 7
4.010000 0 8
4.010000 1 8
4.010000 2 8
4.010000 3 8
4.010000 4 9
4.010000 5 7
4.010000 6 8
4.010000 7 7
5.010000 0 6
5.010000 1 6
5.010000 2 6
5.010000 3 6
5.010000 4 6
5.010000 5 6
5.010000 6 6
5.010000 7 7
6.010000 0 6
6.010000 1 7
6.010000 2 7
6.010000 3 7
6.010000 4 6
6.010000 5 8
6.010000 6 8
6.010000 7 7
7.010000 0 10
7.010000 1 9
7.010000 2 9
7.010000 3 9
7.010000 4 9
7.010000 5 8
7.010000 6 8
7.010000 7 8
8.010000 0 5
8.010000 1 6
8.010000 2 6
8.010000 3 6
8.010000 4 6
8.010000 5 6
8.010000 6 7
8.010000 7 7
9.010000 0 8
9.010000 1 7
9.010000 2 7
9.010000 3 8
9.010000 4 7
9.010000 5 7
9.010000 6 6
9.010000 7 6
10.010000 0 6
10.010000 1 6
10.010000 2 5
10.010000 3 6
10.010000 4 6
10.010000 5 7
10.010000 6 6
10.010000 7 7
11.010000 0 7
11.010000 1 7
11.010000 2 8
11.010000 3 7
11.010000 4 7
11.010000 5 7
11.010000 6 7
11.010000 7 6
12.010000 0 7
12.010000 1 7
12.010000 2 6
12.010000 3 7
12.010000 4 7
12.010000 5 7
12.010000 6 8
12.010000 7 7
13.010000 0 7
13.010000 1 8
13.010000 2 8
13.010000 3 6
13.010000 4 7
13.010000 5 7
13.010000 6 6
13.010000 7 7
14.010000 0 6
14.010000 1 6
14.010000 2 7
14.010000 3 7
14.010000 4 8
14.010000 5 7
14.010000 6 7
14.010000 7 8
15.010000 0 8
15.010000 1 7
15.010000 2 7
15.010000 3 7
15.010000 4 6
15.010000 5 7
15.010000 6 7
15.010000 7 7
16.010000 0 234
16.010000 1 190
16.010000 2 278
16.010000 3 278
16.010000 4 278
16.010000 5 278
16.010000 6 190
16.010000 7 234
17.010000 0 186
17.010000 1 151
17.010000 2 224
17.010000 3 225
17.010000 4 225
17.010000 5 223
17.010000 6 152
17.010000 7 189
18.010000 0 208
18.010000 1 167
18.010000 2 245
18.010000 3 246
18.010000 4 245
18.010000 5 247
18.010000 6 166
18.010000 7 205
19.010000 0 216
19.010000 1 174
19.010000 2 262
19.010000 3 261
19.010000 4 262
19.010000 5 261
19.010000 6 178
19.010000 7 220
20.010000 0 207
20.010000 1 168
20.010000 2 247
20.010000 3 246
20.010000 4 247
20.010000 5 247
20.010000 6 167
20.010000 7 207
21.010000 0 219
21.010000 1 177
21.010000 2 259
21.010000 3 259
21.010000 4 258
21.010000 5 258
21.010000 6 174
21.010000 7 216
22.010000 0 202
22.010000 1 160
22.010000 2 240
22.010000 3 242
22.010000 4 241
22.010000 5 242
22.010000 6 163
22.010000 7 204
23.010000 0 210
23.010000 1 170
23.010000 2 251
23.010000 3 250
23.010000 4 250
23.010000 5 250
23.010000 6 168
23.010000 7 208
24.010000 0 208
24.010000 1 169
24.010000 2 248
24.010000 3 248
24.010000 4 250
24.010000 5 249
24.010000 6 170
24.010000 7 208
25.010000 0 187
25.010000 1 150
25.010000 2 222
25.010000 3 223
25.010000 4 221
25.010000 5 222
25.010000 6 150
25.010000 7 186
26.010000 0 218
26.010000 1 176
26.010000 2 260
26.010000 3 259
26.010000 4 260
26.010000 5 260
26.010000 6 176
26.010000 7 218
27.010000 0 217
27.010000 1 175
27.010000 2 259
27.010000 3 260
27.010000 4 259
27.010000 5 258
27.010000 6 174
27.010000 7 218
28.010000 0 206
28.010000 1 167
28.010000 2 247
28.010000 3 246
28.010000 4 248
28.010000 5 248
28.010000 6 168
28.010000 7 206
29.010000 0 207
29.010000 1 167
29.010000 2 246
29.010000 3 247
29.010000 4 245
29.010000 5 246
29.010000 6 165
29.010000 7 206
30.010000 0 228
30.010000 1 184
30.010000 2 272
30.010000 3 272
30.010000 4 272
30.010000 5 271
30.010000 6 184
30.010000 7 228
31.010000 0 219
31.010000 1 176
31.010000 2 264
31.010000 3 263
31.010000 4 265
31.010000 5 265
31.010000 6 180
31.010000 7 223
32.010000 0 195
32.010000 1 157
32.010000 2 231
32.010000 3 230
32.010000 4 229
32.010000 5 229
32.010000 6 154
32.010000 7 192
33.010000 0 215
33.010000 1 174
33.010000 2 257
33.010000 3 259
33.010000 4 259
33.010000 5 258
33.010000 6 175
33.010000 7 216
34.010000 0 229
34.010000 1 185
34.010000 2 276
34.010000 3 274
34.010000 4 275
34.010000 5 275
34.010000 6 187
34.010000 7 231
35.010000 0 206
35.010000 1 165
35.010000 2 243
35.010000 3 243
35.010000 4 243
35.010000 5 243
35.010000 6 162
35.010000 7 203
36.010000 0 207
36.010000 1 167
36.010000 2 246
36.010000 3 248
36.010000 4 246
36.010000 5 248
36.010000 6 167
36.010000 7 207
37.010000 0 198
37.010000 1 160
37.010000 2 238
37.010000 3 238
37.010000 4 238
37.010000 5 238
37.010000 6 163
37.010000 7 200
38.010000 0 187
38.010000 1 153
38.010000 2 225
38.010000 3 223
38.010000 4 225
38.010000 5 223
38.010000 6 151
38.010000 7 188
39.010000 0 215
39.010000 1 172
39.010000 2 254
39.010000 3 255
39.010000 4 253
39.010000 5 255
39.010000 6 170
39.010000 7 211
40.010000 0 200
40.010000 1 161
40.010000 2 237
40.010000 3 238
40.010000 4 238
40.010000 5 237
40.010000 6 162
40.010000 7 200
41.010000 0 204
41.010000 1 165
41.010000 2 246
41.010000 3 245
41.010000 4 245
41.010000 5 246
41.010000 6 165
41.010000 7 206
42.010000 0 198
42.010000 1 160
42.010000 2 235
42.010000 3 234
42.010000 4 235
42.010000 5 235
42.010000 6 159
42.010000 7 196
43.010000 0 215
43.010000 1 173
43.010000 2 257
43.010000 3 257
43.010000 4 257
43.010000 5 257
43.010000 6 174
43.010000 7 216
44.010000 0 189
44.010000 1 152
44.010000 2 224
44.010000 3 226
44.010000 4 225
44.010000 5 225
44.010000 6 153
44.010000 7 188
45.010000 0 216
45.010000 1 175
45.010000 2 260
45.010000 3 259
45.010000 4 260
45.010000 5 258
45.010000 6 174
45.010000 7 218
46.010000 0 207
46.010000 1 168
46.010000 2 247
46.010000 3 246
46.010000 4 247
46.010000 5 247
46.010000 6 167
46.010000 7 207
47.010000 0 189
47.010000 1 151
47.010000 2 223
47.010000 3 224
47.010000 4 224
47.010000 5 224
47.010000 6 153
47.010000 7 187
48.010000 0 206
48.010000 1 166
48.010000 2 246
48.010000 3 247
48.010000 4 245
48.010000 5 247
48.010000 6 166
48.010000 7 206
49.010000 0 198
49.010000 1 161
49.010000 2 238
49.010000 3 238
49.010000 4 239
49.010000 5 238
49.010000 6 161
49.010000 7 200
50.010000 0 235
50.010000 1 190
50.010000 2 281
50.010000 3 279
50.010000 4 280
50.010000 5 279
50.010000 6 188
50.010000 7 235
51.010000 0 188
51.010000 1 151
51.010000 2 223
51.010000 3 223
51.010000 4 222
51.010000 5 223
51.010000 6 152
51.010000 7 186
52.010000 0 213
52.010000 1 171
52.010000 2 255
52.010000 3 257
52.010000 4 256
52.010000 5 257
52.010000 6 174
52.010000 7 216
53.010000 0 206
53.010000 1 166
53.010000 2 246
53.010000 3 246
53.010000 4 246
53.010000 5 246
53.010000 6 166
53.010000 7 207
54.010000 0 190
54.010000 1 155
54.010000 2 227
54.010000 3 225
54.010000 4 227
54.010000 5 226
54.010000 6 151
54.010000 7 188
55.010000 0 220
55.010000 1 177
55.010000 2 261
55.010000 3 263
55.010000 4 261
55.010000 5 262
55.010000 6 178
55.010000 7 219
56.010000 0 225
56.010000 1 182
56.010000 2 271
56.010000 3 269
56.010000 4 270
56.010000 5 270
56.010000 6 183
56.010000 7 227
57.010000 0 199
57.010000 1 162
57.010000 2 239
57.010000 3 239
57.010000 4 239
57.010000 5 239
57.010000 6 163
57.010000 7 200
58.010000 0 207
58.010000 1 166
58.010000 2 243
58.010000 3 245
58.010000 4 244
58.010000 5 243
58.010000 6 163
58.010000 7 204
59.010000 0 216
59.010000 1 174
59.010000 2 260
59.010000 3 258
59.010000 4 259
59.010000 5 260
59.010000 6 176
59.010000 7 217
60.010000 0 206
60.010000 1 166
60.010000 2 246
60.010000 3 246
60.010000 4 247
60.010000 5 245
60.010000 6 166
60.010000 7 207
61.010000 0 229
61.010000 1 184
61.010000 2 271
61.010000 3 273
61.010000 4 272
61.010000 5 272
61.010000 6 183
61.010000 7 227
62.010000 0 216
62.010000 1 174
62.010000 2 259
62.010000 3 257
62.010000 4 257
62.010000 5 259
62.010000 6 174
62.010000 7 217
63.010000 0 187
63.010000 1 151
63.010000 2 222
63.010000 3 224
63.010000 4 223
63.010000 5 223
63.010000 6 152
63.010000 7 186
64.010000 0 208
64.010000 1 168
64.010000 2 249
64.010000 3 247
64.010000 4 248
64.010000 5 247
64.010000 6 167
64.010000 7 209
65.010000 0 225
65.010000 1 182
65.010000 2 270
65.010000 3 270
65.010000 4 271
65.010000 5 270
65.010000 6 183
65.010000 7 226
66.010000 0 210
66.010000 1 167
66.010000 2 251
66.010000 3 252
66.010000 4 251
66.010000 5 252
66.010000 6 170
66.010000 7 211
67.010000 0 225
67.010000 1 183
67.010000 2 267
67.010000 3 266
67.010000 4 266
67.010000 5 267
67.010000 6 179
67.010000 7 223
68.010000 0 208
68.010000 1 168
68.010000 2 248
68.010000 3 249
68.010000 4 248
68.010000 5 247
68.010000 6 168
68.010000 7 207
69.010000 0 199
69.010000 1 159
69.010000 2 239
69.010000 3 239
69.010000 4 240
69.010000 5 240
69.010000 6 162
69.010000 7 202
70.010000 0 204
70.010000 1 167
70.010000 2 241
70.010000 3 242
70.010000 4 241
70.010000 5 242
70.010000 6 163
70.010000 7 201
71.010000 0 208
71.010000 1 167
71.010000 2 248
71.010000 3 248
71.010000 4 248
71.010000 5 248
71.010000 6 168
71.010000 7 208
72.010000 0 206
72.010000 1 167
72.010000 2 246
72.010000 3 246
72.010000 4 246
72.010000 5 246
72.010000 6 166
72.010000 7 206
73.010000 0 211
73.010000 1 170
73.010000 2 254
73.010000 3 254
73.010000 4 254
73.010000 5 254
73.010000 6 174
73.010000 7 214
74.010000 0 204
74.010000 1 165
74.010000 2 242
74.010000 3 241
74.010000 4 242
74.010000 5 242
74.010000 6 162
74.010000 7 203
75.010000 0 205
75.010000 1 167
75.010000 2 247
75.010000 3 246
75.010000 4 247
75.010000 5 245
75.010000 6 166
75.010000 7 206
76.010000 0 216
76.010000 1 173
76.010000 2 256
76.010000 3 258
76.010000 4 256
76.010000 5 258
76.010000 6 174
76.010000 7 215
77.010000 0 219
77.010000 1 176
77.010000 2 262
77.010000 3 260
77.010000 4 262
77.010000 5 260
77.010000 6 176
77.010000 7 219
78.010000 0 197
78.010000 1 160
78.010000 2 234
78.010000 3 236
78.010000 4 234
78.010000 5 236
78.010000 6 159
78.010000 7 196
79.010000 0 187
79.010000 1 151
79.010000 2 225
79.010000 3 223
79.010000 4 224
79.010000 5 224
79.010000 6 153
79.010000 7 188
80.010000 0 187
80.010000 1 151
80.010000 2 223
80.010000 3 223
80.010000 4 223
80.010000 5 222
80.010000 6 151
80.010000 7 188
81.010000 0 218
81.010000 1 175
81.010000 2 258
81.010000 3 259
81.010000 4 259
81.010000 5 260
81.010000 6 174
81.010000 7 217
82.010000 0 215
82.010000 1 175
82.010000 2 258
82.010000 3 258
82.010000 4 258
82.010000 5 257
82.010000 6 173
82.010000 7 215
83.010000 0 198
83.010000 1 159
83.010000 2 236
83.010000 3 235
83.010000 4 235
83.010000 5 235
83.010000 6 160
83.010000 7 198
84.010000 0 207
84.010000 1 166
84.010000 2 246
84.010000 3 248
84.010000 4 247
84.010000 5 248
84.010000 6 167
84.010000 7 207
85.010000 0 196
85.010000 1 159
85.010000 2 236
85.010000 3 234
85.010000 4 236
85.010000 5 235
85.010000 6 159
85.010000 7 197
86.010000 0 223
86.010000 1 179
86.010000 2 267
86.010000 3 267
86.010000 4 266
86.010000 5 267
86.010000 6 182
86.010000 7 225
87.010000 0 202
87.010000 1 164
87.010000 2 240
87.010000 3 240
87.010000 4 241
87.010000 5 240
87.010000 6 161
87.010000 7 199
88.010000 0 226
88.010000 1 182
88.010000 2 270
88.010000 3 271
88.010000 4 269
88.010000 5 270
88.010000 6 182
88.010000 7 227
89.010000 0 203
89.010000 1 163
89.010000 2 242
89.010000 3 241
89.010000 4 243
89.010000 5 241
89.010000 6 164
89.010000 7 204
90.010000 0 192
90.010000 1 156
90.010000 2 227
90.010000 3 229
90.010000 4 227
90.010000 5 229
90.010000 6 154
90.010000 7 189
91.010000 0 217
91.010000 1 175
91.010000 2 259
91.010000 3 259
91.010000 4 259
91.010000 5 259
91.010000 6 175
91.010000 7 217
92.010000 0 197
92.010000 1 159
92.010000 2 236
92.010000 3 234
92.010000 4 235
92.010000 5 235
92.010000 6 159
92.010000 7 197
93.010000 0 186
93.010000 1 150
93.010000 2 223
93.010000 3 223
93.010000 4 223
93.010000 5 223
93.010000 6 152
93.010000 7 188
94.010000 0 198
94.010000 1 160
94.010000 2 236
94.010000 3 236
94.010000 4 236
94.010000 5 236
94.010000 6 160
94.010000 7 197
95.010000 0 216
95.010000 1 175
95.010000 2 259
95.010000 3 259
95.010000 4 260
95.010000 5 259
95.010000 6 174
95.010000 7 218
96.010000 0 208
96.010000 1 168
96.010000 2 248
96.010000 3 248
96.010000 4 247
96.010000 5 247
96.010000 6 169
96.010000 7 208
97.010000 0 202
97.010000 1 161
97.010000 2 241
97.010000 3 242
97.010000 4 241
97.010000 5 242
97.010000 6 162
97.010000 7 203
98.010000 0 213
98.010000 1 174
98.010000 2 255
98.010000 3 254
98.010000 4 256
98.010000 5 254
98.010000 6 173
98.010000 7 213
99.010000 0 216
99.010000 1 174
99.010000 2 255
99.010000 3 257
99.010000 4 255
99.010000 5 257
99.010000 6 172
99.010000 7 213
100.010000 0 237
100.010000 1 192
100.010000 2 287
100.010000 3 285
100.010000 4 287
100.010000 5 286
100.010000 6 194
100.010000 7 241
101.010000 0 217
101.010000 1 173
101.010000 2 256
101.010000 3 256
101.010000 4 256
101.010000 5 256
101.010000 6 172
101.010000 7 213
102.010000 0 228
102.010000 1 185
102.010000 2 272
102.010000 3 274
102.010000 4 272
102.010000 5 272
102.010000 6 186
102.010000 7 229
103.010000 0 225
103.010000 1 180
103.010000 2 269
103.010000 3 268
103.010000 4 268
103.010000 5 269
103.010000 6 179
103.010000 7 225
104.010000 0 196
104.010000 1 161
104.010000 2 237
104.010000 3 237
104.010000 4 238
104.010000 5 236
104.010000 6 162
104.010000 7 199
105.010000 0 199
105.010000 1 159
105.010000 2 234
105.010000 3 233
105.010000 4 234
105.010000 5 234
105.010000 6 157
105.010000 7 195
106.010000 0 197
106.010000 1 159
106.010000 2 234
106.010000 3 236
106.010000 4 234
106.010000 5 236
106.010000 6 159
106.010000 7 197
107.010000 0 218
107.010000 1 175
107.010000 2 261
107.010000 3 259
107.010000 4 260
107.010000 5 259
107.010000 6 176
107.010000 7 219
108.010000 0 218
108.010000 1 177
108.010000 2 260
108.010000 3 262
108.010000 4 261
108.010000 5 261
108.010000 6 177
108.010000 7 218
109.010000 0 174
109.010000 1 141
109.010000 2 209
109.010000 3 207
109.010000 4 209
109.010000 5 208
109.010000 6 140
109.010000 7 175
110.010000 0 218
110.010000 1 174
110.010000 2 259
110.010000 3 260
110.010000 4 258
110.010000 5 260
110.010000 6 175
110.010000 7 216
111.010000 0 195
111.010000 1 158
111.010000 2 233
111.010000 3 233
111.010000 4 234
111.010000 5 233
111.010000 6 157
111.010000 7 195
112.010000 0 208
112.010000 1 168
112.010000 2 249
112.010000 3 248
112.010000 4 249
112.010000 5 248
112.010000 6 170
112.010000 7 210
113.010000 0 210
113.010000 1 169
113.010000 2 251
113.010000 3 251
113.010000 4 250
113.010000 5 252
113.010000 6 170
113.010000 7 211
114.010000 0 194
114.010000 1 157
114.010000 2 230
114.010000 3 230
114.010000 4 230
114.010000 5 230
114.010000 6 154
114.010000 7 192
115.010000 0 212
115.010000 1 170
115.010000 2 253
115.010000 3 255
115.010000 4 255
115.010000 5 254
115.010000 6 173
115.010000 7 213
116.010000 0 213
116.010000 1 172
116.010000 2 253
116.010000 3 253
116.010000 4 252
116.010000 5 253
116.010000 6 171
116.010000 7 211
117.010000 0 228
117.010000 1 184
117.010000 2 272
117.010000 3 271
117.010000 4 272
117.010000 5 272
117.010000 6 183
117.010000 7 229
118.010000 0 214
118.010000 1 174
118.010000 2 258
118.010000 3 258
118.010000 4 258
118.010000 5 256
118.010000 6 173
118.010000 7 215
119.010000 0 219
119.010000 1 175
119.010000 2 260
119.010000 3 259
119.010000 4 259
119.010000 5 261
119.010000 6 176
119.010000 7 218
120.010000 0 217
120.010000 1 176
120.010000 2 258
120.010000 3 260
120.010000 4 259
120.010000 5 259
120.010000 6 175
120.010000 7 216
121.010000 0 182
121.010000 1 146
121.010000 2 219
121.010000 3 217
121.010000 4 218
121.010000 5 218
121.010000 6 148
121.010000 7 185
122.010000 0 201
122.010000 1 164
122.010000 2 240
122.010000 3 240
122.010000 4 241
122.010000 5 239
122.010000 6 162
122.010000 7 200
123.010000 0 190
123.010000 1 152
123.010000 2 225
123.010000 3 225
123.010000 4 224
123.010000 5 225
123.010000 6 153
123.010000 7 188
124.010000 0 184
124.010000 1 149
124.010000 2 221
124.010000 3 222
124.010000 4 222
124.010000 5 221
124.010000 6 149
124.010000 7 186
125.010000 0 206
125.010000 1 166
125.010000 2 244
125.010000 3 245
125.010000 4 245
125.010000 5 246
125.010000 6 166
125.010000 7 204
126.010000 0 209
126.010000 1 169
126.010000 2 249
126.010000 3 249
126.010000 4 248
126.010000 5 249
126.010000 6 168
126.010000 7 209
127.010000 0 186
127.010000 1 150
127.010000 2 223
127.010000 3 223
127.010000 4 224
127.010000 5 222
127.010000 6 152
127.010000 7 188
128.010000 0 207
128.010000 1 167
128.010000 2 248
128.010000 3 247
128.010000 4 247
128.010000 5 247
128.010000 6 166
128.010000 7 207
129.010000 0 206
129.010000 1 166
129.010000 2 245
129.010000 3 245
129.010000 4 244
129.010000 5 246
129.010000 6 166
129.010000 7 204
130.010000 0 198
130.010000 1 159
130.010000 2 235
130.010000 3 236
130.010000 4 236
130.010000 5 236
130.010000 6 160
130.010000 7 199
131.010000 0 178
131.010000 1 144
131.010000 2 212
131.010000 3 211
131.010000 4 212
131.010000 5 212
131.010000 6 144
131.010000 7 178
132.010000 0 207
132.010000 1 167
132.010000 2 247
132.010000 3 247
132.010000 4 247
132.010000 5 247
132.010000 6 167
132.010000 7 207
133.010000 0 213
133.010000 1 171
133.010000 2 256
133.010000 3 255
133.010000 4 255
133.010000 5 255
133.010000 6 172
133.010000 7 215
134.010000 0 230
134.010000 1 187
134.010000 2 273
134.010000 3 275
134.010000 4 274
134.010000 5 274
134.010000 6 185
134.010000 7 227
135.010000 0 208
135.010000 1 168
135.010000 2 251
135.010000 3 250
135.010000 4 250
135.010000 5 250
135.010000 6 169
135.010000 7 211
136.010000 0 205
136.010000 1 165
136.010000 2 242
136.010000 3 243
136.010000 4 244
136.010000 5 243
136.010000 6 164
136.010000 7 202
137.010000 0 193
137.010000 1 155
137.010000 2 233
137.010000 3 232
137.010000 4 231
137.010000 5 232
137.010000 6 158
137.010000 7 197
138.010000 0 203
138.010000 1 164
138.010000 2 242
138.010000 3 242
138.010000 4 243
138.010000 5 242
138.010000 6 163
138.010000 7 202
139.010000 0 199
139.010000 1 162
139.010000 2 235
139.010000 3 234
139.010000 4 234
139.010000 5 234
139.010000 6 158
139.010000 7 196
140.010000 0 190
140.010000 1 153
140.010000 2 229
140.010000 3 229
140.010000 4 230
140.010000 5 229
140.010000 6 156
140.010000 7 194
141.010000 0 213
141.010000 1 172
141.010000 2 255
141.010000 3 255
141.010000 4 255
141.010000 5 256
141.010000 6 173
141.010000 7 213
142.010000 0 237
142.010000 1 191
142.010000 2 280
142.010000 3 280
142.010000 4 279
142.010000 5 280
142.010000 6 187
142.010000 7 233
143.010000 0 178
143.010000 1 144
143.010000 2 211
143.010000 3 212
143.010000 4 212
143.010000 5 211
143.010000 6 144
143.010000 7 179
144.010000 0 206
144.010000 1 165
144.010000 2 246
144.010000 3 247
144.010000 4 246
144.010000 5 247
144.010000 6 167
144.010000 7 205
145.010000 0 203
145.010000 1 164
145.010000 2 243
145.010000 3 242
145.010000 4 243
145.010000 5 243
145.010000 6 165
145.010000 7 205
146.010000 0 199
146.010000 1 161
146.010000 2 237
146.010000 3 238
146.010000 4 237
146.010000 5 237
146.010000 6 159
146.010000 7 198
147.010000 0 185
147.010000 1 148
147.010000 2 222
147.010000 3 220
147.010000 4 221
147.010000 5 221
147.010000 6 151
147.010000 7 186
148.010000 0 221
148.010000 1 180
148.010000 2 262
148.010000 3 264
148.010000 4 263
148.010000 5 263
148.010000 6 176
148.010000 7 219
149.010000 0 227
149.010000 1 182
149.010000 2 271
149.010000 3 271
149.010000 4 271
149.010000 5 271
149.010000 6 184
149.010000 7 227
