0.010000 0 4
0.010000 1 6
0.010000 2 6
0.010000 3 6
0.010000 4 4
0.010000 5 6
0.010000 6 6
0.010000 7 6
0.010000 8 6
0.010000 9 6
0.010000 10 6
0.010000 11 5
0.010000 12 6
0.010000 13 6
0.010000 14 6
0.010000 15 6
0.010000 16 6
0.010000 17 6
0.010000 18 6
0.010000 19 6
0.010000 20 4
0.010000 21 6
0.010000 22 5
0.010000 23 6
0.010000 24 4
1.010000 0 23
1.010000 1 23
1.010000 2 23
1.010000 3 23
1.010000 4 24
1.010000 5 22
1.010000 6 23
1.010000 7 22
1.010000 8 23
1.010000 9 23
1.010000 10 23
1.010000 11 23
1.010000 12 23
1.010000 13 23
1.010000 14 23
1.010000 15 23
1.010000 16 22
1.010000 17 23
1.010000 18 23
1.010000 19 23
1.010000 20 24
1.010000 21 23
1.010000 22 24
1.010000 23 23
1.010000 24 23
2.010000 0 27
2.010000 1 27
2.010000 2 27
2.010000 3 27
2.010000 4 26
2.010000 5 28
2.010000 6 26
2.010000 7 28
2.010000 8 27
2.010000 9 26
2.010000 10 26
2.010000 11 28
2.010000 12 27
2.010000 13 27
2.010000 14 26
2.010000 15 26
2.010000 16 27
2.010000 17 27
2.010000 18 26
2.010000 19 26
2.010000 20 26
2.010000 21 27
2.010000 22 27
2.010000 23 27
2.010000 24 27
3.010000 0 22
3.010000 1 23
3.010000 2 23
3.010000 3 23
3.010000 4 20
3.010000 5 23
3.010000 6 24
3.010000 7 22
3.010000 8 23
3.010000 9 24
3.010000 10 23
3.010000 11 22
3.010000 12 23
3.010000 13 23
3.010000 14 24
3.010000 15 24
3.010000 16 24
3.010000 17 22
3.010000 18 24
3.010000 19 24
3.010000 20 20
3.010000 21 23
3.010000 22 22
3.010000 23 23
3.010000 24 22
4.010000 0 20
4.010000 1 23
4.010000 2 23
4.010000 3 23
4.010000 4 24
4.010000 5 23
4.010000 6 22
4.010000 7 24
4.010000 8 23
4.010000 9 23
4.010000 10 24
4.010000 11 23
4.010000 12 23
4.010000 13 23
4.010000 14 23
4.010000 15 23
4.010000 16 22
4.010000 17 23
4.010000 18 23
4.010000 19 23
4.010000 20 24
4.010000 21 23
4.010000 22 24
4.010000 23 23
4.010000 24 20
5.010000 0 24
5.010000 1 23
5.010000 2 22
5.010000 3 23
5.010000 4 22
5.010000 5 22
5.010000 6 24
5.010000 7 23
5.010000 8 22
5.010000 9 22
5.010000 10 23
5.010000 11 24
5.010000 12 23
5.010000 13 22
5.010000 14 23
5.010000 15 23
5.010000 16 24
5.010000 17 24
5.010000 18 23
5.010000 19 23
5.010000 20 22
5.010000 21 23
5.010000 22 23
5.010000 23 23
5.010000 24 24
6.010000 0 24
6.010000 1 24
6.010000 2 26
6.010000 3 25
6.010000 4 22
6.010000 5 26
6.010000 6 25
6.010000 7 24
6.010000 8 26
6.010000 9 26
6.010000 10 25
6.010000 11 25
6.010000 12 25
6.010000 13 25
6.010000 14 25
6.010000 15 25
6.010000 16 25
6.010000 17 25
6.010000 18 25
6.010000 19 25
6.010000 20 22
6.010000 21 25
6.010000 22 24
6.010000 23 25
6.010000 24 24
7.010000 0 24
7.010000 1 27
7.010000 2 26
7.010000 3 25
7.010000 4 25
7.010000 5 26
7.010000 6 26
7.010000 7 27
7.010000 8 26
7.010000 9 26
7.010000 10 26
7.010000 11 25
7.010000 12 26
7.010000 13 26
7.010000 14 26
7.010000 15 25
7.010000 16 26
7.010000 17 26
7.010000 18 26
7.010000 19 26
7.010000 20 25
7.010000 21 26
7.010000 22 27
7.010000 23 25
7.010000 24 24
8.010000 0 21
8.010000 1 20
8.010000 2 21
8.010000 3 21
8.010000 4 22
8.010000 5 20
8.010000 6 21
8.010000 7 21
8.010000 8 21
8.010000 9 21
8.010000 10 21
8.010000 11 21
8.010000 12 20
8.010000 13 22
8.010000 14 21
8.010000 15 22
8.010000 16 21
8.010000 17 21
8.010000 18 21
8.010000 19 21
8.010000 20 22
8.010000 21 21
8.010000 22 21
8.010000 23 22
8.010000 24 21
9.010000 0 22
9.010000 1 26
9.010000 2 25
9.010000 3 25
9.010000 4 24
9.010000 5 26
9.010000 6 25
9.010000 7 24
9.010000 8 25
9.010000 9 25
9.010000 10 25
9.010000 11 25
9.010000 12 25
9.010000 13 25
9.010000 14 25
9.010000 15 25
9.010000 16 25
9.010000 17 25
9.010000 18 25
9.010000 19 25
9.010000 20 24
9.010000 21 25
9.010000 22 25
9.010000 23 25
9.010000 24 22
10.010000 0 23
10.010000 1 23
10.010000 2 23
10.010000 3 24
10.010000 4 22
10.010000 5 23
10.010000 6 23
10.010000 7 23
10.010000 8 23
10.010000 9 23
10.010000 10 23
10.010000 11 23
10.010000 12 23
10.010000 13 23
10.010000 14 23
10.010000 15 22
10.010000 16 23
10.010000 17 23
10.010000 18 23
10.010000 19 23
10.010000 20 22
10.010000 21 23
10.010000 22 23
10.010000 23 23
10.010000 24 23
11.010000 0 25
11.010000 1 24
11.010000 2 24
11.010000 3 25
11.010000 4 22
11.010000 5 25
11.010000 6 25
11.010000 7 26
11.010000 8 25
11.010000 9 25
11.010000 10 24
11.010000 11 26
11.010000 12 26
11.010000 13 24
11.010000 14 25
11.010000 15 26
11.010000 16 25
11.010000 17 25
11.010000 18 25
11.010000 19 25
11.010000 20 22
11.010000 21 25
11.010000 22 25
11.010000 23 25
11.010000 24 25
12.010000 0 24
12.010000 1 25
12.010000 2 26
12.010000 3 25
12.010000 4 26
12.010000 5 25
12.010000 6 25
12.010000 7 24
12.010000 8 25
12.010000 9 24
12.010000 10 26
12.010000 11 25
12.010000 12 25
12.010000 13 26
12.010000 14 24
12.010000 15 24
12.010000 16 25
12.010000 17 25
12.010000 18 24
12.010000 19 25
12.010000 20 26
12.010000 21 25
12.010000 22 25
12.010000 23 24
12.010000 24 24
13.010000 0 22
13.010000 1 23
13.010000 2 23
13.010000 3 23
13.010000 4 22
13.010000 5 23
13.010000 6 23
13.010000 7 23
13.010000 8 22
13.010000 9 23
13.010000 10 23
13.010000 11 23
13.010000 12 23
13.010000 13 22
13.010000 14 24
13.010000 15 24
13.010000 16 23
13.010000 17 22
13.010000 18 24
13.010000 19 23
13.010000 20 22
13.010000 21 23
13.010000 22 23
13.010000 23 24
13.010000 24 22
14.010000 0 22
14.010000 1 24
14.010000 2 23
14.010000 3 23
14.010000 4 22
14.010000 5 23
14.010000 6 23
14.010000 7 23
14.010000 8 24
14.010000 9 24
14.010000 10 23
14.010000 11 23
14.010000 12 23
14.010000 13 23
14.010000 14 22
14.010000 15 23
14.010000 16 23
14.010000 17 24
14.010000 18 22
14.010000 19 23
14.010000 20 22
14.010000 21 22
14.010000 22 23
14.010000 23 23
14.010000 24 22
15.010000 0 23
15.010000 1 24
15.010000 2 24
15.010000 3 24
15.010000 4 21
15.010000 5 24
15.010000 6 24
15.010000 7 25
15.010000 8 24
15.010000 9 24
15.010000 10 23
15.010000 11 24
15.010000 12 24
15.010000 13 25
15.010000 14 25
15.010000 15 24
15.010000 16 23
15.010000 17 24
15.010000 18 25
15.010000 19 24
15.010000 20 21
15.010000 21 25
15.010000 22 24
15.010000 23 23
15.010000 24 23
16.010000 0 534
16.010000 1 609
16.010000 2 609
16.010000 3 609
16.010000 4 609
16.010000 5 609
16.010000 6 609
16.010000 7 609
16.010000 8 609
16.010000 9 609
16.010000 10 467
16.010000 11 468
16.010000 12 609
16.010000 13 469
16.010000 14 609
16.010000 15 609
16.010000 16 610
16.010000 17 609
16.010000 18 609
16.010000 19 609
16.010000 20 609
16.010000 21 609
16.010000 22 609
16.010000 23 541
16.010000 24 534
17.010000 0 519
17.010000 1 605
17.010000 2 605
17.010000 3 605
17.010000 4 604
17.010000 5 605
17.010000 6 605
17.010000 7 605
17.010000 8 605
17.010000 9 605
17.010000 10 451
17.010000 11 466
17.010000 12 604
17.010000 13 468
17.010000 14 605
17.010000 15 605
17.010000 16 605
17.010000 17 605
17.010000 18 604
17.010000 19 605
17.010000 20 604
17.010000 21 604
17.010000 22 604
17.010000 23 543
17.010000 24 519
18.010000 0 578
18.010000 1 650
18.010000 2 650
18.010000 3 650
18.010000 4 649
18.010000 5 650
18.010000 6 650
18.010000 7 650
18.010000 8 650
18.010000 9 650
18.010000 10 503
18.010000 11 493
18.010000 12 651
18.010000 13 483
18.010000 14 650
18.010000 15 650
18.010000 16 650
18.010000 17 650
18.010000 18 651
18.010000 19 650
18.010000 20 649
18.010000 21 651
18.010000 22 651
18.010000 23 562
18.010000 24 578
19.010000 0 597
19.010000 1 689
19.010000 2 689
19.010000 3 689
19.010000 4 688
19.010000 5 689
19.010000 6 689
19.010000 7 689
19.010000 8 689
19.010000 9 689
19.010000 10 518
19.010000 11 526
19.010000 12 689
19.010000 13 528
19.010000 14 689
19.010000 15 689
19.010000 16 689
19.010000 17 689
19.010000 18 689
19.010000 19 689
19.010000 20 688
19.010000 21 689
19.010000 22 689
19.010000 23 610
19.010000 24 597
20.010000 0 552
20.010000 1 623
20.010000 2 623
20.010000 3 623
20.010000 4 622
20.010000 5 623
20.010000 6 623
20.010000 7 623
20.010000 8 622
20.010000 9 622
20.010000 10 475
20.010000 11 471
20.010000 12 623
20.010000 13 474
20.010000 14 622
20.010000 15 623
20.010000 16 623
20.010000 17 623
20.010000 18 623
20.010000 19 622
20.010000 20 622
20.010000 21 623
20.010000 22 622
20.010000 23 548
20.010000 24 552
21.010000 0 577
21.010000 1 657
21.010000 2 657
21.010000 3 657
21.010000 4 656
21.010000 5 657
21.010000 6 657
21.010000 7 657
21.010000 8 658
21.010000 9 657
21.010000 10 502
21.010000 11 504
21.010000 12 657
21.010000 13 494
21.010000 14 657
21.010000 15 657
21.010000 16 657
21.010000 17 657
21.010000 18 656
21.010000 19 658
21.010000 20 656
21.010000 21 657
21.010000 22 658
21.010000 23 572
21.010000 24 577
22.010000 0 494
22.010000 1 574
22.010000 2 574
22.010000 3 574
22.010000 4 573
22.010000 5 574
22.010000 6 574
22.010000 7 574
22.010000 8 574
22.010000 9 574
22.010000 10 416
22.010000 11 429
22.010000 12 574
22.010000 13 453
22.010000 14 574
22.010000 15 574
22.010000 16 574
22.010000 17 574
22.010000 18 574
22.010000 19 574
22.010000 20 573
22.010000 21 574
22.010000 22 574
22.010000 23 527
22.010000 24 494
23.010000 0 626
23.010000 1 701
23.010000 2 701
23.010000 3 701
23.010000 4 700
23.010000 5 701
23.010000 6 701
23.010000 7 700
23.010000 8 701
23.010000 9 701
23.010000 10 548
23.010000 11 546
23.010000 12 701
23.010000 13 511
23.010000 14 701
23.010000 15 701
23.010000 16 701
23.010000 17 701
23.010000 18 702
23.010000 19 701
23.010000 20 700
23.010000 21 701
23.010000 22 701
23.010000 23 596
23.010000 24 626
24.010000 0 574
24.010000 1 654
24.010000 2 654
24.010000 3 654
24.010000 4 653
24.010000 5 654
24.010000 6 654
24.010000 7 655
24.010000 8 654
24.010000 9 654
24.010000 10 495
24.010000 11 493
24.010000 12 653
24.010000 13 495
24.010000 14 654
24.010000 15 654
24.010000 16 654
24.010000 17 654
24.010000 18 654
24.010000 19 654
24.010000 20 653
24.010000 21 654
24.010000 22 654
24.010000 23 582
24.010000 24 574
25.010000 0 566
25.010000 1 639
25.010000 2 639
25.010000 3 639
25.010000 4 638
25.010000 5 639
25.010000 6 639
25.010000 7 639
25.010000 8 638
25.010000 9 639
25.010000 10 489
25.010000 11 480
25.010000 12 640
25.010000 13 481
25.010000 14 639
25.010000 15 639
25.010000 16 639
25.010000 17 639
25.010000 18 639
25.010000 19 639
25.010000 20 638
25.010000 21 639
25.010000 22 639
25.010000 23 563
25.010000 24 566
26.010000 0 566
26.010000 1 650
26.010000 2 650
26.010000 3 650
26.010000 4 649
26.010000 5 650
26.010000 6 650
26.010000 7 650
26.010000 8 651
26.010000 9 650
26.010000 10 495
26.010000 11 499
26.010000 12 650
26.010000 13 492
26.010000 14 650
26.010000 15 650
26.010000 16 650
26.010000 17 649
26.010000 18 650
26.010000 19 649
26.010000 20 649
26.010000 21 650
26.010000 22 650
26.010000 23 572
26.010000 24 566
27.010000 0 523
27.010000 1 595
27.010000 2 595
27.010000 3 595
27.010000 4 594
27.010000 5 594
27.010000 6 594
27.010000 7 594
27.010000 8 595
27.010000 9 595
27.010000 10 450
27.010000 11 455
27.010000 12 595
27.010000 13 456
27.010000 14 595
27.010000 15 594
27.010000 16 595
27.010000 17 596
27.010000 18 595
27.010000 19 596
27.010000 20 594
27.010000 21 594
27.010000 22 595
27.010000 23 522
27.010000 24 523
28.010000 0 557
28.010000 1 641
28.010000 2 641
28.010000 3 641
28.010000 4 640
28.010000 5 642
28.010000 6 642
28.010000 7 642
28.010000 8 641
28.010000 9 641
28.010000 10 482
28.010000 11 479
28.010000 12 641
28.010000 13 490
28.010000 14 641
28.010000 15 641
28.010000 16 641
28.010000 17 641
28.010000 18 641
28.010000 19 641
28.010000 20 640
28.010000 21 642
28.010000 22 641
28.010000 23 575
28.010000 24 557
29.010000 0 580
29.010000 1 667
29.010000 2 667
29.010000 3 667
29.010000 4 666
29.010000 5 667
29.010000 6 667
29.010000 7 667
29.010000 8 667
29.010000 9 667
29.010000 10 503
29.010000 11 511
29.010000 12 667
29.010000 13 510
29.010000 14 667
29.010000 15 668
29.010000 16 667
29.010000 17 667
29.010000 18 667
29.010000 19 667
29.010000 20 666
29.010000 21 666
29.010000 22 667
29.010000 23 587
29.010000 24 580
30.010000 0 572
30.010000 1 660
30.010000 2 660
30.010000 3 660
30.010000 4 659
30.010000 5 660
30.010000 6 659
30.010000 7 660
30.010000 8 660
30.010000 9 660
30.010000 10 497
30.010000 11 505
30.010000 12 660
30.010000 13 505
30.010000 14 660
30.010000 15 660
30.010000 16 660
30.010000 17 660
30.010000 18 660
30.010000 19 660
30.010000 20 659
30.010000 21 661
30.010000 22 660
30.010000 23 584
30.010000 24 572
31.010000 0 594
31.010000 1 655
31.010000 2 655
31.010000 3 655
31.010000 4 654
31.010000 5 654
31.010000 6 656
31.010000 7 655
31.010000 8 655
31.010000 9 655
31.010000 10 520
31.010000 11 496
31.010000 12 655
31.010000 13 477
31.010000 14 655
31.010000 15 655
31.010000 16 654
31.010000 17 655
31.010000 18 655
31.010000 19 655
31.010000 20 654
31.010000 21 655
31.010000 22 654
31.010000 23 558
31.010000 24 594
32.010000 0 542
32.010000 1 634
32.010000 2 634
32.010000 3 634
32.010000 4 633
32.010000 5 635
32.010000 6 634
32.010000 7 634
32.010000 8 634
32.010000 9 634
32.010000 10 464
32.010000 11 478
32.010000 12 634
32.010000 13 499
32.010000 14 634
32.010000 15 634
32.010000 16 635
32.010000 17 634
32.010000 18 634
32.010000 19 634
32.010000 20 633
32.010000 21 634
32.010000 22 635
32.010000 23 573
32.010000 24 542
33.010000 0 597
33.010000 1 675
33.010000 2 674
33.010000 3 675
33.010000 4 672
33.010000 5 675
33.010000 6 675
33.010000 7 675
33.010000 8 674
33.010000 9 674
33.010000 10 522
33.010000 11 518
33.010000 12 675
33.010000 13 507
33.010000 14 675
33.010000 15 674
33.010000 16 675
33.010000 17 674
33.010000 18 675
33.010000 19 675
33.010000 20 672
33.010000 21 675
33.010000 22 675
33.010000 23 586
33.010000 24 597
34.010000 0 565
34.010000 1 658
34.010000 2 659
34.010000 3 658
34.010000 4 659
34.010000 5 658
34.010000 6 658
34.010000 7 658
34.010000 8 658
34.010000 9 659
34.010000 10 487
34.010000 11 500
34.010000 12 658
34.010000 13 512
34.010000 14 657
34.010000 15 659
34.010000 16 658
34.010000 17 658
34.010000 18 657
34.010000 19 658
34.010000 20 659
34.010000 21 658
34.010000 22 657
34.010000 23 589
34.010000 24 565
35.010000 0 573
35.010000 1 668
35.010000 2 668
35.010000 3 668
35.010000 4 666
35.010000 5 668
35.010000 6 668
35.010000 7 668
35.010000 8 667
35.010000 9 667
35.010000 10 502
35.010000 11 517
35.010000 12 668
35.010000 13 514
35.010000 14 669
35.010000 15 668
35.010000 16 668
35.010000 17 669
35.010000 18 668
35.010000 19 668
35.010000 20 666
35.010000 21 668
35.010000 22 669
35.010000 23 589
35.010000 24 573
36.010000 0 515
36.010000 1 569
36.010000 2 569
36.010000 3 568
36.010000 4 569
36.010000 5 569
36.010000 6 568
36.010000 7 569
36.010000 8 570
36.010000 9 570
36.010000 10 438
36.010000 11 417
36.010000 12 569
36.010000 13 426
36.010000 14 569
36.010000 15 568
36.010000 16 569
36.010000 17 569
36.010000 18 569
36.010000 19 569
36.010000 20 569
36.010000 21 569
36.010000 22 569
36.010000 23 503
36.010000 24 515
37.010000 0 624
37.010000 1 715
37.010000 2 715
37.010000 3 715
37.010000 4 712
37.010000 5 715
37.010000 6 716
37.010000 7 715
37.010000 8 715
37.010000 9 715
37.010000 10 540
37.010000 11 548
37.010000 12 715
37.010000 13 545
37.010000 14 715
37.010000 15 716
37.010000 16 715
37.010000 17 715
37.010000 18 716
37.010000 19 715
37.010000 20 712
37.010000 21 715
37.010000 22 715
37.010000 23 625
37.010000 24 624
38.010000 0 597
38.010000 1 676
38.010000 2 677
38.010000 3 677
38.010000 4 678
38.010000 5 677
38.010000 6 677
38.010000 7 677
38.010000 8 677
38.010000 9 677
38.010000 10 519
38.010000 11 510
38.010000 12 676
38.010000 13 510
38.010000 14 677
38.010000 15 677
38.010000 16 677
38.010000 17 677
38.010000 18 677
38.010000 19 677
38.010000 20 678
38.010000 21 677
38.010000 22 677
38.010000 23 595
38.010000 24 597
39.010000 0 553
39.010000 1 638
39.010000 2 638
39.010000 3 639
39.010000 4 637
39.010000 5 638
39.010000 6 637
39.010000 7 638
39.010000 8 638
39.010000 9 638
39.010000 10 479
39.010000 11 486
39.010000 12 638
39.010000 13 491
39.010000 14 638
39.010000 15 638
39.010000 16 638
39.010000 17 638
39.010000 18 638
39.010000 19 638
39.010000 20 637
39.010000 21 637
39.010000 22 638
39.010000 23 567
39.010000 24 553
40.010000 0 575
40.010000 1 649
40.010000 2 648
40.010000 3 648
40.010000 4 647
40.010000 5 648
40.010000 6 649
40.010000 7 648
40.010000 8 648
40.010000 9 648
40.010000 10 501
40.010000 11 491
40.010000 12 649
40.010000 13 481
40.010000 14 648
40.010000 15 648
40.010000 16 648
40.010000 17 648
40.010000 18 647
40.010000 19 648
40.010000 20 647
40.010000 21 649
40.010000 22 648
40.010000 23 564
40.010000 24 575
41.010000 0 549
41.010000 1 631
41.010000 2 631
41.010000 3 631
41.010000 4 630
41.010000 5 631
41.010000 6 631
41.010000 7 631
41.010000 8 631
41.010000 9 631
41.010000 10 470
41.010000 11 478
41.010000 12 631
41.010000 13 489
41.010000 14 631
41.010000 15 631
41.010000 16 631
41.010000 17 631
41.010000 18 632
41.010000 19 631
41.010000 20 630
41.010000 21 631
41.010000 22 631
41.010000 23 560
41.010000 24 549
42.010000 0 543
42.010000 1 623
42.010000 2 623
42.010000 3 623
42.010000 4 622
42.010000 5 623
42.010000 6 623
42.010000 7 623
42.010000 8 623
42.010000 9 623
42.010000 10 472
42.010000 11 477
42.010000 12 623
42.010000 13 477
42.010000 14 623
42.010000 15 623
42.010000 16 623
42.010000 17 623
42.010000 18 622
42.010000 19 623
42.010000 20 622
42.010000 21 623
42.010000 22 622
42.010000 23 548
42.010000 24 543
43.010000 0 588
43.010000 1 679
43.010000 2 680
43.010000 3 680
43.010000 4 679
43.010000 5 680
43.010000 6 680
43.010000 7 680
43.010000 8 680
43.010000 9 680
43.010000 10 511
43.010000 11 516
43.010000 12 680
43.010000 13 523
43.010000 14 680
43.010000 15 680
43.010000 16 680
43.010000 17 680
43.010000 18 681
43.010000 19 680
43.010000 20 679
43.010000 21 680
43.010000 22 681
43.010000 23 604
43.010000 24 588
44.010000 0 534
44.010000 1 599
44.010000 2 598
44.010000 3 598
44.010000 4 597
44.010000 5 598
44.010000 6 597
44.010000 7 597
44.010000 8 597
44.010000 9 597
44.010000 10 467
44.010000 11 454
44.010000 12 598
44.010000 13 448
44.010000 14 598
44.010000 15 598
44.010000 16 598
44.010000 17 598
44.010000 18 598
44.010000 19 598
44.010000 20 597
44.010000 21 598
44.010000 22 598
44.010000 23 515
44.010000 24 534
45.010000 0 585
45.010000 1 666
45.010000 2 665
45.010000 3 666
45.010000 4 663
45.010000 5 666
45.010000 6 667
45.010000 7 667
45.010000 8 667
45.010000 9 667
45.010000 10 510
45.010000 11 506
45.010000 12 666
45.010000 13 502
45.010000 14 666
45.010000 15 666
45.010000 16 666
45.010000 17 666
45.010000 18 666
45.010000 19 666
45.010000 20 663
45.010000 21 666
45.010000 22 666
45.010000 23 583
45.010000 24 585
46.010000 0 566
46.010000 1 642
46.010000 2 643
46.010000 3 642
46.010000 4 643
46.010000 5 642
46.010000 6 642
46.010000 7 642
46.010000 8 642
46.010000 9 642
46.010000 10 489
46.010000 11 488
46.010000 12 642
46.010000 13 485
46.010000 14 642
46.010000 15 642
46.010000 16 642
46.010000 17 642
46.010000 18 642
46.010000 19 642
46.010000 20 643
46.010000 21 642
46.010000 22 641
46.010000 23 561
46.010000 24 566
47.010000 0 570
47.010000 1 656
47.010000 2 657
47.010000 3 656
47.010000 4 656
47.010000 5 657
47.010000 6 657
47.010000 7 657
47.010000 8 657
47.010000 9 657
47.010000 10 495
47.010000 11 501
47.010000 12 657
47.010000 13 504
47.010000 14 657
47.010000 15 657
47.010000 16 657
47.010000 17 657
47.010000 18 657
47.010000 19 657
47.010000 20 656
47.010000 21 657
47.010000 22 658
47.010000 23 582
47.010000 24 570
48.010000 0 577
48.010000 1 660
48.010000 2 659
48.010000 3 660
48.010000 4 658
48.010000 5 659
48.010000 6 659
48.010000 7 659
48.010000 8 659
48.010000 9 659
48.010000 10 489
48.010000 11 496
48.010000 12 659
48.010000 13 509
48.010000 14 659
48.010000 15 659
48.010000 16 659
48.010000 17 659
48.010000 18 659
48.010000 19 659
48.010000 20 658
48.010000 21 659
48.010000 22 659
48.010000 23 586
48.010000 24 577
49.010000 0 586
49.010000 1 669
49.010000 2 669
49.010000 3 669
49.010000 4 668
49.010000 5 669
49.010000 6 669
49.010000 7 669
49.010000 8 669
49.010000 9 669
49.010000 10 507
49.010000 11 508
49.010000 12 669
49.010000 13 510
49.010000 14 669
49.010000 15 669
49.010000 16 669
49.010000 17 668
49.010000 18 669
49.010000 19 669
49.010000 20 668
49.010000 21 669
49.010000 22 669
49.010000 23 589
49.010000 24 586
50.010000 0 580
50.010000 1 662
50.010000 2 662
50.010000 3 662
50.010000 4 661
50.010000 5 662
50.010000 6 662
50.010000 7 662
50.010000 8 662
50.010000 9 662
50.010000 10 502
50.010000 11 502
50.010000 12 662
50.010000 13 504
50.010000 14 662
50.010000 15 662
50.010000 16 661
50.010000 17 663
50.010000 18 662
50.010000 19 662
50.010000 20 661
50.010000 21 662
50.010000 22 662
50.010000 23 583
50.010000 24 580
51.010000 0 539
51.010000 1 609
51.010000 2 609
51.010000 3 609
51.010000 4 608
51.010000 5 609
51.010000 6 608
51.010000 7 609
51.010000 8 609
51.010000 9 609
51.010000 10 474
51.010000 11 460
51.010000 12 609
51.010000 13 454
51.010000 14 609
51.010000 15 609
51.010000 16 610
51.010000 17 609
51.010000 18 609
51.010000 19 609
51.010000 20 608
51.010000 21 609
51.010000 22 609
51.010000 23 532
51.010000 24 539
52.010000 0 558
52.010000 1 641
52.010000 2 641
52.010000 3 641
52.010000 4 638
52.010000 5 641
52.010000 6 642
52.010000 7 641
52.010000 8 641
52.010000 9 641
52.010000 10 472
52.010000 11 488
52.010000 12 641
52.010000 13 500
52.010000 14 641
52.010000 15 641
52.010000 16 641
52.010000 17 641
52.010000 18 641
52.010000 19 641
52.010000 20 638
52.010000 21 641
52.010000 22 641
52.010000 23 570
52.010000 24 558
53.010000 0 567
53.010000 1 651
53.010000 2 651
53.010000 3 651
53.010000 4 652
53.010000 5 651
53.010000 6 651
53.010000 7 650
53.010000 8 651
53.010000 9 651
53.010000 10 489
53.010000 11 491
53.010000 12 651
53.010000 13 500
53.010000 14 651
53.010000 15 651
53.010000 16 651
53.010000 17 651
53.010000 18 651
53.010000 19 651
53.010000 20 652
53.010000 21 651
53.010000 22 651
53.010000 23 579
53.010000 24 567
54.010000 0 583
54.010000 1 653
54.010000 2 652
54.010000 3 653
54.010000 4 652
54.010000 5 653
54.010000 6 653
54.010000 7 654
54.010000 8 653
54.010000 9 653
54.010000 10 515
54.010000 11 498
54.010000 12 653
54.010000 13 477
54.010000 14 653
54.010000 15 653
54.010000 16 653
54.010000 17 653
54.010000 18 653
54.010000 19 653
54.010000 20 652
54.010000 21 653
54.010000 22 653
54.010000 23 562
54.010000 24 583
55.010000 0 574
55.010000 1 668
55.010000 2 670
55.010000 3 669
55.010000 4 668
55.010000 5 669
55.010000 6 669
55.010000 7 669
55.010000 8 669
55.010000 9 669
55.010000 10 493
55.010000 11 511
55.010000 12 669
55.010000 13 526
55.010000 14 669
55.010000 15 669
55.010000 16 669
55.010000 17 669
55.010000 18 668
55.010000 19 669
55.010000 20 668
55.010000 21 669
55.010000 22 669
55.010000 23 596
55.010000 24 574
56.010000 0 599
56.010000 1 673
56.010000 2 671
56.010000 3 672
56.010000 4 671
56.010000 5 672
56.010000 6 671
56.010000 7 672
56.010000 8 671
56.010000 9 671
56.010000 10 518
56.010000 11 500
56.010000 12 672
56.010000 13 506
56.010000 14 672
56.010000 15 672
56.010000 16 672
56.010000 17 672
56.010000 18 672
56.010000 19 672
56.010000 20 671
56.010000 21 672
56.010000 22 672
56.010000 23 591
56.010000 24 599
57.010000 0 549
57.010000 1 628
57.010000 2 629
57.010000 3 628
57.010000 4 627
57.010000 5 628
57.010000 6 629
57.010000 7 628
57.010000 8 629
57.010000 9 629
57.010000 10 475
57.010000 11 476
57.010000 12 628
57.010000 13 477
57.010000 14 628
57.010000 15 628
57.010000 16 628
57.010000 17 628
57.010000 18 628
57.010000 19 628
57.010000 20 627
57.010000 21 627
57.010000 22 628
57.010000 23 555
57.010000 24 549
58.010000 0 583
58.010000 1 659
58.010000 2 659
58.010000 3 659
58.010000 4 658
58.010000 5 659
58.010000 6 659
58.010000 7 659
58.010000 8 659
58.010000 9 659
58.010000 10 506
58.010000 11 500
58.010000 12 659
58.010000 13 499
58.010000 14 659
58.010000 15 659
58.010000 16 658
58.010000 17 658
58.010000 18 659
58.010000 19 659
58.010000 20 658
58.010000 21 659
58.010000 22 658
58.010000 23 574
58.010000 24 583
59.010000 0 579
59.010000 1 663
59.010000 2 663
59.010000 3 664
59.010000 4 663
59.010000 5 664
59.010000 6 664
59.010000 7 664
59.010000 8 664
59.010000 9 664
59.010000 10 502
59.010000 11 504
59.010000 12 664
59.010000 13 507
59.010000 14 664
59.010000 15 664
59.010000 16 665
59.010000 17 665
59.010000 18 664
59.010000 19 664
59.010000 20 663
59.010000 21 665
59.010000 22 665
59.010000 23 585
59.010000 24 579
60.010000 0 556
60.010000 1 629
60.010000 2 629
60.010000 3 628
60.010000 4 627
60.010000 5 627
60.010000 6 628
60.010000 7 628
60.010000 8 627
60.010000 9 628
60.010000 10 488
60.010000 11 480
60.010000 12 627
60.010000 13 466
60.010000 14 628
60.010000 15 628
60.010000 16 628
60.010000 17 628
60.010000 18 628
60.010000 19 628
60.010000 20 627
60.010000 21 627
60.010000 22 628
60.010000 23 547
60.010000 24 556
61.010000 0 544
61.010000 1 639
61.010000 2 638
61.010000 3 639
61.010000 4 638
61.010000 5 640
61.010000 6 639
61.010000 7 639
61.010000 8 640
61.010000 9 639
61.010000 10 460
61.010000 11 490
61.010000 12 640
61.010000 13 510
61.010000 14 639
61.010000 15 639
61.010000 16 638
61.010000 17 638
61.010000 18 639
61.010000 19 639
61.010000 20 638
61.010000 21 640
61.010000 22 639
61.010000 23 574
61.010000 24 544
62.010000 0 597
62.010000 1 669
62.010000 2 669
62.010000 3 669
62.010000 4 666
62.010000 5 669
62.010000 6 669
62.010000 7 669
62.010000 8 669
62.010000 9 669
62.010000 10 524
62.010000 11 500
62.010000 12 669
62.010000 13 496
62.010000 14 669
62.010000 15 669
62.010000 16 670
62.010000 17 670
62.010000 18 669
62.010000 19 669
62.010000 20 666
62.010000 21 668
62.010000 22 669
62.010000 23 583
62.010000 24 597
63.010000 0 546
63.010000 1 624
63.010000 2 625
63.010000 3 624
63.010000 4 624
63.010000 5 624
63.010000 6 624
63.010000 7 623
63.010000 8 624
63.010000 9 624
63.010000 10 468
63.010000 11 477
63.010000 12 624
63.010000 13 479
63.010000 14 624
63.010000 15 624
63.010000 16 623
63.010000 17 624
63.010000 18 624
63.010000 19 624
63.010000 20 624
63.010000 21 625
63.010000 22 624
63.010000 23 548
63.010000 24 546
64.010000 0 565
64.010000 1 641
64.010000 2 641
64.010000 3 641
64.010000 4 641
64.010000 5 640
64.010000 6 641
64.010000 7 642
64.010000 8 641
64.010000 9 640
64.010000 10 486
64.010000 11 484
64.010000 12 641
64.010000 13 489
64.010000 14 641
64.010000 15 640
64.010000 16 641
64.010000 17 640
64.010000 18 640
64.010000 19 641
64.010000 20 641
64.010000 21 641
64.010000 22 641
64.010000 23 566
64.010000 24 565
65.010000 0 569
65.010000 1 652
65.010000 2 652
65.010000 3 652
65.010000 4 651
65.010000 5 653
65.010000 6 652
65.010000 7 652
65.010000 8 652
65.010000 9 653
65.010000 10 492
65.010000 11 495
65.010000 12 652
65.010000 13 496
65.010000 14 652
65.010000 15 652
65.010000 16 653
65.010000 17 653
65.010000 18 653
65.010000 19 652
65.010000 20 651
65.010000 21 651
65.010000 22 652
65.010000 23 575
65.010000 24 569
66.010000 0 591
66.010000 1 668
66.010000 2 668
66.010000 3 668
66.010000 4 667
66.010000 5 668
66.010000 6 667
66.010000 7 668
66.010000 8 668
66.010000 9 668
66.010000 10 519
66.010000 11 508
66.010000 12 668
66.010000 13 498
66.010000 14 668
66.010000 15 668
66.010000 16 667
66.010000 17 667
66.010000 18 668
66.010000 19 668
66.010000 20 667
66.010000 21 668
66.010000 22 667
66.010000 23 583
66.010000 24 591
67.010000 0 547
67.010000 1 626
67.010000 2 626
67.010000 3 626
67.010000 4 625
67.010000 5 626
67.010000 6 627
67.010000 7 626
67.010000 8 626
67.010000 9 626
67.010000 10 471
67.010000 11 475
67.010000 12 626
67.010000 13 479
67.010000 14 626
67.010000 15 626
67.010000 16 627
67.010000 17 627
67.010000 18 626
67.010000 19 626
67.010000 20 625
67.010000 21 626
67.010000 22 627
67.010000 23 551
67.010000 24 547
68.010000 0 581
68.010000 1 658
68.010000 2 658
68.010000 3 658
68.010000 4 655
68.010000 5 658
68.010000 6 658
68.010000 7 658
68.010000 8 658
68.010000 9 658
68.010000 10 510
68.010000 11 497
68.010000 12 658
68.010000 13 490
68.010000 14 658
68.010000 15 659
68.010000 16 658
68.010000 17 658
68.010000 18 658
68.010000 19 658
68.010000 20 655
68.010000 21 659
68.010000 22 658
68.010000 23 577
68.010000 24 581
69.010000 0 588
69.010000 1 681
69.010000 2 681
69.010000 3 681
69.010000 4 682
69.010000 5 680
69.010000 6 681
69.010000 7 681
69.010000 8 681
69.010000 9 680
69.010000 10 501
69.010000 11 523
69.010000 12 680
69.010000 13 535
69.010000 14 681
69.010000 15 681
69.010000 16 681
69.010000 17 681
69.010000 18 681
69.010000 19 681
69.010000 20 682
69.010000 21 681
69.010000 22 681
69.010000 23 601
69.010000 24 588
70.010000 0 550
70.010000 1 621
70.010000 2 621
70.010000 3 621
70.010000 4 620
70.010000 5 622
70.010000 6 621
70.010000 7 621
70.010000 8 621
70.010000 9 622
70.010000 10 479
70.010000 11 471
70.010000 12 622
70.010000 13 463
70.010000 14 621
70.010000 15 621
70.010000 16 621
70.010000 17 621
70.010000 18 621
70.010000 19 620
70.010000 20 620
70.010000 21 620
70.010000 22 621
70.010000 23 543
70.010000 24 550
71.010000 0 541
71.010000 1 636
71.010000 2 636
71.010000 3 636
71.010000 4 635
71.010000 5 636
71.010000 6 636
71.010000 7 636
71.010000 8 636
71.010000 9 636
71.010000 10 461
71.010000 11 480
71.010000 12 636
71.010000 13 509
71.010000 14 636
71.010000 15 636
71.010000 16 636
71.010000 17 636
71.010000 18 636
71.010000 19 636
71.010000 20 635
71.010000 21 637
71.010000 22 635
71.010000 23 576
71.010000 24 541
72.010000 0 579
72.010000 1 650
72.010000 2 649
72.010000 3 650
72.010000 4 649
72.010000 5 650
72.010000 6 649
72.010000 7 650
72.010000 8 650
72.010000 9 650
72.010000 10 515
72.010000 11 493
72.010000 12 650
72.010000 13 475
72.010000 14 650
72.010000 15 650
72.010000 16 650
72.010000 17 650
72.010000 18 650
72.010000 19 650
72.010000 20 649
72.010000 21 650
72.010000 22 651
72.010000 23 562
72.010000 24 579
73.010000 0 590
73.010000 1 665
73.010000 2 666
73.010000 3 665
73.010000 4 664
73.010000 5 665
73.010000 6 666
73.010000 7 665
73.010000 8 665
73.010000 9 665
73.010000 10 507
73.010000 11 505
73.010000 12 664
73.010000 13 501
73.010000 14 665
73.010000 15 665
73.010000 16 665
73.010000 17 665
73.010000 18 665
73.010000 19 665
73.010000 20 664
73.010000 21 665
73.010000 22 665
73.010000 23 579
73.010000 24 590
74.010000 0 561
74.010000 1 645
74.010000 2 645
74.010000 3 644
74.010000 4 644
74.010000 5 645
74.010000 6 645
74.010000 7 645
74.010000 8 645
74.010000 9 645
74.010000 10 488
74.010000 11 489
74.010000 12 646
74.010000 13 494
74.010000 14 645
74.010000 15 645
74.010000 16 645
74.010000 17 645
74.010000 18 645
74.010000 19 645
74.010000 20 644
74.010000 21 645
74.010000 22 645
74.010000 23 571
74.010000 24 561
75.010000 0 559
75.010000 1 634
75.010000 2 633
75.010000 3 635
75.010000 4 633
75.010000 5 633
75.010000 6 634
75.010000 7 634
75.010000 8 634
75.010000 9 633
75.010000 10 480
75.010000 11 480
75.010000 12 634
75.010000 13 483
75.010000 14 634
75.010000 15 633
75.010000 16 634
75.010000 17 634
75.010000 18 634
75.010000 19 634
75.010000 20 633
75.010000 21 634
75.010000 22 634
75.010000 23 560
75.010000 24 559
76.010000 0 326
76.010000 1 376
76.010000 2 377
76.010000 3 376
76.010000 4 375
76.010000 5 377
76.010000 6 376
76.010000 7 376
76.010000 8 376
76.010000 9 377
76.010000 10 298
76.010000 11 304
76.010000 12 376
76.010000 13 228
76.010000 14 375
76.010000 15 377
76.010000 16 376
76.010000 17 376
76.010000 18 375
76.010000 19 376
76.010000 20 375
76.010000 21 376
76.010000 22 376
76.010000 23 369
76.010000 24 326
77.010000 0 71
77.010000 1 73
77.010000 2 73
77.010000 3 73
77.010000 4 72
77.010000 5 73
77.010000 6 73
77.010000 7 72
77.010000 8 73
77.010000 9 72
77.010000 10 69
77.010000 11 69
77.010000 12 73
77.010000 13 34
77.010000 14 73
77.010000 15 73
77.010000 16 73
77.010000 17 73
77.010000 18 74
77.010000 19 72
77.010000 20 72
77.010000 21 73
77.010000 22 73
77.010000 23 74
77.010000 24 71
78.010000 0 25
78.010000 1 26
78.010000 2 25
78.010000 3 26
78.010000 4 25
78.010000 5 26
78.010000 6 26
78.010000 7 27
78.010000 8 26
78.010000 9 27
78.010000 10 25
78.010000 11 26
78.010000 12 25
78.010000 13 26
78.010000 14 26
78.010000 15 26
78.010000 16 25
78.010000 17 26
78.010000 18 26
78.010000 19 26
78.010000 20 25
78.010000 21 26
78.010000 22 26
78.010000 23 26
78.010000 24 25
79.010000 0 21
79.010000 1 22
79.010000 2 23
79.010000 3 22
79.010000 4 21
79.010000 5 22
79.010000 6 22
79.010000 7 21
79.010000 8 22
79.010000 9 22
79.010000 10 23
79.010000 11 22
79.010000 12 23
79.010000 13 22
79.010000 14 23
79.010000 15 22
79.010000 16 22
79.010000 17 22
79.010000 18 21
79.010000 19 23
79.010000 20 21
79.010000 21 22
79.010000 22 22
79.010000 23 21
79.010000 24 21
80.010000 0 47
80.010000 1 49
80.010000 2 50
80.010000 3 50
80.010000 4 48
80.010000 5 49
80.010000 6 49
80.010000 7 50
80.010000 8 49
80.010000 9 49
80.010000 10 45
80.010000 11 46
80.010000 12 49
80.010000 13 41
80.010000 14 50
80.010000 15 49
80.010000 16 51
80.010000 17 50
80.010000 18 51
80.010000 19 50
80.010000 20 48
80.010000 21 50
80.010000 22 50
80.010000 23 50
80.010000 24 47
81.010000 0 18
81.010000 1 20
81.010000 2 19
81.010000 3 19
81.010000 4 19
81.010000 5 19
81.010000 6 20
81.010000 7 20
81.010000 8 20
81.010000 9 20
81.010000 10 19
81.010000 11 18
81.010000 12 20
81.010000 13 19
81.010000 14 19
81.010000 15 19
81.010000 16 18
81.010000 17 19
81.010000 18 19
81.010000 19 19
81.010000 20 19
81.010000 21 19
81.010000 22 19
81.010000 23 19
81.010000 24 18
82.010000 0 22
82.010000 1 22
82.010000 2 23
82.010000 3 23
82.010000 4 22
82.010000 5 23
82.010000 6 23
82.010000 7 23
82.010000 8 22
82.010000 9 23
82.010000 10 24
82.010000 11 24
82.010000 12 23
82.010000 13 22
82.010000 14 23
82.010000 15 24
82.010000 16 24
82.010000 17 23
82.010000 18 23
82.010000 19 23
82.010000 20 22
82.010000 21 23
82.010000 22 23
82.010000 23 23
82.010000 24 22
83.010000 0 25
83.010000 1 26
83.010000 2 25
83.010000 3 25
83.010000 4 25
83.010000 5 27
83.010000 6 26
83.010000 7 26
83.010000 8 27
83.010000 9 26
83.010000 10 26
83.010000 11 26
83.010000 12 26
83.010000 13 27
83.010000 14 25
83.010000 15 26
83.010000 16 26
83.010000 17 26
83.010000 18 26
83.010000 19 25
83.010000 20 25
83.010000 21 26
83.010000 22 26
83.010000 23 25
83.010000 24 25
84.010000 0 23
84.010000 1 24
84.010000 2 25
84.010000 3 24
84.010000 4 22
84.010000 5 23
84.010000 6 23
84.010000 7 24
84.010000 8 24
84.010000 9 24
84.010000 10 24
84.010000 11 24
84.010000 12 24
84.010000 13 24
84.010000 14 25
84.010000 15 24
84.010000 16 24
84.010000 17 23
84.010000 18 24
84.010000 19 25
84.010000 20 22
84.010000 21 24
84.010000 22 24
84.010000 23 25
84.010000 24 23
85.010000 0 21
85.010000 1 23
85.010000 2 22
85.010000 3 23
85.010000 4 22
85.010000 5 23
85.010000 6 23
85.010000 7 22
85.010000 8 22
85.010000 9 22
85.010000 10 22
85.010000 11 22
85.010000 12 22
85.010000 13 22
85.010000 14 22
85.010000 15 21
85.010000 16 21
85.010000 17 23
85.010000 18 21
85.010000 19 22
85.010000 20 22
85.010000 21 22
85.010000 22 21
85.010000 23 22
85.010000 24 21
86.010000 0 40
86.010000 1 43
86.010000 2 43
86.010000 3 42
86.010000 4 42
86.010000 5 43
86.010000 6 43
86.010000 7 43
86.010000 8 42
86.010000 9 42
86.010000 10 39
86.010000 11 39
86.010000 12 43
86.010000 13 34
86.010000 14 43
86.010000 15 44
86.010000 16 44
86.010000 17 43
86.010000 18 44
86.010000 19 42
86.010000 20 42
86.010000 21 43
86.010000 22 44
86.010000 23 43
86.010000 24 40
87.010000 0 22
87.010000 1 25
87.010000 2 25
87.010000 3 26
87.010000 4 24
87.010000 5 25
87.010000 6 25
87.010000 7 25
87.010000 8 26
87.010000 9 26
87.010000 10 24
87.010000 11 24
87.010000 12 25
87.010000 13 25
87.010000 14 25
87.010000 15 24
87.010000 16 25
87.010000 17 25
87.010000 18 25
87.010000 19 26
87.010000 20 24
87.010000 21 25
87.010000 22 25
87.010000 23 25
87.010000 24 22
88.010000 0 25
88.010000 1 24
88.010000 2 24
88.010000 3 24
88.010000 4 21
88.010000 5 24
88.010000 6 24
88.010000 7 24
88.010000 8 24
88.010000 9 24
88.010000 10 25
88.010000 11 24
88.010000 12 24
88.010000 13 24
88.010000 14 24
88.010000 15 25
88.010000 16 23
88.010000 17 23
88.010000 18 24
88.010000 19 24
88.010000 20 21
88.010000 21 24
88.010000 22 24
88.010000 23 24
88.010000 24 25
89.010000 0 22
89.010000 1 25
89.010000 2 25
89.010000 3 25
89.010000 4 26
89.010000 5 25
89.010000 6 25
89.010000 7 24
89.010000 8 24
89.010000 9 25
89.010000 10 25
89.010000 11 26
89.010000 12 25
89.010000 13 25
89.010000 14 24
89.010000 15 25
89.010000 16 26
89.010000 17 25
89.010000 18 25
89.010000 19 25
89.010000 20 26
89.010000 21 25
89.010000 22 25
89.010000 23 25
89.010000 24 22
90.010000 0 23
90.010000 1 24
90.010000 2 24
90.010000 3 24
90.010000 4 23
90.010000 5 24
90.010000 6 24
90.010000 7 24
90.010000 8 25
90.010000 9 24
90.010000 10 23
90.010000 11 24
90.010000 12 24
90.010000 13 24
90.010000 14 25
90.010000 15 23
90.010000 16 24
90.010000 17 25
90.010000 18 24
90.010000 19 24
90.010000 20 23
90.010000 21 24
90.010000 22 23
90.010000 23 24
90.010000 24 23
91.010000 0 24
91.010000 1 23
91.010000 2 23
91.010000 3 22
91.010000 4 20
91.010000 5 23
91.010000 6 23
91.010000 7 24
91.010000 8 22
91.010000 9 23
91.010000 10 24
91.010000 11 23
91.010000 12 23
91.010000 13 23
91.010000 14 23
91.010000 15 24
91.010000 16 23
91.010000 17 23
91.010000 18 23
91.010000 19 23
91.010000 20 20
91.010000 21 22
91.010000 22 24
91.010000 23 23
91.010000 24 24
92.010000 0 23
92.010000 1 24
92.010000 2 24
92.010000 3 25
92.010000 4 25
92.010000 5 24
92.010000 6 24
92.010000 7 24
92.010000 8 25
92.010000 9 24
92.010000 10 23
92.010000 11 24
92.010000 12 24
92.010000 13 24
92.010000 14 24
92.010000 15 24
92.010000 16 24
92.010000 17 23
92.010000 18 24
92.010000 19 23
92.010000 20 25
92.010000 21 24
92.010000 22 23
92.010000 23 24
92.010000 24 23
93.010000 0 25
93.010000 1 26
93.010000 2 26
93.010000 3 26
93.010000 4 25
93.010000 5 26
93.010000 6 26
93.010000 7 26
93.010000 8 25
93.010000 9 26
93.010000 10 26
93.010000 11 26
93.010000 12 25
93.010000 13 26
93.010000 14 26
93.010000 15 25
93.010000 16 25
93.010000 17 27
93.010000 18 26
93.010000 19 27
93.010000 20 25
93.010000 21 26
93.010000 22 27
93.010000 23 25
93.010000 24 25
94.010000 0 22
94.010000 1 22
94.010000 2 22
94.010000 3 23
94.010000 4 22
94.010000 5 23
94.010000 6 23
94.010000 7 22
94.010000 8 24
94.010000 9 23
94.010000 10 23
94.010000 11 23
94.010000 12 23
94.010000 13 23
94.010000 14 23
94.010000 15 24
94.010000 16 23
94.010000 17 23
94.010000 18 23
94.010000 19 23
94.010000 20 22
94.010000 21 24
94.010000 22 23
94.010000 23 24
94.010000 24 22
95.010000 0 22
95.010000 1 24
95.010000 2 23
95.010000 3 22
95.010000 4 22
95.010000 5 23
95.010000 6 22
95.010000 7 24
95.010000 8 23
95.010000 9 23
95.010000 10 24
95.010000 11 23
95.010000 12 24
95.010000 13 22
95.010000 14 23
95.010000 15 22
95.010000 16 24
95.010000 17 23
95.010000 18 23
95.010000 19 23
95.010000 20 22
95.010000 21 23
95.010000 22 23
95.010000 23 23
95.010000 24 22
96.010000 0 23
96.010000 1 25
96.010000 2 25
96.010000 3 26
96.010000 4 24
96.010000 5 25
96.010000 6 26
96.010000 7 25
96.010000 8 25
96.010000 9 25
96.010000 10 24
96.010000 11 25
96.010000 12 25
96.010000 13 25
96.010000 14 25
96.010000 15 26
96.010000 16 25
96.010000 17 25
96.010000 18 25
96.010000 19 25
96.010000 20 24
96.010000 21 24
96.010000 22 25
96.010000 23 24
96.010000 24 23
97.010000 0 41
97.010000 1 44
97.010000 2 43
97.010000 3 44
97.010000 4 43
97.010000 5 44
97.010000 6 44
97.010000 7 44
97.010000 8 44
97.010000 9 44
97.010000 10 40
97.010000 11 40
97.010000 12 43
97.010000 13 36
97.010000 14 44
97.010000 15 44
97.010000 16 44
97.010000 17 44
97.010000 18 44
97.010000 19 44
97.010000 20 43
97.010000 21 44
97.010000 22 44
97.010000 23 44
97.010000 24 41
98.010000 0 23
98.010000 1 24
98.010000 2 26
98.010000 3 25
98.010000 4 22
98.010000 5 25
98.010000 6 25
98.010000 7 25
98.010000 8 25
98.010000 9 25
98.010000 10 26
98.010000 11 25
98.010000 12 26
98.010000 13 25
98.010000 14 25
98.010000 15 25
98.010000 16 25
98.010000 17 24
98.010000 18 25
98.010000 19 25
98.010000 20 22
98.010000 21 26
98.010000 22 25
98.010000 23 25
98.010000 24 23
99.010000 0 23
99.010000 1 24
99.010000 2 24
99.010000 3 24
99.010000 4 25
99.010000 5 24
99.010000 6 24
99.010000 7 23
99.010000 8 24
99.010000 9 23
99.010000 10 24
99.010000 11 24
99.010000 12 23
99.010000 13 24
99.010000 14 24
99.010000 15 24
99.010000 16 24
99.010000 17 25
99.010000 18 24
99.010000 19 24
99.010000 20 25
99.010000 21 24
99.010000 22 24
99.010000 23 24
99.010000 24 23
100.010000 0 23
100.010000 1 23
100.010000 2 22
100.010000 3 22
100.010000 4 21
100.010000 5 21
100.010000 6 22
100.010000 7 23
100.010000 8 22
100.010000 9 22
100.010000 10 21
100.010000 11 22
100.010000 12 23
100.010000 13 21
100.010000 14 22
100.010000 15 22
100.010000 16 22
100.010000 17 21
100.010000 18 22
100.010000 19 22
100.010000 20 21
100.010000 21 22
100.010000 22 22
100.010000 23 23
100.010000 24 23
101.010000 0 28
101.010000 1 29
101.010000 2 28
101.010000 3 29
101.010000 4 27
101.010000 5 29
101.010000 6 29
101.010000 7 29
101.010000 8 29
101.010000 9 30
101.010000 10 29
101.010000 11 29
101.010000 12 28
101.010000 13 29
101.010000 14 29
101.010000 15 28
101.010000 16 29
101.010000 17 30
101.010000 18 28
101.010000 19 29
101.010000 20 27
101.010000 21 29
101.010000 22 28
101.010000 23 28
101.010000 24 28
102.010000 0 18
102.010000 1 19
102.010000 2 19
102.010000 3 18
102.010000 4 19
102.010000 5 20
102.010000 6 18
102.010000 7 19
102.010000 8 18
102.010000 9 19
102.010000 10 19
102.010000 11 19
102.010000 12 20
102.010000 13 20
102.010000 14 19
102.010000 15 20
102.010000 16 19
102.010000 17 19
102.010000 18 20
102.010000 19 19
102.010000 20 19
102.010000 21 19
102.010000 22 20
102.010000 23 20
102.010000 24 18
103.010000 0 21
103.010000 1 24
103.010000 2 25
103.010000 3 25
103.010000 4 23
103.010000 5 23
103.010000 6 25
103.010000 7 24
103.010000 8 25
103.010000 9 24
103.010000 10 25
103.010000 11 24
103.010000 12 24
103.010000 13 23
103.010000 14 24
103.010000 15 24
103.010000 16 24
103.010000 17 24
103.010000 18 23
103.010000 19 24
103.010000 20 23
103.010000 21 24
103.010000 22 24
103.010000 23 24
103.010000 24 21
104.010000 0 26
104.010000 1 26
104.010000 2 26
104.010000 3 25
104.010000 4 23
104.010000 5 26
104.010000 6 25
104.010000 7 26
104.010000 8 26
104.010000 9 26
104.010000 10 26
104.010000 11 26
104.010000 12 26
104.010000 13 27
104.010000 14 25
104.010000 15 26
104.010000 16 26
104.010000 17 26
104.010000 18 27
104.010000 19 26
104.010000 20 23
104.010000 21 26
104.010000 22 26
104.010000 23 26
104.010000 24 26
105.010000 0 24
105.010000 1 25
105.010000 2 25
105.010000 3 25
105.010000 4 26
105.010000 5 26
105.010000 6 26
105.010000 7 24
105.010000 8 25
105.010000 9 24
105.010000 10 25
105.010000 11 24
105.010000 12 25
105.010000 13 24
105.010000 14 25
105.010000 15 25
105.010000 16 25
105.010000 17 25
105.010000 18 24
105.010000 19 25
105.010000 20 26
105.010000 21 25
105.010000 22 25
105.010000 23 25
105.010000 24 24
106.010000 0 20
106.010000 1 20
106.010000 2 20
106.010000 3 21
106.010000 4 19
106.010000 5 20
106.010000 6 20
106.010000 7 21
106.010000 8 20
106.010000 9 21
106.010000 10 20
106.010000 11 21
106.010000 12 19
106.010000 13 21
106.010000 14 21
106.010000 15 19
106.010000 16 19
106.010000 17 19
106.010000 18 21
106.010000 19 20
106.010000 20 19
106.010000 21 20
106.010000 22 20
106.010000 23 20
106.010000 24 20
107.010000 0 24
107.010000 1 25
107.010000 2 26
107.010000 3 26
107.010000 4 25
107.010000 5 26
107.010000 6 26
107.010000 7 26
107.010000 8 26
107.010000 9 25
107.010000 10 26
107.010000 11 25
107.010000 12 26
107.010000 13 26
107.010000 14 26
107.010000 15 27
107.010000 16 27
107.010000 17 27
107.010000 18 26
107.010000 19 26
107.010000 20 25
107.010000 21 26
107.010000 22 26
107.010000 23 25
107.010000 24 24
108.010000 0 22
108.010000 1 24
108.010000 2 23
108.010000 3 23
108.010000 4 22
108.010000 5 23
108.010000 6 22
108.010000 7 22
108.010000 8 23
108.010000 9 24
108.010000 10 23
108.010000 11 24
108.010000 12 24
108.010000 13 22
108.010000 14 22
108.010000 15 23
108.010000 16 23
108.010000 17 23
108.010000 18 23
108.010000 19 23
108.010000 20 22
108.010000 21 23
108.010000 22 23
108.010000 23 24
108.010000 24 22
109.010000 0 23
109.010000 1 23
109.010000 2 23
109.010000 3 23
109.010000 4 22
109.010000 5 23
109.010000 6 24
109.010000 7 24
109.010000 8 22
109.010000 9 23
109.010000 10 23
109.010000 11 23
109.010000 12 23
109.010000 13 24
109.010000 14 23
109.010000 15 23
109.010000 16 23
109.010000 17 22
109.010000 18 22
109.010000 19 23
109.010000 20 22
109.010000 21 23
109.010000 22 23
109.010000 23 23
109.010000 24 23
110.010000 0 23
110.010000 1 23
110.010000 2 24
110.010000 3 23
110.010000 4 23
110.010000 5 24
110.010000 6 23
110.010000 7 24
110.010000 8 25
110.010000 9 24
110.010000 10 24
110.010000 11 24
110.010000 12 24
110.010000 13 24
110.010000 14 25
110.010000 15 23
110.010000 16 24
110.010000 17 25
110.010000 18 25
110.010000 19 24
110.010000 20 23
110.010000 21 24
110.010000 22 24
110.010000 23 24
110.010000 24 23
111.010000 0 26
111.010000 1 29
111.010000 2 28
111.010000 3 29
111.010000 4 26
111.010000 5 28
111.010000 6 29
111.010000 7 28
111.010000 8 27
111.010000 9 28
111.010000 10 27
111.010000 11 28
111.010000 12 27
111.010000 13 28
111.010000 14 28
111.010000 15 29
111.010000 16 27
111.010000 17 28
111.010000 18 28
111.010000 19 27
111.010000 20 26
111.010000 21 28
111.010000 22 28
111.010000 23 27
111.010000 24 26
112.010000 0 20
112.010000 1 19
112.010000 2 20
112.010000 3 20
112.010000 4 20
112.010000 5 20
112.010000 6 19
112.010000 7 19
112.010000 8 21
112.010000 9 20
112.010000 10 20
112.010000 11 20
112.010000 12 21
112.010000 13 20
112.010000 14 20
112.010000 15 20
112.010000 16 21
112.010000 17 20
112.010000 18 20
112.010000 19 21
112.010000 20 20
112.010000 21 20
112.010000 22 20
112.010000 23 21
112.010000 24 20
113.010000 0 23
113.010000 1 24
113.010000 2 24
113.010000 3 24
113.010000 4 23
113.010000 5 24
113.010000 6 24
113.010000 7 25
113.010000 8 23
113.010000 9 24
113.010000 10 25
113.010000 11 24
113.010000 12 24
113.010000 13 24
113.010000 14 24
113.010000 15 23
113.010000 16 24
113.010000 17 24
113.010000 18 24
113.010000 19 24
113.010000 20 23
113.010000 21 24
113.010000 22 24
113.010000 23 24
113.010000 24 23
114.010000 0 23
114.010000 1 25
114.010000 2 23
114.010000 3 24
114.010000 4 23
114.010000 5 24
114.010000 6 25
114.010000 7 23
114.010000 8 25
114.010000 9 23
114.010000 10 24
114.010000 11 24
114.010000 12 24
114.010000 13 24
114.010000 14 24
114.010000 15 25
114.010000 16 24
114.010000 17 24
114.010000 18 24
114.010000 19 23
114.010000 20 23
114.010000 21 24
114.010000 22 24
114.010000 23 24
114.010000 24 23
115.010000 0 23
115.010000 1 24
115.010000 2 25
115.010000 3 23
115.010000 4 23
115.010000 5 24
115.010000 6 24
115.010000 7 24
115.010000 8 24
115.010000 9 25
115.010000 10 24
115.010000 11 24
115.010000 12 24
115.010000 13 24
115.010000 14 24
115.010000 15 24
115.010000 16 24
115.010000 17 23
115.010000 18 24
115.010000 19 25
115.010000 20 23
115.010000 21 24
115.010000 22 23
115.010000 23 24
115.010000 24 23
116.010000 0 24
116.010000 1 24
116.010000 2 25
116.010000 3 25
116.010000 4 24
116.010000 5 25
116.010000 6 25
116.010000 7 25
116.010000 8 25
116.010000 9 24
116.010000 10 25
116.010000 11 25
116.010000 12 25
116.010000 13 24
116.010000 14 25
116.010000 15 25
116.010000 16 25
116.010000 17 26
116.010000 18 25
116.010000 19 25
116.010000 20 24
116.010000 21 25
116.010000 22 26
116.010000 23 25
116.010000 24 24
117.010000 0 23
117.010000 1 25
117.010000 2 23
117.010000 3 25
117.010000 4 23
117.010000 5 24
117.010000 6 23
117.010000 7 24
117.010000 8 24
117.010000 9 24
117.010000 10 24
117.010000 11 24
117.010000 12 24
117.010000 13 25
117.010000 14 24
117.010000 15 24
117.010000 16 24
117.010000 17 24
117.010000 18 23
117.010000 19 24
117.010000 20 23
117.010000 21 24
117.010000 22 24
117.010000 23 24
117.010000 24 23
118.010000 0 22
118.010000 1 23
118.010000 2 23
118.010000 3 23
118.010000 4 22
118.010000 5 23
118.010000 6 24
118.010000 7 24
118.010000 8 23
118.010000 9 23
118.010000 10 23
118.010000 11 23
118.010000 12 23
118.010000 13 23
118.010000 14 23
118.010000 15 23
118.010000 16 23
118.010000 17 23
118.010000 18 23
118.010000 19 23
118.010000 20 22
118.010000 21 22
118.010000 22 23
118.010000 23 23
118.010000 24 22
119.010000 0 97
119.010000 1 106
119.010000 2 107
119.010000 3 105
119.010000 4 102
119.010000 5 97
119.010000 6 105
119.010000 7 106
119.010000 8 105
119.010000 9 107
119.010000 10 102
119.010000 11 102
119.010000 12 89
119.010000 13 102
119.010000 14 106
119.010000 15 105
119.010000 16 106
119.010000 17 106
119.010000 18 106
119.010000 19 106
119.010000 20 102
119.010000 21 106
119.010000 22 105
119.010000 23 98
119.010000 24 97
120.010000 0 16
120.010000 1 17
120.010000 2 18
120.010000 3 19
120.010000 4 19
120.010000 5 19
120.010000 6 18
120.010000 7 18
120.010000 8 19
120.010000 9 18
120.010000 10 17
120.010000 11 18
120.010000 12 18
120.010000 13 18
120.010000 14 18
120.010000 15 19
120.010000 16 18
120.010000 17 18
120.010000 18 19
120.010000 19 18
120.010000 20 19
120.010000 21 19
120.010000 22 19
120.010000 23 18
120.010000 24 16
121.010000 0 24
121.010000 1 24
121.010000 2 23
121.010000 3 23
121.010000 4 22
121.010000 5 22
121.010000 6 24
121.010000 7 23
121.010000 8 23
121.010000 9 23
121.010000 10 24
121.010000 11 23
121.010000 12 22
121.010000 13 22
121.010000 14 23
121.010000 15 23
121.010000 16 23
121.010000 17 23
121.010000 18 22
121.010000 19 23
121.010000 20 22
121.010000 21 23
121.010000 22 23
121.010000 23 23
121.010000 24 24
122.010000 0 24
122.010000 1 25
122.010000 2 25
122.010000 3 25
122.010000 4 23
122.010000 5 26
122.010000 6 24
122.010000 7 24
122.010000 8 25
122.010000 9 25
122.010000 10 24
122.010000 11 25
122.010000 12 25
122.010000 13 26
122.010000 14 25
122.010000 15 25
122.010000 16 25
122.010000 17 25
122.010000 18 26
122.010000 19 25
122.010000 20 23
122.010000 21 25
122.010000 22 25
122.010000 23 25
122.010000 24 24
123.010000 0 21
123.010000 1 24
123.010000 2 24
123.010000 3 24
123.010000 4 24
123.010000 5 24
123.010000 6 25
123.010000 7 25
123.010000 8 23
123.010000 9 23
123.010000 10 25
123.010000 11 24
123.010000 12 25
123.010000 13 24
123.010000 14 23
123.010000 15 24
123.010000 16 24
123.010000 17 24
123.010000 18 24
123.010000 19 24
123.010000 20 24
123.010000 21 24
123.010000 22 24
123.010000 23 24
123.010000 24 21
124.010000 0 26
124.010000 1 25
124.010000 2 25
124.010000 3 24
124.010000 4 22
124.010000 5 25
124.010000 6 25
124.010000 7 24
124.010000 8 26
124.010000 9 26
124.010000 10 25
124.010000 11 25
124.010000 12 25
124.010000 13 24
124.010000 14 26
124.010000 15 25
124.010000 16 25
124.010000 17 25
124.010000 18 24
124.010000 19 25
124.010000 20 22
124.010000 21 25
124.010000 22 25
124.010000 23 25
124.010000 24 26
125.010000 0 22
125.010000 1 23
125.010000 2 23
125.010000 3 24
125.010000 4 24
125.010000 5 23
125.010000 6 23
125.010000 7 24
125.010000 8 23
125.010000 9 23
125.010000 10 22
125.010000 11 22
125.010000 12 23
125.010000 13 23
125.010000 14 23
125.010000 15 22
125.010000 16 22
125.010000 17 23
125.010000 18 24
125.010000 19 23
125.010000 20 24
125.010000 21 23
125.010000 22 23
125.010000 23 23
125.010000 24 22
126.010000 0 22
126.010000 1 23
126.010000 2 24
126.010000 3 23
126.010000 4 23
126.010000 5 23
126.010000 6 24
126.010000 7 23
126.010000 8 24
126.010000 9 24
126.010000 10 25
126.010000 11 25
126.010000 12 24
126.010000 13 25
126.010000 14 24
126.010000 15 25
126.010000 16 25
126.010000 17 24
126.010000 18 24
126.010000 19 24
126.010000 20 23
126.010000 21 24
126.010000 22 24
126.010000 23 24
126.010000 24 22
127.010000 0 23
127.010000 1 26
127.010000 2 25
127.010000 3 26
127.010000 4 23
127.010000 5 26
127.010000 6 24
127.010000 7 26
127.010000 8 25
127.010000 9 25
127.010000 10 25
127.010000 11 25
127.010000 12 25
127.010000 13 24
127.010000 14 25
127.010000 15 25
127.010000 16 24
127.010000 17 25
127.010000 18 25
127.010000 19 25
127.010000 20 23
127.010000 21 25
127.010000 22 25
127.010000 23 25
127.010000 24 23
128.010000 0 24
128.010000 1 22
128.010000 2 23
128.010000 3 23
128.010000 4 23
128.010000 5 22
128.010000 6 23
128.010000 7 22
128.010000 8 22
128.010000 9 23
128.010000 10 23
128.010000 11 23
128.010000 12 23
128.010000 13 24
128.010000 14 23
128.010000 15 23
128.010000 16 24
128.010000 17 23
128.010000 18 23
128.010000 19 23
128.010000 20 23
128.010000 21 23
128.010000 22 23
128.010000 23 23
128.010000 24 24
129.010000 0 22
129.010000 1 24
129.010000 2 23
129.010000 3 23
129.010000 4 22
129.010000 5 24
129.010000 6 24
129.010000 7 24
129.010000 8 24
129.010000 9 23
129.010000 10 23
129.010000 11 22
129.010000 12 23
129.010000 13 23
129.010000 14 23
129.010000 15 22
129.010000 16 22
129.010000 17 23
129.010000 18 23
129.010000 19 23
129.010000 20 22
129.010000 21 22
129.010000 22 23
129.010000 23 23
129.010000 24 22
130.010000 0 24
130.010000 1 25
130.010000 2 24
130.010000 3 25
130.010000 4 22
130.010000 5 25
130.010000 6 25
130.010000 7 25
130.010000 8 24
130.010000 9 25
130.010000 10 25
130.010000 11 26
130.010000 12 25
130.010000 13 24
130.010000 14 25
130.010000 15 26
130.010000 16 26
130.010000 17 25
130.010000 18 25
130.010000 19 25
130.010000 20 22
130.010000 21 26
130.010000 22 25
130.010000 23 25
130.010000 24 24
131.010000 0 24
131.010000 1 26
131.010000 2 26
131.010000 3 25
131.010000 4 25
131.010000 5 26
131.010000 6 26
131.010000 7 26
131.010000 8 26
131.010000 9 26
131.010000 10 26
131.010000 11 26
131.010000 12 25
131.010000 13 27
131.010000 14 26
131.010000 15 26
131.010000 16 26
131.010000 17 26
131.010000 18 26
131.010000 19 26
131.010000 20 25
131.010000 21 26
131.010000 22 26
131.010000 23 26
131.010000 24 24
132.010000 0 24
132.010000 1 26
132.010000 2 27
132.010000 3 27
132.010000 4 27
132.010000 5 25
132.010000 6 26
132.010000 7 25
132.010000 8 27
132.010000 9 26
132.010000 10 25
132.010000 11 26
132.010000 12 26
132.010000 13 25
132.010000 14 26
132.010000 15 25
132.010000 16 26
132.010000 17 26
132.010000 18 26
132.010000 19 25
132.010000 20 27
132.010000 21 26
132.010000 22 26
132.010000 23 26
132.010000 24 24
133.010000 0 21
133.010000 1 20
133.010000 2 20
133.010000 3 20
133.010000 4 19
133.010000 5 20
133.010000 6 20
133.010000 7 21
133.010000 8 20
133.010000 9 20
133.010000 10 20
133.010000 11 19
133.010000 12 21
133.010000 13 20
133.010000 14 20
133.010000 15 21
133.010000 16 20
133.010000 17 19
133.010000 18 20
133.010000 19 21
133.010000 20 19
133.010000 21 20
133.010000 22 20
133.010000 23 20
133.010000 24 21
134.010000 0 22
134.010000 1 23
134.010000 2 23
134.010000 3 23
134.010000 4 22
134.010000 5 24
134.010000 6 23
134.010000 7 23
134.010000 8 23
134.010000 9 23
134.010000 10 24
134.010000 11 24
134.010000 12 22
134.010000 13 24
134.010000 14 23
134.010000 15 23
134.010000 16 23
134.010000 17 24
134.010000 18 23
134.010000 19 22
134.010000 20 22
134.010000 21 22
134.010000 22 23
134.010000 23 22
134.010000 24 22
135.010000 0 23
135.010000 1 24
135.010000 2 23
135.010000 3 24
135.010000 4 23
135.010000 5 24
135.010000 6 24
135.010000 7 24
135.010000 8 24
135.010000 9 24
135.010000 10 24
135.010000 11 23
135.010000 12 25
135.010000 13 23
135.010000 14 24
135.010000 15 24
135.010000 16 24
135.010000 17 23
135.010000 18 24
135.010000 19 25
135.010000 20 23
135.010000 21 25
135.010000 22 24
135.010000 23 25
135.010000 24 23
136.010000 0 24
136.010000 1 25
136.010000 2 26
136.010000 3 25
136.010000 4 24
136.010000 5 25
136.010000 6 25
136.010000 7 25
136.010000 8 25
136.010000 9 25
136.010000 10 25
136.010000 11 26
136.010000 12 24
136.010000 13 26
136.010000 14 25
136.010000 15 25
136.010000 16 24
136.010000 17 25
136.010000 18 25
136.010000 19 25
136.010000 20 24
136.010000 21 24
136.010000 22 25
136.010000 23 24
136.010000 24 24
137.010000 0 28
137.010000 1 29
137.010000 2 28
137.010000 3 29
137.010000 4 27
137.010000 5 28
137.010000 6 28
137.010000 7 28
137.010000 8 29
137.010000 9 29
137.010000 10 29
137.010000 11 29
137.010000 12 30
137.010000 13 29
137.010000 14 28
137.010000 15 29
137.010000 16 29
137.010000 17 30
137.010000 18 29
137.010000 19 29
137.010000 20 27
137.010000 21 29
137.010000 22 28
137.010000 23 29
137.010000 24 28
138.010000 0 16
138.010000 1 19
138.010000 2 20
138.010000 3 19
138.010000 4 19
138.010000 5 20
138.010000 6 19
138.010000 7 20
138.010000 8 19
138.010000 9 19
138.010000 10 18
138.010000 11 19
138.010000 12 18
138.010000 13 19
138.010000 14 20
138.010000 15 19
138.010000 16 20
138.010000 17 19
138.010000 18 19
138.010000 19 19
138.010000 20 19
138.010000 21 20
138.010000 22 20
138.010000 23 20
138.010000 24 16
139.010000 0 25
139.010000 1 24
139.010000 2 24
139.010000 3 23
139.010000 4 21
139.010000 5 24
139.010000 6 25
139.010000 7 24
139.010000 8 24
139.010000 9 23
139.010000 10 25
139.010000 11 24
139.010000 12 25
139.010000 13 24
139.010000 14 23
139.010000 15 24
139.010000 16 24
139.010000 17 24
139.010000 18 24
139.010000 19 24
139.010000 20 21
139.010000 21 24
139.010000 22 24
139.010000 23 24
139.010000 24 25
140.010000 0 25
140.010000 1 26
140.010000 2 26
140.010000 3 26
140.010000 4 27
140.010000 5 26
140.010000 6 25
140.010000 7 25
140.010000 8 24
140.010000 9 26
140.010000 10 25
140.010000 11 26
140.010000 12 26
140.010000 13 26
140.010000 14 27
140.010000 15 26
140.010000 16 26
140.010000 17 26
140.010000 18 26
140.010000 19 26
140.010000 20 27
140.010000 21 26
140.010000 22 26
140.010000 23 26
140.010000 24 25
141.010000 0 25
141.010000 1 26
141.010000 2 26
141.010000 3 27
141.010000 4 23
141.010000 5 26
141.010000 6 27
141.010000 7 26
141.010000 8 27
141.010000 9 25
141.010000 10 26
141.010000 11 25
141.010000 12 26
141.010000 13 26
141.010000 14 26
141.010000 15 26
141.010000 16 26
141.010000 17 26
141.010000 18 26
141.010000 19 26
141.010000 20 23
141.010000 21 26
141.010000 22 26
141.010000 23 25
141.010000 24 25
142.010000 0 25
142.010000 1 27
142.010000 2 27
142.010000 3 26
142.010000 4 27
142.010000 5 27
142.010000 6 27
142.010000 7 27
142.010000 8 26
142.010000 9 28
142.010000 10 27
142.010000 11 28
142.010000 12 26
142.010000 13 26
142.010000 14 27
142.010000 15 27
142.010000 16 27
142.010000 17 27
142.010000 18 27
142.010000 19 26
142.010000 20 27
142.010000 21 27
142.010000 22 26
142.010000 23 28
142.010000 24 25
143.010000 0 19
143.010000 1 18
143.010000 2 19
143.010000 3 19
143.010000 4 19
143.010000 5 19
143.010000 6 18
143.010000 7 19
143.010000 8 20
143.010000 9 19
143.010000 10 20
143.010000 11 19
143.010000 12 20
143.010000 13 20
143.010000 14 18
143.010000 15 19
143.010000 16 19
143.010000 17 19
143.010000 18 19
143.010000 19 20
143.010000 20 19
143.010000 21 19
143.010000 22 20
143.010000 23 19
143.010000 24 19
144.010000 0 24
144.010000 1 26
144.010000 2 25
144.010000 3 26
144.010000 4 23
144.010000 5 25
144.010000 6 26
144.010000 7 25
144.010000 8 25
144.010000 9 25
144.010000 10 24
144.010000 11 25
144.010000 12 24
144.010000 13 24
144.010000 14 26
144.010000 15 25
144.010000 16 25
144.010000 17 25
144.010000 18 25
144.010000 19 25
144.010000 20 23
144.010000 21 25
144.010000 22 25
144.010000 23 24
144.010000 24 24
145.010000 0 25
145.010000 1 26
145.010000 2 26
145.010000 3 26
145.010000 4 24
145.010000 5 26
145.010000 6 25
145.010000 7 26
145.010000 8 26
145.010000 9 26
145.010000 10 27
145.010000 11 25
145.010000 12 27
145.010000 13 27
145.010000 14 26
145.010000 15 26
145.010000 16 26
145.010000 17 25
145.010000 18 26
145.010000 19 25
145.010000 20 24
145.010000 21 26
145.010000 22 26
145.010000 23 26
145.010000 24 25
146.010000 0 20
146.010000 1 20
146.010000 2 21
146.010000 3 20
146.010000 4 22
146.010000 5 21
146.010000 6 22
146.010000 7 21
146.010000 8 20
146.010000 9 21
146.010000 10 21
146.010000 11 22
146.010000 12 20
146.010000 13 21
146.010000 14 21
146.010000 15 21
146.010000 16 21
146.010000 17 22
146.010000 18 21
146.010000 19 22
146.010000 20 22
146.010000 21 21
146.010000 22 21
146.010000 23 22
146.010000 24 20
147.010000 0 23
147.010000 1 25
147.010000 2 24
147.010000 3 24
147.010000 4 23
147.010000 5 24
147.010000 6 24
147.010000 7 24
147.010000 8 25
147.010000 9 23
147.010000 10 24
147.010000 11 24
147.010000 12 24
147.010000 13 23
147.010000 14 24
147.010000 15 24
147.010000 16 24
147.010000 17 24
147.010000 18 24
147.010000 19 24
147.010000 20 23
147.010000 21 24
147.010000 22 24
147.010000 23 24
147.010000 24 23
148.010000 0 24
148.010000 1 25
148.010000 2 24
148.010000 3 26
148.010000 4 24
148.010000 5 24
148.010000 6 25
148.010000 7 25
148.010000 8 25
148.010000 9 26
148.010000 10 24
148.010000 11 25
148.010000 12 25
148.010000 13 26
148.010000 14 25
148.010000 15 25
148.010000 16 25
148.010000 17 25
148.010000 18 25
148.010000 19 25
148.010000 20 24
148.010000 21 25
148.010000 22 24
148.010000 23 25
148.010000 24 24
149.010000 0 22
149.010000 1 25
149.010000 2 26
149.010000 3 25
149.010000 4 24
149.010000 5 26
149.010000 6 24
149.010000 7 25
149.010000 8 25
149.010000 9 24
149.010000 10 25
149.010000 11 25
149.010000 12 26
149.010000 13 24
149.010000 14 25
149.010000 15 25
149.010000 16 25
149.010000 17 25
149.010000 18 25
149.010000 19 25
149.010000 20 24
149.010000 21 25
149.010000 22 26
149.010000 23 25
149.010000 24 22
