0.010000 0 0
0.010000 1 0
0.010000 2 0
0.010000 3 0
0.010000 4 0
0.010000 5 0
0.010000 6 0
0.010000 7 0
0.010000 8 0
0.010000 9 0
0.010000 10 0
1.010000 0 0
1.010000 1 0
1.010000 2 0
1.010000 3 0
1.010000 4 0
1.010000 5 0
1.010000 6 0
1.010000 7 0
1.010000 8 0
1.010000 9 0
1.010000 10 0
2.010000 0 0
2.010000 1 0
2.010000 2 0
2.010000 3 0
2.010000 4 0
2.010000 5 0
2.010000 6 0
2.010000 7 0
2.010000 8 0
2.010000 9 0
2.010000 10 0
3.010000 0 0
3.010000 1 0
3.010000 2 0
3.010000 3 0
3.010000 4 0
3.010000 5 0
3.010000 6 0
3.010000 7 0
3.010000 8 0
3.010000 9 0
3.010000 10 0
4.010000 0 0
4.010000 1 0
4.010000 2 0
4.010000 3 0
4.010000 4 0
4.010000 5 0
4.010000 6 0
4.010000 7 0
4.010000 8 0
4.010000 9 0
4.010000 10 0
5.010000 0 0
5.010000 1 0
5.010000 2 0
5.010000 3 0
5.010000 4 0
5.010000 5 0
5.010000 6 0
5.010000 7 0
5.010000 8 0
5.010000 9 0
5.010000 10 0
6.010000 0 0
6.010000 1 0
6.010000 2 0
6.010000 3 0
6.010000 4 0
6.010000 5 0
6.010000 6 0
6.010000 7 0
6.010000 8 0
6.010000 9 0
6.010000 10 0
7.010000 0 0
7.010000 1 0
7.010000 2 0
7.010000 3 0
7.010000 4 0
7.010000 5 0
7.010000 6 0
7.010000 7 0
7.010000 8 0
7.010000 9 0
7.010000 10 0
8.010000 0 0
8.010000 1 0
8.010000 2 0
8.010000 3 0
8.010000 4 0
8.010000 5 0
8.010000 6 0
8.010000 7 0
8.010000 8 0
8.010000 9 0
8.010000 10 0
9.010000 0 0
9.010000 1 0
9.010000 2 0
9.010000 3 0
9.010000 4 0
9.010000 5 0
9.010000 6 0
9.010000 7 0
9.010000 8 0
9.010000 9 0
9.010000 10 0
10.010000 0 0
10.010000 1 0
10.010000 2 0
10.010000 3 0
10.010000 4 0
10.010000 5 0
10.010000 6 0
10.010000 7 0
10.010000 8 0
10.010000 9 0
10.010000 10 0
11.010000 0 0
11.010000 1 0
11.010000 2 0
11.010000 3 0
11.010000 4 0
11.010000 5 0
11.010000 6 0
11.010000 7 0
11.010000 8 0
11.010000 9 0
11.010000 10 0
12.010000 0 0
12.010000 1 0
12.010000 2 0
12.010000 3 0
12.010000 4 0
12.010000 5 0
12.010000 6 0
12.010000 7 0
12.010000 8 0
12.010000 9 0
12.010000 10 0
13.010000 0 0
13.010000 1 0
13.010000 2 0
13.010000 3 0
13.010000 4 0
13.010000 5 0
13.010000 6 0
13.010000 7 0
13.010000 8 0
13.010000 9 0
13.010000 10 0
14.010000 0 0
14.010000 1 0
14.010000 2 0
14.010000 3 0
14.010000 4 0
14.010000 5 0
14.010000 6 0
14.010000 7 0
14.010000 8 0
14.010000 9 0
14.010000 10 0
15.010000 0 5
15.010000 1 5
15.010000 2 6
15.010000 3 4
15.010000 4 4
15.010000 5 6
15.010000 6 6
15.010000 7 6
15.010000 8 5
15.010000 9 6
15.010000 10 6
16.010000 0 621
16.010000 1 660
16.010000 2 641
16.010000 3 381
16.010000 4 449
16.010000 5 682
16.010000 6 641
16.010000 7 674
16.010000 8 621
16.010000 9 682
16.010000 10 682
17.010000 0 552
17.010000 1 616
17.010000 2 577
17.010000 3 345
17.010000 4 470
17.010000 5 640
17.010000 6 577
17.010000 7 640
17.010000 8 552
17.010000 9 640
17.010000 10 640
18.010000 0 494
18.010000 1 562
18.010000 2 511
18.010000 3 302
18.010000 4 435
18.010000 5 576
18.010000 6 511
18.010000 7 576
18.010000 8 494
18.010000 9 576
18.010000 10 576
19.010000 0 515
19.010000 1 602
19.010000 2 559
19.010000 3 357
19.010000 4 527
19.010000 5 640
19.010000 6 559
19.010000 7 640
19.010000 8 515
19.010000 9 640
19.010000 10 640
20.010000 0 510
20.010000 1 598
20.010000 2 537
20.010000 3 351
20.010000 4 532
20.010000 5 632
20.010000 6 537
20.010000 7 632
20.010000 8 510
20.010000 9 632
20.010000 10 632
21.010000 0 655
21.010000 1 729
21.010000 2 699
21.010000 3 418
21.010000 4 551
21.010000 5 763
21.010000 6 699
21.010000 7 763
21.010000 8 655
21.010000 9 763
21.010000 10 763
22.010000 0 576
22.010000 1 622
22.010000 2 606
22.010000 3 353
22.010000 4 443
22.010000 5 650
22.010000 6 606
22.010000 7 650
22.010000 8 576
22.010000 9 650
22.010000 10 650
23.010000 0 525
23.010000 1 588
23.010000 2 542
23.010000 3 330
23.010000 4 467
23.010000 5 613
23.010000 6 542
23.010000 7 613
23.010000 8 525
23.010000 9 613
23.010000 10 613
24.010000 0 573
24.010000 1 640
24.010000 2 589
24.010000 3 368
24.010000 4 518
24.010000 5 672
24.010000 6 589
24.010000 7 672
24.010000 8 573
24.010000 9 672
24.010000 10 672
25.010000 0 529
25.010000 1 609
25.010000 2 574
25.010000 3 355
25.010000 4 501
25.010000 5 642
25.010000 6 574
25.010000 7 642
25.010000 8 529
25.010000 9 642
25.010000 10 642
26.010000 0 537
26.010000 1 620
26.010000 2 576
26.010000 3 365
26.010000 4 518
26.010000 5 654
26.010000 6 576
26.010000 7 654
26.010000 8 537
26.010000 9 654
26.010000 10 654
27.010000 0 516
27.010000 1 606
27.010000 2 588
27.010000 3 379
27.010000 4 535
27.010000 5 656
27.010000 6 588
27.010000 7 656
27.010000 8 516
27.010000 9 656
27.010000 10 656
28.010000 0 544
28.010000 1 614
28.010000 2 573
28.010000 3 375
28.010000 4 526
28.010000 5 658
28.010000 6 573
28.010000 7 658
28.010000 8 544
28.010000 9 658
28.010000 10 658
29.010000 0 549
29.010000 1 625
29.010000 2 554
29.010000 3 361
29.010000 4 539
29.010000 5 657
29.010000 6 554
29.010000 7 657
29.010000 8 549
29.010000 9 657
29.010000 10 657
30.010000 0 524
30.010000 1 616
30.010000 2 580
30.010000 3 363
30.010000 4 525
30.010000 5 652
30.010000 6 580
30.010000 7 652
30.010000 8 524
30.010000 9 652
30.010000 10 652
31.010000 0 547
31.010000 1 633
31.010000 2 601
31.010000 3 391
31.010000 4 548
31.010000 5 680
31.010000 6 601
31.010000 7 680
31.010000 8 547
31.010000 9 680
31.010000 10 680
32.010000 0 529
32.010000 1 598
32.010000 2 549
32.010000 3 362
32.010000 4 518
32.010000 5 639
32.010000 6 549
32.010000 7 639
32.010000 8 529
32.010000 9 639
32.010000 10 639
33.010000 0 505
33.010000 1 612
33.010000 2 579
33.010000 3 368
33.010000 4 544
33.010000 5 652
33.010000 6 579
33.010000 7 652
33.010000 8 505
33.010000 9 652
33.010000 10 652
34.010000 0 556
34.010000 1 632
34.010000 2 570
34.010000 3 370
34.010000 4 544
34.010000 5 668
34.010000 6 570
34.010000 7 668
34.010000 8 556
34.010000 9 668
34.010000 10 668
35.010000 0 592
35.010000 1 671
35.010000 2 615
35.010000 3 386
35.010000 4 560
35.010000 5 706
35.010000 6 615
35.010000 7 706
35.010000 8 592
35.010000 9 706
35.010000 10 706
36.010000 0 572
36.010000 1 645
36.010000 2 560
36.010000 3 335
36.010000 4 500
36.010000 5 653
36.010000 6 560
36.010000 7 653
36.010000 8 572
36.010000 9 653
36.010000 10 653
37.010000 0 500
37.010000 1 601
37.010000 2 546
37.010000 3 344
37.010000 4 529
37.010000 5 630
37.010000 6 546
37.010000 7 630
37.010000 8 500
37.010000 9 630
37.010000 10 630
38.010000 0 565
38.010000 1 674
38.010000 2 622
38.010000 3 386
38.010000 4 569
38.010000 5 704
38.010000 6 622
38.010000 7 704
38.010000 8 565
38.010000 9 704
38.010000 10 704
39.010000 0 495
39.010000 1 592
39.010000 2 530
39.010000 3 339
39.010000 4 524
39.010000 5 620
39.010000 6 530
39.010000 7 620
39.010000 8 495
39.010000 9 620
39.010000 10 620
40.010000 0 544
40.010000 1 624
40.010000 2 560
40.010000 3 356
40.010000 4 532
40.010000 5 654
40.010000 6 560
40.010000 7 654
40.010000 8 544
40.010000 9 654
40.010000 10 654
41.010000 0 549
41.010000 1 630
41.010000 2 567
41.010000 3 364
41.010000 4 538
41.010000 5 662
41.010000 6 567
41.010000 7 662
41.010000 8 549
41.010000 9 662
41.010000 10 662
42.010000 0 520
42.010000 1 614
42.010000 2 550
42.010000 3 346
42.010000 4 530
42.010000 5 640
42.010000 6 550
42.010000 7 640
42.010000 8 520
42.010000 9 640
42.010000 10 640
43.010000 0 567
43.010000 1 664
43.010000 2 627
43.010000 3 393
43.010000 4 561
43.010000 5 703
43.010000 6 627
43.010000 7 703
43.010000 8 567
43.010000 9 703
43.010000 10 703
44.010000 0 592
44.010000 1 661
44.010000 2 579
44.010000 3 364
44.010000 4 536
44.010000 5 683
44.010000 6 579
44.010000 7 683
44.010000 8 592
44.010000 9 683
44.010000 10 683
45.010000 0 581
45.010000 1 643
45.010000 2 633
45.010000 3 368
45.010000 4 467
45.010000 5 673
45.010000 6 633
45.010000 7 673
45.010000 8 581
45.010000 9 673
45.010000 10 673
46.010000 0 544
46.010000 1 618
46.010000 2 572
46.010000 3 344
46.010000 4 486
46.010000 5 641
46.010000 6 572
46.010000 7 641
46.010000 8 544
46.010000 9 641
46.010000 10 641
47.010000 0 569
47.010000 1 634
47.010000 2 592
47.010000 3 361
47.010000 4 500
47.010000 5 664
47.010000 6 592
47.010000 7 664
47.010000 8 569
47.010000 9 664
47.010000 10 664
48.010000 0 547
48.010000 1 622
48.010000 2 562
48.010000 3 342
48.010000 4 495
48.010000 5 642
48.010000 6 562
48.010000 7 642
48.010000 8 547
48.010000 9 642
48.010000 10 642
49.010000 0 553
49.010000 1 627
49.010000 2 569
49.010000 3 353
49.010000 4 514
49.010000 5 654
49.010000 6 569
49.010000 7 654
49.010000 8 553
49.010000 9 654
49.010000 10 654
50.010000 0 535
50.010000 1 618
50.010000 2 591
50.010000 3 367
50.010000 4 513
50.010000 5 656
50.010000 6 591
50.010000 7 656
50.010000 8 535
50.010000 9 656
50.010000 10 656
51.010000 0 543
51.010000 1 632
51.010000 2 608
51.010000 3 369
51.010000 4 516
51.010000 5 667
51.010000 6 608
51.010000 7 667
51.010000 8 543
51.010000 9 667
51.010000 10 667
52.010000 0 546
52.010000 1 622
52.010000 2 555
52.010000 3 353
52.010000 4 524
52.010000 5 650
52.010000 6 555
52.010000 7 650
52.010000 8 546
52.010000 9 650
52.010000 10 650
53.010000 0 531
53.010000 1 624
53.010000 2 574
53.010000 3 360
53.010000 4 531
53.010000 5 655
53.010000 6 574
53.010000 7 655
53.010000 8 531
53.010000 9 655
53.010000 10 655
54.010000 0 552
54.010000 1 613
54.010000 2 535
54.010000 3 350
54.010000 4 518
54.010000 5 642
54.010000 6 535
54.010000 7 642
54.010000 8 552
54.010000 9 642
54.010000 10 642
55.010000 0 499
55.010000 1 611
55.010000 2 619
55.010000 3 391
55.010000 4 544
55.010000 5 666
55.010000 6 619
55.010000 7 666
55.010000 8 499
55.010000 9 666
55.010000 10 666
56.010000 0 549
56.010000 1 637
56.010000 2 562
56.010000 3 355
56.010000 4 541
56.010000 5 661
56.010000 6 562
56.010000 7 661
56.010000 8 549
56.010000 9 661
56.010000 10 661
57.010000 0 548
57.010000 1 620
57.010000 2 555
57.010000 3 364
57.010000 4 537
57.010000 5 656
57.010000 6 555
57.010000 7 656
57.010000 8 548
57.010000 9 656
57.010000 10 656
58.010000 0 576
58.010000 1 673
58.010000 2 600
58.010000 3 375
58.010000 4 568
58.010000 5 698
58.010000 6 600
58.010000 7 698
58.010000 8 576
58.010000 9 698
58.010000 10 698
59.010000 0 548
59.010000 1 630
59.010000 2 547
59.010000 3 332
59.010000 4 511
59.010000 5 642
59.010000 6 547
59.010000 7 642
59.010000 8 548
59.010000 9 642
59.010000 10 642
60.010000 0 557
60.010000 1 649
60.010000 2 605
60.010000 3 357
60.010000 4 516
60.010000 5 671
60.010000 6 605
60.010000 7 671
60.010000 8 557
60.010000 9 671
60.010000 10 671
61.010000 0 540
61.010000 1 634
61.010000 2 563
61.010000 3 356
61.010000 4 539
61.010000 5 658
61.010000 6 563
61.010000 7 658
61.010000 8 540
61.010000 9 658
61.010000 10 658
62.010000 0 559
62.010000 1 644
62.010000 2 562
62.010000 3 343
62.010000 4 524
62.010000 5 658
62.010000 6 562
62.010000 7 658
62.010000 8 559
62.010000 9 658
62.010000 10 658
63.010000 0 524
63.010000 1 620
63.010000 2 562
63.010000 3 355
63.010000 4 539
63.010000 5 650
63.010000 6 562
63.010000 7 650
63.010000 8 524
63.010000 9 650
63.010000 10 650
64.010000 0 539
64.010000 1 625
64.010000 2 571
64.010000 3 359
64.010000 4 530
64.010000 5 656
64.010000 6 571
64.010000 7 656
64.010000 8 539
64.010000 9 656
64.010000 10 656
65.010000 0 545
65.010000 1 635
65.010000 2 569
65.010000 3 365
65.010000 4 554
65.010000 5 667
65.010000 6 569
65.010000 7 667
65.010000 8 545
65.010000 9 667
65.010000 10 667
66.010000 0 546
66.010000 1 634
66.010000 2 573
66.010000 3 344
66.010000 4 511
66.010000 5 652
66.010000 6 573
66.010000 7 652
66.010000 8 546
66.010000 9 652
66.010000 10 652
67.010000 0 530
67.010000 1 622
67.010000 2 563
67.010000 3 367
67.010000 4 550
67.010000 5 658
67.010000 6 563
67.010000 7 658
67.010000 8 530
67.010000 9 658
67.010000 10 658
68.010000 0 573
68.010000 1 658
68.010000 2 592
68.010000 3 368
68.010000 4 545
68.010000 5 684
68.010000 6 592
68.010000 7 684
68.010000 8 573
68.010000 9 684
68.010000 10 684
69.010000 0 547
69.010000 1 635
69.010000 2 569
69.010000 3 346
69.010000 4 523
69.010000 5 655
69.010000 6 569
69.010000 7 655
69.010000 8 547
69.010000 9 655
69.010000 10 655
70.010000 0 552
70.010000 1 645
70.010000 2 577
70.010000 3 350
70.010000 4 528
70.010000 5 663
70.010000 6 577
70.010000 7 663
70.010000 8 552
70.010000 9 663
70.010000 10 663
71.010000 0 557
71.010000 1 647
71.010000 2 581
71.010000 3 361
71.010000 4 538
71.010000 5 671
71.010000 6 581
71.010000 7 671
71.010000 8 557
71.010000 9 671
71.010000 10 671
72.010000 0 538
72.010000 1 628
72.010000 2 557
72.010000 3 348
72.010000 4 529
72.010000 5 650
72.010000 6 557
72.010000 7 650
72.010000 8 538
72.010000 9 650
72.010000 10 650
73.010000 0 532
73.010000 1 624
73.010000 2 574
73.010000 3 357
73.010000 4 529
73.010000 5 654
73.010000 6 574
73.010000 7 654
73.010000 8 532
73.010000 9 654
73.010000 10 654
74.010000 0 550
74.010000 1 644
74.010000 2 583
74.010000 3 369
74.010000 4 550
74.010000 5 674
74.010000 6 583
74.010000 7 674
74.010000 8 550
74.010000 9 674
74.010000 10 674
75.010000 0 542
75.010000 1 621
75.010000 2 540
75.010000 3 341
75.010000 4 520
75.010000 5 641
75.010000 6 540
75.010000 7 641
75.010000 8 542
75.010000 9 641
75.010000 10 641
76.010000 0 527
76.010000 1 621
76.010000 2 580
76.010000 3 362
76.010000 4 534
76.010000 5 656
76.010000 6 580
76.010000 7 656
76.010000 8 527
76.010000 9 656
76.010000 10 656
77.010000 0 538
77.010000 1 626
77.010000 2 562
77.010000 3 355
77.010000 4 535
77.010000 5 654
77.010000 6 562
77.010000 7 654
77.010000 8 538
77.010000 9 654
77.010000 10 654
78.010000 0 579
78.010000 1 653
78.010000 2 590
78.010000 3 380
78.010000 4 554
78.010000 5 689
78.010000 6 590
78.010000 7 689
78.010000 8 579
78.010000 9 689
78.010000 10 689
79.010000 0 544
79.010000 1 620
79.010000 2 599
79.010000 3 363
79.010000 4 490
79.010000 5 654
79.010000 6 599
79.010000 7 654
79.010000 8 544
79.010000 9 654
79.010000 10 654
80.010000 0 523
80.010000 1 603
80.010000 2 587
80.010000 3 376
80.010000 4 523
80.010000 5 653
80.010000 6 587
80.010000 7 653
80.010000 8 523
80.010000 9 653
80.010000 10 653
81.010000 0 527
81.010000 1 601
81.010000 2 580
81.010000 3 382
81.010000 4 530
81.010000 5 655
81.010000 6 580
81.010000 7 655
81.010000 8 527
81.010000 9 655
81.010000 10 655
82.010000 0 549
82.010000 1 617
82.010000 2 556
82.010000 3 359
82.010000 4 523
82.010000 5 651
82.010000 6 556
82.010000 7 651
82.010000 8 549
82.010000 9 651
82.010000 10 651
83.010000 0 528
83.010000 1 616
83.010000 2 578
83.010000 3 368
83.010000 4 534
83.010000 5 656
83.010000 6 578
83.010000 7 656
83.010000 8 528
83.010000 9 656
83.010000 10 656
84.010000 0 514
84.010000 1 596
84.010000 2 575
84.010000 3 370
84.010000 4 521
84.010000 5 644
84.010000 6 575
84.010000 7 644
84.010000 8 514
84.010000 9 644
84.010000 10 644
85.010000 0 531
85.010000 1 617
85.010000 2 577
85.010000 3 385
85.010000 4 558
85.010000 5 667
85.010000 6 577
85.010000 7 667
85.010000 8 531
85.010000 9 667
85.010000 10 667
86.010000 0 542
86.010000 1 615
86.010000 2 567
86.010000 3 370
86.010000 4 534
86.010000 5 657
86.010000 6 567
86.010000 7 657
86.010000 8 542
86.010000 9 657
86.010000 10 657
87.010000 0 510
87.010000 1 615
87.010000 2 577
87.010000 3 372
87.010000 4 554
87.010000 5 657
87.010000 6 577
87.010000 7 657
87.010000 8 510
87.010000 9 657
87.010000 10 657
88.010000 0 639
88.010000 1 718
88.010000 2 661
88.010000 3 408
88.010000 4 574
88.010000 5 750
88.010000 6 661
88.010000 7 750
88.010000 8 639
88.010000 9 750
88.010000 10 750
89.010000 0 562
89.010000 1 618
89.010000 2 592
89.010000 3 345
89.010000 4 451
89.010000 5 642
89.010000 6 592
89.010000 7 642
89.010000 8 562
89.010000 9 642
89.010000 10 642
90.010000 0 547
90.010000 1 616
90.010000 2 569
90.010000 3 353
90.010000 4 499
90.010000 5 646
90.010000 6 569
90.010000 7 646
90.010000 8 547
90.010000 9 646
90.010000 10 646
91.010000 0 546
91.010000 1 613
91.010000 2 567
91.010000 3 352
91.010000 4 494
91.010000 5 643
91.010000 6 567
91.010000 7 643
91.010000 8 546
91.010000 9 643
91.010000 10 643
92.010000 0 543
92.010000 1 620
92.010000 2 592
92.010000 3 365
92.010000 4 504
92.010000 5 656
92.010000 6 592
92.010000 7 656
92.010000 8 543
92.010000 9 656
92.010000 10 656
93.010000 0 536
93.010000 1 614
93.010000 2 576
93.010000 3 365
93.010000 4 517
93.010000 5 652
93.010000 6 576
93.010000 7 652
93.010000 8 536
93.010000 9 652
93.010000 10 652
94.010000 0 524
94.010000 1 608
94.010000 2 588
94.010000 3 374
94.010000 4 522
94.010000 5 654
94.010000 6 588
94.010000 7 654
94.010000 8 524
94.010000 9 654
94.010000 10 654
95.010000 0 564
95.010000 1 630
95.010000 2 569
95.010000 3 363
95.010000 4 522
95.010000 5 662
95.010000 6 569
95.010000 7 662
95.010000 8 564
95.010000 9 662
95.010000 10 662
96.010000 0 537
96.010000 1 616
96.010000 2 552
96.010000 3 358
96.010000 4 537
96.010000 5 650
96.010000 6 552
96.010000 7 650
96.010000 8 537
96.010000 9 650
96.010000 10 650
97.010000 0 514
97.010000 1 607
97.010000 2 604
97.010000 3 380
97.010000 4 523
97.010000 5 657
97.010000 6 604
97.010000 7 657
97.010000 8 514
97.010000 9 657
97.010000 10 657
98.010000 0 524
98.010000 1 611
98.010000 2 568
98.010000 3 372
98.010000 4 545
98.010000 5 655
98.010000 6 568
98.010000 7 655
98.010000 8 524
98.010000 9 655
98.010000 10 655
99.010000 0 567
99.010000 1 640
99.010000 2 559
99.010000 3 361
99.010000 4 541
99.010000 5 667
99.010000 6 559
99.010000 7 667
99.010000 8 567
99.010000 9 667
99.010000 10 667
100.010000 0 492
100.010000 1 587
100.010000 2 578
100.010000 3 381
100.010000 4 542
100.010000 5 645
100.010000 6 578
100.010000 7 645
100.010000 8 492
100.010000 9 645
100.010000 10 645
101.010000 0 534
101.010000 1 626
101.010000 2 591
101.010000 3 379
101.010000 4 550
101.010000 5 670
101.010000 6 591
101.010000 7 670
101.010000 8 534
101.010000 9 670
101.010000 10 670
102.010000 0 547
102.010000 1 626
102.010000 2 582
102.010000 3 386
102.010000 4 555
102.010000 5 674
102.010000 6 582
102.010000 7 674
102.010000 8 547
102.010000 9 674
102.010000 10 674
103.010000 0 508
103.010000 1 577
103.010000 2 559
103.010000 3 369
103.010000 4 511
103.010000 5 631
103.010000 6 559
103.010000 7 631
103.010000 8 508
103.010000 9 631
103.010000 10 631
104.010000 0 531
104.010000 1 601
104.010000 2 576
104.010000 3 384
104.010000 4 536
104.010000 5 657
104.010000 6 576
104.010000 7 657
104.010000 8 531
104.010000 9 657
104.010000 10 657
105.010000 0 515
105.010000 1 605
105.010000 2 586
105.010000 3 380
105.010000 4 538
105.010000 5 656
105.010000 6 586
105.010000 7 656
105.010000 8 515
105.010000 9 656
105.010000 10 656
106.010000 0 626
106.010000 1 702
106.010000 2 638
106.010000 3 397
106.010000 4 557
106.010000 5 730
106.010000 6 638
106.010000 7 730
106.010000 8 626
106.010000 9 730
106.010000 10 730
107.010000 0 546
107.010000 1 581
107.010000 2 623
107.010000 3 408
107.010000 4 478
107.010000 5 659
107.010000 6 623
107.010000 7 659
107.010000 8 546
107.010000 9 659
107.010000 10 659
108.010000 0 499
108.010000 1 581
108.010000 2 519
108.010000 3 296
108.010000 4 437
108.010000 5 583
108.010000 6 519
108.010000 7 583
108.010000 8 499
108.010000 9 583
108.010000 10 583
109.010000 0 505
109.010000 1 599
109.010000 2 610
109.010000 3 420
109.010000 4 582
109.010000 5 679
109.010000 6 610
109.010000 7 679
109.010000 8 505
109.010000 9 679
109.010000 10 679
110.010000 0 586
110.010000 1 649
110.010000 2 556
110.010000 3 365
110.010000 4 548
110.010000 5 676
110.010000 6 556
110.010000 7 676
110.010000 8 586
110.010000 9 676
110.010000 10 676
111.010000 0 575
111.010000 1 663
111.010000 2 634
111.010000 3 387
111.010000 4 541
111.010000 5 700
111.010000 6 634
111.010000 7 700
111.010000 8 575
111.010000 9 700
111.010000 10 700
112.010000 0 550
112.010000 1 620
112.010000 2 546
112.010000 3 335
112.010000 4 493
112.010000 5 636
112.010000 6 546
112.010000 7 636
112.010000 8 550
112.010000 9 636
112.010000 10 636
113.010000 0 516
113.010000 1 614
113.010000 2 592
113.010000 3 363
113.010000 4 523
113.010000 5 652
113.010000 6 592
113.010000 7 652
113.010000 8 516
113.010000 9 652
113.010000 10 652
114.010000 0 524
114.010000 1 618
114.010000 2 588
114.010000 3 377
114.010000 4 541
114.010000 5 662
114.010000 6 588
114.010000 7 662
114.010000 8 524
114.010000 9 662
114.010000 10 662
115.010000 0 554
115.010000 1 622
115.010000 2 558
115.010000 3 360
115.010000 4 522
115.010000 5 654
115.010000 6 558
115.010000 7 654
115.010000 8 554
115.010000 9 654
115.010000 10 654
116.010000 0 542
116.010000 1 625
116.010000 2 561
116.010000 3 357
116.010000 4 535
116.010000 5 655
116.010000 6 561
116.010000 7 655
116.010000 8 542
116.010000 9 655
116.010000 10 655
117.010000 0 506
117.010000 1 613
117.010000 2 597
117.010000 3 376
117.010000 4 544
117.010000 5 659
117.010000 6 597
117.010000 7 659
117.010000 8 506
117.010000 9 659
117.010000 10 659
118.010000 0 534
118.010000 1 616
118.010000 2 546
118.010000 3 363
118.010000 4 549
118.010000 5 652
118.010000 6 546
118.010000 7 652
118.010000 8 534
118.010000 9 652
118.010000 10 652
119.010000 0 533
119.010000 1 609
119.010000 2 546
119.010000 3 355
119.010000 4 529
119.010000 5 643
119.010000 6 546
119.010000 7 643
119.010000 8 533
119.010000 9 643
119.010000 10 643
120.010000 0 507
120.010000 1 612
120.010000 2 586
120.010000 3 368
120.010000 4 535
120.010000 5 652
120.010000 6 586
120.010000 7 652
120.010000 8 507
120.010000 9 652
120.010000 10 652
121.010000 0 548
121.010000 1 634
121.010000 2 554
121.010000 3 362
121.010000 4 558
121.010000 5 664
121.010000 6 554
121.010000 7 664
121.010000 8 548
121.010000 9 664
121.010000 10 664
122.010000 0 570
122.010000 1 663
122.010000 2 601
122.010000 3 374
122.010000 4 556
122.010000 5 691
122.010000 6 601
122.010000 7 691
122.010000 8 570
122.010000 9 691
122.010000 10 691
123.010000 0 572
123.010000 1 644
123.010000 2 563
123.010000 3 340
123.010000 4 505
123.010000 5 656
123.010000 6 563
123.010000 7 656
123.010000 8 572
123.010000 9 656
123.010000 10 656
124.010000 0 522
124.010000 1 623
124.010000 2 559
124.010000 3 350
124.010000 4 542
124.010000 5 649
124.010000 6 559
124.010000 7 649
124.010000 8 522
124.010000 9 649
124.010000 10 649
125.010000 0 527
125.010000 1 630
125.010000 2 585
125.010000 3 354
125.010000 4 528
125.010000 5 656
125.010000 6 585
125.010000 7 656
125.010000 8 527
125.010000 9 656
125.010000 10 656
126.010000 0 556
126.010000 1 639
126.010000 2 575
126.010000 3 370
126.010000 4 552
126.010000 5 673
126.010000 6 575
126.010000 7 673
126.010000 8 556
126.010000 9 673
126.010000 10 673
127.010000 0 555
127.010000 1 636
127.010000 2 540
127.010000 3 338
127.010000 4 523
127.010000 5 648
127.010000 6 540
127.010000 7 648
127.010000 8 555
127.010000 9 648
127.010000 10 648
128.010000 0 513
128.010000 1 606
128.010000 2 571
128.010000 3 365
128.010000 4 537
128.010000 5 648
128.010000 6 571
128.010000 7 648
128.010000 8 513
128.010000 9 648
128.010000 10 648
129.010000 0 540
129.010000 1 642
129.010000 2 596
129.010000 3 376
129.010000 4 558
129.010000 5 678
129.010000 6 596
129.010000 7 678
129.010000 8 540
129.010000 9 678
129.010000 10 678
130.010000 0 562
130.010000 1 638
130.010000 2 564
130.010000 3 356
130.010000 4 528
130.010000 5 662
130.010000 6 564
130.010000 7 662
130.010000 8 562
130.010000 9 662
130.010000 10 662
131.010000 0 538
131.010000 1 625
131.010000 2 602
131.010000 3 371
131.010000 4 520
131.010000 5 664
131.010000 6 602
131.010000 7 664
131.010000 8 538
131.010000 9 664
131.010000 10 664
132.010000 0 551
132.010000 1 613
132.010000 2 586
132.010000 3 387
132.010000 4 527
132.010000 5 666
132.010000 6 586
132.010000 7 666
132.010000 8 551
132.010000 9 666
132.010000 10 666
133.010000 0 544
133.010000 1 617
133.010000 2 573
133.010000 3 369
133.010000 4 525
133.010000 5 657
133.010000 6 573
133.010000 7 657
133.010000 8 544
133.010000 9 657
133.010000 10 657
134.010000 0 535
134.010000 1 620
134.010000 2 584
134.010000 3 377
134.010000 4 540
134.010000 5 664
134.010000 6 584
134.010000 7 664
134.010000 8 535
134.010000 9 664
134.010000 10 664
135.010000 0 507
135.010000 1 599
135.010000 2 572
135.010000 3 356
135.010000 4 510
135.010000 5 636
135.010000 6 572
135.010000 7 636
135.010000 8 507
135.010000 9 636
135.010000 10 636
136.010000 0 538
136.010000 1 618
136.010000 2 582
136.010000 3 384
136.010000 4 546
136.010000 5 667
136.010000 6 582
136.010000 7 667
136.010000 8 538
136.010000 9 667
136.010000 10 667
137.010000 0 533
137.010000 1 601
137.010000 2 548
137.010000 3 377
137.010000 4 549
137.010000 5 652
137.010000 6 548
137.010000 7 652
137.010000 8 533
137.010000 9 652
137.010000 10 652
138.010000 0 517
138.010000 1 611
138.010000 2 583
138.010000 3 364
138.010000 4 525
138.010000 5 650
138.010000 6 583
138.010000 7 650
138.010000 8 517
138.010000 9 650
138.010000 10 650
139.010000 0 522
139.010000 1 616
139.010000 2 584
139.010000 3 392
139.010000 4 574
139.010000 5 672
139.010000 6 584
139.010000 7 672
139.010000 8 522
139.010000 9 672
139.010000 10 672
140.010000 0 540
140.010000 1 606
140.010000 2 586
140.010000 3 390
140.010000 4 534
140.010000 5 664
140.010000 6 586
140.010000 7 664
140.010000 8 540
140.010000 9 664
140.010000 10 664
141.010000 0 540
141.010000 1 607
141.010000 2 564
141.010000 3 372
141.010000 4 529
141.010000 5 653
141.010000 6 564
141.010000 7 653
141.010000 8 540
141.010000 9 653
141.010000 10 653
142.010000 0 498
142.010000 1 596
142.010000 2 599
142.010000 3 390
142.010000 4 545
142.010000 5 657
142.010000 6 599
142.010000 7 657
142.010000 8 498
142.010000 9 657
142.010000 10 657
143.010000 0 532
143.010000 1 601
143.010000 2 571
143.010000 3 380
143.010000 4 532
143.010000 5 654
143.010000 6 571
143.010000 7 654
143.010000 8 532
143.010000 9 654
143.010000 10 654
144.010000 0 524
144.010000 1 599
144.010000 2 567
144.010000 3 382
144.010000 4 540
144.010000 5 653
144.010000 6 567
144.010000 7 653
144.010000 8 524
144.010000 9 653
144.010000 10 653
145.010000 0 509
145.010000 1 604
145.010000 2 585
145.010000 3 386
145.010000 4 556
145.010000 5 660
145.010000 6 585
145.010000 7 660
145.010000 8 509
145.010000 9 660
145.010000 10 660
146.010000 0 539
146.010000 1 618
146.010000 2 581
146.010000 3 385
146.010000 4 549
146.010000 5 668
146.010000 6 581
146.010000 7 668
146.010000 8 539
146.010000 9 668
146.010000 10 668
147.010000 0 527
147.010000 1 600
147.010000 2 576
147.010000 3 389
147.010000 4 548
147.010000 5 660
147.010000 6 576
147.010000 7 660
147.010000 8 527
147.010000 9 660
147.010000 10 660
148.010000 0 495
148.010000 1 595
148.010000 2 581
148.010000 3 376
148.010000 4 541
148.010000 5 647
148.010000 6 581
148.010000 7 647
148.010000 8 495
148.010000 9 647
148.010000 10 647
149.010000 0 529
149.010000 1 607
149.010000 2 558
149.010000 3 373
149.010000 4 545
149.010000 5 653
149.010000 6 558
149.010000 7 653
149.010000 8 529
149.010000 9 653
149.010000 10 653
