0.010000 0 0
0.010000 1 0
0.010000 2 0
0.010000 3 0
0.010000 4 0
0.010000 5 0
0.010000 6 0
0.010000 7 0
0.010000 8 0
0.010000 9 0
0.010000 10 0
0.010000 11 0
0.010000 12 0
0.010000 13 0
0.010000 14 0
0.010000 15 0
0.010000 16 0
0.010000 17 0
0.010000 18 0
0.010000 19 0
0.010000 20 0
0.010000 21 0
0.010000 22 0
1.010000 0 0
1.010000 1 0
1.010000 2 0
1.010000 3 0
1.010000 4 0
1.010000 5 0
1.010000 6 0
1.010000 7 0
1.010000 8 0
1.010000 9 0
1.010000 10 0
1.010000 11 0
1.010000 12 0
1.010000 13 0
1.010000 14 0
1.010000 15 0
1.010000 16 0
1.010000 17 0
1.010000 18 0
1.010000 19 0
1.010000 20 0
1.010000 21 0
1.010000 22 0
2.010000 0 0
2.010000 1 0
2.010000 2 0
2.010000 3 0
2.010000 4 0
2.010000 5 0
2.010000 6 0
2.010000 7 0
2.010000 8 0
2.010000 9 0
2.010000 10 0
2.010000 11 0
2.010000 12 0
2.010000 13 0
2.010000 14 0
2.010000 15 0
2.010000 16 0
2.010000 17 0
2.010000 18 0
2.010000 19 0
2.010000 20 0
2.010000 21 0
2.010000 22 0
3.010000 0 0
3.010000 1 0
3.010000 2 0
3.010000 3 0
3.010000 4 0
3.010000 5 0
3.010000 6 0
3.010000 7 0
3.010000 8 0
3.010000 9 0
3.010000 10 0
3.010000 11 0
3.010000 12 0
3.010000 13 0
3.010000 14 0
3.010000 15 0
3.010000 16 0
3.010000 17 0
3.010000 18 0
3.010000 19 0
3.010000 20 0
3.010000 21 0
3.010000 22 0
4.010000 0 0
4.010000 1 0
4.010000 2 0
4.010000 3 0
4.010000 4 0
4.010000 5 0
4.010000 6 0
4.010000 7 0
4.010000 8 0
4.010000 9 0
4.010000 10 0
4.010000 11 0
4.010000 12 0
4.010000 13 0
4.010000 14 0
4.010000 15 0
4.010000 16 0
4.010000 17 0
4.010000 18 0
4.010000 19 0
4.010000 20 0
4.010000 21 0
4.010000 22 0
5.010000 0 0
5.010000 1 0
5.010000 2 0
5.010000 3 0
5.010000 4 0
5.010000 5 0
5.010000 6 0
5.010000 7 0
5.010000 8 0
5.010000 9 0
5.010000 10 0
5.010000 11 0
5.010000 12 0
5.010000 13 0
5.010000 14 0
5.010000 15 0
5.010000 16 0
5.010000 17 0
5.010000 18 0
5.010000 19 0
5.010000 20 0
5.010000 21 0
5.010000 22 0
6.010000 0 0
6.010000 1 0
6.010000 2 0
6.010000 3 0
6.010000 4 0
6.010000 5 0
6.010000 6 0
6.010000 7 0
6.010000 8 0
6.010000 9 0
6.010000 10 0
6.010000 11 0
6.010000 12 0
6.010000 13 0
6.010000 14 0
6.010000 15 0
6.010000 16 0
6.010000 17 0
6.010000 18 0
6.010000 19 0
6.010000 20 0
6.010000 21 0
6.010000 22 0
7.010000 0 0
7.010000 1 0
7.010000 2 0
7.010000 3 0
7.010000 4 0
7.010000 5 0
7.010000 6 0
7.010000 7 0
7.010000 8 0
7.010000 9 0
7.010000 10 0
7.010000 11 0
7.010000 12 0
7.010000 13 0
7.010000 14 0
7.010000 15 0
7.010000 16 0
7.010000 17 0
7.010000 18 0
7.010000 19 0
7.010000 20 0
7.010000 21 0
7.010000 22 0
8.010000 0 0
8.010000 1 0
8.010000 2 0
8.010000 3 0
8.010000 4 0
8.010000 5 0
8.010000 6 0
8.010000 7 0
8.010000 8 0
8.010000 9 0
8.010000 10 0
8.010000 11 0
8.010000 12 0
8.010000 13 0
8.010000 14 0
8.010000 15 0
8.010000 16 0
8.010000 17 0
8.010000 18 0
8.010000 19 0
8.010000 20 0
8.010000 21 0
8.010000 22 0
9.010000 0 0
9.010000 1 0
9.010000 2 0
9.010000 3 0
9.010000 4 0
9.010000 5 0
9.010000 6 0
9.010000 7 0
9.010000 8 0
9.010000 9 0
9.010000 10 0
9.010000 11 0
9.010000 12 0
9.010000 13 0
9.010000 14 0
9.010000 15 0
9.010000 16 0
9.010000 17 0
9.010000 18 0
9.010000 19 0
9.010000 20 0
9.010000 21 0
9.010000 22 0
10.010000 0 0
10.010000 1 0
10.010000 2 0
10.010000 3 0
10.010000 4 0
10.010000 5 0
10.010000 6 0
10.010000 7 0
10.010000 8 0
10.010000 9 0
10.010000 10 0
10.010000 11 0
10.010000 12 0
10.010000 13 0
10.010000 14 0
10.010000 15 0
10.010000 16 0
10.010000 17 0
10.010000 18 0
10.010000 19 0
10.010000 20 0
10.010000 21 0
10.010000 22 0
11.010000 0 0
11.010000 1 0
11.010000 2 0
11.010000 3 0
11.010000 4 0
11.010000 5 0
11.010000 6 0
11.010000 7 0
11.010000 8 0
11.010000 9 0
11.010000 10 0
11.010000 11 0
11.010000 12 0
11.010000 13 0
11.010000 14 0
11.010000 15 0
11.010000 16 0
11.010000 17 0
11.010000 18 0
11.010000 19 0
11.010000 20 0
11.010000 21 0
11.010000 22 0
12.010000 0 0
12.010000 1 0
12.010000 2 0
12.010000 3 0
12.010000 4 0
12.010000 5 0
12.010000 6 0
12.010000 7 0
12.010000 8 0
12.010000 9 0
12.010000 10 0
12.010000 11 0
12.010000 12 0
12.010000 13 0
12.010000 14 0
12.010000 15 0
12.010000 16 0
12.010000 17 0
12.010000 18 0
12.010000 19 0
12.010000 20 0
12.010000 21 0
12.010000 22 0
13.010000 0 0
13.010000 1 0
13.010000 2 0
13.010000 3 0
13.010000 4 0
13.010000 5 0
13.010000 6 0
13.010000 7 0
13.010000 8 0
13.010000 9 0
13.010000 10 0
13.010000 11 0
13.010000 12 0
13.010000 13 0
13.010000 14 0
13.010000 15 0
13.010000 16 0
13.010000 17 0
13.010000 18 0
13.010000 19 0
13.010000 20 0
13.010000 21 0
13.010000 22 0
14.010000 0 0
14.010000 1 0
14.010000 2 0
14.010000 3 0
14.010000 4 0
14.010000 5 0
14.010000 6 0
14.010000 7 0
14.010000 8 0
14.010000 9 0
14.010000 10 0
14.010000 11 0
14.010000 12 0
14.010000 13 0
14.010000 14 0
14.010000 15 0
14.010000 16 0
14.010000 17 0
14.010000 18 0
14.010000 19 0
14.010000 20 0
14.010000 21 0
14.010000 22 0
15.010000 0 5
15.010000 1 6
15.010000 2 6
15.010000 3 5
15.010000 4 6
15.010000 5 6
15.010000 6 6
15.010000 7 4
15.010000 8 6
15.010000 9 6
15.010000 10 6
15.010000 11 4
15.010000 12 6
15.010000 13 6
15.010000 14 5
15.010000 15 6
15.010000 16 6
15.010000 17 4
15.010000 18 5
15.010000 19 6
15.010000 20 6
15.010000 21 6
15.010000 22 6
16.010000 0 481
16.010000 1 601
16.010000 2 577
16.010000 3 531
16.010000 4 541
16.010000 5 599
16.010000 6 533
16.010000 7 555
16.010000 8 597
16.010000 9 576
16.010000 10 551
16.010000 11 572
16.010000 12 595
16.010000 13 595
16.010000 14 552
16.010000 15 597
16.010000 16 594
16.010000 17 487
16.010000 18 489
16.010000 19 585
16.010000 20 596
16.010000 21 551
16.010000 22 595
17.010000 0 250
17.010000 1 318
17.010000 2 318
17.010000 3 294
17.010000 4 274
17.010000 5 318
17.010000 6 269
17.010000 7 298
17.010000 8 318
17.010000 9 318
17.010000 10 273
17.010000 11 298
17.010000 12 318
17.010000 13 318
17.010000 14 296
17.010000 15 318
17.010000 16 318
17.010000 17 272
17.010000 18 250
17.010000 19 318
17.010000 20 318
17.010000 21 270
17.010000 22 318
18.010000 0 239
18.010000 1 301
18.010000 2 301
18.010000 3 276
18.010000 4 260
18.010000 5 301
18.010000 6 253
18.010000 7 281
18.010000 8 301
18.010000 9 301
18.010000 10 264
18.010000 11 281
18.010000 12 301
18.010000 13 301
18.010000 14 281
18.010000 15 301
18.010000 16 301
18.010000 17 256
18.010000 18 239
18.010000 19 301
18.010000 20 301
18.010000 21 253
18.010000 22 301
19.010000 0 241
19.010000 1 305
19.010000 2 305
19.010000 3 281
19.010000 4 265
19.010000 5 305
19.010000 6 257
19.010000 7 285
19.010000 8 305
19.010000 9 305
19.010000 10 264
19.010000 11 285
19.010000 12 305
19.010000 13 305
19.010000 14 285
19.010000 15 305
19.010000 16 305
19.010000 17 261
19.010000 18 241
19.010000 19 305
19.010000 20 305
19.010000 21 257
19.010000 22 305
20.010000 0 221
20.010000 1 283
20.010000 2 283
20.010000 3 263
20.010000 4 243
20.010000 5 283
20.010000 6 243
20.010000 7 263
20.010000 8 283
20.010000 9 283
20.010000 10 241
20.010000 11 264
20.010000 12 283
20.010000 13 283
20.010000 14 263
20.010000 15 283
20.010000 16 283
20.010000 17 243
20.010000 18 221
20.010000 19 283
20.010000 20 283
20.010000 21 243
20.010000 22 283
21.010000 0 227
21.010000 1 289
21.010000 2 289
21.010000 3 267
21.010000 4 249
21.010000 5 289
21.010000 6 245
21.010000 7 271
21.010000 8 289
21.010000 9 289
21.010000 10 249
21.010000 11 270
21.010000 12 289
21.010000 13 289
21.010000 14 269
21.010000 15 289
21.010000 16 289
21.010000 17 247
21.010000 18 227
21.010000 19 289
21.010000 20 289
21.010000 21 245
21.010000 22 289
22.010000 0 205
22.010000 1 259
22.010000 2 259
22.010000 3 239
22.010000 4 223
22.010000 5 259
22.010000 6 222
22.010000 7 239
22.010000 8 259
22.010000 9 259
22.010000 10 223
22.010000 11 239
22.010000 12 259
22.010000 13 259
22.010000 14 241
22.010000 15 259
22.010000 16 259
22.010000 17 221
22.010000 18 205
22.010000 19 259
22.010000 20 259
22.010000 21 223
22.010000 22 259
23.010000 0 221
23.010000 1 281
23.010000 2 281
23.010000 3 261
23.010000 4 243
23.010000 5 281
23.010000 6 238
23.010000 7 261
23.010000 8 281
23.010000 9 281
23.010000 10 245
23.010000 11 261
23.010000 12 281
23.010000 13 281
23.010000 14 261
23.010000 15 281
23.010000 16 281
23.010000 17 241
23.010000 18 221
23.010000 19 281
23.010000 20 281
23.010000 21 237
23.010000 22 281
24.010000 0 226
24.010000 1 288
24.010000 2 288
24.010000 3 268
24.010000 4 246
24.010000 5 288
24.010000 6 248
24.010000 7 268
24.010000 8 288
24.010000 9 288
24.010000 10 244
24.010000 11 268
24.010000 12 288
24.010000 13 288
24.010000 14 268
24.010000 15 288
24.010000 16 288
24.010000 17 248
24.010000 18 226
24.010000 19 288
24.010000 20 288
24.010000 21 248
24.010000 22 288
25.010000 0 234
25.010000 1 299
25.010000 2 299
25.010000 3 277
25.010000 4 255
25.010000 5 299
25.010000 6 255
25.010000 7 281
25.010000 8 299
25.010000 9 299
25.010000 10 255
25.010000 11 281
25.010000 12 299
25.010000 13 299
25.010000 14 277
25.010000 15 299
25.010000 16 299
25.010000 17 255
25.010000 18 234
25.010000 19 299
25.010000 20 299
25.010000 21 255
25.010000 22 299
26.010000 0 214
26.010000 1 273
26.010000 2 273
26.010000 3 255
26.010000 4 233
26.010000 5 273
26.010000 6 237
26.010000 7 251
26.010000 8 273
26.010000 9 273
26.010000 10 233
26.010000 11 251
26.010000 12 273
26.010000 13 273
26.010000 14 253
26.010000 15 273
26.010000 16 273
26.010000 17 235
26.010000 18 214
26.010000 19 273
26.010000 20 273
26.010000 21 237
26.010000 22 273
27.010000 0 220
27.010000 1 282
27.010000 2 282
27.010000 3 264
27.010000 4 238
27.010000 5 282
27.010000 6 246
27.010000 7 261
27.010000 8 282
27.010000 9 282
27.010000 10 238
27.010000 11 262
27.010000 12 282
27.010000 13 282
27.010000 14 260
27.010000 15 282
27.010000 16 282
27.010000 17 242
27.010000 18 220
27.010000 19 282
27.010000 20 282
27.010000 21 245
27.010000 22 282
28.010000 0 210
28.010000 1 268
28.010000 2 268
28.010000 3 250
28.010000 4 228
28.010000 5 268
28.010000 6 232
28.010000 7 248
28.010000 8 268
28.010000 9 268
28.010000 10 228
28.010000 11 248
28.010000 12 268
28.010000 13 268
28.010000 14 248
28.010000 15 268
28.010000 16 268
28.010000 17 230
28.010000 18 210
28.010000 19 268
28.010000 20 268
28.010000 21 232
28.010000 22 268
29.010000 0 208
29.010000 1 260
29.010000 2 260
29.010000 3 240
29.010000 4 228
29.010000 5 260
29.010000 6 220
29.010000 7 238
29.010000 8 260
29.010000 9 260
29.010000 10 228
29.010000 11 238
29.010000 12 260
29.010000 13 260
29.010000 14 244
29.010000 15 260
29.010000 16 260
29.010000 17 224
29.010000 18 208
29.010000 19 260
29.010000 20 260
29.010000 21 220
29.010000 22 260
30.010000 0 198
30.010000 1 252
30.010000 2 252
30.010000 3 234
30.010000 4 216
30.010000 5 252
30.010000 6 216
30.010000 7 234
30.010000 8 252
30.010000 9 252
30.010000 10 216
30.010000 11 234
30.010000 12 252
30.010000 13 252
30.010000 14 234
30.010000 15 252
30.010000 16 252
30.010000 17 216
30.010000 18 198
30.010000 19 252
30.010000 20 252
30.010000 21 216
30.010000 22 252
31.010000 0 221
31.010000 1 279
31.010000 2 279
31.010000 3 259
31.010000 4 239
31.010000 5 279
31.010000 6 239
31.010000 7 257
31.010000 8 279
31.010000 9 279
31.010000 10 239
31.010000 11 257
31.010000 12 279
31.010000 13 279
31.010000 14 259
31.010000 15 279
31.010000 16 279
31.010000 17 239
31.010000 18 221
31.010000 19 279
31.010000 20 279
31.010000 21 242
31.010000 22 279
32.010000 0 215
32.010000 1 273
32.010000 2 273
32.010000 3 253
32.010000 4 237
32.010000 5 273
32.010000 6 233
32.010000 7 253
32.010000 8 273
32.010000 9 273
32.010000 10 237
32.010000 11 253
32.010000 12 273
32.010000 13 273
32.010000 14 255
32.010000 15 273
32.010000 16 273
32.010000 17 235
32.010000 18 215
32.010000 19 273
32.010000 20 273
32.010000 21 230
32.010000 22 273
33.010000 0 228
33.010000 1 289
33.010000 2 289
33.010000 3 265
33.010000 4 253
33.010000 5 289
33.010000 6 241
33.010000 7 271
33.010000 8 289
33.010000 9 289
33.010000 10 253
33.010000 11 271
33.010000 12 289
33.010000 13 289
33.010000 14 270
33.010000 15 289
33.010000 16 289
33.010000 17 246
33.010000 18 228
33.010000 19 289
33.010000 20 289
33.010000 21 241
33.010000 22 289
34.010000 0 206
34.010000 1 263
34.010000 2 263
34.010000 3 245
34.010000 4 223
34.010000 5 263
34.010000 6 227
34.010000 7 245
34.010000 8 263
34.010000 9 263
34.010000 10 223
34.010000 11 245
34.010000 12 263
34.010000 13 263
34.010000 14 244
34.010000 15 263
34.010000 16 263
34.010000 17 226
34.010000 18 206
34.010000 19 263
34.010000 20 263
34.010000 21 227
34.010000 22 263
35.010000 0 226
35.010000 1 288
35.010000 2 288
35.010000 3 266
35.010000 4 248
35.010000 5 288
35.010000 6 244
35.010000 7 270
35.010000 8 288
35.010000 9 288
35.010000 10 248
35.010000 11 270
35.010000 12 288
35.010000 13 288
35.010000 14 268
35.010000 15 288
35.010000 16 288
35.010000 17 246
35.010000 18 226
35.010000 19 288
35.010000 20 288
35.010000 21 244
35.010000 22 288
36.010000 0 222
36.010000 1 280
36.010000 2 280
36.010000 3 258
36.010000 4 244
36.010000 5 280
36.010000 6 236
36.010000 7 260
36.010000 8 280
36.010000 9 280
36.010000 10 244
36.010000 11 260
36.010000 12 280
36.010000 13 280
36.010000 14 262
36.010000 15 280
36.010000 16 280
36.010000 17 240
36.010000 18 222
36.010000 19 280
36.010000 20 280
36.010000 21 236
36.010000 22 280
37.010000 0 220
37.010000 1 280
37.010000 2 280
37.010000 3 260
37.010000 4 240
37.010000 5 280
37.010000 6 240
37.010000 7 260
37.010000 8 280
37.010000 9 280
37.010000 10 240
37.010000 11 260
37.010000 12 280
37.010000 13 280
37.010000 14 260
37.010000 15 280
37.010000 16 280
37.010000 17 240
37.010000 18 220
37.010000 19 280
37.010000 20 280
37.010000 21 240
37.010000 22 280
38.010000 0 221
38.010000 1 281
38.010000 2 281
38.010000 3 261
38.010000 4 240
38.010000 5 281
38.010000 6 240
38.010000 7 261
38.010000 8 281
38.010000 9 281
38.010000 10 241
38.010000 11 262
38.010000 12 281
38.010000 13 281
38.010000 14 261
38.010000 15 281
38.010000 16 281
38.010000 17 241
38.010000 18 221
38.010000 19 281
38.010000 20 281
38.010000 21 241
38.010000 22 281
39.010000 0 226
39.010000 1 287
39.010000 2 287
39.010000 3 267
39.010000 4 247
39.010000 5 287
39.010000 6 246
39.010000 7 265
39.010000 8 287
39.010000 9 287
39.010000 10 247
39.010000 11 264
39.010000 12 287
39.010000 13 287
39.010000 14 266
39.010000 15 287
39.010000 16 287
39.010000 17 246
39.010000 18 226
39.010000 19 287
39.010000 20 287
39.010000 21 247
39.010000 22 287
40.010000 0 228
40.010000 1 296
40.010000 2 296
40.010000 3 276
40.010000 4 248
40.010000 5 296
40.010000 6 256
40.010000 7 280
40.010000 8 296
40.010000 9 296
40.010000 10 248
40.010000 11 280
40.010000 12 296
40.010000 13 296
40.010000 14 272
40.010000 15 296
40.010000 16 296
40.010000 17 252
40.010000 18 228
40.010000 19 296
40.010000 20 296
40.010000 21 256
40.010000 22 296
41.010000 0 222
41.010000 1 284
41.010000 2 284
41.010000 3 266
41.010000 4 240
41.010000 5 284
41.010000 6 248
41.010000 7 262
41.010000 8 284
41.010000 9 284
41.010000 10 240
41.010000 11 262
41.010000 12 284
41.010000 13 284
41.010000 14 262
41.010000 15 284
41.010000 16 284
41.010000 17 244
41.010000 18 222
41.010000 19 284
41.010000 20 284
41.010000 21 248
41.010000 22 284
42.010000 0 234
42.010000 1 296
42.010000 2 296
42.010000 3 274
42.010000 4 256
42.010000 5 296
42.010000 6 252
42.010000 7 274
42.010000 8 296
42.010000 9 296
42.010000 10 256
42.010000 11 274
42.010000 12 296
42.010000 13 296
42.010000 14 276
42.010000 15 296
42.010000 16 296
42.010000 17 254
42.010000 18 234
42.010000 19 296
42.010000 20 296
42.010000 21 252
42.010000 22 296
43.010000 0 218
43.010000 1 278
43.010000 2 278
43.010000 3 258
43.010000 4 237
43.010000 5 278
43.010000 6 237
43.010000 7 260
43.010000 8 278
43.010000 9 278
43.010000 10 238
43.010000 11 260
43.010000 12 278
43.010000 13 278
43.010000 14 258
43.010000 15 278
43.010000 16 278
43.010000 17 238
43.010000 18 218
43.010000 19 278
43.010000 20 278
43.010000 21 238
43.010000 22 278
44.010000 0 239
44.010000 1 307
44.010000 2 307
44.010000 3 285
44.010000 4 259
44.010000 5 307
44.010000 6 266
44.010000 7 287
44.010000 8 307
44.010000 9 307
44.010000 10 259
44.010000 11 287
44.010000 12 307
44.010000 13 307
44.010000 14 283
44.010000 15 307
44.010000 16 307
44.010000 17 261
44.010000 18 239
44.010000 19 307
44.010000 20 307
44.010000 21 267
44.010000 22 307
45.010000 0 226
45.010000 1 288
45.010000 2 288
45.010000 3 270
45.010000 4 244
45.010000 5 288
45.010000 6 249
45.010000 7 266
45.010000 8 288
45.010000 9 288
45.010000 10 247
45.010000 11 266
45.010000 12 288
45.010000 13 288
45.010000 14 266
45.010000 15 288
45.010000 16 288
45.010000 17 248
45.010000 18 226
45.010000 19 288
45.010000 20 288
45.010000 21 248
45.010000 22 288
46.010000 0 228
46.010000 1 291
46.010000 2 291
46.010000 3 271
46.010000 4 247
46.010000 5 291
46.010000 6 251
46.010000 7 271
46.010000 8 291
46.010000 9 291
46.010000 10 246
46.010000 11 271
46.010000 12 291
46.010000 13 291
46.010000 14 269
46.010000 15 291
46.010000 16 291
46.010000 17 249
46.010000 18 228
46.010000 19 291
46.010000 20 291
46.010000 21 252
46.010000 22 291
47.010000 0 219
47.010000 1 280
47.010000 2 280
47.010000 3 261
47.010000 4 239
47.010000 5 280
47.010000 6 244
47.010000 7 258
47.010000 8 280
47.010000 9 280
47.010000 10 238
47.010000 11 258
47.010000 12 280
47.010000 13 280
47.010000 14 260
47.010000 15 280
47.010000 16 280
47.010000 17 241
47.010000 18 219
47.010000 19 280
47.010000 20 280
47.010000 21 243
47.010000 22 280
48.010000 0 225
48.010000 1 283
48.010000 2 283
48.010000 3 261
48.010000 4 243
48.010000 5 283
48.010000 6 239
48.010000 7 263
48.010000 8 283
48.010000 9 283
48.010000 10 246
48.010000 11 263
48.010000 12 283
48.010000 13 283
48.010000 14 263
48.010000 15 283
48.010000 16 283
48.010000 17 241
48.010000 18 225
48.010000 19 283
48.010000 20 283
48.010000 21 241
48.010000 22 283
49.010000 0 207
49.010000 1 261
49.010000 2 261
49.010000 3 243
49.010000 4 229
49.010000 5 261
49.010000 6 225
49.010000 7 237
49.010000 8 261
49.010000 9 261
49.010000 10 226
49.010000 11 237
49.010000 12 261
49.010000 13 261
49.010000 14 245
49.010000 15 261
49.010000 16 261
49.010000 17 227
49.010000 18 207
49.010000 19 261
49.010000 20 261
49.010000 21 223
49.010000 22 261
50.010000 0 199
50.010000 1 251
50.010000 2 251
50.010000 3 233
50.010000 4 218
50.010000 5 251
50.010000 6 215
50.010000 7 229
50.010000 8 251
50.010000 9 251
50.010000 10 219
50.010000 11 229
50.010000 12 251
50.010000 13 251
50.010000 14 233
50.010000 15 251
50.010000 16 251
50.010000 17 215
50.010000 18 199
50.010000 19 251
50.010000 20 251
50.010000 21 215
50.010000 22 251
51.010000 0 230
51.010000 1 292
51.010000 2 292
51.010000 3 272
51.010000 4 249
51.010000 5 292
51.010000 6 252
51.010000 7 270
51.010000 8 292
51.010000 9 292
51.010000 10 248
51.010000 11 271
51.010000 12 292
51.010000 13 292
51.010000 14 272
51.010000 15 292
51.010000 16 292
51.010000 17 252
51.010000 18 230
51.010000 19 292
51.010000 20 292
51.010000 21 252
51.010000 22 292
52.010000 0 193
52.010000 1 245
52.010000 2 245
52.010000 3 229
52.010000 4 209
52.010000 5 245
52.010000 6 213
52.010000 7 225
52.010000 8 245
52.010000 9 245
52.010000 10 209
52.010000 11 224
52.010000 12 245
52.010000 13 245
52.010000 14 227
52.010000 15 245
52.010000 16 245
52.010000 17 211
52.010000 18 193
52.010000 19 245
52.010000 20 245
52.010000 21 213
52.010000 22 245
53.010000 0 232
53.010000 1 296
53.010000 2 296
53.010000 3 276
53.010000 4 252
53.010000 5 296
53.010000 6 256
53.010000 7 274
53.010000 8 296
53.010000 9 296
53.010000 10 252
53.010000 11 274
53.010000 12 296
53.010000 13 296
53.010000 14 274
53.010000 15 296
53.010000 16 296
53.010000 17 254
53.010000 18 232
53.010000 19 296
53.010000 20 296
53.010000 21 256
53.010000 22 296
54.010000 0 216
54.010000 1 272
54.010000 2 272
54.010000 3 251
54.010000 4 235
54.010000 5 272
54.010000 6 232
54.010000 7 251
54.010000 8 272
54.010000 9 272
54.010000 10 236
54.010000 11 252
54.010000 12 272
54.010000 13 272
54.010000 14 254
54.010000 15 272
54.010000 16 272
54.010000 17 233
54.010000 18 216
54.010000 19 272
54.010000 20 272
54.010000 21 231
54.010000 22 272
55.010000 0 224
55.010000 1 288
55.010000 2 288
55.010000 3 268
55.010000 4 244
55.010000 5 288
55.010000 6 248
55.010000 7 270
55.010000 8 288
55.010000 9 288
55.010000 10 244
55.010000 11 270
55.010000 12 288
55.010000 13 288
55.010000 14 266
55.010000 15 288
55.010000 16 288
55.010000 17 246
55.010000 18 224
55.010000 19 288
55.010000 20 288
55.010000 21 248
55.010000 22 288
56.010000 0 222
56.010000 1 284
56.010000 2 284
56.010000 3 266
56.010000 4 240
56.010000 5 284
56.010000 6 248
56.010000 7 262
56.010000 8 284
56.010000 9 284
56.010000 10 240
56.010000 11 262
56.010000 12 284
56.010000 13 284
56.010000 14 262
56.010000 15 284
56.010000 16 284
56.010000 17 244
56.010000 18 222
56.010000 19 284
56.010000 20 284
56.010000 21 248
56.010000 22 284
57.010000 0 208
57.010000 1 264
57.010000 2 264
57.010000 3 244
57.010000 4 228
57.010000 5 264
57.010000 6 224
57.010000 7 246
57.010000 8 264
57.010000 9 264
57.010000 10 228
57.010000 11 246
57.010000 12 264
57.010000 13 264
57.010000 14 246
57.010000 15 264
57.010000 16 264
57.010000 17 226
57.010000 18 208
57.010000 19 264
57.010000 20 264
57.010000 21 224
57.010000 22 264
58.010000 0 228
58.010000 1 291
58.010000 2 291
58.010000 3 271
58.010000 4 247
58.010000 5 291
58.010000 6 251
58.010000 7 271
58.010000 8 291
58.010000 9 291
58.010000 10 247
58.010000 11 271
58.010000 12 291
58.010000 13 291
58.010000 14 269
58.010000 15 291
58.010000 16 291
58.010000 17 249
58.010000 18 228
58.010000 19 291
58.010000 20 291
58.010000 21 251
58.010000 22 291
59.010000 0 246
59.010000 1 317
59.010000 2 317
59.010000 3 295
59.010000 4 269
59.010000 5 317
59.010000 6 273
59.010000 7 297
59.010000 8 317
59.010000 9 317
59.010000 10 269
59.010000 11 297
59.010000 12 317
59.010000 13 317
59.010000 14 293
59.010000 15 317
59.010000 16 317
59.010000 17 271
59.010000 18 246
59.010000 19 317
59.010000 20 317
59.010000 21 273
59.010000 22 317
60.010000 0 216
60.010000 1 276
60.010000 2 276
60.010000 3 256
60.010000 4 236
60.010000 5 276
60.010000 6 236
60.010000 7 258
60.010000 8 276
60.010000 9 276
60.010000 10 236
60.010000 11 258
60.010000 12 276
60.010000 13 276
60.010000 14 256
60.010000 15 276
60.010000 16 276
60.010000 17 236
60.010000 18 216
60.010000 19 276
60.010000 20 276
60.010000 21 236
60.010000 22 276
61.010000 0 216
61.010000 1 275
61.010000 2 275
61.010000 3 255
61.010000 4 235
61.010000 5 275
61.010000 6 235
61.010000 7 257
61.010000 8 275
61.010000 9 275
61.010000 10 235
61.010000 11 257
61.010000 12 275
61.010000 13 275
61.010000 14 255
61.010000 15 275
61.010000 16 275
61.010000 17 235
61.010000 18 216
61.010000 19 275
61.010000 20 275
61.010000 21 235
61.010000 22 275
62.010000 0 202
62.010000 1 257
62.010000 2 257
62.010000 3 239
62.010000 4 221
62.010000 5 257
62.010000 6 221
62.010000 7 237
62.010000 8 257
62.010000 9 257
62.010000 10 221
62.010000 11 237
62.010000 12 257
62.010000 13 257
62.010000 14 239
62.010000 15 257
62.010000 16 257
62.010000 17 221
62.010000 18 202
62.010000 19 257
62.010000 20 257
62.010000 21 221
62.010000 22 257
63.010000 0 230
63.010000 1 292
63.010000 2 292
63.010000 3 270
63.010000 4 252
63.010000 5 292
63.010000 6 248
63.010000 7 272
63.010000 8 292
63.010000 9 292
63.010000 10 252
63.010000 11 272
63.010000 12 292
63.010000 13 292
63.010000 14 272
63.010000 15 292
63.010000 16 292
63.010000 17 250
63.010000 18 230
63.010000 19 292
63.010000 20 292
63.010000 21 248
63.010000 22 292
64.010000 0 220
64.010000 1 280
64.010000 2 280
64.010000 3 260
64.010000 4 240
64.010000 5 280
64.010000 6 240
64.010000 7 260
64.010000 8 280
64.010000 9 280
64.010000 10 240
64.010000 11 260
64.010000 12 280
64.010000 13 280
64.010000 14 260
64.010000 15 280
64.010000 16 280
64.010000 17 240
64.010000 18 220
64.010000 19 280
64.010000 20 280
64.010000 21 240
64.010000 22 280
65.010000 0 228
65.010000 1 292
65.010000 2 292
65.010000 3 272
65.010000 4 248
65.010000 5 292
65.010000 6 252
65.010000 7 272
65.010000 8 292
65.010000 9 292
65.010000 10 248
65.010000 11 272
65.010000 12 292
65.010000 13 292
65.010000 14 270
65.010000 15 292
65.010000 16 292
65.010000 17 250
65.010000 18 228
65.010000 19 292
65.010000 20 292
65.010000 21 252
65.010000 22 292
66.010000 0 230
66.010000 1 294
66.010000 2 294
66.010000 3 274
66.010000 4 250
66.010000 5 294
66.010000 6 254
66.010000 7 273
66.010000 8 294
66.010000 9 294
66.010000 10 250
66.010000 11 274
66.010000 12 294
66.010000 13 294
66.010000 14 272
66.010000 15 294
66.010000 16 294
66.010000 17 252
66.010000 18 230
66.010000 19 294
66.010000 20 294
66.010000 21 253
66.010000 22 294
67.010000 0 240
67.010000 1 304
67.010000 2 304
67.010000 3 280
67.010000 4 264
67.010000 5 304
67.010000 6 256
67.010000 7 284
67.010000 8 304
67.010000 9 304
67.010000 10 264
67.010000 11 284
67.010000 12 304
67.010000 13 304
67.010000 14 284
67.010000 15 304
67.010000 16 304
67.010000 17 260
67.010000 18 240
67.010000 19 304
67.010000 20 304
67.010000 21 256
67.010000 22 304
68.010000 0 200
68.010000 1 256
68.010000 2 256
68.010000 3 240
68.010000 4 216
68.010000 5 256
68.010000 6 224
68.010000 7 236
68.010000 8 256
68.010000 9 256
68.010000 10 216
68.010000 11 236
68.010000 12 256
68.010000 13 256
68.010000 14 236
68.010000 15 256
68.010000 16 256
68.010000 17 220
68.010000 18 200
68.010000 19 256
68.010000 20 256
68.010000 21 224
68.010000 22 256
69.010000 0 224
69.010000 1 284
69.010000 2 284
69.010000 3 264
69.010000 4 244
69.010000 5 284
69.010000 6 244
69.010000 7 262
69.010000 8 284
69.010000 9 284
69.010000 10 244
69.010000 11 262
69.010000 12 284
69.010000 13 284
69.010000 14 264
69.010000 15 284
69.010000 16 284
69.010000 17 244
69.010000 18 224
69.010000 19 284
69.010000 20 284
69.010000 21 244
69.010000 22 284
70.010000 0 194
70.010000 1 246
70.010000 2 246
70.010000 3 230
70.010000 4 210
70.010000 5 246
70.010000 6 214
70.010000 7 225
70.010000 8 246
70.010000 9 246
70.010000 10 210
70.010000 11 226
70.010000 12 246
70.010000 13 246
70.010000 14 228
70.010000 15 246
70.010000 16 246
70.010000 17 212
70.010000 18 194
70.010000 19 246
70.010000 20 246
70.010000 21 213
70.010000 22 246
71.010000 0 226
71.010000 1 286
71.010000 2 286
71.010000 3 265
71.010000 4 245
71.010000 5 286
71.010000 6 246
71.010000 7 264
71.010000 8 286
71.010000 9 286
71.010000 10 246
71.010000 11 264
71.010000 12 286
71.010000 13 286
71.010000 14 266
71.010000 15 286
71.010000 16 286
71.010000 17 245
71.010000 18 226
71.010000 19 286
71.010000 20 286
71.010000 21 246
71.010000 22 286
72.010000 0 210
72.010000 1 268
72.010000 2 268
72.010000 3 250
72.010000 4 228
72.010000 5 268
72.010000 6 232
72.010000 7 248
72.010000 8 268
72.010000 9 268
72.010000 10 228
72.010000 11 248
72.010000 12 268
72.010000 13 268
72.010000 14 248
72.010000 15 268
72.010000 16 268
72.010000 17 230
72.010000 18 210
72.010000 19 268
72.010000 20 268
72.010000 21 232
72.010000 22 268
73.010000 0 221
73.010000 1 283
73.010000 2 283
73.010000 3 263
73.010000 4 242
73.010000 5 283
73.010000 6 243
73.010000 7 263
73.010000 8 283
73.010000 9 283
73.010000 10 243
73.010000 11 263
73.010000 12 283
73.010000 13 283
73.010000 14 261
73.010000 15 283
73.010000 16 283
73.010000 17 241
73.010000 18 221
73.010000 19 283
73.010000 20 283
73.010000 21 243
73.010000 22 283
74.010000 0 241
74.010000 1 305
74.010000 2 305
74.010000 3 283
74.010000 4 262
74.010000 5 305
74.010000 6 261
74.010000 7 283
74.010000 8 305
74.010000 9 305
74.010000 10 261
74.010000 11 283
74.010000 12 305
74.010000 13 305
74.010000 14 285
74.010000 15 305
74.010000 16 305
74.010000 17 263
74.010000 18 241
74.010000 19 305
74.010000 20 305
74.010000 21 261
74.010000 22 305
75.010000 0 240
75.010000 1 308
75.010000 2 308
75.010000 3 288
75.010000 4 260
75.010000 5 308
75.010000 6 268
75.010000 7 286
75.010000 8 308
75.010000 9 308
75.010000 10 260
75.010000 11 286
75.010000 12 308
75.010000 13 308
75.010000 14 284
75.010000 15 308
75.010000 16 308
75.010000 17 264
75.010000 18 240
75.010000 19 308
75.010000 20 308
75.010000 21 268
75.010000 22 308
76.010000 0 210
76.010000 1 268
76.010000 2 268
76.010000 3 250
76.010000 4 228
76.010000 5 268
76.010000 6 232
76.010000 7 248
76.010000 8 268
76.010000 9 268
76.010000 10 228
76.010000 11 248
76.010000 12 268
76.010000 13 268
76.010000 14 248
76.010000 15 268
76.010000 16 268
76.010000 17 230
76.010000 18 210
76.010000 19 268
76.010000 20 268
76.010000 21 232
76.010000 22 268
77.010000 0 225
77.010000 1 287
77.010000 2 287
77.010000 3 263
77.010000 4 247
77.010000 5 287
77.010000 6 242
77.010000 7 271
77.010000 8 287
77.010000 9 287
77.010000 10 247
77.010000 11 271
77.010000 12 287
77.010000 13 287
77.010000 14 267
77.010000 15 287
77.010000 16 287
77.010000 17 243
77.010000 18 225
77.010000 19 287
77.010000 20 287
77.010000 21 243
77.010000 22 287
78.010000 0 241
78.010000 1 305
78.010000 2 305
78.010000 3 283
78.010000 4 265
78.010000 5 305
78.010000 6 258
78.010000 7 283
78.010000 8 305
78.010000 9 305
78.010000 10 265
78.010000 11 283
78.010000 12 305
78.010000 13 305
78.010000 14 285
78.010000 15 305
78.010000 16 305
78.010000 17 263
78.010000 18 241
78.010000 19 305
78.010000 20 305
78.010000 21 257
78.010000 22 305
79.010000 0 210
79.010000 1 268
79.010000 2 268
79.010000 3 250
79.010000 4 228
79.010000 5 268
79.010000 6 232
79.010000 7 248
79.010000 8 268
79.010000 9 268
79.010000 10 228
79.010000 11 248
79.010000 12 268
79.010000 13 268
79.010000 14 248
79.010000 15 268
79.010000 16 268
79.010000 17 230
79.010000 18 210
79.010000 19 268
79.010000 20 268
79.010000 21 232
79.010000 22 268
80.010000 0 217
80.010000 1 274
80.010000 2 274
80.010000 3 254
80.010000 4 237
80.010000 5 274
80.010000 6 234
80.010000 7 252
80.010000 8 274
80.010000 9 274
80.010000 10 238
80.010000 11 252
80.010000 12 274
80.010000 13 274
80.010000 14 255
80.010000 15 274
80.010000 16 274
80.010000 17 235
80.010000 18 217
80.010000 19 274
80.010000 20 274
80.010000 21 234
80.010000 22 274
81.010000 0 199
81.010000 1 253
81.010000 2 253
81.010000 3 237
81.010000 4 214
81.010000 5 253
81.010000 6 221
81.010000 7 233
81.010000 8 253
81.010000 9 253
81.010000 10 213
81.010000 11 233
81.010000 12 253
81.010000 13 253
81.010000 14 234
81.010000 15 253
81.010000 16 253
81.010000 17 218
81.010000 18 199
81.010000 19 253
81.010000 20 253
81.010000 21 221
81.010000 22 253
82.010000 0 206
82.010000 1 257
82.010000 2 257
82.010000 3 235
82.010000 4 229
82.010000 5 257
82.010000 6 213
82.010000 7 237
82.010000 8 257
82.010000 9 257
82.010000 10 229
82.010000 11 237
82.010000 12 257
82.010000 13 257
82.010000 14 243
82.010000 15 257
82.010000 16 257
82.010000 17 221
82.010000 18 206
82.010000 19 257
82.010000 20 257
82.010000 21 213
82.010000 22 257
83.010000 0 235
83.010000 1 299
83.010000 2 299
83.010000 3 277
83.010000 4 255
83.010000 5 299
83.010000 6 255
83.010000 7 279
83.010000 8 299
83.010000 9 299
83.010000 10 258
83.010000 11 279
83.010000 12 299
83.010000 13 299
83.010000 14 277
83.010000 15 299
83.010000 16 299
83.010000 17 255
83.010000 18 235
83.010000 19 299
83.010000 20 299
83.010000 21 255
83.010000 22 299
84.010000 0 247
84.010000 1 316
84.010000 2 316
84.010000 3 292
84.010000 4 272
84.010000 5 316
84.010000 6 268
84.010000 7 298
84.010000 8 316
84.010000 9 316
84.010000 10 269
84.010000 11 298
84.010000 12 316
84.010000 13 316
84.010000 14 294
84.010000 15 316
84.010000 16 316
84.010000 17 270
84.010000 18 247
84.010000 19 316
84.010000 20 316
84.010000 21 268
84.010000 22 316
85.010000 0 202
85.010000 1 257
85.010000 2 257
85.010000 3 239
85.010000 4 221
85.010000 5 257
85.010000 6 221
85.010000 7 237
85.010000 8 257
85.010000 9 257
85.010000 10 221
85.010000 11 237
85.010000 12 257
85.010000 13 257
85.010000 14 239
85.010000 15 257
85.010000 16 257
85.010000 17 221
85.010000 18 202
85.010000 19 257
85.010000 20 257
85.010000 21 221
85.010000 22 257
86.010000 0 229
86.010000 1 291
86.010000 2 291
86.010000 3 271
86.010000 4 247
86.010000 5 291
86.010000 6 250
86.010000 7 270
86.010000 8 291
86.010000 9 291
86.010000 10 247
86.010000 11 271
86.010000 12 291
86.010000 13 291
86.010000 14 269
86.010000 15 291
86.010000 16 291
86.010000 17 249
86.010000 18 229
86.010000 19 291
86.010000 20 291
86.010000 21 252
86.010000 22 291
87.010000 0 247
87.010000 1 313
87.010000 2 313
87.010000 3 289
87.010000 4 273
87.010000 5 313
87.010000 6 265
87.010000 7 290
87.010000 8 313
87.010000 9 313
87.010000 10 272
87.010000 11 291
87.010000 12 313
87.010000 13 313
87.010000 14 293
87.010000 15 313
87.010000 16 313
87.010000 17 269
87.010000 18 247
87.010000 19 313
87.010000 20 313
87.010000 21 264
87.010000 22 313
88.010000 0 209
88.010000 1 267
88.010000 2 267
88.010000 3 249
88.010000 4 226
88.010000 5 267
88.010000 6 233
88.010000 7 245
88.010000 8 267
88.010000 9 267
88.010000 10 227
88.010000 11 245
88.010000 12 267
88.010000 13 267
88.010000 14 245
88.010000 15 267
88.010000 16 267
88.010000 17 227
88.010000 18 209
88.010000 19 267
88.010000 20 267
88.010000 21 235
88.010000 22 267
89.010000 0 234
89.010000 1 294
89.010000 2 294
89.010000 3 272
89.010000 4 255
89.010000 5 294
89.010000 6 251
89.010000 7 271
89.010000 8 294
89.010000 9 294
89.010000 10 254
89.010000 11 272
89.010000 12 294
89.010000 13 294
89.010000 14 276
89.010000 15 294
89.010000 16 294
89.010000 17 254
89.010000 18 234
89.010000 19 294
89.010000 20 294
89.010000 21 249
89.010000 22 294
90.010000 0 219
90.010000 1 281
90.010000 2 281
90.010000 3 265
90.010000 4 237
90.010000 5 281
90.010000 6 246
90.010000 7 259
90.010000 8 281
90.010000 9 281
90.010000 10 237
90.010000 11 259
90.010000 12 281
90.010000 13 281
90.010000 14 259
90.010000 15 281
90.010000 16 281
90.010000 17 243
90.010000 18 219
90.010000 19 281
90.010000 20 281
90.010000 21 245
90.010000 22 281
91.010000 0 222
91.010000 1 288
91.010000 2 288
91.010000 3 270
91.010000 4 240
91.010000 5 288
91.010000 6 252
91.010000 7 270
91.010000 8 288
91.010000 9 288
91.010000 10 240
91.010000 11 270
91.010000 12 288
91.010000 13 288
91.010000 14 264
91.010000 15 288
91.010000 16 288
91.010000 17 246
91.010000 18 222
91.010000 19 288
91.010000 20 288
91.010000 21 252
91.010000 22 288
92.010000 0 210
92.010000 1 268
92.010000 2 268
92.010000 3 250
92.010000 4 228
92.010000 5 268
92.010000 6 232
92.010000 7 248
92.010000 8 268
92.010000 9 268
92.010000 10 228
92.010000 11 248
92.010000 12 268
92.010000 13 268
92.010000 14 248
92.010000 15 268
92.010000 16 268
92.010000 17 230
92.010000 18 210
92.010000 19 268
92.010000 20 268
92.010000 21 232
92.010000 22 268
93.010000 0 220
93.010000 1 280
93.010000 2 280
93.010000 3 260
93.010000 4 240
93.010000 5 280
93.010000 6 240
93.010000 7 260
93.010000 8 280
93.010000 9 280
93.010000 10 240
93.010000 11 260
93.010000 12 280
93.010000 13 280
93.010000 14 260
93.010000 15 280
93.010000 16 280
93.010000 17 240
93.010000 18 220
93.010000 19 280
93.010000 20 280
93.010000 21 240
93.010000 22 280
94.010000 0 222
94.010000 1 280
94.010000 2 280
94.010000 3 258
94.010000 4 244
94.010000 5 280
94.010000 6 236
94.010000 7 260
94.010000 8 280
94.010000 9 280
94.010000 10 244
94.010000 11 260
94.010000 12 280
94.010000 13 280
94.010000 14 262
94.010000 15 280
94.010000 16 280
94.010000 17 240
94.010000 18 222
94.010000 19 280
94.010000 20 280
94.010000 21 236
94.010000 22 280
95.010000 0 214
95.010000 1 272
95.010000 2 272
95.010000 3 254
95.010000 4 232
95.010000 5 272
95.010000 6 236
95.010000 7 250
95.010000 8 272
95.010000 9 272
95.010000 10 232
95.010000 11 250
95.010000 12 272
95.010000 13 272
95.010000 14 252
95.010000 15 272
95.010000 16 272
95.010000 17 234
95.010000 18 214
95.010000 19 272
95.010000 20 272
95.010000 21 236
95.010000 22 272
96.010000 0 240
96.010000 1 304
96.010000 2 304
96.010000 3 280
96.010000 4 264
96.010000 5 304
96.010000 6 256
96.010000 7 284
96.010000 8 304
96.010000 9 304
96.010000 10 264
96.010000 11 284
96.010000 12 304
96.010000 13 304
96.010000 14 284
96.010000 15 304
96.010000 16 304
96.010000 17 260
96.010000 18 240
96.010000 19 304
96.010000 20 304
96.010000 21 256
96.010000 22 304
97.010000 0 224
97.010000 1 284
97.010000 2 284
97.010000 3 264
97.010000 4 244
97.010000 5 284
97.010000 6 244
97.010000 7 262
97.010000 8 284
97.010000 9 284
97.010000 10 244
97.010000 11 262
97.010000 12 284
97.010000 13 284
97.010000 14 264
97.010000 15 284
97.010000 16 284
97.010000 17 244
97.010000 18 224
97.010000 19 284
97.010000 20 284
97.010000 21 244
97.010000 22 284
98.010000 0 204
98.010000 1 258
98.010000 2 258
98.010000 3 239
98.010000 4 221
98.010000 5 258
98.010000 6 222
98.010000 7 238
98.010000 8 258
98.010000 9 258
98.010000 10 222
98.010000 11 238
98.010000 12 258
98.010000 13 258
98.010000 14 240
98.010000 15 258
98.010000 16 258
98.010000 17 221
98.010000 18 204
98.010000 19 258
98.010000 20 258
98.010000 21 222
98.010000 22 258
99.010000 0 226
99.010000 1 287
99.010000 2 287
99.010000 3 265
99.010000 4 247
99.010000 5 287
99.010000 6 243
99.010000 7 269
99.010000 8 287
99.010000 9 287
99.010000 10 247
99.010000 11 269
99.010000 12 287
99.010000 13 287
99.010000 14 267
99.010000 15 287
99.010000 16 287
99.010000 17 245
99.010000 18 226
99.010000 19 287
99.010000 20 287
99.010000 21 243
99.010000 22 287
100.010000 0 242
100.010000 1 309
100.010000 2 309
100.010000 3 287
100.010000 4 265
100.010000 5 309
100.010000 6 265
100.010000 7 287
100.010000 8 309
100.010000 9 309
100.010000 10 265
100.010000 11 287
100.010000 12 309
100.010000 13 309
100.010000 14 287
100.010000 15 309
100.010000 16 309
100.010000 17 265
100.010000 18 242
100.010000 19 309
100.010000 20 309
100.010000 21 265
100.010000 22 309
101.010000 0 228
101.010000 1 292
101.010000 2 292
101.010000 3 272
101.010000 4 248
101.010000 5 292
101.010000 6 252
101.010000 7 272
101.010000 8 292
101.010000 9 292
101.010000 10 248
101.010000 11 272
101.010000 12 292
101.010000 13 292
101.010000 14 270
101.010000 15 292
101.010000 16 292
101.010000 17 250
101.010000 18 228
101.010000 19 292
101.010000 20 292
101.010000 21 252
101.010000 22 292
102.010000 0 230
102.010000 1 297
102.010000 2 297
102.010000 3 277
102.010000 4 249
102.010000 5 297
102.010000 6 256
102.010000 7 279
102.010000 8 297
102.010000 9 297
102.010000 10 252
102.010000 11 279
102.010000 12 297
102.010000 13 297
102.010000 14 272
102.010000 15 297
102.010000 16 297
102.010000 17 252
102.010000 18 230
102.010000 19 297
102.010000 20 297
102.010000 21 257
102.010000 22 297
103.010000 0 233
103.010000 1 294
103.010000 2 294
103.010000 3 274
103.010000 4 253
103.010000 5 294
103.010000 6 254
103.010000 7 270
103.010000 8 294
103.010000 9 294
103.010000 10 251
103.010000 11 270
103.010000 12 294
103.010000 13 294
103.010000 14 274
103.010000 15 294
103.010000 16 294
103.010000 17 254
103.010000 18 233
103.010000 19 294
103.010000 20 294
103.010000 21 253
103.010000 22 294
104.010000 0 209
104.010000 1 268
104.010000 2 268
104.010000 3 248
104.010000 4 228
104.010000 5 268
104.010000 6 228
104.010000 7 252
104.010000 8 268
104.010000 9 268
104.010000 10 228
104.010000 11 252
104.010000 12 268
104.010000 13 268
104.010000 14 248
104.010000 15 268
104.010000 16 268
104.010000 17 228
104.010000 18 209
104.010000 19 268
104.010000 20 268
104.010000 21 231
104.010000 22 268
105.010000 0 218
105.010000 1 276
105.010000 2 276
105.010000 3 256
105.010000 4 236
105.010000 5 276
105.010000 6 238
105.010000 7 254
105.010000 8 276
105.010000 9 276
105.010000 10 239
105.010000 11 254
105.010000 12 276
105.010000 13 276
105.010000 14 256
105.010000 15 276
105.010000 16 276
105.010000 17 236
105.010000 18 218
105.010000 19 276
105.010000 20 276
105.010000 21 237
105.010000 22 276
106.010000 0 213
106.010000 1 277
106.010000 2 277
106.010000 3 261
106.010000 4 233
106.010000 5 277
106.010000 6 243
106.010000 7 259
106.010000 8 277
106.010000 9 277
106.010000 10 230
106.010000 11 259
106.010000 12 277
106.010000 13 277
106.010000 14 255
106.010000 15 277
106.010000 16 277
106.010000 17 239
106.010000 18 213
106.010000 19 277
106.010000 20 277
106.010000 21 241
106.010000 22 277
107.010000 0 219
107.010000 1 282
107.010000 2 282
107.010000 3 263
107.010000 4 238
107.010000 5 282
107.010000 6 246
107.010000 7 262
107.010000 8 282
107.010000 9 282
107.010000 10 238
107.010000 11 262
107.010000 12 282
107.010000 13 282
107.010000 14 259
107.010000 15 282
107.010000 16 282
107.010000 17 240
107.010000 18 219
107.010000 19 282
107.010000 20 282
107.010000 21 246
107.010000 22 282
108.010000 0 209
108.010000 1 263
108.010000 2 263
108.010000 3 243
108.010000 4 227
108.010000 5 263
108.010000 6 223
108.010000 7 243
108.010000 8 263
108.010000 9 263
108.010000 10 227
108.010000 11 243
108.010000 12 263
108.010000 13 263
108.010000 14 245
108.010000 15 263
108.010000 16 263
108.010000 17 225
108.010000 18 209
108.010000 19 263
108.010000 20 263
108.010000 21 226
108.010000 22 263
109.010000 0 208
109.010000 1 258
109.010000 2 258
109.010000 3 239
109.010000 4 225
109.010000 5 258
109.010000 6 222
109.010000 7 232
109.010000 8 258
109.010000 9 258
109.010000 10 226
109.010000 11 232
109.010000 12 258
109.010000 13 258
109.010000 14 242
109.010000 15 258
109.010000 16 258
109.010000 17 223
109.010000 18 208
109.010000 19 258
109.010000 20 258
109.010000 21 222
109.010000 22 258
110.010000 0 236
110.010000 1 304
110.010000 2 304
110.010000 3 282
110.010000 4 260
110.010000 5 304
110.010000 6 260
110.010000 7 286
110.010000 8 304
110.010000 9 304
110.010000 10 260
110.010000 11 287
110.010000 12 304
110.010000 13 304
110.010000 14 282
110.010000 15 304
110.010000 16 304
110.010000 17 260
110.010000 18 236
110.010000 19 304
110.010000 20 304
110.010000 21 257
110.010000 22 304
111.010000 0 219
111.010000 1 273
111.010000 2 273
111.010000 3 251
111.010000 4 241
111.010000 5 273
111.010000 6 229
111.010000 7 251
111.010000 8 273
111.010000 9 273
111.010000 10 241
111.010000 11 250
111.010000 12 273
111.010000 13 273
111.010000 14 257
111.010000 15 273
111.010000 16 273
111.010000 17 235
111.010000 18 219
111.010000 19 273
111.010000 20 273
111.010000 21 229
111.010000 22 273
112.010000 0 223
112.010000 1 283
112.010000 2 283
112.010000 3 261
112.010000 4 243
112.010000 5 283
112.010000 6 242
112.010000 7 263
112.010000 8 283
112.010000 9 283
112.010000 10 243
112.010000 11 263
112.010000 12 283
112.010000 13 283
112.010000 14 263
112.010000 15 283
112.010000 16 283
112.010000 17 241
112.010000 18 223
112.010000 19 283
112.010000 20 283
112.010000 21 243
112.010000 22 283
113.010000 0 208
113.010000 1 268
113.010000 2 268
113.010000 3 252
113.010000 4 227
113.010000 5 268
113.010000 6 233
113.010000 7 248
113.010000 8 268
113.010000 9 268
113.010000 10 228
113.010000 11 248
113.010000 12 268
113.010000 13 268
113.010000 14 246
113.010000 15 268
113.010000 16 268
113.010000 17 230
113.010000 18 208
113.010000 19 268
113.010000 20 268
113.010000 21 232
113.010000 22 268
114.010000 0 216
114.010000 1 271
114.010000 2 271
114.010000 3 251
114.010000 4 236
114.010000 5 271
114.010000 6 230
114.010000 7 249
114.010000 8 271
114.010000 9 271
114.010000 10 235
114.010000 11 249
114.010000 12 271
114.010000 13 271
114.010000 14 254
114.010000 15 271
114.010000 16 271
114.010000 17 234
114.010000 18 216
114.010000 19 271
114.010000 20 271
114.010000 21 231
114.010000 22 271
115.010000 0 222
115.010000 1 280
115.010000 2 280
115.010000 3 258
115.010000 4 244
115.010000 5 280
115.010000 6 236
115.010000 7 260
115.010000 8 280
115.010000 9 280
115.010000 10 244
115.010000 11 260
115.010000 12 280
115.010000 13 280
115.010000 14 262
115.010000 15 280
115.010000 16 280
115.010000 17 240
115.010000 18 222
115.010000 19 280
115.010000 20 280
115.010000 21 236
115.010000 22 280
116.010000 0 212
116.010000 1 268
116.010000 2 268
116.010000 3 248
116.010000 4 232
116.010000 5 268
116.010000 6 228
116.010000 7 248
116.010000 8 268
116.010000 9 268
116.010000 10 232
116.010000 11 248
116.010000 12 268
116.010000 13 268
116.010000 14 250
116.010000 15 268
116.010000 16 268
116.010000 17 230
116.010000 18 212
116.010000 19 268
116.010000 20 268
116.010000 21 228
116.010000 22 268
117.010000 0 226
117.010000 1 290
117.010000 2 290
117.010000 3 270
117.010000 4 246
117.010000 5 290
117.010000 6 250
117.010000 7 271
117.010000 8 290
117.010000 9 290
117.010000 10 245
117.010000 11 272
117.010000 12 290
117.010000 13 290
117.010000 14 268
117.010000 15 290
117.010000 16 290
117.010000 17 248
117.010000 18 226
117.010000 19 290
117.010000 20 290
117.010000 21 250
117.010000 22 290
118.010000 0 214
118.010000 1 270
118.010000 2 270
118.010000 3 250
118.010000 4 234
118.010000 5 270
118.010000 6 230
118.010000 7 249
118.010000 8 270
118.010000 9 270
118.010000 10 234
118.010000 11 250
118.010000 12 270
118.010000 13 270
118.010000 14 252
118.010000 15 270
118.010000 16 270
118.010000 17 232
118.010000 18 214
118.010000 19 270
118.010000 20 270
118.010000 21 229
118.010000 22 270
119.010000 0 220
119.010000 1 280
119.010000 2 280
119.010000 3 260
119.010000 4 240
119.010000 5 280
119.010000 6 240
119.010000 7 260
119.010000 8 280
119.010000 9 280
119.010000 10 240
119.010000 11 260
119.010000 12 280
119.010000 13 280
119.010000 14 260
119.010000 15 280
119.010000 16 280
119.010000 17 240
119.010000 18 220
119.010000 19 280
119.010000 20 280
119.010000 21 240
119.010000 22 280
120.010000 0 230
120.010000 1 292
120.010000 2 292
120.010000 3 270
120.010000 4 252
120.010000 5 292
120.010000 6 248
120.010000 7 272
120.010000 8 292
120.010000 9 292
120.010000 10 252
120.010000 11 272
120.010000 12 292
120.010000 13 292
120.010000 14 272
120.010000 15 292
120.010000 16 292
120.010000 17 250
120.010000 18 230
120.010000 19 292
120.010000 20 292
120.010000 21 248
120.010000 22 292
121.010000 0 218
121.010000 1 276
121.010000 2 276
121.010000 3 258
121.010000 4 236
121.010000 5 276
121.010000 6 240
121.010000 7 252
121.010000 8 276
121.010000 9 276
121.010000 10 236
121.010000 11 252
121.010000 12 276
121.010000 13 276
121.010000 14 256
121.010000 15 276
121.010000 16 276
121.010000 17 238
121.010000 18 218
121.010000 19 276
121.010000 20 276
121.010000 21 240
121.010000 22 276
122.010000 0 225
122.010000 1 287
122.010000 2 287
122.010000 3 267
122.010000 4 243
122.010000 5 287
122.010000 6 250
122.010000 7 265
122.010000 8 287
122.010000 9 287
122.010000 10 243
122.010000 11 265
122.010000 12 287
122.010000 13 287
122.010000 14 265
122.010000 15 287
122.010000 16 287
122.010000 17 245
122.010000 18 225
122.010000 19 287
122.010000 20 287
122.010000 21 251
122.010000 22 287
123.010000 0 235
123.010000 1 301
123.010000 2 301
123.010000 3 281
123.010000 4 257
123.010000 5 301
123.010000 6 258
123.010000 7 281
123.010000 8 301
123.010000 9 301
123.010000 10 257
123.010000 11 281
123.010000 12 301
123.010000 13 301
123.010000 14 279
123.010000 15 301
123.010000 16 301
123.010000 17 259
123.010000 18 235
123.010000 19 301
123.010000 20 301
123.010000 21 257
123.010000 22 301
124.010000 0 245
124.010000 1 311
124.010000 2 311
124.010000 3 287
124.010000 4 267
124.010000 5 311
124.010000 6 266
124.010000 7 289
124.010000 8 311
124.010000 9 311
124.010000 10 267
124.010000 11 289
124.010000 12 311
124.010000 13 311
124.010000 14 289
124.010000 15 311
124.010000 16 311
124.010000 17 265
124.010000 18 245
124.010000 19 311
124.010000 20 311
124.010000 21 267
124.010000 22 311
125.010000 0 258
125.010000 1 332
125.010000 2 332
125.010000 3 310
125.010000 4 283
125.010000 5 332
125.010000 6 285
125.010000 7 310
125.010000 8 332
125.010000 9 332
125.010000 10 284
125.010000 11 310
125.010000 12 332
125.010000 13 332
125.010000 14 306
125.010000 15 332
125.010000 16 332
125.010000 17 284
125.010000 18 258
125.010000 19 332
125.010000 20 332
125.010000 21 284
125.010000 22 332
126.010000 0 223
126.010000 1 285
126.010000 2 285
126.010000 3 265
126.010000 4 242
126.010000 5 285
126.010000 6 245
126.010000 7 267
126.010000 8 285
126.010000 9 285
126.010000 10 241
126.010000 11 267
126.010000 12 285
126.010000 13 285
126.010000 14 265
126.010000 15 285
126.010000 16 285
126.010000 17 245
126.010000 18 223
126.010000 19 285
126.010000 20 285
126.010000 21 245
126.010000 22 285
127.010000 0 230
127.010000 1 293
127.010000 2 293
127.010000 3 272
127.010000 4 248
127.010000 5 293
127.010000 6 253
127.010000 7 273
127.010000 8 293
127.010000 9 293
127.010000 10 249
127.010000 11 273
127.010000 12 293
127.010000 13 293
127.010000 14 271
127.010000 15 293
127.010000 16 293
127.010000 17 250
127.010000 18 230
127.010000 19 293
127.010000 20 293
127.010000 21 253
127.010000 22 293
128.010000 0 192
128.010000 1 248
128.010000 2 248
128.010000 3 232
128.010000 4 208
128.010000 5 248
128.010000 6 216
128.010000 7 232
128.010000 8 248
128.010000 9 248
128.010000 10 208
128.010000 11 232
128.010000 12 248
128.010000 13 248
128.010000 14 228
128.010000 15 248
128.010000 16 248
128.010000 17 212
128.010000 18 192
128.010000 19 248
128.010000 20 248
128.010000 21 216
128.010000 22 248
129.010000 0 207
129.010000 1 264
129.010000 2 264
129.010000 3 246
129.010000 4 224
129.010000 5 264
129.010000 6 228
129.010000 7 244
129.010000 8 264
129.010000 9 264
129.010000 10 224
129.010000 11 244
129.010000 12 264
129.010000 13 264
129.010000 14 244
129.010000 15 264
129.010000 16 264
129.010000 17 226
129.010000 18 207
129.010000 19 264
129.010000 20 264
129.010000 21 231
129.010000 22 264
130.010000 0 238
130.010000 1 304
130.010000 2 304
130.010000 3 282
130.010000 4 260
130.010000 5 304
130.010000 6 260
130.010000 7 284
130.010000 8 304
130.010000 9 304
130.010000 10 260
130.010000 11 284
130.010000 12 304
130.010000 13 304
130.010000 14 282
130.010000 15 304
130.010000 16 304
130.010000 17 260
130.010000 18 238
130.010000 19 304
130.010000 20 304
130.010000 21 260
130.010000 22 304
131.010000 0 210
131.010000 1 264
131.010000 2 264
131.010000 3 242
131.010000 4 232
131.010000 5 264
131.010000 6 223
131.010000 7 244
131.010000 8 264
131.010000 9 264
131.010000 10 232
131.010000 11 244
131.010000 12 264
131.010000 13 264
131.010000 14 248
131.010000 15 264
131.010000 16 264
131.010000 17 226
131.010000 18 210
131.010000 19 264
131.010000 20 264
131.010000 21 221
131.010000 22 264
132.010000 0 217
132.010000 1 273
132.010000 2 273
132.010000 3 255
132.010000 4 237
132.010000 5 273
132.010000 6 234
132.010000 7 249
132.010000 8 273
132.010000 9 273
132.010000 10 237
132.010000 11 249
132.010000 12 273
132.010000 13 273
132.010000 14 255
132.010000 15 273
132.010000 16 273
132.010000 17 237
132.010000 18 217
132.010000 19 273
132.010000 20 273
132.010000 21 233
132.010000 22 273
133.010000 0 217
133.010000 1 275
133.010000 2 275
133.010000 3 257
133.010000 4 235
133.010000 5 275
133.010000 6 239
133.010000 7 251
133.010000 8 275
133.010000 9 275
133.010000 10 235
133.010000 11 252
133.010000 12 275
133.010000 13 275
133.010000 14 255
133.010000 15 275
133.010000 16 275
133.010000 17 237
133.010000 18 217
133.010000 19 275
133.010000 20 275
133.010000 21 239
133.010000 22 275
134.010000 0 207
134.010000 1 261
134.010000 2 261
134.010000 3 243
134.010000 4 225
134.010000 5 261
134.010000 6 225
134.010000 7 239
134.010000 8 261
134.010000 9 261
134.010000 10 225
134.010000 11 238
134.010000 12 261
134.010000 13 261
134.010000 14 243
134.010000 15 261
134.010000 16 261
134.010000 17 225
134.010000 18 207
134.010000 19 261
134.010000 20 261
134.010000 21 225
134.010000 22 261
135.010000 0 190
135.010000 1 240
135.010000 2 240
135.010000 3 222
135.010000 4 208
135.010000 5 240
135.010000 6 204
135.010000 7 222
135.010000 8 240
135.010000 9 240
135.010000 10 208
135.010000 11 222
135.010000 12 240
135.010000 13 240
135.010000 14 224
135.010000 15 240
135.010000 16 240
135.010000 17 206
135.010000 18 190
135.010000 19 240
135.010000 20 240
135.010000 21 204
135.010000 22 240
136.010000 0 237
136.010000 1 304
136.010000 2 304
136.010000 3 284
136.010000 4 256
136.010000 5 304
136.010000 6 264
136.010000 7 283
136.010000 8 304
136.010000 9 304
136.010000 10 256
136.010000 11 284
136.010000 12 304
136.010000 13 304
136.010000 14 280
136.010000 15 304
136.010000 16 304
136.010000 17 260
136.010000 18 237
136.010000 19 304
136.010000 20 304
136.010000 21 264
136.010000 22 304
137.010000 0 229
137.010000 1 293
137.010000 2 293
137.010000 3 273
137.010000 4 249
137.010000 5 293
137.010000 6 253
137.010000 7 273
137.010000 8 293
137.010000 9 293
137.010000 10 248
137.010000 11 273
137.010000 12 293
137.010000 13 293
137.010000 14 271
137.010000 15 293
137.010000 16 293
137.010000 17 251
137.010000 18 229
137.010000 19 293
137.010000 20 293
137.010000 21 253
137.010000 22 293
138.010000 0 223
138.010000 1 280
138.010000 2 280
138.010000 3 256
138.010000 4 248
138.010000 5 280
138.010000 6 232
138.010000 7 260
138.010000 8 280
138.010000 9 280
138.010000 10 248
138.010000 11 261
138.010000 12 280
138.010000 13 280
138.010000 14 264
138.010000 15 280
138.010000 16 280
138.010000 17 240
138.010000 18 223
138.010000 19 280
138.010000 20 280
138.010000 21 232
138.010000 22 280
139.010000 0 209
139.010000 1 265
139.010000 2 265
139.010000 3 245
139.010000 4 229
139.010000 5 265
139.010000 6 225
139.010000 7 247
139.010000 8 265
139.010000 9 265
139.010000 10 229
139.010000 11 246
139.010000 12 265
139.010000 13 265
139.010000 14 247
139.010000 15 265
139.010000 16 265
139.010000 17 227
139.010000 18 209
139.010000 19 265
139.010000 20 265
139.010000 21 225
139.010000 22 265
140.010000 0 212
140.010000 1 268
140.010000 2 268
140.010000 3 248
140.010000 4 232
140.010000 5 268
140.010000 6 228
140.010000 7 248
140.010000 8 268
140.010000 9 268
140.010000 10 232
140.010000 11 248
140.010000 12 268
140.010000 13 268
140.010000 14 250
140.010000 15 268
140.010000 16 268
140.010000 17 230
140.010000 18 212
140.010000 19 268
140.010000 20 268
140.010000 21 228
140.010000 22 268
141.010000 0 214
141.010000 1 271
141.010000 2 271
141.010000 3 253
141.010000 4 231
141.010000 5 271
141.010000 6 235
141.010000 7 249
141.010000 8 271
141.010000 9 271
141.010000 10 231
141.010000 11 249
141.010000 12 271
141.010000 13 271
141.010000 14 251
141.010000 15 271
141.010000 16 271
141.010000 17 233
141.010000 18 214
141.010000 19 271
141.010000 20 271
141.010000 21 235
141.010000 22 271
142.010000 0 216
142.010000 1 273
142.010000 2 273
142.010000 3 253
142.010000 4 237
142.010000 5 273
142.010000 6 233
142.010000 7 251
142.010000 8 273
142.010000 9 273
142.010000 10 237
142.010000 11 251
142.010000 12 273
142.010000 13 273
142.010000 14 255
142.010000 15 273
142.010000 16 273
142.010000 17 235
142.010000 18 216
142.010000 19 273
142.010000 20 273
142.010000 21 233
142.010000 22 273
143.010000 0 237
143.010000 1 299
143.010000 2 299
143.010000 3 277
143.010000 4 255
143.010000 5 299
143.010000 6 255
143.010000 7 277
143.010000 8 299
143.010000 9 299
143.010000 10 257
143.010000 11 277
143.010000 12 299
143.010000 13 299
143.010000 14 277
143.010000 15 299
143.010000 16 299
143.010000 17 255
143.010000 18 237
143.010000 19 299
143.010000 20 299
143.010000 21 258
143.010000 22 299
144.010000 0 225
144.010000 1 289
144.010000 2 289
144.010000 3 269
144.010000 4 249
144.010000 5 289
144.010000 6 249
144.010000 7 269
144.010000 8 289
144.010000 9 289
144.010000 10 247
144.010000 11 269
144.010000 12 289
144.010000 13 289
144.010000 14 269
144.010000 15 289
144.010000 16 289
144.010000 17 249
144.010000 18 225
144.010000 19 289
144.010000 20 289
144.010000 21 246
144.010000 22 289
145.010000 0 231
145.010000 1 285
145.010000 2 285
145.010000 3 261
145.010000 4 253
145.010000 5 285
145.010000 6 237
145.010000 7 261
145.010000 8 285
145.010000 9 285
145.010000 10 253
145.010000 11 261
145.010000 12 285
145.010000 13 285
145.010000 14 269
145.010000 15 285
145.010000 16 285
145.010000 17 245
145.010000 18 231
145.010000 19 285
145.010000 20 285
145.010000 21 238
145.010000 22 285
146.010000 0 221
146.010000 1 283
146.010000 2 283
146.010000 3 263
146.010000 4 243
146.010000 5 283
146.010000 6 243
146.010000 7 263
146.010000 8 283
146.010000 9 283
146.010000 10 243
146.010000 11 263
146.010000 12 283
146.010000 13 283
146.010000 14 263
146.010000 15 283
146.010000 16 283
146.010000 17 243
146.010000 18 221
146.010000 19 283
146.010000 20 283
146.010000 21 242
146.010000 22 283
147.010000 0 229
147.010000 1 289
147.010000 2 289
147.010000 3 267
147.010000 4 252
147.010000 5 289
147.010000 6 245
147.010000 7 266
147.010000 8 289
147.010000 9 289
147.010000 10 253
147.010000 11 267
147.010000 12 289
147.010000 13 289
147.010000 14 269
147.010000 15 289
147.010000 16 289
147.010000 17 247
147.010000 18 229
147.010000 19 289
147.010000 20 289
147.010000 21 244
147.010000 22 289
148.010000 0 240
148.010000 1 303
148.010000 2 303
148.010000 3 281
148.010000 4 260
148.010000 5 303
148.010000 6 259
148.010000 7 281
148.010000 8 303
148.010000 9 303
148.010000 10 259
148.010000 11 281
148.010000 12 303
148.010000 13 303
148.010000 14 283
148.010000 15 303
148.010000 16 303
148.010000 17 261
148.010000 18 240
148.010000 19 303
148.010000 20 303
148.010000 21 260
148.010000 22 303
149.010000 0 221
149.010000 1 282
149.010000 2 282
149.010000 3 262
149.010000 4 242
149.010000 5 282
149.010000 6 242
149.010000 7 262
149.010000 8 282
149.010000 9 282
149.010000 10 242
149.010000 11 262
149.010000 12 282
149.010000 13 282
149.010000 14 262
149.010000 15 282
149.010000 16 282
149.010000 17 242
149.010000 18 221
149.010000 19 282
149.010000 20 282
149.010000 21 241
149.010000 22 282
