0.010000 0 19
0.010000 1 22
0.010000 2 22
0.010000 3 17
0.010000 4 19
0.010000 5 22
0.010000 6 19
0.010000 7 20
0.010000 8 22
0.010000 9 22
0.010000 10 22
0.010000 11 22
0.010000 12 22
0.010000 13 22
0.010000 14 21
0.010000 15 22
0.010000 16 22
0.010000 17 16
0.010000 18 21
0.010000 19 22
0.010000 20 21
0.010000 21 22
0.010000 22 22
0.010000 23 21
0.010000 24 22
0.010000 25 17
0.010000 26 22
0.010000 27 21
1.010000 0 1255
1.010000 1 1373
1.010000 2 1249
1.010000 3 1338
1.010000 4 1378
1.010000 5 1337
1.010000 6 1389
1.010000 7 1350
1.010000 8 1378
1.010000 9 1344
1.010000 10 1332
1.010000 11 1369
1.010000 12 1345
1.010000 13 1368
1.010000 14 1334
1.010000 15 1308
1.010000 16 1339
1.010000 17 1306
1.010000 18 1336
1.010000 19 1332
1.010000 20 1354
1.010000 21 1378
1.010000 22 1346
1.010000 23 1373
1.010000 24 1362
1.010000 25 1381
1.010000 26 1377
1.010000 27 1363
2.010000 0 1325
2.010000 1 1382
2.010000 2 1332
2.010000 3 1369
2.010000 4 1334
2.010000 5 1350
2.010000 6 1380
2.010000 7 1309
2.010000 8 1370
2.010000 9 1377
2.010000 10 1337
2.010000 11 1349
2.010000 12 1381
2.010000 13 1384
2.010000 14 1375
2.010000 15 1332
2.010000 16 1406
2.010000 17 1343
2.010000 18 1361
2.010000 19 1385
2.010000 20 1360
2.010000 21 1349
2.010000 22 1356
2.010000 23 1348
2.010000 24 1331
2.010000 25 1359
2.010000 26 1389
2.010000 27 1390
3.010000 0 1294
3.010000 1 1366
3.010000 2 1236
3.010000 3 1360
3.010000 4 1333
3.010000 5 1335
3.010000 6 1354
3.010000 7 1335
3.010000 8 1364
3.010000 9 1355
3.010000 10 1328
3.010000 11 1390
3.010000 12 1331
3.010000 13 1342
3.010000 14 1353
3.010000 15 1305
3.010000 16 1357
3.010000 17 1327
3.010000 18 1334
3.010000 19 1317
3.010000 20 1375
3.010000 21 1344
3.010000 22 1311
3.010000 23 1336
3.010000 24 1354
3.010000 25 1340
3.010000 26 1356
3.010000 27 1351
4.010000 0 1076
4.010000 1 1191
4.010000 2 1149
4.010000 3 1171
4.010000 4 1219
4.010000 5 1184
4.010000 6 1228
4.010000 7 1206
4.010000 8 1177
4.010000 9 1205
4.010000 10 1204
4.010000 11 1190
4.010000 12 1196
4.010000 13 1178
4.010000 14 1154
4.010000 15 1161
4.010000 16 1175
4.010000 17 1149
4.010000 18 1181
4.010000 19 1197
4.010000 20 1187
4.010000 21 1192
4.010000 22 1167
4.010000 23 1184
4.010000 24 1193
4.010000 25 1187
4.010000 26 1201
4.010000 27 1200
5.010000 0 1196
5.010000 1 1282
5.010000 2 1188
5.010000 3 1266
5.010000 4 1266
5.010000 5 1274
5.010000 6 1291
5.010000 7 1250
5.010000 8 1278
5.010000 9 1266
5.010000 10 1240
5.010000 11 1294
5.010000 12 1252
5.010000 13 1249
5.010000 14 1267
5.010000 15 1250
5.010000 16 1290
5.010000 17 1256
5.010000 18 1269
5.010000 19 1255
5.010000 20 1247
5.010000 21 1262
5.010000 22 1251
5.010000 23 1253
5.010000 24 1226
5.010000 25 1254
5.010000 26 1271
5.010000 27 1273
6.010000 0 1311
6.010000 1 1396
6.010000 2 1297
6.010000 3 1374
6.010000 4 1374
6.010000 5 1374
6.010000 6 1396
6.010000 7 1368
6.010000 8 1392
6.010000 9 1388
6.010000 10 1353
6.010000 11 1395
6.010000 12 1372
6.010000 13 1373
6.010000 14 1372
6.010000 15 1347
6.010000 16 1390
6.010000 17 1345
6.010000 18 1373
6.010000 19 1369
6.010000 20 1406
6.010000 21 1382
6.010000 22 1373
6.010000 23 1371
6.010000 24 1373
6.010000 25 1369
6.010000 26 1390
6.010000 27 1387
7.010000 0 1317
7.010000 1 1404
7.010000 2 1303
7.010000 3 1392
7.010000 4 1384
7.010000 5 1379
7.010000 6 1397
7.010000 7 1370
7.010000 8 1397
7.010000 9 1392
7.010000 10 1322
7.010000 11 1399
7.010000 12 1379
7.010000 13 1379
7.010000 14 1376
7.010000 15 1355
7.010000 16 1408
7.010000 17 1365
7.010000 18 1378
7.010000 19 1379
7.010000 20 1398
7.010000 21 1387
7.010000 22 1377
7.010000 23 1376
7.010000 24 1413
7.010000 25 1380
7.010000 26 1393
7.010000 27 1394
8.010000 0 1244
8.010000 1 1341
8.010000 2 1240
8.010000 3 1328
8.010000 4 1321
8.010000 5 1311
8.010000 6 1338
8.010000 7 1302
8.010000 8 1333
8.010000 9 1357
8.010000 10 1332
8.010000 11 1330
8.010000 12 1312
8.010000 13 1312
8.010000 14 1323
8.010000 15 1285
8.010000 16 1329
8.010000 17 1316
8.010000 18 1324
8.010000 19 1312
8.010000 20 1291
8.010000 21 1319
8.010000 22 1305
8.010000 23 1311
8.010000 24 1309
8.010000 25 1299
8.010000 26 1330
8.010000 27 1333
9.010000 0 1267
9.010000 1 1360
9.010000 2 1273
9.010000 3 1330
9.010000 4 1344
9.010000 5 1336
9.010000 6 1361
9.010000 7 1330
9.010000 8 1360
9.010000 9 1357
9.010000 10 1326
9.010000 11 1357
9.010000 12 1346
9.010000 13 1335
9.010000 14 1345
9.010000 15 1309
9.010000 16 1359
9.010000 17 1299
9.010000 18 1333
9.010000 19 1335
9.010000 20 1348
9.010000 21 1370
9.010000 22 1335
9.010000 23 1337
9.010000 24 1339
9.010000 25 1330
9.010000 26 1352
9.010000 27 1355
10.010000 0 1396
10.010000 1 1499
10.010000 2 1394
10.010000 3 1476
10.010000 4 1480
10.010000 5 1473
10.010000 6 1496
10.010000 7 1463
10.010000 8 1495
10.010000 9 1489
10.010000 10 1456
10.010000 11 1488
10.010000 12 1474
10.010000 13 1462
10.010000 14 1486
10.010000 15 1448
10.010000 16 1487
10.010000 17 1463
10.010000 18 1462
10.010000 19 1471
10.010000 20 1481
10.010000 21 1451
10.010000 22 1465
10.010000 23 1467
10.010000 24 1474
10.010000 25 1472
10.010000 26 1493
10.010000 27 1491
11.010000 0 1214
11.010000 1 1285
11.010000 2 1189
11.010000 3 1276
11.010000 4 1267
11.010000 5 1257
11.010000 6 1283
11.010000 7 1258
11.010000 8 1280
11.010000 9 1282
11.010000 10 1248
11.010000 11 1277
11.010000 12 1259
11.010000 13 1262
11.010000 14 1272
11.010000 15 1228
11.010000 16 1286
11.010000 17 1245
11.010000 18 1260
11.010000 19 1261
11.010000 20 1271
11.010000 21 1297
11.010000 22 1261
11.010000 23 1283
11.010000 24 1234
11.010000 25 1267
11.010000 26 1277
11.010000 27 1304
12.010000 0 1305
12.010000 1 1408
12.010000 2 1309
12.010000 3 1366
12.010000 4 1387
12.010000 5 1388
12.010000 6 1406
12.010000 7 1373
12.010000 8 1405
12.010000 9 1401
12.010000 10 1364
12.010000 11 1404
12.010000 12 1382
12.010000 13 1376
12.010000 14 1376
12.010000 15 1363
12.010000 16 1395
12.010000 17 1332
12.010000 18 1390
12.010000 19 1383
12.010000 20 1389
12.010000 21 1391
12.010000 22 1382
12.010000 23 1380
12.010000 24 1410
12.010000 25 1380
12.010000 26 1400
12.010000 27 1401
13.010000 0 1178
13.010000 1 1254
13.010000 2 1180
13.010000 3 1229
13.010000 4 1242
13.010000 5 1234
13.010000 6 1269
13.010000 7 1225
13.010000 8 1252
13.010000 9 1262
13.010000 10 1219
13.010000 11 1248
13.010000 12 1226
13.010000 13 1229
13.010000 14 1246
13.010000 15 1207
13.010000 16 1248
13.010000 17 1204
13.010000 18 1231
13.010000 19 1245
13.010000 20 1242
13.010000 21 1259
13.010000 22 1221
13.010000 23 1228
13.010000 24 1234
13.010000 25 1198
13.010000 26 1243
13.010000 27 1249
14.010000 0 1261
14.010000 1 1368
14.010000 2 1277
14.010000 3 1340
14.010000 4 1346
14.010000 5 1366
14.010000 6 1364
14.010000 7 1342
14.010000 8 1374
14.010000 9 1361
14.010000 10 1326
14.010000 11 1364
14.010000 12 1348
14.010000 13 1340
14.010000 14 1355
14.010000 15 1348
14.010000 16 1340
14.010000 17 1310
14.010000 18 1321
14.010000 19 1349
14.010000 20 1371
14.010000 21 1348
14.010000 22 1341
14.010000 23 1340
14.010000 24 1352
14.010000 25 1344
14.010000 26 1365
14.010000 27 1363
15.010000 0 1156
15.010000 1 1264
15.010000 2 1133
15.010000 3 1223
15.010000 4 1222
15.010000 5 1203
15.010000 6 1237
15.010000 7 1223
15.010000 8 1232
15.010000 9 1251
15.010000 10 1200
15.010000 11 1226
15.010000 12 1215
15.010000 13 1212
15.010000 14 1226
15.010000 15 1180
15.010000 16 1254
15.010000 17 1210
15.010000 18 1223
15.010000 19 1216
15.010000 20 1232
15.010000 21 1227
15.010000 22 1216
15.010000 23 1214
15.010000 24 1217
15.010000 25 1227
15.010000 26 1231
15.010000 27 1236
16.010000 0 1414
16.010000 1 1460
16.010000 2 1388
16.010000 3 1450
16.010000 4 1487
16.010000 5 1465
16.010000 6 1476
16.010000 7 1442
16.010000 8 1358
16.010000 9 1462
16.010000 10 1437
16.010000 11 1356
16.010000 12 1448
16.010000 13 1461
16.010000 14 1467
16.010000 15 1445
16.010000 16 1465
16.010000 17 1441
16.010000 18 1475
16.010000 19 1451
16.010000 20 1467
16.010000 21 1444
16.010000 22 1451
16.010000 23 1434
16.010000 24 1426
16.010000 25 1448
16.010000 26 1487
16.010000 27 1453
17.010000 0 1397
17.010000 1 1439
17.010000 2 1405
17.010000 3 1465
17.010000 4 1452
17.010000 5 1439
17.010000 6 1463
17.010000 7 1433
17.010000 8 1403
17.010000 9 1461
17.010000 10 1440
17.010000 11 1383
17.010000 12 1460
17.010000 13 1438
17.010000 14 1441
17.010000 15 1438
17.010000 16 1457
17.010000 17 1434
17.010000 18 1438
17.010000 19 1474
17.010000 20 1447
17.010000 21 1423
17.010000 22 1391
17.010000 23 1441
17.010000 24 1397
17.010000 25 1453
17.010000 26 1436
17.010000 27 1463
18.010000 0 1402
18.010000 1 1385
18.010000 2 1306
18.010000 3 1415
18.010000 4 1393
18.010000 5 1402
18.010000 6 1405
18.010000 7 1410
18.010000 8 1335
18.010000 9 1395
18.010000 10 1378
18.010000 11 1347
18.010000 12 1394
18.010000 13 1386
18.010000 14 1429
18.010000 15 1389
18.010000 16 1396
18.010000 17 1409
18.010000 18 1417
18.010000 19 1383
18.010000 20 1414
18.010000 21 1361
18.010000 22 1322
18.010000 23 1390
18.010000 24 1315
18.010000 25 1407
18.010000 26 1405
18.010000 27 1424
19.010000 0 1429
19.010000 1 1432
19.010000 2 1336
19.010000 3 1466
19.010000 4 1415
19.010000 5 1403
19.010000 6 1463
19.010000 7 1429
19.010000 8 1274
19.010000 9 1457
19.010000 10 1407
19.010000 11 1275
19.010000 12 1405
19.010000 13 1426
19.010000 14 1462
19.010000 15 1351
19.010000 16 1437
19.010000 17 1456
19.010000 18 1435
19.010000 19 1378
19.010000 20 1425
19.010000 21 1419
19.010000 22 1397
19.010000 23 1403
19.010000 24 1384
19.010000 25 1453
19.010000 26 1423
19.010000 27 1441
20.010000 0 1461
20.010000 1 1578
20.010000 2 1523
20.010000 3 1560
20.010000 4 1555
20.010000 5 1535
20.010000 6 1564
20.010000 7 1537
20.010000 8 1468
20.010000 9 1585
20.010000 10 1524
20.010000 11 1459
20.010000 12 1559
20.010000 13 1547
20.010000 14 1536
20.010000 15 1523
20.010000 16 1567
20.010000 17 1553
20.010000 18 1563
20.010000 19 1596
20.010000 20 1563
20.010000 21 1548
20.010000 22 1522
20.010000 23 1560
20.010000 24 1560
20.010000 25 1517
20.010000 26 1559
20.010000 27 1564
21.010000 0 1335
21.010000 1 1481
21.010000 2 1415
21.010000 3 1430
21.010000 4 1463
21.010000 5 1456
21.010000 6 1487
21.010000 7 1458
21.010000 8 1318
21.010000 9 1486
21.010000 10 1455
21.010000 11 1339
21.010000 12 1438
21.010000 13 1467
21.010000 14 1456
21.010000 15 1392
21.010000 16 1471
21.010000 17 1411
21.010000 18 1470
21.010000 19 1456
21.010000 20 1476
21.010000 21 1478
21.010000 22 1449
21.010000 23 1468
21.010000 24 1447
21.010000 25 1487
21.010000 26 1466
21.010000 27 1498
22.010000 0 1430
22.010000 1 1476
22.010000 2 1485
22.010000 3 1489
22.010000 4 1475
22.010000 5 1493
22.010000 6 1505
22.010000 7 1467
22.010000 8 1403
22.010000 9 1531
22.010000 10 1466
22.010000 11 1385
22.010000 12 1506
22.010000 13 1470
22.010000 14 1486
22.010000 15 1459
22.010000 16 1502
22.010000 17 1458
22.010000 18 1474
22.010000 19 1491
22.010000 20 1480
22.010000 21 1466
22.010000 22 1432
22.010000 23 1484
22.010000 24 1417
22.010000 25 1466
22.010000 26 1499
22.010000 27 1538
23.010000 0 1327
23.010000 1 1380
23.010000 2 1318
23.010000 3 1405
23.010000 4 1397
23.010000 5 1414
23.010000 6 1417
23.010000 7 1379
23.010000 8 1328
23.010000 9 1404
23.010000 10 1372
23.010000 11 1341
23.010000 12 1383
23.010000 13 1394
23.010000 14 1378
23.010000 15 1391
23.010000 16 1410
23.010000 17 1378
23.010000 18 1372
23.010000 19 1361
23.010000 20 1388
23.010000 21 1376
23.010000 22 1358
23.010000 23 1404
23.010000 24 1353
23.010000 25 1387
23.010000 26 1415
23.010000 27 1438
24.010000 0 1517
24.010000 1 1533
24.010000 2 1548
24.010000 3 1555
24.010000 4 1545
24.010000 5 1578
24.010000 6 1557
24.010000 7 1565
24.010000 8 1519
24.010000 9 1519
24.010000 10 1516
24.010000 11 1542
24.010000 12 1557
24.010000 13 1550
24.010000 14 1558
24.010000 15 1570
24.010000 16 1569
24.010000 17 1547
24.010000 18 1565
24.010000 19 1590
24.010000 20 1560
24.010000 21 1506
24.010000 22 1463
24.010000 23 1536
24.010000 24 1478
24.010000 25 1537
24.010000 26 1558
24.010000 27 1489
25.010000 0 1684
25.010000 1 1752
25.010000 2 1684
25.010000 3 1744
25.010000 4 1766
25.010000 5 1789
25.010000 6 1785
25.010000 7 1737
25.010000 8 1786
25.010000 9 1786
25.010000 10 1759
25.010000 11 1769
25.010000 12 1739
25.010000 13 1771
25.010000 14 1735
25.010000 15 1748
25.010000 16 1796
25.010000 17 1662
25.010000 18 1733
25.010000 19 1753
25.010000 20 1801
25.010000 21 1755
25.010000 22 1716
25.010000 23 1755
25.010000 24 1721
25.010000 25 1774
25.010000 26 1805
25.010000 27 1739
26.010000 0 1414
26.010000 1 1457
26.010000 2 1450
26.010000 3 1491
26.010000 4 1471
26.010000 5 1469
26.010000 6 1525
26.010000 7 1488
26.010000 8 1461
26.010000 9 1511
26.010000 10 1518
26.010000 11 1447
26.010000 12 1485
26.010000 13 1504
26.010000 14 1498
26.010000 15 1435
26.010000 16 1502
26.010000 17 1483
26.010000 18 1492
26.010000 19 1512
26.010000 20 1494
26.010000 21 1463
26.010000 22 1401
26.010000 23 1486
26.010000 24 1392
26.010000 25 1512
26.010000 26 1473
26.010000 27 1510
27.010000 0 1351
27.010000 1 1457
27.010000 2 1361
27.010000 3 1433
27.010000 4 1437
27.010000 5 1407
27.010000 6 1455
27.010000 7 1445
27.010000 8 1433
27.010000 9 1444
27.010000 10 1400
27.010000 11 1426
27.010000 12 1424
27.010000 13 1438
27.010000 14 1442
27.010000 15 1385
27.010000 16 1450
27.010000 17 1420
27.010000 18 1433
27.010000 19 1466
27.010000 20 1451
27.010000 21 1370
27.010000 22 1317
27.010000 23 1457
27.010000 24 1379
27.010000 25 1443
27.010000 26 1461
27.010000 27 1459
28.010000 0 1320
28.010000 1 1354
28.010000 2 1323
28.010000 3 1381
28.010000 4 1423
28.010000 5 1438
28.010000 6 1439
28.010000 7 1437
28.010000 8 1462
28.010000 9 1429
28.010000 10 1396
28.010000 11 1420
28.010000 12 1400
28.010000 13 1416
28.010000 14 1422
28.010000 15 1410
28.010000 16 1417
28.010000 17 1373
28.010000 18 1412
28.010000 19 1371
28.010000 20 1410
28.010000 21 1388
28.010000 22 1339
28.010000 23 1402
28.010000 24 1293
28.010000 25 1411
28.010000 26 1420
28.010000 27 1425
29.010000 0 1508
29.010000 1 1547
29.010000 2 1391
29.010000 3 1539
29.010000 4 1545
29.010000 5 1524
29.010000 6 1586
29.010000 7 1537
29.010000 8 1511
29.010000 9 1548
29.010000 10 1543
29.010000 11 1576
29.010000 12 1550
29.010000 13 1534
29.010000 14 1577
29.010000 15 1511
29.010000 16 1543
29.010000 17 1536
29.010000 18 1569
29.010000 19 1477
29.010000 20 1538
29.010000 21 1491
29.010000 22 1430
29.010000 23 1560
29.010000 24 1475
29.010000 25 1578
29.010000 26 1562
29.010000 27 1582
30.010000 0 1479
30.010000 1 1600
30.010000 2 1553
30.010000 3 1638
30.010000 4 1608
30.010000 5 1599
30.010000 6 1645
30.010000 7 1607
30.010000 8 1591
30.010000 9 1633
30.010000 10 1608
30.010000 11 1556
30.010000 12 1595
30.010000 13 1595
30.010000 14 1532
30.010000 15 1549
30.010000 16 1640
30.010000 17 1529
30.010000 18 1534
30.010000 19 1627
30.010000 20 1625
30.010000 21 1596
30.010000 22 1555
30.010000 23 1623
30.010000 24 1538
30.010000 25 1611
30.010000 26 1642
30.010000 27 1637
31.010000 0 1448
31.010000 1 1467
31.010000 2 1437
31.010000 3 1487
31.010000 4 1525
31.010000 5 1539
31.010000 6 1511
31.010000 7 1514
31.010000 8 1540
31.010000 9 1536
31.010000 10 1522
31.010000 11 1510
31.010000 12 1543
31.010000 13 1545
31.010000 14 1497
31.010000 15 1523
31.010000 16 1540
31.010000 17 1418
31.010000 18 1483
31.010000 19 1494
31.010000 20 1557
31.010000 21 1535
31.010000 22 1481
31.010000 23 1509
31.010000 24 1478
31.010000 25 1518
31.010000 26 1556
31.010000 27 1529
32.010000 0 1414
32.010000 1 1451
32.010000 2 1414
32.010000 3 1503
32.010000 4 1484
32.010000 5 1445
32.010000 6 1486
32.010000 7 1457
32.010000 8 1419
32.010000 9 1511
32.010000 10 1443
32.010000 11 1485
32.010000 12 1498
32.010000 13 1465
32.010000 14 1459
32.010000 15 1442
32.010000 16 1487
32.010000 17 1501
32.010000 18 1479
32.010000 19 1448
32.010000 20 1471
32.010000 21 1410
32.010000 22 1342
32.010000 23 1464
32.010000 24 1373
32.010000 25 1473
32.010000 26 1476
32.010000 27 1518
33.010000 0 1579
33.010000 1 1653
33.010000 2 1594
33.010000 3 1669
33.010000 4 1672
33.010000 5 1658
33.010000 6 1688
33.010000 7 1669
33.010000 8 1642
33.010000 9 1739
33.010000 10 1658
33.010000 11 1610
33.010000 12 1686
33.010000 13 1679
33.010000 14 1651
33.010000 15 1641
33.010000 16 1692
33.010000 17 1617
33.010000 18 1651
33.010000 19 1674
33.010000 20 1685
33.010000 21 1674
33.010000 22 1619
33.010000 23 1677
33.010000 24 1594
33.010000 25 1679
33.010000 26 1698
33.010000 27 1657
34.010000 0 1310
34.010000 1 1432
34.010000 2 1373
34.010000 3 1425
34.010000 4 1432
34.010000 5 1480
34.010000 6 1444
34.010000 7 1434
34.010000 8 1423
34.010000 9 1490
34.010000 10 1402
34.010000 11 1388
34.010000 12 1410
34.010000 13 1425
34.010000 14 1419
34.010000 15 1424
34.010000 16 1446
34.010000 17 1405
34.010000 18 1425
34.010000 19 1399
34.010000 20 1437
34.010000 21 1405
34.010000 22 1347
34.010000 23 1424
34.010000 24 1376
34.010000 25 1435
34.010000 26 1441
34.010000 27 1455
35.010000 0 1355
35.010000 1 1389
35.010000 2 1302
35.010000 3 1419
35.010000 4 1429
35.010000 5 1352
35.010000 6 1424
35.010000 7 1387
35.010000 8 1373
35.010000 9 1450
35.010000 10 1391
35.010000 11 1382
35.010000 12 1385
35.010000 13 1412
35.010000 14 1431
35.010000 15 1315
35.010000 16 1412
35.010000 17 1412
35.010000 18 1419
35.010000 19 1377
35.010000 20 1407
35.010000 21 1392
35.010000 22 1341
35.010000 23 1402
35.010000 24 1329
35.010000 25 1426
35.010000 26 1406
35.010000 27 1424
36.010000 0 1342
36.010000 1 1494
36.010000 2 1520
36.010000 3 1488
36.010000 4 1523
36.010000 5 1524
36.010000 6 1511
36.010000 7 1494
36.010000 8 1495
36.010000 9 1498
36.010000 10 1477
36.010000 11 1472
36.010000 12 1540
36.010000 13 1498
36.010000 14 1458
36.010000 15 1518
36.010000 16 1510
36.010000 17 1454
36.010000 18 1471
36.010000 19 1536
36.010000 20 1501
36.010000 21 1501
36.010000 22 1404
36.010000 23 1502
36.010000 24 1421
36.010000 25 1513
36.010000 26 1520
36.010000 27 1512
37.010000 0 1679
37.010000 1 1706
37.010000 2 1538
37.010000 3 1672
37.010000 4 1675
37.010000 5 1672
37.010000 6 1686
37.010000 7 1664
37.010000 8 1653
37.010000 9 1630
37.010000 10 1649
37.010000 11 1655
37.010000 12 1647
37.010000 13 1669
37.010000 14 1723
37.010000 15 1662
37.010000 16 1691
37.010000 17 1671
37.010000 18 1701
37.010000 19 1658
37.010000 20 1711
37.010000 21 1598
37.010000 22 1606
37.010000 23 1658
37.010000 24 1661
37.010000 25 1687
37.010000 26 1699
37.010000 27 1684
38.010000 0 1589
38.010000 1 1626
38.010000 2 1517
38.010000 3 1601
38.010000 4 1662
38.010000 5 1588
38.010000 6 1653
38.010000 7 1612
38.010000 8 1590
38.010000 9 1602
38.010000 10 1621
38.010000 11 1601
38.010000 12 1620
38.010000 13 1625
38.010000 14 1637
38.010000 15 1559
38.010000 16 1653
38.010000 17 1588
38.010000 18 1661
38.010000 19 1643
38.010000 20 1648
38.010000 21 1649
38.010000 22 1617
38.010000 23 1619
38.010000 24 1600
38.010000 25 1628
38.010000 26 1657
38.010000 27 1645
39.010000 0 1403
39.010000 1 1549
39.010000 2 1480
39.010000 3 1523
39.010000 4 1560
39.010000 5 1529
39.010000 6 1570
39.010000 7 1532
39.010000 8 1532
39.010000 9 1531
39.010000 10 1531
39.010000 11 1529
39.010000 12 1543
39.010000 13 1516
39.010000 14 1526
39.010000 15 1518
39.010000 16 1538
39.010000 17 1508
39.010000 18 1535
39.010000 19 1581
39.010000 20 1521
39.010000 21 1501
39.010000 22 1475
39.010000 23 1528
39.010000 24 1482
39.010000 25 1539
39.010000 26 1572
39.010000 27 1554
40.010000 0 1609
40.010000 1 1654
40.010000 2 1558
40.010000 3 1613
40.010000 4 1644
40.010000 5 1643
40.010000 6 1671
40.010000 7 1639
40.010000 8 1573
40.010000 9 1690
40.010000 10 1621
40.010000 11 1581
40.010000 12 1589
40.010000 13 1655
40.010000 14 1673
40.010000 15 1559
40.010000 16 1672
40.010000 17 1610
40.010000 18 1688
40.010000 19 1612
40.010000 20 1679
40.010000 21 1644
40.010000 22 1600
40.010000 23 1645
40.010000 24 1590
40.010000 25 1652
40.010000 26 1683
40.010000 27 1693
41.010000 0 1398
41.010000 1 1505
41.010000 2 1466
41.010000 3 1490
41.010000 4 1501
41.010000 5 1512
41.010000 6 1516
41.010000 7 1489
41.010000 8 1438
41.010000 9 1550
41.010000 10 1458
41.010000 11 1454
41.010000 12 1536
41.010000 13 1504
41.010000 14 1462
41.010000 15 1509
41.010000 16 1549
41.010000 17 1432
41.010000 18 1465
41.010000 19 1505
41.010000 20 1503
41.010000 21 1495
41.010000 22 1458
41.010000 23 1504
41.010000 24 1471
41.010000 25 1499
41.010000 26 1514
41.010000 27 1533
42.010000 0 1372
42.010000 1 1455
42.010000 2 1342
42.010000 3 1487
42.010000 4 1471
42.010000 5 1434
42.010000 6 1482
42.010000 7 1464
42.010000 8 1431
42.010000 9 1516
42.010000 10 1447
42.010000 11 1418
42.010000 12 1487
42.010000 13 1447
42.010000 14 1422
42.010000 15 1422
42.010000 16 1446
42.010000 17 1426
42.010000 18 1413
42.010000 19 1442
42.010000 20 1462
42.010000 21 1418
42.010000 22 1415
42.010000 23 1456
42.010000 24 1427
42.010000 25 1478
42.010000 26 1505
42.010000 27 1487
43.010000 0 1515
43.010000 1 1547
43.010000 2 1404
43.010000 3 1539
43.010000 4 1549
43.010000 5 1533
43.010000 6 1547
43.010000 7 1521
43.010000 8 1448
43.010000 9 1519
43.010000 10 1528
43.010000 11 1449
43.010000 12 1515
43.010000 13 1539
43.010000 14 1571
43.010000 15 1496
43.010000 16 1546
43.010000 17 1538
43.010000 18 1555
43.010000 19 1488
43.010000 20 1542
43.010000 21 1498
43.010000 22 1486
43.010000 23 1521
43.010000 24 1474
43.010000 25 1536
43.010000 26 1551
43.010000 27 1553
44.010000 0 1455
44.010000 1 1520
44.010000 2 1444
44.010000 3 1508
44.010000 4 1560
44.010000 5 1520
44.010000 6 1557
44.010000 7 1525
44.010000 8 1504
44.010000 9 1506
44.010000 10 1554
44.010000 11 1526
44.010000 12 1519
44.010000 13 1546
44.010000 14 1552
44.010000 15 1502
44.010000 16 1545
44.010000 17 1500
44.010000 18 1551
44.010000 19 1524
44.010000 20 1543
44.010000 21 1524
44.010000 22 1492
44.010000 23 1547
44.010000 24 1495
44.010000 25 1562
44.010000 26 1559
44.010000 27 1558
45.010000 0 1464
45.010000 1 1456
45.010000 2 1464
45.010000 3 1500
45.010000 4 1504
45.010000 5 1517
45.010000 6 1522
45.010000 7 1496
45.010000 8 1493
45.010000 9 1518
45.010000 10 1488
45.010000 11 1531
45.010000 12 1493
45.010000 13 1507
45.010000 14 1517
45.010000 15 1481
45.010000 16 1521
45.010000 17 1491
45.010000 18 1519
45.010000 19 1505
45.010000 20 1509
45.010000 21 1436
45.010000 22 1376
45.010000 23 1501
45.010000 24 1369
45.010000 25 1515
45.010000 26 1533
45.010000 27 1532
46.010000 0 1291
46.010000 1 1342
46.010000 2 1373
46.010000 3 1360
46.010000 4 1348
46.010000 5 1373
46.010000 6 1369
46.010000 7 1344
46.010000 8 1316
46.010000 9 1372
46.010000 10 1319
46.010000 11 1223
46.010000 12 1373
46.010000 13 1336
46.010000 14 1343
46.010000 15 1366
46.010000 16 1363
46.010000 17 1335
46.010000 18 1340
46.010000 19 1390
46.010000 20 1336
46.010000 21 1330
46.010000 22 1286
46.010000 23 1341
46.010000 24 1260
46.010000 25 1340
46.010000 26 1359
46.010000 27 1336
47.010000 0 1184
47.010000 1 1195
47.010000 2 1214
47.010000 3 1234
47.010000 4 1227
47.010000 5 1242
47.010000 6 1262
47.010000 7 1216
47.010000 8 1185
47.010000 9 1241
47.010000 10 1233
47.010000 11 1189
47.010000 12 1222
47.010000 13 1231
47.010000 14 1233
47.010000 15 1199
47.010000 16 1260
47.010000 17 1232
47.010000 18 1250
47.010000 19 1230
47.010000 20 1248
47.010000 21 1181
47.010000 22 1108
47.010000 23 1225
47.010000 24 1125
47.010000 25 1224
47.010000 26 1240
47.010000 27 1256
48.010000 0 1450
48.010000 1 1445
48.010000 2 1345
48.010000 3 1459
48.010000 4 1464
48.010000 5 1426
48.010000 6 1484
48.010000 7 1454
48.010000 8 1425
48.010000 9 1462
48.010000 10 1450
48.010000 11 1421
48.010000 12 1455
48.010000 13 1455
48.010000 14 1495
48.010000 15 1412
48.010000 16 1475
48.010000 17 1453
48.010000 18 1478
48.010000 19 1454
48.010000 20 1491
48.010000 21 1410
48.010000 22 1417
48.010000 23 1465
48.010000 24 1403
48.010000 25 1425
48.010000 26 1490
48.010000 27 1468
49.010000 0 1576
49.010000 1 1690
49.010000 2 1443
49.010000 3 1678
49.010000 4 1729
49.010000 5 1604
49.010000 6 1688
49.010000 7 1714
49.010000 8 1639
49.010000 9 1694
49.010000 10 1675
49.010000 11 1619
49.010000 12 1651
49.010000 13 1657
49.010000 14 1655
49.010000 15 1582
49.010000 16 1696
49.010000 17 1638
49.010000 18 1661
49.010000 19 1625
49.010000 20 1698
49.010000 21 1646
49.010000 22 1628
49.010000 23 1665
49.010000 24 1650
49.010000 25 1710
49.010000 26 1703
49.010000 27 1721
50.010000 0 1316
50.010000 1 1383
50.010000 2 1399
50.010000 3 1374
50.010000 4 1434
50.010000 5 1419
50.010000 6 1428
50.010000 7 1429
50.010000 8 1381
50.010000 9 1425
50.010000 10 1419
50.010000 11 1386
50.010000 12 1429
50.010000 13 1407
50.010000 14 1406
50.010000 15 1403
50.010000 16 1424
50.010000 17 1356
50.010000 18 1406
50.010000 19 1433
50.010000 20 1414
50.010000 21 1394
50.010000 22 1312
50.010000 23 1410
50.010000 24 1311
50.010000 25 1399
50.010000 26 1420
50.010000 27 1418
51.010000 0 1454
51.010000 1 1492
51.010000 2 1415
51.010000 3 1515
51.010000 4 1452
51.010000 5 1491
51.010000 6 1505
51.010000 7 1466
51.010000 8 1407
51.010000 9 1497
51.010000 10 1475
51.010000 11 1419
51.010000 12 1514
51.010000 13 1502
51.010000 14 1502
51.010000 15 1462
51.010000 16 1497
51.010000 17 1510
51.010000 18 1498
51.010000 19 1459
51.010000 20 1473
51.010000 21 1466
51.010000 22 1431
51.010000 23 1472
51.010000 24 1458
51.010000 25 1514
51.010000 26 1515
51.010000 27 1481
52.010000 0 1141
52.010000 1 1223
52.010000 2 1184
52.010000 3 1193
52.010000 4 1220
52.010000 5 1236
52.010000 6 1230
52.010000 7 1203
52.010000 8 1086
52.010000 9 1218
52.010000 10 1180
52.010000 11 1085
52.010000 12 1258
52.010000 13 1245
52.010000 14 1228
52.010000 15 1234
52.010000 16 1218
52.010000 17 1191
52.010000 18 1218
52.010000 19 1211
52.010000 20 1228
52.010000 21 1197
52.010000 22 1231
52.010000 23 1235
52.010000 24 1212
52.010000 25 1218
52.010000 26 1224
52.010000 27 1225
53.010000 0 1657
53.010000 1 1791
53.010000 2 1553
53.010000 3 1787
53.010000 4 1795
53.010000 5 1709
53.010000 6 1770
53.010000 7 1761
53.010000 8 1701
53.010000 9 1774
53.010000 10 1779
53.010000 11 1678
53.010000 12 1659
53.010000 13 1721
53.010000 14 1729
53.010000 15 1675
53.010000 16 1751
53.010000 17 1726
53.010000 18 1728
53.010000 19 1739
53.010000 20 1777
53.010000 21 1758
53.010000 22 1760
53.010000 23 1760
53.010000 24 1789
53.010000 25 1755
53.010000 26 1794
53.010000 27 1799
54.010000 0 1505
54.010000 1 1563
54.010000 2 1537
54.010000 3 1546
54.010000 4 1546
54.010000 5 1595
54.010000 6 1574
54.010000 7 1534
54.010000 8 1473
54.010000 9 1574
54.010000 10 1529
54.010000 11 1513
54.010000 12 1556
54.010000 13 1574
54.010000 14 1569
54.010000 15 1552
54.010000 16 1568
54.010000 17 1542
54.010000 18 1567
54.010000 19 1555
54.010000 20 1551
54.010000 21 1544
54.010000 22 1425
54.010000 23 1572
54.010000 24 1511
54.010000 25 1551
54.010000 26 1559
54.010000 27 1572
55.010000 0 1487
55.010000 1 1527
55.010000 2 1502
55.010000 3 1530
55.010000 4 1534
55.010000 5 1522
55.010000 6 1541
55.010000 7 1514
55.010000 8 1465
55.010000 9 1538
55.010000 10 1481
55.010000 11 1446
55.010000 12 1543
55.010000 13 1528
55.010000 14 1537
55.010000 15 1508
55.010000 16 1540
55.010000 17 1527
55.010000 18 1567
55.010000 19 1529
55.010000 20 1525
55.010000 21 1511
55.010000 22 1440
55.010000 23 1516
55.010000 24 1466
55.010000 25 1523
55.010000 26 1535
55.010000 27 1534
56.010000 0 1482
56.010000 1 1454
56.010000 2 1441
56.010000 3 1504
56.010000 4 1524
56.010000 5 1471
56.010000 6 1526
56.010000 7 1505
56.010000 8 1540
56.010000 9 1510
56.010000 10 1505
56.010000 11 1477
56.010000 12 1529
56.010000 13 1486
56.010000 14 1523
56.010000 15 1441
56.010000 16 1517
56.010000 17 1500
56.010000 18 1529
56.010000 19 1493
56.010000 20 1507
56.010000 21 1458
56.010000 22 1422
56.010000 23 1496
56.010000 24 1376
56.010000 25 1499
56.010000 26 1509
56.010000 27 1509
57.010000 0 1605
57.010000 1 1783
57.010000 2 1639
57.010000 3 1753
57.010000 4 1764
57.010000 5 1726
57.010000 6 1813
57.010000 7 1764
57.010000 8 1701
57.010000 9 1780
57.010000 10 1740
57.010000 11 1736
57.010000 12 1753
57.010000 13 1728
57.010000 14 1731
57.010000 15 1709
57.010000 16 1772
57.010000 17 1727
57.010000 18 1748
57.010000 19 1760
57.010000 20 1780
57.010000 21 1726
57.010000 22 1676
57.010000 23 1782
57.010000 24 1703
57.010000 25 1767
57.010000 26 1780
57.010000 27 1804
58.010000 0 1468
58.010000 1 1541
58.010000 2 1412
58.010000 3 1518
58.010000 4 1559
58.010000 5 1547
58.010000 6 1561
58.010000 7 1524
58.010000 8 1539
58.010000 9 1542
58.010000 10 1515
58.010000 11 1546
58.010000 12 1501
58.010000 13 1516
58.010000 14 1551
58.010000 15 1531
58.010000 16 1540
58.010000 17 1505
58.010000 18 1528
58.010000 19 1532
58.010000 20 1537
58.010000 21 1547
58.010000 22 1485
58.010000 23 1518
58.010000 24 1481
58.010000 25 1532
58.010000 26 1558
58.010000 27 1553
59.010000 0 1477
59.010000 1 1605
59.010000 2 1534
59.010000 3 1589
59.010000 4 1592
59.010000 5 1565
59.010000 6 1587
59.010000 7 1582
59.010000 8 1498
59.010000 9 1610
59.010000 10 1601
59.010000 11 1479
59.010000 12 1601
59.010000 13 1606
59.010000 14 1525
59.010000 15 1550
59.010000 16 1612
59.010000 17 1485
59.010000 18 1527
59.010000 19 1605
59.010000 20 1631
59.010000 21 1582
59.010000 22 1545
59.010000 23 1591
59.010000 24 1609
59.010000 25 1605
59.010000 26 1607
59.010000 27 1592
60.010000 0 1480
60.010000 1 1546
60.010000 2 1433
60.010000 3 1523
60.010000 4 1531
60.010000 5 1530
60.010000 6 1545
60.010000 7 1516
60.010000 8 1383
60.010000 9 1539
60.010000 10 1505
60.010000 11 1392
60.010000 12 1502
60.010000 13 1536
60.010000 14 1538
60.010000 15 1473
60.010000 16 1540
60.010000 17 1511
60.010000 18 1543
60.010000 19 1489
60.010000 20 1540
60.010000 21 1533
60.010000 22 1512
60.010000 23 1549
60.010000 24 1492
60.010000 25 1527
60.010000 26 1532
60.010000 27 1543
61.010000 0 1447
61.010000 1 1573
61.010000 2 1496
61.010000 3 1523
61.010000 4 1558
61.010000 5 1557
61.010000 6 1580
61.010000 7 1551
61.010000 8 1472
61.010000 9 1578
61.010000 10 1567
61.010000 11 1457
61.010000 12 1545
61.010000 13 1537
61.010000 14 1556
61.010000 15 1512
61.010000 16 1574
61.010000 17 1500
61.010000 18 1556
61.010000 19 1554
61.010000 20 1570
61.010000 21 1558
61.010000 22 1558
61.010000 23 1598
61.010000 24 1554
61.010000 25 1561
61.010000 26 1572
61.010000 27 1575
62.010000 0 1523
62.010000 1 1571
62.010000 2 1482
62.010000 3 1572
62.010000 4 1579
62.010000 5 1563
62.010000 6 1582
62.010000 7 1552
62.010000 8 1518
62.010000 9 1574
62.010000 10 1521
62.010000 11 1548
62.010000 12 1546
62.010000 13 1565
62.010000 14 1587
62.010000 15 1536
62.010000 16 1619
62.010000 17 1565
62.010000 18 1578
62.010000 19 1565
62.010000 20 1570
62.010000 21 1545
62.010000 22 1505
62.010000 23 1551
62.010000 24 1504
62.010000 25 1559
62.010000 26 1580
62.010000 27 1579
63.010000 0 1439
63.010000 1 1481
63.010000 2 1469
63.010000 3 1484
63.010000 4 1481
63.010000 5 1486
63.010000 6 1504
63.010000 7 1469
63.010000 8 1368
63.010000 9 1495
63.010000 10 1467
63.010000 11 1330
63.010000 12 1506
63.010000 13 1477
63.010000 14 1500
63.010000 15 1478
63.010000 16 1545
63.010000 17 1477
63.010000 18 1502
63.010000 19 1520
63.010000 20 1492
63.010000 21 1513
63.010000 22 1465
63.010000 23 1477
63.010000 24 1470
63.010000 25 1501
63.010000 26 1510
63.010000 27 1500
64.010000 0 1496
64.010000 1 1586
64.010000 2 1541
64.010000 3 1581
64.010000 4 1600
64.010000 5 1605
64.010000 6 1611
64.010000 7 1594
64.010000 8 1569
64.010000 9 1616
64.010000 10 1580
64.010000 11 1579
64.010000 12 1588
64.010000 13 1613
64.010000 14 1550
64.010000 15 1573
64.010000 16 1610
64.010000 17 1502
64.010000 18 1565
64.010000 19 1609
64.010000 20 1610
64.010000 21 1559
64.010000 22 1566
64.010000 23 1591
64.010000 24 1567
64.010000 25 1592
64.010000 26 1654
64.010000 27 1612
65.010000 0 1502
65.010000 1 1587
65.010000 2 1571
65.010000 3 1576
65.010000 4 1595
65.010000 5 1615
65.010000 6 1609
65.010000 7 1572
65.010000 8 1539
65.010000 9 1605
65.010000 10 1567
65.010000 11 1524
65.010000 12 1614
65.010000 13 1591
65.010000 14 1604
65.010000 15 1615
65.010000 16 1583
65.010000 17 1569
65.010000 18 1589
65.010000 19 1612
65.010000 20 1594
65.010000 21 1579
65.010000 22 1535
65.010000 23 1587
65.010000 24 1549
65.010000 25 1588
65.010000 26 1595
65.010000 27 1603
66.010000 0 1443
66.010000 1 1575
66.010000 2 1530
66.010000 3 1550
66.010000 4 1585
66.010000 5 1605
66.010000 6 1588
66.010000 7 1567
66.010000 8 1578
66.010000 9 1590
66.010000 10 1582
66.010000 11 1563
66.010000 12 1556
66.010000 13 1574
66.010000 14 1519
66.010000 15 1552
66.010000 16 1560
66.010000 17 1470
66.010000 18 1522
66.010000 19 1575
66.010000 20 1585
66.010000 21 1559
66.010000 22 1530
66.010000 23 1572
66.010000 24 1532
66.010000 25 1559
66.010000 26 1565
66.010000 27 1573
67.010000 0 1445
67.010000 1 1499
67.010000 2 1415
67.010000 3 1513
67.010000 4 1542
67.010000 5 1500
67.010000 6 1562
67.010000 7 1536
67.010000 8 1600
67.010000 9 1548
67.010000 10 1542
67.010000 11 1554
67.010000 12 1544
67.010000 13 1527
67.010000 14 1482
67.010000 15 1487
67.010000 16 1551
67.010000 17 1435
67.010000 18 1517
67.010000 19 1518
67.010000 20 1547
67.010000 21 1533
67.010000 22 1467
67.010000 23 1526
67.010000 24 1457
67.010000 25 1542
67.010000 26 1562
67.010000 27 1540
68.010000 0 1530
68.010000 1 1630
68.010000 2 1467
68.010000 3 1638
68.010000 4 1656
68.010000 5 1577
68.010000 6 1661
68.010000 7 1620
68.010000 8 1640
68.010000 9 1637
68.010000 10 1602
68.010000 11 1632
68.010000 12 1599
68.010000 13 1615
68.010000 14 1637
68.010000 15 1536
68.010000 16 1614
68.010000 17 1636
68.010000 18 1614
68.010000 19 1580
68.010000 20 1621
68.010000 21 1549
68.010000 22 1516
68.010000 23 1619
68.010000 24 1556
68.010000 25 1637
68.010000 26 1637
68.010000 27 1671
69.010000 0 1704
69.010000 1 1745
69.010000 2 1703
69.010000 3 1769
69.010000 4 1771
69.010000 5 1778
69.010000 6 1790
69.010000 7 1754
69.010000 8 1688
69.010000 9 1790
69.010000 10 1754
69.010000 11 1757
69.010000 12 1769
69.010000 13 1773
69.010000 14 1767
69.010000 15 1751
69.010000 16 1790
69.010000 17 1746
69.010000 18 1787
69.010000 19 1779
69.010000 20 1780
69.010000 21 1776
69.010000 22 1706
69.010000 23 1770
69.010000 24 1726
69.010000 25 1748
69.010000 26 1789
69.010000 27 1760
70.010000 0 1457
70.010000 1 1480
70.010000 2 1447
70.010000 3 1493
70.010000 4 1495
70.010000 5 1495
70.010000 6 1508
70.010000 7 1479
70.010000 8 1444
70.010000 9 1503
70.010000 10 1472
70.010000 11 1439
70.010000 12 1500
70.010000 13 1492
70.010000 14 1517
70.010000 15 1487
70.010000 16 1538
70.010000 17 1490
70.010000 18 1510
70.010000 19 1506
70.010000 20 1498
70.010000 21 1464
70.010000 22 1419
70.010000 23 1486
70.010000 24 1419
70.010000 25 1486
70.010000 26 1501
70.010000 27 1518
71.010000 0 1493
71.010000 1 1612
71.010000 2 1606
71.010000 3 1645
71.010000 4 1633
71.010000 5 1663
71.010000 6 1645
71.010000 7 1628
71.010000 8 1637
71.010000 9 1675
71.010000 10 1615
71.010000 11 1676
71.010000 12 1632
71.010000 13 1639
71.010000 14 1559
71.010000 15 1642
71.010000 16 1613
71.010000 17 1539
71.010000 18 1552
71.010000 19 1655
71.010000 20 1643
71.010000 21 1610
71.010000 22 1573
71.010000 23 1633
71.010000 24 1554
71.010000 25 1616
71.010000 26 1650
71.010000 27 1638
72.010000 0 1506
72.010000 1 1611
72.010000 2 1549
72.010000 3 1597
72.010000 4 1582
72.010000 5 1587
72.010000 6 1624
72.010000 7 1626
72.010000 8 1599
72.010000 9 1629
72.010000 10 1623
72.010000 11 1551
72.010000 12 1610
72.010000 13 1603
72.010000 14 1589
72.010000 15 1555
72.010000 16 1631
72.010000 17 1555
72.010000 18 1586
72.010000 19 1618
72.010000 20 1617
72.010000 21 1568
72.010000 22 1495
72.010000 23 1614
72.010000 24 1552
72.010000 25 1613
72.010000 26 1635
72.010000 27 1645
73.010000 0 1454
73.010000 1 1413
73.010000 2 1348
73.010000 3 1462
73.010000 4 1446
73.010000 5 1427
73.010000 6 1469
73.010000 7 1442
73.010000 8 1434
73.010000 9 1463
73.010000 10 1409
73.010000 11 1442
73.010000 12 1419
73.010000 13 1472
73.010000 14 1462
73.010000 15 1398
73.010000 16 1465
73.010000 17 1447
73.010000 18 1493
73.010000 19 1451
73.010000 20 1462
73.010000 21 1444
73.010000 22 1420
73.010000 23 1444
73.010000 24 1390
73.010000 25 1459
73.010000 26 1461
73.010000 27 1483
74.010000 0 1307
74.010000 1 1447
74.010000 2 1375
74.010000 3 1428
74.010000 4 1459
74.010000 5 1420
74.010000 6 1489
74.010000 7 1439
74.010000 8 1389
74.010000 9 1466
74.010000 10 1450
74.010000 11 1374
74.010000 12 1444
74.010000 13 1423
74.010000 14 1449
74.010000 15 1391
74.010000 16 1455
74.010000 17 1418
74.010000 18 1413
74.010000 19 1440
74.010000 20 1438
74.010000 21 1434
74.010000 22 1350
74.010000 23 1486
74.010000 24 1400
74.010000 25 1467
74.010000 26 1451
74.010000 27 1473
75.010000 0 1392
75.010000 1 1451
75.010000 2 1382
75.010000 3 1426
75.010000 4 1483
75.010000 5 1466
75.010000 6 1458
75.010000 7 1445
75.010000 8 1364
75.010000 9 1416
75.010000 10 1391
75.010000 11 1365
75.010000 12 1442
75.010000 13 1428
75.010000 14 1445
75.010000 15 1451
75.010000 16 1441
75.010000 17 1416
75.010000 18 1447
75.010000 19 1437
75.010000 20 1463
75.010000 21 1466
75.010000 22 1414
75.010000 23 1389
75.010000 24 1416
75.010000 25 1427
75.010000 26 1456
75.010000 27 1447
76.010000 0 1600
76.010000 1 1672
76.010000 2 1630
76.010000 3 1670
76.010000 4 1674
76.010000 5 1708
76.010000 6 1676
76.010000 7 1672
76.010000 8 1631
76.010000 9 1696
76.010000 10 1665
76.010000 11 1630
76.010000 12 1688
76.010000 13 1684
76.010000 14 1667
76.010000 15 1689
76.010000 16 1710
76.010000 17 1612
76.010000 18 1644
76.010000 19 1703
76.010000 20 1691
76.010000 21 1602
76.010000 22 1616
76.010000 23 1690
76.010000 24 1635
76.010000 25 1672
76.010000 26 1703
76.010000 27 1682
77.010000 0 1361
77.010000 1 1376
77.010000 2 1346
77.010000 3 1410
77.010000 4 1393
77.010000 5 1404
77.010000 6 1420
77.010000 7 1399
77.010000 8 1403
77.010000 9 1435
77.010000 10 1400
77.010000 11 1394
77.010000 12 1442
77.010000 13 1404
77.010000 14 1410
77.010000 15 1390
77.010000 16 1416
77.010000 17 1407
77.010000 18 1436
77.010000 19 1403
77.010000 20 1427
77.010000 21 1362
77.010000 22 1298
77.010000 23 1384
77.010000 24 1316
77.010000 25 1402
77.010000 26 1418
77.010000 27 1411
78.010000 0 1282
78.010000 1 1439
78.010000 2 1378
78.010000 3 1437
78.010000 4 1447
78.010000 5 1442
78.010000 6 1463
78.010000 7 1463
78.010000 8 1406
78.010000 9 1493
78.010000 10 1405
78.010000 11 1376
78.010000 12 1458
78.010000 13 1436
78.010000 14 1408
78.010000 15 1434
78.010000 16 1441
78.010000 17 1405
78.010000 18 1385
78.010000 19 1431
78.010000 20 1437
78.010000 21 1415
78.010000 22 1370
78.010000 23 1462
78.010000 24 1375
78.010000 25 1451
78.010000 26 1455
78.010000 27 1473
79.010000 0 1444
79.010000 1 1451
79.010000 2 1386
79.010000 3 1483
79.010000 4 1474
79.010000 5 1434
79.010000 6 1504
79.010000 7 1461
79.010000 8 1428
79.010000 9 1533
79.010000 10 1495
79.010000 11 1448
79.010000 12 1433
79.010000 13 1469
79.010000 14 1500
79.010000 15 1422
79.010000 16 1486
79.010000 17 1469
79.010000 18 1488
79.010000 19 1483
79.010000 20 1483
79.010000 21 1446
79.010000 22 1429
79.010000 23 1469
79.010000 24 1395
79.010000 25 1465
79.010000 26 1466
79.010000 27 1510
80.010000 0 1435
80.010000 1 1490
80.010000 2 1461
80.010000 3 1520
80.010000 4 1509
80.010000 5 1508
80.010000 6 1529
80.010000 7 1498
80.010000 8 1499
80.010000 9 1461
80.010000 10 1466
80.010000 11 1482
80.010000 12 1504
80.010000 13 1487
80.010000 14 1479
80.010000 15 1497
80.010000 16 1517
80.010000 17 1484
80.010000 18 1489
80.010000 19 1505
80.010000 20 1505
80.010000 21 1466
80.010000 22 1434
80.010000 23 1494
80.010000 24 1437
80.010000 25 1490
80.010000 26 1525
80.010000 27 1493
81.010000 0 1667
81.010000 1 1710
81.010000 2 1602
81.010000 3 1709
81.010000 4 1708
81.010000 5 1685
81.010000 6 1725
81.010000 7 1703
81.010000 8 1664
81.010000 9 1641
81.010000 10 1684
81.010000 11 1683
81.010000 12 1712
81.010000 13 1691
81.010000 14 1706
81.010000 15 1683
81.010000 16 1710
81.010000 17 1705
81.010000 18 1721
81.010000 19 1705
81.010000 20 1712
81.010000 21 1641
81.010000 22 1602
81.010000 23 1698
81.010000 24 1633
81.010000 25 1690
81.010000 26 1703
81.010000 27 1707
82.010000 0 1639
82.010000 1 1709
82.010000 2 1580
82.010000 3 1697
82.010000 4 1723
82.010000 5 1710
82.010000 6 1729
82.010000 7 1701
82.010000 8 1618
82.010000 9 1747
82.010000 10 1688
82.010000 11 1596
82.010000 12 1614
82.010000 13 1703
82.010000 14 1732
82.010000 15 1582
82.010000 16 1729
82.010000 17 1688
82.010000 18 1721
82.010000 19 1628
82.010000 20 1714
82.010000 21 1727
82.010000 22 1689
82.010000 23 1702
82.010000 24 1669
82.010000 25 1714
82.010000 26 1720
82.010000 27 1731
83.010000 0 1219
83.010000 1 1327
83.010000 2 1207
83.010000 3 1308
83.010000 4 1338
83.010000 5 1276
83.010000 6 1337
83.010000 7 1316
83.010000 8 1255
83.010000 9 1317
83.010000 10 1342
83.010000 11 1256
83.010000 12 1329
83.010000 13 1290
83.010000 14 1318
83.010000 15 1265
83.010000 16 1324
83.010000 17 1305
83.010000 18 1331
83.010000 19 1313
83.010000 20 1341
83.010000 21 1320
83.010000 22 1295
83.010000 23 1326
83.010000 24 1312
83.010000 25 1355
83.010000 26 1356
83.010000 27 1352
84.010000 0 1340
84.010000 1 1402
84.010000 2 1413
84.010000 3 1467
84.010000 4 1402
84.010000 5 1451
84.010000 6 1426
84.010000 7 1394
84.010000 8 1360
84.010000 9 1456
84.010000 10 1394
84.010000 11 1376
84.010000 12 1430
84.010000 13 1442
84.010000 14 1361
84.010000 15 1420
84.010000 16 1441
84.010000 17 1375
84.010000 18 1369
84.010000 19 1434
84.010000 20 1445
84.010000 21 1402
84.010000 22 1379
84.010000 23 1424
84.010000 24 1355
84.010000 25 1416
84.010000 26 1429
84.010000 27 1416
85.010000 0 1320
85.010000 1 1389
85.010000 2 1368
85.010000 3 1419
85.010000 4 1413
85.010000 5 1402
85.010000 6 1438
85.010000 7 1389
85.010000 8 1361
85.010000 9 1435
85.010000 10 1411
85.010000 11 1351
85.010000 12 1419
85.010000 13 1377
85.010000 14 1402
85.010000 15 1396
85.010000 16 1413
85.010000 17 1409
85.010000 18 1402
85.010000 19 1413
85.010000 20 1397
85.010000 21 1381
85.010000 22 1325
85.010000 23 1402
85.010000 24 1327
85.010000 25 1422
85.010000 26 1407
85.010000 27 1423
86.010000 0 1333
86.010000 1 1437
86.010000 2 1382
86.010000 3 1430
86.010000 4 1456
86.010000 5 1429
86.010000 6 1467
86.010000 7 1445
86.010000 8 1397
86.010000 9 1488
86.010000 10 1451
86.010000 11 1385
86.010000 12 1451
86.010000 13 1409
86.010000 14 1443
86.010000 15 1428
86.010000 16 1425
86.010000 17 1427
86.010000 18 1441
86.010000 19 1459
86.010000 20 1432
86.010000 21 1390
86.010000 22 1342
86.010000 23 1418
86.010000 24 1385
86.010000 25 1408
86.010000 26 1452
86.010000 27 1472
87.010000 0 1554
87.010000 1 1552
87.010000 2 1556
87.010000 3 1629
87.010000 4 1603
87.010000 5 1621
87.010000 6 1629
87.010000 7 1607
87.010000 8 1620
87.010000 9 1565
87.010000 10 1497
87.010000 11 1600
87.010000 12 1598
87.010000 13 1578
87.010000 14 1606
87.010000 15 1600
87.010000 16 1617
87.010000 17 1628
87.010000 18 1613
87.010000 19 1589
87.010000 20 1589
87.010000 21 1542
87.010000 22 1442
87.010000 23 1580
87.010000 24 1460
87.010000 25 1572
87.010000 26 1590
87.010000 27 1583
88.010000 0 1326
88.010000 1 1362
88.010000 2 1349
88.010000 3 1416
88.010000 4 1387
88.010000 5 1388
88.010000 6 1393
88.010000 7 1391
88.010000 8 1336
88.010000 9 1399
88.010000 10 1385
88.010000 11 1327
88.010000 12 1395
88.010000 13 1417
88.010000 14 1383
88.010000 15 1344
88.010000 16 1405
88.010000 17 1397
88.010000 18 1402
88.010000 19 1392
88.010000 20 1380
88.010000 21 1375
88.010000 22 1351
88.010000 23 1390
88.010000 24 1318
88.010000 25 1418
88.010000 26 1404
88.010000 27 1427
89.010000 0 1516
89.010000 1 1590
89.010000 2 1473
89.010000 3 1592
89.010000 4 1592
89.010000 5 1567
89.010000 6 1612
89.010000 7 1576
89.010000 8 1590
89.010000 9 1623
89.010000 10 1577
89.010000 11 1624
89.010000 12 1620
89.010000 13 1581
89.010000 14 1586
89.010000 15 1556
89.010000 16 1591
89.010000 17 1562
89.010000 18 1580
89.010000 19 1569
89.010000 20 1608
89.010000 21 1524
89.010000 22 1472
89.010000 23 1570
89.010000 24 1521
89.010000 25 1590
89.010000 26 1606
89.010000 27 1571
90.010000 0 1576
90.010000 1 1600
90.010000 2 1557
90.010000 3 1599
90.010000 4 1626
90.010000 5 1600
90.010000 6 1645
90.010000 7 1626
90.010000 8 1626
90.010000 9 1628
90.010000 10 1607
90.010000 11 1598
90.010000 12 1634
90.010000 13 1611
90.010000 14 1648
90.010000 15 1550
90.010000 16 1637
90.010000 17 1598
90.010000 18 1645
90.010000 19 1596
90.010000 20 1628
90.010000 21 1617
90.010000 22 1539
90.010000 23 1631
90.010000 24 1521
90.010000 25 1614
90.010000 26 1636
90.010000 27 1638
91.010000 0 1533
91.010000 1 1534
91.010000 2 1370
91.010000 3 1449
91.010000 4 1521
91.010000 5 1477
91.010000 6 1526
91.010000 7 1522
91.010000 8 1485
91.010000 9 1524
91.010000 10 1544
91.010000 11 1483
91.010000 12 1470
91.010000 13 1545
91.010000 14 1553
91.010000 15 1431
91.010000 16 1569
91.010000 17 1441
91.010000 18 1556
91.010000 19 1501
91.010000 20 1543
91.010000 21 1465
91.010000 22 1458
91.010000 23 1502
91.010000 24 1527
91.010000 25 1506
91.010000 26 1528
91.010000 27 1544
92.010000 0 1532
92.010000 1 1651
92.010000 2 1464
92.010000 3 1583
92.010000 4 1675
92.010000 5 1640
92.010000 6 1653
92.010000 7 1634
92.010000 8 1611
92.010000 9 1653
92.010000 10 1650
92.010000 11 1579
92.010000 12 1558
92.010000 13 1655
92.010000 14 1655
92.010000 15 1625
92.010000 16 1645
92.010000 17 1570
92.010000 18 1627
92.010000 19 1637
92.010000 20 1644
92.010000 21 1612
92.010000 22 1597
92.010000 23 1654
92.010000 24 1545
92.010000 25 1654
92.010000 26 1674
92.010000 27 1655
93.010000 0 1368
93.010000 1 1428
93.010000 2 1410
93.010000 3 1442
93.010000 4 1465
93.010000 5 1457
93.010000 6 1486
93.010000 7 1464
93.010000 8 1343
93.010000 9 1460
93.010000 10 1425
93.010000 11 1354
93.010000 12 1451
93.010000 13 1442
93.010000 14 1434
93.010000 15 1443
93.010000 16 1466
93.010000 17 1409
93.010000 18 1441
93.010000 19 1453
93.010000 20 1447
93.010000 21 1471
93.010000 22 1402
93.010000 23 1455
93.010000 24 1396
93.010000 25 1439
93.010000 26 1447
93.010000 27 1454
94.010000 0 1472
94.010000 1 1489
94.010000 2 1467
94.010000 3 1540
94.010000 4 1514
94.010000 5 1521
94.010000 6 1535
94.010000 7 1507
94.010000 8 1487
94.010000 9 1551
94.010000 10 1501
94.010000 11 1477
94.010000 12 1494
94.010000 13 1507
94.010000 14 1531
94.010000 15 1458
94.010000 16 1535
94.010000 17 1537
94.010000 18 1525
94.010000 19 1491
94.010000 20 1522
94.010000 21 1459
94.010000 22 1445
94.010000 23 1505
94.010000 24 1424
94.010000 25 1523
94.010000 26 1521
94.010000 27 1532
95.010000 0 1596
95.010000 1 1645
95.010000 2 1557
95.010000 3 1650
95.010000 4 1655
95.010000 5 1617
95.010000 6 1667
95.010000 7 1641
95.010000 8 1672
95.010000 9 1665
95.010000 10 1625
95.010000 11 1666
95.010000 12 1657
95.010000 13 1664
95.010000 14 1652
95.010000 15 1609
95.010000 16 1665
95.010000 17 1624
95.010000 18 1665
95.010000 19 1667
95.010000 20 1659
95.010000 21 1602
95.010000 22 1548
95.010000 23 1642
95.010000 24 1556
95.010000 25 1639
95.010000 26 1649
95.010000 27 1666
96.010000 0 1575
96.010000 1 1664
96.010000 2 1527
96.010000 3 1666
96.010000 4 1661
96.010000 5 1637
96.010000 6 1681
96.010000 7 1641
96.010000 8 1592
96.010000 9 1687
96.010000 10 1632
96.010000 11 1584
96.010000 12 1628
96.010000 13 1676
96.010000 14 1630
96.010000 15 1615
96.010000 16 1666
96.010000 17 1614
96.010000 18 1622
96.010000 19 1647
96.010000 20 1664
96.010000 21 1620
96.010000 22 1623
96.010000 23 1661
96.010000 24 1639
96.010000 25 1644
96.010000 26 1678
96.010000 27 1666
97.010000 0 1275
97.010000 1 1287
97.010000 2 1289
97.010000 3 1356
97.010000 4 1335
97.010000 5 1344
97.010000 6 1372
97.010000 7 1322
97.010000 8 1335
97.010000 9 1356
97.010000 10 1306
97.010000 11 1357
97.010000 12 1332
97.010000 13 1310
97.010000 14 1327
97.010000 15 1325
97.010000 16 1337
97.010000 17 1351
97.010000 18 1326
97.010000 19 1344
97.010000 20 1330
97.010000 21 1318
97.010000 22 1233
97.010000 23 1331
97.010000 24 1222
97.010000 25 1323
97.010000 26 1337
97.010000 27 1345
98.010000 0 1415
98.010000 1 1495
98.010000 2 1409
98.010000 3 1452
98.010000 4 1482
98.010000 5 1501
98.010000 6 1465
98.010000 7 1458
98.010000 8 1461
98.010000 9 1489
98.010000 10 1451
98.010000 11 1454
98.010000 12 1484
98.010000 13 1480
98.010000 14 1487
98.010000 15 1495
98.010000 16 1482
98.010000 17 1450
98.010000 18 1505
98.010000 19 1488
98.010000 20 1480
98.010000 21 1433
98.010000 22 1414
98.010000 23 1456
98.010000 24 1443
98.010000 25 1475
98.010000 26 1497
98.010000 27 1488
99.010000 0 1467
99.010000 1 1530
99.010000 2 1485
99.010000 3 1545
99.010000 4 1554
99.010000 5 1474
99.010000 6 1554
99.010000 7 1522
99.010000 8 1469
99.010000 9 1544
99.010000 10 1511
99.010000 11 1458
99.010000 12 1517
99.010000 13 1520
99.010000 14 1544
99.010000 15 1412
99.010000 16 1554
99.010000 17 1543
99.010000 18 1545
99.010000 19 1511
99.010000 20 1521
99.010000 21 1466
99.010000 22 1430
99.010000 23 1536
99.010000 24 1494
99.010000 25 1534
99.010000 26 1536
99.010000 27 1568
100.010000 0 1405
100.010000 1 1425
100.010000 2 1341
100.010000 3 1443
100.010000 4 1439
100.010000 5 1409
100.010000 6 1419
100.010000 7 1392
100.010000 8 1274
100.010000 9 1395
100.010000 10 1394
100.010000 11 1280
100.010000 12 1389
100.010000 13 1399
100.010000 14 1436
100.010000 15 1359
100.010000 16 1411
100.010000 17 1441
100.010000 18 1434
100.010000 19 1371
100.010000 20 1409
100.010000 21 1376
100.010000 22 1347
100.010000 23 1399
100.010000 24 1415
100.010000 25 1403
100.010000 26 1427
100.010000 27 1419
101.010000 0 1583
101.010000 1 1598
101.010000 2 1560
101.010000 3 1650
101.010000 4 1620
101.010000 5 1611
101.010000 6 1655
101.010000 7 1609
101.010000 8 1574
101.010000 9 1653
101.010000 10 1615
101.010000 11 1567
101.010000 12 1603
101.010000 13 1618
101.010000 14 1649
101.010000 15 1589
101.010000 16 1648
101.010000 17 1648
101.010000 18 1660
101.010000 19 1669
101.010000 20 1656
101.010000 21 1650
101.010000 22 1623
101.010000 23 1618
101.010000 24 1497
101.010000 25 1647
101.010000 26 1646
101.010000 27 1648
102.010000 0 1437
102.010000 1 1534
102.010000 2 1396
102.010000 3 1537
102.010000 4 1547
102.010000 5 1521
102.010000 6 1542
102.010000 7 1533
102.010000 8 1444
102.010000 9 1545
102.010000 10 1508
102.010000 11 1437
102.010000 12 1476
102.010000 13 1500
102.010000 14 1518
102.010000 15 1507
102.010000 16 1519
102.010000 17 1524
102.010000 18 1522
102.010000 19 1511
102.010000 20 1522
102.010000 21 1522
102.010000 22 1455
102.010000 23 1508
102.010000 24 1500
102.010000 25 1495
102.010000 26 1535
102.010000 27 1559
103.010000 0 1380
103.010000 1 1378
103.010000 2 1325
103.010000 3 1343
103.010000 4 1408
103.010000 5 1427
103.010000 6 1419
103.010000 7 1419
103.010000 8 1369
103.010000 9 1413
103.010000 10 1380
103.010000 11 1384
103.010000 12 1395
103.010000 13 1403
103.010000 14 1404
103.010000 15 1400
103.010000 16 1436
103.010000 17 1323
103.010000 18 1414
103.010000 19 1366
103.010000 20 1408
103.010000 21 1370
103.010000 22 1330
103.010000 23 1392
103.010000 24 1331
103.010000 25 1384
103.010000 26 1405
103.010000 27 1417
104.010000 0 1456
104.010000 1 1471
104.010000 2 1414
104.010000 3 1513
104.010000 4 1487
104.010000 5 1462
104.010000 6 1502
104.010000 7 1485
104.010000 8 1459
104.010000 9 1501
104.010000 10 1468
104.010000 11 1470
104.010000 12 1479
104.010000 13 1457
104.010000 14 1502
104.010000 15 1452
104.010000 16 1470
104.010000 17 1512
104.010000 18 1508
104.010000 19 1520
104.010000 20 1501
104.010000 21 1411
104.010000 22 1366
104.010000 23 1468
104.010000 24 1386
104.010000 25 1511
104.010000 26 1491
104.010000 27 1498
105.010000 0 1362
105.010000 1 1543
105.010000 2 1450
105.010000 3 1489
105.010000 4 1541
105.010000 5 1519
105.010000 6 1546
105.010000 7 1516
105.010000 8 1453
105.010000 9 1559
105.010000 10 1499
105.010000 11 1447
105.010000 12 1540
105.010000 13 1527
105.010000 14 1506
105.010000 15 1514
105.010000 16 1518
105.010000 17 1476
105.010000 18 1517
105.010000 19 1516
105.010000 20 1512
105.010000 21 1499
105.010000 22 1457
105.010000 23 1544
105.010000 24 1482
105.010000 25 1542
105.010000 26 1542
105.010000 27 1554
106.010000 0 1364
106.010000 1 1527
106.010000 2 1440
106.010000 3 1459
106.010000 4 1472
106.010000 5 1478
106.010000 6 1486
106.010000 7 1463
106.010000 8 1337
106.010000 9 1497
106.010000 10 1450
106.010000 11 1302
106.010000 12 1472
106.010000 13 1434
106.010000 14 1468
106.010000 15 1444
106.010000 16 1484
106.010000 17 1446
106.010000 18 1480
106.010000 19 1475
106.010000 20 1470
106.010000 21 1476
106.010000 22 1456
106.010000 23 1513
106.010000 24 1468
106.010000 25 1440
106.010000 26 1481
106.010000 27 1509
107.010000 0 1438
107.010000 1 1421
107.010000 2 1398
107.010000 3 1498
107.010000 4 1475
107.010000 5 1457
107.010000 6 1500
107.010000 7 1456
107.010000 8 1414
107.010000 9 1454
107.010000 10 1460
107.010000 11 1425
107.010000 12 1470
107.010000 13 1448
107.010000 14 1499
107.010000 15 1444
107.010000 16 1506
107.010000 17 1481
107.010000 18 1481
107.010000 19 1483
107.010000 20 1508
107.010000 21 1464
107.010000 22 1445
107.010000 23 1533
107.010000 24 1431
107.010000 25 1470
107.010000 26 1493
107.010000 27 1461
108.010000 0 1476
108.010000 1 1549
108.010000 2 1524
108.010000 3 1584
108.010000 4 1549
108.010000 5 1561
108.010000 6 1568
108.010000 7 1539
108.010000 8 1482
108.010000 9 1579
108.010000 10 1534
108.010000 11 1495
108.010000 12 1545
108.010000 13 1556
108.010000 14 1517
108.010000 15 1507
108.010000 16 1579
108.010000 17 1522
108.010000 18 1550
108.010000 19 1560
108.010000 20 1566
108.010000 21 1546
108.010000 22 1494
108.010000 23 1557
108.010000 24 1533
108.010000 25 1551
108.010000 26 1558
108.010000 27 1569
109.010000 0 1532
109.010000 1 1617
109.010000 2 1544
109.010000 3 1638
109.010000 4 1585
109.010000 5 1611
109.010000 6 1609
109.010000 7 1590
109.010000 8 1573
109.010000 9 1606
109.010000 10 1571
109.010000 11 1567
109.010000 12 1620
109.010000 13 1589
109.010000 14 1609
109.010000 15 1601
109.010000 16 1613
109.010000 17 1625
109.010000 18 1599
109.010000 19 1615
109.010000 20 1595
109.010000 21 1604
109.010000 22 1628
109.010000 23 1463
109.010000 24 1546
109.010000 25 1594
109.010000 26 1626
109.010000 27 1604
110.010000 0 1534
110.010000 1 1581
110.010000 2 1318
110.010000 3 1597
110.010000 4 1601
110.010000 5 1555
110.010000 6 1596
110.010000 7 1561
110.010000 8 1533
110.010000 9 1567
110.010000 10 1556
110.010000 11 1521
110.010000 12 1517
110.010000 13 1543
110.010000 14 1621
110.010000 15 1513
110.010000 16 1565
110.010000 17 1591
110.010000 18 1567
110.010000 19 1440
110.010000 20 1562
110.010000 21 1556
110.010000 22 1562
110.010000 23 1533
110.010000 24 1543
110.010000 25 1566
110.010000 26 1586
110.010000 27 1590
111.010000 0 1751
111.010000 1 1852
111.010000 2 1782
111.010000 3 1777
111.010000 4 1798
111.010000 5 1808
111.010000 6 1860
111.010000 7 1815
111.010000 8 1779
111.010000 9 1853
111.010000 10 1816
111.010000 11 1786
111.010000 12 1816
111.010000 13 1840
111.010000 14 1826
111.010000 15 1738
111.010000 16 1850
111.010000 17 1774
111.010000 18 1852
111.010000 19 1825
111.010000 20 1843
111.010000 21 1853
111.010000 22 1720
111.010000 23 1813
111.010000 24 1816
111.010000 25 1855
111.010000 26 1843
111.010000 27 1846
112.010000 0 1404
112.010000 1 1454
112.010000 2 1356
112.010000 3 1456
112.010000 4 1452
112.010000 5 1485
112.010000 6 1473
112.010000 7 1474
112.010000 8 1438
112.010000 9 1466
112.010000 10 1442
112.010000 11 1436
112.010000 12 1438
112.010000 13 1444
112.010000 14 1471
112.010000 15 1455
112.010000 16 1480
112.010000 17 1454
112.010000 18 1474
112.010000 19 1427
112.010000 20 1472
112.010000 21 1413
112.010000 22 1383
112.010000 23 1444
112.010000 24 1373
112.010000 25 1432
112.010000 26 1471
112.010000 27 1469
113.010000 0 1598
113.010000 1 1663
113.010000 2 1656
113.010000 3 1560
113.010000 4 1673
113.010000 5 1669
113.010000 6 1682
113.010000 7 1669
113.010000 8 1649
113.010000 9 1683
113.010000 10 1706
113.010000 11 1655
113.010000 12 1700
113.010000 13 1698
113.010000 14 1621
113.010000 15 1651
113.010000 16 1735
113.010000 17 1439
113.010000 18 1618
113.010000 19 1707
113.010000 20 1709
113.010000 21 1688
113.010000 22 1637
113.010000 23 1675
113.010000 24 1667
113.010000 25 1664
113.010000 26 1695
113.010000 27 1665
114.010000 0 1570
114.010000 1 1689
114.010000 2 1551
114.010000 3 1706
114.010000 4 1699
114.010000 5 1702
114.010000 6 1716
114.010000 7 1704
114.010000 8 1667
114.010000 9 1709
114.010000 10 1715
114.010000 11 1648
114.010000 12 1692
114.010000 13 1698
114.010000 14 1632
114.010000 15 1682
114.010000 16 1696
114.010000 17 1615
114.010000 18 1641
114.010000 19 1637
114.010000 20 1727
114.010000 21 1676
114.010000 22 1655
114.010000 23 1701
114.010000 24 1639
114.010000 25 1692
114.010000 26 1725
114.010000 27 1718
115.010000 0 1599
115.010000 1 1702
115.010000 2 1548
115.010000 3 1710
115.010000 4 1710
115.010000 5 1659
115.010000 6 1696
115.010000 7 1677
115.010000 8 1604
115.010000 9 1695
115.010000 10 1643
115.010000 11 1612
115.010000 12 1669
115.010000 13 1665
115.010000 14 1676
115.010000 15 1628
115.010000 16 1691
115.010000 17 1703
115.010000 18 1698
115.010000 19 1633
115.010000 20 1682
115.010000 21 1669
115.010000 22 1654
115.010000 23 1663
115.010000 24 1640
115.010000 25 1686
115.010000 26 1693
115.010000 27 1700
116.010000 0 1332
116.010000 1 1421
116.010000 2 1369
116.010000 3 1388
116.010000 4 1407
116.010000 5 1438
116.010000 6 1421
116.010000 7 1427
116.010000 8 1326
116.010000 9 1428
116.010000 10 1429
116.010000 11 1333
116.010000 12 1400
116.010000 13 1417
116.010000 14 1399
116.010000 15 1404
116.010000 16 1438
116.010000 17 1361
116.010000 18 1393
116.010000 19 1411
116.010000 20 1427
116.010000 21 1419
116.010000 22 1382
116.010000 23 1412
116.010000 24 1386
116.010000 25 1423
116.010000 26 1422
116.010000 27 1418
117.010000 0 1408
117.010000 1 1479
117.010000 2 1407
117.010000 3 1511
117.010000 4 1489
117.010000 5 1458
117.010000 6 1509
117.010000 7 1477
117.010000 8 1373
117.010000 9 1492
117.010000 10 1444
117.010000 11 1376
117.010000 12 1488
117.010000 13 1489
117.010000 14 1456
117.010000 15 1444
117.010000 16 1501
117.010000 17 1465
117.010000 18 1454
117.010000 19 1483
117.010000 20 1484
117.010000 21 1465
117.010000 22 1444
117.010000 23 1528
117.010000 24 1447
117.010000 25 1496
117.010000 26 1486
117.010000 27 1485
118.010000 0 1506
118.010000 1 1644
118.010000 2 1542
118.010000 3 1593
118.010000 4 1619
118.010000 5 1606
118.010000 6 1608
118.010000 7 1607
118.010000 8 1558
118.010000 9 1626
118.010000 10 1584
118.010000 11 1543
118.010000 12 1624
118.010000 13 1607
118.010000 14 1600
118.010000 15 1600
118.010000 16 1624
118.010000 17 1560
118.010000 18 1611
118.010000 19 1629
118.010000 20 1616
118.010000 21 1601
118.010000 22 1574
118.010000 23 1569
118.010000 24 1624
118.010000 25 1642
118.010000 26 1639
118.010000 27 1630
119.010000 0 1370
119.010000 1 1426
119.010000 2 1362
119.010000 3 1398
119.010000 4 1410
119.010000 5 1400
119.010000 6 1443
119.010000 7 1417
119.010000 8 1288
119.010000 9 1414
119.010000 10 1421
119.010000 11 1307
119.010000 12 1428
119.010000 13 1400
119.010000 14 1400
119.010000 15 1398
119.010000 16 1442
119.010000 17 1375
119.010000 18 1422
119.010000 19 1426
119.010000 20 1416
119.010000 21 1386
119.010000 22 1381
119.010000 23 1422
119.010000 24 1353
119.010000 25 1403
119.010000 26 1428
119.010000 27 1439
120.010000 0 1483
120.010000 1 1440
120.010000 2 1413
120.010000 3 1488
120.010000 4 1479
120.010000 5 1453
120.010000 6 1481
120.010000 7 1451
120.010000 8 1454
120.010000 9 1473
120.010000 10 1444
120.010000 11 1452
120.010000 12 1485
120.010000 13 1464
120.010000 14 1486
120.010000 15 1451
120.010000 16 1498
120.010000 17 1468
120.010000 18 1502
120.010000 19 1481
120.010000 20 1476
120.010000 21 1440
120.010000 22 1377
120.010000 23 1453
120.010000 24 1365
120.010000 25 1453
120.010000 26 1451
120.010000 27 1484
121.010000 0 1276
121.010000 1 1345
121.010000 2 1347
121.010000 3 1396
121.010000 4 1390
121.010000 5 1365
121.010000 6 1425
121.010000 7 1371
121.010000 8 1312
121.010000 9 1399
121.010000 10 1391
121.010000 11 1311
121.010000 12 1396
121.010000 13 1399
121.010000 14 1371
121.010000 15 1343
121.010000 16 1394
121.010000 17 1381
121.010000 18 1347
121.010000 19 1390
121.010000 20 1397
121.010000 21 1349
121.010000 22 1300
121.010000 23 1422
121.010000 24 1302
121.010000 25 1409
121.010000 26 1385
121.010000 27 1402
122.010000 0 1638
122.010000 1 1704
122.010000 2 1628
122.010000 3 1669
122.010000 4 1678
122.010000 5 1674
122.010000 6 1650
122.010000 7 1639
122.010000 8 1583
122.010000 9 1677
122.010000 10 1599
122.010000 11 1579
122.010000 12 1701
122.010000 13 1648
122.010000 14 1684
122.010000 15 1671
122.010000 16 1673
122.010000 17 1667
122.010000 18 1680
122.010000 19 1683
122.010000 20 1671
122.010000 21 1651
122.010000 22 1641
122.010000 23 1602
122.010000 24 1643
122.010000 25 1636
122.010000 26 1683
122.010000 27 1668
123.010000 0 1533
123.010000 1 1623
123.010000 2 1521
123.010000 3 1617
123.010000 4 1617
123.010000 5 1588
123.010000 6 1624
123.010000 7 1597
123.010000 8 1525
123.010000 9 1635
123.010000 10 1631
123.010000 11 1517
123.010000 12 1577
123.010000 13 1590
123.010000 14 1583
123.010000 15 1562
123.010000 16 1634
123.010000 17 1562
123.010000 18 1583
123.010000 19 1630
123.010000 20 1628
123.010000 21 1613
123.010000 22 1590
123.010000 23 1600
123.010000 24 1622
123.010000 25 1614
123.010000 26 1626
123.010000 27 1626
124.010000 0 1365
124.010000 1 1448
124.010000 2 1370
124.010000 3 1439
124.010000 4 1442
124.010000 5 1431
124.010000 6 1457
124.010000 7 1434
124.010000 8 1360
124.010000 9 1492
124.010000 10 1424
124.010000 11 1360
124.010000 12 1451
124.010000 13 1447
124.010000 14 1445
124.010000 15 1427
124.010000 16 1444
124.010000 17 1430
124.010000 18 1438
124.010000 19 1443
124.010000 20 1438
124.010000 21 1405
124.010000 22 1401
124.010000 23 1453
124.010000 24 1409
124.010000 25 1430
124.010000 26 1468
124.010000 27 1459
125.010000 0 1443
125.010000 1 1567
125.010000 2 1482
125.010000 3 1544
125.010000 4 1599
125.010000 5 1570
125.010000 6 1592
125.010000 7 1611
125.010000 8 1534
125.010000 9 1586
125.010000 10 1551
125.010000 11 1513
125.010000 12 1559
125.010000 13 1559
125.010000 14 1558
125.010000 15 1551
125.010000 16 1574
125.010000 17 1518
125.010000 18 1559
125.010000 19 1566
125.010000 20 1566
125.010000 21 1544
125.010000 22 1500
125.010000 23 1570
125.010000 24 1541
125.010000 25 1573
125.010000 26 1588
125.010000 27 1590
126.010000 0 1444
126.010000 1 1429
126.010000 2 1380
126.010000 3 1454
126.010000 4 1445
126.010000 5 1427
126.010000 6 1421
126.010000 7 1365
126.010000 8 1408
126.010000 9 1362
126.010000 10 1429
126.010000 11 1446
126.010000 12 1442
126.010000 13 1419
126.010000 14 1466
126.010000 15 1426
126.010000 16 1467
126.010000 17 1453
126.010000 18 1469
126.010000 19 1464
126.010000 20 1435
126.010000 21 1400
126.010000 22 1372
126.010000 23 1413
126.010000 24 1362
126.010000 25 1434
126.010000 26 1482
126.010000 27 1434
127.010000 0 1288
127.010000 1 1354
127.010000 2 1331
127.010000 3 1379
127.010000 4 1395
127.010000 5 1401
127.010000 6 1417
127.010000 7 1404
127.010000 8 1399
127.010000 9 1417
127.010000 10 1370
127.010000 11 1427
127.010000 12 1413
127.010000 13 1380
127.010000 14 1391
127.010000 15 1393
127.010000 16 1386
127.010000 17 1373
127.010000 18 1390
127.010000 19 1385
127.010000 20 1410
127.010000 21 1325
127.010000 22 1245
127.010000 23 1412
127.010000 24 1269
127.010000 25 1396
127.010000 26 1365
127.010000 27 1399
128.010000 0 1464
128.010000 1 1493
128.010000 2 1524
128.010000 3 1510
128.010000 4 1521
128.010000 5 1482
128.010000 6 1539
128.010000 7 1493
128.010000 8 1521
128.010000 9 1539
128.010000 10 1496
128.010000 11 1422
128.010000 12 1542
128.010000 13 1507
128.010000 14 1531
128.010000 15 1480
128.010000 16 1548
128.010000 17 1504
128.010000 18 1566
128.010000 19 1563
128.010000 20 1518
128.010000 21 1501
128.010000 22 1410
128.010000 23 1573
128.010000 24 1416
128.010000 25 1518
128.010000 26 1512
128.010000 27 1542
129.010000 0 1211
129.010000 1 1245
129.010000 2 1219
129.010000 3 1267
129.010000 4 1295
129.010000 5 1272
129.010000 6 1303
129.010000 7 1261
129.010000 8 1248
129.010000 9 1294
129.010000 10 1263
129.010000 11 1221
129.010000 12 1278
129.010000 13 1270
129.010000 14 1266
129.010000 15 1264
129.010000 16 1281
129.010000 17 1260
129.010000 18 1311
129.010000 19 1276
129.010000 20 1277
129.010000 21 1247
129.010000 22 1194
129.010000 23 1268
129.010000 24 1177
129.010000 25 1310
129.010000 26 1284
129.010000 27 1283
130.010000 0 1392
130.010000 1 1533
130.010000 2 1459
130.010000 3 1544
130.010000 4 1553
130.010000 5 1533
130.010000 6 1562
130.010000 7 1588
130.010000 8 1508
130.010000 9 1558
130.010000 10 1528
130.010000 11 1519
130.010000 12 1562
130.010000 13 1579
130.010000 14 1549
130.010000 15 1524
130.010000 16 1530
130.010000 17 1526
130.010000 18 1477
130.010000 19 1545
130.010000 20 1546
130.010000 21 1499
130.010000 22 1455
130.010000 23 1491
130.010000 24 1473
130.010000 25 1569
130.010000 26 1571
130.010000 27 1570
131.010000 0 1500
131.010000 1 1524
131.010000 2 1405
131.010000 3 1559
131.010000 4 1534
131.010000 5 1548
131.010000 6 1547
131.010000 7 1554
131.010000 8 1494
131.010000 9 1543
131.010000 10 1485
131.010000 11 1471
131.010000 12 1491
131.010000 13 1529
131.010000 14 1563
131.010000 15 1521
131.010000 16 1539
131.010000 17 1558
131.010000 18 1538
131.010000 19 1511
131.010000 20 1535
131.010000 21 1495
131.010000 22 1465
131.010000 23 1509
131.010000 24 1435
131.010000 25 1494
131.010000 26 1533
131.010000 27 1554
132.010000 0 1462
132.010000 1 1500
132.010000 2 1509
132.010000 3 1551
132.010000 4 1556
132.010000 5 1477
132.010000 6 1538
132.010000 7 1478
132.010000 8 1511
132.010000 9 1541
132.010000 10 1549
132.010000 11 1504
132.010000 12 1552
132.010000 13 1481
132.010000 14 1503
132.010000 15 1469
132.010000 16 1556
132.010000 17 1503
132.010000 18 1503
132.010000 19 1559
132.010000 20 1540
132.010000 21 1519
132.010000 22 1443
132.010000 23 1517
132.010000 24 1446
132.010000 25 1513
132.010000 26 1549
132.010000 27 1536
133.010000 0 1645
133.010000 1 1743
133.010000 2 1678
133.010000 3 1730
133.010000 4 1759
133.010000 5 1746
133.010000 6 1812
133.010000 7 1727
133.010000 8 1761
133.010000 9 1781
133.010000 10 1742
133.010000 11 1774
133.010000 12 1748
133.010000 13 1749
133.010000 14 1753
133.010000 15 1697
133.010000 16 1785
133.010000 17 1721
133.010000 18 1783
133.010000 19 1749
133.010000 20 1786
133.010000 21 1727
133.010000 22 1684
133.010000 23 1765
133.010000 24 1689
133.010000 25 1773
133.010000 26 1791
133.010000 27 1790
134.010000 0 1459
134.010000 1 1489
134.010000 2 1497
134.010000 3 1457
134.010000 4 1500
134.010000 5 1499
134.010000 6 1502
134.010000 7 1482
134.010000 8 1491
134.010000 9 1506
134.010000 10 1488
134.010000 11 1482
134.010000 12 1558
134.010000 13 1500
134.010000 14 1505
134.010000 15 1496
134.010000 16 1525
134.010000 17 1440
134.010000 18 1507
134.010000 19 1524
134.010000 20 1534
134.010000 21 1469
134.010000 22 1424
134.010000 23 1509
134.010000 24 1444
134.010000 25 1511
134.010000 26 1518
134.010000 27 1505
135.010000 0 1269
135.010000 1 1241
135.010000 2 1284
135.010000 3 1275
135.010000 4 1295
135.010000 5 1282
135.010000 6 1296
135.010000 7 1286
135.010000 8 1217
135.010000 9 1294
135.010000 10 1260
135.010000 11 1230
135.010000 12 1297
135.010000 13 1299
135.010000 14 1304
135.010000 15 1248
135.010000 16 1301
135.010000 17 1273
135.010000 18 1296
135.010000 19 1292
135.010000 20 1290
135.010000 21 1276
135.010000 22 1231
135.010000 23 1277
135.010000 24 1229
135.010000 25 1265
135.010000 26 1278
135.010000 27 1289
136.010000 0 1381
136.010000 1 1431
136.010000 2 1403
136.010000 3 1419
136.010000 4 1447
136.010000 5 1458
136.010000 6 1463
136.010000 7 1433
136.010000 8 1490
136.010000 9 1469
136.010000 10 1433
136.010000 11 1448
136.010000 12 1456
136.010000 13 1436
136.010000 14 1475
136.010000 15 1438
136.010000 16 1447
136.010000 17 1411
136.010000 18 1459
136.010000 19 1440
136.010000 20 1442
136.010000 21 1372
136.010000 22 1317
136.010000 23 1437
136.010000 24 1355
136.010000 25 1434
136.010000 26 1459
136.010000 27 1475
137.010000 0 1353
137.010000 1 1446
137.010000 2 1344
137.010000 3 1462
137.010000 4 1468
137.010000 5 1451
137.010000 6 1486
137.010000 7 1489
137.010000 8 1504
137.010000 9 1476
137.010000 10 1444
137.010000 11 1493
137.010000 12 1422
137.010000 13 1457
137.010000 14 1449
137.010000 15 1360
137.010000 16 1472
137.010000 17 1457
137.010000 18 1478
137.010000 19 1411
137.010000 20 1482
137.010000 21 1420
137.010000 22 1373
137.010000 23 1460
137.010000 24 1354
137.010000 25 1476
137.010000 26 1493
137.010000 27 1490
138.010000 0 1443
138.010000 1 1439
138.010000 2 1346
138.010000 3 1477
138.010000 4 1527
138.010000 5 1477
138.010000 6 1497
138.010000 7 1475
138.010000 8 1536
138.010000 9 1480
138.010000 10 1455
138.010000 11 1493
138.010000 12 1491
138.010000 13 1464
138.010000 14 1497
138.010000 15 1464
138.010000 16 1487
138.010000 17 1475
138.010000 18 1489
138.010000 19 1423
138.010000 20 1461
138.010000 21 1430
138.010000 22 1398
138.010000 23 1484
138.010000 24 1389
138.010000 25 1457
138.010000 26 1515
138.010000 27 1495
139.010000 0 1447
139.010000 1 1426
139.010000 2 1450
139.010000 3 1437
139.010000 4 1391
139.010000 5 1433
139.010000 6 1458
139.010000 7 1438
139.010000 8 1422
139.010000 9 1464
139.010000 10 1415
139.010000 11 1456
139.010000 12 1458
139.010000 13 1454
139.010000 14 1477
139.010000 15 1420
139.010000 16 1487
139.010000 17 1434
139.010000 18 1471
139.010000 19 1487
139.010000 20 1471
139.010000 21 1393
139.010000 22 1327
139.010000 23 1480
139.010000 24 1361
139.010000 25 1448
139.010000 26 1445
139.010000 27 1454
140.010000 0 1686
140.010000 1 1737
140.010000 2 1604
140.010000 3 1778
140.010000 4 1752
140.010000 5 1735
140.010000 6 1787
140.010000 7 1756
140.010000 8 1711
140.010000 9 1812
140.010000 10 1725
140.010000 11 1772
140.010000 12 1696
140.010000 13 1760
140.010000 14 1695
140.010000 15 1686
140.010000 16 1780
140.010000 17 1699
140.010000 18 1743
140.010000 19 1739
140.010000 20 1800
140.010000 21 1764
140.010000 22 1694
140.010000 23 1739
140.010000 24 1685
140.010000 25 1746
140.010000 26 1768
140.010000 27 1765
141.010000 0 1560
141.010000 1 1509
141.010000 2 1429
141.010000 3 1547
141.010000 4 1534
141.010000 5 1529
141.010000 6 1545
141.010000 7 1518
141.010000 8 1485
141.010000 9 1540
141.010000 10 1511
141.010000 11 1497
141.010000 12 1478
141.010000 13 1534
141.010000 14 1572
141.010000 15 1476
141.010000 16 1547
141.010000 17 1546
141.010000 18 1589
141.010000 19 1503
141.010000 20 1517
141.010000 21 1502
141.010000 22 1479
141.010000 23 1526
141.010000 24 1455
141.010000 25 1513
141.010000 26 1539
141.010000 27 1547
142.010000 0 1604
142.010000 1 1710
142.010000 2 1593
142.010000 3 1673
142.010000 4 1710
142.010000 5 1722
142.010000 6 1712
142.010000 7 1717
142.010000 8 1679
142.010000 9 1669
142.010000 10 1677
142.010000 11 1651
142.010000 12 1652
142.010000 13 1691
142.010000 14 1702
142.010000 15 1696
142.010000 16 1721
142.010000 17 1658
142.010000 18 1686
142.010000 19 1685
142.010000 20 1709
142.010000 21 1698
142.010000 22 1638
142.010000 23 1688
142.010000 24 1649
142.010000 25 1688
142.010000 26 1716
142.010000 27 1711
143.010000 0 1433
143.010000 1 1425
143.010000 2 1315
143.010000 3 1484
143.010000 4 1450
143.010000 5 1479
143.010000 6 1459
143.010000 7 1447
143.010000 8 1465
143.010000 9 1453
143.010000 10 1413
143.010000 11 1464
143.010000 12 1394
143.010000 13 1430
143.010000 14 1493
143.010000 15 1457
143.010000 16 1443
143.010000 17 1478
143.010000 18 1438
143.010000 19 1405
143.010000 20 1452
143.010000 21 1400
143.010000 22 1372
143.010000 23 1431
143.010000 24 1386
143.010000 25 1432
143.010000 26 1465
143.010000 27 1461
144.010000 0 1487
144.010000 1 1587
144.010000 2 1527
144.010000 3 1603
144.010000 4 1592
144.010000 5 1570
144.010000 6 1602
144.010000 7 1588
144.010000 8 1558
144.010000 9 1618
144.010000 10 1572
144.010000 11 1538
144.010000 12 1597
144.010000 13 1589
144.010000 14 1539
144.010000 15 1560
144.010000 16 1614
144.010000 17 1541
144.010000 18 1553
144.010000 19 1620
144.010000 20 1597
144.010000 21 1582
144.010000 22 1529
144.010000 23 1573
144.010000 24 1534
144.010000 25 1605
144.010000 26 1595
144.010000 27 1592
145.010000 0 1396
145.010000 1 1434
145.010000 2 1349
145.010000 3 1452
145.010000 4 1491
145.010000 5 1488
145.010000 6 1478
145.010000 7 1453
145.010000 8 1425
145.010000 9 1481
145.010000 10 1451
145.010000 11 1444
145.010000 12 1406
145.010000 13 1463
145.010000 14 1475
145.010000 15 1414
145.010000 16 1461
145.010000 17 1438
145.010000 18 1461
145.010000 19 1392
145.010000 20 1480
145.010000 21 1446
145.010000 22 1361
145.010000 23 1487
145.010000 24 1388
145.010000 25 1462
145.010000 26 1468
145.010000 27 1479
146.010000 0 1442
146.010000 1 1619
146.010000 2 1438
146.010000 3 1591
146.010000 4 1610
146.010000 5 1549
146.010000 6 1631
146.010000 7 1623
146.010000 8 1586
146.010000 9 1618
146.010000 10 1579
146.010000 11 1537
146.010000 12 1577
146.010000 13 1592
146.010000 14 1577
146.010000 15 1528
146.010000 16 1615
146.010000 17 1581
146.010000 18 1586
146.010000 19 1587
146.010000 20 1614
146.010000 21 1528
146.010000 22 1540
146.010000 23 1602
146.010000 24 1544
146.010000 25 1627
146.010000 26 1621
146.010000 27 1642
147.010000 0 1387
147.010000 1 1428
147.010000 2 1328
147.010000 3 1426
147.010000 4 1472
147.010000 5 1408
147.010000 6 1473
147.010000 7 1432
147.010000 8 1432
147.010000 9 1447
147.010000 10 1420
147.010000 11 1426
147.010000 12 1434
147.010000 13 1447
147.010000 14 1475
147.010000 15 1393
147.010000 16 1424
147.010000 17 1424
147.010000 18 1468
147.010000 19 1439
147.010000 20 1453
147.010000 21 1393
147.010000 22 1339
147.010000 23 1427
147.010000 24 1378
147.010000 25 1446
147.010000 26 1449
147.010000 27 1455
148.010000 0 1372
148.010000 1 1398
148.010000 2 1433
148.010000 3 1442
148.010000 4 1449
148.010000 5 1473
148.010000 6 1437
148.010000 7 1435
148.010000 8 1466
148.010000 9 1462
148.010000 10 1424
148.010000 11 1500
148.010000 12 1468
148.010000 13 1437
148.010000 14 1469
148.010000 15 1472
148.010000 16 1453
148.010000 17 1433
148.010000 18 1453
148.010000 19 1469
148.010000 20 1436
148.010000 21 1417
148.010000 22 1341
148.010000 23 1451
148.010000 24 1326
148.010000 25 1441
148.010000 26 1456
148.010000 27 1456
149.010000 0 1423
149.010000 1 1459
149.010000 2 1381
149.010000 3 1513
149.010000 4 1488
149.010000 5 1459
149.010000 6 1501
149.010000 7 1480
149.010000 8 1492
149.010000 9 1487
149.010000 10 1458
149.010000 11 1512
149.010000 12 1479
149.010000 13 1502
149.010000 14 1494
149.010000 15 1447
149.010000 16 1489
149.010000 17 1510
149.010000 18 1495
149.010000 19 1483
149.010000 20 1503
149.010000 21 1394
149.010000 22 1370
149.010000 23 1484
149.010000 24 1396
149.010000 25 1494
149.010000 26 1497
149.010000 27 1499
