0.010000 0 19
0.010000 1 18
0.010000 2 14
0.010000 3 18
0.010000 4 14
0.010000 5 18
0.010000 6 19
0.010000 7 19
0.010000 8 16
0.010000 9 18
0.010000 10 19
0.010000 11 19
0.010000 12 13
0.010000 13 19
0.010000 14 19
0.010000 15 17
0.010000 16 17
1.010000 0 616
1.010000 1 618
1.010000 2 605
1.010000 3 633
1.010000 4 625
1.010000 5 618
1.010000 6 632
1.010000 7 598
1.010000 8 629
1.010000 9 594
1.010000 10 621
1.010000 11 619
1.010000 12 578
1.010000 13 630
1.010000 14 616
1.010000 15 571
1.010000 16 633
2.010000 0 506
2.010000 1 518
2.010000 2 504
2.010000 3 525
2.010000 4 486
2.010000 5 519
2.010000 6 521
2.010000 7 506
2.010000 8 505
2.010000 9 508
2.010000 10 511
2.010000 11 524
2.010000 12 486
2.010000 13 526
2.010000 14 506
2.010000 15 489
2.010000 16 530
3.010000 0 442
3.010000 1 449
3.010000 2 433
3.010000 3 453
3.010000 4 437
3.010000 5 451
3.010000 6 443
3.010000 7 443
3.010000 8 468
3.010000 9 429
3.010000 10 430
3.010000 11 456
3.010000 12 412
3.010000 13 457
3.010000 14 442
3.010000 15 407
3.010000 16 462
4.010000 0 461
4.010000 1 471
4.010000 2 462
4.010000 3 482
4.010000 4 463
4.010000 5 476
4.010000 6 470
4.010000 7 455
4.010000 8 473
4.010000 9 463
4.010000 10 461
4.010000 11 481
4.010000 12 445
4.010000 13 477
4.010000 14 461
4.010000 15 444
4.010000 16 483
5.010000 0 345
5.010000 1 349
5.010000 2 342
5.010000 3 356
5.010000 4 358
5.010000 5 355
5.010000 6 350
5.010000 7 344
5.010000 8 354
5.010000 9 350
5.010000 10 349
5.010000 11 368
5.010000 12 325
5.010000 13 359
5.010000 14 345
5.010000 15 335
5.010000 16 361
6.010000 0 428
6.010000 1 437
6.010000 2 427
6.010000 3 443
6.010000 4 426
6.010000 5 439
6.010000 6 439
6.010000 7 425
6.010000 8 437
6.010000 9 434
6.010000 10 429
6.010000 11 430
6.010000 12 418
6.010000 13 441
6.010000 14 428
6.010000 15 417
6.010000 16 449
7.010000 0 400
7.010000 1 403
7.010000 2 396
7.010000 3 413
7.010000 4 397
7.010000 5 407
7.010000 6 420
7.010000 7 395
7.010000 8 406
7.010000 9 396
7.010000 10 401
7.010000 11 410
7.010000 12 379
7.010000 13 409
7.010000 14 400
7.010000 15 381
7.010000 16 415
8.010000 0 398
8.010000 1 405
8.010000 2 396
8.010000 3 411
8.010000 4 396
8.010000 5 421
8.010000 6 406
8.010000 7 396
8.010000 8 407
8.010000 9 395
8.010000 10 399
8.010000 11 413
8.010000 12 381
8.010000 13 410
8.010000 14 398
8.010000 15 378
8.010000 16 415
9.010000 0 426
9.010000 1 432
9.010000 2 422
9.010000 3 440
9.010000 4 421
9.010000 5 436
9.010000 6 435
9.010000 7 423
9.010000 8 436
9.010000 9 422
9.010000 10 428
9.010000 11 440
9.010000 12 405
9.010000 13 440
9.010000 14 426
9.010000 15 404
9.010000 16 444
10.010000 0 446
10.010000 1 446
10.010000 2 436
10.010000 3 453
10.010000 4 437
10.010000 5 451
10.010000 6 435
10.010000 7 436
10.010000 8 451
10.010000 9 436
10.010000 10 442
10.010000 11 457
10.010000 12 419
10.010000 13 455
10.010000 14 446
10.010000 15 417
10.010000 16 459
11.010000 0 399
11.010000 1 403
11.010000 2 396
11.010000 3 412
11.010000 4 396
11.010000 5 406
11.010000 6 422
11.010000 7 396
11.010000 8 407
11.010000 9 395
11.010000 10 400
11.010000 11 411
11.010000 12 379
11.010000 13 411
11.010000 14 399
11.010000 15 380
11.010000 16 414
12.010000 0 445
12.010000 1 453
12.010000 2 444
12.010000 3 464
12.010000 4 446
12.010000 5 459
12.010000 6 460
12.010000 7 446
12.010000 8 460
12.010000 9 444
12.010000 10 451
12.010000 11 464
12.010000 12 425
12.010000 13 464
12.010000 14 445
12.010000 15 426
12.010000 16 457
13.010000 0 430
13.010000 1 434
13.010000 2 425
13.010000 3 442
13.010000 4 426
13.010000 5 438
13.010000 6 437
13.010000 7 426
13.010000 8 439
13.010000 9 426
13.010000 10 431
13.010000 11 442
13.010000 12 408
13.010000 13 443
13.010000 14 430
13.010000 15 409
13.010000 16 445
14.010000 0 426
14.010000 1 433
14.010000 2 424
14.010000 3 441
14.010000 4 421
14.010000 5 436
14.010000 6 437
14.010000 7 425
14.010000 8 436
14.010000 9 425
14.010000 10 429
14.010000 11 441
14.010000 12 410
14.010000 13 441
14.010000 14 426
14.010000 15 408
14.010000 16 443
15.010000 0 397
15.010000 1 406
15.010000 2 395
15.010000 3 413
15.010000 4 397
15.010000 5 409
15.010000 6 410
15.010000 7 417
15.010000 8 410
15.010000 9 397
15.010000 10 399
15.010000 11 414
15.010000 12 377
15.010000 13 415
15.010000 14 397
15.010000 15 380
15.010000 16 415
16.010000 0 847
16.010000 1 946
16.010000 2 943
16.010000 3 954
16.010000 4 772
16.010000 5 953
16.010000 6 951
16.010000 7 922
16.010000 8 948
16.010000 9 947
16.010000 10 782
16.010000 11 951
16.010000 12 935
16.010000 13 873
16.010000 14 847
16.010000 15 932
16.010000 16 964
17.010000 0 799
17.010000 1 908
17.010000 2 901
17.010000 3 915
17.010000 4 731
17.010000 5 923
17.010000 6 911
17.010000 7 898
17.010000 8 913
17.010000 9 888
17.010000 10 749
17.010000 11 913
17.010000 12 876
17.010000 13 844
17.010000 14 799
17.010000 15 872
17.010000 16 927
18.010000 0 820
18.010000 1 941
18.010000 2 920
18.010000 3 941
18.010000 4 754
18.010000 5 923
18.010000 6 932
18.010000 7 924
18.010000 8 932
18.010000 9 925
18.010000 10 744
18.010000 11 932
18.010000 12 910
18.010000 13 841
18.010000 14 820
18.010000 15 906
18.010000 16 938
19.010000 0 887
19.010000 1 989
19.010000 2 982
19.010000 3 985
19.010000 4 799
19.010000 5 988
19.010000 6 989
19.010000 7 973
19.010000 8 986
19.010000 9 988
19.010000 10 791
19.010000 11 990
19.010000 12 979
19.010000 13 896
19.010000 14 887
19.010000 15 971
19.010000 16 1004
20.010000 0 821
20.010000 1 911
20.010000 2 906
20.010000 3 925
20.010000 4 736
20.010000 5 910
20.010000 6 917
20.010000 7 908
20.010000 8 902
20.010000 9 895
20.010000 10 755
20.010000 11 926
20.010000 12 870
20.010000 13 842
20.010000 14 821
20.010000 15 890
20.010000 16 918
21.010000 0 845
21.010000 1 948
21.010000 2 932
21.010000 3 952
21.010000 4 767
21.010000 5 954
21.010000 6 951
21.010000 7 939
21.010000 8 962
21.010000 9 947
21.010000 10 774
21.010000 11 957
21.010000 12 914
21.010000 13 865
21.010000 14 845
21.010000 15 923
21.010000 16 960
22.010000 0 901
22.010000 1 1007
22.010000 2 982
22.010000 3 1012
22.010000 4 824
22.010000 5 995
22.010000 6 1007
22.010000 7 993
22.010000 8 1008
22.010000 9 992
22.010000 10 835
22.010000 11 1011
22.010000 12 965
22.010000 13 933
22.010000 14 901
22.010000 15 964
22.010000 16 1020
23.010000 0 799
23.010000 1 895
23.010000 2 880
23.010000 3 900
23.010000 4 724
23.010000 5 901
23.010000 6 898
23.010000 7 887
23.010000 8 900
23.010000 9 891
23.010000 10 728
23.010000 11 914
23.010000 12 868
23.010000 13 825
23.010000 14 799
23.010000 15 872
23.010000 16 909
24.010000 0 823
24.010000 1 927
24.010000 2 913
24.010000 3 934
24.010000 4 748
24.010000 5 932
24.010000 6 929
24.010000 7 920
24.010000 8 933
24.010000 9 921
24.010000 10 766
24.010000 11 939
24.010000 12 902
24.010000 13 856
24.010000 14 823
24.010000 15 898
24.010000 16 939
25.010000 0 842
25.010000 1 947
25.010000 2 949
25.010000 3 952
25.010000 4 765
25.010000 5 956
25.010000 6 949
25.010000 7 935
25.010000 8 950
25.010000 9 946
25.010000 10 766
25.010000 11 944
25.010000 12 941
25.010000 13 866
25.010000 14 842
25.010000 15 936
25.010000 16 960
26.010000 0 855
26.010000 1 956
26.010000 2 936
26.010000 3 965
26.010000 4 784
26.010000 5 953
26.010000 6 962
26.010000 7 949
26.010000 8 960
26.010000 9 944
26.010000 10 786
26.010000 11 976
26.010000 12 917
26.010000 13 887
26.010000 14 855
26.010000 15 925
26.010000 16 970
27.010000 0 828
27.010000 1 938
27.010000 2 922
27.010000 3 944
27.010000 4 749
27.010000 5 939
27.010000 6 940
27.010000 7 924
27.010000 8 942
27.010000 9 932
27.010000 10 763
27.010000 11 939
27.010000 12 905
27.010000 13 845
27.010000 14 828
27.010000 15 913
27.010000 16 953
28.010000 0 790
28.010000 1 886
28.010000 2 874
28.010000 3 893
28.010000 4 711
28.010000 5 895
28.010000 6 896
28.010000 7 882
28.010000 8 892
28.010000 9 872
28.010000 10 715
28.010000 11 901
28.010000 12 855
28.010000 13 818
28.010000 14 790
28.010000 15 854
28.010000 16 896
29.010000 0 776
29.010000 1 882
29.010000 2 886
29.010000 3 885
29.010000 4 699
29.010000 5 899
29.010000 6 882
29.010000 7 876
29.010000 8 890
29.010000 9 873
29.010000 10 719
29.010000 11 898
29.010000 12 873
29.010000 13 813
29.010000 14 776
29.010000 15 856
29.010000 16 891
30.010000 0 958
30.010000 1 1028
30.010000 2 1042
30.010000 3 1054
30.010000 4 864
30.010000 5 1036
30.010000 6 1055
30.010000 7 1036
30.010000 8 1056
30.010000 9 1016
30.010000 10 873
30.010000 11 1058
30.010000 12 1011
30.010000 13 969
30.010000 14 958
30.010000 15 1004
30.010000 16 1060
31.010000 0 795
31.010000 1 886
31.010000 2 863
31.010000 3 882
31.010000 4 697
31.010000 5 884
31.010000 6 877
31.010000 7 862
31.010000 8 879
31.010000 9 873
31.010000 10 699
31.010000 11 892
31.010000 12 857
31.010000 13 788
31.010000 14 795
31.010000 15 852
31.010000 16 888
32.010000 0 860
32.010000 1 955
32.010000 2 941
32.010000 3 962
32.010000 4 773
32.010000 5 952
32.010000 6 957
32.010000 7 949
32.010000 8 961
32.010000 9 934
32.010000 10 777
32.010000 11 960
32.010000 12 916
32.010000 13 870
32.010000 14 860
32.010000 15 915
32.010000 16 967
33.010000 0 799
33.010000 1 914
33.010000 2 890
33.010000 3 919
33.010000 4 746
33.010000 5 905
33.010000 6 913
33.010000 7 915
33.010000 8 909
33.010000 9 892
33.010000 10 741
33.010000 11 904
33.010000 12 870
33.010000 13 830
33.010000 14 799
33.010000 15 873
33.010000 16 917
34.010000 0 877
34.010000 1 979
34.010000 2 977
34.010000 3 985
34.010000 4 793
34.010000 5 984
34.010000 6 971
34.010000 7 970
34.010000 8 986
34.010000 9 972
34.010000 10 802
34.010000 11 991
34.010000 12 960
34.010000 13 902
34.010000 14 877
34.010000 15 961
34.010000 16 993
35.010000 0 845
35.010000 1 920
35.010000 2 919
35.010000 3 948
35.010000 4 760
35.010000 5 931
35.010000 6 944
35.010000 7 918
35.010000 8 935
35.010000 9 918
35.010000 10 767
35.010000 11 941
35.010000 12 897
35.010000 13 859
35.010000 14 845
35.010000 15 901
35.010000 16 940
36.010000 0 779
36.010000 1 897
36.010000 2 876
36.010000 3 894
36.010000 4 698
36.010000 5 890
36.010000 6 889
36.010000 7 879
36.010000 8 892
36.010000 9 880
36.010000 10 733
36.010000 11 896
36.010000 12 860
36.010000 13 816
36.010000 14 779
36.010000 15 864
36.010000 16 902
37.010000 0 806
37.010000 1 902
37.010000 2 894
37.010000 3 910
37.010000 4 724
37.010000 5 903
37.010000 6 905
37.010000 7 903
37.010000 8 903
37.010000 9 896
37.010000 10 704
37.010000 11 917
37.010000 12 878
37.010000 13 826
37.010000 14 806
37.010000 15 881
37.010000 16 910
38.010000 0 810
38.010000 1 915
38.010000 2 896
38.010000 3 923
38.010000 4 733
38.010000 5 921
38.010000 6 913
38.010000 7 917
38.010000 8 928
38.010000 9 905
38.010000 10 740
38.010000 11 934
38.010000 12 879
38.010000 13 838
38.010000 14 810
38.010000 15 878
38.010000 16 938
39.010000 0 804
39.010000 1 898
39.010000 2 888
39.010000 3 915
39.010000 4 716
39.010000 5 896
39.010000 6 903
39.010000 7 884
39.010000 8 901
39.010000 9 899
39.010000 10 730
39.010000 11 907
39.010000 12 869
39.010000 13 816
39.010000 14 804
39.010000 15 886
39.010000 16 907
40.010000 0 837
40.010000 1 936
40.010000 2 934
40.010000 3 947
40.010000 4 741
40.010000 5 944
40.010000 6 948
40.010000 7 934
40.010000 8 945
40.010000 9 934
40.010000 10 784
40.010000 11 952
40.010000 12 917
40.010000 13 875
40.010000 14 837
40.010000 15 924
40.010000 16 951
41.010000 0 760
41.010000 1 856
41.010000 2 854
41.010000 3 861
41.010000 4 683
41.010000 5 861
41.010000 6 871
41.010000 7 850
41.010000 8 857
41.010000 9 859
41.010000 10 685
41.010000 11 864
41.010000 12 848
41.010000 13 794
41.010000 14 760
41.010000 15 846
41.010000 16 876
42.010000 0 888
42.010000 1 986
42.010000 2 969
42.010000 3 991
42.010000 4 817
42.010000 5 991
42.010000 6 973
42.010000 7 976
42.010000 8 993
42.010000 9 964
42.010000 10 801
42.010000 11 996
42.010000 12 955
42.010000 13 902
42.010000 14 888
42.010000 15 942
42.010000 16 1000
43.010000 0 854
43.010000 1 959
43.010000 2 939
43.010000 3 969
43.010000 4 780
43.010000 5 961
43.010000 6 961
43.010000 7 952
43.010000 8 962
43.010000 9 953
43.010000 10 788
43.010000 11 966
43.010000 12 918
43.010000 13 881
43.010000 14 854
43.010000 15 926
43.010000 16 971
44.010000 0 743
44.010000 1 836
44.010000 2 825
44.010000 3 843
44.010000 4 653
44.010000 5 852
44.010000 6 839
44.010000 7 845
44.010000 8 842
44.010000 9 843
44.010000 10 655
44.010000 11 853
44.010000 12 819
44.010000 13 756
44.010000 14 743
44.010000 15 824
44.010000 16 847
45.010000 0 842
45.010000 1 922
45.010000 2 934
45.010000 3 946
45.010000 4 752
45.010000 5 932
45.010000 6 952
45.010000 7 928
45.010000 8 957
45.010000 9 918
45.010000 10 776
45.010000 11 951
45.010000 12 908
45.010000 13 866
45.010000 14 842
45.010000 15 902
45.010000 16 947
46.010000 0 868
46.010000 1 996
46.010000 2 994
46.010000 3 1003
46.010000 4 815
46.010000 5 1006
46.010000 6 1002
46.010000 7 980
46.010000 8 987
46.010000 9 979
46.010000 10 826
46.010000 11 995
46.010000 12 968
46.010000 13 920
46.010000 14 868
46.010000 15 971
46.010000 16 1006
47.010000 0 868
47.010000 1 964
47.010000 2 943
47.010000 3 971
47.010000 4 785
47.010000 5 967
47.010000 6 965
47.010000 7 955
47.010000 8 968
47.010000 9 951
47.010000 10 792
47.010000 11 971
47.010000 12 926
47.010000 13 885
47.010000 14 868
47.010000 15 923
47.010000 16 976
48.010000 0 727
48.010000 1 823
48.010000 2 835
48.010000 3 816
48.010000 4 650
48.010000 5 833
48.010000 6 821
48.010000 7 812
48.010000 8 838
48.010000 9 819
48.010000 10 668
48.010000 11 838
48.010000 12 829
48.010000 13 755
48.010000 14 727
48.010000 15 805
48.010000 16 841
49.010000 0 908
49.010000 1 1000
49.010000 2 973
49.010000 3 1021
49.010000 4 811
49.010000 5 1008
49.010000 6 1006
49.010000 7 998
49.010000 8 1006
49.010000 9 978
49.010000 10 810
49.010000 11 1013
49.010000 12 942
49.010000 13 911
49.010000 14 908
49.010000 15 958
49.010000 16 1012
50.010000 0 841
50.010000 1 919
50.010000 2 906
50.010000 3 915
50.010000 4 765
50.010000 5 926
50.010000 6 924
50.010000 7 912
50.010000 8 928
50.010000 9 907
50.010000 10 764
50.010000 11 931
50.010000 12 888
50.010000 13 846
50.010000 14 841
50.010000 15 890
50.010000 16 931
51.010000 0 814
51.010000 1 944
51.010000 2 915
51.010000 3 943
51.010000 4 714
51.010000 5 940
51.010000 6 926
51.010000 7 899
51.010000 8 928
51.010000 9 923
51.010000 10 736
51.010000 11 937
51.010000 12 910
51.010000 13 843
51.010000 14 814
51.010000 15 903
51.010000 16 940
52.010000 0 788
52.010000 1 896
52.010000 2 898
52.010000 3 888
52.010000 4 709
52.010000 5 902
52.010000 6 897
52.010000 7 908
52.010000 8 903
52.010000 9 892
52.010000 10 726
52.010000 11 911
52.010000 12 890
52.010000 13 809
52.010000 14 788
52.010000 15 876
52.010000 16 911
53.010000 0 813
53.010000 1 925
53.010000 2 903
53.010000 3 938
53.010000 4 734
53.010000 5 924
53.010000 6 923
53.010000 7 913
53.010000 8 923
53.010000 9 926
53.010000 10 745
53.010000 11 930
53.010000 12 902
53.010000 13 841
53.010000 14 813
53.010000 15 907
53.010000 16 938
54.010000 0 925
54.010000 1 1026
54.010000 2 1019
54.010000 3 1025
54.010000 4 861
54.010000 5 1029
54.010000 6 1030
54.010000 7 998
54.010000 8 1017
54.010000 9 992
54.010000 10 877
54.010000 11 1033
54.010000 12 986
54.010000 13 964
54.010000 14 925
54.010000 15 975
54.010000 16 1049
55.010000 0 804
55.010000 1 904
55.010000 2 905
55.010000 3 908
55.010000 4 722
55.010000 5 910
55.010000 6 908
55.010000 7 897
55.010000 8 922
55.010000 9 896
55.010000 10 732
55.010000 11 911
55.010000 12 893
55.010000 13 829
55.010000 14 804
55.010000 15 884
55.010000 16 920
56.010000 0 829
56.010000 1 937
56.010000 2 921
56.010000 3 960
56.010000 4 781
56.010000 5 941
56.010000 6 944
56.010000 7 931
56.010000 8 944
56.010000 9 916
56.010000 10 786
56.010000 11 945
56.010000 12 890
56.010000 13 869
56.010000 14 829
56.010000 15 896
56.010000 16 932
57.010000 0 807
57.010000 1 923
57.010000 2 905
57.010000 3 924
57.010000 4 732
57.010000 5 931
57.010000 6 919
57.010000 7 918
57.010000 8 907
57.010000 9 911
57.010000 10 742
57.010000 11 926
57.010000 12 896
57.010000 13 842
57.010000 14 807
57.010000 15 894
57.010000 16 937
58.010000 0 851
58.010000 1 943
58.010000 2 944
58.010000 3 936
58.010000 4 753
58.010000 5 950
58.010000 6 942
58.010000 7 931
58.010000 8 953
58.010000 9 940
58.010000 10 762
58.010000 11 944
58.010000 12 936
58.010000 13 864
58.010000 14 851
58.010000 15 922
58.010000 16 949
59.010000 0 768
59.010000 1 875
59.010000 2 866
59.010000 3 892
59.010000 4 673
59.010000 5 879
59.010000 6 878
59.010000 7 868
59.010000 8 890
59.010000 9 891
59.010000 10 697
59.010000 11 882
59.010000 12 865
59.010000 13 798
59.010000 14 768
59.010000 15 874
59.010000 16 882
60.010000 0 838
60.010000 1 936
60.010000 2 920
60.010000 3 933
60.010000 4 750
60.010000 5 935
60.010000 6 930
60.010000 7 921
60.010000 8 933
60.010000 9 936
60.010000 10 743
60.010000 11 940
60.010000 12 919
60.010000 13 850
60.010000 14 838
60.010000 15 917
60.010000 16 954
61.010000 0 866
61.010000 1 949
61.010000 2 940
61.010000 3 967
61.010000 4 782
61.010000 5 957
61.010000 6 959
61.010000 7 948
61.010000 8 962
61.010000 9 926
61.010000 10 795
61.010000 11 966
61.010000 12 900
61.010000 13 886
61.010000 14 866
61.010000 15 903
61.010000 16 954
62.010000 0 830
62.010000 1 948
62.010000 2 931
62.010000 3 962
62.010000 4 778
62.010000 5 949
62.010000 6 954
62.010000 7 961
62.010000 8 953
62.010000 9 918
62.010000 10 786
62.010000 11 959
62.010000 12 894
62.010000 13 880
62.010000 14 830
62.010000 15 900
62.010000 16 957
63.010000 0 813
63.010000 1 929
63.010000 2 922
63.010000 3 942
63.010000 4 756
63.010000 5 933
63.010000 6 941
63.010000 7 916
63.010000 8 933
63.010000 9 919
63.010000 10 766
63.010000 11 940
63.010000 12 904
63.010000 13 860
63.010000 14 813
63.010000 15 901
63.010000 16 949
64.010000 0 812
64.010000 1 908
64.010000 2 907
64.010000 3 921
64.010000 4 705
64.010000 5 909
64.010000 6 916
64.010000 7 899
64.010000 8 915
64.010000 9 899
64.010000 10 756
64.010000 11 921
64.010000 12 885
64.010000 13 843
64.010000 14 812
64.010000 15 890
64.010000 16 909
65.010000 0 778
65.010000 1 885
65.010000 2 883
65.010000 3 900
65.010000 4 699
65.010000 5 891
65.010000 6 890
65.010000 7 883
65.010000 8 885
65.010000 9 888
65.010000 10 712
65.010000 11 889
65.010000 12 879
65.010000 13 803
65.010000 14 778
65.010000 15 871
65.010000 16 896
66.010000 0 873
66.010000 1 978
66.010000 2 974
66.010000 3 991
66.010000 4 810
66.010000 5 993
66.010000 6 987
66.010000 7 974
66.010000 8 989
66.010000 9 954
66.010000 10 818
66.010000 11 990
66.010000 12 940
66.010000 13 912
66.010000 14 873
66.010000 15 937
66.010000 16 991
67.010000 0 815
67.010000 1 904
67.010000 2 898
67.010000 3 912
67.010000 4 730
67.010000 5 911
67.010000 6 921
67.010000 7 896
67.010000 8 903
67.010000 9 899
67.010000 10 713
67.010000 11 906
67.010000 12 889
67.010000 13 818
67.010000 14 815
67.010000 15 884
67.010000 16 916
68.010000 0 860
68.010000 1 969
68.010000 2 954
68.010000 3 976
68.010000 4 785
68.010000 5 972
68.010000 6 972
68.010000 7 959
68.010000 8 972
68.010000 9 963
68.010000 10 794
68.010000 11 979
68.010000 12 940
68.010000 13 890
68.010000 14 860
68.010000 15 940
68.010000 16 981
69.010000 0 731
69.010000 1 842
69.010000 2 826
69.010000 3 837
69.010000 4 669
69.010000 5 835
69.010000 6 833
69.010000 7 823
69.010000 8 836
69.010000 9 830
69.010000 10 667
69.010000 11 839
69.010000 12 819
69.010000 13 767
69.010000 14 731
69.010000 15 815
69.010000 16 845
70.010000 0 822
70.010000 1 936
70.010000 2 914
70.010000 3 933
70.010000 4 746
70.010000 5 934
70.010000 6 924
70.010000 7 921
70.010000 8 932
70.010000 9 918
70.010000 10 760
70.010000 11 946
70.010000 12 900
70.010000 13 851
70.010000 14 822
70.010000 15 895
70.010000 16 943
71.010000 0 838
71.010000 1 952
71.010000 2 945
71.010000 3 961
71.010000 4 774
71.010000 5 956
71.010000 6 958
71.010000 7 945
71.010000 8 954
71.010000 9 945
71.010000 10 789
71.010000 11 961
71.010000 12 927
71.010000 13 890
71.010000 14 838
71.010000 15 927
71.010000 16 963
72.010000 0 791
72.010000 1 887
72.010000 2 878
72.010000 3 897
72.010000 4 706
72.010000 5 885
72.010000 6 901
72.010000 7 875
72.010000 8 888
72.010000 9 877
72.010000 10 733
72.010000 11 893
72.010000 12 861
72.010000 13 822
72.010000 14 791
72.010000 15 862
72.010000 16 901
73.010000 0 801
73.010000 1 893
73.010000 2 889
73.010000 3 906
73.010000 4 714
73.010000 5 904
73.010000 6 913
73.010000 7 910
73.010000 8 918
73.010000 9 886
73.010000 10 702
73.010000 11 917
73.010000 12 868
73.010000 13 806
73.010000 14 801
73.010000 15 871
73.010000 16 905
74.010000 0 862
74.010000 1 942
74.010000 2 932
74.010000 3 953
74.010000 4 778
74.010000 5 947
74.010000 6 950
74.010000 7 938
74.010000 8 938
74.010000 9 933
74.010000 10 783
74.010000 11 955
74.010000 12 913
74.010000 13 873
74.010000 14 862
74.010000 15 911
74.010000 16 956
75.010000 0 800
75.010000 1 941
75.010000 2 927
75.010000 3 928
75.010000 4 725
75.010000 5 927
75.010000 6 925
75.010000 7 912
75.010000 8 926
75.010000 9 923
75.010000 10 748
75.010000 11 928
75.010000 12 920
75.010000 13 843
75.010000 14 800
75.010000 15 914
75.010000 16 936
76.010000 0 787
76.010000 1 874
76.010000 2 878
76.010000 3 880
76.010000 4 683
76.010000 5 880
76.010000 6 880
76.010000 7 869
76.010000 8 895
76.010000 9 873
76.010000 10 701
76.010000 11 889
76.010000 12 865
76.010000 13 802
76.010000 14 787
76.010000 15 866
76.010000 16 887
77.010000 0 896
77.010000 1 983
77.010000 2 960
77.010000 3 1004
77.010000 4 801
77.010000 5 997
77.010000 6 1001
77.010000 7 1003
77.010000 8 1000
77.010000 9 990
77.010000 10 816
77.010000 11 1006
77.010000 12 938
77.010000 13 918
77.010000 14 896
77.010000 15 961
77.010000 16 1002
78.010000 0 837
78.010000 1 929
78.010000 2 934
78.010000 3 939
78.010000 4 752
78.010000 5 935
78.010000 6 935
78.010000 7 923
78.010000 8 937
78.010000 9 915
78.010000 10 761
78.010000 11 938
78.010000 12 910
78.010000 13 854
78.010000 14 837
78.010000 15 900
78.010000 16 943
79.010000 0 829
79.010000 1 925
79.010000 2 915
79.010000 3 930
79.010000 4 744
79.010000 5 930
79.010000 6 932
79.010000 7 917
79.010000 8 929
79.010000 9 917
79.010000 10 759
79.010000 11 934
79.010000 12 901
79.010000 13 843
79.010000 14 829
79.010000 15 899
79.010000 16 937
80.010000 0 800
80.010000 1 896
80.010000 2 877
80.010000 3 902
80.010000 4 709
80.010000 5 895
80.010000 6 884
80.010000 7 900
80.010000 8 899
80.010000 9 887
80.010000 10 727
80.010000 11 902
80.010000 12 860
80.010000 13 828
80.010000 14 800
80.010000 15 865
80.010000 16 906
81.010000 0 826
81.010000 1 915
81.010000 2 907
81.010000 3 923
81.010000 4 749
81.010000 5 921
81.010000 6 925
81.010000 7 901
81.010000 8 919
81.010000 9 903
81.010000 10 757
81.010000 11 926
81.010000 12 888
81.010000 13 843
81.010000 14 826
81.010000 15 895
81.010000 16 935
82.010000 0 815
82.010000 1 956
82.010000 2 939
82.010000 3 951
82.010000 4 757
82.010000 5 948
82.010000 6 942
82.010000 7 930
82.010000 8 948
82.010000 9 928
82.010000 10 766
82.010000 11 947
82.010000 12 927
82.010000 13 852
82.010000 14 815
82.010000 15 903
82.010000 16 957
83.010000 0 866
83.010000 1 966
83.010000 2 956
83.010000 3 975
83.010000 4 787
83.010000 5 970
83.010000 6 966
83.010000 7 956
83.010000 8 972
83.010000 9 955
83.010000 10 805
83.010000 11 975
83.010000 12 941
83.010000 13 885
83.010000 14 866
83.010000 15 936
83.010000 16 979
84.010000 0 821
84.010000 1 918
84.010000 2 901
84.010000 3 927
84.010000 4 736
84.010000 5 913
84.010000 6 918
84.010000 7 908
84.010000 8 917
84.010000 9 906
84.010000 10 733
84.010000 11 924
84.010000 12 883
84.010000 13 839
84.010000 14 821
84.010000 15 889
84.010000 16 924
85.010000 0 820
85.010000 1 910
85.010000 2 902
85.010000 3 918
85.010000 4 733
85.010000 5 915
85.010000 6 914
85.010000 7 909
85.010000 8 922
85.010000 9 903
85.010000 10 743
85.010000 11 919
85.010000 12 887
85.010000 13 833
85.010000 14 820
85.010000 15 884
85.010000 16 931
86.010000 0 810
86.010000 1 911
86.010000 2 892
86.010000 3 906
86.010000 4 713
86.010000 5 903
86.010000 6 899
86.010000 7 889
86.010000 8 910
86.010000 9 894
86.010000 10 714
86.010000 11 915
86.010000 12 884
86.010000 13 809
86.010000 14 810
86.010000 15 877
86.010000 16 912
87.010000 0 772
87.010000 1 887
87.010000 2 876
87.010000 3 893
87.010000 4 683
87.010000 5 891
87.010000 6 893
87.010000 7 899
87.010000 8 895
87.010000 9 895
87.010000 10 723
87.010000 11 897
87.010000 12 864
87.010000 13 808
87.010000 14 772
87.010000 15 881
87.010000 16 896
88.010000 0 828
88.010000 1 922
88.010000 2 913
88.010000 3 940
88.010000 4 749
88.010000 5 929
88.010000 6 930
88.010000 7 917
88.010000 8 925
88.010000 9 910
88.010000 10 739
88.010000 11 933
88.010000 12 892
88.010000 13 854
88.010000 14 828
88.010000 15 893
88.010000 16 926
89.010000 0 743
89.010000 1 856
89.010000 2 847
89.010000 3 857
89.010000 4 669
89.010000 5 852
89.010000 6 857
89.010000 7 856
89.010000 8 854
89.010000 9 853
89.010000 10 689
89.010000 11 857
89.010000 12 835
89.010000 13 780
89.010000 14 743
89.010000 15 844
89.010000 16 870
90.010000 0 807
90.010000 1 905
90.010000 2 902
90.010000 3 904
90.010000 4 710
90.010000 5 910
90.010000 6 901
90.010000 7 890
90.010000 8 902
90.010000 9 900
90.010000 10 712
90.010000 11 907
90.010000 12 897
90.010000 13 816
90.010000 14 807
90.010000 15 888
90.010000 16 911
91.010000 0 907
91.010000 1 972
91.010000 2 976
91.010000 3 1006
91.010000 4 824
91.010000 5 994
91.010000 6 1002
91.010000 7 970
91.010000 8 1000
91.010000 9 970
91.010000 10 829
91.010000 11 1003
91.010000 12 922
91.010000 13 924
91.010000 14 907
91.010000 15 955
91.010000 16 1000
92.010000 0 780
92.010000 1 911
92.010000 2 889
92.010000 3 902
92.010000 4 721
92.010000 5 903
92.010000 6 893
92.010000 7 898
92.010000 8 905
92.010000 9 866
92.010000 10 709
92.010000 11 898
92.010000 12 883
92.010000 13 804
92.010000 14 780
92.010000 15 840
92.010000 16 907
93.010000 0 804
93.010000 1 923
93.010000 2 924
93.010000 3 930
93.010000 4 752
93.010000 5 929
93.010000 6 925
93.010000 7 915
93.010000 8 930
93.010000 9 914
93.010000 10 757
93.010000 11 933
93.010000 12 906
93.010000 13 848
93.010000 14 804
93.010000 15 896
93.010000 16 944
94.010000 0 823
94.010000 1 930
94.010000 2 914
94.010000 3 941
94.010000 4 773
94.010000 5 937
94.010000 6 938
94.010000 7 926
94.010000 8 934
94.010000 9 924
94.010000 10 771
94.010000 11 941
94.010000 12 901
94.010000 13 859
94.010000 14 823
94.010000 15 909
94.010000 16 934
95.010000 0 824
95.010000 1 923
95.010000 2 916
95.010000 3 933
95.010000 4 761
95.010000 5 927
95.010000 6 928
95.010000 7 916
95.010000 8 926
95.010000 9 907
95.010000 10 763
95.010000 11 933
95.010000 12 891
95.010000 13 851
95.010000 14 824
95.010000 15 888
95.010000 16 946
96.010000 0 889
96.010000 1 994
96.010000 2 978
96.010000 3 1010
96.010000 4 811
96.010000 5 996
96.010000 6 993
96.010000 7 986
96.010000 8 988
96.010000 9 983
96.010000 10 821
96.010000 11 1002
96.010000 12 959
96.010000 13 920
96.010000 14 889
96.010000 15 963
96.010000 16 993
97.010000 0 789
97.010000 1 901
97.010000 2 898
97.010000 3 901
97.010000 4 724
97.010000 5 902
97.010000 6 899
97.010000 7 885
97.010000 8 903
97.010000 9 887
97.010000 10 733
97.010000 11 906
97.010000 12 883
97.010000 13 825
97.010000 14 789
97.010000 15 868
97.010000 16 911
98.010000 0 798
98.010000 1 891
98.010000 2 891
98.010000 3 902
98.010000 4 720
98.010000 5 903
98.010000 6 902
98.010000 7 888
98.010000 8 905
98.010000 9 891
98.010000 10 736
98.010000 11 903
98.010000 12 876
98.010000 13 831
98.010000 14 798
98.010000 15 886
98.010000 16 903
99.010000 0 865
99.010000 1 964
99.010000 2 946
99.010000 3 974
99.010000 4 791
99.010000 5 963
99.010000 6 968
99.010000 7 957
99.010000 8 973
99.010000 9 952
99.010000 10 791
99.010000 11 975
99.010000 12 927
99.010000 13 888
99.010000 14 865
99.010000 15 915
99.010000 16 980
100.010000 0 809
100.010000 1 909
100.010000 2 903
100.010000 3 910
100.010000 4 725
100.010000 5 911
100.010000 6 907
100.010000 7 901
100.010000 8 909
100.010000 9 900
100.010000 10 727
100.010000 11 911
100.010000 12 893
100.010000 13 826
100.010000 14 809
100.010000 15 882
100.010000 16 920
101.010000 0 817
101.010000 1 929
101.010000 2 928
101.010000 3 937
101.010000 4 750
101.010000 5 938
101.010000 6 935
101.010000 7 923
101.010000 8 939
101.010000 9 923
101.010000 10 774
101.010000 11 944
101.010000 12 912
101.010000 13 861
101.010000 14 817
101.010000 15 902
101.010000 16 947
102.010000 0 848
102.010000 1 935
102.010000 2 925
102.010000 3 933
102.010000 4 734
102.010000 5 937
102.010000 6 932
102.010000 7 943
102.010000 8 945
102.010000 9 921
102.010000 10 753
102.010000 11 945
102.010000 12 903
102.010000 13 859
102.010000 14 848
102.010000 15 906
102.010000 16 948
103.010000 0 786
103.010000 1 880
103.010000 2 875
103.010000 3 894
103.010000 4 719
103.010000 5 884
103.010000 6 882
103.010000 7 875
103.010000 8 883
103.010000 9 861
103.010000 10 709
103.010000 11 894
103.010000 12 856
103.010000 13 805
103.010000 14 786
103.010000 15 851
103.010000 16 896
104.010000 0 853
104.010000 1 953
104.010000 2 952
104.010000 3 951
104.010000 4 775
104.010000 5 970
104.010000 6 959
104.010000 7 960
104.010000 8 968
104.010000 9 938
104.010000 10 766
104.010000 11 965
104.010000 12 935
104.010000 13 868
104.010000 14 853
104.010000 15 915
104.010000 16 966
105.010000 0 902
105.010000 1 990
105.010000 2 989
105.010000 3 1017
105.010000 4 813
105.010000 5 999
105.010000 6 1013
105.010000 7 998
105.010000 8 1009
105.010000 9 992
105.010000 10 838
105.010000 11 1016
105.010000 12 964
105.010000 13 940
105.010000 14 902
105.010000 15 984
105.010000 16 1004
106.010000 0 796
106.010000 1 882
106.010000 2 888
106.010000 3 886
106.010000 4 716
106.010000 5 886
106.010000 6 885
106.010000 7 871
106.010000 8 885
106.010000 9 871
106.010000 10 716
106.010000 11 889
106.010000 12 871
106.010000 13 805
106.010000 14 796
106.010000 15 862
106.010000 16 893
107.010000 0 861
107.010000 1 981
107.010000 2 967
107.010000 3 988
107.010000 4 796
107.010000 5 985
107.010000 6 982
107.010000 7 973
107.010000 8 982
107.010000 9 971
107.010000 10 815
107.010000 11 987
107.010000 12 950
107.010000 13 906
107.010000 14 861
107.010000 15 954
107.010000 16 988
108.010000 0 771
108.010000 1 861
108.010000 2 847
108.010000 3 859
108.010000 4 671
108.010000 5 851
108.010000 6 858
108.010000 7 846
108.010000 8 861
108.010000 9 844
108.010000 10 684
108.010000 11 869
108.010000 12 832
108.010000 13 772
108.010000 14 771
108.010000 15 832
108.010000 16 872
109.010000 0 845
109.010000 1 962
109.010000 2 943
109.010000 3 967
109.010000 4 779
109.010000 5 962
109.010000 6 959
109.010000 7 955
109.010000 8 963
109.010000 9 955
109.010000 10 779
109.010000 11 973
109.010000 12 923
109.010000 13 882
109.010000 14 845
109.010000 15 932
109.010000 16 972
110.010000 0 699
110.010000 1 786
110.010000 2 797
110.010000 3 790
110.010000 4 592
110.010000 5 803
110.010000 6 794
110.010000 7 778
110.010000 8 805
110.010000 9 796
110.010000 10 613
110.010000 11 794
110.010000 12 790
110.010000 13 702
110.010000 14 699
110.010000 15 793
110.010000 16 794
111.010000 0 867
111.010000 1 962
111.010000 2 971
111.010000 3 970
111.010000 4 771
111.010000 5 968
111.010000 6 966
111.010000 7 951
111.010000 8 964
111.010000 9 957
111.010000 10 764
111.010000 11 968
111.010000 12 960
111.010000 13 878
111.010000 14 867
111.010000 15 956
111.010000 16 978
112.010000 0 794
112.010000 1 887
112.010000 2 886
112.010000 3 891
112.010000 4 712
112.010000 5 888
112.010000 6 891
112.010000 7 888
112.010000 8 887
112.010000 9 876
112.010000 10 708
112.010000 11 892
112.010000 12 873
112.010000 13 799
112.010000 14 794
112.010000 15 872
112.010000 16 896
113.010000 0 905
113.010000 1 1004
113.010000 2 967
113.010000 3 1024
113.010000 4 846
113.010000 5 1026
113.010000 6 1013
113.010000 7 1008
113.010000 8 1028
113.010000 9 1004
113.010000 10 840
113.010000 11 1030
113.010000 12 951
113.010000 13 946
113.010000 14 905
113.010000 15 935
113.010000 16 1035
114.010000 0 783
114.010000 1 889
114.010000 2 875
114.010000 3 899
114.010000 4 721
114.010000 5 891
114.010000 6 894
114.010000 7 882
114.010000 8 881
114.010000 9 878
114.010000 10 767
114.010000 11 896
114.010000 12 856
114.010000 13 850
114.010000 14 783
114.010000 15 858
114.010000 16 906
115.010000 0 790
115.010000 1 870
115.010000 2 859
115.010000 3 873
115.010000 4 715
115.010000 5 871
115.010000 6 869
115.010000 7 873
115.010000 8 887
115.010000 9 861
115.010000 10 686
115.010000 11 880
115.010000 12 844
115.010000 13 769
115.010000 14 790
115.010000 15 845
115.010000 16 884
116.010000 0 901
116.010000 1 1019
116.010000 2 1014
116.010000 3 1033
116.010000 4 803
116.010000 5 1023
116.010000 6 1019
116.010000 7 994
116.010000 8 1019
116.010000 9 1010
116.010000 10 816
116.010000 11 1021
116.010000 12 992
116.010000 13 925
116.010000 14 901
116.010000 15 992
116.010000 16 1027
117.010000 0 816
117.010000 1 930
117.010000 2 908
117.010000 3 923
117.010000 4 727
117.010000 5 922
117.010000 6 918
117.010000 7 916
117.010000 8 917
117.010000 9 915
117.010000 10 727
117.010000 11 921
117.010000 12 902
117.010000 13 829
117.010000 14 816
117.010000 15 900
117.010000 16 929
118.010000 0 804
118.010000 1 923
118.010000 2 926
118.010000 3 930
118.010000 4 743
118.010000 5 925
118.010000 6 930
118.010000 7 920
118.010000 8 926
118.010000 9 905
118.010000 10 759
118.010000 11 930
118.010000 12 900
118.010000 13 860
118.010000 14 804
118.010000 15 893
118.010000 16 934
119.010000 0 861
119.010000 1 954
119.010000 2 951
119.010000 3 950
119.010000 4 772
119.010000 5 959
119.010000 6 961
119.010000 7 948
119.010000 8 960
119.010000 9 962
119.010000 10 779
119.010000 11 967
119.010000 12 943
119.010000 13 885
119.010000 14 861
119.010000 15 944
119.010000 16 961
120.010000 0 788
120.010000 1 903
120.010000 2 896
120.010000 3 919
120.010000 4 712
120.010000 5 907
120.010000 6 904
120.010000 7 892
120.010000 8 907
120.010000 9 899
120.010000 10 736
120.010000 11 910
120.010000 12 883
120.010000 13 835
120.010000 14 788
120.010000 15 882
120.010000 16 921
121.010000 0 928
121.010000 1 1016
121.010000 2 990
121.010000 3 1020
121.010000 4 837
121.010000 5 1010
121.010000 6 1015
121.010000 7 1003
121.010000 8 1012
121.010000 9 981
121.010000 10 843
121.010000 11 1010
121.010000 12 953
121.010000 13 935
121.010000 14 928
121.010000 15 957
121.010000 16 1024
122.010000 0 827
122.010000 1 934
122.010000 2 919
122.010000 3 934
122.010000 4 764
122.010000 5 948
122.010000 6 936
122.010000 7 928
122.010000 8 948
122.010000 9 940
122.010000 10 762
122.010000 11 956
122.010000 12 915
122.010000 13 857
122.010000 14 827
122.010000 15 916
122.010000 16 944
123.010000 0 808
123.010000 1 913
123.010000 2 905
123.010000 3 913
123.010000 4 736
123.010000 5 919
123.010000 6 912
123.010000 7 901
123.010000 8 919
123.010000 9 905
123.010000 10 755
123.010000 11 921
123.010000 12 893
123.010000 13 842
123.010000 14 808
123.010000 15 890
123.010000 16 923
124.010000 0 819
124.010000 1 914
124.010000 2 900
124.010000 3 918
124.010000 4 712
124.010000 5 916
124.010000 6 917
124.010000 7 914
124.010000 8 914
124.010000 9 914
124.010000 10 731
124.010000 11 921
124.010000 12 895
124.010000 13 836
124.010000 14 819
124.010000 15 897
124.010000 16 933
125.010000 0 861
125.010000 1 967
125.010000 2 952
125.010000 3 966
125.010000 4 784
125.010000 5 973
125.010000 6 953
125.010000 7 953
125.010000 8 967
125.010000 9 964
125.010000 10 777
125.010000 11 966
125.010000 12 951
125.010000 13 861
125.010000 14 861
125.010000 15 937
125.010000 16 978
126.010000 0 879
126.010000 1 943
126.010000 2 940
126.010000 3 969
126.010000 4 773
126.010000 5 949
126.010000 6 974
126.010000 7 947
126.010000 8 961
126.010000 9 909
126.010000 10 789
126.010000 11 965
126.010000 12 882
126.010000 13 886
126.010000 14 879
126.010000 15 893
126.010000 16 960
127.010000 0 871
127.010000 1 951
127.010000 2 944
127.010000 3 958
127.010000 4 788
127.010000 5 952
127.010000 6 947
127.010000 7 944
127.010000 8 953
127.010000 9 921
127.010000 10 785
127.010000 11 955
127.010000 12 912
127.010000 13 872
127.010000 14 871
127.010000 15 897
127.010000 16 964
128.010000 0 860
128.010000 1 961
128.010000 2 964
128.010000 3 972
128.010000 4 765
128.010000 5 966
128.010000 6 982
128.010000 7 952
128.010000 8 968
128.010000 9 951
128.010000 10 786
128.010000 11 972
128.010000 12 945
128.010000 13 889
128.010000 14 860
128.010000 15 944
128.010000 16 973
129.010000 0 851
129.010000 1 942
129.010000 2 935
129.010000 3 939
129.010000 4 768
129.010000 5 949
129.010000 6 940
129.010000 7 935
129.010000 8 952
129.010000 9 930
129.010000 10 779
129.010000 11 963
129.010000 12 916
129.010000 13 874
129.010000 14 851
129.010000 15 919
129.010000 16 957
130.010000 0 778
130.010000 1 884
130.010000 2 867
130.010000 3 891
130.010000 4 692
130.010000 5 884
130.010000 6 879
130.010000 7 892
130.010000 8 890
130.010000 9 879
130.010000 10 704
130.010000 11 890
130.010000 12 849
130.010000 13 801
130.010000 14 778
130.010000 15 856
130.010000 16 899
131.010000 0 841
131.010000 1 935
131.010000 2 929
131.010000 3 952
131.010000 4 750
131.010000 5 946
131.010000 6 959
131.010000 7 935
131.010000 8 945
131.010000 9 939
131.010000 10 747
131.010000 11 959
131.010000 12 912
131.010000 13 862
131.010000 14 841
131.010000 15 922
131.010000 16 950
132.010000 0 806
132.010000 1 908
132.010000 2 899
132.010000 3 918
132.010000 4 720
132.010000 5 907
132.010000 6 911
132.010000 7 904
132.010000 8 913
132.010000 9 906
132.010000 10 752
132.010000 11 914
132.010000 12 881
132.010000 13 832
132.010000 14 806
132.010000 15 891
132.010000 16 917
133.010000 0 814
133.010000 1 909
133.010000 2 898
133.010000 3 917
133.010000 4 733
133.010000 5 907
133.010000 6 907
133.010000 7 899
133.010000 8 910
133.010000 9 900
133.010000 10 721
133.010000 11 913
133.010000 12 888
133.010000 13 822
133.010000 14 814
133.010000 15 881
133.010000 16 918
134.010000 0 821
134.010000 1 922
134.010000 2 910
134.010000 3 930
134.010000 4 740
134.010000 5 939
134.010000 6 923
134.010000 7 915
134.010000 8 941
134.010000 9 917
134.010000 10 740
134.010000 11 932
134.010000 12 891
134.010000 13 851
134.010000 14 821
134.010000 15 896
134.010000 16 934
135.010000 0 865
135.010000 1 982
135.010000 2 960
135.010000 3 986
135.010000 4 807
135.010000 5 985
135.010000 6 980
135.010000 7 971
135.010000 8 981
135.010000 9 975
135.010000 10 801
135.010000 11 985
135.010000 12 951
135.010000 13 896
135.010000 14 865
135.010000 15 948
135.010000 16 995
136.010000 0 864
136.010000 1 953
136.010000 2 944
136.010000 3 960
136.010000 4 781
136.010000 5 966
136.010000 6 955
136.010000 7 928
136.010000 8 957
136.010000 9 946
136.010000 10 785
136.010000 11 965
136.010000 12 929
136.010000 13 874
136.010000 14 864
136.010000 15 927
136.010000 16 966
137.010000 0 782
137.010000 1 864
137.010000 2 871
137.010000 3 888
137.010000 4 722
137.010000 5 883
137.010000 6 885
137.010000 7 890
137.010000 8 885
137.010000 9 871
137.010000 10 731
137.010000 11 889
137.010000 12 852
137.010000 13 819
137.010000 14 782
137.010000 15 858
137.010000 16 889
138.010000 0 816
138.010000 1 948
138.010000 2 937
138.010000 3 959
138.010000 4 738
138.010000 5 961
138.010000 6 948
138.010000 7 938
138.010000 8 950
138.010000 9 937
138.010000 10 766
138.010000 11 953
138.010000 12 924
138.010000 13 870
138.010000 14 816
138.010000 15 922
138.010000 16 954
139.010000 0 841
139.010000 1 925
139.010000 2 906
139.010000 3 934
139.010000 4 763
139.010000 5 929
139.010000 6 928
139.010000 7 918
139.010000 8 933
139.010000 9 911
139.010000 10 763
139.010000 11 946
139.010000 12 890
139.010000 13 853
139.010000 14 841
139.010000 15 885
139.010000 16 930
140.010000 0 842
140.010000 1 935
140.010000 2 931
140.010000 3 947
140.010000 4 754
140.010000 5 939
140.010000 6 942
140.010000 7 936
140.010000 8 938
140.010000 9 926
140.010000 10 759
140.010000 11 943
140.010000 12 914
140.010000 13 864
140.010000 14 842
140.010000 15 917
140.010000 16 954
141.010000 0 810
141.010000 1 935
141.010000 2 924
141.010000 3 951
141.010000 4 748
141.010000 5 930
141.010000 6 932
141.010000 7 904
141.010000 8 931
141.010000 9 930
141.010000 10 770
141.010000 11 934
141.010000 12 918
141.010000 13 855
141.010000 14 810
141.010000 15 905
141.010000 16 952
142.010000 0 805
142.010000 1 914
142.010000 2 893
142.010000 3 909
142.010000 4 729
142.010000 5 908
142.010000 6 908
142.010000 7 910
142.010000 8 906
142.010000 9 898
142.010000 10 726
142.010000 11 908
142.010000 12 874
142.010000 13 810
142.010000 14 805
142.010000 15 885
142.010000 16 905
143.010000 0 874
143.010000 1 985
143.010000 2 984
143.010000 3 980
143.010000 4 785
143.010000 5 994
143.010000 6 982
143.010000 7 970
143.010000 8 983
143.010000 9 964
143.010000 10 788
143.010000 11 990
143.010000 12 976
143.010000 13 892
143.010000 14 874
143.010000 15 949
143.010000 16 998
144.010000 0 804
144.010000 1 915
144.010000 2 916
144.010000 3 920
144.010000 4 748
144.010000 5 921
144.010000 6 917
144.010000 7 900
144.010000 8 919
144.010000 9 898
144.010000 10 754
144.010000 11 919
144.010000 12 899
144.010000 13 840
144.010000 14 804
144.010000 15 880
144.010000 16 927
145.010000 0 767
145.010000 1 888
145.010000 2 879
145.010000 3 906
145.010000 4 715
145.010000 5 888
145.010000 6 892
145.010000 7 879
145.010000 8 887
145.010000 9 885
145.010000 10 730
145.010000 11 893
145.010000 12 858
145.010000 13 819
145.010000 14 767
145.010000 15 870
145.010000 16 893
146.010000 0 854
146.010000 1 948
146.010000 2 925
146.010000 3 945
146.010000 4 786
146.010000 5 953
146.010000 6 953
146.010000 7 944
146.010000 8 954
146.010000 9 935
146.010000 10 791
146.010000 11 961
146.010000 12 905
146.010000 13 880
146.010000 14 854
146.010000 15 918
146.010000 16 963
147.010000 0 783
147.010000 1 876
147.010000 2 874
147.010000 3 897
147.010000 4 686
147.010000 5 878
147.010000 6 894
147.010000 7 876
147.010000 8 876
147.010000 9 880
147.010000 10 681
147.010000 11 876
147.010000 12 872
147.010000 13 777
147.010000 14 783
147.010000 15 871
147.010000 16 885
148.010000 0 765
148.010000 1 867
148.010000 2 862
148.010000 3 872
148.010000 4 674
148.010000 5 869
148.010000 6 869
148.010000 7 859
148.010000 8 868
148.010000 9 883
148.010000 10 697
148.010000 11 874
148.010000 12 861
148.010000 13 798
148.010000 14 765
148.010000 15 871
148.010000 16 878
149.010000 0 866
149.010000 1 962
149.010000 2 953
149.010000 3 953
149.010000 4 781
149.010000 5 970
149.010000 6 962
149.010000 7 950
149.010000 8 970
149.010000 9 951
149.010000 10 786
149.010000 11 969
149.010000 12 948
149.010000 13 882
149.010000 14 866
149.010000 15 930
149.010000 16 980
