0.010000 0 0
0.010000 1 0
0.010000 2 0
0.010000 3 0
0.010000 4 0
0.010000 5 0
0.010000 6 0
0.010000 7 0
0.010000 8 0
0.010000 9 0
1.010000 0 0
1.010000 1 0
1.010000 2 0
1.010000 3 0
1.010000 4 0
1.010000 5 0
1.010000 6 0
1.010000 7 0
1.010000 8 0
1.010000 9 0
2.010000 0 0
2.010000 1 0
2.010000 2 0
2.010000 3 0
2.010000 4 0
2.010000 5 0
2.010000 6 0
2.010000 7 0
2.010000 8 0
2.010000 9 0
3.010000 0 0
3.010000 1 0
3.010000 2 0
3.010000 3 0
3.010000 4 0
3.010000 5 0
3.010000 6 0
3.010000 7 0
3.010000 8 0
3.010000 9 0
4.010000 0 0
4.010000 1 0
4.010000 2 0
4.010000 3 0
4.010000 4 0
4.010000 5 0
4.010000 6 0
4.010000 7 0
4.010000 8 0
4.010000 9 0
5.010000 0 0
5.010000 1 0
5.010000 2 0
5.010000 3 0
5.010000 4 0
5.010000 5 0
5.010000 6 0
5.010000 7 0
5.010000 8 0
5.010000 9 0
6.010000 0 0
6.010000 1 0
6.010000 2 0
6.010000 3 0
6.010000 4 0
6.010000 5 0
6.010000 6 0
6.010000 7 0
6.010000 8 0
6.010000 9 0
7.010000 0 0
7.010000 1 0
7.010000 2 0
7.010000 3 0
7.010000 4 0
7.010000 5 0
7.010000 6 0
7.010000 7 0
7.010000 8 0
7.010000 9 0
8.010000 0 0
8.010000 1 0
8.010000 2 0
8.010000 3 0
8.010000 4 0
8.010000 5 0
8.010000 6 0
8.010000 7 0
8.010000 8 0
8.010000 9 0
9.010000 0 0
9.010000 1 0
9.010000 2 0
9.010000 3 0
9.010000 4 0
9.010000 5 0
9.010000 6 0
9.010000 7 0
9.010000 8 0
9.010000 9 0
10.010000 0 0
10.010000 1 0
10.010000 2 0
10.010000 3 0
10.010000 4 0
10.010000 5 0
10.010000 6 0
10.010000 7 0
10.010000 8 0
10.010000 9 0
11.010000 0 0
11.010000 1 0
11.010000 2 0
11.010000 3 0
11.010000 4 0
11.010000 5 0
11.010000 6 0
11.010000 7 0
11.010000 8 0
11.010000 9 0
12.010000 0 0
12.010000 1 0
12.010000 2 0
12.010000 3 0
12.010000 4 0
12.010000 5 0
12.010000 6 0
12.010000 7 0
12.010000 8 0
12.010000 9 0
13.010000 0 0
13.010000 1 0
13.010000 2 0
13.010000 3 0
13.010000 4 0
13.010000 5 0
13.010000 6 0
13.010000 7 0
13.010000 8 0
13.010000 9 0
14.010000 0 0
14.010000 1 0
14.010000 2 0
14.010000 3 0
14.010000 4 0
14.010000 5 0
14.010000 6 0
14.010000 7 0
14.010000 8 0
14.010000 9 0
15.010000 0 2
15.010000 1 2
15.010000 2 3
15.010000 3 2
15.010000 4 3
15.010000 5 3
15.010000 6 3
15.010000 7 3
15.010000 8 2
15.010000 9 3
16.010000 0 436
16.010000 1 350
16.010000 2 410
16.010000 3 432
16.010000 4 320
16.010000 5 459
16.010000 6 410
16.010000 7 396
16.010000 8 436
16.010000 9 459
17.010000 0 318
17.010000 1 242
17.010000 2 298
17.010000 3 316
17.010000 4 224
17.010000 5 336
17.010000 6 298
17.010000 7 282
17.010000 8 318
17.010000 9 336
18.010000 0 325
18.010000 1 251
18.010000 2 311
18.010000 3 331
18.010000 4 231
18.010000 5 347
18.010000 6 311
18.010000 7 286
18.010000 8 325
18.010000 9 347
19.010000 0 330
19.010000 1 250
19.010000 2 309
19.010000 3 326
19.010000 4 232
19.010000 5 348
19.010000 6 309
19.010000 7 293
19.010000 8 330
19.010000 9 348
20.010000 0 328
20.010000 1 250
20.010000 2 309
20.010000 3 328
20.010000 4 232
20.010000 5 348
20.010000 6 309
20.010000 7 293
20.010000 8 328
20.010000 9 348
21.010000 0 329
21.010000 1 251
21.010000 2 307
21.010000 3 327
21.010000 4 232
21.010000 5 347
21.010000 6 307
21.010000 7 289
21.010000 8 329
21.010000 9 347
22.010000 0 332
22.010000 1 256
22.010000 2 310
22.010000 3 332
22.010000 4 233
22.010000 5 350
22.010000 6 310
22.010000 7 287
22.010000 8 332
22.010000 9 350
23.010000 0 340
23.010000 1 258
23.010000 2 320
23.010000 3 338
23.010000 4 240
23.010000 5 360
23.010000 6 320
23.010000 7 304
23.010000 8 340
23.010000 9 360
24.010000 0 371
24.010000 1 285
24.010000 2 354
24.010000 3 375
24.010000 4 263
24.010000 5 395
24.010000 6 354
24.010000 7 327
24.010000 8 371
24.010000 9 395
25.010000 0 346
25.010000 1 265
25.010000 2 329
25.010000 3 346
25.010000 4 244
25.010000 5 368
25.010000 6 329
25.010000 7 310
25.010000 8 346
25.010000 9 368
26.010000 0 338
26.010000 1 257
26.010000 2 314
26.010000 3 334
26.010000 4 239
26.010000 5 356
26.010000 6 314
26.010000 7 298
26.010000 8 338
26.010000 9 356
27.010000 0 347
27.010000 1 265
27.010000 2 329
27.010000 3 351
27.010000 4 246
27.010000 5 369
27.010000 6 329
27.010000 7 307
27.010000 8 347
27.010000 9 369
28.010000 0 338
28.010000 1 258
28.010000 2 322
28.010000 3 340
28.010000 4 240
28.010000 5 360
28.010000 6 322
28.010000 7 302
28.010000 8 338
28.010000 9 360
29.010000 0 352
29.010000 1 269
29.010000 2 334
29.010000 3 354
29.010000 4 249
29.010000 5 374
29.010000 6 334
29.010000 7 312
29.010000 8 352
29.010000 9 374
30.010000 0 338
30.010000 1 258
30.010000 2 322
30.010000 3 340
30.010000 4 240
30.010000 5 360
30.010000 6 322
30.010000 7 302
30.010000 8 338
30.010000 9 360
31.010000 0 334
31.010000 1 254
31.010000 2 312
31.010000 3 332
31.010000 4 234
31.010000 5 352
31.010000 6 312
31.010000 7 294
31.010000 8 334
31.010000 9 352
32.010000 0 321
32.010000 1 245
32.010000 2 301
32.010000 3 319
32.010000 4 225
32.010000 5 339
32.010000 6 301
32.010000 7 284
32.010000 8 321
32.010000 9 339
33.010000 0 331
33.010000 1 255
33.010000 2 315
33.010000 3 335
33.010000 4 237
33.010000 5 353
33.010000 6 315
33.010000 7 292
33.010000 8 331
33.010000 9 353
34.010000 0 341
34.010000 1 261
34.010000 2 318
34.010000 3 339
34.010000 4 239
34.010000 5 359
34.010000 6 318
34.010000 7 297
34.010000 8 341
34.010000 9 359
35.010000 0 345
35.010000 1 263
35.010000 2 316
35.010000 3 339
35.010000 4 241
35.010000 5 361
35.010000 6 316
35.010000 7 301
35.010000 8 345
35.010000 9 361
36.010000 0 338
36.010000 1 260
36.010000 2 322
36.010000 3 342
36.010000 4 240
36.010000 5 360
36.010000 6 322
36.010000 7 298
36.010000 8 338
36.010000 9 360
37.010000 0 296
37.010000 1 226
37.010000 2 276
37.010000 3 294
37.010000 4 208
37.010000 5 312
37.010000 6 276
37.010000 7 260
37.010000 8 296
37.010000 9 312
38.010000 0 344
38.010000 1 264
38.010000 2 316
38.010000 3 340
38.010000 4 240
38.010000 5 360
38.010000 6 316
38.010000 7 296
38.010000 8 344
38.010000 9 360
39.010000 0 339
39.010000 1 260
39.010000 2 319
39.010000 3 337
39.010000 4 239
39.010000 5 359
39.010000 6 319
39.010000 7 301
39.010000 8 339
39.010000 9 359
40.010000 0 378
40.010000 1 286
40.010000 2 357
40.010000 3 379
40.010000 4 268
40.010000 5 401
40.010000 6 357
40.010000 7 337
40.010000 8 378
40.010000 9 401
41.010000 0 342
41.010000 1 262
41.010000 2 318
41.010000 3 340
41.010000 4 240
41.010000 5 360
41.010000 6 318
41.010000 7 298
41.010000 8 342
41.010000 9 360
42.010000 0 329
42.010000 1 254
42.010000 2 313
42.010000 3 333
42.010000 4 235
42.010000 5 351
42.010000 6 313
42.010000 7 291
42.010000 8 329
42.010000 9 351
43.010000 0 365
43.010000 1 280
43.010000 2 347
43.010000 3 365
43.010000 4 256
43.010000 5 387
43.010000 6 347
43.010000 7 322
43.010000 8 365
43.010000 9 387
44.010000 0 331
44.010000 1 253
44.010000 2 319
44.010000 3 339
44.010000 4 237
44.010000 5 355
44.010000 6 319
44.010000 7 296
44.010000 8 331
44.010000 9 355
45.010000 0 341
45.010000 1 261
45.010000 2 321
45.010000 3 341
45.010000 4 241
45.010000 5 361
45.010000 6 321
45.010000 7 300
45.010000 8 341
45.010000 9 361
46.010000 0 360
46.010000 1 272
46.010000 2 338
46.010000 3 356
46.010000 4 252
46.010000 5 380
46.010000 6 338
46.010000 7 322
46.010000 8 360
46.010000 9 380
47.010000 0 309
47.010000 1 235
47.010000 2 290
47.010000 3 307
47.010000 4 219
47.010000 5 327
47.010000 6 290
47.010000 7 275
47.010000 8 309
47.010000 9 327
48.010000 0 340
48.010000 1 263
48.010000 2 325
48.010000 3 346
48.010000 4 244
48.010000 5 364
48.010000 6 325
48.010000 7 302
48.010000 8 340
48.010000 9 364
49.010000 0 356
49.010000 1 270
49.010000 2 338
49.010000 3 358
49.010000 4 252
49.010000 5 378
49.010000 6 338
49.010000 7 316
49.010000 8 356
49.010000 9 378
50.010000 0 322
50.010000 1 248
50.010000 2 303
50.010000 3 322
50.010000 4 225
50.010000 5 340
50.010000 6 303
50.010000 7 280
50.010000 8 322
50.010000 9 340
51.010000 0 318
51.010000 1 247
51.010000 2 303
51.010000 3 324
51.010000 4 228
51.010000 5 340
51.010000 6 303
51.010000 7 280
51.010000 8 318
51.010000 9 340
52.010000 0 318
52.010000 1 245
52.010000 2 300
52.010000 3 318
52.010000 4 223
52.010000 5 336
52.010000 6 300
52.010000 7 276
52.010000 8 318
52.010000 9 336
53.010000 0 352
53.010000 1 265
53.010000 2 328
53.010000 3 348
53.010000 4 249
53.010000 5 372
53.010000 6 328
53.010000 7 318
53.010000 8 352
53.010000 9 372
54.010000 0 337
54.010000 1 256
54.010000 2 319
54.010000 3 337
54.010000 4 237
54.010000 5 357
54.010000 6 319
54.010000 7 299
54.010000 8 337
54.010000 9 357
55.010000 0 328
55.010000 1 248
55.010000 2 310
55.010000 3 326
55.010000 4 232
55.010000 5 348
55.010000 6 310
55.010000 7 296
55.010000 8 328
55.010000 9 348
56.010000 0 328
56.010000 1 252
56.010000 2 310
56.010000 3 330
56.010000 4 232
56.010000 5 348
56.010000 6 310
56.010000 7 288
56.010000 8 328
56.010000 9 348
57.010000 0 388
57.010000 1 298
57.010000 2 360
57.010000 3 386
57.010000 4 272
57.010000 5 408
57.010000 6 360
57.010000 7 336
57.010000 8 388
57.010000 9 408
58.010000 0 365
58.010000 1 277
58.010000 2 345
58.010000 3 365
58.010000 4 258
58.010000 5 387
58.010000 6 345
58.010000 7 325
58.010000 8 365
58.010000 9 387
59.010000 0 331
59.010000 1 252
59.010000 2 305
59.010000 3 325
59.010000 4 231
59.010000 5 347
59.010000 6 305
59.010000 7 291
59.010000 8 331
59.010000 9 347
60.010000 0 350
60.010000 1 268
60.010000 2 332
60.010000 3 352
60.010000 4 248
60.010000 5 372
60.010000 6 332
60.010000 7 310
60.010000 8 350
60.010000 9 372
61.010000 0 351
61.010000 1 270
61.010000 2 335
61.010000 3 355
61.010000 4 251
61.010000 5 375
61.010000 6 335
61.010000 7 313
61.010000 8 351
61.010000 9 375
62.010000 0 358
62.010000 1 273
62.010000 2 340
62.010000 3 360
62.010000 4 252
62.010000 5 380
62.010000 6 340
62.010000 7 317
62.010000 8 358
62.010000 9 380
63.010000 0 336
63.010000 1 258
63.010000 2 310
63.010000 3 330
63.010000 4 235
63.010000 5 352
63.010000 6 310
63.010000 7 291
63.010000 8 336
63.010000 9 352
64.010000 0 315
64.010000 1 240
64.010000 2 299
64.010000 3 319
64.010000 4 223
64.010000 5 335
64.010000 6 299
64.010000 7 279
64.010000 8 315
64.010000 9 335
65.010000 0 328
65.010000 1 248
65.010000 2 310
65.010000 3 326
65.010000 4 232
65.010000 5 348
65.010000 6 310
65.010000 7 296
65.010000 8 328
65.010000 9 348
66.010000 0 311
66.010000 1 239
66.010000 2 291
66.010000 3 311
66.010000 4 220
66.010000 5 329
66.010000 6 291
66.010000 7 273
66.010000 8 311
66.010000 9 329
67.010000 0 320
67.010000 1 243
67.010000 2 304
67.010000 3 322
67.010000 4 227
67.010000 5 340
67.010000 6 304
67.010000 7 284
67.010000 8 320
67.010000 9 340
68.010000 0 357
68.010000 1 275
68.010000 2 335
68.010000 3 357
68.010000 4 250
68.010000 5 377
68.010000 6 335
68.010000 7 311
68.010000 8 357
68.010000 9 377
69.010000 0 343
69.010000 1 263
69.010000 2 323
69.010000 3 341
69.010000 4 242
69.010000 5 363
69.010000 6 323
69.010000 7 303
69.010000 8 343
69.010000 9 363
70.010000 0 350
70.010000 1 268
70.010000 2 329
70.010000 3 353
70.010000 4 248
70.010000 5 371
70.010000 6 329
70.010000 7 307
70.010000 8 350
70.010000 9 371
71.010000 0 345
71.010000 1 264
71.010000 2 319
71.010000 3 341
71.010000 4 243
71.010000 5 363
71.010000 6 319
71.010000 7 303
71.010000 8 345
71.010000 9 363
72.010000 0 315
72.010000 1 240
72.010000 2 297
72.010000 3 315
72.010000 4 221
72.010000 5 333
72.010000 6 297
72.010000 7 277
72.010000 8 315
72.010000 9 333
73.010000 0 349
73.010000 1 265
73.010000 2 325
73.010000 3 345
73.010000 4 243
73.010000 5 367
73.010000 6 325
73.010000 7 308
73.010000 8 349
73.010000 9 367
74.010000 0 357
74.010000 1 275
74.010000 2 333
74.010000 3 357
74.010000 4 253
74.010000 5 377
74.010000 6 333
74.010000 7 310
74.010000 8 357
74.010000 9 377
75.010000 0 349
75.010000 1 266
75.010000 2 329
75.010000 3 347
75.010000 4 245
75.010000 5 369
75.010000 6 329
75.010000 7 309
75.010000 8 349
75.010000 9 369
76.010000 0 327
76.010000 1 248
76.010000 2 309
76.010000 3 327
76.010000 4 231
76.010000 5 347
76.010000 6 309
76.010000 7 293
76.010000 8 327
76.010000 9 347
77.010000 0 337
77.010000 1 261
77.010000 2 321
77.010000 3 343
77.010000 4 239
77.010000 5 359
77.010000 6 321
77.010000 7 294
77.010000 8 337
77.010000 9 359
78.010000 0 301
78.010000 1 231
78.010000 2 279
78.010000 3 299
78.010000 4 213
78.010000 5 317
78.010000 6 279
78.010000 7 262
78.010000 8 301
78.010000 9 317
79.010000 0 340
79.010000 1 260
79.010000 2 320
79.010000 3 340
79.010000 4 240
79.010000 5 360
79.010000 6 320
79.010000 7 300
79.010000 8 340
79.010000 9 360
80.010000 0 345
80.010000 1 266
80.010000 2 327
80.010000 3 347
80.010000 4 247
80.010000 5 367
80.010000 6 327
80.010000 7 303
80.010000 8 345
80.010000 9 367
81.010000 0 363
81.010000 1 276
81.010000 2 337
81.010000 3 359
81.010000 4 253
81.010000 5 381
81.010000 6 337
81.010000 7 317
81.010000 8 363
81.010000 9 381
82.010000 0 347
82.010000 1 265
82.010000 2 327
82.010000 3 347
82.010000 4 243
82.010000 5 367
82.010000 6 327
82.010000 7 306
82.010000 8 347
82.010000 9 367
83.010000 0 342
83.010000 1 263
83.010000 2 318
83.010000 3 338
83.010000 4 240
83.010000 5 360
83.010000 6 318
83.010000 7 299
83.010000 8 342
83.010000 9 360
84.010000 0 366
84.010000 1 279
84.010000 2 344
84.010000 3 368
84.010000 4 260
84.010000 5 388
84.010000 6 344
84.010000 7 323
84.010000 8 366
84.010000 9 388
85.010000 0 343
85.010000 1 263
85.010000 2 327
85.010000 3 347
85.010000 4 243
85.010000 5 365
85.010000 6 327
85.010000 7 302
85.010000 8 343
85.010000 9 365
86.010000 0 314
86.010000 1 240
86.010000 2 296
86.010000 3 312
86.010000 4 220
86.010000 5 332
86.010000 6 296
86.010000 7 278
86.010000 8 314
86.010000 9 332
87.010000 0 325
87.010000 1 247
87.010000 2 311
87.010000 3 327
87.010000 4 231
87.010000 5 347
87.010000 6 311
87.010000 7 294
87.010000 8 325
87.010000 9 347
88.010000 0 325
88.010000 1 245
88.010000 2 299
88.010000 3 319
88.010000 4 229
88.010000 5 341
88.010000 6 299
88.010000 7 288
88.010000 8 325
88.010000 9 341
89.010000 0 364
89.010000 1 280
89.010000 2 344
89.010000 3 366
89.010000 4 257
89.010000 5 386
89.010000 6 344
89.010000 7 319
89.010000 8 364
89.010000 9 386
90.010000 0 328
90.010000 1 252
90.010000 2 310
90.010000 3 330
90.010000 4 232
90.010000 5 348
90.010000 6 310
90.010000 7 288
90.010000 8 328
90.010000 9 348
91.010000 0 319
91.010000 1 245
91.010000 2 303
91.010000 3 319
91.010000 4 226
91.010000 5 339
91.010000 6 303
91.010000 7 283
91.010000 8 319
91.010000 9 339
92.010000 0 325
92.010000 1 247
92.010000 2 307
92.010000 3 327
92.010000 4 230
92.010000 5 345
92.010000 6 307
92.010000 7 289
92.010000 8 325
92.010000 9 345
93.010000 0 344
93.010000 1 261
93.010000 2 326
93.010000 3 344
93.010000 4 245
93.010000 5 366
93.010000 6 326
93.010000 7 310
93.010000 8 344
93.010000 9 366
94.010000 0 334
94.010000 1 255
94.010000 2 316
94.010000 3 334
94.010000 4 235
94.010000 5 354
94.010000 6 316
94.010000 7 296
94.010000 8 334
94.010000 9 354
95.010000 0 347
95.010000 1 262
95.010000 2 323
95.010000 3 339
95.010000 4 243
95.010000 5 365
95.010000 6 323
95.010000 7 311
95.010000 8 347
95.010000 9 365
96.010000 0 375
96.010000 1 286
96.010000 2 350
96.010000 3 374
96.010000 4 264
96.010000 5 396
96.010000 6 350
96.010000 7 331
96.010000 8 375
96.010000 9 396
97.010000 0 342
97.010000 1 261
97.010000 2 321
97.010000 3 341
97.010000 4 240
97.010000 5 361
97.010000 6 321
97.010000 7 300
97.010000 8 342
97.010000 9 361
98.010000 0 323
98.010000 1 248
98.010000 2 307
98.010000 3 323
98.010000 4 227
98.010000 5 343
98.010000 6 307
98.010000 7 287
98.010000 8 323
98.010000 9 343
99.010000 0 328
99.010000 1 250
99.010000 2 306
99.010000 3 326
99.010000 4 232
99.010000 5 346
99.010000 6 306
99.010000 7 288
99.010000 8 328
99.010000 9 346
100.010000 0 359
100.010000 1 275
100.010000 2 339
100.010000 3 363
100.010000 4 254
100.010000 5 381
100.010000 6 339
100.010000 7 315
100.010000 8 359
100.010000 9 381
101.010000 0 330
101.010000 1 252
101.010000 2 308
101.010000 3 328
101.010000 4 232
101.010000 5 348
101.010000 6 308
101.010000 7 290
101.010000 8 330
101.010000 9 348
102.010000 0 316
102.010000 1 244
102.010000 2 300
102.010000 3 320
102.010000 4 224
102.010000 5 336
102.010000 6 300
102.010000 7 276
102.010000 8 316
102.010000 9 336
103.010000 0 332
103.010000 1 254
103.010000 2 310
103.010000 3 330
103.010000 4 233
103.010000 5 350
103.010000 6 310
103.010000 7 291
103.010000 8 332
103.010000 9 350
104.010000 0 368
104.010000 1 285
104.010000 2 348
104.010000 3 369
104.010000 4 260
104.010000 5 390
104.010000 6 348
104.010000 7 320
104.010000 8 368
104.010000 9 390
105.010000 0 350
105.010000 1 267
105.010000 2 328
105.010000 3 352
105.010000 4 247
105.010000 5 370
105.010000 6 328
105.010000 7 306
105.010000 8 350
105.010000 9 370
106.010000 0 329
106.010000 1 252
106.010000 2 313
106.010000 3 331
106.010000 4 235
106.010000 5 351
106.010000 6 313
106.010000 7 295
106.010000 8 329
106.010000 9 351
107.010000 0 363
107.010000 1 276
107.010000 2 337
107.010000 3 359
107.010000 4 253
107.010000 5 381
107.010000 6 337
107.010000 7 317
107.010000 8 363
107.010000 9 381
108.010000 0 344
108.010000 1 265
108.010000 2 324
108.010000 3 344
108.010000 4 242
108.010000 5 364
108.010000 6 324
108.010000 7 301
108.010000 8 344
108.010000 9 364
109.010000 0 338
109.010000 1 258
109.010000 2 318
109.010000 3 340
109.010000 4 239
109.010000 5 358
109.010000 6 318
109.010000 7 297
109.010000 8 338
109.010000 9 358
110.010000 0 398
110.010000 1 306
110.010000 2 372
110.010000 3 398
110.010000 4 280
110.010000 5 420
110.010000 6 372
110.010000 7 346
110.010000 8 398
110.010000 9 420
111.010000 0 316
111.010000 1 240
111.010000 2 300
111.010000 3 316
111.010000 4 224
111.010000 5 336
111.010000 6 300
111.010000 7 284
111.010000 8 316
111.010000 9 336
112.010000 0 296
112.010000 1 226
112.010000 2 276
112.010000 3 294
112.010000 4 208
112.010000 5 312
112.010000 6 276
112.010000 7 260
112.010000 8 296
112.010000 9 312
113.010000 0 313
113.010000 1 241
113.010000 2 295
113.010000 3 315
113.010000 4 219
113.010000 5 331
113.010000 6 295
113.010000 7 272
113.010000 8 313
113.010000 9 331
114.010000 0 379
114.010000 1 291
114.010000 2 355
114.010000 3 379
114.010000 4 269
114.010000 5 401
114.010000 6 355
114.010000 7 332
114.010000 8 379
114.010000 9 401
115.010000 0 330
115.010000 1 253
115.010000 2 312
115.010000 3 332
115.010000 4 233
115.010000 5 350
115.010000 6 312
115.010000 7 290
115.010000 8 330
115.010000 9 350
116.010000 0 347
116.010000 1 264
116.010000 2 327
116.010000 3 343
116.010000 4 243
116.010000 5 367
116.010000 6 327
116.010000 7 311
116.010000 8 347
116.010000 9 367
117.010000 0 337
117.010000 1 254
117.010000 2 317
117.010000 3 337
117.010000 4 239
117.010000 5 357
117.010000 6 317
117.010000 7 301
117.010000 8 337
117.010000 9 357
118.010000 0 312
118.010000 1 240
118.010000 2 296
118.010000 3 314
118.010000 4 222
118.010000 5 332
118.010000 6 296
118.010000 7 276
118.010000 8 312
118.010000 9 332
119.010000 0 324
119.010000 1 250
119.010000 2 308
119.010000 3 328
119.010000 4 228
119.010000 5 344
119.010000 6 308
119.010000 7 282
119.010000 8 324
119.010000 9 344
120.010000 0 342
120.010000 1 262
120.010000 2 324
120.010000 3 344
120.010000 4 244
120.010000 5 364
120.010000 6 324
120.010000 7 304
120.010000 8 342
120.010000 9 364
121.010000 0 329
121.010000 1 251
121.010000 2 308
121.010000 3 327
121.010000 4 231
121.010000 5 347
121.010000 6 308
121.010000 7 289
121.010000 8 329
121.010000 9 347
122.010000 0 341
122.010000 1 261
122.010000 2 320
122.010000 3 341
122.010000 4 241
122.010000 5 361
122.010000 6 320
122.010000 7 301
122.010000 8 341
122.010000 9 361
123.010000 0 342
123.010000 1 258
123.010000 2 318
123.010000 3 336
123.010000 4 240
123.010000 5 360
123.010000 6 318
123.010000 7 306
123.010000 8 342
123.010000 9 360
124.010000 0 330
124.010000 1 254
124.010000 2 312
124.010000 3 332
124.010000 4 233
124.010000 5 350
124.010000 6 312
124.010000 7 289
124.010000 8 330
124.010000 9 350
125.010000 0 374
125.010000 1 284
125.010000 2 352
125.010000 3 372
125.010000 4 264
125.010000 5 396
125.010000 6 352
125.010000 7 334
125.010000 8 374
125.010000 9 396
126.010000 0 340
126.010000 1 262
126.010000 2 324
126.010000 3 344
126.010000 4 241
126.010000 5 362
126.010000 6 324
126.010000 7 299
126.010000 8 340
126.010000 9 362
127.010000 0 364
127.010000 1 277
127.010000 2 344
127.010000 3 363
127.010000 4 258
127.010000 5 386
127.010000 6 344
127.010000 7 324
127.010000 8 364
127.010000 9 386
128.010000 0 319
128.010000 1 246
128.010000 2 301
128.010000 3 321
128.010000 4 227
128.010000 5 339
128.010000 6 301
128.010000 7 281
128.010000 8 319
128.010000 9 339
129.010000 0 349
129.010000 1 266
129.010000 2 329
129.010000 3 349
129.010000 4 245
129.010000 5 369
129.010000 6 329
129.010000 7 307
129.010000 8 349
129.010000 9 369
130.010000 0 338
130.010000 1 260
130.010000 2 322
130.010000 3 342
130.010000 4 240
130.010000 5 360
130.010000 6 322
130.010000 7 298
130.010000 8 338
130.010000 9 360
131.010000 0 330
131.010000 1 254
131.010000 2 308
131.010000 3 330
131.010000 4 232
131.010000 5 348
131.010000 6 308
131.010000 7 286
131.010000 8 330
131.010000 9 348
132.010000 0 304
132.010000 1 234
132.010000 2 290
132.010000 3 308
132.010000 4 216
132.010000 5 324
132.010000 6 290
132.010000 7 268
132.010000 8 304
132.010000 9 324
133.010000 0 340
133.010000 1 258
133.010000 2 320
133.010000 3 338
133.010000 4 240
133.010000 5 360
133.010000 6 320
133.010000 7 304
133.010000 8 340
133.010000 9 360
134.010000 0 323
134.010000 1 249
134.010000 2 303
134.010000 3 321
134.010000 4 226
134.010000 5 341
134.010000 6 303
134.010000 7 283
134.010000 8 323
134.010000 9 341
135.010000 0 346
135.010000 1 262
135.010000 2 324
135.010000 3 346
135.010000 4 245
135.010000 5 366
135.010000 6 324
135.010000 7 307
135.010000 8 346
135.010000 9 366
136.010000 0 389
136.010000 1 298
136.010000 2 365
136.010000 3 389
136.010000 4 274
136.010000 5 411
136.010000 6 365
136.010000 7 340
136.010000 8 389
136.010000 9 411
137.010000 0 331
137.010000 1 255
137.010000 2 320
137.010000 3 335
137.010000 4 237
137.010000 5 355
137.010000 6 320
137.010000 7 297
137.010000 8 331
137.010000 9 355
138.010000 0 327
138.010000 1 247
138.010000 2 298
138.010000 3 321
138.010000 4 227
138.010000 5 341
138.010000 6 298
138.010000 7 285
138.010000 8 327
138.010000 9 341
139.010000 0 334
139.010000 1 254
139.010000 2 316
139.010000 3 334
139.010000 4 235
139.010000 5 354
139.010000 6 316
139.010000 7 297
139.010000 8 334
139.010000 9 354
140.010000 0 360
140.010000 1 277
140.010000 2 342
140.010000 3 364
140.010000 4 258
140.010000 5 384
140.010000 6 342
140.010000 7 319
140.010000 8 360
140.010000 9 384
141.010000 0 373
141.010000 1 284
141.010000 2 349
141.010000 3 371
141.010000 4 261
141.010000 5 393
141.010000 6 349
141.010000 7 327
141.010000 8 373
141.010000 9 393
142.010000 0 341
142.010000 1 259
142.010000 2 313
142.010000 3 333
142.010000 4 238
142.010000 5 357
142.010000 6 313
142.010000 7 301
142.010000 8 341
142.010000 9 357
143.010000 0 332
143.010000 1 254
143.010000 2 312
143.010000 3 332
143.010000 4 236
143.010000 5 352
143.010000 6 312
143.010000 7 294
143.010000 8 332
143.010000 9 352
144.010000 0 337
144.010000 1 255
144.010000 2 313
144.010000 3 331
144.010000 4 233
144.010000 5 353
144.010000 6 313
144.010000 7 296
144.010000 8 337
144.010000 9 353
145.010000 0 360
145.010000 1 276
145.010000 2 340
145.010000 3 362
145.010000 4 254
145.010000 5 382
145.010000 6 340
145.010000 7 318
145.010000 8 360
145.010000 9 382
146.010000 0 329
146.010000 1 255
146.010000 2 317
146.010000 3 337
146.010000 4 237
146.010000 5 353
146.010000 6 317
146.010000 7 290
146.010000 8 329
146.010000 9 353
147.010000 0 315
147.010000 1 240
147.010000 2 297
147.010000 3 315
147.010000 4 220
147.010000 5 333
147.010000 6 297
147.010000 7 278
147.010000 8 315
147.010000 9 333
148.010000 0 342
148.010000 1 260
148.010000 2 318
148.010000 3 338
148.010000 4 240
148.010000 5 360
148.010000 6 318
148.010000 7 302
148.010000 8 342
148.010000 9 360
149.010000 0 357
149.010000 1 274
149.010000 2 334
149.010000 3 356
149.010000 4 254
149.010000 5 378
149.010000 6 334
149.010000 7 315
149.010000 8 357
149.010000 9 378
