0.010000 0 0
0.010000 1 0
0.010000 2 0
0.010000 3 0
0.010000 4 0
0.010000 5 0
0.010000 6 0
0.010000 7 0
0.010000 8 0
0.010000 9 0
0.010000 10 0
0.010000 11 0
1.010000 0 0
1.010000 1 0
1.010000 2 0
1.010000 3 0
1.010000 4 0
1.010000 5 0
1.010000 6 0
1.010000 7 0
1.010000 8 0
1.010000 9 0
1.010000 10 0
1.010000 11 0
2.010000 0 0
2.010000 1 0
2.010000 2 0
2.010000 3 0
2.010000 4 0
2.010000 5 0
2.010000 6 0
2.010000 7 0
2.010000 8 0
2.010000 9 0
2.010000 10 0
2.010000 11 0
3.010000 0 0
3.010000 1 0
3.010000 2 0
3.010000 3 0
3.010000 4 0
3.010000 5 0
3.010000 6 0
3.010000 7 0
3.010000 8 0
3.010000 9 0
3.010000 10 0
3.010000 11 0
4.010000 0 0
4.010000 1 0
4.010000 2 0
4.010000 3 0
4.010000 4 0
4.010000 5 0
4.010000 6 0
4.010000 7 0
4.010000 8 0
4.010000 9 0
4.010000 10 0
4.010000 11 0
5.010000 0 0
5.010000 1 0
5.010000 2 0
5.010000 3 0
5.010000 4 0
5.010000 5 0
5.010000 6 0
5.010000 7 0
5.010000 8 0
5.010000 9 0
5.010000 10 0
5.010000 11 0
6.010000 0 0
6.010000 1 0
6.010000 2 0
6.010000 3 0
6.010000 4 0
6.010000 5 0
6.010000 6 0
6.010000 7 0
6.010000 8 0
6.010000 9 0
6.010000 10 0
6.010000 11 0
7.010000 0 0
7.010000 1 0
7.010000 2 0
7.010000 3 0
7.010000 4 0
7.010000 5 0
7.010000 6 0
7.010000 7 0
7.010000 8 0
7.010000 9 0
7.010000 10 0
7.010000 11 0
8.010000 0 0
8.010000 1 0
8.010000 2 0
8.010000 3 0
8.010000 4 0
8.010000 5 0
8.010000 6 0
8.010000 7 0
8.010000 8 0
8.010000 9 0
8.010000 10 0
8.010000 11 0
9.010000 0 0
9.010000 1 0
9.010000 2 0
9.010000 3 0
9.010000 4 0
9.010000 5 0
9.010000 6 0
9.010000 7 0
9.010000 8 0
9.010000 9 0
9.010000 10 0
9.010000 11 0
10.010000 0 0
10.010000 1 0
10.010000 2 0
10.010000 3 0
10.010000 4 0
10.010000 5 0
10.010000 6 0
10.010000 7 0
10.010000 8 0
10.010000 9 0
10.010000 10 0
10.010000 11 0
11.010000 0 0
11.010000 1 0
11.010000 2 0
11.010000 3 0
11.010000 4 0
11.010000 5 0
11.010000 6 0
11.010000 7 0
11.010000 8 0
11.010000 9 0
11.010000 10 0
11.010000 11 0
12.010000 0 0
12.010000 1 0
12.010000 2 0
12.010000 3 0
12.010000 4 0
12.010000 5 0
12.010000 6 0
12.010000 7 0
12.010000 8 0
12.010000 9 0
12.010000 10 0
12.010000 11 0
13.010000 0 0
13.010000 1 0
13.010000 2 0
13.010000 3 0
13.010000 4 0
13.010000 5 0
13.010000 6 0
13.010000 7 0
13.010000 8 0
13.010000 9 0
13.010000 10 0
13.010000 11 0
14.010000 0 0
14.010000 1 0
14.010000 2 0
14.010000 3 0
14.010000 4 0
14.010000 5 0
14.010000 6 0
14.010000 7 0
14.010000 8 0
14.010000 9 0
14.010000 10 0
14.010000 11 0
15.010000 0 2
15.010000 1 2
15.010000 2 3
15.010000 3 3
15.010000 4 3
15.010000 5 2
15.010000 6 3
15.010000 7 3
15.010000 8 3
15.010000 9 3
15.010000 10 3
15.010000 11 2
16.010000 0 391
16.010000 1 357
16.010000 2 423
16.010000 3 418
16.010000 4 380
16.010000 5 399
16.010000 6 393
16.010000 7 323
16.010000 8 427
16.010000 9 423
16.010000 10 386
16.010000 11 391
17.010000 0 250
17.010000 1 212
17.010000 2 268
17.010000 3 268
17.010000 4 228
17.010000 5 248
17.010000 6 248
17.010000 7 192
17.010000 8 268
17.010000 9 268
17.010000 10 230
17.010000 11 250
18.010000 0 246
18.010000 1 210
18.010000 2 264
18.010000 3 264
18.010000 4 224
18.010000 5 244
18.010000 6 245
18.010000 7 189
18.010000 8 264
18.010000 9 264
18.010000 10 226
18.010000 11 246
19.010000 0 254
19.010000 1 214
19.010000 2 274
19.010000 3 274
19.010000 4 237
19.010000 5 256
19.010000 6 255
19.010000 7 193
19.010000 8 274
19.010000 9 274
19.010000 10 235
19.010000 11 254
20.010000 0 277
20.010000 1 234
20.010000 2 295
20.010000 3 295
20.010000 4 251
20.010000 5 273
20.010000 6 273
20.010000 7 210
20.010000 8 295
20.010000 9 295
20.010000 10 252
20.010000 11 277
21.010000 0 243
21.010000 1 205
21.010000 2 263
21.010000 3 263
21.010000 4 227
21.010000 5 245
21.010000 6 245
21.010000 7 187
21.010000 8 263
21.010000 9 263
21.010000 10 226
21.010000 11 243
22.010000 0 296
22.010000 1 251
22.010000 2 319
22.010000 3 319
22.010000 4 274
22.010000 5 297
22.010000 6 297
22.010000 7 227
22.010000 8 319
22.010000 9 319
22.010000 10 272
22.010000 11 296
23.010000 0 263
23.010000 1 223
23.010000 2 283
23.010000 3 283
23.010000 4 242
23.010000 5 261
23.010000 6 263
23.010000 7 203
23.010000 8 283
23.010000 9 283
23.010000 10 243
23.010000 11 263
24.010000 0 254
24.010000 1 214
24.010000 2 272
24.010000 3 272
24.010000 4 233
24.010000 5 254
24.010000 6 252
24.010000 7 192
24.010000 8 272
24.010000 9 272
24.010000 10 233
24.010000 11 254
25.010000 0 265
25.010000 1 225
25.010000 2 285
25.010000 3 285
25.010000 4 240
25.010000 5 263
25.010000 6 263
25.010000 7 208
25.010000 8 285
25.010000 9 285
25.010000 10 246
25.010000 11 265
26.010000 0 266
26.010000 1 224
26.010000 2 288
26.010000 3 288
26.010000 4 248
26.010000 5 268
26.010000 6 268
26.010000 7 206
26.010000 8 288
26.010000 9 288
26.010000 10 248
26.010000 11 266
27.010000 0 288
27.010000 1 244
27.010000 2 308
27.010000 3 308
27.010000 4 264
27.010000 5 286
27.010000 6 286
27.010000 7 218
27.010000 8 308
27.010000 9 308
27.010000 10 262
27.010000 11 288
28.010000 0 258
28.010000 1 218
28.010000 2 276
28.010000 3 276
28.010000 4 236
28.010000 5 256
28.010000 6 256
28.010000 7 196
28.010000 8 276
28.010000 9 276
28.010000 10 236
28.010000 11 258
29.010000 0 266
29.010000 1 228
29.010000 2 284
29.010000 3 284
29.010000 4 236
29.010000 5 260
29.010000 6 260
29.010000 7 208
29.010000 8 284
29.010000 9 284
29.010000 10 246
29.010000 11 266
30.010000 0 244
30.010000 1 206
30.010000 2 264
30.010000 3 264
30.010000 4 228
30.010000 5 246
30.010000 6 246
30.010000 7 188
30.010000 8 264
30.010000 9 264
30.010000 10 226
30.010000 11 244
31.010000 0 288
31.010000 1 243
31.010000 2 310
31.010000 3 310
31.010000 4 265
31.010000 5 288
31.010000 6 288
31.010000 7 222
31.010000 8 310
31.010000 9 310
31.010000 10 266
31.010000 11 288
32.010000 0 246
32.010000 1 208
32.010000 2 264
32.010000 3 264
32.010000 4 226
32.010000 5 244
32.010000 6 246
32.010000 7 188
32.010000 8 264
32.010000 9 264
32.010000 10 226
32.010000 11 246
33.010000 0 276
33.010000 1 233
33.010000 2 298
33.010000 3 298
33.010000 4 255
33.010000 5 278
33.010000 6 276
33.010000 7 214
33.010000 8 298
33.010000 9 298
33.010000 10 256
33.010000 11 276
34.010000 0 239
34.010000 1 199
34.010000 2 259
34.010000 3 259
34.010000 4 227
34.010000 5 243
34.010000 6 243
34.010000 7 182
34.010000 8 259
34.010000 9 259
34.010000 10 221
34.010000 11 239
35.010000 0 237
35.010000 1 203
35.010000 2 253
35.010000 3 253
35.010000 4 213
35.010000 5 233
35.010000 6 233
35.010000 7 182
35.010000 8 253
35.010000 9 253
35.010000 10 217
35.010000 11 237
36.010000 0 262
36.010000 1 220
36.010000 2 284
36.010000 3 284
36.010000 4 248
36.010000 5 266
36.010000 6 266
36.010000 7 200
36.010000 8 284
36.010000 9 284
36.010000 10 242
36.010000 11 262
37.010000 0 258
37.010000 1 220
37.010000 2 276
37.010000 3 276
37.010000 4 232
37.010000 5 254
37.010000 6 254
37.010000 7 200
37.010000 8 276
37.010000 9 276
37.010000 10 238
37.010000 11 258
38.010000 0 251
38.010000 1 211
38.010000 2 271
38.010000 3 271
38.010000 4 235
38.010000 5 253
38.010000 6 253
38.010000 7 191
38.010000 8 271
38.010000 9 271
38.010000 10 232
38.010000 11 251
39.010000 0 259
39.010000 1 219
39.010000 2 277
39.010000 3 277
39.010000 4 237
39.010000 5 257
39.010000 6 257
39.010000 7 197
39.010000 8 277
39.010000 9 277
39.010000 10 236
39.010000 11 259
40.010000 0 288
40.010000 1 244
40.010000 2 312
40.010000 3 312
40.010000 4 268
40.010000 5 290
40.010000 6 290
40.010000 7 224
40.010000 8 312
40.010000 9 312
40.010000 10 268
40.010000 11 288
41.010000 0 264
41.010000 1 224
41.010000 2 282
41.010000 3 282
41.010000 4 239
41.010000 5 260
41.010000 6 261
41.010000 7 202
41.010000 8 282
41.010000 9 282
41.010000 10 242
41.010000 11 264
42.010000 0 283
42.010000 1 237
42.010000 2 305
42.010000 3 305
42.010000 4 267
42.010000 5 285
42.010000 6 286
42.010000 7 213
42.010000 8 305
42.010000 9 305
42.010000 10 259
42.010000 11 283
43.010000 0 228
43.010000 1 192
43.010000 2 248
43.010000 3 248
43.010000 4 213
43.010000 5 232
43.010000 6 230
43.010000 7 179
43.010000 8 248
43.010000 9 248
43.010000 10 214
43.010000 11 228
44.010000 0 281
44.010000 1 241
44.010000 2 301
44.010000 3 301
44.010000 4 253
44.010000 5 277
44.010000 6 277
44.010000 7 218
44.010000 8 301
44.010000 9 301
44.010000 10 259
44.010000 11 281
45.010000 0 260
45.010000 1 219
45.010000 2 278
45.010000 3 278
45.010000 4 238
45.010000 5 257
45.010000 6 258
45.010000 7 198
45.010000 8 278
45.010000 9 278
45.010000 10 238
45.010000 11 260
46.010000 0 254
46.010000 1 214
46.010000 2 274
46.010000 3 274
46.010000 4 237
46.010000 5 256
46.010000 6 256
46.010000 7 193
46.010000 8 274
46.010000 9 274
46.010000 10 234
46.010000 11 254
47.010000 0 252
47.010000 1 212
47.010000 2 272
47.010000 3 272
47.010000 4 236
47.010000 5 254
47.010000 6 254
47.010000 7 192
47.010000 8 272
47.010000 9 272
47.010000 10 232
47.010000 11 252
48.010000 0 228
48.010000 1 192
48.010000 2 246
48.010000 3 246
48.010000 4 214
48.010000 5 229
48.010000 6 230
48.010000 7 173
48.010000 8 246
48.010000 9 246
48.010000 10 210
48.010000 11 228
49.010000 0 270
49.010000 1 231
49.010000 2 290
49.010000 3 290
49.010000 4 241
49.010000 5 266
49.010000 6 266
49.010000 7 214
49.010000 8 290
49.010000 9 290
49.010000 10 252
49.010000 11 270
50.010000 0 269
50.010000 1 225
50.010000 2 291
50.010000 3 291
50.010000 4 255
50.010000 5 273
50.010000 6 273
50.010000 7 203
50.010000 8 291
50.010000 9 291
50.010000 10 248
50.010000 11 269
51.010000 0 253
51.010000 1 215
51.010000 2 273
51.010000 3 273
51.010000 4 233
51.010000 5 253
51.010000 6 253
51.010000 7 197
51.010000 8 273
51.010000 9 273
51.010000 10 234
51.010000 11 253
52.010000 0 260
52.010000 1 220
52.010000 2 278
52.010000 3 278
52.010000 4 238
52.010000 5 257
52.010000 6 258
52.010000 7 197
52.010000 8 278
52.010000 9 278
52.010000 10 238
52.010000 11 260
53.010000 0 276
53.010000 1 234
53.010000 2 296
53.010000 3 296
53.010000 4 252
53.010000 5 274
53.010000 6 274
53.010000 7 212
53.010000 8 296
53.010000 9 296
53.010000 10 254
53.010000 11 276
54.010000 0 262
54.010000 1 222
54.010000 2 284
54.010000 3 284
54.010000 4 244
54.010000 5 264
54.010000 6 264
54.010000 7 204
54.010000 8 284
54.010000 9 284
54.010000 10 244
54.010000 11 262
55.010000 0 257
55.010000 1 217
55.010000 2 275
55.010000 3 275
55.010000 4 234
55.010000 5 253
55.010000 6 255
55.010000 7 197
55.010000 8 275
55.010000 9 275
55.010000 10 237
55.010000 11 257
56.010000 0 271
56.010000 1 229
56.010000 2 293
56.010000 3 293
56.010000 4 254
56.010000 5 275
56.010000 6 273
56.010000 7 207
56.010000 8 293
56.010000 9 293
56.010000 10 249
56.010000 11 271
57.010000 0 258
57.010000 1 218
57.010000 2 278
57.010000 3 278
57.010000 4 238
57.010000 5 258
57.010000 6 258
57.010000 7 199
57.010000 8 278
57.010000 9 278
57.010000 10 239
57.010000 11 258
58.010000 0 274
58.010000 1 234
58.010000 2 294
58.010000 3 294
58.010000 4 246
58.010000 5 270
58.010000 6 270
58.010000 7 215
58.010000 8 294
58.010000 9 294
58.010000 10 255
58.010000 11 274
59.010000 0 255
59.010000 1 215
59.010000 2 275
59.010000 3 275
59.010000 4 235
59.010000 5 255
59.010000 6 255
59.010000 7 198
59.010000 8 275
59.010000 9 275
59.010000 10 237
59.010000 11 255
60.010000 0 273
60.010000 1 236
60.010000 2 291
60.010000 3 291
60.010000 4 239
60.010000 5 265
60.010000 6 265
60.010000 7 215
60.010000 8 291
60.010000 9 291
60.010000 10 253
60.010000 11 273
61.010000 0 255
61.010000 1 215
61.010000 2 273
61.010000 3 273
61.010000 4 233
61.010000 5 252
61.010000 6 253
61.010000 7 195
61.010000 8 273
61.010000 9 273
61.010000 10 235
61.010000 11 255
62.010000 0 271
62.010000 1 231
62.010000 2 289
62.010000 3 289
62.010000 4 245
62.010000 5 267
62.010000 6 267
62.010000 7 206
62.010000 8 289
62.010000 9 289
62.010000 10 247
62.010000 11 271
63.010000 0 235
63.010000 1 200
63.010000 2 255
63.010000 3 255
63.010000 4 219
63.010000 5 237
63.010000 6 237
63.010000 7 183
63.010000 8 255
63.010000 9 255
63.010000 10 219
63.010000 11 235
64.010000 0 277
64.010000 1 232
64.010000 2 297
64.010000 3 297
64.010000 4 257
64.010000 5 277
64.010000 6 277
64.010000 7 209
64.010000 8 297
64.010000 9 297
64.010000 10 253
64.010000 11 277
65.010000 0 268
65.010000 1 228
65.010000 2 288
65.010000 3 288
65.010000 4 244
65.010000 5 266
65.010000 6 266
65.010000 7 208
65.010000 8 288
65.010000 9 288
65.010000 10 248
65.010000 11 268
66.010000 0 252
66.010000 1 214
66.010000 2 272
66.010000 3 272
66.010000 4 232
66.010000 5 252
66.010000 6 252
66.010000 7 196
66.010000 8 272
66.010000 9 272
66.010000 10 234
66.010000 11 252
67.010000 0 260
67.010000 1 220
67.010000 2 280
67.010000 3 280
67.010000 4 240
67.010000 5 260
67.010000 6 260
67.010000 7 200
67.010000 8 280
67.010000 9 280
67.010000 10 240
67.010000 11 260
68.010000 0 232
68.010000 1 196
68.010000 2 248
68.010000 3 248
68.010000 4 212
68.010000 5 230
68.010000 6 230
68.010000 7 176
68.010000 8 248
68.010000 9 248
68.010000 10 212
68.010000 11 232
69.010000 0 296
69.010000 1 248
69.010000 2 322
69.010000 3 322
69.010000 4 282
69.010000 5 302
69.010000 6 302
69.010000 7 227
69.010000 8 322
69.010000 9 322
69.010000 10 275
69.010000 11 296
70.010000 0 289
70.010000 1 245
70.010000 2 309
70.010000 3 309
70.010000 4 264
70.010000 5 285
70.010000 6 287
70.010000 7 220
70.010000 8 309
70.010000 9 309
70.010000 10 264
70.010000 11 289
71.010000 0 258
71.010000 1 221
71.010000 2 280
71.010000 3 280
71.010000 4 237
71.010000 5 260
71.010000 6 258
71.010000 7 204
71.010000 8 280
71.010000 9 280
71.010000 10 242
71.010000 11 258
72.010000 0 235
72.010000 1 200
72.010000 2 251
72.010000 3 251
72.010000 4 210
72.010000 5 230
72.010000 6 231
72.010000 7 183
72.010000 8 251
72.010000 9 251
72.010000 10 217
72.010000 11 235
73.010000 0 275
73.010000 1 236
73.010000 2 295
73.010000 3 295
73.010000 4 244
73.010000 5 270
73.010000 6 269
73.010000 7 219
73.010000 8 295
73.010000 9 295
73.010000 10 257
73.010000 11 275
74.010000 0 271
74.010000 1 228
74.010000 2 293
74.010000 3 293
74.010000 4 257
74.010000 5 274
74.010000 6 275
74.010000 7 204
74.010000 8 293
74.010000 9 293
74.010000 10 249
74.010000 11 271
75.010000 0 261
75.010000 1 219
75.010000 2 281
75.010000 3 281
75.010000 4 244
75.010000 5 263
75.010000 6 263
75.010000 7 196
75.010000 8 281
75.010000 9 281
75.010000 10 240
75.010000 11 261
76.010000 0 257
76.010000 1 219
76.010000 2 273
76.010000 3 273
76.010000 4 229
76.010000 5 251
76.010000 6 251
76.010000 7 197
76.010000 8 273
76.010000 9 273
76.010000 10 234
76.010000 11 257
77.010000 0 279
77.010000 1 237
77.010000 2 299
77.010000 3 299
77.010000 4 254
77.010000 5 275
77.010000 6 277
77.010000 7 215
77.010000 8 299
77.010000 9 299
77.010000 10 257
77.010000 11 279
78.010000 0 238
78.010000 1 200
78.010000 2 260
78.010000 3 260
78.010000 4 225
78.010000 5 244
78.010000 6 242
78.010000 7 187
78.010000 8 260
78.010000 9 260
78.010000 10 224
78.010000 11 238
79.010000 0 275
79.010000 1 232
79.010000 2 295
79.010000 3 295
79.010000 4 255
79.010000 5 275
79.010000 6 275
79.010000 7 207
79.010000 8 295
79.010000 9 295
79.010000 10 251
79.010000 11 275
80.010000 0 260
80.010000 1 220
80.010000 2 280
80.010000 3 280
80.010000 4 240
80.010000 5 260
80.010000 6 260
80.010000 7 200
80.010000 8 280
80.010000 9 280
80.010000 10 240
80.010000 11 260
81.010000 0 248
81.010000 1 212
81.010000 2 264
81.010000 3 264
81.010000 4 220
81.010000 5 242
81.010000 6 242
81.010000 7 192
81.010000 8 264
81.010000 9 264
81.010000 10 228
81.010000 11 248
82.010000 0 268
82.010000 1 226
82.010000 2 288
82.010000 3 288
82.010000 4 248
82.010000 5 268
82.010000 6 268
82.010000 7 204
82.010000 8 288
82.010000 9 288
82.010000 10 246
82.010000 11 268
83.010000 0 259
83.010000 1 219
83.010000 2 279
83.010000 3 279
83.010000 4 239
83.010000 5 259
83.010000 6 260
83.010000 7 199
83.010000 8 279
83.010000 9 279
83.010000 10 239
83.010000 11 259
84.010000 0 253
84.010000 1 215
84.010000 2 273
84.010000 3 273
84.010000 4 233
84.010000 5 253
84.010000 6 252
84.010000 7 197
84.010000 8 273
84.010000 9 273
84.010000 10 235
84.010000 11 253
85.010000 0 264
85.010000 1 224
85.010000 2 284
85.010000 3 284
85.010000 4 242
85.010000 5 264
85.010000 6 264
85.010000 7 202
85.010000 8 284
85.010000 9 284
85.010000 10 244
85.010000 11 264
86.010000 0 248
86.010000 1 214
86.010000 2 264
86.010000 3 264
86.010000 4 216
86.010000 5 240
86.010000 6 240
86.010000 7 196
86.010000 8 264
86.010000 9 264
86.010000 10 230
86.010000 11 248
87.010000 0 265
87.010000 1 223
87.010000 2 287
87.010000 3 287
87.010000 4 247
87.010000 5 267
87.010000 6 267
87.010000 7 206
87.010000 8 287
87.010000 9 287
87.010000 10 247
87.010000 11 265
88.010000 0 253
88.010000 1 215
88.010000 2 273
88.010000 3 273
88.010000 4 233
88.010000 5 253
88.010000 6 253
88.010000 7 196
88.010000 8 273
88.010000 9 273
88.010000 10 235
88.010000 11 253
89.010000 0 258
89.010000 1 220
89.010000 2 280
89.010000 3 280
89.010000 4 240
89.010000 5 260
89.010000 6 260
89.010000 7 202
89.010000 8 280
89.010000 9 280
89.010000 10 240
89.010000 11 258
90.010000 0 241
90.010000 1 203
90.010000 2 257
90.010000 3 257
90.010000 4 220
90.010000 5 239
90.010000 6 239
90.010000 7 180
90.010000 8 257
90.010000 9 257
90.010000 10 220
90.010000 11 241
91.010000 0 258
91.010000 1 220
91.010000 2 278
91.010000 3 278
91.010000 4 235
91.010000 5 256
91.010000 6 258
91.010000 7 202
91.010000 8 278
91.010000 9 278
91.010000 10 239
91.010000 11 258
92.010000 0 290
92.010000 1 244
92.010000 2 314
92.010000 3 314
92.010000 4 273
92.010000 5 294
92.010000 6 292
92.010000 7 222
92.010000 8 314
92.010000 9 314
92.010000 10 269
92.010000 11 290
93.010000 0 260
93.010000 1 219
93.010000 2 278
93.010000 3 278
93.010000 4 238
93.010000 5 258
93.010000 6 258
93.010000 7 197
93.010000 8 278
93.010000 9 278
93.010000 10 238
93.010000 11 260
94.010000 0 269
94.010000 1 229
94.010000 2 289
94.010000 3 289
94.010000 4 245
94.010000 5 267
94.010000 6 267
94.010000 7 209
94.010000 8 289
94.010000 9 289
94.010000 10 248
94.010000 11 269
95.010000 0 252
95.010000 1 214
95.010000 2 272
95.010000 3 272
95.010000 4 232
95.010000 5 252
95.010000 6 252
95.010000 7 196
95.010000 8 272
95.010000 9 272
95.010000 10 234
95.010000 11 252
96.010000 0 278
96.010000 1 236
96.010000 2 298
96.010000 3 298
96.010000 4 253
96.010000 5 276
96.010000 6 276
96.010000 7 213
96.010000 8 298
96.010000 9 298
96.010000 10 256
96.010000 11 278
97.010000 0 270
97.010000 1 228
97.010000 2 292
97.010000 3 292
97.010000 4 252
97.010000 5 272
97.010000 6 272
97.010000 7 208
97.010000 8 292
97.010000 9 292
97.010000 10 250
97.010000 11 270
98.010000 0 261
98.010000 1 219
98.010000 2 279
98.010000 3 279
98.010000 4 242
98.010000 5 259
98.010000 6 261
98.010000 7 195
98.010000 8 279
98.010000 9 279
98.010000 10 237
98.010000 11 261
99.010000 0 268
99.010000 1 226
99.010000 2 288
99.010000 3 288
99.010000 4 248
99.010000 5 268
99.010000 6 268
99.010000 7 204
99.010000 8 288
99.010000 9 288
99.010000 10 246
99.010000 11 268
100.010000 0 257
100.010000 1 219
100.010000 2 277
100.010000 3 277
100.010000 4 234
100.010000 5 257
100.010000 6 255
100.010000 7 201
100.010000 8 277
100.010000 9 277
100.010000 10 239
100.010000 11 257
101.010000 0 230
101.010000 1 196
101.010000 2 244
101.010000 3 244
101.010000 4 204
101.010000 5 224
101.010000 6 224
101.010000 7 176
101.010000 8 244
101.010000 9 244
101.010000 10 210
101.010000 11 230
102.010000 0 250
102.010000 1 212
102.010000 2 268
102.010000 3 268
102.010000 4 228
102.010000 5 248
102.010000 6 248
102.010000 7 192
102.010000 8 268
102.010000 9 268
102.010000 10 230
102.010000 11 250
103.010000 0 268
103.010000 1 228
103.010000 2 288
103.010000 3 288
103.010000 4 244
103.010000 5 266
103.010000 6 266
103.010000 7 208
103.010000 8 288
103.010000 9 288
103.010000 10 248
103.010000 11 268
104.010000 0 242
104.010000 1 208
104.010000 2 260
104.010000 3 260
104.010000 4 216
104.010000 5 238
104.010000 6 238
104.010000 7 192
104.010000 8 260
104.010000 9 260
104.010000 10 226
104.010000 11 242
105.010000 0 260
105.010000 1 220
105.010000 2 280
105.010000 3 280
105.010000 4 240
105.010000 5 260
105.010000 6 260
105.010000 7 200
105.010000 8 280
105.010000 9 280
105.010000 10 240
105.010000 11 260
106.010000 0 225
106.010000 1 189
106.010000 2 243
106.010000 3 243
106.010000 4 211
106.010000 5 227
106.010000 6 227
106.010000 7 171
106.010000 8 243
106.010000 9 243
106.010000 10 208
106.010000 11 225
107.010000 0 261
107.010000 1 221
107.010000 2 281
107.010000 3 281
107.010000 4 241
107.010000 5 261
107.010000 6 261
107.010000 7 201
107.010000 8 281
107.010000 9 281
107.010000 10 240
107.010000 11 261
108.010000 0 243
108.010000 1 206
108.010000 2 263
108.010000 3 263
108.010000 4 227
108.010000 5 245
108.010000 6 245
108.010000 7 187
108.010000 8 263
108.010000 9 263
108.010000 10 225
108.010000 11 243
109.010000 0 279
109.010000 1 238
109.010000 2 299
109.010000 3 299
109.010000 4 251
109.010000 5 274
109.010000 6 275
109.010000 7 218
109.010000 8 299
109.010000 9 299
109.010000 10 259
109.010000 11 279
110.010000 0 226
110.010000 1 192
110.010000 2 244
110.010000 3 244
110.010000 4 208
110.010000 5 226
110.010000 6 226
110.010000 7 176
110.010000 8 244
110.010000 9 244
110.010000 10 210
110.010000 11 226
111.010000 0 270
111.010000 1 228
111.010000 2 292
111.010000 3 292
111.010000 4 252
111.010000 5 272
111.010000 6 272
111.010000 7 208
111.010000 8 292
111.010000 9 292
111.010000 10 250
111.010000 11 270
112.010000 0 245
112.010000 1 205
112.010000 2 267
112.010000 3 267
112.010000 4 235
112.010000 5 251
112.010000 6 251
112.010000 7 187
112.010000 8 267
112.010000 9 267
112.010000 10 228
112.010000 11 245
113.010000 0 283
113.010000 1 238
113.010000 2 303
113.010000 3 303
113.010000 4 260
113.010000 5 281
113.010000 6 283
113.010000 7 215
113.010000 8 303
113.010000 9 303
113.010000 10 258
113.010000 11 283
114.010000 0 276
114.010000 1 234
114.010000 2 300
114.010000 3 300
114.010000 4 258
114.010000 5 280
114.010000 6 278
114.010000 7 216
114.010000 8 300
114.010000 9 300
114.010000 10 258
114.010000 11 276
115.010000 0 260
115.010000 1 222
115.010000 2 278
115.010000 3 278
115.010000 4 233
115.010000 5 256
115.010000 6 256
115.010000 7 201
115.010000 8 278
115.010000 9 278
115.010000 10 240
115.010000 11 260
116.010000 0 272
116.010000 1 230
116.010000 2 296
116.010000 3 296
116.010000 4 256
116.010000 5 276
116.010000 6 276
116.010000 7 212
116.010000 8 296
116.010000 9 296
116.010000 10 254
116.010000 11 272
117.010000 0 258
117.010000 1 218
117.010000 2 276
117.010000 3 276
117.010000 4 236
117.010000 5 256
117.010000 6 256
117.010000 7 196
117.010000 8 276
117.010000 9 276
117.010000 10 236
117.010000 11 258
118.010000 0 265
118.010000 1 223
118.010000 2 287
118.010000 3 287
118.010000 4 247
118.010000 5 267
118.010000 6 267
118.010000 7 206
118.010000 8 287
118.010000 9 287
118.010000 10 247
118.010000 11 265
119.010000 0 265
119.010000 1 223
119.010000 2 285
119.010000 3 285
119.010000 4 247
119.010000 5 265
119.010000 6 267
119.010000 7 200
119.010000 8 285
119.010000 9 285
119.010000 10 243
119.010000 11 265
120.010000 0 281
120.010000 1 237
120.010000 2 307
120.010000 3 307
120.010000 4 269
120.010000 5 289
120.010000 6 287
120.010000 7 217
120.010000 8 307
120.010000 9 307
120.010000 10 262
120.010000 11 281
121.010000 0 256
121.010000 1 220
121.010000 2 272
121.010000 3 272
121.010000 4 224
121.010000 5 248
121.010000 6 248
121.010000 7 200
121.010000 8 272
121.010000 9 272
121.010000 10 236
121.010000 11 256
122.010000 0 228
122.010000 1 193
122.010000 2 248
122.010000 3 248
122.010000 4 216
122.010000 5 232
122.010000 6 232
122.010000 7 176
122.010000 8 248
122.010000 9 248
122.010000 10 211
122.010000 11 228
123.010000 0 259
123.010000 1 220
123.010000 2 277
123.010000 3 277
123.010000 4 233
123.010000 5 255
123.010000 6 255
123.010000 7 201
123.010000 8 277
123.010000 9 277
123.010000 10 239
123.010000 11 259
124.010000 0 257
124.010000 1 213
124.010000 2 279
124.010000 3 279
124.010000 4 247
124.010000 5 263
124.010000 6 263
124.010000 7 194
124.010000 8 279
124.010000 9 279
124.010000 10 237
124.010000 11 257
125.010000 0 257
125.010000 1 217
125.010000 2 277
125.010000 3 277
125.010000 4 241
125.010000 5 259
125.010000 6 259
125.010000 7 194
125.010000 8 277
125.010000 9 277
125.010000 10 235
125.010000 11 257
126.010000 0 284
126.010000 1 240
126.010000 2 304
126.010000 3 304
126.010000 4 260
126.010000 5 282
126.010000 6 282
126.010000 7 216
126.010000 8 304
126.010000 9 304
126.010000 10 260
126.010000 11 284
127.010000 0 252
127.010000 1 212
127.010000 2 272
127.010000 3 272
127.010000 4 236
127.010000 5 254
127.010000 6 254
127.010000 7 192
127.010000 8 272
127.010000 9 272
127.010000 10 232
127.010000 11 252
128.010000 0 264
128.010000 1 224
128.010000 2 284
128.010000 3 284
128.010000 4 243
128.010000 5 263
128.010000 6 264
128.010000 7 202
128.010000 8 284
128.010000 9 284
128.010000 10 244
128.010000 11 264
129.010000 0 269
129.010000 1 230
129.010000 2 291
129.010000 3 291
129.010000 4 247
129.010000 5 269
129.010000 6 269
129.010000 7 211
129.010000 8 291
129.010000 9 291
129.010000 10 251
129.010000 11 269
130.010000 0 261
130.010000 1 218
130.010000 2 281
130.010000 3 281
130.010000 4 245
130.010000 5 263
130.010000 6 263
130.010000 7 197
130.010000 8 281
130.010000 9 281
130.010000 10 239
130.010000 11 261
131.010000 0 273
131.010000 1 228
131.010000 2 293
131.010000 3 293
131.010000 4 252
131.010000 5 273
131.010000 6 273
131.010000 7 208
131.010000 8 293
131.010000 9 293
131.010000 10 251
131.010000 11 273
132.010000 0 271
132.010000 1 231
132.010000 2 289
132.010000 3 289
132.010000 4 245
132.010000 5 267
132.010000 6 267
132.010000 7 206
132.010000 8 289
132.010000 9 289
132.010000 10 247
132.010000 11 271
133.010000 0 270
133.010000 1 230
133.010000 2 292
133.010000 3 292
133.010000 4 248
133.010000 5 270
133.010000 6 270
133.010000 7 212
133.010000 8 292
133.010000 9 292
133.010000 10 252
133.010000 11 270
134.010000 0 250
134.010000 1 210
134.010000 2 268
134.010000 3 268
134.010000 4 232
134.010000 5 250
134.010000 6 250
134.010000 7 188
134.010000 8 268
134.010000 9 268
134.010000 10 228
134.010000 11 250
135.010000 0 304
135.010000 1 256
135.010000 2 328
135.010000 3 328
135.010000 4 284
135.010000 5 306
135.010000 6 306
135.010000 7 232
135.010000 8 328
135.010000 9 328
135.010000 10 280
135.010000 11 304
136.010000 0 245
136.010000 1 207
136.010000 2 263
136.010000 3 263
136.010000 4 223
136.010000 5 243
136.010000 6 243
136.010000 7 190
136.010000 8 263
136.010000 9 263
136.010000 10 227
136.010000 11 245
137.010000 0 255
137.010000 1 216
137.010000 2 275
137.010000 3 275
137.010000 4 235
137.010000 5 255
137.010000 6 255
137.010000 7 197
137.010000 8 275
137.010000 9 275
137.010000 10 237
137.010000 11 255
138.010000 0 236
138.010000 1 201
138.010000 2 254
138.010000 3 254
138.010000 4 218
138.010000 5 236
138.010000 6 236
138.010000 7 181
138.010000 8 254
138.010000 9 254
138.010000 10 216
138.010000 11 236
139.010000 0 273
139.010000 1 229
139.010000 2 295
139.010000 3 295
139.010000 4 255
139.010000 5 275
139.010000 6 275
139.010000 7 210
139.010000 8 295
139.010000 9 295
139.010000 10 253
139.010000 11 273
140.010000 0 249
140.010000 1 211
140.010000 2 269
140.010000 3 269
140.010000 4 233
140.010000 5 251
140.010000 6 251
140.010000 7 190
140.010000 8 269
140.010000 9 269
140.010000 10 229
140.010000 11 249
141.010000 0 247
141.010000 1 209
141.010000 2 267
141.010000 3 267
141.010000 4 230
141.010000 5 247
141.010000 6 249
141.010000 7 191
141.010000 8 267
141.010000 9 267
141.010000 10 229
141.010000 11 247
142.010000 0 273
142.010000 1 237
142.010000 2 293
142.010000 3 293
142.010000 4 238
142.010000 5 267
142.010000 6 265
142.010000 7 221
142.010000 8 293
142.010000 9 293
142.010000 10 257
142.010000 11 273
143.010000 0 254
143.010000 1 214
143.010000 2 276
143.010000 3 276
143.010000 4 240
143.010000 5 258
143.010000 6 258
143.010000 7 196
143.010000 8 276
143.010000 9 276
143.010000 10 236
143.010000 11 254
144.010000 0 253
144.010000 1 213
144.010000 2 275
144.010000 3 275
144.010000 4 239
144.010000 5 257
144.010000 6 258
144.010000 7 195
144.010000 8 275
144.010000 9 275
144.010000 10 235
144.010000 11 253
145.010000 0 256
145.010000 1 216
145.010000 2 276
145.010000 3 276
145.010000 4 235
145.010000 5 256
145.010000 6 256
145.010000 7 199
145.010000 8 276
145.010000 9 276
145.010000 10 238
145.010000 11 256
146.010000 0 260
146.010000 1 218
146.010000 2 280
146.010000 3 280
146.010000 4 244
146.010000 5 262
146.010000 6 262
146.010000 7 196
146.010000 8 280
146.010000 9 280
146.010000 10 238
146.010000 11 260
147.010000 0 261
147.010000 1 223
147.010000 2 281
147.010000 3 281
147.010000 4 237
147.010000 5 259
147.010000 6 258
147.010000 7 205
147.010000 8 281
147.010000 9 281
147.010000 10 243
147.010000 11 261
148.010000 0 247
148.010000 1 209
148.010000 2 267
148.010000 3 267
148.010000 4 230
148.010000 5 247
148.010000 6 249
148.010000 7 191
148.010000 8 267
148.010000 9 267
148.010000 10 229
148.010000 11 247
149.010000 0 270
149.010000 1 228
149.010000 2 292
149.010000 3 292
149.010000 4 249
149.010000 5 272
149.010000 6 270
149.010000 7 211
149.010000 8 292
149.010000 9 292
149.010000 10 252
149.010000 11 270
