0.010000 0 0
0.010000 1 0
0.010000 2 0
0.010000 3 0
0.010000 4 0
0.010000 5 0
0.010000 6 0
0.010000 7 0
0.010000 8 0
0.010000 9 0
0.010000 10 0
0.010000 11 0
0.010000 12 0
0.010000 13 0
0.010000 14 0
0.010000 15 0
0.010000 16 0
0.010000 17 0
0.010000 18 0
0.010000 19 0
0.010000 20 0
1.010000 0 0
1.010000 1 0
1.010000 2 0
1.010000 3 0
1.010000 4 0
1.010000 5 0
1.010000 6 0
1.010000 7 0
1.010000 8 0
1.010000 9 0
1.010000 10 0
1.010000 11 0
1.010000 12 0
1.010000 13 0
1.010000 14 0
1.010000 15 0
1.010000 16 0
1.010000 17 0
1.010000 18 0
1.010000 19 0
1.010000 20 0
2.010000 0 0
2.010000 1 0
2.010000 2 0
2.010000 3 0
2.010000 4 0
2.010000 5 0
2.010000 6 0
2.010000 7 0
2.010000 8 0
2.010000 9 0
2.010000 10 0
2.010000 11 0
2.010000 12 0
2.010000 13 0
2.010000 14 0
2.010000 15 0
2.010000 16 0
2.010000 17 0
2.010000 18 0
2.010000 19 0
2.010000 20 0
3.010000 0 0
3.010000 1 0
3.010000 2 0
3.010000 3 0
3.010000 4 0
3.010000 5 0
3.010000 6 0
3.010000 7 0
3.010000 8 0
3.010000 9 0
3.010000 10 0
3.010000 11 0
3.010000 12 0
3.010000 13 0
3.010000 14 0
3.010000 15 0
3.010000 16 0
3.010000 17 0
3.010000 18 0
3.010000 19 0
3.010000 20 0
4.010000 0 0
4.010000 1 0
4.010000 2 0
4.010000 3 0
4.010000 4 0
4.010000 5 0
4.010000 6 0
4.010000 7 0
4.010000 8 0
4.010000 9 0
4.010000 10 0
4.010000 11 0
4.010000 12 0
4.010000 13 0
4.010000 14 0
4.010000 15 0
4.010000 16 0
4.010000 17 0
4.010000 18 0
4.010000 19 0
4.010000 20 0
5.010000 0 0
5.010000 1 0
5.010000 2 0
5.010000 3 0
5.010000 4 0
5.010000 5 0
5.010000 6 0
5.010000 7 0
5.010000 8 0
5.010000 9 0
5.010000 10 0
5.010000 11 0
5.010000 12 0
5.010000 13 0
5.010000 14 0
5.010000 15 0
5.010000 16 0
5.010000 17 0
5.010000 18 0
5.010000 19 0
5.010000 20 0
6.010000 0 0
6.010000 1 0
6.010000 2 0
6.010000 3 0
6.010000 4 0
6.010000 5 0
6.010000 6 0
6.010000 7 0
6.010000 8 0
6.010000 9 0
6.010000 10 0
6.010000 11 0
6.010000 12 0
6.010000 13 0
6.010000 14 0
6.010000 15 0
6.010000 16 0
6.010000 17 0
6.010000 18 0
6.010000 19 0
6.010000 20 0
7.010000 0 0
7.010000 1 0
7.010000 2 0
7.010000 3 0
7.010000 4 0
7.010000 5 0
7.010000 6 0
7.010000 7 0
7.010000 8 0
7.010000 9 0
7.010000 10 0
7.010000 11 0
7.010000 12 0
7.010000 13 0
7.010000 14 0
7.010000 15 0
7.010000 16 0
7.010000 17 0
7.010000 18 0
7.010000 19 0
7.010000 20 0
8.010000 0 0
8.010000 1 0
8.010000 2 0
8.010000 3 0
8.010000 4 0
8.010000 5 0
8.010000 6 0
8.010000 7 0
8.010000 8 0
8.010000 9 0
8.010000 10 0
8.010000 11 0
8.010000 12 0
8.010000 13 0
8.010000 14 0
8.010000 15 0
8.010000 16 0
8.010000 17 0
8.010000 18 0
8.010000 19 0
8.010000 20 0
9.010000 0 0
9.010000 1 0
9.010000 2 0
9.010000 3 0
9.010000 4 0
9.010000 5 0
9.010000 6 0
9.010000 7 0
9.010000 8 0
9.010000 9 0
9.010000 10 0
9.010000 11 0
9.010000 12 0
9.010000 13 0
9.010000 14 0
9.010000 15 0
9.010000 16 0
9.010000 17 0
9.010000 18 0
9.010000 19 0
9.010000 20 0
10.010000 0 0
10.010000 1 0
10.010000 2 0
10.010000 3 0
10.010000 4 0
10.010000 5 0
10.010000 6 0
10.010000 7 0
10.010000 8 0
10.010000 9 0
10.010000 10 0
10.010000 11 0
10.010000 12 0
10.010000 13 0
10.010000 14 0
10.010000 15 0
10.010000 16 0
10.010000 17 0
10.010000 18 0
10.010000 19 0
10.010000 20 0
11.010000 0 0
11.010000 1 0
11.010000 2 0
11.010000 3 0
11.010000 4 0
11.010000 5 0
11.010000 6 0
11.010000 7 0
11.010000 8 0
11.010000 9 0
11.010000 10 0
11.010000 11 0
11.010000 12 0
11.010000 13 0
11.010000 14 0
11.010000 15 0
11.010000 16 0
11.010000 17 0
11.010000 18 0
11.010000 19 0
11.010000 20 0
12.010000 0 0
12.010000 1 0
12.010000 2 0
12.010000 3 0
12.010000 4 0
12.010000 5 0
12.010000 6 0
12.010000 7 0
12.010000 8 0
12.010000 9 0
12.010000 10 0
12.010000 11 0
12.010000 12 0
12.010000 13 0
12.010000 14 0
12.010000 15 0
12.010000 16 0
12.010000 17 0
12.010000 18 0
12.010000 19 0
12.010000 20 0
13.010000 0 0
13.010000 1 0
13.010000 2 0
13.010000 3 0
13.010000 4 0
13.010000 5 0
13.010000 6 0
13.010000 7 0
13.010000 8 0
13.010000 9 0
13.010000 10 0
13.010000 11 0
13.010000 12 0
13.010000 13 0
13.010000 14 0
13.010000 15 0
13.010000 16 0
13.010000 17 0
13.010000 18 0
13.010000 19 0
13.010000 20 0
14.010000 0 0
14.010000 1 0
14.010000 2 0
14.010000 3 0
14.010000 4 0
14.010000 5 0
14.010000 6 0
14.010000 7 0
14.010000 8 0
14.010000 9 0
14.010000 10 0
14.010000 11 0
14.010000 12 0
14.010000 13 0
14.010000 14 0
14.010000 15 0
14.010000 16 0
14.010000 17 0
14.010000 18 0
14.010000 19 0
14.010000 20 0
15.010000 0 2
15.010000 1 2
15.010000 2 3
15.010000 3 3
15.010000 4 3
15.010000 5 3
15.010000 6 3
15.010000 7 3
15.010000 8 3
15.010000 9 2
15.010000 10 3
15.010000 11 3
15.010000 12 3
15.010000 13 3
15.010000 14 2
15.010000 15 3
15.010000 16 3
15.010000 17 2
15.010000 18 2
15.010000 19 3
15.010000 20 3
16.010000 0 763
16.010000 1 759
16.010000 2 720
16.010000 3 800
16.010000 4 802
16.010000 5 795
16.010000 6 756
16.010000 7 722
16.010000 8 802
16.010000 9 608
16.010000 10 592
16.010000 11 802
16.010000 12 787
16.010000 13 739
16.010000 14 778
16.010000 15 793
16.010000 16 794
16.010000 17 776
16.010000 18 767
16.010000 19 742
16.010000 20 793
17.010000 0 645
17.010000 1 650
17.010000 2 620
17.010000 3 666
17.010000 4 666
17.010000 5 666
17.010000 6 632
17.010000 7 625
17.010000 8 666
17.010000 9 437
17.010000 10 433
17.010000 11 666
17.010000 12 666
17.010000 13 620
17.010000 14 645
17.010000 15 666
17.010000 16 666
17.010000 17 645
17.010000 18 645
17.010000 19 620
17.010000 20 666
18.010000 0 565
18.010000 1 554
18.010000 2 523
18.010000 3 588
18.010000 4 588
18.010000 5 588
18.010000 6 532
18.010000 7 524
18.010000 8 588
18.010000 9 433
18.010000 10 459
18.010000 11 588
18.010000 12 588
18.010000 13 526
18.010000 14 565
18.010000 15 588
18.010000 16 588
18.010000 17 565
18.010000 18 565
18.010000 19 523
18.010000 20 588
19.010000 0 683
19.010000 1 671
19.010000 2 643
19.010000 3 713
19.010000 4 713
19.010000 5 713
19.010000 6 659
19.010000 7 630
19.010000 8 713
19.010000 9 551
19.010000 10 526
19.010000 11 713
19.010000 12 713
19.010000 13 628
19.010000 14 683
19.010000 15 713
19.010000 16 713
19.010000 17 683
19.010000 18 683
19.010000 19 643
19.010000 20 713
20.010000 0 736
20.010000 1 668
20.010000 2 671
20.010000 3 737
20.010000 4 737
20.010000 5 737
20.010000 6 737
20.010000 7 605
20.010000 8 737
20.010000 9 565
20.010000 10 567
20.010000 11 737
20.010000 12 737
20.010000 13 610
20.010000 14 736
20.010000 15 737
20.010000 16 737
20.010000 17 736
20.010000 18 736
20.010000 19 671
20.010000 20 737
21.010000 0 651
21.010000 1 652
21.010000 2 652
21.010000 3 652
21.010000 4 652
21.010000 5 652
21.010000 6 652
21.010000 7 652
21.010000 8 652
21.010000 9 326
21.010000 10 327
21.010000 11 652
21.010000 12 652
21.010000 13 652
21.010000 14 651
21.010000 15 652
21.010000 16 652
21.010000 17 651
21.010000 18 651
21.010000 19 652
21.010000 20 652
22.010000 0 678
22.010000 1 678
22.010000 2 678
22.010000 3 678
22.010000 4 678
22.010000 5 678
22.010000 6 678
22.010000 7 678
22.010000 8 678
22.010000 9 339
22.010000 10 339
22.010000 11 678
22.010000 12 678
22.010000 13 678
22.010000 14 678
22.010000 15 678
22.010000 16 678
22.010000 17 678
22.010000 18 678
22.010000 19 678
22.010000 20 678
23.010000 0 676
23.010000 1 676
23.010000 2 676
23.010000 3 676
23.010000 4 676
23.010000 5 676
23.010000 6 676
23.010000 7 676
23.010000 8 676
23.010000 9 338
23.010000 10 338
23.010000 11 676
23.010000 12 676
23.010000 13 676
23.010000 14 676
23.010000 15 676
23.010000 16 676
23.010000 17 676
23.010000 18 676
23.010000 19 676
23.010000 20 676
