0.010000 0 15
0.010000 1 16
0.010000 2 17
0.010000 3 19
0.010000 4 14
0.010000 5 19
0.010000 6 17
0.010000 7 14
0.010000 8 15
1.010000 0 99
1.010000 1 98
1.010000 2 92
1.010000 3 101
1.010000 4 99
1.010000 5 95
1.010000 6 92
1.010000 7 106
1.010000 8 99
2.010000 0 65
2.010000 1 66
2.010000 2 65
2.010000 3 73
2.010000 4 66
2.010000 5 73
2.010000 6 65
2.010000 7 66
2.010000 8 65
3.010000 0 93
3.010000 1 105
3.010000 2 103
3.010000 3 96
3.010000 4 99
3.010000 5 107
3.010000 6 103
3.010000 7 105
3.010000 8 93
4.010000 0 65
4.010000 1 66
4.010000 2 65
4.010000 3 73
4.010000 4 66
4.010000 5 66
4.010000 6 65
4.010000 7 73
4.010000 8 65
5.010000 0 82
5.010000 1 90
5.010000 2 85
5.010000 3 88
5.010000 4 84
5.010000 5 90
5.010000 6 85
5.010000 7 87
5.010000 8 82
6.010000 0 97
6.010000 1 104
6.010000 2 97
6.010000 3 104
6.010000 4 98
6.010000 5 104
6.010000 6 97
6.010000 7 98
6.010000 8 97
7.010000 0 100
7.010000 1 107
7.010000 2 99
7.010000 3 107
7.010000 4 100
7.010000 5 100
7.010000 6 99
7.010000 7 107
7.010000 8 100
8.010000 0 76
8.010000 1 79
8.010000 2 76
8.010000 3 79
8.010000 4 77
8.010000 5 79
8.010000 6 76
8.010000 7 86
8.010000 8 76
9.010000 0 87
9.010000 1 92
9.010000 2 86
9.010000 3 92
9.010000 4 91
9.010000 5 102
9.010000 6 86
9.010000 7 86
9.010000 8 87
10.010000 0 107
10.010000 1 115
10.010000 2 107
10.010000 3 117
10.010000 4 110
10.010000 5 110
10.010000 6 107
10.010000 7 114
10.010000 8 107
11.010000 0 100
11.010000 1 106
11.010000 2 100
11.010000 3 106
11.010000 4 101
11.010000 5 100
11.010000 6 100
11.010000 7 107
11.010000 8 100
12.010000 0 82
12.010000 1 87
12.010000 2 87
12.010000 3 87
12.010000 4 88
12.010000 5 97
12.010000 6 87
12.010000 7 90
12.010000 8 82
13.010000 0 83
13.010000 1 85
13.010000 2 78
13.010000 3 85
13.010000 4 79
13.010000 5 83
13.010000 6 78
13.010000 7 83
13.010000 8 83
14.010000 0 93
14.010000 1 100
14.010000 2 98
14.010000 3 101
14.010000 4 99
14.010000 5 102
14.010000 6 98
14.010000 7 103
14.010000 8 93
15.010000 0 77
15.010000 1 81
15.010000 2 78
15.010000 3 80
15.010000 4 79
15.010000 5 81
15.010000 6 78
15.010000 7 88
15.010000 8 77
16.010000 0 595
16.010000 1 717
16.010000 2 506
16.010000 3 505
16.010000 4 710
16.010000 5 715
16.010000 6 506
16.010000 7 614
16.010000 8 595
17.010000 0 569
17.010000 1 679
17.010000 2 469
17.010000 3 474
17.010000 4 679
17.010000 5 680
17.010000 6 469
17.010000 7 584
17.010000 8 569
18.010000 0 647
18.010000 1 767
18.010000 2 546
18.010000 3 553
18.010000 4 756
18.010000 5 772
18.010000 6 546
18.010000 7 657
18.010000 8 647
19.010000 0 600
19.010000 1 719
19.010000 2 494
19.010000 3 509
19.010000 4 712
19.010000 5 724
19.010000 6 494
19.010000 7 616
19.010000 8 600
20.010000 0 582
20.010000 1 700
20.010000 2 491
20.010000 3 491
20.010000 4 696
20.010000 5 704
20.010000 6 491
20.010000 7 602
20.010000 8 582
21.010000 0 584
21.010000 1 692
21.010000 2 483
21.010000 3 481
21.010000 4 682
21.010000 5 690
21.010000 6 483
21.010000 7 594
21.010000 8 584
22.010000 0 589
22.010000 1 692
22.010000 2 458
22.010000 3 511
22.010000 4 682
22.010000 5 692
22.010000 6 458
22.010000 7 570
22.010000 8 589
23.010000 0 597
23.010000 1 723
23.010000 2 508
23.010000 3 491
23.010000 4 719
23.010000 5 730
23.010000 6 508
23.010000 7 624
23.010000 8 597
24.010000 0 605
24.010000 1 715
24.010000 2 491
24.010000 3 512
24.010000 4 714
24.010000 5 717
24.010000 6 491
24.010000 7 602
24.010000 8 605
25.010000 0 602
25.010000 1 715
25.010000 2 495
25.010000 3 503
25.010000 4 711
25.010000 5 714
25.010000 6 495
25.010000 7 616
25.010000 8 602
26.010000 0 664
26.010000 1 791
26.010000 2 558
26.010000 3 562
26.010000 4 774
26.010000 5 790
26.010000 6 558
26.010000 7 673
26.010000 8 664
27.010000 0 609
27.010000 1 729
27.010000 2 511
27.010000 3 516
27.010000 4 725
27.010000 5 729
27.010000 6 511
27.010000 7 621
27.010000 8 609
28.010000 0 593
28.010000 1 692
28.010000 2 489
28.010000 3 502
28.010000 4 691
28.010000 5 699
28.010000 6 489
28.010000 7 594
28.010000 8 593
29.010000 0 620
29.010000 1 721
29.010000 2 498
29.010000 3 516
29.010000 4 713
29.010000 5 719
29.010000 6 498
29.010000 7 617
29.010000 8 620
30.010000 0 637
30.010000 1 740
30.010000 2 517
30.010000 3 533
30.010000 4 736
30.010000 5 738
30.010000 6 517
30.010000 7 629
30.010000 8 637
31.010000 0 578
31.010000 1 715
31.010000 2 507
31.010000 3 497
31.010000 4 716
31.010000 5 718
31.010000 6 507
31.010000 7 619
31.010000 8 578
32.010000 0 655
32.010000 1 747
32.010000 2 509
32.010000 3 555
32.010000 4 740
32.010000 5 746
32.010000 6 509
32.010000 7 632
32.010000 8 655
33.010000 0 632
33.010000 1 759
33.010000 2 546
33.010000 3 522
33.010000 4 766
33.010000 5 765
33.010000 6 546
33.010000 7 678
33.010000 8 632
34.010000 0 693
34.010000 1 797
34.010000 2 558
34.010000 3 589
34.010000 4 784
34.010000 5 795
34.010000 6 558
34.010000 7 680
34.010000 8 693
35.010000 0 584
35.010000 1 697
35.010000 2 502
35.010000 3 489
35.010000 4 704
35.010000 5 699
35.010000 6 502
35.010000 7 609
35.010000 8 584
36.010000 0 588
36.010000 1 705
36.010000 2 502
36.010000 3 490
36.010000 4 699
36.010000 5 710
36.010000 6 502
36.010000 7 602
36.010000 8 588
37.010000 0 612
37.010000 1 700
37.010000 2 484
37.010000 3 511
37.010000 4 696
37.010000 5 703
37.010000 6 484
37.010000 7 596
37.010000 8 612
38.010000 0 681
38.010000 1 773
38.010000 2 548
38.010000 3 574
38.010000 4 761
38.010000 5 770
38.010000 6 548
38.010000 7 669
38.010000 8 681
39.010000 0 594
39.010000 1 713
39.010000 2 506
39.010000 3 514
39.010000 4 715
39.010000 5 719
39.010000 6 506
39.010000 7 631
39.010000 8 594
40.010000 0 604
40.010000 1 712
40.010000 2 505
40.010000 3 501
40.010000 4 712
40.010000 5 716
40.010000 6 505
40.010000 7 624
40.010000 8 604
41.010000 0 670
41.010000 1 774
41.010000 2 540
41.010000 3 571
41.010000 4 770
41.010000 5 780
41.010000 6 540
41.010000 7 641
41.010000 8 670
42.010000 0 650
42.010000 1 757
42.010000 2 525
42.010000 3 552
42.010000 4 750
42.010000 5 753
42.010000 6 525
42.010000 7 645
42.010000 8 650
43.010000 0 614
43.010000 1 733
43.010000 2 536
43.010000 3 525
43.010000 4 733
43.010000 5 736
43.010000 6 536
43.010000 7 647
43.010000 8 614
44.010000 0 670
44.010000 1 772
44.010000 2 531
44.010000 3 558
44.010000 4 766
44.010000 5 773
44.010000 6 531
44.010000 7 658
44.010000 8 670
45.010000 0 605
45.010000 1 721
45.010000 2 508
45.010000 3 503
45.010000 4 715
45.010000 5 717
45.010000 6 508
45.010000 7 623
45.010000 8 605
46.010000 0 619
46.010000 1 720
46.010000 2 514
46.010000 3 524
46.010000 4 717
46.010000 5 717
46.010000 6 514
46.010000 7 617
46.010000 8 619
47.010000 0 628
47.010000 1 735
47.010000 2 526
47.010000 3 536
47.010000 4 722
47.010000 5 737
47.010000 6 526
47.010000 7 628
47.010000 8 628
48.010000 0 613
48.010000 1 718
48.010000 2 521
48.010000 3 493
48.010000 4 715
48.010000 5 721
48.010000 6 521
48.010000 7 635
48.010000 8 613
49.010000 0 614
49.010000 1 718
49.010000 2 514
49.010000 3 514
49.010000 4 714
49.010000 5 720
49.010000 6 514
49.010000 7 616
49.010000 8 614
50.010000 0 639
50.010000 1 743
50.010000 2 527
50.010000 3 537
50.010000 4 739
50.010000 5 745
50.010000 6 527
50.010000 7 630
50.010000 8 639
51.010000 0 639
51.010000 1 758
51.010000 2 540
51.010000 3 545
51.010000 4 754
51.010000 5 756
51.010000 6 540
51.010000 7 646
51.010000 8 639
52.010000 0 610
52.010000 1 723
52.010000 2 529
52.010000 3 514
52.010000 4 719
52.010000 5 727
52.010000 6 529
52.010000 7 630
52.010000 8 610
53.010000 0 604
53.010000 1 701
53.010000 2 490
53.010000 3 505
53.010000 4 695
53.010000 5 699
53.010000 6 490
53.010000 7 590
53.010000 8 604
54.010000 0 593
54.010000 1 713
54.010000 2 496
54.010000 3 483
54.010000 4 702
54.010000 5 711
54.010000 6 496
54.010000 7 604
54.010000 8 593
55.010000 0 680
55.010000 1 779
55.010000 2 567
55.010000 3 574
55.010000 4 781
55.010000 5 783
55.010000 6 567
55.010000 7 672
55.010000 8 680
56.010000 0 578
56.010000 1 696
56.010000 2 501
56.010000 3 479
56.010000 4 687
56.010000 5 693
56.010000 6 501
56.010000 7 602
56.010000 8 578
57.010000 0 609
57.010000 1 728
57.010000 2 525
57.010000 3 526
57.010000 4 728
57.010000 5 729
57.010000 6 525
57.010000 7 625
57.010000 8 609
58.010000 0 653
58.010000 1 751
58.010000 2 524
58.010000 3 540
58.010000 4 745
58.010000 5 753
58.010000 6 524
58.010000 7 642
58.010000 8 653
59.010000 0 622
59.010000 1 727
59.010000 2 522
59.010000 3 517
59.010000 4 723
59.010000 5 728
59.010000 6 522
59.010000 7 625
59.010000 8 622
60.010000 0 609
60.010000 1 725
60.010000 2 524
60.010000 3 521
60.010000 4 721
60.010000 5 728
60.010000 6 524
60.010000 7 624
60.010000 8 609
61.010000 0 606
61.010000 1 705
61.010000 2 495
61.010000 3 501
61.010000 4 707
61.010000 5 706
61.010000 6 495
61.010000 7 600
61.010000 8 606
62.010000 0 620
62.010000 1 737
62.010000 2 528
62.010000 3 528
62.010000 4 733
62.010000 5 738
62.010000 6 528
62.010000 7 628
62.010000 8 620
63.010000 0 607
63.010000 1 711
63.010000 2 511
63.010000 3 503
63.010000 4 707
63.010000 5 713
63.010000 6 511
63.010000 7 616
63.010000 8 607
64.010000 0 658
64.010000 1 764
64.010000 2 544
64.010000 3 559
64.010000 4 759
64.010000 5 765
64.010000 6 544
64.010000 7 643
64.010000 8 658
65.010000 0 566
65.010000 1 670
65.010000 2 486
65.010000 3 445
65.010000 4 673
65.010000 5 686
65.010000 6 486
65.010000 7 602
65.010000 8 566
66.010000 0 667
66.010000 1 789
66.010000 2 581
66.010000 3 574
66.010000 4 784
66.010000 5 778
66.010000 6 581
66.010000 7 681
66.010000 8 667
67.010000 0 624
67.010000 1 733
67.010000 2 524
67.010000 3 523
67.010000 4 729
67.010000 5 731
67.010000 6 524
67.010000 7 624
67.010000 8 624
68.010000 0 635
68.010000 1 745
68.010000 2 540
68.010000 3 531
68.010000 4 740
68.010000 5 744
68.010000 6 540
68.010000 7 649
68.010000 8 635
69.010000 0 608
69.010000 1 717
69.010000 2 513
69.010000 3 522
69.010000 4 712
69.010000 5 712
69.010000 6 513
69.010000 7 608
69.010000 8 608
70.010000 0 659
70.010000 1 755
70.010000 2 540
70.010000 3 534
70.010000 4 751
70.010000 5 750
70.010000 6 540
70.010000 7 655
70.010000 8 659
71.010000 0 645
71.010000 1 768
71.010000 2 556
71.010000 3 545
71.010000 4 765
71.010000 5 768
71.010000 6 556
71.010000 7 663
71.010000 8 645
72.010000 0 590
72.010000 1 697
72.010000 2 503
72.010000 3 488
72.010000 4 691
72.010000 5 702
72.010000 6 503
72.010000 7 601
72.010000 8 590
73.010000 0 611
73.010000 1 714
73.010000 2 509
73.010000 3 516
73.010000 4 711
73.010000 5 712
73.010000 6 509
73.010000 7 607
73.010000 8 611
74.010000 0 636
74.010000 1 747
74.010000 2 540
74.010000 3 530
74.010000 4 742
74.010000 5 743
74.010000 6 540
74.010000 7 646
74.010000 8 636
75.010000 0 616
75.010000 1 715
75.010000 2 508
75.010000 3 516
75.010000 4 710
75.010000 5 711
75.010000 6 508
75.010000 7 610
75.010000 8 616
76.010000 0 639
76.010000 1 741
76.010000 2 532
76.010000 3 522
76.010000 4 736
76.010000 5 741
76.010000 6 532
76.010000 7 637
76.010000 8 639
77.010000 0 616
77.010000 1 727
77.010000 2 509
77.010000 3 502
77.010000 4 713
77.010000 5 717
77.010000 6 509
77.010000 7 614
77.010000 8 616
78.010000 0 588
78.010000 1 699
78.010000 2 505
78.010000 3 485
78.010000 4 701
78.010000 5 699
78.010000 6 505
78.010000 7 607
78.010000 8 588
79.010000 0 629
79.010000 1 731
79.010000 2 531
79.010000 3 527
79.010000 4 728
79.010000 5 731
79.010000 6 531
79.010000 7 629
79.010000 8 629
80.010000 0 632
80.010000 1 747
80.010000 2 527
80.010000 3 517
80.010000 4 738
80.010000 5 742
80.010000 6 527
80.010000 7 639
80.010000 8 632
81.010000 0 627
81.010000 1 736
81.010000 2 535
81.010000 3 519
81.010000 4 734
81.010000 5 738
81.010000 6 535
81.010000 7 641
81.010000 8 627
82.010000 0 617
82.010000 1 706
82.010000 2 499
82.010000 3 514
82.010000 4 703
82.010000 5 707
82.010000 6 499
82.010000 7 598
82.010000 8 617
83.010000 0 666
83.010000 1 785
83.010000 2 577
83.010000 3 555
83.010000 4 787
83.010000 5 788
83.010000 6 577
83.010000 7 678
83.010000 8 666
84.010000 0 625
84.010000 1 708
84.010000 2 524
84.010000 3 519
84.010000 4 714
84.010000 5 719
84.010000 6 524
84.010000 7 619
84.010000 8 625
85.010000 0 582
85.010000 1 675
85.010000 2 484
85.010000 3 480
85.010000 4 671
85.010000 5 675
85.010000 6 484
85.010000 7 573
85.010000 8 582
86.010000 0 627
86.010000 1 727
86.010000 2 537
86.010000 3 523
86.010000 4 743
86.010000 5 742
86.010000 6 537
86.010000 7 643
86.010000 8 627
87.010000 0 670
87.010000 1 778
87.010000 2 554
87.010000 3 558
87.010000 4 776
87.010000 5 780
87.010000 6 554
87.010000 7 666
87.010000 8 670
88.010000 0 678
88.010000 1 790
88.010000 2 575
88.010000 3 573
88.010000 4 797
88.010000 5 798
88.010000 6 575
88.010000 7 679
88.010000 8 678
89.010000 0 590
89.010000 1 671
89.010000 2 500
89.010000 3 497
89.010000 4 690
89.010000 5 689
89.010000 6 500
89.010000 7 593
89.010000 8 590
90.010000 0 667
90.010000 1 770
90.010000 2 534
90.010000 3 552
90.010000 4 768
90.010000 5 770
90.010000 6 534
90.010000 7 649
90.010000 8 667
91.010000 0 571
91.010000 1 678
91.010000 2 486
91.010000 3 475
91.010000 4 686
91.010000 5 684
91.010000 6 486
91.010000 7 590
91.010000 8 571
92.010000 0 625
92.010000 1 713
92.010000 2 526
92.010000 3 516
92.010000 4 715
92.010000 5 718
92.010000 6 526
92.010000 7 627
92.010000 8 625
93.010000 0 646
93.010000 1 730
93.010000 2 523
93.010000 3 542
93.010000 4 733
93.010000 5 728
93.010000 6 523
93.010000 7 628
93.010000 8 646
94.010000 0 657
94.010000 1 751
94.010000 2 538
94.010000 3 544
94.010000 4 754
94.010000 5 758
94.010000 6 538
94.010000 7 642
94.010000 8 657
95.010000 0 690
95.010000 1 800
95.010000 2 574
95.010000 3 573
95.010000 4 802
95.010000 5 799
95.010000 6 574
95.010000 7 688
95.010000 8 690
96.010000 0 618
96.010000 1 716
96.010000 2 522
96.010000 3 529
96.010000 4 721
96.010000 5 721
96.010000 6 522
96.010000 7 619
96.010000 8 618
97.010000 0 614
97.010000 1 701
97.010000 2 504
97.010000 3 508
97.010000 4 699
97.010000 5 698
97.010000 6 504
97.010000 7 602
97.010000 8 614
98.010000 0 638
98.010000 1 732
98.010000 2 532
98.010000 3 529
98.010000 4 741
98.010000 5 741
98.010000 6 532
98.010000 7 653
98.010000 8 638
99.010000 0 643
99.010000 1 741
99.010000 2 541
99.010000 3 545
99.010000 4 745
99.010000 5 745
99.010000 6 541
99.010000 7 636
99.010000 8 643
100.010000 0 637
100.010000 1 720
100.010000 2 520
100.010000 3 532
100.010000 4 725
100.010000 5 724
100.010000 6 520
100.010000 7 618
100.010000 8 637
101.010000 0 654
101.010000 1 758
101.010000 2 562
101.010000 3 529
101.010000 4 762
101.010000 5 762
101.010000 6 562
101.010000 7 671
101.010000 8 654
102.010000 0 660
102.010000 1 743
102.010000 2 534
102.010000 3 553
102.010000 4 746
102.010000 5 746
102.010000 6 534
102.010000 7 638
102.010000 8 660
103.010000 0 646
103.010000 1 746
103.010000 2 542
103.010000 3 540
103.010000 4 750
103.010000 5 750
103.010000 6 542
103.010000 7 646
103.010000 8 646
104.010000 0 677
104.010000 1 788
104.010000 2 563
104.010000 3 560
104.010000 4 785
104.010000 5 784
104.010000 6 563
104.010000 7 679
104.010000 8 677
105.010000 0 631
105.010000 1 727
105.010000 2 538
105.010000 3 534
105.010000 4 733
105.010000 5 733
105.010000 6 538
105.010000 7 634
105.010000 8 631
106.010000 0 691
106.010000 1 779
106.010000 2 577
106.010000 3 577
106.010000 4 790
106.010000 5 789
106.010000 6 577
106.010000 7 693
106.010000 8 691
107.010000 0 677
107.010000 1 781
107.010000 2 564
107.010000 3 566
107.010000 4 785
107.010000 5 780
107.010000 6 564
107.010000 7 671
107.010000 8 677
108.010000 0 645
108.010000 1 729
108.010000 2 523
108.010000 3 548
108.010000 4 733
108.010000 5 735
108.010000 6 523
108.010000 7 635
108.010000 8 645
109.010000 0 598
109.010000 1 689
109.010000 2 505
109.010000 3 497
109.010000 4 689
109.010000 5 690
109.010000 6 505
109.010000 7 604
109.010000 8 598
110.010000 0 630
110.010000 1 722
110.010000 2 512
110.010000 3 522
110.010000 4 722
110.010000 5 721
110.010000 6 512
110.010000 7 617
110.010000 8 630
111.010000 0 714
111.010000 1 821
111.010000 2 599
111.010000 3 597
111.010000 4 818
111.010000 5 820
111.010000 6 599
111.010000 7 701
111.010000 8 714
112.010000 0 588
112.010000 1 679
112.010000 2 486
112.010000 3 484
112.010000 4 685
112.010000 5 683
112.010000 6 486
112.010000 7 583
112.010000 8 588
113.010000 0 641
113.010000 1 748
113.010000 2 527
113.010000 3 524
113.010000 4 753
113.010000 5 753
113.010000 6 527
113.010000 7 644
113.010000 8 641
114.010000 0 664
114.010000 1 750
114.010000 2 528
114.010000 3 544
114.010000 4 751
114.010000 5 751
114.010000 6 528
114.010000 7 644
114.010000 8 664
115.010000 0 601
115.010000 1 718
115.010000 2 514
115.010000 3 490
115.010000 4 713
115.010000 5 709
115.010000 6 514
115.010000 7 611
115.010000 8 601
116.010000 0 566
116.010000 1 660
116.010000 2 475
116.010000 3 471
116.010000 4 668
116.010000 5 663
116.010000 6 475
116.010000 7 577
116.010000 8 566
117.010000 0 711
117.010000 1 816
117.010000 2 587
117.010000 3 594
117.010000 4 812
117.010000 5 801
117.010000 6 587
117.010000 7 689
117.010000 8 711
118.010000 0 640
118.010000 1 710
118.010000 2 500
118.010000 3 533
118.010000 4 711
118.010000 5 710
118.010000 6 500
118.010000 7 600
118.010000 8 640
119.010000 0 610
119.010000 1 723
119.010000 2 522
119.010000 3 490
119.010000 4 723
119.010000 5 732
119.010000 6 522
119.010000 7 646
119.010000 8 610
120.010000 0 678
120.010000 1 755
120.010000 2 540
120.010000 3 574
120.010000 4 755
120.010000 5 746
120.010000 6 540
120.010000 7 632
120.010000 8 678
121.010000 0 585
121.010000 1 692
121.010000 2 499
121.010000 3 470
121.010000 4 692
121.010000 5 701
121.010000 6 499
121.010000 7 615
121.010000 8 585
122.010000 0 669
122.010000 1 764
122.010000 2 544
122.010000 3 560
122.010000 4 764
122.010000 5 763
122.010000 6 544
122.010000 7 658
122.010000 8 669
123.010000 0 644
123.010000 1 728
123.010000 2 509
123.010000 3 526
123.010000 4 733
123.010000 5 729
123.010000 6 509
123.010000 7 619
123.010000 8 644
124.010000 0 630
124.010000 1 727
124.010000 2 531
124.010000 3 518
124.010000 4 733
124.010000 5 716
124.010000 6 531
124.010000 7 633
124.010000 8 630
125.010000 0 676
125.010000 1 774
125.010000 2 552
125.010000 3 556
125.010000 4 774
125.010000 5 773
125.010000 6 552
125.010000 7 665
125.010000 8 676
126.010000 0 681
126.010000 1 771
126.010000 2 555
126.010000 3 557
126.010000 4 771
126.010000 5 769
126.010000 6 555
126.010000 7 660
126.010000 8 681
127.010000 0 640
127.010000 1 741
127.010000 2 540
127.010000 3 534
127.010000 4 739
127.010000 5 738
127.010000 6 540
127.010000 7 652
127.010000 8 640
128.010000 0 642
128.010000 1 722
128.010000 2 511
128.010000 3 536
128.010000 4 720
128.010000 5 721
128.010000 6 511
128.010000 7 612
128.010000 8 642
129.010000 0 613
129.010000 1 713
129.010000 2 520
129.010000 3 493
129.010000 4 714
129.010000 5 715
129.010000 6 520
129.010000 7 630
129.010000 8 613
130.010000 0 655
130.010000 1 747
130.010000 2 539
130.010000 3 544
130.010000 4 750
130.010000 5 747
130.010000 6 539
130.010000 7 644
130.010000 8 655
131.010000 0 675
131.010000 1 784
131.010000 2 574
131.010000 3 567
131.010000 4 781
131.010000 5 783
131.010000 6 574
131.010000 7 666
131.010000 8 675
132.010000 0 637
132.010000 1 720
132.010000 2 510
132.010000 3 520
132.010000 4 729
132.010000 5 721
132.010000 6 510
132.010000 7 621
132.010000 8 637
133.010000 0 638
133.010000 1 727
133.010000 2 521
133.010000 3 523
133.010000 4 727
133.010000 5 728
133.010000 6 521
133.010000 7 624
133.010000 8 638
134.010000 0 615
134.010000 1 718
134.010000 2 501
134.010000 3 514
134.010000 4 708
134.010000 5 708
134.010000 6 501
134.010000 7 610
134.010000 8 615
135.010000 0 645
135.010000 1 750
135.010000 2 563
135.010000 3 529
135.010000 4 759
135.010000 5 758
135.010000 6 563
135.010000 7 670
135.010000 8 645
136.010000 0 675
136.010000 1 754
136.010000 2 521
136.010000 3 564
136.010000 4 754
136.010000 5 753
136.010000 6 521
136.010000 7 641
136.010000 8 675
137.010000 0 620
137.010000 1 715
137.010000 2 528
137.010000 3 505
137.010000 4 714
137.010000 5 708
137.010000 6 528
137.010000 7 626
137.010000 8 620
138.010000 0 645
138.010000 1 733
138.010000 2 517
138.010000 3 539
138.010000 4 734
138.010000 5 739
138.010000 6 517
138.010000 7 617
138.010000 8 645
139.010000 0 623
139.010000 1 725
139.010000 2 529
139.010000 3 510
139.010000 4 725
139.010000 5 725
139.010000 6 529
139.010000 7 639
139.010000 8 623
140.010000 0 654
140.010000 1 751
140.010000 2 529
140.010000 3 542
140.010000 4 745
140.010000 5 753
140.010000 6 529
140.010000 7 634
140.010000 8 654
141.010000 0 639
141.010000 1 736
141.010000 2 533
141.010000 3 537
141.010000 4 736
141.010000 5 737
141.010000 6 533
141.010000 7 636
141.010000 8 639
142.010000 0 631
142.010000 1 728
142.010000 2 528
142.010000 3 520
142.010000 4 725
142.010000 5 725
142.010000 6 528
142.010000 7 637
142.010000 8 631
143.010000 0 645
143.010000 1 734
143.010000 2 521
143.010000 3 533
143.010000 4 736
143.010000 5 733
143.010000 6 521
143.010000 7 628
143.010000 8 645
144.010000 0 707
144.010000 1 806
144.010000 2 577
144.010000 3 591
144.010000 4 807
144.010000 5 804
144.010000 6 577
144.010000 7 694
144.010000 8 707
145.010000 0 658
145.010000 1 770
145.010000 2 563
145.010000 3 546
145.010000 4 769
145.010000 5 767
145.010000 6 563
145.010000 7 673
145.010000 8 658
146.010000 0 645
146.010000 1 732
146.010000 2 532
146.010000 3 542
146.010000 4 729
146.010000 5 730
146.010000 6 532
146.010000 7 620
146.010000 8 645
147.010000 0 635
147.010000 1 729
147.010000 2 518
147.010000 3 518
147.010000 4 728
147.010000 5 727
147.010000 6 518
147.010000 7 633
147.010000 8 635
148.010000 0 607
148.010000 1 718
148.010000 2 524
148.010000 3 513
148.010000 4 718
148.010000 5 719
148.010000 6 524
148.010000 7 617
148.010000 8 607
149.010000 0 659
149.010000 1 771
149.010000 2 572
149.010000 3 553
149.010000 4 761
149.010000 5 768
149.010000 6 572
149.010000 7 668
149.010000 8 659
