0.010000 0 0
0.010000 1 0
0.010000 2 0
0.010000 3 0
0.010000 4 0
0.010000 5 0
0.010000 6 0
0.010000 7 0
0.010000 8 0
0.010000 9 0
0.010000 10 0
1.010000 0 0
1.010000 1 0
1.010000 2 0
1.010000 3 0
1.010000 4 0
1.010000 5 0
1.010000 6 0
1.010000 7 0
1.010000 8 0
1.010000 9 0
1.010000 10 0
2.010000 0 0
2.010000 1 0
2.010000 2 0
2.010000 3 0
2.010000 4 0
2.010000 5 0
2.010000 6 0
2.010000 7 0
2.010000 8 0
2.010000 9 0
2.010000 10 0
3.010000 0 0
3.010000 1 0
3.010000 2 0
3.010000 3 0
3.010000 4 0
3.010000 5 0
3.010000 6 0
3.010000 7 0
3.010000 8 0
3.010000 9 0
3.010000 10 0
4.010000 0 0
4.010000 1 0
4.010000 2 0
4.010000 3 0
4.010000 4 0
4.010000 5 0
4.010000 6 0
4.010000 7 0
4.010000 8 0
4.010000 9 0
4.010000 10 0
5.010000 0 0
5.010000 1 0
5.010000 2 0
5.010000 3 0
5.010000 4 0
5.010000 5 0
5.010000 6 0
5.010000 7 0
5.010000 8 0
5.010000 9 0
5.010000 10 0
6.010000 0 0
6.010000 1 0
6.010000 2 0
6.010000 3 0
6.010000 4 0
6.010000 5 0
6.010000 6 0
6.010000 7 0
6.010000 8 0
6.010000 9 0
6.010000 10 0
7.010000 0 0
7.010000 1 0
7.010000 2 0
7.010000 3 0
7.010000 4 0
7.010000 5 0
7.010000 6 0
7.010000 7 0
7.010000 8 0
7.010000 9 0
7.010000 10 0
8.010000 0 0
8.010000 1 0
8.010000 2 0
8.010000 3 0
8.010000 4 0
8.010000 5 0
8.010000 6 0
8.010000 7 0
8.010000 8 0
8.010000 9 0
8.010000 10 0
9.010000 0 0
9.010000 1 0
9.010000 2 0
9.010000 3 0
9.010000 4 0
9.010000 5 0
9.010000 6 0
9.010000 7 0
9.010000 8 0
9.010000 9 0
9.010000 10 0
10.010000 0 0
10.010000 1 0
10.010000 2 0
10.010000 3 0
10.010000 4 0
10.010000 5 0
10.010000 6 0
10.010000 7 0
10.010000 8 0
10.010000 9 0
10.010000 10 0
11.010000 0 0
11.010000 1 0
11.010000 2 0
11.010000 3 0
11.010000 4 0
11.010000 5 0
11.010000 6 0
11.010000 7 0
11.010000 8 0
11.010000 9 0
11.010000 10 0
12.010000 0 0
12.010000 1 0
12.010000 2 0
12.010000 3 0
12.010000 4 0
12.010000 5 0
12.010000 6 0
12.010000 7 0
12.010000 8 0
12.010000 9 0
12.010000 10 0
13.010000 0 0
13.010000 1 0
13.010000 2 0
13.010000 3 0
13.010000 4 0
13.010000 5 0
13.010000 6 0
13.010000 7 0
13.010000 8 0
13.010000 9 0
13.010000 10 0
14.010000 0 0
14.010000 1 0
14.010000 2 0
14.010000 3 0
14.010000 4 0
14.010000 5 0
14.010000 6 0
14.010000 7 0
14.010000 8 0
14.010000 9 0
14.010000 10 0
15.010000 0 0
15.010000 1 1
15.010000 2 1
15.010000 3 1
15.010000 4 1
15.010000 5 1
15.010000 6 1
15.010000 7 1
15.010000 8 1
15.010000 9 1
15.010000 10 0
16.010000 0 256
16.010000 1 219
16.010000 2 302
16.010000 3 299
16.010000 4 307
16.010000 5 219
16.010000 6 299
16.010000 7 303
16.010000 8 302
16.010000 9 260
16.010000 10 256
17.010000 0 210
17.010000 1 168
17.010000 2 252
17.010000 3 252
17.010000 4 252
17.010000 5 168
17.010000 6 252
17.010000 7 252
17.010000 8 252
17.010000 9 210
17.010000 10 210
18.010000 0 209
18.010000 1 167
18.010000 2 251
18.010000 3 251
18.010000 4 251
18.010000 5 167
18.010000 6 251
18.010000 7 251
18.010000 8 251
18.010000 9 210
18.010000 10 209
19.010000 0 191
19.010000 1 153
19.010000 2 229
19.010000 3 229
19.010000 4 229
19.010000 5 153
19.010000 6 229
19.010000 7 229
19.010000 8 229
19.010000 9 190
19.010000 10 191
20.010000 0 210
20.010000 1 168
20.010000 2 252
20.010000 3 252
20.010000 4 252
20.010000 5 168
20.010000 6 252
20.010000 7 252
20.010000 8 252
20.010000 9 210
20.010000 10 210
21.010000 0 201
21.010000 1 162
21.010000 2 243
21.010000 3 243
21.010000 4 243
21.010000 5 163
21.010000 6 243
21.010000 7 243
21.010000 8 243
21.010000 9 203
21.010000 10 201
22.010000 0 200
22.010000 1 160
22.010000 2 240
22.010000 3 240
22.010000 4 240
22.010000 5 160
22.010000 6 240
22.010000 7 240
22.010000 8 240
22.010000 9 200
22.010000 10 200
23.010000 0 189
23.010000 1 150
23.010000 2 225
23.010000 3 225
23.010000 4 225
23.010000 5 149
23.010000 6 225
23.010000 7 225
23.010000 8 225
23.010000 9 187
23.010000 10 189
24.010000 0 220
24.010000 1 176
24.010000 2 264
24.010000 3 264
24.010000 4 264
24.010000 5 176
24.010000 6 264
24.010000 7 264
24.010000 8 264
24.010000 9 220
24.010000 10 220
25.010000 0 190
25.010000 1 152
25.010000 2 228
25.010000 3 228
25.010000 4 228
25.010000 5 152
25.010000 6 228
25.010000 7 228
25.010000 8 228
25.010000 9 190
25.010000 10 190
26.010000 0 209
26.010000 1 167
26.010000 2 251
26.010000 3 251
26.010000 4 251
26.010000 5 167
26.010000 6 251
26.010000 7 251
26.010000 8 251
26.010000 9 210
26.010000 10 209
27.010000 0 201
27.010000 1 161
27.010000 2 241
27.010000 3 241
27.010000 4 241
27.010000 5 161
27.010000 6 241
27.010000 7 241
27.010000 8 241
27.010000 9 200
27.010000 10 201
28.010000 0 230
28.010000 1 184
28.010000 2 276
28.010000 3 276
28.010000 4 276
28.010000 5 184
28.010000 6 276
28.010000 7 276
28.010000 8 276
28.010000 9 230
28.010000 10 230
29.010000 0 181
29.010000 1 146
29.010000 2 219
29.010000 3 219
29.010000 4 219
29.010000 5 147
29.010000 6 219
29.010000 7 219
29.010000 8 219
29.010000 9 183
29.010000 10 181
30.010000 0 194
30.010000 1 153
30.010000 2 232
30.010000 3 232
30.010000 4 232
30.010000 5 155
30.010000 6 232
30.010000 7 232
30.010000 8 232
30.010000 9 194
30.010000 10 194
31.010000 0 210
31.010000 1 168
31.010000 2 252
31.010000 3 252
31.010000 4 252
31.010000 5 168
31.010000 6 252
31.010000 7 252
31.010000 8 252
31.010000 9 210
31.010000 10 210
32.010000 0 195
32.010000 1 157
32.010000 2 233
32.010000 3 233
32.010000 4 233
32.010000 5 154
32.010000 6 233
32.010000 7 233
32.010000 8 233
32.010000 9 193
32.010000 10 195
33.010000 0 190
33.010000 1 152
33.010000 2 228
33.010000 3 228
33.010000 4 228
33.010000 5 152
33.010000 6 228
33.010000 7 228
33.010000 8 228
33.010000 9 190
33.010000 10 190
34.010000 0 200
34.010000 1 160
34.010000 2 240
34.010000 3 240
34.010000 4 240
34.010000 5 160
34.010000 6 240
34.010000 7 240
34.010000 8 240
34.010000 9 200
34.010000 10 200
35.010000 0 200
35.010000 1 160
35.010000 2 240
35.010000 3 240
35.010000 4 240
35.010000 5 160
35.010000 6 240
35.010000 7 240
35.010000 8 240
35.010000 9 200
35.010000 10 200
36.010000 0 220
36.010000 1 176
36.010000 2 264
36.010000 3 264
36.010000 4 264
36.010000 5 176
36.010000 6 264
36.010000 7 264
36.010000 8 264
36.010000 9 220
36.010000 10 220
37.010000 0 200
37.010000 1 160
37.010000 2 240
37.010000 3 240
37.010000 4 240
37.010000 5 160
37.010000 6 240
37.010000 7 240
37.010000 8 240
37.010000 9 200
37.010000 10 200
38.010000 0 200
38.010000 1 160
38.010000 2 240
38.010000 3 240
38.010000 4 240
38.010000 5 160
38.010000 6 240
38.010000 7 240
38.010000 8 240
38.010000 9 200
38.010000 10 200
39.010000 0 199
39.010000 1 159
39.010000 2 239
39.010000 3 239
39.010000 4 239
39.010000 5 159
39.010000 6 239
39.010000 7 239
39.010000 8 239
39.010000 9 200
39.010000 10 199
40.010000 0 191
40.010000 1 153
40.010000 2 229
40.010000 3 229
40.010000 4 229
40.010000 5 153
40.010000 6 229
40.010000 7 229
40.010000 8 229
40.010000 9 190
40.010000 10 191
41.010000 0 190
41.010000 1 152
41.010000 2 228
41.010000 3 228
41.010000 4 228
41.010000 5 152
41.010000 6 228
41.010000 7 228
41.010000 8 228
41.010000 9 190
41.010000 10 190
42.010000 0 180
42.010000 1 144
42.010000 2 216
42.010000 3 216
42.010000 4 216
42.010000 5 144
42.010000 6 216
42.010000 7 216
42.010000 8 216
42.010000 9 180
42.010000 10 180
43.010000 0 199
43.010000 1 159
43.010000 2 239
43.010000 3 239
43.010000 4 239
43.010000 5 159
43.010000 6 239
43.010000 7 239
43.010000 8 239
43.010000 9 200
43.010000 10 199
44.010000 0 182
44.010000 1 147
44.010000 2 220
44.010000 3 220
44.010000 4 220
44.010000 5 148
44.010000 6 220
44.010000 7 220
44.010000 8 220
44.010000 9 183
44.010000 10 182
45.010000 0 199
45.010000 1 158
45.010000 2 237
45.010000 3 237
45.010000 4 237
45.010000 5 157
45.010000 6 237
45.010000 7 237
45.010000 8 237
45.010000 9 197
45.010000 10 199
46.010000 0 190
46.010000 1 152
46.010000 2 228
46.010000 3 228
46.010000 4 228
46.010000 5 152
46.010000 6 228
46.010000 7 228
46.010000 8 228
46.010000 9 190
46.010000 10 190
47.010000 0 185
47.010000 1 147
47.010000 2 223
47.010000 3 223
47.010000 4 223
47.010000 5 150
47.010000 6 223
47.010000 7 223
47.010000 8 223
47.010000 9 187
47.010000 10 185
48.010000 0 185
48.010000 1 149
48.010000 2 221
48.010000 3 221
48.010000 4 221
48.010000 5 146
48.010000 6 221
48.010000 7 221
48.010000 8 221
48.010000 9 183
48.010000 10 185
49.010000 0 209
49.010000 1 167
49.010000 2 251
49.010000 3 251
49.010000 4 251
49.010000 5 167
49.010000 6 251
49.010000 7 251
49.010000 8 251
49.010000 9 210
49.010000 10 209
50.010000 0 211
50.010000 1 169
50.010000 2 253
50.010000 3 253
50.010000 4 253
50.010000 5 169
50.010000 6 253
50.010000 7 253
50.010000 8 253
50.010000 9 210
50.010000 10 211
51.010000 0 219
51.010000 1 175
51.010000 2 263
51.010000 3 263
51.010000 4 263
51.010000 5 175
51.010000 6 263
51.010000 7 263
51.010000 8 263
51.010000 9 220
51.010000 10 219
52.010000 0 176
52.010000 1 140
52.010000 2 212
52.010000 3 212
52.010000 4 212
52.010000 5 143
52.010000 6 212
52.010000 7 212
52.010000 8 212
52.010000 9 177
52.010000 10 176
53.010000 0 212
53.010000 1 170
53.010000 2 254
53.010000 3 254
53.010000 4 254
53.010000 5 168
53.010000 6 254
53.010000 7 254
53.010000 8 254
53.010000 9 212
53.010000 10 212
54.010000 0 194
54.010000 1 157
54.010000 2 234
54.010000 3 234
54.010000 4 234
54.010000 5 157
54.010000 6 234
54.010000 7 234
54.010000 8 234
54.010000 9 194
54.010000 10 194
55.010000 0 209
55.010000 1 166
55.010000 2 249
55.010000 3 249
55.010000 4 249
55.010000 5 165
55.010000 6 249
55.010000 7 249
55.010000 8 249
55.010000 9 207
55.010000 10 209
56.010000 0 215
56.010000 1 171
56.010000 2 259
56.010000 3 259
56.010000 4 259
56.010000 5 174
56.010000 6 259
56.010000 7 259
56.010000 8 259
56.010000 9 217
56.010000 10 215
57.010000 0 195
57.010000 1 157
57.010000 2 233
57.010000 3 233
57.010000 4 233
57.010000 5 154
57.010000 6 233
57.010000 7 233
57.010000 8 233
57.010000 9 193
57.010000 10 195
58.010000 0 200
58.010000 1 160
58.010000 2 240
58.010000 3 240
58.010000 4 240
58.010000 5 160
58.010000 6 240
58.010000 7 240
58.010000 8 240
58.010000 9 200
58.010000 10 200
59.010000 0 190
59.010000 1 152
59.010000 2 228
59.010000 3 228
59.010000 4 228
59.010000 5 152
59.010000 6 228
59.010000 7 228
59.010000 8 228
59.010000 9 190
59.010000 10 190
60.010000 0 195
60.010000 1 155
60.010000 2 235
60.010000 3 235
60.010000 4 235
60.010000 5 158
60.010000 6 235
60.010000 7 235
60.010000 8 235
60.010000 9 197
60.010000 10 195
61.010000 0 195
61.010000 1 157
61.010000 2 233
61.010000 3 233
61.010000 4 233
61.010000 5 154
61.010000 6 233
61.010000 7 233
61.010000 8 233
61.010000 9 193
61.010000 10 195
62.010000 0 211
62.010000 1 170
62.010000 2 255
62.010000 3 255
62.010000 4 255
62.010000 5 171
62.010000 6 255
62.010000 7 255
62.010000 8 255
62.010000 9 213
62.010000 10 211
63.010000 0 214
63.010000 1 169
63.010000 2 256
63.010000 3 256
63.010000 4 256
63.010000 5 171
63.010000 6 256
63.010000 7 256
63.010000 8 256
63.010000 9 214
63.010000 10 214
64.010000 0 205
64.010000 1 165
64.010000 2 245
64.010000 3 245
64.010000 4 245
64.010000 5 162
64.010000 6 245
64.010000 7 245
64.010000 8 245
64.010000 9 203
64.010000 10 205
65.010000 0 219
65.010000 1 175
65.010000 2 263
65.010000 3 263
65.010000 4 263
65.010000 5 175
65.010000 6 263
65.010000 7 263
65.010000 8 263
65.010000 9 220
65.010000 10 219
66.010000 0 191
66.010000 1 153
66.010000 2 229
66.010000 3 229
66.010000 4 229
66.010000 5 153
66.010000 6 229
66.010000 7 229
66.010000 8 229
66.010000 9 190
66.010000 10 191
67.010000 0 181
67.010000 1 146
67.010000 2 219
67.010000 3 219
67.010000 4 219
67.010000 5 147
67.010000 6 219
67.010000 7 219
67.010000 8 219
67.010000 9 183
67.010000 10 181
68.010000 0 169
68.010000 1 134
68.010000 2 201
68.010000 3 201
68.010000 4 201
68.010000 5 133
68.010000 6 201
68.010000 7 201
68.010000 8 201
68.010000 9 167
68.010000 10 169
69.010000 0 190
69.010000 1 152
69.010000 2 228
69.010000 3 228
69.010000 4 228
69.010000 5 152
69.010000 6 228
69.010000 7 228
69.010000 8 228
69.010000 9 190
69.010000 10 190
70.010000 0 190
70.010000 1 152
70.010000 2 228
70.010000 3 228
70.010000 4 228
70.010000 5 152
70.010000 6 228
70.010000 7 228
70.010000 8 228
70.010000 9 190
70.010000 10 190
71.010000 0 199
71.010000 1 159
71.010000 2 239
71.010000 3 239
71.010000 4 239
71.010000 5 159
71.010000 6 239
71.010000 7 239
71.010000 8 239
71.010000 9 200
71.010000 10 199
72.010000 0 202
72.010000 1 163
72.010000 2 244
72.010000 3 244
72.010000 4 244
72.010000 5 164
72.010000 6 244
72.010000 7 244
72.010000 8 244
72.010000 9 203
72.010000 10 202
73.010000 0 199
73.010000 1 158
73.010000 2 237
73.010000 3 237
73.010000 4 237
73.010000 5 157
73.010000 6 237
73.010000 7 237
73.010000 8 237
73.010000 9 197
73.010000 10 199
74.010000 0 190
74.010000 1 152
74.010000 2 228
74.010000 3 228
74.010000 4 228
74.010000 5 152
74.010000 6 228
74.010000 7 228
74.010000 8 228
74.010000 9 190
74.010000 10 190
75.010000 0 190
75.010000 1 152
75.010000 2 228
75.010000 3 228
75.010000 4 228
75.010000 5 152
75.010000 6 228
75.010000 7 228
75.010000 8 228
75.010000 9 190
75.010000 10 190
76.010000 0 170
76.010000 1 136
76.010000 2 204
76.010000 3 204
76.010000 4 204
76.010000 5 136
76.010000 6 204
76.010000 7 204
76.010000 8 204
76.010000 9 170
76.010000 10 170
77.010000 0 200
77.010000 1 160
77.010000 2 240
77.010000 3 240
77.010000 4 240
77.010000 5 160
77.010000 6 240
77.010000 7 240
77.010000 8 240
77.010000 9 200
77.010000 10 200
78.010000 0 230
78.010000 1 184
78.010000 2 276
78.010000 3 276
78.010000 4 276
78.010000 5 184
78.010000 6 276
78.010000 7 276
78.010000 8 276
78.010000 9 230
78.010000 10 230
79.010000 0 209
79.010000 1 167
79.010000 2 251
79.010000 3 251
79.010000 4 251
79.010000 5 167
79.010000 6 251
79.010000 7 251
79.010000 8 251
79.010000 9 210
79.010000 10 209
80.010000 0 201
80.010000 1 161
80.010000 2 241
80.010000 3 241
80.010000 4 241
80.010000 5 161
80.010000 6 241
80.010000 7 241
80.010000 8 241
80.010000 9 200
80.010000 10 201
81.010000 0 190
81.010000 1 152
81.010000 2 228
81.010000 3 228
81.010000 4 228
81.010000 5 152
81.010000 6 228
81.010000 7 228
81.010000 8 228
81.010000 9 190
81.010000 10 190
82.010000 0 210
82.010000 1 168
82.010000 2 252
82.010000 3 252
82.010000 4 252
82.010000 5 168
82.010000 6 252
82.010000 7 252
82.010000 8 252
82.010000 9 210
82.010000 10 210
83.010000 0 191
83.010000 1 154
83.010000 2 231
83.010000 3 231
83.010000 4 231
83.010000 5 155
83.010000 6 231
83.010000 7 231
83.010000 8 231
83.010000 9 193
83.010000 10 191
84.010000 0 228
84.010000 1 181
84.010000 2 272
84.010000 3 272
84.010000 4 272
84.010000 5 180
84.010000 6 272
84.010000 7 272
84.010000 8 272
84.010000 9 227
84.010000 10 228
85.010000 0 201
85.010000 1 161
85.010000 2 241
85.010000 3 241
85.010000 4 241
85.010000 5 161
85.010000 6 241
85.010000 7 241
85.010000 8 241
85.010000 9 200
85.010000 10 201
86.010000 0 201
86.010000 1 162
86.010000 2 243
86.010000 3 243
86.010000 4 243
86.010000 5 163
86.010000 6 243
86.010000 7 243
86.010000 8 243
86.010000 9 203
86.010000 10 201
87.010000 0 194
87.010000 1 153
87.010000 2 232
87.010000 3 232
87.010000 4 232
87.010000 5 155
87.010000 6 232
87.010000 7 232
87.010000 8 232
87.010000 9 194
87.010000 10 194
88.010000 0 180
88.010000 1 144
88.010000 2 216
88.010000 3 216
88.010000 4 216
88.010000 5 144
88.010000 6 216
88.010000 7 216
88.010000 8 216
88.010000 9 180
88.010000 10 180
89.010000 0 195
89.010000 1 157
89.010000 2 233
89.010000 3 233
89.010000 4 233
89.010000 5 154
89.010000 6 233
89.010000 7 233
89.010000 8 233
89.010000 9 193
89.010000 10 195
90.010000 0 200
90.010000 1 160
90.010000 2 240
90.010000 3 240
90.010000 4 240
90.010000 5 160
90.010000 6 240
90.010000 7 240
90.010000 8 240
90.010000 9 200
90.010000 10 200
91.010000 0 195
91.010000 1 155
91.010000 2 235
91.010000 3 235
91.010000 4 235
91.010000 5 158
91.010000 6 235
91.010000 7 235
91.010000 8 235
91.010000 9 197
91.010000 10 195
92.010000 0 195
92.010000 1 157
92.010000 2 233
92.010000 3 233
92.010000 4 233
92.010000 5 154
92.010000 6 233
92.010000 7 233
92.010000 8 233
92.010000 9 193
92.010000 10 195
93.010000 0 200
93.010000 1 160
93.010000 2 240
93.010000 3 240
93.010000 4 240
93.010000 5 160
93.010000 6 240
93.010000 7 240
93.010000 8 240
93.010000 9 200
93.010000 10 200
94.010000 0 199
94.010000 1 159
94.010000 2 239
94.010000 3 239
94.010000 4 239
94.010000 5 159
94.010000 6 239
94.010000 7 239
94.010000 8 239
94.010000 9 200
94.010000 10 199
95.010000 0 211
95.010000 1 169
95.010000 2 253
95.010000 3 253
95.010000 4 253
95.010000 5 169
95.010000 6 253
95.010000 7 253
95.010000 8 253
95.010000 9 210
95.010000 10 211
96.010000 0 220
96.010000 1 176
96.010000 2 264
96.010000 3 264
96.010000 4 264
96.010000 5 176
96.010000 6 264
96.010000 7 264
96.010000 8 264
96.010000 9 220
96.010000 10 220
97.010000 0 181
97.010000 1 146
97.010000 2 219
97.010000 3 219
97.010000 4 219
97.010000 5 147
97.010000 6 219
97.010000 7 219
97.010000 8 219
97.010000 9 183
97.010000 10 181
98.010000 0 189
98.010000 1 150
98.010000 2 225
98.010000 3 225
98.010000 4 225
98.010000 5 149
98.010000 6 225
98.010000 7 225
98.010000 8 225
98.010000 9 187
98.010000 10 189
99.010000 0 190
99.010000 1 152
99.010000 2 228
99.010000 3 228
99.010000 4 228
99.010000 5 152
99.010000 6 228
99.010000 7 228
99.010000 8 228
99.010000 9 190
99.010000 10 190
100.010000 0 210
100.010000 1 168
100.010000 2 252
100.010000 3 252
100.010000 4 252
100.010000 5 168
100.010000 6 252
100.010000 7 252
100.010000 8 252
100.010000 9 210
100.010000 10 210
101.010000 0 220
101.010000 1 176
101.010000 2 264
101.010000 3 264
101.010000 4 264
101.010000 5 176
101.010000 6 264
101.010000 7 264
101.010000 8 264
101.010000 9 220
101.010000 10 220
102.010000 0 200
102.010000 1 160
102.010000 2 240
102.010000 3 240
102.010000 4 240
102.010000 5 160
102.010000 6 240
102.010000 7 240
102.010000 8 240
102.010000 9 200
102.010000 10 200
103.010000 0 200
103.010000 1 160
103.010000 2 240
103.010000 3 240
103.010000 4 240
103.010000 5 160
103.010000 6 240
103.010000 7 240
103.010000 8 240
103.010000 9 200
103.010000 10 200
104.010000 0 195
104.010000 1 155
104.010000 2 235
104.010000 3 235
104.010000 4 235
104.010000 5 158
104.010000 6 235
104.010000 7 235
104.010000 8 235
104.010000 9 197
104.010000 10 195
105.010000 0 205
105.010000 1 165
105.010000 2 245
105.010000 3 245
105.010000 4 245
105.010000 5 162
105.010000 6 245
105.010000 7 245
105.010000 8 245
105.010000 9 203
105.010000 10 205
106.010000 0 210
106.010000 1 168
106.010000 2 252
106.010000 3 252
106.010000 4 252
106.010000 5 168
106.010000 6 252
106.010000 7 252
106.010000 8 252
106.010000 9 210
106.010000 10 210
107.010000 0 200
107.010000 1 161
107.010000 2 241
107.010000 3 241
107.010000 4 241
107.010000 5 161
107.010000 6 241
107.010000 7 241
107.010000 8 241
107.010000 9 201
107.010000 10 200
108.010000 0 200
108.010000 1 159
108.010000 2 239
108.010000 3 239
108.010000 4 239
108.010000 5 159
108.010000 6 239
108.010000 7 239
108.010000 8 239
108.010000 9 199
108.010000 10 200
109.010000 0 210
109.010000 1 168
109.010000 2 252
109.010000 3 252
109.010000 4 252
109.010000 5 168
109.010000 6 252
109.010000 7 252
109.010000 8 252
109.010000 9 210
109.010000 10 210
110.010000 0 191
110.010000 1 154
110.010000 2 231
110.010000 3 231
110.010000 4 231
110.010000 5 155
110.010000 6 231
110.010000 7 231
110.010000 8 231
110.010000 9 193
110.010000 10 191
111.010000 0 219
111.010000 1 174
111.010000 2 261
111.010000 3 261
111.010000 4 261
111.010000 5 173
111.010000 6 261
111.010000 7 261
111.010000 8 261
111.010000 9 217
111.010000 10 219
112.010000 0 190
112.010000 1 152
112.010000 2 228
112.010000 3 228
112.010000 4 228
112.010000 5 152
112.010000 6 228
112.010000 7 228
112.010000 8 228
112.010000 9 190
112.010000 10 190
113.010000 0 195
113.010000 1 155
113.010000 2 235
113.010000 3 235
113.010000 4 235
113.010000 5 158
113.010000 6 235
113.010000 7 235
113.010000 8 235
113.010000 9 197
113.010000 10 195
114.010000 0 216
114.010000 1 175
114.010000 2 260
114.010000 3 260
114.010000 4 260
114.010000 5 173
114.010000 6 260
114.010000 7 260
114.010000 8 260
114.010000 9 216
114.010000 10 216
115.010000 0 194
115.010000 1 153
115.010000 2 232
115.010000 3 232
115.010000 4 232
115.010000 5 155
115.010000 6 232
115.010000 7 232
115.010000 8 232
115.010000 9 194
115.010000 10 194
116.010000 0 210
116.010000 1 168
116.010000 2 252
116.010000 3 252
116.010000 4 252
116.010000 5 168
116.010000 6 252
116.010000 7 252
116.010000 8 252
116.010000 9 210
116.010000 10 210
117.010000 0 205
117.010000 1 165
117.010000 2 245
117.010000 3 245
117.010000 4 245
117.010000 5 162
117.010000 6 245
117.010000 7 245
117.010000 8 245
117.010000 9 203
117.010000 10 205
118.010000 0 200
118.010000 1 160
118.010000 2 240
118.010000 3 240
118.010000 4 240
118.010000 5 160
118.010000 6 240
118.010000 7 240
118.010000 8 240
118.010000 9 200
118.010000 10 200
119.010000 0 205
119.010000 1 163
119.010000 2 247
119.010000 3 247
119.010000 4 247
119.010000 5 166
119.010000 6 247
119.010000 7 247
119.010000 8 247
119.010000 9 207
119.010000 10 205
120.010000 0 205
120.010000 1 165
120.010000 2 245
120.010000 3 245
120.010000 4 245
120.010000 5 162
120.010000 6 245
120.010000 7 245
120.010000 8 245
120.010000 9 203
120.010000 10 205
121.010000 0 210
121.010000 1 168
121.010000 2 252
121.010000 3 252
121.010000 4 252
121.010000 5 168
121.010000 6 252
121.010000 7 252
121.010000 8 252
121.010000 9 210
121.010000 10 210
122.010000 0 190
122.010000 1 152
122.010000 2 228
122.010000 3 228
122.010000 4 228
122.010000 5 152
122.010000 6 228
122.010000 7 228
122.010000 8 228
122.010000 9 190
122.010000 10 190
123.010000 0 190
123.010000 1 152
123.010000 2 228
123.010000 3 228
123.010000 4 228
123.010000 5 152
123.010000 6 228
123.010000 7 228
123.010000 8 228
123.010000 9 190
123.010000 10 190
124.010000 0 190
124.010000 1 152
124.010000 2 228
124.010000 3 228
124.010000 4 228
124.010000 5 152
124.010000 6 228
124.010000 7 228
124.010000 8 228
124.010000 9 190
124.010000 10 190
125.010000 0 200
125.010000 1 160
125.010000 2 240
125.010000 3 240
125.010000 4 240
125.010000 5 160
125.010000 6 240
125.010000 7 240
125.010000 8 240
125.010000 9 200
125.010000 10 200
126.010000 0 190
126.010000 1 152
126.010000 2 228
126.010000 3 228
126.010000 4 228
126.010000 5 152
126.010000 6 228
126.010000 7 228
126.010000 8 228
126.010000 9 190
126.010000 10 190
127.010000 0 196
127.010000 1 156
127.010000 2 236
127.010000 3 236
127.010000 4 236
127.010000 5 158
127.010000 6 236
127.010000 7 236
127.010000 8 236
127.010000 9 198
127.010000 10 196
128.010000 0 204
128.010000 1 164
128.010000 2 244
128.010000 3 244
128.010000 4 244
128.010000 5 162
128.010000 6 244
128.010000 7 244
128.010000 8 244
128.010000 9 202
128.010000 10 204
129.010000 0 220
129.010000 1 176
129.010000 2 264
129.010000 3 264
129.010000 4 264
129.010000 5 176
129.010000 6 264
129.010000 7 264
129.010000 8 264
129.010000 9 220
129.010000 10 220
130.010000 0 200
130.010000 1 160
130.010000 2 240
130.010000 3 240
130.010000 4 240
130.010000 5 160
130.010000 6 240
130.010000 7 240
130.010000 8 240
130.010000 9 200
130.010000 10 200
131.010000 0 190
131.010000 1 152
131.010000 2 228
131.010000 3 228
131.010000 4 228
131.010000 5 152
131.010000 6 228
131.010000 7 228
131.010000 8 228
131.010000 9 190
131.010000 10 190
132.010000 0 200
132.010000 1 160
132.010000 2 240
132.010000 3 240
132.010000 4 240
132.010000 5 160
132.010000 6 240
132.010000 7 240
132.010000 8 240
132.010000 9 200
132.010000 10 200
133.010000 0 201
133.010000 1 162
133.010000 2 243
133.010000 3 243
133.010000 4 243
133.010000 5 163
133.010000 6 243
133.010000 7 243
133.010000 8 243
133.010000 9 203
133.010000 10 201
134.010000 0 206
134.010000 1 163
134.010000 2 246
134.010000 3 246
134.010000 4 246
134.010000 5 163
134.010000 6 246
134.010000 7 246
134.010000 8 246
134.010000 9 206
134.010000 10 206
135.010000 0 213
135.010000 1 171
135.010000 2 255
135.010000 3 255
135.010000 4 255
135.010000 5 170
135.010000 6 255
135.010000 7 255
135.010000 8 255
135.010000 9 211
135.010000 10 213
136.010000 0 180
136.010000 1 144
136.010000 2 216
136.010000 3 216
136.010000 4 216
136.010000 5 144
136.010000 6 216
136.010000 7 216
136.010000 8 216
136.010000 9 180
136.010000 10 180
137.010000 0 205
137.010000 1 163
137.010000 2 247
137.010000 3 247
137.010000 4 247
137.010000 5 166
137.010000 6 247
137.010000 7 247
137.010000 8 247
137.010000 9 207
137.010000 10 205
138.010000 0 205
138.010000 1 165
138.010000 2 245
138.010000 3 245
138.010000 4 245
138.010000 5 162
138.010000 6 245
138.010000 7 245
138.010000 8 245
138.010000 9 203
138.010000 10 205
139.010000 0 200
139.010000 1 160
139.010000 2 240
139.010000 3 240
139.010000 4 240
139.010000 5 160
139.010000 6 240
139.010000 7 240
139.010000 8 240
139.010000 9 200
139.010000 10 200
140.010000 0 210
140.010000 1 168
140.010000 2 252
140.010000 3 252
140.010000 4 252
140.010000 5 168
140.010000 6 252
140.010000 7 252
140.010000 8 252
140.010000 9 210
140.010000 10 210
141.010000 0 200
141.010000 1 160
141.010000 2 240
141.010000 3 240
141.010000 4 240
141.010000 5 160
141.010000 6 240
141.010000 7 240
141.010000 8 240
141.010000 9 200
141.010000 10 200
142.010000 0 180
142.010000 1 144
142.010000 2 216
142.010000 3 216
142.010000 4 216
142.010000 5 144
142.010000 6 216
142.010000 7 216
142.010000 8 216
142.010000 9 180
142.010000 10 180
143.010000 0 191
143.010000 1 153
143.010000 2 230
143.010000 3 230
143.010000 4 230
143.010000 5 154
143.010000 6 230
143.010000 7 230
143.010000 8 230
143.010000 9 192
143.010000 10 191
144.010000 0 199
144.010000 1 159
144.010000 2 238
144.010000 3 238
144.010000 4 238
144.010000 5 158
144.010000 6 238
144.010000 7 238
144.010000 8 238
144.010000 9 198
144.010000 10 199
145.010000 0 205
145.010000 1 163
145.010000 2 247
145.010000 3 247
145.010000 4 247
145.010000 5 166
145.010000 6 247
145.010000 7 247
145.010000 8 247
145.010000 9 207
145.010000 10 205
146.010000 0 196
146.010000 1 159
146.010000 2 236
146.010000 3 236
146.010000 4 236
146.010000 5 157
146.010000 6 236
146.010000 7 236
146.010000 8 236
146.010000 9 196
146.010000 10 196
147.010000 0 219
147.010000 1 174
147.010000 2 261
147.010000 3 261
147.010000 4 261
147.010000 5 173
147.010000 6 261
147.010000 7 261
147.010000 8 261
147.010000 9 217
147.010000 10 219
148.010000 0 210
148.010000 1 168
148.010000 2 252
148.010000 3 252
148.010000 4 252
148.010000 5 168
148.010000 6 252
148.010000 7 252
148.010000 8 252
148.010000 9 210
148.010000 10 210
149.010000 0 210
149.010000 1 168
149.010000 2 252
149.010000 3 252
149.010000 4 252
149.010000 5 168
149.010000 6 252
149.010000 7 252
149.010000 8 252
149.010000 9 210
149.010000 10 210
