0.010000 0 0
0.010000 1 0
0.010000 2 0
0.010000 3 0
0.010000 4 0
0.010000 5 0
0.010000 6 0
0.010000 7 0
1.010000 0 0
1.010000 1 0
1.010000 2 0
1.010000 3 0
1.010000 4 0
1.010000 5 0
1.010000 6 0
1.010000 7 0
2.010000 0 0
2.010000 1 0
2.010000 2 0
2.010000 3 0
2.010000 4 0
2.010000 5 0
2.010000 6 0
2.010000 7 0
3.010000 0 0
3.010000 1 0
3.010000 2 0
3.010000 3 0
3.010000 4 0
3.010000 5 0
3.010000 6 0
3.010000 7 0
4.010000 0 0
4.010000 1 0
4.010000 2 0
4.010000 3 0
4.010000 4 0
4.010000 5 0
4.010000 6 0
4.010000 7 0
5.010000 0 0
5.010000 1 0
5.010000 2 0
5.010000 3 0
5.010000 4 0
5.010000 5 0
5.010000 6 0
5.010000 7 0
6.010000 0 0
6.010000 1 0
6.010000 2 0
6.010000 3 0
6.010000 4 0
6.010000 5 0
6.010000 6 0
6.010000 7 0
7.010000 0 0
7.010000 1 0
7.010000 2 0
7.010000 3 0
7.010000 4 0
7.010000 5 0
7.010000 6 0
7.010000 7 0
8.010000 0 0
8.010000 1 0
8.010000 2 0
8.010000 3 0
8.010000 4 0
8.010000 5 0
8.010000 6 0
8.010000 7 0
9.010000 0 0
9.010000 1 0
9.010000 2 0
9.010000 3 0
9.010000 4 0
9.010000 5 0
9.010000 6 0
9.010000 7 0
10.010000 0 0
10.010000 1 0
10.010000 2 0
10.010000 3 0
10.010000 4 0
10.010000 5 0
10.010000 6 0
10.010000 7 0
11.010000 0 0
11.010000 1 0
11.010000 2 0
11.010000 3 0
11.010000 4 0
11.010000 5 0
11.010000 6 0
11.010000 7 0
12.010000 0 0
12.010000 1 0
12.010000 2 0
12.010000 3 0
12.010000 4 0
12.010000 5 0
12.010000 6 0
12.010000 7 0
13.010000 0 0
13.010000 1 0
13.010000 2 0
13.010000 3 0
13.010000 4 0
13.010000 5 0
13.010000 6 0
13.010000 7 0
14.010000 0 0
14.010000 1 0
14.010000 2 0
14.010000 3 0
14.010000 4 0
14.010000 5 0
14.010000 6 0
14.010000 7 0
15.010000 0 2
15.010000 1 1
15.010000 2 2
15.010000 3 2
15.010000 4 2
15.010000 5 1
15.010000 6 2
15.010000 7 2
16.010000 0 604
16.010000 1 595
16.010000 2 579
16.010000 3 474
16.010000 4 370
16.010000 5 490
16.010000 6 610
16.010000 7 583
17.010000 0 662
17.010000 1 624
17.010000 2 578
17.010000 3 514
17.010000 4 453
17.010000 5 557
17.010000 6 662
17.010000 7 584
18.010000 0 645
18.010000 1 572
18.010000 2 523
18.010000 3 517
18.010000 4 517
18.010000 5 586
18.010000 6 645
18.010000 7 510
19.010000 0 636
19.010000 1 575
19.010000 2 513
19.010000 3 507
19.010000 4 502
19.010000 5 568
19.010000 6 636
19.010000 7 515
20.010000 0 535
20.010000 1 490
20.010000 2 427
20.010000 3 425
20.010000 4 425
20.010000 5 474
20.010000 6 535
20.010000 7 434
21.010000 0 678
21.010000 1 613
21.010000 2 560
21.010000 3 538
21.010000 4 524
21.010000 5 603
21.010000 6 678
21.010000 7 552
22.010000 0 707
22.010000 1 651
22.010000 2 571
22.010000 3 552
22.010000 4 549
22.010000 5 626
22.010000 6 707
22.010000 7 586
23.010000 0 677
23.010000 1 606
23.010000 2 554
23.010000 3 544
23.010000 4 532
23.010000 5 607
23.010000 6 677
23.010000 7 542
24.010000 0 613
24.010000 1 562
24.010000 2 500
24.010000 3 482
24.010000 4 474
24.010000 5 544
24.010000 6 613
24.010000 7 503
25.010000 0 678
25.010000 1 610
25.010000 2 540
25.010000 3 544
25.010000 4 546
25.010000 5 608
25.010000 6 678
25.010000 7 542
26.010000 0 650
26.010000 1 584
26.010000 2 523
26.010000 3 519
26.010000 4 518
26.010000 5 586
26.010000 6 650
26.010000 7 520
27.010000 0 657
27.010000 1 594
27.010000 2 525
27.010000 3 523
27.010000 4 523
27.010000 5 591
27.010000 6 657
27.010000 7 529
28.010000 0 660
28.010000 1 592
28.010000 2 527
28.010000 3 529
28.010000 4 529
28.010000 5 597
28.010000 6 660
28.010000 7 526
29.010000 0 735
29.010000 1 682
29.010000 2 618
29.010000 3 573
29.010000 4 537
29.010000 5 638
29.010000 6 735
29.010000 7 627
30.010000 0 632
30.010000 1 579
30.010000 2 521
30.010000 3 500
30.010000 4 479
30.010000 5 557
30.010000 6 632
30.010000 7 524
31.010000 0 646
31.010000 1 577
31.010000 2 517
31.010000 3 523
31.010000 4 521
31.010000 5 582
31.010000 6 646
31.010000 7 510
32.010000 0 660
32.010000 1 596
32.010000 2 528
32.010000 3 528
32.010000 4 523
32.010000 5 595
32.010000 6 660
32.010000 7 530
33.010000 0 663
33.010000 1 600
33.010000 2 537
33.010000 3 521
33.010000 4 520
33.010000 5 594
33.010000 6 663
33.010000 7 543
34.010000 0 692
34.010000 1 619
34.010000 2 554
34.010000 3 557
34.010000 4 558
34.010000 5 624
34.010000 6 692
34.010000 7 548
35.010000 0 659
35.010000 1 600
35.010000 2 532
35.010000 3 523
35.010000 4 516
35.010000 5 586
35.010000 6 659
35.010000 7 538
36.010000 0 646
36.010000 1 587
36.010000 2 526
36.010000 3 512
36.010000 4 501
36.010000 5 575
36.010000 6 646
36.010000 7 529
37.010000 0 661
37.010000 1 593
37.010000 2 527
37.010000 3 527
37.010000 4 534
37.010000 5 598
37.010000 6 661
37.010000 7 526
38.010000 0 668
38.010000 1 603
38.010000 2 537
38.010000 3 526
38.010000 4 531
38.010000 5 604
38.010000 6 668
38.010000 7 539
39.010000 0 694
39.010000 1 626
39.010000 2 554
39.010000 3 558
39.010000 4 557
39.010000 5 622
39.010000 6 694
39.010000 7 553
40.010000 0 646
40.010000 1 575
40.010000 2 509
40.010000 3 523
40.010000 4 531
40.010000 5 585
40.010000 6 646
40.010000 7 507
41.010000 0 649
41.010000 1 583
41.010000 2 505
41.010000 3 516
41.010000 4 533
41.010000 5 594
41.010000 6 649
41.010000 7 514
42.010000 0 689
42.010000 1 618
42.010000 2 554
42.010000 3 547
42.010000 4 551
42.010000 5 622
42.010000 6 689
42.010000 7 553
43.010000 0 679
43.010000 1 614
43.010000 2 546
43.010000 3 540
43.010000 4 537
43.010000 5 608
43.010000 6 679
43.010000 7 550
44.010000 0 675
44.010000 1 601
44.010000 2 521
44.010000 3 545
44.010000 4 566
44.010000 5 617
44.010000 6 675
44.010000 7 525
45.010000 0 623
45.010000 1 557
45.010000 2 490
45.010000 3 502
45.010000 4 513
45.010000 5 567
45.010000 6 623
45.010000 7 486
46.010000 0 676
46.010000 1 614
46.010000 2 548
46.010000 3 538
46.010000 4 529
46.010000 5 600
46.010000 6 676
46.010000 7 551
47.010000 0 666
47.010000 1 600
47.010000 2 537
47.010000 3 530
47.010000 4 526
47.010000 5 598
47.010000 6 666
47.010000 7 539
48.010000 0 708
48.010000 1 642
48.010000 2 574
48.010000 3 563
48.010000 4 553
48.010000 5 632
48.010000 6 708
48.010000 7 576
49.010000 0 629
49.010000 1 573
49.010000 2 507
49.010000 3 497
49.010000 4 493
49.010000 5 560
49.010000 6 629
49.010000 7 515
50.010000 0 644
50.010000 1 575
50.010000 2 509
50.010000 3 517
50.010000 4 526
50.010000 5 585
50.010000 6 644
50.010000 7 508
51.010000 0 660
51.010000 1 591
51.010000 2 513
51.010000 3 531
51.010000 4 545
51.010000 5 604
51.010000 6 660
51.010000 7 516
52.010000 0 690
52.010000 1 620
52.010000 2 571
52.010000 3 557
52.010000 4 534
52.010000 5 608
52.010000 6 690
52.010000 7 560
53.010000 0 693
53.010000 1 630
53.010000 2 570
53.010000 3 544
53.010000 4 532
53.010000 5 618
53.010000 6 693
53.010000 7 571
54.010000 0 641
54.010000 1 582
54.010000 2 524
54.010000 3 514
54.010000 4 498
54.010000 5 564
54.010000 6 641
54.010000 7 523
55.010000 0 644
55.010000 1 576
55.010000 2 515
55.010000 3 519
55.010000 4 517
55.010000 5 579
55.010000 6 644
55.010000 7 514
56.010000 0 699
56.010000 1 634
56.010000 2 568
56.010000 3 552
56.010000 4 544
56.010000 5 626
56.010000 6 699
56.010000 7 571
57.010000 0 652
57.010000 1 594
57.010000 2 533
57.010000 3 521
57.010000 4 501
57.010000 5 579
57.010000 6 652
57.010000 7 532
58.010000 0 631
58.010000 1 577
58.010000 2 509
58.010000 3 497
58.010000 4 490
58.010000 5 563
58.010000 6 631
58.010000 7 519
59.010000 0 666
59.010000 1 602
59.010000 2 545
59.010000 3 530
59.010000 4 519
59.010000 5 591
59.010000 6 666
59.010000 7 543
60.010000 0 690
60.010000 1 630
60.010000 2 571
60.010000 3 544
60.010000 4 525
60.010000 5 607
60.010000 6 690
60.010000 7 573
61.010000 0 688
61.010000 1 630
61.010000 2 556
61.010000 3 547
61.010000 4 534
61.010000 5 610
61.010000 6 688
61.010000 7 563
62.010000 0 617
62.010000 1 560
62.010000 2 505
62.010000 3 492
62.010000 4 477
62.010000 5 547
62.010000 6 617
62.010000 7 504
63.010000 0 663
63.010000 1 597
63.010000 2 534
63.010000 3 531
63.010000 4 526
63.010000 5 595
63.010000 6 663
63.010000 7 532
64.010000 0 670
64.010000 1 603
64.010000 2 532
64.010000 3 533
64.010000 4 539
64.010000 5 606
64.010000 6 670
64.010000 7 537
65.010000 0 656
65.010000 1 600
65.010000 2 527
65.010000 3 517
65.010000 4 514
65.010000 5 586
65.010000 6 656
65.010000 7 536
66.010000 0 650
66.010000 1 581
66.010000 2 526
66.010000 3 523
66.010000 4 521
66.010000 5 585
66.010000 6 650
66.010000 7 514
67.010000 0 692
67.010000 1 625
67.010000 2 563
67.010000 3 551
67.010000 4 541
67.010000 5 616
67.010000 6 692
67.010000 7 564
68.010000 0 635
68.010000 1 579
68.010000 2 511
68.010000 3 505
68.010000 4 500
68.010000 5 566
68.010000 6 635
68.010000 7 514
69.010000 0 725
69.010000 1 644
69.010000 2 570
69.010000 3 584
69.010000 4 601
69.010000 5 661
69.010000 6 725
69.010000 7 565
70.010000 0 729
70.010000 1 629
70.010000 2 541
70.010000 3 599
70.010000 4 650
70.010000 5 689
70.010000 6 729
70.010000 7 537
71.010000 0 600
71.010000 1 546
71.010000 2 478
71.010000 3 483
71.010000 4 475
71.010000 5 534
71.010000 6 600
71.010000 7 484
72.010000 0 650
72.010000 1 578
72.010000 2 513
72.010000 3 519
72.010000 4 535
72.010000 5 596
72.010000 6 650
72.010000 7 509
73.010000 0 641
73.010000 1 585
73.010000 2 513
73.010000 3 504
73.010000 4 504
73.010000 5 574
73.010000 6 641
73.010000 7 525
74.010000 0 650
74.010000 1 584
74.010000 2 518
74.010000 3 521
74.010000 4 521
74.010000 5 587
74.010000 6 650
74.010000 7 519
75.010000 0 655
75.010000 1 591
75.010000 2 533
75.010000 3 522
75.010000 4 516
75.010000 5 586
75.010000 6 655
75.010000 7 527
76.010000 0 675
76.010000 1 623
76.010000 2 549
76.010000 3 528
76.010000 4 514
76.010000 5 595
76.010000 6 675
76.010000 7 566
77.010000 0 719
77.010000 1 643
77.010000 2 585
77.010000 3 575
77.010000 4 569
77.010000 5 644
77.010000 6 719
77.010000 7 579
78.010000 0 654
78.010000 1 589
78.010000 2 535
78.010000 3 525
78.010000 4 513
78.010000 5 584
78.010000 6 654
78.010000 7 524
79.010000 0 646
79.010000 1 588
79.010000 2 524
79.010000 3 511
79.010000 4 503
79.010000 5 576
79.010000 6 646
79.010000 7 528
80.010000 0 679
80.010000 1 612
80.010000 2 562
80.010000 3 546
80.010000 4 523
80.010000 5 602
80.010000 6 679
80.010000 7 550
81.010000 0 638
81.010000 1 592
81.010000 2 531
81.010000 3 500
81.010000 4 472
81.010000 5 551
81.010000 6 638
81.010000 7 544
82.010000 0 661
82.010000 1 597
82.010000 2 538
82.010000 3 526
82.010000 4 517
82.010000 5 591
82.010000 6 661
82.010000 7 536
83.010000 0 653
83.010000 1 590
83.010000 2 521
83.010000 3 520
83.010000 4 521
83.010000 5 588
83.010000 6 653
83.010000 7 525
84.010000 0 697
84.010000 1 629
84.010000 2 560
84.010000 3 555
84.010000 4 553
84.010000 5 626
84.010000 6 697
84.010000 7 562
85.010000 0 712
85.010000 1 628
85.010000 2 557
85.010000 3 576
85.010000 4 601
85.010000 5 651
85.010000 6 712
85.010000 7 547
86.010000 0 671
86.010000 1 592
86.010000 2 497
86.010000 3 542
86.010000 4 590
86.010000 5 629
86.010000 6 671
86.010000 7 505
87.010000 0 669
87.010000 1 607
87.010000 2 552
87.010000 3 532
87.010000 4 513
87.010000 5 593
87.010000 6 669
87.010000 7 548
88.010000 0 612
88.010000 1 546
88.010000 2 473
88.010000 3 495
88.010000 4 511
88.010000 5 561
88.010000 6 612
88.010000 7 474
89.010000 0 664
89.010000 1 599
89.010000 2 528
89.010000 3 528
89.010000 4 532
89.010000 5 598
89.010000 6 664
89.010000 7 535
90.010000 0 653
90.010000 1 593
90.010000 2 525
90.010000 3 517
90.010000 4 517
90.010000 5 589
90.010000 6 653
90.010000 7 524
91.010000 0 663
91.010000 1 595
91.010000 2 535
91.010000 3 534
91.010000 4 527
91.010000 5 595
91.010000 6 663
91.010000 7 529
92.010000 0 644
92.010000 1 580
92.010000 2 517
92.010000 3 515
92.010000 4 512
92.010000 5 575
92.010000 6 644
92.010000 7 521
93.010000 0 658
93.010000 1 593
93.010000 2 519
93.010000 3 523
93.010000 4 533
93.010000 5 600
93.010000 6 658
93.010000 7 522
94.010000 0 652
94.010000 1 589
94.010000 2 518
94.010000 3 521
94.010000 4 520
94.010000 5 585
94.010000 6 652
94.010000 7 527
95.010000 0 674
95.010000 1 606
95.010000 2 539
95.010000 3 541
95.010000 4 540
95.010000 5 608
95.010000 6 674
95.010000 7 536
96.010000 0 674
96.010000 1 608
96.010000 2 546
96.010000 3 537
96.010000 4 530
96.010000 5 603
96.010000 6 674
96.010000 7 546
97.010000 0 666
97.010000 1 608
97.010000 2 541
97.010000 3 528
97.010000 4 515
97.010000 5 589
97.010000 6 666
97.010000 7 549
98.010000 0 656
98.010000 1 583
98.010000 2 519
98.010000 3 532
98.010000 4 537
98.010000 5 594
98.010000 6 656
98.010000 7 515
99.010000 0 657
99.010000 1 591
99.010000 2 527
99.010000 3 522
99.010000 4 525
99.010000 5 595
99.010000 6 657
99.010000 7 525
100.010000 0 661
100.010000 1 599
100.010000 2 526
100.010000 3 526
100.010000 4 530
100.010000 5 595
100.010000 6 661
100.010000 7 529
101.010000 0 662
101.010000 1 599
101.010000 2 541
101.010000 3 527
101.010000 4 515
101.010000 5 590
101.010000 6 662
101.010000 7 538
102.010000 0 666
102.010000 1 606
102.010000 2 544
102.010000 3 527
102.010000 4 515
102.010000 5 593
102.010000 6 666
102.010000 7 545
103.010000 0 668
103.010000 1 595
103.010000 2 539
103.010000 3 539
103.010000 4 535
103.010000 5 600
103.010000 6 668
103.010000 7 532
104.010000 0 670
104.010000 1 614
104.010000 2 545
104.010000 3 526
104.010000 4 516
104.010000 5 598
104.010000 6 670
104.010000 7 551
105.010000 0 739
105.010000 1 679
105.010000 2 599
105.010000 3 584
105.010000 4 572
105.010000 5 654
105.010000 6 739
105.010000 7 607
106.010000 0 642
106.010000 1 586
106.010000 2 549
106.010000 3 515
106.010000 4 467
106.010000 5 549
106.010000 6 642
106.010000 7 544
107.010000 0 591
107.010000 1 533
107.010000 2 466
107.010000 3 465
107.010000 4 479
107.010000 5 542
107.010000 6 591
107.010000 7 470
108.010000 0 652
108.010000 1 591
108.010000 2 525
108.010000 3 519
108.010000 4 514
108.010000 5 585
108.010000 6 652
108.010000 7 526
109.010000 0 673
109.010000 1 605
109.010000 2 540
109.010000 3 538
109.010000 4 538
109.010000 5 605
109.010000 6 673
109.010000 7 539
110.010000 0 684
110.010000 1 624
110.010000 2 553
110.010000 3 542
110.010000 4 532
110.010000 5 610
110.010000 6 684
110.010000 7 559
111.010000 0 660
111.010000 1 596
111.010000 2 544
111.010000 3 528
111.010000 4 511
111.010000 5 586
111.010000 6 660
111.010000 7 535
112.010000 0 662
112.010000 1 607
112.010000 2 540
112.010000 3 520
112.010000 4 508
112.010000 5 585
112.010000 6 662
112.010000 7 550
113.010000 0 654
113.010000 1 577
113.010000 2 505
113.010000 3 526
113.010000 4 551
113.010000 5 608
113.010000 6 654
113.010000 7 503
114.010000 0 655
114.010000 1 595
114.010000 2 533
114.010000 3 524
114.010000 4 513
114.010000 5 578
114.010000 6 655
114.010000 7 532
115.010000 0 701
115.010000 1 631
115.010000 2 554
115.010000 3 556
115.010000 4 570
115.010000 5 634
115.010000 6 701
115.010000 7 560
116.010000 0 656
116.010000 1 582
116.010000 2 518
116.010000 3 533
116.010000 4 540
116.010000 5 597
116.010000 6 656
116.010000 7 510
117.010000 0 693
117.010000 1 621
117.010000 2 555
117.010000 3 557
117.010000 4 555
117.010000 5 623
117.010000 6 693
117.010000 7 554
118.010000 0 631
118.010000 1 579
118.010000 2 510
118.010000 3 497
118.010000 4 488
118.010000 5 561
118.010000 6 631
118.010000 7 520
119.010000 0 723
119.010000 1 682
119.010000 2 617
119.010000 3 562
119.010000 4 510
119.010000 5 617
119.010000 6 723
119.010000 7 627
120.010000 0 713
120.010000 1 678
120.010000 2 660
120.010000 3 550
120.010000 4 444
120.010000 5 582
120.010000 6 713
120.010000 7 651
121.010000 0 649
121.010000 1 603
121.010000 2 571
121.010000 3 502
121.010000 4 449
121.010000 5 557
121.010000 6 649
121.010000 7 563
122.010000 0 679
122.010000 1 636
122.010000 2 585
122.010000 3 541
122.010000 4 475
122.010000 5 567
122.010000 6 679
122.010000 7 591
123.010000 0 639
123.010000 1 595
123.010000 2 533
123.010000 3 506
123.010000 4 470
123.010000 5 549
123.010000 6 639
123.010000 7 542
124.010000 0 651
124.010000 1 593
124.010000 2 537
124.010000 3 511
124.010000 4 496
124.010000 5 581
124.010000 6 651
124.010000 7 537
125.010000 0 657
125.010000 1 599
125.010000 2 558
125.010000 3 520
125.010000 4 485
125.010000 5 571
125.010000 6 657
125.010000 7 552
126.010000 0 640
126.010000 1 590
126.010000 2 531
126.010000 3 513
126.010000 4 478
126.010000 5 558
126.010000 6 640
126.010000 7 530
127.010000 0 680
127.010000 1 623
127.010000 2 568
127.010000 3 533
127.010000 4 509
127.010000 5 596
127.010000 6 680
127.010000 7 571
128.010000 0 661
128.010000 1 593
128.010000 2 527
128.010000 3 522
128.010000 4 532
128.010000 5 602
128.010000 6 661
128.010000 7 529
129.010000 0 624
129.010000 1 558
129.010000 2 492
129.010000 3 507
129.010000 4 513
129.010000 5 561
129.010000 6 624
129.010000 7 489
130.010000 0 668
130.010000 1 605
130.010000 2 535
130.010000 3 532
130.010000 4 528
130.010000 5 597
130.010000 6 668
130.010000 7 543
131.010000 0 683
131.010000 1 619
131.010000 2 547
131.010000 3 541
131.010000 4 540
131.010000 5 614
131.010000 6 683
131.010000 7 554
132.010000 0 664
132.010000 1 587
132.010000 2 521
132.010000 3 542
132.010000 4 551
132.010000 5 606
132.010000 6 664
132.010000 7 513
133.010000 0 672
133.010000 1 596
133.010000 2 523
133.010000 3 540
133.010000 4 565
133.010000 5 616
133.010000 6 672
133.010000 7 520
134.010000 0 717
134.010000 1 635
134.010000 2 554
134.010000 3 578
134.010000 4 603
134.010000 5 659
134.010000 6 717
134.010000 7 556
135.010000 0 658
135.010000 1 588
135.010000 2 521
135.010000 3 530
135.010000 4 538
135.010000 5 597
135.010000 6 658
135.010000 7 516
136.010000 0 623
136.010000 1 561
136.010000 2 492
136.010000 3 497
136.010000 4 503
136.010000 5 562
136.010000 6 623
136.010000 7 500
137.010000 0 660
137.010000 1 591
137.010000 2 520
137.010000 3 529
137.010000 4 543
137.010000 5 602
137.010000 6 660
137.010000 7 515
138.010000 0 645
138.010000 1 581
138.010000 2 515
138.010000 3 514
138.010000 4 517
138.010000 5 583
138.010000 6 645
138.010000 7 515
139.010000 0 655
139.010000 1 591
139.010000 2 523
139.010000 3 523
139.010000 4 523
139.010000 5 586
139.010000 6 655
139.010000 7 529
140.010000 0 687
140.010000 1 614
140.010000 2 544
140.010000 3 551
140.010000 4 559
140.010000 5 624
140.010000 6 687
140.010000 7 543
141.010000 0 681
141.010000 1 612
141.010000 2 538
141.010000 3 548
141.010000 4 551
141.010000 5 616
141.010000 6 681
141.010000 7 540
142.010000 0 646
142.010000 1 577
142.010000 2 512
142.010000 3 519
142.010000 4 526
142.010000 5 586
142.010000 6 646
142.010000 7 510
143.010000 0 696
143.010000 1 624
143.010000 2 549
143.010000 3 553
143.010000 4 570
143.010000 5 630
143.010000 6 696
143.010000 7 554
144.010000 0 650
144.010000 1 586
144.010000 2 512
144.010000 3 519
144.010000 4 528
144.010000 5 590
144.010000 6 650
144.010000 7 515
145.010000 0 633
145.010000 1 565
145.010000 2 504
145.010000 3 507
145.010000 4 513
145.010000 5 575
145.010000 6 633
145.010000 7 501
146.010000 0 697
146.010000 1 642
146.010000 2 568
146.010000 3 552
146.010000 4 533
146.010000 5 612
146.010000 6 697
146.010000 7 578
147.010000 0 655
147.010000 1 590
147.010000 2 543
147.010000 3 524
147.010000 4 505
147.010000 5 580
147.010000 6 655
147.010000 7 533
148.010000 0 657
148.010000 1 591
148.010000 2 528
148.010000 3 524
148.010000 4 524
148.010000 5 591
148.010000 6 657
148.010000 7 527
149.010000 0 653
149.010000 1 585
149.010000 2 521
149.010000 3 520
149.010000 4 525
149.010000 5 591
149.010000 6 653
149.010000 7 523
