0.010000 0 0
0.010000 1 0
0.010000 2 0
0.010000 3 0
0.010000 4 0
0.010000 5 0
0.010000 6 0
0.010000 7 0
0.010000 8 0
0.010000 9 0
1.010000 0 0
1.010000 1 0
1.010000 2 0
1.010000 3 0
1.010000 4 0
1.010000 5 0
1.010000 6 0
1.010000 7 0
1.010000 8 0
1.010000 9 0
2.010000 0 0
2.010000 1 0
2.010000 2 0
2.010000 3 0
2.010000 4 0
2.010000 5 0
2.010000 6 0
2.010000 7 0
2.010000 8 0
2.010000 9 0
3.010000 0 0
3.010000 1 0
3.010000 2 0
3.010000 3 0
3.010000 4 0
3.010000 5 0
3.010000 6 0
3.010000 7 0
3.010000 8 0
3.010000 9 0
4.010000 0 0
4.010000 1 0
4.010000 2 0
4.010000 3 0
4.010000 4 0
4.010000 5 0
4.010000 6 0
4.010000 7 0
4.010000 8 0
4.010000 9 0
5.010000 0 0
5.010000 1 0
5.010000 2 0
5.010000 3 0
5.010000 4 0
5.010000 5 0
5.010000 6 0
5.010000 7 0
5.010000 8 0
5.010000 9 0
6.010000 0 0
6.010000 1 0
6.010000 2 0
6.010000 3 0
6.010000 4 0
6.010000 5 0
6.010000 6 0
6.010000 7 0
6.010000 8 0
6.010000 9 0
7.010000 0 0
7.010000 1 0
7.010000 2 0
7.010000 3 0
7.010000 4 0
7.010000 5 0
7.010000 6 0
7.010000 7 0
7.010000 8 0
7.010000 9 0
8.010000 0 0
8.010000 1 0
8.010000 2 0
8.010000 3 0
8.010000 4 0
8.010000 5 0
8.010000 6 0
8.010000 7 0
8.010000 8 0
8.010000 9 0
9.010000 0 0
9.010000 1 0
9.010000 2 0
9.010000 3 0
9.010000 4 0
9.010000 5 0
9.010000 6 0
9.010000 7 0
9.010000 8 0
9.010000 9 0
10.010000 0 0
10.010000 1 0
10.010000 2 0
10.010000 3 0
10.010000 4 0
10.010000 5 0
10.010000 6 0
10.010000 7 0
10.010000 8 0
10.010000 9 0
11.010000 0 0
11.010000 1 0
11.010000 2 0
11.010000 3 0
11.010000 4 0
11.010000 5 0
11.010000 6 0
11.010000 7 0
11.010000 8 0
11.010000 9 0
12.010000 0 0
12.010000 1 0
12.010000 2 0
12.010000 3 0
12.010000 4 0
12.010000 5 0
12.010000 6 0
12.010000 7 0
12.010000 8 0
12.010000 9 0
13.010000 0 0
13.010000 1 0
13.010000 2 0
13.010000 3 0
13.010000 4 0
13.010000 5 0
13.010000 6 0
13.010000 7 0
13.010000 8 0
13.010000 9 0
14.010000 0 0
14.010000 1 0
14.010000 2 0
14.010000 3 0
14.010000 4 0
14.010000 5 0
14.010000 6 0
14.010000 7 0
14.010000 8 0
14.010000 9 0
15.010000 0 2
15.010000 1 2
15.010000 2 3
15.010000 3 3
15.010000 4 2
15.010000 5 3
15.010000 6 3
15.010000 7 3
15.010000 8 2
15.010000 9 3
16.010000 0 674
16.010000 1 676
16.010000 2 667
16.010000 3 376
16.010000 4 385
16.010000 5 688
16.010000 6 667
16.010000 7 676
16.010000 8 674
16.010000 9 688
17.010000 0 657
17.010000 1 640
17.010000 2 654
17.010000 3 385
17.010000 4 364
17.010000 5 670
17.010000 6 654
17.010000 7 650
17.010000 8 657
17.010000 9 670
18.010000 0 592
18.010000 1 580
18.010000 2 584
18.010000 3 363
18.010000 4 367
18.010000 5 616
18.010000 6 584
18.010000 7 594
18.010000 8 592
18.010000 9 616
19.010000 0 593
19.010000 1 598
19.010000 2 574
19.010000 3 357
19.010000 4 390
19.010000 5 624
19.010000 6 574
19.010000 7 608
19.010000 8 593
19.010000 9 624
20.010000 0 604
20.010000 1 594
20.010000 2 607
20.010000 3 421
20.010000 4 390
20.010000 5 640
20.010000 6 607
20.010000 7 584
20.010000 8 604
20.010000 9 640
21.010000 0 601
21.010000 1 606
21.010000 2 597
21.010000 3 391
21.010000 4 406
21.010000 5 642
21.010000 6 597
21.010000 7 609
21.010000 8 601
21.010000 9 642
22.010000 0 616
22.010000 1 617
22.010000 2 624
22.010000 3 407
22.010000 4 412
22.010000 5 661
22.010000 6 624
22.010000 7 629
22.010000 8 616
22.010000 9 661
23.010000 0 638
23.010000 1 624
23.010000 2 625
23.010000 3 436
23.010000 4 411
23.010000 5 669
23.010000 6 625
23.010000 7 611
23.010000 8 638
23.010000 9 669
24.010000 0 595
24.010000 1 605
24.010000 2 602
24.010000 3 383
24.010000 4 406
24.010000 5 641
24.010000 6 602
24.010000 7 614
24.010000 8 595
24.010000 9 641
25.010000 0 616
25.010000 1 608
25.010000 2 612
25.010000 3 420
25.010000 4 400
25.010000 5 652
25.010000 6 612
25.010000 7 604
25.010000 8 616
25.010000 9 652
26.010000 0 619
26.010000 1 651
26.010000 2 628
26.010000 3 397
26.010000 4 437
26.010000 5 674
26.010000 6 628
26.010000 7 638
26.010000 8 619
26.010000 9 674
27.010000 0 658
27.010000 1 688
27.010000 2 704
27.010000 3 445
27.010000 4 421
27.010000 5 714
27.010000 6 704
27.010000 7 654
27.010000 8 658
27.010000 9 714
28.010000 0 597
28.010000 1 614
28.010000 2 614
28.010000 3 399
28.010000 4 387
28.010000 5 638
28.010000 6 614
28.010000 7 579
28.010000 8 597
28.010000 9 638
29.010000 0 602
29.010000 1 619
29.010000 2 645
29.010000 3 402
29.010000 4 406
29.010000 5 661
29.010000 6 645
29.010000 7 631
29.010000 8 602
29.010000 9 661
30.010000 0 639
30.010000 1 681
30.010000 2 637
30.010000 3 406
30.010000 4 426
30.010000 5 681
30.010000 6 637
30.010000 7 616
30.010000 8 639
30.010000 9 681
31.010000 0 572
31.010000 1 581
31.010000 2 621
31.010000 3 407
31.010000 4 380
31.010000 5 629
31.010000 6 621
31.010000 7 584
31.010000 8 572
31.010000 9 629
32.010000 0 640
32.010000 1 662
32.010000 2 640
32.010000 3 407
32.010000 4 422
32.010000 5 680
32.010000 6 640
32.010000 7 629
32.010000 8 640
32.010000 9 680
33.010000 0 596
33.010000 1 610
33.010000 2 605
33.010000 3 392
33.010000 4 398
33.010000 5 640
33.010000 6 605
33.010000 7 599
33.010000 8 596
33.010000 9 640
34.010000 0 623
34.010000 1 625
34.010000 2 658
34.010000 3 431
34.010000 4 397
34.010000 5 671
34.010000 6 658
34.010000 7 621
34.010000 8 623
34.010000 9 671
35.010000 0 596
35.010000 1 628
35.010000 2 586
35.010000 3 376
35.010000 4 398
35.010000 5 632
35.010000 6 586
35.010000 7 576
35.010000 8 596
35.010000 9 632
36.010000 0 583
36.010000 1 612
36.010000 2 642
36.010000 3 400
36.010000 4 425
36.010000 5 660
36.010000 6 642
36.010000 7 638
36.010000 8 583
36.010000 9 660
37.010000 0 657
37.010000 1 673
37.010000 2 649
37.010000 3 435
37.010000 4 421
37.010000 5 691
37.010000 6 649
37.010000 7 620
37.010000 8 657
37.010000 9 691
38.010000 0 576
38.010000 1 581
38.010000 2 609
38.010000 3 394
38.010000 4 381
38.010000 5 627
38.010000 6 609
38.010000 7 594
38.010000 8 576
38.010000 9 627
39.010000 0 670
39.010000 1 678
39.010000 2 665
39.010000 3 439
39.010000 4 443
39.010000 5 710
39.010000 6 665
39.010000 7 655
39.010000 8 670
39.010000 9 710
40.010000 0 551
40.010000 1 561
40.010000 2 563
40.010000 3 367
40.010000 4 371
40.010000 5 593
40.010000 6 563
40.010000 7 552
40.010000 8 551
40.010000 9 593
41.010000 0 677
41.010000 1 669
41.010000 2 683
41.010000 3 452
41.010000 4 435
41.010000 5 717
41.010000 6 683
41.010000 7 669
41.010000 8 677
41.010000 9 717
42.010000 0 570
42.010000 1 593
42.010000 2 573
42.010000 3 365
42.010000 4 395
42.010000 5 615
42.010000 6 573
42.010000 7 579
42.010000 8 570
42.010000 9 615
43.010000 0 636
43.010000 1 630
43.010000 2 656
43.010000 3 442
43.010000 4 417
43.010000 5 684
43.010000 6 656
43.010000 7 639
43.010000 8 636
43.010000 9 684
44.010000 0 595
44.010000 1 617
44.010000 2 571
44.010000 3 368
44.010000 4 415
44.010000 5 632
44.010000 6 571
44.010000 7 594
44.010000 8 595
44.010000 9 632
45.010000 0 650
45.010000 1 644
45.010000 2 684
45.010000 3 461
45.010000 4 430
45.010000 5 706
45.010000 6 684
45.010000 7 661
45.010000 8 650
45.010000 9 706
46.010000 0 614
46.010000 1 622
46.010000 2 586
46.010000 3 385
46.010000 4 406
46.010000 5 642
46.010000 6 586
46.010000 7 597
46.010000 8 614
46.010000 9 642
47.010000 0 632
47.010000 1 622
47.010000 2 664
47.010000 3 442
47.010000 4 414
47.010000 5 684
47.010000 6 664
47.010000 7 646
47.010000 8 632
47.010000 9 684
48.010000 0 587
48.010000 1 587
48.010000 2 557
48.010000 3 360
48.010000 4 394
48.010000 5 613
48.010000 6 557
48.010000 7 580
48.010000 8 587
48.010000 9 613
49.010000 0 670
49.010000 1 594
49.010000 2 618
49.010000 3 425
49.010000 4 391
49.010000 5 672
49.010000 6 618
49.010000 7 662
49.010000 8 670
49.010000 9 672
50.010000 0 722
50.010000 1 728
50.010000 2 704
50.010000 3 437
50.010000 4 459
50.010000 5 754
50.010000 6 704
50.010000 7 720
50.010000 8 722
50.010000 9 754
51.010000 0 667
51.010000 1 603
51.010000 2 627
51.010000 3 414
51.010000 4 389
51.010000 5 673
51.010000 6 627
51.010000 7 665
51.010000 8 667
51.010000 9 673
52.010000 0 641
52.010000 1 617
52.010000 2 608
52.010000 3 377
52.010000 4 394
52.010000 5 657
52.010000 6 608
52.010000 7 648
52.010000 8 641
52.010000 9 657
53.010000 0 648
53.010000 1 608
53.010000 2 599
53.010000 3 386
53.010000 4 383
53.010000 5 652
53.010000 6 599
53.010000 7 636
53.010000 8 648
53.010000 9 652
54.010000 0 600
54.010000 1 584
54.010000 2 598
54.010000 3 387
54.010000 4 367
54.010000 5 626
54.010000 6 598
54.010000 7 594
54.010000 8 600
54.010000 9 626
55.010000 0 616
55.010000 1 587
55.010000 2 603
55.010000 3 384
55.010000 4 392
55.010000 5 644
55.010000 6 603
55.010000 7 638
55.010000 8 616
55.010000 9 644
56.010000 0 654
56.010000 1 629
56.010000 2 628
56.010000 3 403
56.010000 4 408
56.010000 5 676
56.010000 6 628
56.010000 7 658
56.010000 8 654
56.010000 9 676
57.010000 0 666
57.010000 1 632
57.010000 2 607
57.010000 3 399
57.010000 4 404
57.010000 5 670
57.010000 6 607
57.010000 7 642
57.010000 8 666
57.010000 9 670
58.010000 0 620
58.010000 1 590
58.010000 2 594
58.010000 3 392
58.010000 4 392
58.010000 5 642
58.010000 6 594
58.010000 7 622
58.010000 8 620
58.010000 9 642
59.010000 0 619
59.010000 1 600
59.010000 2 613
59.010000 3 386
59.010000 4 392
59.010000 5 650
59.010000 6 613
59.010000 7 640
59.010000 8 619
59.010000 9 650
60.010000 0 667
60.010000 1 620
60.010000 2 627
60.010000 3 427
60.010000 4 406
60.010000 5 679
60.010000 6 627
60.010000 7 648
60.010000 8 667
60.010000 9 679
61.010000 0 616
61.010000 1 592
61.010000 2 590
61.010000 3 388
61.010000 4 392
61.010000 5 639
61.010000 6 590
61.010000 7 617
61.010000 8 616
61.010000 9 639
62.010000 0 623
62.010000 1 615
62.010000 2 609
62.010000 3 391
62.010000 4 413
62.010000 5 658
62.010000 6 609
62.010000 7 639
62.010000 8 623
62.010000 9 658
63.010000 0 630
63.010000 1 606
63.010000 2 600
63.010000 3 409
63.010000 4 391
63.010000 5 650
63.010000 6 600
63.010000 7 614
63.010000 8 630
63.010000 9 650
64.010000 0 643
64.010000 1 614
64.010000 2 629
64.010000 3 414
64.010000 4 412
64.010000 5 673
64.010000 6 629
64.010000 7 653
64.010000 8 643
64.010000 9 673
65.010000 0 624
65.010000 1 590
65.010000 2 593
65.010000 3 404
65.010000 4 393
65.010000 5 644
65.010000 6 593
65.010000 7 616
65.010000 8 624
65.010000 9 644
66.010000 0 596
66.010000 1 594
66.010000 2 574
66.010000 3 400
66.010000 4 437
66.010000 5 643
66.010000 6 574
66.010000 7 614
66.010000 8 596
66.010000 9 643
67.010000 0 645
67.010000 1 617
67.010000 2 622
67.010000 3 432
67.010000 4 421
67.010000 5 675
67.010000 6 622
67.010000 7 638
67.010000 8 645
67.010000 9 675
68.010000 0 629
68.010000 1 616
68.010000 2 606
68.010000 3 411
68.010000 4 419
68.010000 5 662
68.010000 6 606
68.010000 7 629
68.010000 8 629
68.010000 9 662
69.010000 0 620
69.010000 1 605
69.010000 2 608
69.010000 3 421
69.010000 4 418
69.010000 5 659
69.010000 6 608
69.010000 7 623
69.010000 8 620
69.010000 9 659
70.010000 0 596
70.010000 1 581
70.010000 2 585
70.010000 3 406
70.010000 4 394
70.010000 5 631
70.010000 6 585
70.010000 7 593
70.010000 8 596
70.010000 9 631
71.010000 0 658
71.010000 1 655
71.010000 2 636
71.010000 3 437
71.010000 4 441
71.010000 5 694
71.010000 6 636
71.010000 7 643
71.010000 8 658
71.010000 9 694
72.010000 0 613
72.010000 1 598
72.010000 2 621
72.010000 3 406
72.010000 4 411
72.010000 5 657
72.010000 6 621
72.010000 7 636
72.010000 8 613
72.010000 9 657
73.010000 0 652
73.010000 1 636
73.010000 2 638
73.010000 3 438
73.010000 4 418
73.010000 5 683
73.010000 6 638
73.010000 7 633
73.010000 8 652
73.010000 9 683
74.010000 0 601
74.010000 1 614
74.010000 2 587
74.010000 3 385
74.010000 4 400
74.010000 5 636
74.010000 6 587
74.010000 7 593
74.010000 8 601
74.010000 9 636
75.010000 0 642
75.010000 1 674
75.010000 2 697
75.010000 3 430
75.010000 4 431
75.010000 5 708
75.010000 6 697
75.010000 7 666
75.010000 8 642
75.010000 9 708
76.010000 0 596
76.010000 1 616
76.010000 2 588
76.010000 3 379
76.010000 4 386
76.010000 5 628
76.010000 6 588
76.010000 7 575
76.010000 8 596
76.010000 9 628
77.010000 0 616
77.010000 1 630
77.010000 2 666
77.010000 3 429
77.010000 4 398
77.010000 5 672
77.010000 6 666
77.010000 7 621
77.010000 8 616
77.010000 9 672
78.010000 0 635
78.010000 1 651
78.010000 2 633
78.010000 3 408
78.010000 4 417
78.010000 5 674
78.010000 6 633
78.010000 7 626
78.010000 8 635
78.010000 9 674
79.010000 0 562
79.010000 1 589
79.010000 2 584
79.010000 3 364
79.010000 4 383
79.010000 5 612
79.010000 6 584
79.010000 7 578
79.010000 8 562
79.010000 9 612
80.010000 0 634
80.010000 1 648
80.010000 2 664
80.010000 3 436
80.010000 4 412
80.010000 5 684
80.010000 6 664
80.010000 7 626
80.010000 8 634
80.010000 9 684
81.010000 0 594
81.010000 1 615
81.010000 2 596
81.010000 3 385
81.010000 4 390
81.010000 5 632
81.010000 6 596
81.010000 7 580
81.010000 8 594
81.010000 9 632
82.010000 0 602
82.010000 1 605
82.010000 2 636
82.010000 3 413
82.010000 4 394
82.010000 5 652
82.010000 6 636
82.010000 7 610
82.010000 8 602
82.010000 9 652
83.010000 0 565
83.010000 1 583
83.010000 2 555
83.010000 3 357
83.010000 4 397
83.010000 5 607
83.010000 6 555
83.010000 7 578
83.010000 8 565
83.010000 9 607
84.010000 0 709
84.010000 1 719
84.010000 2 709
84.010000 3 463
84.010000 4 455
84.010000 5 749
84.010000 6 709
84.010000 7 690
84.010000 8 709
84.010000 9 749
85.010000 0 574
85.010000 1 572
85.010000 2 588
85.010000 3 388
85.010000 4 374
85.010000 5 614
85.010000 6 588
85.010000 7 574
85.010000 8 574
85.010000 9 614
86.010000 0 667
86.010000 1 666
86.010000 2 674
86.010000 3 450
86.010000 4 439
86.010000 5 713
86.010000 6 674
86.010000 7 669
86.010000 8 667
86.010000 9 713
87.010000 0 570
87.010000 1 589
87.010000 2 572
87.010000 3 365
87.010000 4 384
87.010000 5 610
87.010000 6 572
87.010000 7 570
87.010000 8 570
87.010000 9 610
88.010000 0 643
88.010000 1 661
88.010000 2 680
88.010000 3 442
88.010000 4 444
88.010000 5 707
88.010000 6 680
88.010000 7 665
88.010000 8 643
88.010000 9 707
89.010000 0 625
89.010000 1 624
89.010000 2 595
89.010000 3 409
89.010000 4 395
89.010000 5 645
89.010000 6 595
89.010000 7 577
89.010000 8 625
89.010000 9 645
90.010000 0 608
90.010000 1 617
90.010000 2 654
90.010000 3 421
90.010000 4 417
90.010000 5 672
90.010000 6 654
90.010000 7 643
90.010000 8 608
90.010000 9 672
91.010000 0 616
91.010000 1 625
91.010000 2 588
91.010000 3 394
91.010000 4 407
91.010000 5 644
91.010000 6 588
91.010000 7 590
91.010000 8 616
91.010000 9 644
92.010000 0 590
92.010000 1 586
92.010000 2 631
92.010000 3 413
92.010000 4 395
92.010000 5 647
92.010000 6 631
92.010000 7 620
92.010000 8 590
92.010000 9 647
93.010000 0 619
93.010000 1 627
93.010000 2 582
93.010000 3 409
93.010000 4 438
93.010000 5 655
93.010000 6 582
93.010000 7 600
93.010000 8 619
93.010000 9 655
94.010000 0 610
94.010000 1 600
94.010000 2 628
94.010000 3 429
94.010000 4 413
94.010000 5 660
94.010000 6 628
94.010000 7 620
94.010000 8 610
94.010000 9 660
95.010000 0 644
95.010000 1 657
95.010000 2 641
95.010000 3 428
95.010000 4 450
95.010000 5 694
95.010000 6 641
95.010000 7 650
95.010000 8 644
95.010000 9 694
96.010000 0 630
96.010000 1 613
96.010000 2 611
96.010000 3 444
96.010000 4 411
96.010000 5 661
96.010000 6 611
96.010000 7 596
96.010000 8 630
96.010000 9 661
97.010000 0 594
97.010000 1 593
97.010000 2 625
97.010000 3 419
97.010000 4 422
97.010000 5 656
97.010000 6 625
97.010000 7 627
97.010000 8 594
97.010000 9 656
98.010000 0 630
98.010000 1 656
98.010000 2 612
98.010000 3 418
98.010000 4 448
98.010000 5 676
98.010000 6 612
98.010000 7 616
98.010000 8 630
98.010000 9 676
99.010000 0 635
99.010000 1 666
99.010000 2 703
99.010000 3 481
99.010000 4 433
99.010000 5 709
99.010000 6 703
99.010000 7 627
99.010000 8 635
99.010000 9 709
100.010000 0 573
100.010000 1 607
100.010000 2 581
100.010000 3 382
100.010000 4 408
100.010000 5 625
100.010000 6 581
100.010000 7 574
100.010000 8 573
100.010000 9 625
101.010000 0 575
101.010000 1 617
101.010000 2 632
101.010000 3 405
101.010000 4 426
101.010000 5 653
101.010000 6 632
101.010000 7 610
101.010000 8 575
101.010000 9 653
102.010000 0 638
102.010000 1 662
102.010000 2 655
102.010000 3 439
102.010000 4 432
102.010000 5 690
102.010000 6 655
102.010000 7 624
102.010000 8 638
102.010000 9 690
103.010000 0 616
103.010000 1 623
103.010000 2 624
103.010000 3 436
103.010000 4 410
103.010000 5 660
103.010000 6 624
103.010000 7 591
103.010000 8 616
103.010000 9 660
104.010000 0 585
104.010000 1 618
104.010000 2 629
104.010000 3 400
104.010000 4 410
104.010000 5 650
104.010000 6 629
104.010000 7 608
104.010000 8 585
104.010000 9 650
105.010000 0 595
105.010000 1 583
105.010000 2 607
105.010000 3 404
105.010000 4 392
105.010000 5 635
105.010000 6 607
105.010000 7 594
105.010000 8 595
105.010000 9 635
106.010000 0 659
106.010000 1 675
106.010000 2 632
106.010000 3 419
106.010000 4 425
106.010000 5 688
106.010000 6 632
106.010000 7 630
106.010000 8 659
106.010000 9 688
107.010000 0 606
107.010000 1 617
107.010000 2 650
107.010000 3 423
107.010000 4 400
107.010000 5 662
107.010000 6 650
107.010000 7 614
107.010000 8 606
107.010000 9 662
108.010000 0 646
108.010000 1 653
108.010000 2 650
108.010000 3 431
108.010000 4 452
108.010000 5 700
108.010000 6 650
108.010000 7 668
108.010000 8 646
108.010000 9 700
109.010000 0 649
109.010000 1 607
109.010000 2 612
109.010000 3 435
109.010000 4 427
109.010000 5 675
109.010000 6 612
109.010000 7 645
109.010000 8 649
109.010000 9 675
110.010000 0 626
110.010000 1 597
110.010000 2 593
110.010000 3 415
110.010000 4 401
110.010000 5 648
110.010000 6 593
110.010000 7 608
110.010000 8 626
110.010000 9 648
111.010000 0 603
111.010000 1 583
111.010000 2 584
111.010000 3 398
111.010000 4 396
111.010000 5 633
111.010000 6 584
111.010000 7 601
111.010000 8 603
111.010000 9 633
112.010000 0 617
112.010000 1 608
112.010000 2 588
112.010000 3 386
112.010000 4 417
112.010000 5 649
112.010000 6 588
112.010000 7 629
112.010000 8 617
112.010000 9 649
113.010000 0 620
113.010000 1 605
113.010000 2 616
113.010000 3 419
113.010000 4 410
113.010000 5 658
113.010000 6 616
113.010000 7 620
113.010000 8 620
113.010000 9 658
114.010000 0 631
114.010000 1 614
114.010000 2 609
114.010000 3 403
114.010000 4 398
114.010000 5 655
114.010000 6 609
114.010000 7 620
114.010000 8 631
114.010000 9 655
115.010000 0 624
115.010000 1 616
115.010000 2 593
115.010000 3 388
115.010000 4 427
115.010000 5 658
115.010000 6 593
115.010000 7 642
115.010000 8 624
115.010000 9 658
116.010000 0 640
116.010000 1 606
116.010000 2 646
116.010000 3 445
116.010000 4 411
116.010000 5 678
116.010000 6 646
116.010000 7 642
116.010000 8 640
116.010000 9 678
117.010000 0 632
117.010000 1 620
117.010000 2 600
117.010000 3 407
117.010000 4 397
117.010000 5 652
117.010000 6 600
117.010000 7 604
117.010000 8 632
117.010000 9 652
118.010000 0 638
118.010000 1 664
118.010000 2 658
118.010000 3 398
118.010000 4 439
118.010000 5 694
118.010000 6 658
118.010000 7 673
118.010000 8 638
118.010000 9 694
119.010000 0 619
119.010000 1 643
119.010000 2 667
119.010000 3 415
119.010000 4 391
119.010000 5 671
119.010000 6 667
119.010000 7 620
119.010000 8 619
119.010000 9 671
120.010000 0 600
120.010000 1 626
120.010000 2 604
120.010000 3 387
120.010000 4 386
120.010000 5 636
120.010000 6 604
120.010000 7 577
120.010000 8 600
120.010000 9 636
121.010000 0 603
121.010000 1 600
121.010000 2 629
121.010000 3 403
121.010000 4 376
121.010000 5 643
121.010000 6 629
121.010000 7 604
121.010000 8 603
121.010000 9 643
122.010000 0 630
122.010000 1 646
122.010000 2 637
122.010000 3 411
122.010000 4 420
122.010000 5 675
122.010000 6 637
122.010000 7 631
122.010000 8 630
122.010000 9 675
123.010000 0 600
123.010000 1 630
123.010000 2 615
123.010000 3 389
123.010000 4 406
123.010000 5 648
123.010000 6 615
123.010000 7 600
123.010000 8 600
123.010000 9 648
124.010000 0 595
124.010000 1 612
124.010000 2 628
124.010000 3 397
124.010000 4 396
124.010000 5 648
124.010000 6 628
124.010000 7 612
124.010000 8 595
124.010000 9 648
125.010000 0 636
125.010000 1 648
125.010000 2 634
125.010000 3 416
125.010000 4 415
125.010000 5 674
125.010000 6 634
125.010000 7 621
125.010000 8 636
125.010000 9 674
126.010000 0 581
126.010000 1 597
126.010000 2 602
126.010000 3 390
126.010000 4 389
126.010000 5 629
126.010000 6 602
126.010000 7 586
126.010000 8 581
126.010000 9 629
127.010000 0 633
127.010000 1 647
127.010000 2 653
127.010000 3 422
127.010000 4 422
127.010000 5 683
127.010000 6 653
127.010000 7 638
127.010000 8 633
127.010000 9 683
128.010000 0 619
128.010000 1 637
128.010000 2 618
128.010000 3 404
128.010000 4 409
128.010000 5 659
128.010000 6 618
128.010000 7 608
128.010000 8 619
128.010000 9 659
129.010000 0 607
129.010000 1 626
129.010000 2 652
129.010000 3 415
129.010000 4 411
129.010000 5 668
129.010000 6 652
129.010000 7 629
129.010000 8 607
129.010000 9 668
130.010000 0 650
130.010000 1 650
130.010000 2 633
130.010000 3 428
130.010000 4 415
130.010000 5 678
130.010000 6 633
130.010000 7 614
130.010000 8 650
130.010000 9 678
131.010000 0 600
131.010000 1 592
131.010000 2 595
131.010000 3 416
131.010000 4 417
131.010000 5 644
131.010000 6 595
131.010000 7 600
131.010000 8 600
131.010000 9 644
132.010000 0 678
132.010000 1 630
132.010000 2 630
132.010000 3 425
132.010000 4 441
132.010000 5 700
132.010000 6 630
132.010000 7 696
132.010000 8 678
132.010000 9 700
133.010000 0 606
133.010000 1 566
133.010000 2 570
133.010000 3 385
133.010000 4 401
133.010000 5 630
133.010000 6 570
133.010000 7 622
133.010000 8 606
133.010000 9 630
134.010000 0 690
134.010000 1 634
134.010000 2 644
134.010000 3 461
134.010000 4 420
134.010000 5 702
134.010000 6 644
134.010000 7 661
134.010000 8 690
134.010000 9 702
135.010000 0 564
135.010000 1 568
135.010000 2 542
135.010000 3 354
135.010000 4 384
135.010000 5 594
135.010000 6 542
135.010000 7 558
135.010000 8 564
135.010000 9 594
136.010000 0 663
136.010000 1 632
136.010000 2 659
136.010000 3 438
136.010000 4 440
136.010000 5 704
136.010000 6 659
136.010000 7 688
136.010000 8 663
136.010000 9 704
137.010000 0 634
137.010000 1 608
137.010000 2 589
137.010000 3 407
137.010000 4 386
137.010000 5 644
137.010000 6 589
137.010000 7 596
137.010000 8 634
137.010000 9 644
138.010000 0 592
138.010000 1 586
138.010000 2 606
138.010000 3 395
138.010000 4 397
138.010000 5 638
138.010000 6 606
138.010000 7 614
138.010000 8 592
138.010000 9 638
139.010000 0 641
139.010000 1 649
139.010000 2 610
139.010000 3 394
139.010000 4 442
139.010000 5 677
139.010000 6 610
139.010000 7 649
139.010000 8 641
139.010000 9 677
140.010000 0 640
140.010000 1 590
140.010000 2 622
140.010000 3 441
140.010000 4 383
140.010000 5 658
140.010000 6 622
140.010000 7 614
140.010000 8 640
140.010000 9 658
141.010000 0 610
141.010000 1 606
141.010000 2 614
141.010000 3 391
141.010000 4 411
141.010000 5 654
141.010000 6 614
141.010000 7 638
141.010000 8 610
141.010000 9 654
142.010000 0 627
142.010000 1 646
142.010000 2 609
142.010000 3 412
142.010000 4 454
142.010000 5 676
142.010000 6 609
142.010000 7 632
142.010000 8 627
142.010000 9 676
143.010000 0 646
143.010000 1 657
143.010000 2 698
143.010000 3 475
143.010000 4 412
143.010000 5 702
143.010000 6 698
143.010000 7 622
143.010000 8 646
143.010000 9 702
144.010000 0 579
144.010000 1 605
144.010000 2 585
144.010000 3 381
144.010000 4 399
144.010000 5 625
144.010000 6 585
144.010000 7 576
144.010000 8 579
144.010000 9 625
145.010000 0 577
145.010000 1 605
145.010000 2 608
145.010000 3 387
145.010000 4 401
145.010000 5 635
145.010000 6 608
145.010000 7 597
145.010000 8 577
145.010000 9 635
146.010000 0 630
146.010000 1 652
146.010000 2 650
146.010000 3 418
146.010000 4 428
146.010000 5 683
146.010000 6 650
146.010000 7 637
146.010000 8 630
146.010000 9 683
147.010000 0 624
147.010000 1 629
147.010000 2 635
147.010000 3 423
147.010000 4 407
147.010000 5 666
147.010000 6 635
147.010000 7 612
147.010000 8 624
147.010000 9 666
148.010000 0 622
148.010000 1 631
148.010000 2 639
148.010000 3 434
148.010000 4 404
148.010000 5 666
148.010000 6 639
148.010000 7 600
148.010000 8 622
148.010000 9 666
149.010000 0 569
149.010000 1 606
149.010000 2 595
149.010000 3 361
149.010000 4 406
149.010000 5 628
149.010000 6 595
149.010000 7 603
149.010000 8 569
149.010000 9 628
